-1.7826538,6.378067,6.784851,0.10309088,-0.4751072,-0.62790775,0.035235405,0.007940529,9.013355
-1.7850494,6.3720856,6.7944183,0.15523016,-0.5449295,-0.65393305,0.07854462,0.0465705,8.946222
-1.853241,6.3349915,6.825531,0.16174316,-0.40085602,-0.5932617,-0.0055980682,0.08124109,9.0771475
-1.8747711,6.3553314,6.7657013,0.07321,-0.07636452,-0.46895027,-0.2057333,0.056923665,9.375908
-1.8424683,6.3936157,6.7501526,-0.13234067,-0.03609705,-0.31502914,-0.17485595,0.14360142,9.548069
-1.8723907,6.374481,6.652054,-0.23036051,-0.081737995,-0.36473703,-0.19106293,-0.24155293,9.493718
-1.9501495,6.3672943,6.7872467,-0.03546524,-0.39228582,-0.513082,-0.009232521,-0.11040834,9.169371
-1.9346008,6.34935,6.9188538,0.17354202,-0.4822154,-0.5322571,0.078157425,0.07941009,9.076219
-1.8891296,6.36969,6.8650055,0.18953216,-0.4899726,-0.5581975,0.06838989,0.09521606,9.04913
-1.8807526,6.4319,6.7010956,0.17873812,-0.2700901,-0.52351665,0.10482103,0.10983467,9.210066
-1.8269196,6.374481,6.776474,0.012125254,-0.17690945,-0.3477087,-0.07462168,-0.02127482,9.424126
-1.8843536,6.378067,6.866211,-0.09903872,-0.25827932,-0.014809608,0.17637062,-0.14666444,9.651348
-1.8999023,6.4366913,6.8889313,-0.13664532,-0.37400723,0.12632656,0.34638357,-0.20723957,9.699033
-1.8209381,6.354141,6.829117,-0.026220083,-0.51111364,-0.008112431,0.38836718,-0.12681428,9.498302
-1.8005981,6.364914,6.7585297,-0.101408005,-0.5136237,-0.017293453,0.37337208,-0.20233475,9.499982
-1.8137665,6.3637085,6.6185455,0.037956357,-0.4053192,-0.046295166,0.29406977,-0.04506628,9.524942
-1.8699951,6.4079742,6.7046814,0.09902656,-0.17711258,-0.08670521,0.102015495,0.061045133,9.62075
-1.8604126,6.3924255,6.845871,0.025428057,-0.15402079,-0.10517597,0.06103325,-0.00643616,9.628707
-1.8628082,6.3708954,6.8518524,9.5939636E-4,-0.16166973,-0.11226463,0.05871296,-0.032187767,9.621561
-1.9046936,6.3397827,6.71904,0.046517134,-0.23368502,-0.3371663,-0.0056626797,0.012963295,9.394032
-1.8915253,6.34816,6.602997,0.055583358,-0.24866915,-0.43991804,-0.012672424,0.06307125,9.302354
-1.8963165,6.3804626,6.579071,-0.026643038,-0.19786406,-0.5258045,-0.17225122,-0.06750065,9.2755165
-1.8556366,6.381653,6.5168457,-0.046732545,-0.11591339,-0.5125017,-0.2321701,-0.06974781,9.338132
-1.8927155,6.317047,6.5778656,-0.20718825,-0.056045055,-0.55978537,-0.33548975,-0.21362622,9.358055
-1.8807526,6.366104,6.7872467,-0.029516459,-0.24926853,-0.44417048,-0.10195935,0.05944729,9.310299
-1.8783722,6.3804626,6.9439697,0.33986664,-0.12368202,-0.26985645,-0.0147128105,0.3071643,9.476403
-1.8448639,6.2895355,6.8530426,0.051428676,-0.2346406,-0.3310213,-0.01292944,0.0023460314,9.397866
-1.9082794,6.320648,6.6999054,-0.009040713,-0.25781822,-0.38715887,-0.039530277,-0.06164886,9.347216
-1.9417725,6.4091797,6.5730896,0.39399278,-0.39656305,-0.4026265,0.117079735,0.3090932,9.202204
-1.8903351,6.401993,6.715454,0.26818883,-0.33632135,-0.36744165,0.07279873,0.197802,9.281651
-1.8245239,6.3421783,6.857834,-0.0039532185,-0.32156134,-0.44303608,-0.02543974,-0.06676926,9.2638855
-1.8723907,6.2907257,6.825531,-0.084575176,-0.30664492,-0.38776016,-0.014623642,-0.14291424,9.326125
-1.8783722,6.3098755,6.702301,-0.14599216,-0.24697638,-0.11053753,0.10199404,-0.19070822,9.588118
-1.9130554,6.3349915,6.6711884,-0.30962563,-0.3336048,-0.1498251,-0.31497478,-0.22534037,9.524481
-1.8460693,6.3098755,6.653244,-0.21945047,-0.36715508,-0.26589537,0.090022564,-0.28549072,9.401616
-1.9262238,6.30748,6.747757,0.07418525,-0.38587236,-0.49959183,0.004898548,1.2128055E-4,9.171065
-1.9884338,6.332611,6.806381,0.29491687,-0.23469591,-0.5941,-0.14046383,0.24572432,9.162521
-2.013565,6.299103,6.850647,0.2590376,-0.25397873,-0.57952166,-0.12390518,0.2077717,9.167175
-1.8915253,6.2703857,6.8614197,0.12450755,-0.36326075,-0.4209485,0.040066242,0.057139482,9.241152
-1.8795624,6.251251,6.9355927,0.06608105,-0.5860629,-0.15863085,0.07236755,-0.36288166,9.32077
-1.8687897,6.3936157,6.652054,0.07927072,-0.6615143,-0.15025043,0.4350891,-0.03652449,9.281462
-1.8544312,6.381653,6.632904,0.06967056,-0.6969657,-0.35660648,0.33671522,-0.052027937,9.098342
-1.750351,6.3182526,6.7872467,0.0066717863,-0.45993614,-0.5972247,-0.07279801,-0.018272877,9.056564
-1.7455597,6.2931213,6.7166595,-0.05490899,-0.21379375,-0.734045,-0.28666687,-0.094836414,9.102113
-1.8400879,6.3912354,6.521637,-0.28536916,-0.15870237,-0.6598468,-0.31419754,-0.31372786,9.219389
-1.9752808,6.3637085,6.604187,-0.30189323,-0.26920414,-0.3964486,-0.35519254,-0.022397518,9.366062
-1.8747711,6.357727,6.8243256,-0.04809463,-0.4008355,-0.28038597,0.14641285,-0.1256668,9.354578
-1.9034882,6.366104,6.90329,0.039746523,-0.52331924,-0.094329834,0.3708496,-0.063049525,9.428714
-1.9178467,6.3517456,6.845871,0.10011506,-0.6195102,0.120238304,0.58531,-0.02206996,9.551312
-1.9465637,6.3720856,6.8195496,0.12544346,-0.53988886,-0.058963776,0.42648268,0.017527241,9.448185
-1.8987122,6.4331055,6.7322083,0.33580673,-0.31898594,-0.16603851,0.2214508,0.2668394,9.457591
-1.8675995,6.415161,6.6963196,0.3014878,-0.17865229,-0.33360386,0.00946188,0.26008123,9.398765
-1.8412781,6.312271,6.726227,-0.2730974,-0.13316202,-0.32742977,-0.112856865,-0.29531825,9.491096
-1.8975067,6.3960114,6.7094727,0.0024416447,-0.14781857,-0.28472042,-0.033135414,-0.027071163,9.488703
-1.8771667,6.440277,6.681961,-0.068520546,-0.48669147,-0.3928318,-0.10149264,-0.21873355,9.2255
-1.8412781,6.419937,6.88295,-0.083137155,-0.5056095,-0.31273365,0.23659849,-0.18008783,9.285167
-1.8029938,6.34816,6.817154,0.27333152,-0.12071562,0.2712555,0.2899313,0.24626713,9.941387
-1.8412781,6.435501,6.599411,-0.056803703,-0.22185946,0.42964077,0.4069624,-0.09501407,10.056437
-1.9393768,6.435501,6.5371857,-0.0022708178,-0.1704073,0.4747572,0.3988948,-0.030433834,10.113888
-1.8831482,6.2799683,6.952347,0.16076791,-0.18430948,0.24877739,0.21614945,-0.25875998,9.896258
-1.9633179,6.2847443,6.847061,-0.027064323,-0.19061184,-0.1535883,0.06511021,-0.061430164,9.577212
-1.9812622,6.332611,6.6604156,-0.040660262,-0.27706623,-0.26243877,0.069344044,-0.090461984,9.440179
-1.9740753,6.4366913,6.612564,0.014826775,-0.32907152,-0.28087807,0.102508545,-0.043876126,9.38836
-1.9118652,6.3672943,6.8901367,0.06170082,-0.21652317,-0.72436047,-0.24728823,0.017225794,9.089754
-1.8843536,6.3062897,6.899704,0.06507254,-0.1774025,-0.8379736,-0.051139355,0.35602045,9.026561
-1.8963165,6.3026886,6.8159485,-0.01778078,-0.19516039,-0.842021,-0.36591148,-0.05938737,9.025635
-1.8891296,6.399597,6.735794,-0.15622258,-0.35330486,-0.5482893,-0.08643818,-0.2194394,9.178777
-1.8065796,6.4450684,6.6927185,-0.18183517,-0.42918968,-0.54965353,-0.034994125,-0.25743106,9.134422
-1.8257294,6.3397827,6.67717,-0.036335945,-0.49384737,-0.43745422,0.1006484,-0.12307386,9.165328
-1.8257294,6.3421783,6.6065826,0.18915725,-0.5942464,-0.3887596,0.23206997,0.08575666,9.114674
-1.9393768,6.3756714,6.611374,0.22289717,-0.43971062,-0.666307,-0.061478138,0.1411286,8.99222
-1.9429779,6.3302155,6.7621155,0.25815415,-0.4391446,-0.70667744,-0.090528965,0.17668515,8.958434
-1.910675,6.3026886,6.8841553,0.32195246,-0.55357885,-0.62719727,0.050700665,0.22485766,8.940424
-1.8987122,6.3601227,6.7704926,0.11629534,-0.5406842,-0.5887003,0.04138279,0.025823116,9.000391
-1.8771667,6.376877,6.619751,0.09405136,-0.49935007,-0.62599134,-0.017352104,0.009799011,9.000633
-1.902298,6.3026886,6.5934296,0.20497727,-0.333014,-0.73530054,-0.20302296,0.14357942,9.011826
-1.8520508,6.3338013,6.6472626,0.053673863,-0.26680517,-0.5300474,-0.13647318,0.0070583,9.226701
-1.8640137,6.3792725,6.7417755,0.037863016,-0.2536726,-0.3517871,-0.032057762,-0.004396878,9.372495
-1.9178467,6.3720856,6.723831,-0.052612066,-0.1862793,-0.098155975,-0.06480682,-0.086788654,9.618581
-1.915451,6.34816,6.67717,-0.083961606,-0.22108841,0.122677326,0.23753738,-0.11462892,9.769026
-1.902298,6.30867,6.632904,-0.17470872,-0.21385384,0.34149504,0.36245108,-0.20078123,9.952222
-1.8987122,6.3182526,6.6676025,-0.049566627,-0.3664112,0.3293786,0.48414612,-0.10008588,9.834749
-1.9704895,6.32782,6.8817596,0.26001096,-0.41597605,-0.091303825,0.28751373,0.19470006,9.448314
-1.9250183,6.352951,6.817154,0.1955105,-0.44895267,-0.1414423,0.27396297,0.12626898,9.39581
-1.8628082,6.3385925,6.5886383,0.165779,-0.33288193,-0.11508179,0.19904518,0.11391731,9.492102
-1.8987122,6.3924255,6.5060883,-0.15120065,-0.08404398,0.07755995,0.09739733,-0.16102788,9.829552
-1.8831482,6.32782,6.6711884,-0.29560888,-0.020339489,0.236732,0.13252878,-0.2924997,10.008444
-1.9142609,6.30867,6.788437,-0.29078436,-0.001493454,0.25717115,0.1304698,-0.28449625,10.036289
-1.8975067,6.32901,6.826721,-0.68049586,0.01803255,-0.083081245,-0.68251586,-0.062217712,9.831211
-1.8831482,6.3589325,6.644867,-0.37896407,-0.33541727,-0.30506897,0.013103962,-0.43343186,9.405214
-1.915451,6.3876343,6.726227,0.11655235,-0.4148035,-0.41020155,0.065317154,0.040380254,9.216723
-1.9800568,6.32782,6.798004,0.31023288,-0.35651922,-0.5150175,-0.027619362,0.24144512,9.15126
-1.9585266,6.233307,6.6927185,0.3254373,-0.31694794,-0.40523767,0.012982845,0.2652489,9.258875
-1.9812622,6.439087,6.4654083,0.3083415,-0.3002324,-0.38479376,0.24385929,0.06435919,9.287353
-1.9525452,6.4785614,6.504883,0.18750155,-0.36697865,-0.42106247,0.02073431,0.1224965,9.230726
-1.8747711,6.3098755,6.7369995,0.23199773,-0.44829893,-0.6013708,-0.0331192,0.15214083,9.037106
-1.910675,6.283554,6.788437,0.19953978,-0.49682283,-0.7393203,-0.0918355,0.11084843,8.905251
-1.9537354,6.273987,6.8901367,0.124263525,-0.46432114,-1.1619897,-0.4025674,0.033937603,8.615833
-1.8891296,6.3182526,7.0301056,0.13982975,-0.42080545,-1.2055221,-0.06412959,0.46237063,8.6099825
-1.832901,6.34935,7.080368,0.10517669,-0.46161366,-1.1327033,-0.38719463,0.012257129,8.6417055
-1.8652039,6.356537,6.73938,-0.4404955,-0.706676,-0.6815319,0.0337224,-0.56243294,8.889893
-1.8771667,6.3876343,6.428314,-0.46334922,-0.8201103,-0.32727146,0.35072803,-0.6075943,9.097989
-1.9740753,6.4654083,6.5862427,-0.3686608,-0.78194666,-0.15543747,0.4457631,-0.5105417,9.247942
-1.9333954,6.4570313,6.7333984,-0.019129992,-0.5296836,0.30521345,0.5951128,-0.11484608,9.724574
-1.9884338,6.419937,6.9044952,0.12204206,-0.3805437,0.36698103,0.5381532,0.054007143,9.849741
-2.0027924,6.34816,6.7609253,0.18128526,-0.388875,0.40600634,0.57611465,0.113112986,9.871662
-2.0087738,6.3385925,6.8231354,0.20984924,-0.23767328,0.42804527,0.47457552,0.1706139,9.978162
-1.9429779,6.3888397,6.8147583,0.08854365,-0.030893326,0.09450674,0.0932641,0.08346705,9.852048
-1.9477539,6.435501,6.6376953,0.094863415,-0.019296646,-0.017058372,0.016407967,0.089723766,9.770006
-1.9142609,6.4295197,6.562317,0.22842765,0.042178154,-0.25627995,-0.1632905,0.22706293,9.603141
-1.9082794,6.3672943,6.777664,0.25089598,-0.047911167,-0.35963202,-0.15731621,0.23230094,9.466258
-1.8855438,6.273987,7.00618,0.24305665,-0.061477184,-0.34808826,-0.14283991,0.22258316,9.468901
-1.8257294,6.336197,6.8949127,-0.3300693,-0.21768475,-0.30805683,-0.063130856,-0.36698043,9.471133
-1.7946167,6.4031982,6.7381897,-0.70015025,-0.10446739,0.07021904,-0.6533146,-0.27217197,9.878458
-1.807785,6.406784,6.6999054,-0.57804585,-0.4625101,0.10510731,0.35233498,-0.64555395,9.671667
-1.927414,6.275177,6.7250214,-0.43542314,-0.3176155,0.038015366,0.21394491,-0.48278618,9.692357
-1.9082794,6.2727814,6.754944,-0.20353031,-0.2008338,-0.41701078,-0.13474846,-0.24124041,9.383207
-1.9178467,6.3062897,6.6305084,-0.15252423,-0.19968271,-0.48212528,-0.17370749,-0.19053909,9.328004
-1.9333954,6.3924255,6.4917297,0.1210525,-0.21581984,-0.6265297,0.017191648,0.23721218,9.176408
-1.9656982,6.34816,6.673584,0.20659673,-0.16984987,-0.583776,0.110710025,0.26106215,9.23053
-1.9034882,6.3840485,6.7609253,0.16416156,-0.23786926,-0.5511551,-0.16483974,0.11866446,9.218391
-1.8173523,6.3792725,6.693924,0.09238577,-0.28428698,-0.51877975,-0.1188159,0.041962013,9.221321
-1.7407837,6.2847443,6.8207397,0.09346366,-0.40804005,-0.47555637,-4.8398972E-4,0.02729579,9.17369
-1.853241,6.221344,7.055237,0.14483202,-0.5698643,-0.36082888,0.20012903,0.058332257,9.14903
-1.9034882,6.28714,6.9798584,0.1505692,-0.56141615,-0.20182848,0.2999587,0.0684067,9.27379
-1.8544312,6.3756714,6.6065826,0.114825845,-0.45542955,-0.1977129,0.22103167,0.047886252,9.349985
-1.8305054,6.41037,6.440277,0.10982078,-0.39984608,-0.10985279,0.23754883,0.052289046,9.4533205
-1.8221283,6.3828583,6.5898285,0.11307418,-0.3433175,0.029029846,0.28716612,0.06571989,9.595198
-1.8999023,6.340973,6.818344,0.12517458,-0.17587662,0.04427147,0.17286396,0.100766905,9.714317
-1.8699951,6.3601227,6.7872467,0.22911155,0.11889553,-0.24141693,-0.22573566,0.23924679,9.677365
-1.8975067,6.3433685,6.7298126,0.23844093,0.13699722,-0.3076992,-0.2823534,0.24955788,9.63843
-1.8460693,6.3589325,6.5766754,0.19472855,0.12929869,-0.31621552,-0.2865405,0.20503779,9.632055
-1.8687897,6.3385925,6.4211426,0.048646092,0.057031155,-0.24046516,-0.1957593,0.052066907,9.656951
-1.9166565,6.325424,6.6879425,-0.15787435,0.04136896,-0.16995668,-0.15670109,-0.15340424,9.720436
-1.915451,6.361313,6.936798,-0.32658982,-0.049275875,-0.17849874,-0.11116648,-0.3327008,9.672848
-1.964508,6.4259186,6.921234,-0.39960325,0.02773714,-0.23306274,-0.2129631,-0.39467856,9.689835
-1.8185425,6.4366913,6.5563354,-0.34621215,0.0120129585,-0.27370787,-0.39170325,0.12349367,9.644659
-1.8544312,6.36969,6.78006,-0.15256214,0.043294907,-0.31357956,-0.2541523,-0.1490453,9.615147
-1.8173523,6.386444,6.8518524,0.022985816,-0.087191105,-0.3376894,-0.1567645,0.005684778,9.494307
-1.8185425,6.415161,6.7704926,0.07415748,-0.17938519,-0.3332863,-0.081635,0.043449037,9.432209
-1.8412781,6.4163513,6.7812653,0.26245552,-0.40321445,-0.27532387,0.1384573,0.20167936,9.309233
-1.9178467,6.398407,6.952347,0.38357526,-0.45344496,-0.17902422,0.3785498,-0.14264297,9.3363905
-1.9477539,6.4115753,6.9020996,0.37040627,-0.5378947,-0.16779804,0.37790227,-0.21505356,9.291258
-1.9872437,6.39003,6.7166595,0.2601365,-0.69015694,-0.1463108,0.4368472,0.1722211,9.21937
-2.0398865,6.489334,6.583847,0.19057202,-0.63979435,-0.17724895,0.21267664,-0.32640886,9.236301
-2.0315094,6.459427,6.602997,0.037248135,-0.4998436,-0.30196095,0.17646313,-0.029271528,9.2495
-2.047058,6.448654,6.8362885,-0.08926469,-0.38212538,-0.37467432,0.030614376,-0.14344995,9.284296
-1.9369965,6.376877,6.911667,-0.2508191,-0.37654495,-0.47794008,-0.055646896,-0.3068709,9.2271185
-1.8640137,6.4319,6.8362885,-0.18805039,-0.36337662,-0.53184843,-0.097797394,-0.24488625,9.189613
-1.7898254,6.4079742,6.6089783,-0.06923711,-0.23321581,-0.6091757,-0.23750067,-0.11258736,9.205654
-1.7826538,6.3960114,6.793228,0.055746675,-0.20348644,-0.7322998,-0.33424044,0.012202993,9.121878
-1.807785,6.357727,6.8518524,0.12255812,-0.20050621,-0.7816906,-0.3666954,0.07758744,9.081545
-1.8173523,6.398407,6.798004,0.10396588,-0.15024376,-0.72444487,-0.36938572,0.06642999,9.160629
-1.8281097,6.3421783,6.631714,0.06894934,-0.20526886,-0.5743513,-0.23078823,0.028061643,9.238567
-1.9130554,6.345764,6.6376953,0.07142472,-0.28483438,-0.28011227,0.027302742,0.027641162,9.402688
-1.9992065,6.3756714,6.775284,0.15139139,-0.34114218,-0.1696372,0.15021753,0.10251059,9.439226
-1.9046936,6.258423,6.826721,0.23063385,-0.45021963,-0.039033413,0.32565165,0.17050828,9.456948
-1.8795624,6.2775726,6.7417755,0.26275074,-0.38849926,-0.031872272,0.2888651,0.21008037,9.501022
-1.9704895,6.3553314,6.6257324,0.13532686,-0.3305874,-0.0035991669,0.2556734,0.09100723,9.57435
-1.964508,6.354141,6.7788696,0.11068761,-0.20737791,-0.1720519,0.052437782,0.07670687,9.530561
-1.902298,6.3266296,6.912857,0.2975831,-0.14407396,-0.23031044,-0.014590263,0.2681337,9.506239
-1.7802582,6.317047,6.7860413,-0.07483482,-0.17970085,-0.16832018,0.019553185,-0.10501082,9.572523
-1.8544312,6.34816,6.619751,-0.40498972,-0.09598303,-0.0049881935,0.025257587,-0.41513634,9.789973
-1.8891296,6.3421783,6.6257324,-0.5689167,-0.101685524,0.28807354,0.19174004,-0.5729588,10.034567
-1.8089752,6.340973,6.742981,-0.5351503,-0.08862162,0.35885906,0.22533655,-0.5369187,10.096412
-1.832901,6.295517,6.8111725,-0.6058372,-0.008774757,0.16209984,0.026492596,-0.59482574,10.003811
-1.8460693,6.278763,6.7369995,-0.522774,0.0135650635,0.023377419,-0.068825245,-0.51062536,9.899106
-1.8652039,6.332611,6.624527,-0.30318952,-0.18060875,0.16816092,0.20085144,-0.3297386,9.8679085
-1.9178467,6.3720856,6.7286224,-0.16507566,-0.25862026,0.081884384,0.22812033,-0.20938697,9.736239
-1.866394,6.2883453,7.0372925,0.023985386,-0.25634766,-0.0509243,0.17181873,-0.023713462,9.609677
-1.8340912,6.214157,6.9714813,0.29710007,-0.10015488,-0.29614782,0.23866642,0.1424694,9.476888
-1.7599182,6.296707,6.631714,0.34868145,-0.07863617,-0.38020515,-0.12802982,0.3238254,9.41798
-1.7611237,6.4043884,6.49292,0.47371376,-0.15319872,-0.49996042,-0.13035202,0.43350568,9.265433
-1.8221283,6.3924255,6.7860413,0.54510176,-0.2214818,-0.58449936,0.44026244,0.25113964,9.1502
-1.7431641,6.2799683,6.9966125,0.34579706,-0.5198703,-0.6563425,0.24994636,0.020805359,8.936179
-1.7658997,6.303894,6.7118683,0.21815705,-0.6769476,-0.5225439,0.2386427,0.099110305,8.962771
-1.8999023,6.3517456,6.5898285,-0.06700909,-0.37611198,-0.38283873,0.056752205,-0.13369656,9.285669
-1.9477539,6.3732758,6.59581,-0.11395824,-0.103643894,-0.46903658,-0.21544123,-0.13927424,9.384855
-1.8759766,6.3732758,6.71904,-0.021174788,-0.021950722,-0.46191502,-0.26483822,-0.033287972,9.428434
-1.783844,6.418747,6.809967,-0.45994008,0.029155254,-0.83550787,-0.59452343,-0.46065897,9.219451
-1.8544312,6.435501,6.8147583,-0.6077963,-0.08049631,-1.1376233,-0.7259555,-0.6289636,8.942082
-1.8364868,6.364914,6.981064,-0.50505054,-0.11899519,-1.1247749,-0.6796652,0.52704906,8.91523
-1.8388824,6.283554,7.014557,-0.2216748,-0.29448462,-0.37152672,-0.28894734,-0.036746025,9.371848
-1.6582336,6.357727,6.82193,-0.011065006,-0.30562925,-0.06330776,0.2021966,-0.084546,9.5841465
-1.696518,6.4342957,6.6891327,0.06927669,-0.34634733,-0.057878494,0.2553339,-0.016715772,9.556389
-1.8412781,6.423538,6.6424713,0.010311365,-0.4280696,0.07380772,0.38573742,-0.09147773,9.628785
-1.8029938,6.3840485,6.9260254,-0.1258471,-0.29814053,0.0074863434,0.2191,-0.19255996,9.666305
-1.8352966,6.2680054,6.908081,-0.13858318,-0.22612524,-0.05388069,-0.1579566,-0.16027594,9.65631
-1.7874451,6.2392883,6.7405853,0.46890604,-0.0242095,-0.5387535,0.3954236,0.29548216,9.289886
-1.8640137,6.3421783,6.5778656,0.84327674,0.107889175,-0.7424512,0.745592,0.54149103,9.154831
-1.9094696,6.3014984,6.714264,0.15132916,-0.046269417,-0.8600559,-0.44714403,0.123592526,9.0653515
-1.9549408,6.214157,6.932007,-0.5868982,-0.17849731,0.49442196,0.35219765,-0.6003272,10.175877
-1.8891296,6.399597,6.7501526,0.2625686,-0.2891035,-0.016128063,0.25493145,0.20590207,9.593584
-1.8987122,6.419937,6.6460724,-0.29387498,0.378747,-0.29398346,-0.51279545,-0.22955331,9.830831
-1.9441681,6.2476654,6.8566284,1.5162305,-0.64207125,0.25603056,0.8434315,1.392632,9.451742
-1.8293152,6.2201385,6.879364,-0.42132652,-0.123194695,0.06371641,0.09124279,-0.43350995,9.828935
-1.7491608,6.374481,6.51326,-0.6947694,0.2187233,0.11715746,-0.15947962,-0.65464133,10.1071205
-1.8364868,6.435501,6.3637085,-0.16196024,-0.19571257,0.06934261,0.17873335,-0.18563595,9.7524605
-1.8723907,6.263214,6.8004,-0.124138,-0.31152058,-0.39656973,-0.041598797,-0.17570949,9.319702
-1.8424683,6.2309113,7.125824,0.0023180246,-0.4752736,-0.76613855,-0.16629362,-0.08258523,8.924389
-1.8173523,6.3026886,6.9379883,0.10283768,-0.4712181,-0.7640457,-0.16925526,0.01741618,8.919273
-1.7850494,6.3505554,6.528824,0.34100556,-0.3792963,-0.7495308,-0.2173276,0.26610762,8.967662
-1.7228394,6.3553314,6.55513,0.46041703,-0.54929495,-0.62250423,-0.0028715134,0.36450064,8.930094
-1.7563324,6.354141,6.634094,0.11776197,-0.40349245,-0.3161292,0.07537651,0.051799953,9.288725
-1.8340912,6.336197,6.652054,-0.24721408,-0.040547848,-0.15275145,-0.09835434,-0.2547903,9.699411
-1.7922211,6.3553314,6.63649,-0.36684465,0.07412195,-0.56675196,-0.48075008,-0.36887646,9.499914
-1.8005981,6.386444,6.652054,-0.34750187,0.083436966,-0.5953336,-0.505672,-0.34938252,9.483589
-1.9058838,6.324234,6.8195496,0.19131649,-0.4707036,-0.7586565,-0.18443537,0.09999226,8.917995
-1.8376923,6.320648,6.6843567,0.14810824,-0.278996,-0.78387594,-0.3395896,0.08388847,9.037315
-1.8747711,6.4127655,6.467804,0.07682991,-0.49477148,-0.8722477,-0.2501788,-0.01834555,8.832693
-1.927414,6.3601227,6.55394,-0.31097007,-0.82174873,-0.37400007,-0.33934224,-0.4018922,9.009669
-1.8496552,6.303894,6.8243256,-0.09821546,-0.60577345,-0.07961798,0.37551928,-0.17442852,9.34675
-1.8029938,6.36969,6.715454,0.15003681,-0.3420949,-0.1499381,0.15468979,0.103600726,9.449776
-1.8149567,6.4331055,6.629318,0.11580801,-0.4715724,-0.40491772,0.07322502,0.0471787,9.180422
-1.7718811,6.418747,6.6221313,0.009709954,-0.4857297,-0.63397884,-0.07758236,-0.06632103,9.014477
-1.6929169,6.374481,6.855438,0.18795061,-0.31705475,-0.40288353,-0.032383442,0.13901705,9.2795925
-1.7335968,6.41037,6.7716827,0.28675056,-0.38049555,-0.17756367,0.2737441,-0.11324167,9.393405
-1.7934265,6.4259186,6.4654083,0.1332168,-0.39480162,-0.29966164,0.093518734,0.08347607,9.308958
-1.8005981,6.4091797,6.521637,0.0019442439,-0.31659794,-0.5917568,-0.16681528,-0.050386027,9.158539
-1.8783722,6.386444,6.8614197,-0.056598604,-0.2915225,-0.825758,-0.3449564,-0.11469561,9.007956
-1.8640137,6.5192413,6.73938,0.04889089,-0.13852406,-0.61417913,-0.3072071,0.012990579,9.255061
-1.907074,6.2117615,6.714264,0.1384213,-0.044713974,-0.57595205,-0.3457632,0.112433806,9.336878
-1.8987122,6.3505554,6.8039856,-0.13161528,-0.24327517,-0.05418825,-0.12379646,-0.16956758,9.6186
-1.8436737,6.378067,6.945175,-0.3531778,-0.17197561,0.08441162,-0.32262635,-0.23908663,9.79303
-1.8197479,6.477371,6.620941,-0.26131535,-0.17314291,0.29652166,0.30645323,-0.26922467,9.947342
-1.7694855,6.4665985,6.521637,0.017408907,-0.21507978,0.2958088,0.07834947,-0.346457,9.895499
-1.7814636,6.3960114,6.731003,0.17881083,-0.1939063,0.24046278,0.31602,0.15994596,9.85074
-1.7228394,6.440277,6.775284,0.09684956,-0.25414276,0.2521696,0.36324167,0.070860624,9.830983
-1.6929169,6.459427,6.653244,0.025520444,-0.06412649,0.13048458,0.1343708,0.020717502,9.86414
-1.7264252,6.4665985,6.6269226,0.1709621,-0.054419518,-0.1330986,-0.029010773,0.15826672,9.651684
-1.7252197,6.423538,6.7298126,0.13324773,-0.19535637,-0.19660473,0.034292698,0.09950869,9.517695
-1.7706909,6.439087,6.744171,-0.022615433,-0.25516415,-0.46214056,-0.106025696,-0.07147688,9.293968
-1.8257294,6.43071,6.734604,0.040854216,-0.13996744,-0.7630491,-0.38536978,-0.0011428744,9.132119
-1.9298096,6.4163513,6.7405853,0.0364635,-0.13004589,-0.789124,-0.41150665,-0.0038561076,9.119915
-1.9046936,6.397217,6.7130585,-0.076755166,-0.24324226,-0.59571457,-0.21081829,-0.12712324,9.20721
-1.9441681,6.49292,6.6879425,-0.16853964,-0.30640793,-0.24856806,-0.19100916,-0.11983156,9.441639
-1.9118652,6.504883,6.6604156,-0.07775557,-0.3611412,-0.14332962,0.17302132,-0.13598154,9.477129
-1.8628082,6.448654,6.6592255,-0.022678733,-0.32809114,-0.29521418,0.056832314,-0.08132084,9.375993
-1.8281097,6.397217,6.722641,-0.07863283,-0.32584524,-0.44469738,-0.04695463,-0.1406934,9.269888
-1.8161469,6.4259186,6.8327026,-0.08611095,-0.19212627,-0.5930257,-0.24519444,-0.13096175,9.2420845
-1.8113708,6.4570313,6.7824554,0.034653783,-0.15664434,-0.79056406,-0.386559,-0.010462567,9.0987
-1.7228394,6.4319,6.723831,0.2840985,-0.3405509,-0.7795477,-0.2125392,0.20618924,8.9600725
-1.7312012,6.399597,6.6723785,0.47910368,-0.42443943,-0.74686,-0.10453844,0.38813362,8.908923
-1.7479553,6.419937,6.7621155,0.5063151,-0.43787336,-0.7084775,-0.06414032,0.41589147,8.927474
-1.8448639,6.440277,6.8410797,0.36452186,-0.4084158,-0.6595144,0.25829935,0.13450527,9.00053
-1.7479553,6.435501,6.8518524,0.25513256,-0.30852556,-0.57533264,-0.101905346,0.19184658,9.140243
-1.7922211,6.427124,6.789627,0.096505046,-0.022538185,-0.4782915,-0.27671432,0.0825689,9.412703
-1.8891296,6.36969,6.7740784,-0.24457526,0.1272583,-0.3025546,-0.3205862,-0.22412546,9.686054
-1.8472595,6.4414825,6.693924,-0.27187335,0.10972643,-0.24418926,-0.2746873,-0.25210965,9.72559
-1.8640137,6.4139557,6.7716827,-0.024016619,0.111551285,-0.14601612,-0.04665351,0.17567062,9.770532
-1.8891296,6.4211426,6.776474,-0.08474457,0.019937992,-0.06929684,-0.07086897,-0.08096787,9.778313
-1.832901,6.399597,6.681961,-0.25913262,-0.19243717,0.425282,-0.1836325,-0.4441123,10.039223
-1.8352966,6.4857483,6.661621,-0.22542632,-0.24117184,0.5095339,0.48366356,-0.25764257,10.0679865
-1.8173523,6.4342957,6.808777,-0.088652134,-0.41047716,0.27882147,0.47683573,-0.15840447,9.766304
-1.804184,6.3732758,7.0576324,-0.10706937,-0.4223423,-0.12750244,0.2156105,-0.18514791,9.452637
-1.8029938,6.3684998,6.854233,-0.15026402,-0.43237638,-0.26365328,0.12580967,-0.2317396,9.3489275
-1.7706909,6.399597,6.727417,0.06775558,-0.29314566,-0.20062017,-0.009748697,-0.07079029,9.452154
-1.779068,6.4582214,6.5240326,0.06120813,-0.23364449,-0.40436506,0.0,0.0,0.0
-1.8209381,6.440277,6.838684,0.027631164,-0.24865437,-0.09033966,0.0,0.0,0.0
-1.8460693,6.344574,6.9547424,0.0026278496,-0.33408928,0.015854836,0.0,0.0,0.0
-1.8317108,6.4570313,6.653244,0.014081597,-0.22093105,-0.28709173,0.0,0.0,0.0
-1.8879395,6.3469543,6.477371,-0.039952397,-0.34091377,-0.4528346,0.0,0.0,0.0
-1.8173523,6.3936157,6.6711884,0.03394711,-0.29899168,-0.25355625,0.0,0.0,0.0
-1.7359924,6.435501,6.439087,0.11354792,-0.26264334,-0.48077202,0.0,0.0,0.0
-1.7180481,6.500107,6.2357025,0.12989902,-0.21130991,-0.67171097,0.0,0.0,0.0
-1.7778625,6.385254,6.4749756,0.07061696,-0.3340931,-0.42458105,0.0,0.0,0.0
-1.7886353,6.3888397,6.809967,0.059601545,-0.31708527,-0.10270023,0.0,0.0,0.0
-1.7647095,6.5120697,6.5575256,0.080533385,-0.18867111,-0.36096668,0.0,0.0,0.0
-1.750351,6.5072784,6.4833527,0.093499064,-0.20542002,-0.42391062,0.0,0.0,0.0
-1.8101654,6.4342957,6.8350983,0.033910632,-0.27833605,-0.072169304,0.0,0.0,0.0
-1.7922211,6.4211426,6.703491,0.04907918,-0.28038645,-0.21528816,0.0,0.0,0.0
-1.7814636,6.5395813,6.480957,0.059970498,-0.16829634,-0.43163157,0.0,0.0,0.0
-1.8711853,6.51326,6.45105,-0.02432561,-0.20858526,-0.44650698,0.0,0.0,0.0
-1.8747711,6.4331055,6.879364,-0.028027177,-0.28024578,-0.026490688,0.0,0.0,0.0
-1.8293152,6.435501,6.973877,0.0133526325,-0.2639656,0.053464413,0.0,0.0,0.0
-1.8089752,6.6053925,6.5575256,0.03144288,-0.09393549,-0.3636198,0.0,0.0,0.0
-1.7359924,6.526428,6.7178497,0.10334265,-0.18054771,-0.19617271,0.0,0.0,0.0
-1.7395782,6.476181,6.9643097,0.09182477,-0.21374941,0.031692505,0.0,0.0,0.0
-1.7371826,6.5336,6.806381,0.09074342,-0.15138626,-0.13192081,0.0,0.0,0.0
-1.8269196,6.4115753,6.870987,0.002262473,-0.27078295,-0.06951523,0.0,0.0,0.0
-1.804184,6.36969,6.9930267,0.023251653,-0.30108452,0.040931225,0.0,0.0,0.0
-1.8939209,6.5108643,6.7992096,-0.06814861,-0.14922333,-0.16356134,0.0,0.0,0.0
-1.8939209,6.5898285,6.4941254,-0.06410432,-0.07944059,-0.4587884,0.0,0.0,0.0
-1.8687897,6.45224,6.632904,-0.03379476,-0.22381878,-0.31212425,0.0,0.0,0.0
-1.9346008,6.344574,7.0624084,-0.09814811,-0.32616568,0.11265612,0.0,0.0,0.0
-1.9980011,6.4378967,6.973877,-0.15521276,-0.21681547,0.0104494095,0.0,0.0,0.0
-1.8903351,6.4917297,6.6376953,-0.041663766,-0.16811514,-0.31926298,0.0,0.0,0.0
-1.8113708,6.418747,6.6305084,0.04028356,-0.25552845,-0.31181145,0.0,0.0,0.0
-1.8388824,6.3302155,6.850647,0.011077523,-0.3434925,-0.09267044,0.0,0.0,0.0
-1.8017883,6.435501,6.6915283,0.046578288,-0.23684502,-0.25352192,0.0,0.0,0.0
-1.7288208,6.435501,6.6687927,0.11977315,-0.24358654,-0.2697134,0.0,0.0,0.0
-1.799408,6.3792725,6.793228,0.04448259,-0.3023529,-0.14408684,0.0,0.0,0.0
-1.7419739,6.366104,6.8434753,0.096839786,-0.31234264,-0.0982461,0.0,0.0,0.0
-1.7276154,6.3601227,6.6388855,0.1068387,-0.3206916,-0.30171156,0.0,0.0,0.0
-1.8891296,6.386444,6.5814514,-0.051495433,-0.30202532,-0.35092688,0.0,0.0,0.0
-1.9381866,6.364914,6.796814,-0.0966866,-0.3208065,-0.13718939,0.0,0.0,0.0
-1.931015,6.345764,6.7860413,-0.08695054,-0.33374214,-0.15326738,0.0,0.0,0.0
-1.9453583,6.394821,6.649658,-0.09796977,-0.2875862,-0.2859726,0.0,0.0,0.0
-1.8735809,6.3708954,6.6388855,-0.024474978,-0.31379604,-0.2940855,0.0,0.0,0.0
-1.853241,6.2811584,6.6065826,-0.004998207,-0.40821075,-0.32210636,0.0,0.0,0.0
-1.8017883,6.32901,6.5527496,0.046961665,-0.36613274,-0.37022495,0.0,0.0,0.0
-1.7647095,6.344574,6.5527496,0.083030105,-0.35896015,-0.36236954,0.0,0.0,0.0
-1.7395782,6.3218384,6.624527,0.10704172,-0.38273335,-0.289886,0.0,0.0,0.0
-1.6390839,6.4091797,6.6305084,0.20198596,-0.29492235,-0.28583956,0.0,0.0,0.0
-1.6977081,6.417557,6.629318,0.13425982,-0.29109764,-0.28503275,0.0,0.0,0.0
-1.750351,6.399597,6.6137543,0.07883501,-0.31337023,-0.29714584,0.0,0.0,0.0
-1.7658997,6.4414825,6.669998,0.05802095,-0.27551556,-0.23837614,0.0,0.0,0.0
-1.7886353,6.497711,6.55513,0.03304994,-0.22402191,-0.34922838,0.0,0.0,0.0
-1.8687897,6.5443726,6.3924255,-0.044870615,-0.18665266,-0.5022831,0.0,0.0,0.0
-1.8448639,6.5072784,6.4426727,-0.015229106,-0.23676872,-0.4377818,0.0,0.0,0.0
-1.779068,6.5778656,6.497711,0.049141884,-0.17079926,-0.37859297,0.0,0.0,0.0
-1.8005981,6.5814514,6.6149597,0.025901198,-0.17543459,-0.2537217,0.0,0.0,0.0
-1.7862396,6.5371857,6.73938,0.040216208,-0.22346544,-0.12560701,0.0,0.0,0.0
-1.655838,6.6711884,6.685547,0.16507232,-0.09410095,-0.17634296,0.0,0.0,0.0
-1.6378937,6.681961,6.6257324,0.17449212,-0.09997749,-0.22196436,0.0,0.0,0.0
-1.6785583,6.5898285,6.4139557,0.13099694,-0.20737886,-0.41933584,0.0,0.0,0.0
-1.7407837,6.6305084,6.45224,0.0662204,-0.17864084,-0.36982775,0.0,0.0,0.0
-1.7575226,6.7130585,6.501297,0.04812157,-0.10553551,-0.31169128,0.0,0.0,0.0
-1.861618,6.7118683,6.5395813,-0.055920005,-0.11197567,-0.2681346,0.0,0.0,0.0
-1.915451,6.7118683,6.6424713,-0.10381675,-0.117013454,-0.15861225,0.0,0.0,0.0
-1.935791,6.772888,6.666397,-0.117081285,-0.058073997,-0.13070822,0.0,0.0,0.0
-1.9214325,6.7202454,6.726227,-0.09695399,-0.113854885,-0.066176414,0.0,0.0,0.0
-1.8891296,6.6687927,6.8697968,-0.062095642,-0.16400623,0.07677126,0.0,0.0,0.0
-1.758728,6.674774,6.509674,0.06296885,-0.16110039,-0.28168964,0.0,0.0,0.0
-1.7946167,6.7046814,6.3936157,0.026518106,-0.14754057,-0.38140535,0.0,0.0,0.0
-1.763504,6.6089783,6.63649,0.0546602,-0.2516799,-0.1307869,0.0,0.0,0.0
-1.6857452,6.6831512,6.6807556,0.12324798,-0.17804527,-0.08843279,0.0,0.0,0.0
-1.6390839,6.6915283,6.65683,0.15334165,-0.17302275,-0.11336517,0.0,0.0,0.0
-1.7539368,6.5766754,6.631714,0.032549262,-0.29212856,-0.13573694,0.0,0.0,0.0
-1.7156525,6.6017914,6.602997,0.06149733,-0.27196598,-0.16188145,0.0,0.0,0.0
-1.6689911,6.65683,6.6185455,0.098786235,-0.22343683,-0.14216995,0.0,0.0,0.0
-1.7515411,6.669998,6.3397827,0.014695168,-0.23265648,-0.39847803,0.0,0.0,0.0
-1.7922211,6.5324097,6.294327,-0.025886893,-0.38502455,-0.42873478,0.0,0.0,0.0
-1.7048798,6.6424713,6.3062897,0.052452683,-0.29004812,-0.40357924,0.0,0.0,0.0
-1.7862396,6.652054,6.1830597,-0.03250432,-0.29286194,-0.5149207,0.0,0.0,0.0
-1.7144623,6.5659027,6.337387,0.034420967,-0.3891406,-0.35134745,0.0,0.0,0.0
-1.6283112,6.604187,6.3720856,0.11458087,-0.3508544,-0.3182149,0.0,0.0,0.0
-1.6665955,6.7740784,6.364914,0.07275903,-0.18075514,-0.32652283,0.0,0.0,0.0
-1.6701965,6.665207,6.602997,0.0678519,-0.2840562,-0.094563484,0.0,0.0,0.0
-1.6199341,6.619751,6.777664,0.110342026,-0.31606245,0.06416845,0.0,0.0,0.0
-1.6510468,6.6436768,6.5599213,0.07050872,-0.27995062,-0.16837835,0.0,0.0,0.0
-1.7072754,6.7082825,6.242874,0.011331558,-0.22157145,-0.47976637,0.0,0.0,0.0
-1.6869354,6.652054,6.2069855,0.03214836,-0.28598118,-0.5070896,0.0,0.0,0.0
-1.5924225,6.6137543,6.3314056,0.124663115,-0.32668734,-0.38069344,0.0,0.0,0.0
-1.6678009,6.7214355,6.3266296,0.04783511,-0.21798563,-0.38689518,0.0,0.0,0.0
-1.7144623,6.6376953,6.3146515,0.009088039,-0.30205488,-0.39650583,0.0,0.0,0.0
-1.7192383,6.600601,6.600601,0.015736341,-0.3291111,-0.11798048,0.0,0.0,0.0
-1.8209381,6.67717,6.631714,-0.08295238,-0.24336052,-0.095547676,0.0,0.0,0.0
-1.7551422,6.7298126,6.628113,-0.012184024,-0.18616772,-0.10254049,0.0,0.0,0.0
-1.680954,6.6472626,6.6185455,0.06388974,-0.26255178,-0.117949486,0.0,0.0,0.0
-1.5984039,6.744171,6.5946198,0.14078581,-0.16303301,-0.14601326,0.0,0.0,0.0
-1.696518,6.7202454,6.558731,0.039686203,-0.1863122,-0.18333435,0.0,0.0,0.0
-1.6917267,6.592224,6.714264,0.044418454,-0.31102514,-0.031204224,0.0,0.0,0.0
-1.701294,6.628113,6.7716827,0.029871821,-0.26671934,0.01633358,0.0,0.0,0.0
-1.8005981,6.726227,6.459427,-0.06785679,-0.16985798,-0.29423904,0.0,0.0,0.0
-1.8436737,6.6783752,6.501297,-0.105077386,-0.22388458,-0.24455166,0.0,0.0,0.0
-1.7611237,6.652054,6.6604156,-0.020456314,-0.2460084,-0.08919144,0.0,0.0,0.0
-1.7850494,6.7178497,6.435501,-0.04384744,-0.18081427,-0.31335306,0.0,0.0,0.0
-1.7623138,6.6879425,6.364914,-0.015022635,-0.22061253,-0.37223816,0.0,0.0,0.0
-1.7443695,6.628113,6.685547,0.0043797493,-0.28006697,-0.0516119,0.0,0.0,0.0
-1.6079712,6.7118683,6.751343,0.13742006,-0.18846941,0.005281925,0.0,0.0,0.0
-1.640274,6.788437,6.570694,0.09874928,-0.111647606,-0.17727041,0.0,0.0,0.0
-1.6307068,6.63649,6.7118683,0.10716426,-0.2635374,-0.036450863,0.0,0.0,0.0
-1.5565338,6.6879425,6.7369995,0.17045844,-0.20588493,-0.020442486,0.0,0.0,0.0
-1.5984039,6.817154,6.250046,0.122988224,-0.08627653,-0.49901676,0.0,0.0,0.0
-1.7479553,6.6089783,6.2309113,-0.024132729,-0.30989456,-0.50169754,0.0,0.0,0.0
-1.7491608,6.5814514,6.530014,-0.02732277,-0.3288145,-0.21193552,0.0,0.0,0.0
-1.7611237,6.6687927,6.562317,-0.03967607,-0.22809029,-0.19342232,0.0,0.0,0.0
-1.8209381,6.742981,6.580261,-0.0943259,-0.14622784,-0.18198729,0.0,0.0,0.0
-1.7024994,6.57428,6.808777,0.023831487,-0.29786444,0.029116154,0.0,0.0,0.0
-1.5936127,6.6556396,6.6676025,0.12318134,-0.20528269,-0.1258316,0.0,0.0,0.0
-1.6378937,6.673584,6.385254,0.070022106,-0.18669796,-0.41106415,0.0,0.0,0.0
-1.5888367,6.6185455,6.2644043,0.1170212,-0.24538136,-0.5287504,0.0,0.0,0.0
-1.4979095,6.5659027,6.336197,0.20459569,-0.29738188,-0.4584465,0.0,0.0,0.0
-1.5493469,6.583847,6.41037,0.13301921,-0.26665735,-0.40216398,0.0,0.0,0.0
-1.7371826,6.5072784,6.7860413,-0.054251313,-0.3342967,-0.03532076,0.0,0.0,0.0
-1.7036896,6.45224,6.916458,-0.018371344,-0.3651619,0.07152462,0.0,0.0,0.0
-1.6941223,6.488144,7.0372925,-0.010162473,-0.3152256,0.17807722,0.0,0.0,0.0
-1.8101654,6.4857483,6.587448,-0.12036657,-0.3154626,-0.2724719,0.0,0.0,0.0
-1.7946167,6.435501,6.415161,-0.09262693,-0.3777566,-0.42977428,0.0,0.0,0.0
-1.6091766,6.479767,6.357727,0.08897734,-0.3399191,-0.48175764,0.0,0.0,0.0
-1.6187439,6.5946198,6.2859497,0.07119894,-0.23631096,-0.5443406,0.0,0.0,0.0
-1.5972137,6.49292,6.271591,0.09331298,-0.34449244,-0.5520663,0.0,0.0,0.0
-1.6247253,6.5659027,6.3672943,0.06462455,-0.26864386,-0.45952463,0.0,0.0,0.0
-1.6474609,6.599411,6.6927185,0.03962481,-0.22206688,-0.14771795,0.0,0.0,0.0
-1.7324066,6.5240326,6.9391785,-0.045065522,-0.27712393,0.07859993,0.0,0.0,0.0
-1.6283112,6.4319,6.793228,0.056622982,-0.3371997,-0.09957075,0.0,0.0,0.0
-1.7491608,6.520447,6.5324097,-0.06966579,-0.23555613,-0.37455082,0.0,0.0,0.0
-1.7623138,6.47258,6.4139557,-0.08758116,-0.27248287,-0.5048442,0.0,0.0,0.0
-1.6701965,6.32901,6.51326,-0.0036008358,-0.38444757,-0.4381671,0.0,0.0,0.0
-1.5972137,6.3517456,6.6436768,0.058143735,-0.32630873,-0.3444395,0.0,0.0,0.0
-1.7024994,6.32901,7.112671,-0.054674983,-0.31116867,0.086783886,0.0,0.0,0.0
-1.6031952,6.32901,7.1198425,0.045490384,-0.2511797,0.037941456,0.0,0.0,0.0
-1.6031952,6.4259186,7.473984,0.04184413,-0.11760044,0.35734224,0.0,0.0,0.0
-1.5792694,6.3469543,7.405792,0.05478823,-0.16558886,0.25827312,0.0,0.0,0.0
-1.6390839,6.217743,7.2646027,-0.00829649,-0.2834382,0.10600233,0.0,0.0,0.0
-1.5625153,6.2476654,7.068405,0.063857436,-0.24489832,-0.099015236,0.0,0.0,0.0
-1.7407837,6.296707,6.8530426,-0.11018944,-0.20001554,-0.3096485,0.0,0.0,0.0
-1.7335968,6.2321014,6.731003,-0.096564054,-0.27252483,-0.42304182,0.0,0.0,0.0
-1.7048798,6.299103,6.845871,-0.058752894,-0.2094469,-0.30251598,0.0,0.0,0.0
-1.7060852,6.263214,7.228714,-0.054521084,-0.23748541,0.07444048,0.0,0.0,0.0
-1.6905365,6.209381,7.3292084,-0.030881405,-0.26989985,0.1573987,0.0,0.0,0.0
-1.5397797,6.22493,7.1485596,0.121183276,-0.24277115,-0.033392906,0.0,0.0,0.0
-1.4763641,6.2033997,6.88295,0.18030751,-0.2674904,-0.29712105,0.0,0.0,0.0
-1.5074768,6.2117615,6.8434753,0.14729047,-0.26555252,-0.33124018,0.0,0.0,0.0
-1.606781,6.2285156,6.9068756,0.046856046,-0.25168324,-0.26549435,0.0,0.0,0.0
-1.5840454,6.201004,6.9152527,0.06755924,-0.27803707,-0.25863123,0.0,0.0,0.0
-1.6103668,6.1663055,6.9930267,0.040934563,-0.31096935,-0.1825223,0.0,0.0,0.0
-1.696518,6.1794586,6.9547424,-0.041241646,-0.29515457,-0.2222929,0.0,0.0,0.0
-1.7682953,6.229721,6.875778,-0.105042696,-0.24501324,-0.29930353,0.0,0.0,0.0
-1.8759766,6.175873,6.9379883,-0.20172286,-0.29758453,-0.2356863,0.0,0.0,0.0
-1.758728,6.1040955,7.071991,-0.07679129,-0.36048174,-0.10789204,0.0,0.0,0.0
-1.6881409,6.202194,6.829117,-0.006925106,-0.2596097,-0.35343075,0.0,0.0,0.0
-1.7072754,6.1866455,6.7322083,-0.02055645,-0.28365517,-0.44139385,0.0,0.0,0.0
-1.5888367,6.14357,6.764511,0.09997034,-0.33129263,-0.40448284,0.0,0.0,0.0
-1.5541382,6.1674957,6.854233,0.12740076,-0.30520058,-0.3184247,0.0,0.0,0.0
-1.5637054,6.1818542,6.8518524,0.112980366,-0.28867865,-0.3238926,0.0,0.0,0.0
-1.5804596,6.18425,6.908081,0.0965935,-0.28183413,-0.27158737,0.0,0.0,0.0
-1.6378937,6.1698914,6.982254,0.039358377,-0.28958225,-0.20331573,0.0,0.0,0.0
-1.6953125,6.1663055,7.027725,-0.017691016,-0.2869296,-0.16336155,0.0,0.0,0.0
-1.7084808,6.153137,6.941574,-0.030547023,-0.29815722,-0.25118065,0.0,0.0,0.0
-1.7491608,6.1663055,6.8614197,-0.07099414,-0.2871542,-0.32933855,0.0,0.0,0.0
-1.779068,6.1340027,6.854233,-0.094202876,-0.31948042,-0.3349371,0.0,0.0,0.0
-1.7898254,6.12204,6.8973083,-0.1008389,-0.33100176,-0.29129124,0.0,0.0,0.0
-1.5445709,6.18544,6.826721,0.14398432,-0.27023268,-0.3596177,0.0,0.0,0.0
-1.5984039,6.1674957,6.8123627,0.08394706,-0.2945466,-0.36970472,0.0,0.0,0.0
-1.6773682,6.0717926,6.98584,0.011228561,-0.3874488,-0.19728136,0.0,0.0,0.0
-1.6438751,6.0969086,7.135391,0.042913556,-0.35316706,-0.056385517,0.0,0.0,0.0
-1.5445709,6.148361,6.969101,0.13742697,-0.29640388,-0.22855663,0.0,0.0,0.0
-1.6175537,6.24646,6.693924,0.06518376,-0.20724964,-0.49554157,0.0,0.0,0.0
-1.6043854,6.151947,6.880554,0.08002317,-0.3034892,-0.30696917,0.0,0.0,0.0
-1.6390839,6.099304,7.1150513,0.043699265,-0.3378067,-0.089268684,0.0,0.0,0.0
-1.7048798,6.10289,7.3986053,-0.02507484,-0.31816292,0.17927504,0.0,0.0,0.0
-1.6031952,6.1878357,6.982254,0.07045841,-0.23073578,-0.24071026,0.0,0.0,0.0
-1.6307068,6.1459656,6.953537,0.04258585,-0.27684546,-0.26574135,0.0,0.0,0.0
-1.6307068,6.0478516,7.1892395,0.04012108,-0.36560106,-0.03892374,0.0,0.0,0.0
-1.6247253,6.1818542,7.142578,0.04330647,-0.22709417,-0.09022474,0.0,0.0,0.0
-1.6857452,6.1663055,6.9583282,-0.01792419,-0.24541664,-0.2720647,0.0,0.0,0.0
-1.6857452,6.1950226,6.999008,-0.014302611,-0.22220612,-0.22566128,0.0,0.0,0.0
-1.635498,6.175873,7.0540466,0.03384781,-0.24246073,-0.17012596,0.0,0.0,0.0
-1.709671,6.1052856,6.808777,-0.0352422,-0.32416296,-0.40432644,0.0,0.0,0.0
-1.7611237,6.098114,6.742981,-0.07874167,-0.3390231,-0.4614091,0.0,0.0,0.0
-1.7168427,6.1830597,7.1114655,-0.029295802,-0.25320387,-0.09249735,0.0,0.0,0.0
-1.7551422,6.1591187,7.379471,-0.06273782,-0.25729227,0.15895653,0.0,0.0,0.0
-1.7563324,6.202194,7.3005066,-0.059886575,-0.20266247,0.07068825,0.0,0.0,0.0
-1.6689911,6.192627,6.9882355,0.030378342,-0.21349478,-0.23977566,0.0,0.0,0.0
-1.5984039,6.18425,6.929611,0.09947896,-0.23025036,-0.2913146,0.0,0.0,0.0
-1.6187439,6.1208344,6.9631195,0.076390505,-0.29826975,-0.2543602,0.0,0.0,0.0
-1.635498,6.1136627,6.982254,0.05792904,-0.30575275,-0.23534918,0.0,0.0,0.0
-1.6618195,6.078964,6.941574,0.03235531,-0.34158087,-0.2748494,0.0,0.0,0.0
-1.7024994,6.08255,6.878174,-0.006852627,-0.33985186,-0.33625126,0.0,0.0,0.0
-1.7204437,6.148361,6.8231354,-0.022192478,-0.2753253,-0.38953257,0.0,0.0,0.0
-1.8340912,6.18544,7.0301056,-0.12944806,-0.23817015,-0.18112278,0.0,0.0,0.0
-1.8568268,6.2117615,7.1593323,-0.14227664,-0.2017994,-0.05848837,0.0,0.0,0.0
-1.7168427,6.1244354,7.1904297,-0.002922535,-0.28088808,-0.034852028,0.0,0.0,0.0
-1.6139526,6.08136,6.847061,0.09533143,-0.3228221,-0.38033056,0.0,0.0,0.0
-1.6031952,6.04068,6.798004,0.09821367,-0.3726468,-0.42313385,0.0,0.0,0.0
-1.6594238,6.1136627,6.71904,0.042132616,-0.30371714,-0.49846125,0.0,0.0,0.0
-1.7036896,6.094513,6.8949127,0.003272295,-0.32266474,-0.32149267,0.0,0.0,0.0
-1.696518,6.0562286,6.999008,0.010800958,-0.35512066,-0.22249079,0.0,0.0,0.0
-1.7048798,6.0670013,7.019348,-3.629923E-4,-0.3341179,-0.21188116,0.0,0.0,0.0
-1.7371826,6.119644,6.8650055,-0.029439569,-0.2808509,-0.3660159,0.0,0.0,0.0
-1.7431641,6.160324,6.7908325,-0.030621171,-0.24369049,-0.43593645,0.0,0.0,0.0
-1.6953125,6.1627197,6.8697968,0.016572237,-0.24066114,-0.35768938,0.0,0.0,0.0
-1.552948,6.12323,6.936798,0.15362501,-0.28013277,-0.29196024,0.0,0.0,0.0
-1.5960083,6.130417,6.896118,0.10267639,-0.2789235,-0.3291998,0.0,0.0,0.0
-1.5756683,6.2775726,6.7178497,0.12199116,-0.13813448,-0.5020561,0.0,0.0,0.0
-1.5768738,6.2033997,6.887741,0.11813295,-0.21573496,-0.329741,0.0,0.0,0.0
-1.6091766,6.1902313,7.10907,0.07939565,-0.2206726,-0.117230415,0.0,0.0,0.0
-1.5744781,6.2907257,7.2191467,0.1043638,-0.10712719,-0.020974636,0.0,0.0,0.0
-1.6845398,6.337387,6.999008,-0.008095503,-0.057793617,-0.24402905,0.0,0.0,0.0
-1.7431641,6.135193,6.9272156,-0.06491423,-0.26353455,-0.3122697,0.0,0.0,0.0
-1.7491608,6.1363983,6.929611,-0.0671047,-0.2640648,-0.30745602,0.0,0.0,0.0
-1.7443695,6.312271,6.9092712,-0.05806279,-0.090503216,-0.32476187,0.0,0.0,0.0
-1.7970123,6.3349915,7.00618,-0.10102558,-0.06715727,-0.22614384,0.0,0.0,0.0
-1.6342926,6.2727814,7.1617126,0.061259627,-0.12414503,-0.075332165,0.0,0.0,0.0
-1.5828552,6.276367,7.1234283,0.10495269,-0.11632061,-0.11916971,0.0,0.0,0.0
-1.586441,6.3110657,7.1389923,0.09951568,-0.08103275,-0.10455799,0.0,0.0,0.0
-1.5720825,6.234497,7.318451,0.10945189,-0.15193224,0.068874836,0.0,0.0,0.0
-1.5254211,6.1423798,7.2921295,0.14180112,-0.23161983,0.028322697,0.0,0.0,0.0
-1.5960083,6.20578,6.784851,0.067726016,-0.1748414,-0.4739399,0.0,0.0,0.0
-1.7180481,6.3338013,6.563507,-0.044450402,-0.06741905,-0.6748514,0.0,0.0,0.0
-1.807785,6.229721,7.080368,-0.12469971,-0.17164087,-0.1556654,0.0,0.0,0.0
-1.758728,6.074173,7.0205383,-0.0696435,-0.32553864,-0.21555662,0.0,0.0,0.0
-1.7539368,6.1208344,6.921234,-0.06404626,-0.28322744,-0.31082296,0.0,0.0,0.0
-1.8029938,6.1004944,6.830307,-0.10717511,-0.30659294,-0.39768124,0.0,0.0,0.0
-1.7395782,6.1327972,7.0540466,-0.03749013,-0.2680912,-0.17795944,0.0,0.0,0.0
-1.7539368,6.1447754,7.071991,-0.051149845,-0.2517538,-0.16370678,0.0,0.0,0.0
-1.6043854,6.131607,6.833908,0.09793627,-0.26772642,-0.39941883,0.0,0.0,0.0
-1.5996094,6.197403,6.8075867,0.103140116,-0.21274471,-0.4160576,0.0,0.0,0.0
-1.573288,6.1423798,6.9355927,0.12625694,-0.26576757,-0.29058075,0.0,0.0,0.0
-1.5936127,6.045471,6.896118,0.102957726,-0.35828686,-0.33464384,0.0,0.0,0.0
-1.606781,6.089737,6.756134,0.08857942,-0.3137598,-0.47514296,0.0,0.0,0.0
-1.6151581,6.045471,6.838684,0.080363035,-0.35635185,-0.39403725,0.0,0.0,0.0
-1.606781,6.0562286,7.0540466,0.08724058,-0.3372984,-0.18636036,0.0,0.0,0.0
-1.635498,6.0873413,7.071991,0.054244757,-0.29297447,-0.18105793,0.0,0.0,0.0
-1.6103668,6.1004944,7.0372925,0.0770241,-0.27685595,-0.21891212,0.0,0.0,0.0
-1.6079712,6.1244354,6.6723785,0.077020526,-0.25595427,-0.5817113,0.0,0.0,0.0
-1.6259155,6.111267,6.715454,0.059169292,-0.2791109,-0.5298166,0.0,0.0,0.0
-1.6929169,6.0646057,7.1521454,-0.009347558,-0.32083273,-0.09783125,0.0,0.0,0.0
-1.6163483,6.0837555,7.2263184,0.06572664,-0.28290462,-0.040500164,0.0,0.0,0.0
-1.7156525,6.1818542,6.933197,-0.031502485,-0.18310976,-0.3346262,0.0,0.0,0.0
-1.660614,6.1818542,6.88295,0.02698493,-0.1889596,-0.3789463,0.0,0.0,0.0
-1.6737823,6.126816,7.032501,0.013716102,-0.24350071,-0.2298541,0.0,0.0,0.0
-1.7228394,6.1172485,7.0875397,-0.027386785,-0.24413252,-0.18079281,0.0,0.0,0.0
-1.6869354,6.16391,7.122238,0.0109725,-0.19391394,-0.148633,0.0,0.0,0.0
-1.6474609,6.238083,7.171295,0.05253637,-0.1115427,-0.106248856,0.0,0.0,0.0
-1.6630096,6.217743,7.299301,0.034912944,-0.124560356,0.014890671,0.0,0.0,0.0
-1.6510468,6.2273254,7.311264,0.048034787,-0.11078262,0.02347374,0.0,0.0,0.0
-1.6917267,6.1782684,7.2682037,0.00875783,-0.1566987,-0.021990776,0.0,0.0,0.0
-1.6785583,6.197403,7.1497498,0.020205498,-0.13936043,-0.13928461,0.0,0.0,0.0
-1.6701965,6.2201385,6.9559326,0.026678443,-0.12540579,-0.32589912,0.0,0.0,0.0
