-2.115,9.25,3.885,0.065699816,0.1733141,0.043522835,0.041097444,0.118974276,9.949494
-2.162,9.163,3.816,0.047234178,0.14200068,-0.005166054,0.011643291,0.119288616,9.89641
-2.193,9.152,3.697,-0.13628507,0.049729824,-0.08749151,-0.16678903,0.029282767,9.801609
-2.045,9.203,3.283,0.009934902,0.16361666,-0.38539648,-0.1771922,0.34769812,9.654635
-2.074,9.183,3.402,-0.024063468,0.25298166,-0.30086374,-0.19157375,0.34313962,9.781099
-2.117,9.201,3.489,-0.0277884,0.17359924,0.36133337,0.084078714,-0.1113749,10.1834755
-2.708,9.522,1.602,-0.092181444,0.057384014,0.44727516,0.083473794,-0.26899183,10.170685
-2.375,9.507,2.685,-0.17387903,0.029729366,0.34085608,-0.02648974,-0.25769675,10.089833
-2.572,9.17,3.996,-0.20157743,0.11607885,-0.055558205,-0.22563623,0.028553512,9.880592
-2.572,9.17,3.996,-0.2007612,0.46931314,-0.11966944,-0.31917712,0.30907243,10.085003
-2.572,9.17,3.996,-0.07005012,0.537395,0.63988876,0.0849641,-0.046852957,10.639563
-2.572,9.17,3.996,-0.002513051,0.36975956,0.7653799,0.22797857,-0.20918767,10.598357
-2.572,9.17,3.996,-0.06212616,0.1548438,0.4741783,0.101499565,-0.20548986,10.254032
-2.572,9.17,3.996,-0.059063554,0.18818617,0.51603365,0.1146085,-0.20656428,10.30604
-2.896,9.858,3.62,-0.25077474,0.34018755,-0.13979769,-0.34675148,0.2125081,9.987655
-2.203,9.662,3.213,-0.21941698,0.40270662,-0.10896683,-0.3188287,0.24962868,10.047947
-1.681,9.325,3.374,-0.090860486,0.43537855,0.46843338,0.018095186,-0.02159476,10.451976
-1.201,8.861,4.277,-0.030150414,0.39864826,0.7605796,0.19502985,-0.19703786,10.6199465
-0.96,8.518,5.314,0.03436637,0.40912676,0.3110385,0.072882704,0.106707856,10.305262
-0.556,8.255,5.604,0.040629506,0.4686308,0.14358902,2.6451817E-4,0.2505286,10.229873
-0.035,8.129,5.53,0.03821957,0.4404273,0.42403936,0.1146413,0.06190684,10.405208
0.441,8.119,5.357,0.025370836,0.30303,0.2918334,0.07799432,0.04205533,10.218702
0.352,8.102,5.202,0.023320317,0.21457672,0.36758566,0.12359175,-0.064459495,10.209484
-0.365,8.157,5.22,0.008256316,0.22950792,0.65202904,0.21967188,-0.23095305,10.4200735
-0.736,8.421,5.341,-0.0139917135,0.31592464,0.39123678,0.07946255,-0.024911636,10.302771
-0.717,8.697,5.25,0.011117697,0.4153924,0.16314697,-0.008381034,0.19025798,10.210411
-0.717,8.886,5.025,0.020956278,0.4203925,0.37789536,0.084440105,0.06891424,10.361712
-1.029,8.952,5.242,-0.007758975,0.35371208,0.33028316,0.053343464,0.040026836,10.286037
-1.289,8.951,5.467,-0.08036399,0.24594879,0.28401184,-0.008417541,-0.03602736,10.189068
-1.523,8.913,5.362,-0.112976074,0.16602421,0.17771006,-0.063768744,-0.04040227,10.063962
-1.372,8.884,5.469,-0.11359739,0.08768654,0.04858446,-0.099934496,-0.01655399,9.9193125
-0.992,8.846,5.488,-0.12731409,0.15809345,-0.048901558,-0.16468218,0.0844794,9.903277
-0.798,8.715,5.207,-0.046366096,0.26304102,0.274652,0.015239281,-0.0044548684,10.189432
-0.617,8.564,5.113,0.0027222633,0.23910427,0.38873482,0.108983845,-0.06895786,10.244439
-0.175,8.388,5.328,0.03480208,0.2633257,0.26243877,0.08280618,0.036738094,10.168893
-0.223,8.344,5.324,-0.0011073351,0.3125353,0.39586735,0.093652844,-0.024503237,10.301643
-0.734,8.331,4.936,-0.15731394,0.21832037,0.27725697,-0.07437403,-0.08250534,10.17671
-0.914,8.524,4.694,-0.2571491,0.16688347,-0.19989586,-0.34241217,0.12792198,9.824644
-0.892,8.84,4.679,-0.22913122,0.11860561,-0.26685524,-0.334299,0.14682797,9.739822
-1.093,8.926,4.567,-0.1867578,0.08260536,0.009346962,-0.18007909,-0.026417365,9.899725
-1.246,8.977,4.531,-0.122175336,0.17492914,-0.09199715,-0.18033567,0.12429318,9.884242
-1.28,8.974,4.512,-0.056390405,0.32055712,0.12072039,-0.0663281,0.12350351,10.124231
-1.042,8.922,4.693,-0.013577938,0.3842106,0.5686822,0.13568054,-0.08354034,10.474342
-0.808,8.83,4.687,-0.123492,0.2882061,0.6121917,0.07293569,-0.22103772,10.453887
-0.677,8.708,4.555,-0.20975268,0.0674448,0.57239103,0.024250746,-0.38452503,10.283859
-0.681,8.657,4.656,-0.21361291,0.021152496,-0.07890034,-0.22696747,-0.027004179,9.798918
-0.708,8.683,4.887,-0.1867522,0.16723585,-0.6127882,-0.44331142,0.40427038,9.526663
-0.663,8.8,5.056,-0.1489557,0.45357466,-0.50985956,-0.4261338,0.5532721,9.793404
-0.797,8.824,5.075,-0.09270668,0.58828354,0.035954,-0.18790704,0.3414472,10.25839
-1.026,8.885,5.157,0.0049717426,0.50247765,0.6766019,0.16844094,-0.058950506,10.630331
-1.045,8.959,5.328,-0.016939402,0.36410093,0.78926563,0.2208424,-0.22988467,10.615462
-0.97,8.906,5.3,-0.09072614,0.27050972,0.72044563,0.14677234,-0.283839,10.512584
-0.93,8.812,5.256,-0.09283948,0.24714518,0.30923033,-0.0122398585,-0.055463012,10.209263
-0.833,8.858,5.322,-0.12961113,0.30156803,-0.29753637,-0.29647192,0.32839972,9.829641
-0.835,8.885,5.42,-0.06692302,0.44546652,-0.19394302,-0.22991835,0.39070633,9.993785
-0.782,8.781,5.369,-0.009565353,0.5794158,-0.043875217,-0.14812076,0.4161972,10.184247
-0.752,8.633,5.013,-0.0021344423,0.6150603,-0.08707857,-0.1670886,0.4689969,10.178147
-0.826,8.633,4.96,-0.02647698,0.62523365,0.17824316,-0.08698855,0.30678403,10.373841
-0.9,8.754,5.032,-0.06337118,0.60239744,0.5582442,0.033961087,0.049610555,10.628186
-0.939,8.834,5.078,-0.040572524,0.4946766,0.8117137,0.17647256,-0.16403309,10.727075
-1.009,8.93,4.984,-0.16868865,0.34611225,0.8250551,0.09931621,-0.3273857,10.650405
-1.359,9.164,3.917,-0.409294,0.2283907,0.6412549,-0.16243336,-0.40047163,10.473081
-1.44,9.146,3.413,-0.3092116,0.27537727,0.42388391,-0.1682922,-0.19669534,10.339672
-1.221,8.952,3.891,-0.15983975,0.28944254,0.043301105,-0.1878882,0.10280006,10.062249
-1.002,8.839,4.733,-0.027516484,0.26625633,-0.07503986,-0.11174661,0.213834,9.944737
-0.958,8.78,5.129,0.18881512,0.37857914,0.09251785,0.12270976,0.28288254,10.11071
-1.0,8.742,5.271,0.4329142,0.37701178,0.15932465,0.36689004,0.34685567,10.1229105
-0.941,8.716,5.24,0.618265,0.32347584,0.29171467,0.5968614,0.3104583,10.152132
-0.763,8.73,5.038,0.6730046,0.35488224,0.55042744,0.7426651,0.19851746,10.345989
-0.805,8.761,4.869,0.12055457,0.26875448,0.63634634,0.30155486,-0.14749528,10.422288
-1.212,9.053,3.791,0.103946686,-0.0443058,-0.25156355,0.0037704243,0.16438213,9.585253
-1.205,9.179,3.493,-0.47882164,0.53781605,-0.27909803,-0.6457223,0.338587,10.061236
-0.912,8.969,4.525,-0.089613676,0.10413885,-0.02955389,-0.112348795,0.05259582,9.872682
-0.79,8.757,4.779,-0.3543675,0.07030153,-0.094341755,-0.36959624,-0.038026508,9.843686
-0.722,8.822,4.771,-0.50050974,0.052444458,0.10265303,-0.42222798,-0.22868346,9.988929
-0.722,8.822,4.771,-0.7290524,0.30650377,0.41792965,-0.5578023,-0.3453621,10.414687
-1.438,9.298,3.707,-0.7514529,0.5901518,0.37023115,-0.65870136,-0.14674732,10.57776
-1.094,9.094,4.082,-0.88875175,0.7196264,0.26276064,-0.8588413,-0.0706442,10.603007
-0.903,8.984,4.566,-0.77998173,0.95731735,0.0119485855,-0.92501456,0.26102468,10.58201
-0.977,8.893,4.879,-0.49804044,1.1784115,-0.08497715,-0.78733087,0.55709,10.651446
-0.702,9.03,4.724,-0.3128656,1.4154787,0.09004831,-0.634659,0.65943736,10.934446
-0.659,9.092,4.851,-0.34239703,1.3474736,0.7965307,-0.40513083,0.10268941,11.353488
-0.856,9.103,4.859,0.6546544,1.2338796,1.0907569,0.5838139,0.27760836,11.456765
-1.477,9.1,4.734,0.7370268,0.97225857,0.9447684,0.6625517,0.20986736,11.184353
-1.356,9.111,4.673,0.2554419,0.6606002,0.67558336,0.24834257,-0.01974345,10.753219
-1.195,9.098,4.437,-0.054189205,0.1177721,0.5757947,0.1267046,-0.39614597,10.225411
-1.198,9.081,4.197,-0.17015862,-0.07960987,0.4475999,0.04637427,-0.4530682,9.974628
-1.201,9.128,4.018,-0.2703758,-0.11709213,0.3498745,-0.06431024,-0.4486517,9.868305
-1.211,9.082,3.904,0.010680079,-0.18004894,0.6936145,0.32536945,-0.6032306,10.016127
-1.054,9.031,3.896,-0.2375722,-0.25012493,0.35234165,0.008432211,-0.48886925,9.742746
-1.113,9.033,3.621,-0.43043286,-0.30080128,0.27946424,-0.16973647,-0.5427095,9.63198
-1.315,9.087,3.708,-0.25873494,-0.22937965,0.447196,0.0150397755,-0.56482846,9.789752
-1.223,9.076,4.086,-0.33183074,-0.34213352,0.5145006,0.012256355,-0.6936157,9.70357
-1.157,9.1,4.257,-0.5978718,-0.41996288,-0.11628771,-0.42421627,-0.33009788,9.298302
-1.375,9.197,3.966,-0.60362405,-0.26506424,-0.4475503,-0.6017532,-0.0013145134,9.284335
-1.421,9.25,3.818,-0.5406328,-0.26239967,-0.5692172,-0.5922632,0.13371454,9.244076
-1.283,9.22,3.843,-0.29975927,-0.030265808,-0.76937485,-0.5323496,0.48699397,9.403971
-1.382,9.194,3.924,0.30262864,0.23680592,-0.55164695,-0.019589921,0.6714618,9.833681
-1.599,9.213,3.875,0.41444933,0.16818142,0.12254572,0.34677994,0.14444591,10.0785885
-1.774,9.253,3.9,-0.070246935,-0.10307598,0.01823616,-0.018804736,-0.07868567,9.70997
-1.813,9.389,3.95,-0.5685036,-0.17080688,-0.9637599,-0.7892815,0.4857978,9.156852
-2.008,9.47,3.562,-0.6102264,0.077599525,-1.8814054,-1.2531347,1.3040489,9.002165
-2.13,9.488,3.258,-0.18785644,0.40680122,-2.5398943,-1.2553756,2.1435637,9.113104
-2.131,9.455,3.311,0.16629314,0.14215088,-1.6557281,-0.5304575,1.498597,9.294676
-2.014,9.44,3.668,0.10586047,-0.028305054,-0.09175992,0.0660198,0.11991987,9.765566
-1.951,9.389,3.711,-0.018831491,0.2378931,0.6907878,0.15056969,-0.5166921,10.301112
-1.862,9.389,3.551,1.335141,0.68550396,1.1211939,1.271478,-0.084811635,11.179874
-1.706,9.353,3.407,1.8513768,0.686985,1.0415597,1.6667076,0.24320142,11.272029
-1.483,9.259,3.568,0.9407351,0.62267685,0.2616601,0.63998455,0.41993645,10.6757
-1.264,9.194,4.006,0.46899366,0.08080864,0.545269,0.5656669,-0.19198371,10.215266
-1.145,9.146,4.237,-0.16852498,-0.25764465,0.23939991,0.044859294,-0.35779265,9.658104
-1.116,9.004,4.558,-0.012896419,0.058470726,-0.9463787,-0.38168454,0.7674443,9.400984
-1.119,8.955,4.506,0.33355558,-0.024365425,-0.85817504,-0.021812519,0.8360425,9.420807
-1.142,8.957,4.416,0.20792687,-0.2695341,-0.1397891,0.22512117,0.108906455,9.53668
-1.146,9.028,4.241,-0.44832838,-0.23963451,0.41147804,-0.15591832,-0.63372374,9.763981
-0.894,9.209,4.058,-0.7644151,-0.08883381,0.78639555,-0.36085093,-0.997903,10.097539
-0.678,9.226,3.679,-0.9676908,-0.17822886,0.6540437,-0.5617694,-1.0291299,9.9524975
-0.484,9.044,3.808,-0.6326093,0.24289417,0.19352102,-0.563995,-0.31603584,10.087138
-0.612,8.873,4.133,-0.1603947,0.56541634,0.12379265,-0.25822446,0.13133036,10.332787
-0.806,8.913,4.867,-0.24030456,0.7281742,0.41431808,-0.25900555,-0.006001347,10.63883
-0.864,8.952,5.435,-0.19300422,0.87638426,0.5938754,-0.17772974,-0.010564145,10.867917
-0.884,9.004,5.523,0.057661235,1.0920234,0.527513,-0.014104439,0.28113097,10.9876995
-0.933,9.046,4.892,-0.128762,1.0566969,-0.09041214,-0.3833704,0.62218076,10.585931
-0.958,9.094,4.473,-0.22981817,1.0951223,-0.4426241,-0.59893686,0.85548604,10.404515
-1.192,9.198,4.11,-0.23348546,1.1563907,-0.3553295,-0.5723517,0.8371893,10.506323
-1.441,9.319,3.216,-0.21238995,0.95295286,-0.15412378,-0.43186972,0.59180266,10.470157
-0.914,9.211,3.077,-0.055425286,0.90520954,0.082722664,-0.1871143,0.46794626,10.56516
-0.557,8.876,3.926,-0.012054682,0.8982258,0.52683353,0.022243984,0.17970255,10.832186
-0.978,8.869,5.078,0.22201669,0.8280277,0.8706784,0.38120168,-0.005543184,10.967536
-0.978,8.943,5.481,0.19302404,0.5870385,0.4301591,0.2410271,0.13839705,10.50641
-0.753,8.962,5.206,-0.045399904,0.57282495,-0.01458025,-0.13220778,0.34631363,10.245957
-0.726,8.93,4.862,-0.029270291,0.49526453,0.24785662,-0.0032163258,0.12455003,10.347071
-0.924,8.983,4.094,-0.38749683,0.24879313,-0.0059304237,-0.38978437,0.018361393,10.051229
-0.673,9.076,3.793,-0.4559245,0.16967583,-0.21190071,-0.5180331,0.09037359,9.877594
-0.673,9.076,3.793,-0.4768089,0.23490477,-0.38975334,-0.6097895,0.24939136,9.826538
-0.673,9.076,3.793,-0.46305537,0.35683155,-0.74264765,-0.74203014,0.5768275,9.706977
-0.673,9.076,3.793,-0.31430137,0.403718,-0.9276371,-0.68055165,0.78742313,9.608917
-0.673,9.076,3.793,-0.16439283,0.3068285,-0.792665,-0.4830398,0.68560255,9.591921
-0.673,9.076,3.793,-0.061798573,0.29143858,-0.68067455,-0.3458119,0.6338427,9.631345
-1.075,9.291,3.929,0.119235516,0.3587036,-0.5240607,-0.1282441,0.6306988,9.7492285
-1.304,9.26,4.089,0.23441541,0.3291049,-0.30352306,0.06327432,0.5001401,9.841917
-1.418,9.259,4.226,0.32071102,0.3741684,-0.271976,0.14730853,0.53772444,9.883987
-1.177,9.29,4.322,0.43740654,0.45450878,-0.3326583,0.22137864,0.672496,9.892115
-1.032,9.256,4.208,0.25878584,0.47818375,-0.47255707,8.797862E-4,0.7188066,9.854146
-0.902,9.174,3.971,0.08664942,0.4129901,-0.37126255,-0.11145285,0.5439986,9.893531
-0.8,9.2,3.846,0.016988873,0.39980078,-0.17797852,-0.21525879,-0.32236502,10.010488
-0.739,9.2,3.87,0.11662996,0.4276595,0.0057635307,0.06000681,0.3007312,10.126788
-0.574,9.166,4.001,0.12711024,0.4619832,-0.0019931793,0.063377365,0.33161637,10.146655
-0.625,9.129,4.02,0.10461354,0.49497652,-0.11089897,-0.002887145,0.41965613,10.110171
-0.826,9.156,4.109,0.22819614,0.54876566,-0.20928526,0.06569374,0.5669639,10.073585
-0.94,9.212,4.51,0.348848,0.5460386,0.41000223,0.41764757,0.17859152,10.424413
-1.778,9.261,3.884,0.012742162,0.5011196,0.56247616,0.023250898,0.19172035,10.534914
-2.255,9.382,3.126,-0.18693995,0.5595646,0.27392626,-0.12192231,0.087413825,10.43957
-2.114,9.644,2.713,-0.2621621,0.5744071,0.064136505,0.019568896,-0.3469158,10.337736
-2.407,9.992,1.204,-0.31410825,0.6038065,-0.08250141,-0.37829778,0.3180043,10.281852
-1.646,10.047,2.46,-0.39273155,0.69983435,-0.3020048,0.050918434,-0.73889816,10.23868
-2.124,9.775,4.015,-0.22205389,0.76940775,-0.23964357,-0.372945,0.56248933,10.299846
-2.341,9.647,3.87,0.17572951,0.8169937,-0.124231815,-0.46277162,-0.4699871,10.334616
-1.913,9.506,2.764,0.15907836,0.840281,-0.2209096,-0.026532022,0.7345937,10.296393
-1.178,9.432,3.402,0.044655323,0.8562274,-0.27050734,-0.3668341,-0.6571415,10.298474
-1.018,9.404,3.635,0.14428914,0.813077,-0.27304888,-0.061153624,0.7480126,10.246204
-0.952,9.248,3.802,0.26190114,0.77946854,-0.19171476,-0.52240616,-0.4931682,10.250264
-1.045,9.124,3.583,0.4007343,0.69985867,0.20359468,0.37100804,0.44604847,10.402666
-1.015,9.062,3.59,0.417817,0.66952133,0.45292187,0.4913297,0.2648263,10.52528
-1.006,9.014,3.712,0.34648466,0.67035866,0.30025053,0.36393785,0.34341136,10.446338
-1.053,9.052,3.711,0.40245223,0.60940266,-0.14500666,-0.67318964,-0.04676095,10.121285
-1.137,9.362,3.451,0.5325953,0.48378754,-0.3524971,0.282412,0.7465326,9.876615
-1.858,9.734,1.767,0.5913274,0.35831022,-0.3649478,-0.47660506,0.61806333,9.760979
-1.823,9.79,1.452,0.6289432,0.34347725,-0.23916721,0.43104178,0.62035185,9.817308
-1.247,9.519,2.514,0.57198226,0.3443408,-0.12087774,-0.28895456,0.6067657,9.899853
-1.489,9.282,2.966,0.39369857,0.31248713,-0.083180904,0.28443974,0.40398842,9.93096
-1.21,9.387,3.155,0.3234192,0.3831606,-0.13897467,-0.45554036,0.19394718,9.966627
-1.004,9.448,3.744,0.46741438,0.48483324,0.07266474,0.3924024,0.43326837,10.148876
-1.154,9.234,4.078,0.4572661,0.5453377,0.1217823,-0.4565118,0.36687857,10.228923
-1.374,9.141,4.365,0.2220484,0.46150064,-0.099552155,0.09969793,0.4377389,10.072439
-1.218,9.211,4.357,-0.16609251,0.3442526,-0.31222343,-0.1361646,-0.46047863,9.920661
-1.025,9.303,4.421,-0.26466846,0.30328608,-0.5304718,-0.49922937,0.43963528,9.776263
-1.22,9.25,4.553,-0.27694273,0.35477924,-0.74133825,-0.16873531,-0.8431388,9.693541
-1.19,9.3,4.424,-0.18079841,0.48755074,-0.5583215,-0.4586764,0.6042417,9.888044
-1.151,9.331,4.071,0.17119849,0.5311794,-0.1873498,-0.517362,0.064246096,10.080093
-1.336,9.395,3.167,0.35426617,0.5171685,0.019638062,0.26100865,0.447564,10.160084
-1.477,9.516,2.488,0.3698964,0.51617527,0.078240395,0.29979166,0.41470385,10.190743
-0.982,9.277,3.708,0.04515612,0.49025297,0.025982857,-0.009954678,0.30331534,10.195189
-1.055,9.095,4.311,-0.09480381,0.54274607,-0.25424528,-0.5043305,-0.18224102,10.090626
-1.207,9.165,4.108,-0.014164805,0.71319866,-0.52013063,-0.3231736,0.7858905,10.046074
-1.058,9.268,4.471,0.17285848,0.8644366,-0.42038155,-0.8963621,0.0697945,10.188111
-1.13,9.253,4.465,0.14522743,0.8334389,-0.19258022,-0.05916412,0.7073655,10.305581
-1.375,9.183,4.233,-0.11528957,0.6768031,-0.1808734,-0.55669564,-0.08963104,10.238072
-1.529,9.24,4.083,-0.35077155,0.54183245,-0.1070838,-0.43144345,0.26686656,10.219842
-1.465,9.455,3.163,-0.31294703,0.6026387,0.0077695847,-0.3589967,0.24267572,10.329526
-1.291,9.564,2.168,-0.13732684,0.6782255,-0.21706629,-0.31115088,0.5092119,10.218784
-0.976,9.169,3.621,0.23183048,0.8691597,-0.69024515,-0.21593654,1.0935537,10.014338
-1.292,8.997,4.222,0.4386214,0.9375324,-0.63563824,-0.024192367,1.1867803,10.064251
-1.209,9.112,4.237,0.6265476,0.79969263,-0.15795803,0.36484918,0.8678111,10.219939
-1.019,9.15,4.406,0.31448698,0.68314314,0.039417267,0.18731774,0.53513134,10.302319
-0.963,9.165,4.595,0.04614389,0.5528116,0.10553312,-0.004331246,0.2978211,10.286389
-1.082,9.152,4.479,-0.081166625,0.48131323,-0.04131031,-0.16981462,0.2949907,10.15893
-1.679,9.452,2.792,-0.15893853,0.38830662,-0.35518074,-0.35766125,0.40671566,9.900764
-1.483,9.407,2.852,-0.2951876,0.26291943,-0.4680333,-0.5058053,0.34165552,9.754208
-1.048,9.2,4.325,-0.59077287,0.16508293,-0.6843996,-0.8438416,0.29061356,9.587236
-1.16,9.067,4.604,-0.5496305,0.20883226,-0.9359703,-0.92191494,0.4931784,9.448052
-0.99,9.118,4.461,-0.11590397,0.45569706,-0.5492916,-0.42115852,0.5877302,9.810316
-0.894,9.152,4.254,0.63251096,0.8340502,-0.20435,0.30603743,0.94070756,10.205245
-0.955,9.158,4.21,1.1850338,1.1624932,0.3240013,0.93880373,1.0718327,10.717964
-1.081,9.18,4.57,1.0088836,1.1927853,0.89218235,1.006178,0.6663326,11.140884
-0.996,9.198,4.803,0.56505615,1.15242,1.1591139,0.7313873,0.27859017,11.3488455
-1.082,9.125,4.486,-0.076014996,1.0738955,0.4152832,-0.12721838,0.39828405,10.882139
-1.207,9.111,3.964,-0.6767049,0.90239334,-0.24462652,-0.89436334,0.42530474,10.399368
-1.538,9.446,2.783,-0.8282993,0.82707024,-0.55926657,-1.1432663,0.5027586,10.15748
-1.447,9.513,1.656,-0.8397198,0.7627907,-0.72697115,-1.210618,0.55857867,10.001225
-0.908,9.199,2.962,-0.9542122,0.8668995,-0.6221652,-1.2922277,0.5038285,10.1608095
-0.79,9.024,4.61,-0.7972567,1.0123463,-0.06938934,-0.957803,0.3199472,10.610098
-0.945,9.111,5.575,-0.15922844,0.90592194,0.5024681,-0.13788134,0.18971369,10.8281765
-1.127,9.124,4.953,0.15919936,0.6486192,0.20131207,0.06838255,0.35950816,10.400499
-1.312,9.178,4.301,0.050168753,0.4107461,-0.24327135,-0.16251084,0.43012825,9.944454
-1.355,9.344,4.167,-0.26760232,0.20149851,-0.242311,-0.38715118,0.14364499,9.826832
-1.593,9.604,3.026,-0.7207689,-0.07998228,0.53817415,-0.36741322,-0.7326845,10.18575
-1.364,9.629,2.257,-0.76995945,-0.0929575,0.4908309,-0.42206943,-0.7398276,10.148565
-1.039,9.244,3.424,-0.59305394,0.2567706,-0.2515459,-0.6875691,0.0099563105,9.896481
-1.186,9.014,4.201,-0.11781943,0.65215683,-0.59024525,-0.5428659,0.694177,9.911507
-1.12,9.006,4.776,0.036047935,0.8811207,-0.50998735,-0.4456906,0.8634163,10.112646
-1.112,9.037,5.009,0.059236765,0.99579287,0.009938717,-0.23156548,0.6377084,10.538031
-1.02,9.027,4.503,0.42711318,1.0856986,0.47919703,0.25655115,0.6140821,10.878043
-1.058,9.025,4.064,0.8233314,1.1903958,0.4432521,0.53161,0.91485465,10.889157
-1.333,9.086,3.89,0.9958405,1.2324739,0.23220015,0.5573146,1.1599365,10.759832
-1.312,9.169,3.817,1.017809,1.1732764,0.13471222,0.54382306,1.1953729,10.646891
-1.216,9.242,3.344,0.83709437,1.0209742,-0.08544254,0.33510014,1.1317929,10.404284
-1.255,9.265,3.256,0.69153285,1.003314,-0.3793459,0.07888631,1.2094406,10.2063875
-1.382,9.247,3.383,0.726367,1.1040063,-0.38473606,0.070007384,1.2948444,10.268105
-1.396,9.265,3.511,0.81604266,0.9368596,0.036842823,0.3938881,1.007905,10.418179
-1.37,9.279,3.538,0.38092238,0.5583439,0.2798028,0.26893714,0.4009904,10.356213
-1.27,9.286,3.942,-0.26539207,0.36217117,0.28376436,-0.20265734,-0.075531274,10.291777
-1.215,9.272,4.131,-0.13615596,0.4797349,0.35640526,-0.10144957,0.03244815,10.4102745
-1.061,9.261,4.145,0.3120759,0.62896633,0.5807066,0.32264507,0.25461286,10.619843
-1.182,9.252,4.145,0.13932526,0.59357166,0.3337493,0.07656142,0.27722156,10.439433
-1.238,9.252,4.222,-0.3452022,0.4632721,0.37323284,-0.26796067,-0.08450982,10.434458
-1.197,9.28,4.386,-0.3691827,0.39721918,0.961391,-0.0044645374,-0.44502637,10.81674
-1.07,9.272,4.318,-0.15043175,0.42161512,1.0165067,0.19157004,-0.33444598,10.848342
-1.195,9.243,4.011,0.38327658,0.5298724,0.6877341,0.44823962,0.20140974,10.618537
-1.391,9.283,3.834,0.7642766,0.44987202,0.2747345,0.3939713,0.7334132,10.217594
-1.341,9.408,3.973,0.08204138,0.14562416,0.13844681,0.08009399,0.06951591,9.996011
-1.256,9.384,3.917,-0.20260012,-0.26977682,-0.025599957,-0.085406646,-0.27589664,9.630387
-1.084,9.34,3.633,0.1036728,-0.5757098,-0.12416172,0.23352207,-0.2544085,9.3184395
-1.165,9.276,3.503,0.7449685,-0.65731,0.11737633,0.9014174,-0.06266927,9.377312
-1.193,9.276,3.86,0.9387307,-0.6858382,0.2932992,1.1516528,-0.048764795,9.476602
-1.098,9.288,4.011,0.9017755,-0.67028856,0.11286402,1.0380868,0.0409273,9.364017
-1.313,9.324,3.829,0.8540424,-0.8339343,-0.60674334,0.74760896,0.28092405,8.731878
-2.059,9.457,3.146,0.72205037,-1.0633888,-0.8096552,0.6491751,0.16289851,8.442931
-2.093,9.714,2.421,0.44175112,-1.4343596,-0.03482437,0.92117983,-0.62949526,8.802204
-1.557,9.857,2.483,0.23671553,-1.6886992,1.0669928,1.3423932,-1.4645048,9.4913435
-1.608,9.71,2.968,0.33001685,-1.5391736,1.1814909,1.4065156,-1.3712401,9.682953
-1.878,9.361,3.489,0.4342373,-1.0616322,0.5639372,1.0300995,-0.701596,9.523263
-1.51,9.188,3.398,0.79053247,-0.44802618,0.25622702,0.9318121,0.04977663,9.663229
-1.005,9.291,3.163,1.1479261,0.048531055,0.24868631,1.012591,0.5794587,9.950949
-0.933,9.284,3.271,0.7956709,0.32900667,0.31659698,0.64285624,0.5205941,10.203249
-1.043,9.207,3.581,0.3429949,0.32440948,0.52955675,0.36634737,0.15327789,10.39454
-1.167,9.344,3.534,-0.12350571,0.31445503,-0.14687681,-0.19949588,0.18608958,10.054201
-1.395,9.382,3.579,-0.34485698,0.35044384,-0.09504175,0.0,0.0,0.0
-1.716,9.45,3.524,-0.65888023,0.4184599,-0.14808011,0.0,0.0,0.0
-1.794,9.532,3.136,-0.73903155,0.5004597,-0.5366993,0.0,0.0,0.0
-1.794,9.532,3.136,-0.73903155,0.5004597,-0.5366993,0.0,0.0,0.0
-1.794,9.532,3.136,-0.73903155,0.5004597,-0.5366993,0.0,0.0,0.0
-1.794,9.532,3.136,-0.73903155,0.5004597,-0.5366993,0.0,0.0,0.0
-1.156,9.361,3.714,-0.16461462,0.3572998,-0.043779373,0.0,0.0,0.0
-1.142,9.385,3.8,-0.1591267,0.3855486,0.029824734,0.0,0.0,0.0
-1.127,9.371,3.921,-0.16827649,0.38277817,0.11796379,0.0,0.0,0.0
-1.059,9.339,4.249,-0.112430096,0.3562889,0.4299295,0.0,0.0,0.0
-1.024,9.226,4.302,-0.08450365,0.24304962,0.48174763,0.0,0.0,0.0
-1.058,9.149,4.052,-0.121470094,0.16060448,0.24384952,0.0,0.0,0.0
-1.082,9.114,3.839,-0.14494294,0.11730862,0.050617456,0.0,0.0,0.0
-1.111,9.187,3.646,-0.16911519,0.18265438,-0.122951746,0.0,0.0,0.0
-1.279,9.277,3.612,-0.3292749,0.26609135,-0.13925862,0.0,0.0,0.0
-1.524,9.433,3.385,-0.56749034,0.41506577,-0.34760332,0.0,0.0,0.0
-1.706,9.729,2.232,-0.7398862,0.7088728,-1.4928243,0.0,0.0,0.0
-1.319,9.583,2.651,-0.35706913,0.5676193,-1.0863752,0.0,0.0,0.0
-1.489,9.429,3.401,-0.5456874,0.43046665,-0.38145185,0.0,0.0,0.0
-1.468,9.353,3.925,-0.54410267,0.37552834,0.088098764,0.0,0.0,0.0
-1.423,9.264,4.099,-0.52140844,0.30379963,0.21669054,0.0,0.0,0.0
-1.343,9.232,3.914,-0.47087985,0.28633308,-0.008348703,0.0,0.0,0.0
-1.166,9.356,3.778,-0.324682,0.4248171,-0.18388462,0.0,0.0,0.0
-1.277,9.448,3.681,-0.4622771,0.5279913,-0.31149936,0.0,0.0,0.0
-1.443,9.426,3.601,-0.6650475,0.51889896,-0.4274881,0.0,0.0,0.0
-1.251,9.297,3.839,-0.51812214,0.40693283,-0.23530602,0.0,0.0,0.0
-1.044,9.141,4.355,-0.37237823,0.27629948,0.21538544,0.0,0.0,0.0
-0.819,9.012,4.606,-0.2130763,0.17043877,0.40718555,0.0,0.0,0.0
-0.532,9.067,4.431,0.0147765875,0.24207497,0.18928957,0.0,0.0,0.0
-0.556,9.07,4.034,-0.036117733,0.2537117,-0.22899914,0.0,0.0,0.0
-0.447,9.053,4.0,-0.006870955,0.27331638,-0.3466997,0.0,0.0,0.0
-0.116,8.93,4.14,0.2981313,0.16678715,-0.24234629,0.0,0.0,0.0
-0.177,8.81,4.585,0.21555446,0.066179276,0.16211939,0.0,0.0,0.0
-0.556,8.69,4.345,-0.22535768,0.0050354004,-0.19729757,0.0,0.0,0.0
-0.559,8.604,4.508,-0.27522308,-0.0382452,-0.11816883,0.0,0.0,0.0
-0.538,8.745,4.78,-0.30247617,0.14373398,0.07541466,0.0,0.0,0.0
-0.557,8.742,4.92,-0.36835736,0.17633724,0.14881468,0.0,0.0,0.0
-0.324,8.717,5.162,-0.1710016,0.17810535,0.34180784,0.0,0.0,0.0
-0.076,8.627,5.438,0.05989889,0.10184097,0.5930443,0.0,0.0,0.0
0.105,8.611,5.268,0.23800233,0.09018421,0.41533184,0.0,0.0,0.0
0.037,8.609,4.889,0.1753809,0.093458176,0.027234554,0.0,0.0,0.0
-0.496,8.696,4.978,-0.34986824,0.19019318,0.099448204,0.0,0.0,0.0
-0.534,8.759,5.15,-0.383927,0.26262093,0.25516605,0.0,0.0,0.0
-0.449,8.907,5.174,-0.2998228,0.41732693,0.2675128,0.0,0.0,0.0
-0.483,8.986,4.945,-0.33161724,0.5024271,0.028045177,0.0,0.0,0.0
-0.548,8.976,5.085,-0.3904795,0.49725056,0.15992308,0.0,0.0,0.0
-0.202,8.791,5.206,-0.040196642,0.3160324,0.2745576,0.0,0.0,0.0
-0.117,8.699,5.308,0.05414945,0.22765827,0.370646,0.0,0.0,0.0
-0.107,8.709,5.397,0.08299824,0.23611927,0.4629779,0.0,0.0,0.0
-0.1,8.695,5.282,0.12010237,0.21464634,0.36208677,0.0,0.0,0.0
-0.25,8.698,5.094,0.008618623,0.20672321,0.19484377,0.0,0.0,0.0
-0.563,8.858,5.038,-0.25931138,0.35595703,0.16014862,0.0,0.0,0.0
-0.659,9.011,5.108,-0.33570677,0.5043459,0.23945856,0.0,0.0,0.0
-0.588,9.048,5.259,-0.23891461,0.5335274,0.40593195,0.0,0.0,0.0
-0.673,9.03,5.127,-0.30665132,0.50551987,0.2928095,0.0,0.0,0.0
-0.777,9.015,5.025,-0.39333636,0.4791689,0.21222925,0.0,0.0,0.0
-0.817,8.967,5.048,-0.41688773,0.41859436,0.25894308,0.0,0.0,0.0
-0.785,8.924,4.573,-0.36692312,0.35565948,-0.17875004,0.0,0.0,0.0
-0.872,8.868,4.474,-0.4418601,0.28653526,-0.25292253,0.0,0.0,0.0
-0.713,8.924,4.335,-0.28079492,0.33323288,-0.3748083,0.0,0.0,0.0
-0.484,8.952,4.351,-0.057418913,0.35927868,-0.3557582,0.0,0.0,0.0
-0.569,8.899,4.61,-0.14522755,0.30923843,-0.1024065,0.0,0.0,0.0
-0.609,8.804,4.858,-0.18371618,0.21790314,0.13905191,0.0,0.0,0.0
-0.543,8.764,4.85,-0.11474487,0.17865753,0.12995005,0.0,0.0,0.0
-0.559,8.773,4.78,-0.12766689,0.1872263,0.06101322,0.0,0.0,0.0
-0.628,8.838,4.78,-0.18985653,0.2511177,0.063657284,0.0,0.0,0.0
-0.706,8.885,4.837,-0.26023978,0.29525566,0.12658978,0.0,0.0,0.0
-0.617,8.863,4.722,-0.16397691,0.26723957,0.023272514,0.0,0.0,0.0
-0.597,8.833,4.479,-0.14016798,0.23305416,-0.21169662,0.0,0.0,0.0
-0.572,8.964,4.495,-0.10157326,0.3588848,-0.18485785,0.0,0.0,0.0
-0.679,9.021,4.44,-0.20362389,0.4171381,-0.24166346,0.0,0.0,0.0
-0.733,8.973,4.747,-0.24799064,0.37277317,0.059646606,0.0,0.0,0.0
-0.776,8.924,5.137,-0.28259754,0.33096218,0.4373579,0.0,0.0,0.0
-0.774,8.836,5.249,-0.2767413,0.24966812,0.5375247,0.0,0.0,0.0
-0.705,8.727,5.035,-0.20598346,0.14242363,0.32051373,0.0,0.0,0.0
-0.533,8.754,5.007,-0.034287244,0.17068958,0.29017353,0.0,0.0,0.0
-0.638,8.932,5.125,-0.13763702,0.3496523,0.40659666,0.0,0.0,0.0
-0.798,9.067,5.042,-0.29157555,0.47631454,0.3394451,0.0,0.0,0.0
-0.824,9.041,4.708,-0.3147986,0.444767,0.015892982,0.0,0.0,0.0
-0.832,8.951,4.298,-0.32075232,0.34787655,-0.38123655,0.0,0.0,0.0
-0.793,8.949,4.57,-0.2853918,0.34722042,-0.11210632,0.0,0.0,0.0
-0.785,8.947,4.665,-0.28378034,0.34831142,-0.023470402,0.0,0.0,0.0
-0.748,9.003,4.671,-0.24805793,0.40298843,-0.01517868,0.0,0.0,0.0
-0.705,8.98,4.472,-0.21063313,0.38046646,-0.21564722,0.0,0.0,0.0
-0.479,8.854,4.711,0.010556132,0.25530434,0.02131319,0.0,0.0,0.0
-0.445,8.731,4.995,0.04192397,0.13992405,0.2910986,0.0,0.0,0.0
-0.492,8.701,5.332,-0.0026443303,0.11265755,0.6233587,0.0,0.0,0.0
-0.612,8.776,5.214,-0.11815083,0.18445587,0.51167774,0.0,0.0,0.0
-0.635,8.853,4.889,-0.1371224,0.25856876,0.19237995,0.0,0.0,0.0
-0.612,8.978,4.825,-0.112342,0.3839941,0.12778854,0.0,0.0,0.0
-0.763,8.949,5.008,-0.261761,0.3542862,0.31225157,0.0,0.0,0.0
-0.84,8.944,5.153,-0.33348638,0.34284306,0.4696355,0.0,0.0,0.0
-0.835,8.935,4.857,-0.32497483,0.3253441,0.18965864,0.0,0.0,0.0
-0.662,8.939,4.641,-0.15540111,0.32463264,-0.018015862,0.0,0.0,0.0
-0.655,8.901,4.834,-0.15678808,0.28608704,0.17509174,0.0,0.0,0.0
-0.656,8.895,4.946,-0.1646353,0.27824974,0.28976393,0.0,0.0,0.0
-0.53,8.878,4.859,-0.042315543,0.25752068,0.20928049,0.0,0.0,0.0
-0.587,8.795,4.819,-0.10406381,0.17090225,0.17549992,0.0,0.0,0.0
-0.63,8.722,4.843,-0.15004185,0.096022606,0.20268154,0.0,0.0,0.0
-0.479,8.626,4.913,-0.0051873922,-0.010294914,0.29128218,0.0,0.0,0.0
-0.527,8.558,4.741,-0.05240053,-0.08285141,0.12788248,0.0,0.0,0.0
-0.668,8.726,4.54,-0.18988171,0.08119583,-0.065338135,0.0,0.0,0.0
-0.609,8.954,4.685,-0.11981055,0.29933357,0.09938812,0.0,0.0,0.0
-0.748,8.95,4.64,-0.24925247,0.28767872,0.069898605,0.0,0.0,0.0
-1.075,8.822,4.52,-0.56495273,0.15225124,-0.034745216,0.0,0.0,0.0
-1.013,8.876,4.558,-0.49268478,0.19942379,0.01744175,0.0,0.0,0.0
-0.788,9.009,4.631,-0.25901073,0.32569122,0.10433483,0.0,0.0,0.0
-0.803,9.056,4.629,-0.2625355,0.36380005,0.12079382,0.0,0.0,0.0
-0.81,9.012,4.525,-0.26145124,0.31200218,0.032841682,0.0,0.0,0.0
-0.639,8.927,4.606,-0.087005496,0.22250938,0.12297249,0.0,0.0,0.0
-0.584,8.809,4.778,-0.030959368,0.10100651,0.3019066,0.0,0.0,0.0
-0.362,8.776,4.96,0.19143659,0.0650444,0.48972988,0.0,0.0,0.0
-0.159,8.744,4.993,0.40803534,0.015860558,0.5580907,0.0,0.0,0.0
-0.254,8.81,4.974,0.33666235,0.06396103,0.5776043,0.0,0.0,0.0
-0.514,8.951,4.714,0.10578781,0.18580341,0.35997105,0.0,0.0,0.0
-0.868,9.162,4.474,-0.21747887,0.37961292,0.15927267,0.0,0.0,0.0
-1.185,9.371,4.025,-0.5158108,0.5755892,-0.2602415,0.0,0.0,0.0
-1.338,9.467,3.895,-0.6569422,0.6652708,-0.37537336,0.0,0.0,0.0
-1.431,9.252,4.286,-0.7496882,0.4446659,0.027236938,0.0,0.0,0.0
-1.333,9.09,4.188,-0.66278315,0.27771187,-0.062267303,0.0,0.0,0.0
-0.832,9.228,4.029,-0.16336131,0.4091463,-0.20788193,0.0,0.0,0.0
-0.674,9.52,4.057,-0.008566856,0.702178,-0.18252563,0.0,0.0,0.0
-0.985,9.577,4.248,-0.31821734,0.7638464,-0.0010113716,0.0,0.0,0.0
-1.39,9.483,4.351,-0.72586614,0.67644405,0.08791542,0.0,0.0,0.0
-1.39,9.483,4.351,-0.7331793,0.6803198,0.07878828,0.0,0.0,0.0
-0.665,9.24,5.113,-0.026769817,0.4361124,0.84045744,0.0,0.0,0.0
-0.665,9.24,5.113,-0.026769817,0.4361124,0.84045744,0.0,0.0,0.0
-0.507,8.442,4.47,0.11385143,-0.36725426,0.20597029,0.0,0.0,0.0
-0.842,8.954,3.849,-0.21441472,0.12842178,-0.38014746,0.0,0.0,0.0
-0.738,9.659,3.202,-0.0969221,0.803442,-0.96195054,0.0,0.0,0.0
-1.171,9.761,3.065,-0.51381665,0.88111687,-1.0442805,0.0,0.0,0.0
-1.171,9.761,3.065,-0.5064925,0.875165,-1.030211,0.0,0.0,0.0
-1.227,9.617,3.641,-0.5568808,0.725729,-0.441478,0.0,0.0,0.0
-1.06,9.378,3.791,-0.39269012,0.4819746,-0.28156996,0.0,0.0,0.0
-0.763,9.334,3.866,-0.1037001,0.43307495,-0.19716144,0.0,0.0,0.0
-0.427,9.307,3.791,0.21771187,0.40012836,-0.26144934,0.0,0.0,0.0
-0.427,9.307,3.791,0.20995265,0.39739704,-0.25667048,0.0,0.0,0.0
-0.288,9.083,3.744,0.34895265,0.17339706,-0.3036704,0.0,0.0,0.0
-0.238,9.109,3.574,0.38820776,0.19643497,-0.46882248,0.0,0.0,0.0
-0.163,9.175,3.554,0.45775223,0.26795387,-0.50180817,0.0,0.0,0.0
-0.278,9.308,3.984,0.33103424,0.40355492,-0.0792892,0.0,0.0,0.0
-0.477,9.46,4.167,0.12548447,0.55920315,0.09475088,0.0,0.0,0.0
-0.477,9.46,4.167,0.12548447,0.55920315,0.09475088,0.0,0.0,0.0
-0.319,9.321,3.891,0.28050053,0.42228127,-0.18622994,0.0,0.0,0.0
-0.457,8.994,3.963,0.14097884,0.09845543,-0.12136912,0.0,0.0,0.0
-0.468,8.989,4.106,0.12727243,0.10937691,-0.013261318,0.0,0.0,0.0
-0.435,9.072,4.179,0.16184449,0.19712543,0.0497427,0.0,0.0,0.0
-0.643,9.182,4.145,-0.040329754,0.30910778,0.012332916,0.0,0.0,0.0
-0.669,9.234,4.046,-0.06632978,0.36110783,-0.08666706,0.0,0.0,0.0
-0.548,9.42,3.593,0.0641219,0.5413084,-0.52580166,0.0,0.0,0.0
-0.611,9.449,3.526,0.007982731,0.5719271,-0.5952668,0.0,0.0,0.0
-1.055,9.272,4.049,-0.42329514,0.41331768,-0.109734535,0.0,0.0,0.0
-0.739,9.019,4.808,-0.10853958,0.17155647,0.62521887,0.0,0.0,0.0
-0.736,8.989,5.039,-0.09941006,0.15800476,0.82252693,0.0,0.0,0.0
-0.937,9.054,5.254,-0.2864769,0.22155666,1.0426884,0.0,0.0,0.0
-0.978,9.118,4.927,-0.3245554,0.27173424,0.7452555,0.0,0.0,0.0
-0.339,9.053,4.285,0.3106783,0.198987,0.11909723,0.0,0.0,0.0
-0.192,9.071,4.104,0.45390967,0.20926857,-0.04604864,0.0,0.0,0.0
-0.25,9.233,3.698,0.4065991,0.3549862,-0.41540766,0.0,0.0,0.0
-0.812,9.305,3.31,-0.13945699,0.41370296,-0.7720218,0.0,0.0,0.0
-0.728,9.157,3.676,-0.051893473,0.2633114,-0.40021944,0.0,0.0,0.0
-0.46,9.052,4.266,0.20639512,0.16577435,0.17194366,0.0,0.0,0.0
-0.408,8.985,4.693,0.24879968,0.114528656,0.56338406,0.0,0.0,0.0
-0.445,9.021,4.836,0.21207082,0.1546421,0.6976018,0.0,0.0,0.0
-0.614,9.316,4.387,0.047137856,0.4474764,0.2538948,0.0,0.0,0.0
-0.83,9.47,4.036,-0.14537287,0.58394146,-0.055407524,0.0,0.0,0.0
-1.187,9.554,3.591,-0.49766868,0.66175365,-0.48615122,0.0,0.0,0.0
-1.021,9.377,3.577,-0.3426454,0.48686314,-0.50658774,0.0,0.0,0.0
-0.397,9.177,4.257,0.26769543,0.2914486,0.16120386,0.0,0.0,0.0
-0.331,9.01,4.475,0.32743123,0.125391,0.3761506,0.0,0.0,0.0
-0.506,9.036,4.031,0.155613,0.14424229,-0.05180359,0.0,0.0,0.0
-0.498,9.161,3.538,0.16883335,0.26271152,-0.529696,0.0,0.0,0.0
-0.493,9.174,3.463,0.17639753,0.2771139,-0.6073482,0.0,0.0,0.0
-0.69,9.134,3.771,-0.015355051,0.25059986,-0.32783604,0.0,0.0,0.0
-0.724,9.23,4.061,-0.0465976,0.35574722,-0.057148457,0.0,0.0,0.0
-0.687,9.43,4.143,-0.0029537082,0.56208134,0.012324333,0.0,0.0,0.0
-0.813,9.638,3.987,-0.120877266,0.7765274,-0.15614653,0.0,0.0,0.0
-0.925,9.628,3.809,-0.22884148,0.7758913,-0.35343933,0.0,0.0,0.0
-0.891,9.393,3.952,-0.20208275,0.55430317,-0.24004197,0.0,0.0,0.0
-0.751,9.036,4.509,-0.07903409,0.22097778,0.26468325,0.0,0.0,0.0
-0.648,8.801,5.025,0.00683558,2.4700165E-4,0.7485132,0.0,0.0,0.0
-0.433,8.889,5.1,0.21151671,0.091796875,0.8146515,0.0,0.0,0.0
-0.362,9.115,4.677,0.28344625,0.31097603,0.40582705,0.0,0.0,0.0
-0.472,9.387,4.323,0.17626548,0.5756664,0.06735182,0.0,0.0,0.0
-0.621,9.524,4.291,0.026916742,0.7094145,0.042035103,0.0,0.0,0.0
-0.684,9.517,4.444,-0.041237533,0.7010565,0.19707584,0.0,0.0,0.0
-0.723,9.395,4.421,-0.08656162,0.5747719,0.18202877,0.0,0.0,0.0
-0.859,9.116,4.125,-0.22921455,0.2902031,-0.10336542,0.0,0.0,0.0
-0.717,8.824,3.875,-0.10232222,-0.0026350021,-0.35383844,0.0,0.0,0.0
-0.327,8.706,3.858,0.2724397,-0.11881256,-0.37682843,0.0,0.0,0.0
-0.267,8.889,3.952,0.3271571,0.06573486,-0.2867911,0.0,0.0,0.0
-0.408,9.051,3.723,0.1872732,0.22808361,-0.5163603,0.0,0.0,0.0
-0.445,9.124,3.595,0.1566031,0.30249596,-0.6464093,0.0,0.0,0.0
-0.528,9.363,3.676,0.08040017,0.5487423,-0.57947826,0.0,0.0,0.0
-0.814,9.341,3.82,-0.19958925,0.54110336,-0.4642403,0.0,0.0,0.0
-0.929,9.282,4.271,-0.31528193,0.50441456,-0.05886507,0.0,0.0,0.0
-0.83,9.165,4.714,-0.22435546,0.4128418,0.33184242,0.0,0.0,0.0
-0.77,9.02,4.91,-0.1743167,0.29156303,0.47943115,0.0,0.0,0.0
-0.641,8.962,5.043,-0.058209836,0.25318432,0.5722871,0.0,0.0,0.0
-0.521,8.949,5.151,0.047357142,0.2538414,0.65193796,0.0,0.0,0.0
-0.521,8.918,5.36,0.04124093,0.22471428,0.8565502,0.0,0.0,0.0
-0.676,8.851,5.121,-0.114212394,0.15070248,0.63105726,0.0,0.0,0.0
-0.488,8.942,4.611,0.07403985,0.22860813,0.14655304,0.0,0.0,0.0
-0.335,9.081,4.389,0.22593006,0.35553932,-0.051954746,0.0,0.0,0.0
-0.462,9.189,4.486,0.09517819,0.45390987,0.06354427,0.0,0.0,0.0
-0.575,9.303,4.403,-0.023423731,0.55811214,-7.557869E-4,0.0,0.0,0.0
-0.554,9.263,4.272,-0.006203413,0.51043797,-0.11696005,0.0,0.0,0.0
-0.508,9.118,4.281,0.030980527,0.35149765,-0.08114433,0.0,0.0,0.0
-0.539,9.011,4.374,-0.0071275234,0.23416424,0.03180456,0.0,0.0,0.0
-0.489,9.012,4.357,0.03615585,0.22692585,0.030675411,0.0,0.0,0.0
-0.444,9.029,4.331,0.07536167,0.23587132,0.0203681,0.0,0.0,0.0
-0.487,9.04,4.261,0.026495576,0.23871422,-0.03365898,0.0,0.0,0.0
-0.582,9.068,4.231,-0.07318479,0.25866795,-0.047689915,0.0,0.0,0.0
-0.503,9.167,4.193,0.0027646422,0.34971523,-0.069637775,0.0,0.0,0.0
-0.398,9.2,4.151,0.10277569,0.37465763,-0.0955224,0.0,0.0,0.0
-0.377,9.106,4.201,0.117593944,0.2749691,-0.03440571,0.0,0.0,0.0
-0.414,9.033,4.207,0.07438734,0.19741535,-0.019619465,0.0,0.0,0.0
-0.545,9.056,4.27,-0.05937913,0.21811199,0.047883987,0.0,0.0,0.0
-0.565,9.138,4.33,-0.07930142,0.29842472,0.11142349,0.0,0.0,0.0
-0.621,9.173,4.326,-0.13567737,0.3316288,0.11114645,0.0,0.0,0.0
-0.597,9.17,4.263,-0.11029211,0.3269205,0.051889896,0.0,0.0,0.0
-0.562,9.137,4.235,-0.08226749,0.29360294,0.02375555,0.0,0.0,0.0
-0.427,9.173,4.483,0.049488068,0.33052254,0.26946115,0.0,0.0,0.0
-0.426,9.159,4.487,0.047610313,0.31649303,0.27319574,0.0,0.0,0.0
-0.516,9.185,4.382,-0.042880476,0.34154892,0.17012453,0.0,0.0,0.0
-0.444,9.172,4.331,0.026923627,0.3267908,0.12257099,0.0,0.0,0.0
-0.483,9.113,4.324,-0.014526784,0.26625443,0.11852503,0.0,0.0,0.0
-0.513,9.112,4.382,-0.046708822,0.26362705,0.17971039,0.0,0.0,0.0
-0.46,9.106,4.297,0.005526483,0.25514793,0.09984636,0.0,0.0,0.0
-0.456,9.057,4.176,0.0079934,0.20384693,-0.016465187,0.0,0.0,0.0
-0.495,9.031,4.224,-0.03255847,0.17733383,0.03244257,0.0,0.0,0.0
-0.414,9.083,4.381,0.04377687,0.23149395,0.18437672,0.0,0.0,0.0
-0.438,9.18,4.527,0.017822951,0.33036518,0.32621717,0.0,0.0,0.0
-0.609,9.18,4.485,-0.15241483,0.32900715,0.28716278,0.0,0.0,0.0
-0.547,9.191,4.29,-0.09032178,0.33632565,0.09994602,0.0,0.0,0.0
-0.433,9.148,4.21,0.01918456,0.29052162,0.025385857,0.0,0.0,0.0
-0.397,9.085,4.343,0.049161524,0.22623158,0.16047144,0.0,0.0,0.0
-0.434,9.073,4.473,0.008586913,0.21483326,0.28881645,0.0,0.0,0.0
-0.475,9.059,4.437,-0.03357634,0.19993496,0.25459576,0.0,0.0,0.0
-0.427,9.058,4.261,0.0139656365,0.19537067,0.08610964,0.0,0.0,0.0
-0.398,9.072,4.207,0.041264653,0.20618916,0.03868532,0.0,0.0,0.0
-0.483,9.091,4.283,-0.04599732,0.22362709,0.11777353,0.0,0.0,0.0
-0.423,9.093,4.373,0.013037026,0.22459888,0.2098608,0.0,0.0,0.0
-0.408,9.093,4.318,0.026635349,0.22266102,0.15884495,0.0,0.0,0.0
-0.353,9.165,4.224,0.08043781,0.2930498,0.068157196,0.0,0.0,0.0
-0.425,9.189,4.308,0.008158386,0.31776237,0.15061283,0.0,0.0,0.0
-0.541,9.167,4.453,-0.106360584,0.29719448,0.2927065,0.0,0.0,0.0
-0.557,9.162,4.518,-0.12064305,0.291996,0.35830927,0.0,0.0,0.0
-0.486,9.162,4.408,-0.047459096,0.28851986,0.25596285,0.0,0.0,0.0
-0.471,9.124,4.213,-0.03368163,0.24868679,0.06475067,0.0,0.0,0.0
-0.465,9.097,4.294,-0.030505955,0.2204771,0.14804459,0.0,0.0,0.0
-0.467,9.122,4.42,-0.033937275,0.2440815,0.27688456,0.0,0.0,0.0
-0.475,9.121,4.309,-0.04230541,0.2402401,0.17194319,0.0,0.0,0.0
-0.456,9.109,4.155,-0.024139613,0.22606659,0.022521019,0.0,0.0,0.0
-0.49,9.114,4.225,-0.058831036,0.2295475,0.09571695,0.0,0.0,0.0
