-1.6378937,5.4053802,7.5972137,0.50513893,-0.45461082,0.010566711,0.4914051,-0.35977745,9.50494
-1.6151581,5.34198,7.328018,0.4313513,-0.38847065,-0.09814596,0.4136265,-0.24338341,9.465647
-1.6342926,5.4400787,7.073181,0.3162378,-0.32379103,-0.20529842,0.29268962,-0.13098907,9.426952
-1.8544312,5.8349,7.176071,-0.029644012,-0.20273638,-0.2737589,-0.054001987,-0.0027079582,9.46901
-1.984848,5.806183,7.660614,-0.17365575,-0.13556957,-0.41758394,-0.20670754,0.1334877,9.403706
-1.9369965,5.7068787,7.726425,-0.19662601,-0.13984346,-0.49706936,-0.23576874,0.17793322,9.339693
-1.8568268,5.4089813,7.3950195,-0.21883005,-0.18686056,-0.6406212,-0.26993835,0.22825336,9.199828
-1.8317108,5.4293213,7.076767,-0.1624251,-0.18697262,-0.6501093,-0.2150675,0.23644781,9.188734
-1.8568268,5.497513,6.9463654,-0.07418066,-0.20304346,-0.6771035,-0.12983316,0.24322176,9.151528
-1.8520508,5.67099,6.551544,-0.020006537,-0.28402805,-0.5863428,-0.07181722,0.12652636,9.171272
-1.8293152,5.6554413,6.5886383,-0.05829972,-0.32587624,-0.40998268,-0.09859431,-0.013501167,9.289179
-1.7144623,5.67218,6.726227,-0.038213074,-0.30103397,-0.36214685,-0.074644804,-0.022072792,9.3406315
-1.5972137,5.893524,6.949951,-1.02341175E-4,-0.26796007,-0.31211329,0.025995612,0.031770706,9.397345
-1.7180481,5.950943,6.9966125,0.057076156,-0.37012815,-0.2837739,0.023078918,-0.12344551,9.353871
-1.6845398,5.77269,6.969101,0.057076156,-0.37012815,-0.2837739,0.023078918,-0.12344551,9.353871
-1.6678009,5.8624115,7.085144,-0.075137496,-0.29262877,-0.27664042,-0.106081724,-0.067788124,9.416831
-2.0207367,5.8372955,6.602997,-0.075137496,-0.29262877,-0.27664042,-0.106081724,-0.067788124,9.416831
-2.273178,5.913864,6.1986084,-0.075137496,-0.29262877,-0.27664042,-0.106081724,-0.067788124,9.416831
-2.535202,6.386444,5.3599243,-0.0952453,-0.20503998,-0.35340548,-0.13062507,0.05003643,9.411123
-2.4358978,6.5395813,6.2644043,-0.13446712,-0.19389343,-0.48702526,-0.17906815,0.14107895,9.315834
-2.3186493,6.5156555,6.36969,-0.05461842,-0.22884655,-0.44671345,-0.098762274,0.08953476,9.319684
-2.2061768,6.4414825,6.2883453,0.0029491782,-0.25481367,-0.5204997,0.07705414,-0.097976685,9.240681
-2.4622192,6.089737,6.710678,0.014829814,-0.2562251,-0.564569,-0.039905906,0.14147568,9.204155
-2.2301178,5.934204,7.1844482,-0.028422236,-0.28649187,-0.55399275,-0.08395147,0.11162186,9.198139
-1.8771667,5.8743744,7.5481567,0.07519531,-0.38440323,-0.49070263,0.01879239,-0.0035061836,9.179081
-1.6127625,5.7391815,7.7001038,0.076560736,-0.29815435,-0.3921423,-0.029597163,-0.012847424,9.309165
-1.3686981,5.637497,7.4943237,0.14535362,-0.3549285,-0.4167943,-0.098989725,-8.5258484E-4,9.248958
-1.1533356,5.5657043,7.360321,0.16847485,-0.34657383,-0.46977806,0.11547968,0.014649391,9.210297
-1.3160553,5.7511444,7.5517426,0.10691249,-0.38531113,-0.35818863,0.059655547,-0.08424759,9.279831
-1.3256226,5.8002014,7.7228394,0.10582286,-0.34538603,-0.28855228,0.06544036,-0.095632076,9.359074
-1.360321,5.662613,8.009979,-0.016798854,-0.19969273,-0.24980116,-0.04632306,-0.004676342,9.489803
-1.0995026,5.1720886,8.036301,-0.021344721,-0.23761559,-0.27740145,-0.055808067,-0.017279148,9.445464
-1.2203369,4.956726,7.8640137,0.019117832,-0.2496872,-0.3068447,0.015963078,0.0132956505,9.411136
-1.2167511,5.0153503,7.914261,0.17656946,-0.35938025,-0.4049716,0.122969985,-0.033940315,9.25162
-1.0109711,5.271393,7.804184,0.1806199,-0.3487482,-0.4737773,0.12238881,0.017095566,9.203789
-1.0253296,5.3970184,7.7658997,0.1525678,-0.32346344,-0.46592712,0.096514285,0.032802105,9.228203
-1.2179413,5.5908356,7.668991,0.09230596,-0.32124758,-0.3917384,0.041828215,-0.010750294,9.293509
-1.4225311,5.5537415,7.840088,-0.03260106,-0.26942062,-0.36643267,-0.07787919,0.015252113,9.357624
-1.2753754,5.3013,8.111664,-0.08456844,-0.2631235,-0.47910166,0.15736842,-0.049158573,9.278689
-0.85783386,4.9579315,8.321045,-0.07946414,-0.2770877,-0.44874763,-0.13195944,0.061522007,9.293552
-0.61735535,4.9627075,7.9908295,-0.08858788,-0.25052738,-0.40069628,-0.13610375,0.053166866,9.348593
-0.72502136,5.1756744,7.381851,-0.05564201,-0.22703075,-0.36991262,-0.09966749,0.052421093,9.383811
-0.69511414,5.3802643,6.9870453,0.040436268,-0.29343987,-0.42766142,-0.013486981,0.036015034,9.287848
-0.54914856,5.2821503,7.2095795,0.0057532787,-0.25862217,-0.4159069,-0.044472337,0.05653715,9.322168
-0.41635132,5.296509,7.4656067,0.05739081,-0.2610278,-0.2839465,0.01696217,-0.02789545,9.4180765
-0.3672943,5.21875,7.639084,0.13744318,-0.30093575,-0.35245943,-0.09004688,-0.008077145,9.331775
-0.29193115,4.9591217,7.831711,-0.020424247,-0.25939178,-0.5063286,-0.0772357,0.11333418,9.254147
-0.3672943,4.91127,7.8436737,0.01644361,-0.23641539,-0.5952678,-0.046028197,0.18729973,9.195662
-0.727417,5.1876373,7.5194397,0.050287127,-0.2951727,-0.57125807,-0.014845014,0.12674713,9.174427
-0.8123627,5.38266,7.289734,0.047135115,-0.272254,-0.44843054,-0.0069928765,0.06796503,9.28438
-0.82073975,5.4664,7.3244324,0.028746724,-0.2282052,-0.5129633,-0.027400553,0.14316988,9.263708
-0.80158997,5.292923,7.4990997,0.10904741,-0.26511526,-0.5600791,0.04564631,0.14336777,9.195726
-0.74417114,5.108673,7.7934265,0.08040857,-0.2928834,-0.46842146,-0.0033849478,-0.06826019,9.252581
-0.6006012,5.0931244,7.9262238,0.10956991,-0.30670452,-0.21217251,0.0688723,-0.10765219,9.439557
-0.5539398,5.3168488,7.7886353,0.12798107,-0.32954073,-0.10788536,0.09379825,-0.19160986,9.504818
-0.54556274,5.3683014,7.495514,0.11187923,-0.32457352,-0.1191411,0.07699904,-0.18101215,9.501093
-0.83628845,5.3324127,7.625931,0.01790464,-0.29721403,-0.21028042,-0.021567047,-0.10160446,9.457242
-0.77049255,5.211563,7.6295166,0.037959695,-0.32553768,-0.32021093,-0.0122567415,-0.055556774,9.351992
-0.6963043,5.190033,7.605591,0.03372693,-0.2936244,-0.29255676,-0.011876762,-0.047682762,9.393702
-0.71066284,5.28096,7.2634125,0.036929727,-0.27197695,-0.40820646,-0.015651345,0.041601658,9.31676
-0.6460571,5.3000946,7.258621,0.041957498,-0.2713008,-0.5317707,-0.019949973,0.11978912,9.220649
-0.49531555,5.3886414,7.581665,0.055945158,-0.27497482,-0.61708593,0.058921933,-0.16030836,9.150628
-0.45463562,5.345566,8.017151,0.06095636,-0.3050065,-0.5205097,0.027544737,-0.08289242,9.206613
-0.5084686,5.242676,8.024338,0.02464211,-0.31455994,-0.43339014,-0.033809125,0.026102543,9.272274
-0.3146515,5.1876373,7.9992065,0.022976518,-0.3039465,-0.34270763,-0.027887583,-0.022621632,9.349408
-0.2871399,5.26062,7.713257,0.06424129,-0.32513046,-0.41157818,0.006210506,0.0029764175,9.27827
-0.32661438,5.394623,7.5134583,0.038324475,-0.32359743,-0.4101119,-0.01933235,0.0035600662,9.283211
-0.06460571,5.355133,7.5433807,0.022783637,-0.35804272,-0.31762695,-0.030768454,-0.08111572,9.3354025
0.08734131,5.4017944,7.7766724,-0.011727095,-0.30601406,-0.25474644,-0.055981755,-0.079592705,9.420375
-0.07058716,5.243866,8.006378,0.033983707,-0.3369112,-0.2986617,-0.0164209,-0.077310085,9.36211
-0.13040161,5.1338043,7.9896393,0.034633875,-0.30216646,-0.42909622,-0.02253449,0.03133869,9.282114
-0.11126709,5.079956,7.8963165,-1.1956692E-4,-0.3235798,-0.47358894,-0.062427938,0.043555737,9.238147
-0.13400269,5.071594,7.8341064,-0.0066592693,-0.32232666,-0.4699216,-0.068778336,0.0425992,9.242541
-0.10647583,5.1134644,7.8640137,0.03170097,-0.32891607,-0.39508057,0.022106528,0.016727924,9.292344
-0.034698486,5.148163,7.770691,0.12942386,-0.3182454,-0.32689095,0.07738966,-0.0467,9.341122
0.01675415,5.11705,7.718048,0.11682093,-0.32566452,-0.33691406,0.063446015,-0.046112537,9.330137
0.13400269,4.963913,7.7730865,0.0071561337,-0.28304625,-0.44611216,-0.05004126,0.057969093,9.283852
0.044265747,4.9088745,7.7766724,0.026765227,-0.31662846,-0.4530244,-0.034309566,0.035987377,9.255535
0.027511597,4.9950104,7.7658997,0.0966202,-0.28713894,-0.39381504,-0.034707785,-0.031093597,9.3119755
0.022735596,5.079956,7.6211395,0.10910225,-0.32196474,-0.36145306,0.0537014,-0.027431011,9.31413
-0.020339966,5.145767,7.664215,-0.005184889,-0.26354933,-0.413383,-0.05866164,0.05347252,9.322844
-0.088531494,5.194824,7.733597,-0.01937139,-0.2673025,-0.44532776,-0.07563579,0.07111263,9.297371
-0.13519287,5.119446,7.8053894,0.07043624,-0.29977083,-0.41778755,0.012527823,0.026520729,9.288471
-0.75971985,5.03331,8.181061,0.09793103,-0.319901,-0.3364029,-0.05386448,0.02705574,9.336053
-0.7429657,5.108673,7.832901,0.03288734,-0.33793926,-0.33722162,-0.0220474,-0.053246498,9.331591
-0.3900299,5.161316,7.782654,0.019488335,-0.30770302,-0.3681302,-0.034875393,-0.010163307,9.327839
-0.093322754,5.1720886,8.136795,0.16725838,-0.3441391,-0.39770222,0.10653305,-0.023754597,9.265669
-0.117248535,5.1421814,8.159531,0.20097518,-0.40885115,-0.4633808,-0.13378513,-0.003821373,9.170758
-0.28474426,5.004593,7.7886353,0.10511267,-0.25939465,-0.48718596,0.04549557,0.100036144,9.255645
-0.48214722,4.956726,7.6534424,-0.006226301,-0.21958542,-0.40526915,-0.05601394,0.08307791,9.356695
-0.5132599,5.2618103,7.4249268,-0.057808995,-0.21277714,-0.36394644,-0.10391319,0.063985825,9.398998
-0.6400757,5.407776,7.1593323,-0.0038040876,-0.33035183,-0.26627398,-0.054861724,-0.09057903,9.395756
-0.67118835,5.2749786,7.554138,-0.023070335,-0.3411684,-0.21375561,0.030306578,0.14670372,9.432245
-0.68315125,5.047653,8.024338,-0.01020968,-0.32902098,-0.25789976,-0.06091255,-0.09517288,9.40403
-0.46180725,5.2654114,8.371292,-0.050586462,-0.28095865,-0.32883072,-0.10156423,-0.012026787,9.383369
-0.33140564,5.088333,7.869995,0.038469434,-0.2827506,-0.44415712,-0.02186793,0.05604458,9.282166
-0.22372437,5.2211456,7.256241,0.075270295,-0.30567646,-0.487298,0.009091556,0.064210415,9.230145
-0.22013855,5.3898315,7.414154,0.09417963,-0.3103447,-0.49465847,0.026574075,0.064918995,9.219326
-0.6352997,5.420944,7.657028,0.014937162,-0.28975153,-0.4490633,-0.046809852,0.05514288,9.276928
-0.8267212,5.4221344,7.5517426,0.021762013,-0.2788639,-0.36563492,-0.033111632,0.011013031,9.34762
-0.84706116,5.4137573,7.3328094,0.06352055,-0.31671953,-0.36280155,0.0044531226,-0.021805763,9.321392
-0.46899414,5.201996,6.398407,0.09653783,-0.30950832,-0.34052038,0.038896322,-0.031300068,9.3391285
-0.57069397,5.453247,6.654434,0.015802622,-0.2626052,-0.6661029,-0.060600728,0.2143135,9.125988
-0.68434143,5.17807,7.298111,0.041221738,-0.26898193,-0.67336655,-0.037702233,0.2142334,9.113718
-0.80158997,5.211563,8.222931,0.15455925,-0.3380437,-0.36258173,-0.0965029,0.009029388,9.29652
-0.5383911,5.211563,8.711075,0.2103101,-0.3705964,-0.1836195,0.15301949,-0.18028784,9.40744
-0.29910278,5.1062775,9.006592,0.20188165,-0.37470388,-0.11254215,0.14965624,-0.22853804,9.4614
0.049057007,5.016556,9.287735,0.093609214,-0.33316135,-0.15069962,0.044177294,-0.1680088,9.471552
-0.22492981,4.675583,8.0327,0.026491046,-0.33652735,-0.42508173,-0.044019103,0.0047926903,9.265644
-0.7848511,4.9950104,8.126022,0.0031210184,-0.28084326,-0.41927004,-0.060610652,0.0458436,9.307758
-0.879364,5.2498474,6.936798,0.007928848,-0.29335928,-0.39970493,-0.057162642,0.024559498,9.3147
-0.7310028,5.4795685,6.550354,0.052291512,-0.2984047,-0.39652252,-0.013899922,0.016852856,9.308119
-1.3280182,5.8420715,6.484543,0.04968655,-0.2796197,-0.40961552,0.028873682,-0.0318141,9.310066
-1.5625153,5.54657,7.679764,0.084825635,-0.31245518,-0.51066446,0.0072855353,0.07719278,9.206993
-0.9667053,4.97229,9.383453,0.0974555,-0.3153739,-0.43796825,0.024657488,0.028645992,9.259525
-1.2191467,5.1852417,9.323639,0.08955288,-0.2819395,-0.38455868,0.024785817,0.021107674,9.322568
-1.7802582,5.067993,8.257629,0.02614355,-0.28620577,-0.29434967,-0.031704903,-0.036427975,9.3981085
-1.5254211,5.338394,7.6378937,0.05051589,-0.28011703,-0.31578112,-0.0087323785,-0.019402027,9.382053
-1.4081726,5.297714,7.446457,0.044067144,-0.2968607,-0.32579136,0.007178545,0.03061533,9.364815
-1.0157471,5.1254272,7.155731,0.03484249,-0.2994151,-0.34910154,-0.02955556,-0.012374401,9.346533
-0.9918213,4.99263,7.0456696,-0.03318703,-0.27760124,-0.36129713,-0.0952099,0.0155649185,9.360116
-0.7573242,5.0237274,6.88295,0.079977274,-0.29833603,-0.40492153,0.010648608,0.021909714,9.297956
-0.52163696,5.132599,7.104294,0.04859793,-0.30248356,-0.47701836,-0.026626408,0.06631899,9.244247
-0.48335266,5.3324127,7.618744,0.05756116,-0.2965312,-0.56611156,-0.024254203,0.12744045,9.178241
-0.6400757,5.201996,8.104492,0.0027204752,-0.27801657,-0.44071627,-0.06653261,0.06489754,9.293919
-0.6544342,4.9902344,8.201401,-0.001131773,-0.3007388,-0.31566572,-0.0632081,-0.032113075,9.376461
-0.53479004,4.9483643,7.265808,0.102023125,-0.32339478,-0.24051857,0.04230243,-0.10247946,9.405963
-0.5814514,5.3072815,6.567108,0.089215994,-0.31843185,-0.28560162,0.026676536,-0.06977272,9.376132
-0.5479584,5.7224426,6.3840485,-0.04847896,-0.304039,-0.40561914,-0.11754966,0.023461819,9.311728
-0.45344543,5.851654,6.9918213,-0.003083825,-0.28212118,-0.32396555,-0.06371194,-0.013061047,9.382002
-0.30389404,5.510666,8.005188,0.08265662,-0.39883137,-0.25864744,0.011992335,-0.14863634,9.347781
-0.2763672,5.292923,8.312668,0.27746713,-0.32430172,-0.29762316,-0.22381258,-0.0056352615,9.336952
-0.1758728,5.149353,7.8352966,0.44987333,-0.43114614,-0.24168968,-0.4200127,0.05359316,9.289539
-0.13877869,5.4628143,6.7585297,0.38329387,-0.5048461,0.15075827,0.32916504,-0.5028615,9.555069
-0.22732544,5.6147614,6.652054,1.3655385,-0.99595165,0.9588008,1.2877821,-1.4529564,9.726345
-0.34934998,5.83609,7.043274,1.7268895,-1.2727995,0.7328024,1.5631863,-1.5589528,9.291596
-0.37327576,5.6351013,8.145172,1.186022,-0.9436002,0.60958385,0.963791,-1.2544103,9.398994
-0.25723267,5.531006,8.306686,0.60072684,-0.7052417,0.5314822,0.42999643,-0.9469576,9.563576
-0.029907227,5.4592285,8.429916,0.3676288,-0.5429168,0.017957687,0.14704302,-0.4204688,9.325177
0.110076904,5.502289,7.779068,0.41780257,-0.473701,-0.30747175,0.16848978,-0.10489464,9.132782
0.088531494,5.5429688,7.0372925,0.5159769,-0.6281967,-0.07222557,0.18672329,-0.35622168,9.096496
-0.18066406,5.7296143,6.702301,-0.5434785,-0.37569904,-1.3776717,1.3283539,-0.38744926,9.158687
-0.18902588,5.7475586,7.25264,-0.8366475,-0.25738478,-2.6901994,-1.1126097,2.467349,8.983433
-0.090927124,5.67099,7.4859467,-0.6823554,-0.20969725,-2.6152854,-0.9415862,2.446641,9.116244
-0.029907227,5.4628143,8.024338,-0.6122103,-0.12873268,-1.9545212,-0.75326145,1.8784516,9.466734
0.30508423,5.3730774,8.100906,-0.49335766,-0.26586103,-1.0875571,-0.6465882,1.0100486,9.564595
0.16630554,5.2833557,8.090134,-0.13260031,-0.47956228,-0.16999602,0.3189956,0.23251045,9.459316
-0.14237976,5.370697,7.9657135,-0.24409056,-0.66106606,0.14016318,-0.5678076,-0.27898097,9.466065
-0.4905243,5.5202484,7.696518,-0.49611282,-0.31007576,-0.93578005,-0.63500315,0.8840724,9.62459
-0.4749756,5.4340973,7.7024994,-0.43618965,-0.27091932,-0.9948027,-0.5627275,0.9511421,9.627884
-0.21774292,5.0775757,8.078171,-0.47054625,-0.30013418,-1.0129061,-0.60333854,0.97285575,9.642312
-0.093322754,4.894516,8.024338,-0.77583075,-0.29124928,-0.9457935,1.2499743,-0.119089305,9.874817
-0.10887146,4.8753815,7.8352966,-0.7011328,-0.2645936,-0.87930834,-0.7447384,0.8805761,9.875433
-0.3254242,5.1756744,6.977478,-0.20934153,-0.43154192,-0.5696589,-0.44698885,0.51348567,9.5048275
-0.44625854,5.350357,6.727417,-0.84069014,-0.17227507,-5.9358287,4.698496,-3.6805146,9.216353
-0.5252228,5.32283,7.1892395,-1.0788941,-0.26947594,-3.4557006,3.1661081,-1.774885,9.743071
-0.41874695,5.191223,7.647461,-0.8796644,-0.22547436,-2.4748268,2.3409464,-1.2119882,9.784944
-0.22492981,4.996216,7.360321,-1.0910635,-0.15544319,-1.5974398,-0.9764244,1.6560122,10.072385
-0.22612,5.0237274,7.1282196,-1.328196,0.018150806,-1.1968391,-1.0552012,1.309782,10.41318
-0.17347717,5.2618103,6.7202454,-1.7078366,0.2068162,-0.17609978,-1.2145635,0.3762673,10.978719
-0.23091125,5.477173,6.924835,-1.5526948,-0.05823517,0.2265997,0.8519633,0.9172287,10.754517
-0.29670715,5.5334015,7.470398,-1.1593671,-0.20340252,-0.323673,1.0340557,0.46609497,10.2580385
-0.2979126,5.353943,7.680954,-0.8122759,-0.47988653,-0.33345413,-0.9627702,0.2724011,9.7946005
-0.30747986,5.230713,7.3758698,-0.22953224,-0.8078122,-0.24793363,-0.6531582,0.0033478737,9.223477
-0.1040802,5.4436646,7.10907,0.43168068,-1.0435243,-0.279665,-0.20030373,-0.19990087,8.67819
0.062210083,5.559723,7.162918,0.7189641,-1.0428257,-0.27421618,0.104742914,-0.3386836,8.560091
0.18544006,5.8983,8.541183,0.8767562,-0.95366716,-0.29077196,0.32044378,-0.37313557,8.573436
0.053833008,5.806183,8.739792,0.89401174,-0.8215637,-0.6925006,0.41289562,-0.03365445,8.471672
-0.55633545,5.3802643,8.487335,0.86400366,-0.78001165,-0.45378733,0.44239435,-0.24059963,8.663304
-0.5659027,5.36351,7.6007996,0.68245125,-0.62152386,-0.17932606,-0.5137656,0.10550904,9.0262
-0.45703125,5.620743,6.3601227,0.5619683,-0.6195226,-0.19307375,0.278345,-0.34271383,9.070468
-0.38523865,5.8002014,5.988037,0.24312067,-0.56572294,-0.08984566,0.02199471,-0.34230852,9.287456
-0.2871399,6.007187,6.5359955,0.063426256,-0.4286785,0.23326254,-0.07172635,-0.46438313,9.660353
-0.2524414,5.9114685,7.7228394,-0.17276335,-0.28897715,0.24079323,-0.23928836,-0.336627,9.834213
-0.45703125,5.517853,8.880966,-0.2167046,-0.31506205,0.14428759,-0.29424244,-0.28033447,9.763321
-0.78245544,5.2821503,8.605789,-0.13788795,-0.39879942,0.23353386,-0.23547524,-0.41789913,9.756613
-0.8063812,5.3108673,7.7635193,-0.13946295,-0.315197,0.16551733,-0.2086125,-0.31765127,9.76454
-0.8003998,5.374283,7.4608154,-0.07680917,-0.31217337,-0.048687458,-0.15992445,-0.18593025,9.593164
-0.9056854,5.659027,6.7537384,0.06847453,-0.4017067,-0.24878216,-0.0139606,0.15697551,9.355968
-1.0384827,5.7631073,6.571884,0.09213996,-0.38995504,-0.30690145,-0.024558514,-0.109447,9.31455
-1.4464569,5.844467,6.340973,0.23692298,-0.35112524,-0.24870968,0.13427901,-0.13948727,9.355217
-1.8089752,5.679367,6.5659027,0.29102552,-0.3455658,-0.3655963,0.1826694,-0.06904125,9.259258
-1.4895325,5.4831543,7.5996094,0.23856008,-0.27346373,-0.35458612,-0.14509892,-0.04472065,9.322533
-0.93917847,5.638687,7.257431,0.25961912,-0.26743317,-0.25346756,0.18158245,-0.076796055,9.401313
-1.0444641,5.9653015,6.4139557,0.32391536,-0.25160313,-0.23109245,0.25010645,-0.08594704,9.417177
-1.1473541,5.8815613,5.9413757,0.32229495,-0.27007675,-0.42759466,0.23137644,0.024429798,9.253912
-1.2251282,5.8815613,6.294327,0.20963109,-0.25545168,-0.45344687,0.122284025,0.0651803,9.262947
-1.056427,5.810974,6.8147583,0.1957016,-0.2182064,-0.45427275,-0.06933069,-0.1346221,9.287664
-0.8039856,5.7332,7.122238,0.19666135,-0.2451315,-0.44128275,0.112407565,0.06910133,9.281212
-0.61854553,5.6614227,7.207184,0.11688316,-0.21853685,-0.45064878,0.039218366,0.104748726,9.304661
-0.59103394,5.6817627,7.1066895,0.08909011,-0.22963905,-0.48588228,0.007648498,0.12214613,9.2758255
-0.95951843,5.8815613,6.789627,0.054393172,-0.21888256,-0.4652896,-0.022248626,0.12122774,9.304483
-1.1617126,5.9605255,6.6352997,0.035191417,-0.23108435,-0.3750167,-0.037041098,0.0567832,9.369982
-1.1724854,5.9282227,6.7333984,0.028646827,-0.25755835,-0.44015455,-0.05335468,0.07897949,9.304846
-1.1078796,5.9401855,7.298111,-0.02166295,-0.24124384,-0.4742365,-0.10188842,0.11959934,9.297845
-0.93440247,6.0634155,7.6402893,-0.100782156,-0.20046377,-0.52257156,-0.17431721,0.19092607,9.300108
-0.9906311,5.99881,8.029114,-0.0574013,-0.21986866,-0.40629673,-0.12803501,0.098049164,9.369948
-1.1665039,5.7690887,7.986038,-0.058764458,-0.23417807,-0.41122103,-0.13261575,0.09105396,9.357744
-1.1820526,5.69133,7.0384827,-0.05462289,-0.20630264,-0.52863216,0.1967156,-0.11746764,9.284635
-1.1174469,5.9329987,6.3098755,-0.022309065,-0.23389196,-0.55076504,-0.10687438,0.17857265,9.2451935
-0.97387695,6.160324,6.41037,-0.0064662695,-0.2616248,-0.5212884,-0.095071316,0.13709259,9.247725
-0.6963043,6.1663055,7.6666107,0.040289164,-0.2757311,-0.50009346,-0.050928354,0.107616425,9.246678
-0.9152527,5.8779755,8.214554,0.020007133,-0.27627754,-0.5102973,-0.07161108,0.116351604,9.242321
-0.7513428,5.760727,8.044662,0.015354633,-0.2486782,-0.455853,-0.06695777,0.10295391,9.301877
-1.0624084,5.803787,7.2682037,0.08779621,-0.22401142,-0.40528727,0.012001097,0.08077526,9.342454
-1.1736755,5.934204,6.6795654,0.06610143,-0.28211784,-0.41328812,-0.022190154,0.044524193,9.304363
-1.0612183,5.9114685,6.8410797,0.048779845,-0.26384258,-0.37055397,-0.032489687,0.032687664,9.351481
-0.8901367,5.7786713,7.223938,0.020126462,-0.20636415,-0.32466984,0.061508417,-0.02776575,9.427378
-0.68673706,5.782257,7.196411,0.017481089,-0.2824564,-0.32100964,-0.06358999,-0.009804726,9.383573
-0.7453613,5.9198456,6.977478,0.08596325,-0.3080759,-0.39605808,-0.0070296824,0.011143208,9.297742
-0.9068756,6.1411743,7.060028,0.08101237,-0.2506857,-0.39373207,3.1739473E-4,0.053884506,9.335983
-1.0337067,6.111267,7.7563324,0.046164036,-0.2507801,-0.4691167,-0.038728535,0.10649395,9.284873
-0.9499512,5.967697,7.905884,0.06165254,-0.23744345,-0.40530062,0.043912172,-0.06163931,9.338974
-0.93678284,5.58844,7.4656067,0.0919013,-0.27356434,-0.3745699,0.008046538,0.023234367,9.334441
-1.0001984,5.60878,5.976074,0.07361233,-0.33786058,-0.37763834,-0.023056686,-0.021549702,9.295589
-0.95114136,5.8133698,5.743973,0.04491055,-0.27750587,-0.41384363,-0.04105082,0.050691605,9.310629
-0.53718567,6.2321014,6.3433685,0.09905076,-0.21425056,-0.4927845,0.019536138,0.14325666,9.279728
-0.4355011,6.110077,7.204788,0.07707918,-0.23282623,-0.46964502,-0.0038324594,0.11696482,9.289911
-0.27397156,5.803787,7.5182495,0.08031976,-0.280344,-0.4531951,-0.009167165,0.07009745,9.272393
-0.25602722,5.633896,7.3950195,0.055983067,-0.29595947,-0.41289425,-0.033507705,0.035131454,9.297876
-0.35891724,5.5944214,7.0911255,-0.012688875,-0.27597952,-0.39387512,-0.09548646,0.045691013,9.337334
-0.5383911,5.6434784,6.8745728,0.041026354,-0.30532122,-0.37175083,-0.04767528,0.003121376,9.326212
-0.63648987,5.8336945,7.135391,0.06068659,-0.30378485,-0.3830595,0.03045082,0.0021891594,9.314949
-0.7262268,6.168701,7.083954,0.105700016,-0.3074398,-0.43187952,0.010734558,0.032784462,9.267186
-0.7537384,6.3397827,6.8362885,0.07120323,-0.1990161,-0.36862803,0.0036329627,0.0781641,9.388989
-1.0301056,6.3230286,6.747757,0.03360057,-0.21092701,-0.32005167,-0.03194478,0.04199505,9.42551
-1.1210327,6.0598297,7.3627167,0.11945033,-0.2648096,-0.30486822,0.042135328,-0.01832056,9.38805
-0.9678955,6.0179443,7.2059784,0.1467551,-0.31646585,-0.2636757,-0.090114355,0.05779791,9.382678
-0.61135864,6.3924255,6.6963196,0.10818148,-0.29522657,-0.22840357,0.031221986,-0.0898633,9.429849
-0.9798584,6.4342957,6.6400757,0.10184145,-0.3005433,-0.2464261,0.023294866,-0.08195305,9.414012
-0.9954071,6.5407867,6.8434753,0.10726476,-0.3264737,-0.3546791,0.016251832,-0.033006668,9.314172
-0.9176483,6.5036926,6.8889313,0.10126376,-0.28018284,-0.4942317,0.010061115,0.092567444,9.237132
-0.85543823,6.4319,6.891327,0.079116225,-0.23862219,-0.52056694,-0.004999399,0.14409304,9.246828
-0.62571716,6.504883,6.7872467,0.16083467,-0.2640648,-0.4288149,0.07683337,0.057737827,9.286802
-0.33259583,6.1017,6.634094,0.20533049,-0.30093575,-0.46458817,-0.08520818,-0.08624005,9.228838
-0.6125641,6.1698914,6.833908,0.20017898,-0.32711267,-0.45039082,-0.08896303,-0.056791306,9.224597
-0.89849854,6.2476654,7.034897,0.08478761,-0.2924676,-0.43814754,0.019671679,-0.045360565,9.275373
-1.4811554,6.0670013,7.5421753,0.071998,-0.30150747,-0.42591333,-0.014072359,0.035607338,9.281269
-1.4799652,5.87677,7.5481567,0.22893977,-0.3148408,-0.33691216,0.14480662,-0.04646778,9.314796
-1.2370911,6.0562286,7.3830566,0.24668908,-0.34251976,-0.29863644,0.16188103,-0.09381819,9.324621
-0.99661255,6.3266296,6.952347,0.28564346,-0.34774446,-0.3333063,0.19773817,-0.07897377,9.288698
-0.85543823,6.28714,6.9750824,0.19566524,-0.35726547,-0.32859516,-0.1309017,0.0382576,9.30138
-0.79681396,6.1172485,7.463211,0.20332825,-0.29182863,-0.40389204,0.12272978,0.016142845,9.282902
-0.75613403,5.9401855,7.515854,0.20988286,-0.3789649,-0.4939947,0.109244406,0.0064969063,9.158793
-1.0504456,6.04068,6.7501526,0.22083724,-0.36398554,-0.4873252,0.12352085,0.013147354,9.171583
-1.1760712,6.045471,6.2572327,0.32507658,-0.35195732,-0.4457569,0.23198289,-0.011518955,9.194851
-1.2741852,5.971283,6.1327972,0.33956087,-0.30124378,-0.43563223,0.25634474,0.02070713,9.232469
-1.0947113,5.967697,6.3397827,0.4232831,-0.35693264,-0.41858387,0.33330452,-0.03802204,9.198995
-0.78604126,5.888733,6.731003,0.47596502,-0.35465097,-0.44822693,0.3856297,-0.019031525,9.170919
-0.7788696,5.9246216,6.6711884,0.4374299,-0.31793213,-0.3718753,0.3602091,-0.035526276,9.259197
-1.085144,5.9282227,6.654434,0.4650786,-0.35019732,-0.32198572,0.3888241,-0.093176365,9.274912
-1.2873383,5.946167,7.02652,0.48116016,-0.30502224,-0.3260808,-0.40822077,-0.082742214,9.299312
-1.2849426,5.9150543,7.5110626,0.49384546,-0.32454205,-0.28101063,0.42772293,-0.0975194,9.32114
-1.1066742,5.9401855,7.603195,0.41419363,-0.3030162,-0.25574732,0.35528672,-0.091673374,9.366027
-0.96310425,5.8612213,7.3543396,0.42007136,-0.2532978,-0.24672985,0.36945653,-0.057911873,9.404602
-1.036087,5.9533386,6.7369995,0.4489435,-0.256505,-0.23640299,0.40089625,-0.06672287,9.40908
-1.0014038,5.9318085,7.6905365,-0.077034414,-0.36768436,0.23182869,0.43443966,0.05801487,9.7540455
-0.9415741,5.9246216,7.174881,-0.029877365,-0.36975288,-0.28970528,0.0,0.0,0.0
-0.95474243,6.1447754,6.5168457,-0.045264363,-0.17801905,-0.923954,0.0,0.0,0.0
-0.9296112,6.20459,6.6101685,-0.019496202,-0.13001251,-0.8205042,0.0,0.0,0.0
-0.84347534,6.119644,7.1856537,0.070682764,-0.22870493,-0.23278046,0.0,0.0,0.0
-0.7884369,6.131607,7.4392853,0.14079833,-0.20947266,0.016508102,0.0,0.0,0.0
-0.8530426,6.02034,7.561325,0.102612615,-0.30436277,0.12793827,0.0,0.0,0.0
-1.036087,6.1567383,7.5708923,-0.04941356,-0.16011572,0.13488388,0.0,0.0,0.0
-1.1820526,6.1615143,7.3136597,-0.16636646,-0.15929604,-0.11507702,0.0,0.0,0.0
-1.4847412,6.173477,6.8889313,-0.4555422,-0.1615591,-0.52581453,0.0,0.0,0.0
-1.5337982,6.06102,6.7824554,-0.49839532,-0.29520416,-0.61326885,0.0,0.0,0.0
-1.4680023,6.045471,6.8482513,-0.4441353,-0.30948067,-0.5501723,0.0,0.0,0.0
-1.0803528,5.974884,7.034897,-0.10359293,-0.35616302,-0.39034176,0.0,0.0,0.0
-0.7525482,5.9234314,7.174881,0.18210834,-0.38327646,-0.27644396,0.0,0.0,0.0
-0.68434143,6.065811,7.399811,0.19007313,-0.20326948,-0.09047699,0.0,0.0,0.0
-0.8231354,5.8983,7.561325,0.02442813,-0.3476596,0.04866886,0.0,0.0,0.0
-0.9750824,5.8002014,7.564911,-0.13327038,-0.42994785,0.038492203,0.0,0.0,0.0
-1.0935211,5.6733856,6.7130585,-0.23334002,-0.5569253,-0.8111491,0.0,0.0,0.0
-0.8614197,5.8707886,6.3349915,0.040786922,-0.4292698,-1.1259522,0.0,0.0,0.0
-0.850647,6.0921326,6.5527496,0.053285718,-0.24682474,-0.87496233,0.0,0.0,0.0
-0.62213135,6.06102,6.898514,0.28079337,-0.29829645,-0.51189804,0.0,0.0,0.0
-0.6161499,6.294327,7.2825623,0.28355736,-0.062120438,-0.1307025,0.0,0.0,0.0
-0.80996704,5.8121643,7.244278,0.114964426,-0.5229373,-0.18413877,0.0,0.0,0.0
-0.73579407,5.721237,6.887741,0.20990705,-0.60086536,-0.54913044,0.0,0.0,0.0
-0.59580994,5.736786,6.8530426,0.37196064,-0.57983017,-0.5856514,0.0,0.0,0.0
-0.42114258,5.7786713,6.4414825,0.60268867,-0.54155445,-0.9866333,0.0,0.0,0.0
-1.0803528,6.0670013,5.824127,0.0058386326,-0.2728262,-1.5783834,0.0,0.0,0.0
-1.7551422,6.077774,5.8408813,-0.52246344,-0.28718853,-1.5169816,0.0,0.0,0.0
-2.703888,6.2608185,6.3684998,-1.3588374,-0.09317589,-0.9791517,0.0,0.0,0.0
-2.3353882,5.822937,7.6654053,-0.9278908,-0.45275402,0.26236296,0.0,0.0,0.0
-1.7455597,5.9234314,8.615356,-0.37278855,-0.2744031,1.1405497,0.0,0.0,0.0
-1.5206451,5.745163,8.489731,-0.22958016,-0.34964848,0.9163022,0.0,0.0,0.0
-1.0995026,5.846863,8.102097,0.1582663,-0.21779919,0.49892092,0.0,0.0,0.0
-0.7417755,6.094513,7.2179565,0.5100248,0.042833805,-0.39654064,0.0,0.0,0.0
-0.87815857,5.9569244,6.9954224,0.41860068,-0.087744236,-0.6171193,0.0,0.0,0.0
-1.409378,5.551346,6.8482513,-0.04119873,-0.46778536,-0.77201986,0.0,0.0,0.0
-1.5026855,5.50708,6.8075867,-0.11366701,-0.4917078,-0.8249459,0.0,0.0,0.0
-1.7216339,5.8121643,7.0420837,-0.32395303,-0.16394043,-0.6066451,0.0,0.0,0.0
-1.660614,5.8217316,7.852051,-0.26187408,-0.11192751,0.17054033,0.0,0.0,0.0
-1.750351,5.54895,8.385651,-0.34951997,-0.33935022,0.6696944,0.0,0.0,0.0
-1.8759766,5.514267,8.206192,-0.47902393,-0.34027576,0.46389008,0.0,0.0,0.0
-1.7407837,5.551346,7.4285126,-0.37233043,-0.3246565,-0.3026142,0.0,0.0,0.0
-1.2969055,5.7021027,6.784851,0.040394068,-0.22274065,-0.9143858,0.0,0.0,0.0
-1.0492554,5.7427673,6.78006,0.2591324,-0.22461414,-0.89124155,0.0,0.0,0.0
-0.7621155,5.7762756,7.2227325,0.51619554,-0.22369671,-0.42819118,0.0,0.0,0.0
-0.8195343,5.6530457,7.964508,0.4529364,-0.3491392,0.3143463,0.0,0.0,0.0
-0.9906311,5.584854,7.963318,0.29711938,-0.4213767,0.31889057,0.0,0.0,0.0
-1.3890381,5.5429688,7.3710938,-0.086339,-0.48122454,-0.2566495,0.0,0.0,0.0
-1.4775696,5.551346,6.9678955,-0.17149436,-0.50541973,-0.6334295,0.0,0.0,0.0
-1.4069824,5.6698,7.1030884,-0.101124525,-0.4239807,-0.46863317,0.0,0.0,0.0
-1.3986053,5.5836487,7.0181427,-0.07820904,-0.5480876,-0.5203419,0.0,0.0,0.0
-1.9884338,5.6650085,6.5982056,-0.6515039,-0.48769522,-0.92025423,0.0,0.0,0.0
-2.133194,5.7296143,6.3912354,-0.7828311,-0.4823227,-1.0759425,0.0,0.0,0.0
-2.108078,6.0263214,6.3888397,-0.7709439,-0.21902943,-1.052804,0.0,0.0,0.0
-1.8843536,5.8743744,7.0289154,-0.5741066,-0.3947425,-0.39751148,0.0,0.0,0.0
-1.8029938,5.846863,7.3710938,-0.51608,-0.41537714,-0.065208435,0.0,0.0,0.0
-1.6845398,5.674576,7.4847565,-0.42561555,-0.578393,0.03587246,0.0,0.0,0.0
-1.2873383,5.934204,7.4895325,-0.09493911,-0.31987906,0.03064394,0.0,0.0,0.0
-1.051651,5.962921,7.301697,0.096776605,-0.3068576,-0.15091181,0.0,0.0,0.0
-0.7513428,6.209381,6.685547,0.33601773,-0.10763359,-0.73626995,0.0,0.0,0.0
-0.76091003,6.1567383,6.4618225,0.3117839,-0.17524433,-0.9493656,0.0,0.0,0.0
-0.8003998,6.1866455,6.567108,0.24487984,-0.16713,-0.8293314,0.0,0.0,0.0
-0.75613403,6.222534,6.8817596,0.23930246,-0.12351179,-0.52817917,0.0,0.0,0.0
-0.6089783,6.1782684,6.9583282,0.35812205,-0.14988184,-0.47064352,0.0,0.0,0.0
-0.54437256,6.2105713,7.3579254,0.34441602,-0.088507175,-0.1054554,0.0,0.0,0.0
-0.63768005,6.1579285,7.804184,0.22021288,-0.11214924,0.31281996,0.0,0.0,0.0
-0.93440247,6.0873413,7.9944153,-0.07867187,-0.14199543,0.468894,0.0,0.0,0.0
-0.94277954,6.12204,7.536194,-0.06598735,-0.11127663,0.016394138,0.0,0.0,0.0
-1.1138611,6.1591187,7.310074,-0.20756066,-0.09550238,-0.18850803,0.0,0.0,0.0
-0.9954071,6.110077,6.953537,-0.025528014,-0.18812943,-0.50047636,0.0,0.0,0.0
-0.97387695,5.9066772,6.7453613,0.033816576,-0.40864038,-0.68913317,0.0,0.0,0.0
-1.1186371,5.8899384,6.4701996,-0.06966114,-0.43207264,-0.9528866,0.0,0.0,0.0
-1.4656067,5.9318085,6.7501526,-0.33412683,-0.38397074,-0.6661191,0.0,0.0,0.0
-1.6665955,5.962921,6.8685913,-0.4464854,-0.3460207,-0.539443,0.0,0.0,0.0
-1.1617126,5.995224,7.02652,0.114356875,-0.3253355,-0.36215782,0.0,0.0,0.0
-1.4081726,6.111267,6.994217,-0.06002915,-0.22813034,-0.36546612,0.0,0.0,0.0
-1.1473541,5.852844,6.67717,0.31657207,-0.5249243,-0.62703276,0.0,0.0,0.0
-1.4476624,5.810974,7.0863495,0.052806616,-0.57186174,-0.20600176,0.0,0.0,0.0
-1.9752808,5.9928284,7.466797,-0.45230532,-0.34334803,0.1385088,0.0,0.0,0.0
-2.0446625,5.9318085,7.4775696,-0.5037836,-0.36965466,0.12313938,0.0,0.0,0.0
-1.8293152,5.77388,7.019348,-0.25745046,-0.51004505,-0.3435254,0.0,0.0,0.0
-1.9453583,5.79303,6.604187,-0.33290327,-0.49970388,-0.7423682,0.0,0.0,0.0
-1.9441681,5.927017,6.5527496,-0.25848246,-0.39932585,-0.74836206,0.0,0.0,0.0
-2.0016022,5.971283,6.427124,-0.23209798,-0.4018011,-0.813252,0.0,0.0,0.0
-2.2827454,6.36969,5.371887,-0.4464594,-0.044256687,-1.8155832,0.0,0.0,0.0
-2.4311066,5.71286,5.5334015,-0.5551269,-0.73064613,-1.6172848,0.0,0.0,0.0
-2.116455,5.91864,6.401993,-0.26323044,-0.48433352,-0.7909117,0.0,0.0,0.0
-2.2468567,6.0012054,7.276581,-0.44479108,-0.3289814,0.006664276,0.0,0.0,0.0
-1.8951111,5.9401855,7.6749725,-0.21157467,-0.27464485,0.27821875,0.0,0.0,0.0
-1.6689911,5.8576355,7.7730865,-0.08978844,-0.2733469,0.28392363,0.0,0.0,0.0
-1.0456696,5.6243286,8.021942,0.4912014,-0.47471714,0.4979763,0.0,0.0,0.0
-1.0384827,5.7379913,8.081757,0.28636956,-0.22354221,0.40873432,0.0,0.0,0.0
-1.1904297,5.71286,7.215561,0.07970774,-0.24433136,-0.4700756,0.0,0.0,0.0
-1.2741852,5.8827515,6.20459,0.014135003,-0.122953415,-1.4401555,0.0,0.0,0.0
-0.7645111,5.760727,6.300308,0.5511335,-0.2904253,-1.3038368,0.0,0.0,0.0
-0.7908325,5.7344055,6.6556396,0.5424694,-0.2929988,-0.9642744,0.0,0.0,0.0
-1.2215424,5.6446686,7.2873383,0.14000165,-0.32367134,-0.3739605,0.0,0.0,0.0
-1.2729797,5.723633,7.4680023,0.11449385,-0.18938303,-0.23144865,0.0,0.0,0.0
-1.7240295,5.6817627,7.590027,-0.28707182,-0.14091206,-0.16896772,0.0,0.0,0.0
-1.9800568,5.7631073,7.8352966,-0.52275217,-0.008338928,0.04189825,0.0,0.0,0.0
-2.2552338,5.6446686,8.027924,-0.77447927,-0.0977993,0.21755743,0.0,0.0,0.0
-2.0853424,5.6327057,8.201401,-0.571872,-0.07049656,0.36856747,0.0,0.0,0.0
-1.8711853,5.6650085,8.289932,-0.33744538,-0.023751736,0.45054197,0.0,0.0,0.0
-1.9956207,5.73201,8.151154,-0.43379152,0.051376343,0.31141663,0.0,0.0,0.0
-2.0602264,5.6937256,7.942978,-0.46471226,0.016036034,0.10789299,0.0,0.0,0.0
-1.9058838,5.3000946,7.5637054,-0.30408275,-0.39378738,-0.25833607,0.0,0.0,0.0
-1.8675995,5.227127,6.546768,-0.26681173,-0.4946351,-1.2551103,0.0,0.0,0.0
-1.9381866,5.34198,6.32782,-0.36079943,-0.43800735,-1.4358125,0.0,0.0,0.0
-1.8807526,5.5334015,6.069397,-0.32380056,-0.2762699,-1.6761827,0.0,0.0,0.0
-1.4811554,5.572891,7.203598,0.035513043,-0.23691893,-0.5498662,0.0,0.0,0.0
-1.4452667,5.5429688,7.7443695,0.051905513,-0.23512077,-0.036539078,0.0,0.0,0.0
-1.6019897,5.374283,8.207382,-0.11581051,-0.3658991,0.3963666,0.0,0.0,0.0
-1.5625153,5.420944,7.922638,-0.099479556,-0.2905779,0.086285114,0.0,0.0,0.0
-1.5481567,5.4101715,7.7563324,-0.09715104,-0.30570412,-0.07908344,0.0,0.0,0.0
-1.3304138,5.2666016,7.372284,0.1126852,-0.4700718,-0.44938087,0.0,0.0,0.0
-1.3483582,5.2534485,6.8039856,0.0976187,-0.5028405,-1.0027213,0.0,0.0,0.0
-1.4320984,5.3276215,6.3637085,0.019161224,-0.45550966,-1.4221525,0.0,0.0,0.0
-1.6486511,5.515457,6.521637,-0.1876266,-0.2831521,-1.250874,0.0,0.0,0.0
-1.701294,5.6195374,7.2849426,-0.24009252,-0.16021729,-0.50156593,0.0,0.0,0.0
-1.5637054,5.5130615,8.015961,-0.10484111,-0.24909925,0.21598577,0.0,0.0,0.0
-1.2634125,5.333603,8.466995,0.18674457,-0.37368202,0.6251631,0.0,0.0,0.0
-1.3280182,5.166107,7.5505524,0.13120699,-0.5318847,-0.29635334,0.0,0.0,0.0
-1.4309082,5.3910217,6.777664,0.05731249,-0.37001133,-1.0175962,0.0,0.0,0.0
-1.463211,5.5537415,6.443878,0.05651474,-0.26827955,-1.2998219,0.0,0.0,0.0
-2.0578308,5.806183,6.0562286,-0.5043535,-0.063429356,-1.6447296,0.0,0.0,0.0
-1.9214325,5.8002014,7.573288,-0.36088073,-0.08523607,-0.11414909,0.0,0.0,0.0
-1.7335968,5.6614227,8.852249,-0.21501768,-0.17628479,1.1201425,0.0,0.0,0.0
-1.9788666,5.4221344,8.938385,-0.5235865,-0.3436203,1.1403966,0.0,0.0,0.0
-1.8592224,5.4113617,8.301895,-0.44442737,-0.34685707,0.4908991,0.0,0.0,0.0
-1.5505524,5.4963074,7.4859467,-0.17826092,-0.28586626,-0.3149295,0.0,0.0,0.0
-1.3208313,5.782257,6.898514,0.006736517,-0.049623013,-0.87304497,0.0,0.0,0.0
-1.2322998,5.790634,6.476181,0.04903984,-0.13589716,-1.2312689,0.0,0.0,0.0
-1.2023926,5.925827,6.2703857,0.043245196,-0.082651615,-1.3792515,0.0,0.0,0.0
-1.0408783,5.9318085,6.607773,0.1802752,-0.10497284,-1.0235081,0.0,0.0,0.0
-0.7298126,5.7870483,7.759918,0.45924723,-0.2417984,0.117305756,0.0,0.0,0.0
-0.77526855,5.7056885,8.05304,0.40791845,-0.3046856,0.3949809,0.0,0.0,0.0
-1.3890381,5.65184,7.738388,-0.17561162,-0.3482542,0.077001095,0.0,0.0,0.0
-1.676178,5.749954,7.0361023,-0.451846,-0.2567234,-0.6183882,0.0,0.0,0.0
-1.9226379,5.824127,6.7669067,-0.6656579,-0.23044586,-0.8444357,0.0,0.0,0.0
-1.8065796,5.81456,6.981064,-0.5520319,-0.27394247,-0.60356855,0.0,0.0,0.0
-1.5637054,5.7870483,7.473984,-0.32993615,-0.30936623,-0.10770035,0.0,0.0,0.0
-1.3866425,5.8085785,7.613968,-0.18715906,-0.2948389,0.032416344,0.0,0.0,0.0
-1.2634125,5.806183,7.3459625,-0.07634282,-0.30916548,-0.22792435,0.0,0.0,0.0
-1.3136597,5.7308044,6.817154,-0.13471448,-0.41367674,-0.73439074,0.0,0.0,0.0
-1.2849426,5.679367,6.6987,-0.11644018,-0.48296642,-0.83990955,0.0,0.0,0.0
-1.0289154,5.6578217,6.82193,0.12210977,-0.5156903,-0.71021986,0.0,0.0,0.0
-0.50608826,5.909073,6.928421,0.6072519,-0.27605772,-0.5998597,0.0,0.0,0.0
-0.4905243,5.9437714,6.9978027,0.60692775,-0.24187708,-0.5323858,0.0,0.0,0.0
-0.58026123,5.91626,7.281357,0.5179846,-0.25579643,-0.25986052,0.0,0.0,0.0
-0.93200684,5.7463684,7.8915253,0.17253685,-0.40583086,0.3350172,0.0,0.0,0.0
-0.9834442,5.6075745,7.397415,0.13348794,-0.53373814,-0.16612482,0.0,0.0,0.0
-0.8027954,6.057434,5.922241,0.27964747,-0.11461496,-1.6212673,0.0,0.0,0.0
-0.76690674,5.802597,7.093521,0.300063,-0.39255095,-0.43323803,0.0,0.0,0.0
-0.70947266,6.160324,7.634308,0.38708448,-0.012367725,0.093364716,0.0,0.0,0.0
-0.78245544,6.086151,8.154739,0.39606655,-0.08456373,0.62454987,0.0,0.0,0.0
-1.3232269,6.435501,7.0707855,-0.11397493,0.25191736,-0.44395876,0.0,0.0,0.0
-1.5816498,6.0131683,6.5359955,-0.31370723,-0.22015095,-0.92781305,0.0,0.0,0.0
-1.8376923,5.864807,6.546768,-0.5542072,-0.38839006,-0.8977313,0.0,0.0,0.0
-2.087738,5.7152557,6.795624,-0.7835349,-0.5560193,-0.63004494,0.0,0.0,0.0
-1.7922211,5.67099,6.8004,-0.41544127,-0.5839181,-0.6259713,0.0,0.0,0.0
-1.861618,6.1627197,6.305084,-0.4369383,-0.03957224,-1.1563001,0.0,0.0,0.0
-1.9118652,6.5348053,6.448654,-0.4709618,0.31308603,-0.9934149,0.0,0.0,0.0
-1.8209381,6.4331055,6.558731,-0.3186227,0.2186184,-0.87723494,0.0,0.0,0.0
-1.8652039,5.79541,7.360321,-0.30249596,-0.38239765,-0.09373951,0.0,0.0,0.0
-1.8281097,5.60997,8.557938,-0.2408899,-0.4962325,1.0502477,0.0,0.0,0.0
-1.6259155,5.6566315,8.4717865,-0.07049382,-0.40318346,0.9199858,0.0,0.0,0.0
-1.6043854,5.8049927,7.931015,-0.08946824,-0.23760796,0.35721827,0.0,0.0,0.0
-1.5505524,6.0801697,7.1569366,-0.037002444,0.028104305,-0.40957212,0.0,0.0,0.0
-1.750351,5.8947144,7.1940155,-0.22623098,-0.16803694,-0.36180973,0.0,0.0,0.0
-1.7024994,5.8169556,7.237091,-0.17568183,-0.25289345,-0.31248808,0.0,0.0,0.0
-1.8556366,5.7690887,6.6017914,-0.3218962,-0.31691647,-0.9333639,0.0,0.0,0.0
-1.5254211,5.864807,6.628113,0.031648517,-0.2519288,-0.877316,0.0,0.0,0.0
-1.6737823,5.7068787,6.7369995,-0.088964105,-0.41988754,-0.75442743,0.0,0.0,0.0
-1.1712799,5.73201,7.155731,0.4410448,-0.38397312,-0.3386364,0.0,0.0,0.0
-1.910675,5.6937256,7.247864,-0.27490532,-0.39767647,-0.26142836,0.0,0.0,0.0
-2.3270264,5.662613,7.2622223,-0.6740725,-0.40245914,-0.26459837,0.0,0.0,0.0
-2.334198,5.7547455,7.0576324,-0.6905509,-0.30057335,-0.47907257,0.0,0.0,0.0
-2.0016022,5.743973,7.1401825,-0.37907076,-0.3094983,-0.4025793,0.0,0.0,0.0
-1.9369965,5.6865387,7.2825623,-0.33213913,-0.36467695,-0.26578903,0.0,0.0,0.0
-1.6785583,5.620743,7.237091,-0.09905708,-0.42520094,-0.320827,0.0,0.0,0.0
-1.6522369,5.6398773,7.1844482,-0.09969807,-0.4135232,-0.37308788,0.0,0.0,0.0
-1.6582336,5.6315155,7.060028,-0.12518096,-0.43687487,-0.48946047,0.0,0.0,0.0
-1.8233337,5.8456726,6.600601,-0.30986345,-0.24972105,-0.93106365,0.0,0.0,0.0
-1.6307068,5.9653015,6.504883,-0.1524446,-0.19121313,-0.9839387,0.0,0.0,0.0
-1.4129639,6.0717926,6.7286224,0.026853323,-0.12691641,-0.7328329,0.0,0.0,0.0
-1.3734741,6.094513,7.155731,0.035772562,-0.11199188,-0.3050804,0.0,0.0,0.0
-1.4117584,6.135193,7.490738,-0.027245283,-0.062384605,0.017884254,0.0,0.0,0.0
-1.4021912,6.0717926,7.635498,-0.031474352,-0.119086266,0.15455246,0.0,0.0,0.0
-1.2873383,5.91626,7.3950195,0.05301416,-0.26741695,-0.09737635,0.0,0.0,0.0
-1.2933197,6.0598297,6.489334,-0.01387167,-0.15916872,-0.9844508,0.0,0.0,0.0
-1.195221,6.099304,5.070389,0.060451865,-0.16699743,-2.3678322,0.0,0.0,0.0
-0.727417,6.6089783,5.251053,0.4162445,0.2550931,-2.1307206,0.0,0.0,0.0
-0.55752563,6.2847443,7.208374,0.45579314,-0.026883125,-0.22848892,0.0,0.0,0.0
-0.4402771,6.135193,7.6869354,0.4748125,-0.087965965,0.16328669,0.0,0.0,0.0
-0.2979126,5.7355957,8.390427,0.48749483,-0.36287355,0.7509117,0.0,0.0,0.0
-0.6508484,5.5034943,7.725235,0.080723345,-0.5222659,0.022936821,0.0,0.0,0.0
-0.9224396,5.3611145,7.2418823,-0.19808882,-0.63749456,-0.48226118,0.0,0.0,0.0
-0.9571228,5.6578217,6.8721924,-0.21510589,-0.32691765,-0.8610277,0.0,0.0,0.0
-1.0923309,5.826523,7.360321,-0.30798006,-0.13388157,-0.3875022,0.0,0.0,0.0
-1.1988068,5.7846527,7.708481,-0.34615314,-0.12357712,-0.072020054,0.0,0.0,0.0
-1.4021912,5.598007,7.8101654,-0.510174,-0.26434708,-5.6409836E-4,0.0,0.0,0.0
-1.4225311,5.519043,8.044662,-0.52756524,-0.3132143,0.21177053,0.0,0.0,0.0
-1.1210327,5.4640045,8.210968,-0.24678975,-0.32979107,0.34725285,0.0,0.0,0.0
-0.7525482,5.292923,8.066208,0.10339701,-0.48089504,0.18580341,0.0,0.0,0.0
-0.48693848,5.3599243,7.410568,0.35613412,-0.4112754,-0.47314072,0.0,0.0,0.0
-0.51805115,5.4592285,7.1928253,0.331375,-0.3311739,-0.6761069,0.0,0.0,0.0
-0.7082825,5.5668945,7.009781,0.15894264,-0.23829365,-0.84630585,0.0,0.0,0.0
-1.1437683,5.4879456,7.326828,-0.2587232,-0.3189621,-0.526,0.0,0.0,0.0
-1.2610168,5.4006042,7.487137,-0.37865072,-0.3962202,-0.37343836,0.0,0.0,0.0
-1.0241241,5.276169,7.524231,-0.15046161,-0.5113964,-0.34413576,0.0,0.0,0.0
-0.75852966,5.25943,7.537384,0.1114673,-0.52365065,-0.33468533,0.0,0.0,0.0
-0.69750977,5.4891357,7.4596252,0.1845069,-0.30085993,-0.40602064,0.0,0.0,0.0
-0.6663971,5.621933,7.3902283,0.23414409,-0.18054104,-0.46411514,0.0,0.0,0.0
-0.63409424,5.7344055,7.853241,0.29439968,-0.08124542,0.011908531,0.0,0.0,0.0
-0.6663971,5.564514,8.185852,0.30256623,-0.26086473,0.356647,0.0,0.0,0.0
-1.0875397,5.638687,7.8843536,-0.052915335,-0.20648766,0.07833862,0.0,0.0,0.0
-1.4117584,5.7092743,7.363907,-0.17860723,-0.26436234,-0.31498575,0.0,0.0,0.0
-1.4464569,6.025131,7.1066895,-0.114298224,-0.03125477,-0.4904108,0.0,0.0,0.0
-1.5457611,6.0598297,7.092331,-0.07951331,-0.111739635,-0.38645458,0.0,0.0,0.0
-1.6821594,6.04068,7.1365967,-0.14231098,-0.19274712,-0.27580118,0.0,0.0,0.0
-1.8687897,6.023926,7.105484,-0.23308337,-0.28222275,-0.22441006,0.0,0.0,0.0
-1.902298,6.037094,6.857834,-0.19884968,-0.32454443,-0.40840387,0.0,0.0,0.0
-1.935791,6.2033997,6.2440643,-0.16616046,-0.2220974,-0.9498062,0.0,0.0,0.0
-2.005188,6.1674957,6.324234,-0.13583338,-0.35140705,-0.75953674,0.0,0.0,0.0
-1.9944153,6.1292114,6.376877,-0.049224257,-0.44432545,-0.6356287,0.0,0.0,0.0
-2.2205353,6.332611,5.1433716,-0.21660256,-0.28385592,-1.8119864,0.0,0.0,0.0
-2.1762695,6.652054,5.461624,-0.15088987,-0.0019741058,-1.4515615,0.0,0.0,0.0
-2.334198,6.5156555,6.661621,-0.35703278,-0.11481142,-0.28806353,0.0,0.0,0.0
-2.5387878,6.0131683,7.668991,-0.6167259,-0.54742336,0.6380091,0.0,0.0,0.0
-2.2324982,6.0179443,7.536194,-0.37003827,-0.4748521,0.4266777,0.0,0.0,0.0
-1.627121,6.003586,7.071991,0.18948734,-0.46013594,-0.07577944,0.0,0.0,0.0
-1.7180481,6.320648,7.0253296,0.09146464,-0.14081478,-0.12628174,0.0,0.0,0.0
-1.8233337,6.1746826,6.8147583,0.0054808855,-0.28869915,-0.3302064,0.0,0.0,0.0
-2.202591,6.14357,5.6661987,-0.30366623,-0.34406137,-1.438385,0.0,0.0,0.0
-1.832901,5.9772644,5.6075745,0.12516832,-0.5583701,-1.4367018,0.0,0.0,0.0
-1.910675,5.9353943,6.805191,0.036316037,-0.58647585,-0.25489616,0.0,0.0,0.0
-2.1882324,6.357727,7.433304,-0.29923868,-0.0872221,0.2873459,0.0,0.0,0.0
-2.0494537,6.1495514,7.5481567,-0.20236671,-0.2582364,0.35796118,0.0,0.0,0.0
-1.7910309,6.1615143,7.5505524,0.0068923235,-0.21666718,0.3216753,0.0,0.0,0.0
-1.7934265,5.9940186,7.3579254,-0.053043008,-0.36435032,0.09758091,0.0,0.0,0.0
-1.7922211,5.819351,6.5850525,-0.08902478,-0.54379654,-0.6799226,0.0,0.0,0.0
-1.6450653,5.8947144,6.508484,0.010284066,-0.4821458,-0.755528,0.0,0.0,0.0
-1.5613098,6.1136627,6.7369995,0.057349205,-0.26363993,-0.5348873,0.0,0.0,0.0
-1.5206451,6.2273254,6.945175,0.06402588,-0.13919926,-0.3436222,0.0,0.0,0.0
-1.5840454,6.1615143,6.9044952,-0.0037907362,-0.19925737,-0.39028168,0.0,0.0,0.0
-1.7276154,6.049057,6.8518524,-0.13988197,-0.31309223,-0.4400983,0.0,0.0,0.0
-1.7946167,5.9724884,6.673584,-0.19525456,-0.40131092,-0.6056409,0.0,0.0,0.0
-1.5481567,6.069397,6.8841553,0.04803288,-0.31271696,-0.38847733,0.0,0.0,0.0
-1.4691925,6.0765686,7.02652,0.111283064,-0.30366087,-0.25119638,0.0,0.0,0.0
-1.2179413,6.070587,7.328018,0.3574121,-0.3057933,0.045819283,0.0,0.0,0.0
-1.195221,6.12204,7.1904297,0.3934716,-0.26654816,-0.07815981,0.0,0.0,0.0
-1.5649109,6.2476654,6.801605,0.052644014,-0.16616583,-0.43833065,0.0,0.0,0.0
-1.7407837,6.3062897,6.563507,-0.08677232,-0.13950825,-0.6397085,0.0,0.0,0.0
-1.9740753,6.069397,6.7178497,-0.2676381,-0.40370178,-0.44856167,0.0,0.0,0.0
-2.0315094,6.01915,6.7669067,-0.29651117,-0.45458364,-0.39206982,0.0,0.0,0.0
-1.9585266,5.9605255,6.1375885,-0.18139231,-0.5324316,-0.99358845,0.0,0.0,0.0
