0.266,8.23,6.927,0.065699816,0.1733141,0.043522835,0.041097444,0.118974276,9.949494
-0.071,8.214,7.491,0.047234178,0.14200068,-0.005166054,0.011643291,0.119288616,9.89641
-0.393,8.08,6.558,-0.13628507,0.049729824,-0.08749151,-0.16678903,0.029282767,9.801609
-0.475,7.995,5.666,0.009934902,0.16361666,-0.38539648,-0.1771922,0.34769812,9.654635
-0.401,8.017,5.662,-0.024063468,0.25298166,-0.30086374,-0.19157375,0.34313962,9.781099
-0.278,8.125,5.647,-0.0277884,0.17359924,0.36133337,0.084078714,-0.1113749,10.1834755
-0.465,8.466,4.558,-0.092181444,0.057384014,0.44727516,0.083473794,-0.26899183,10.170685
-0.272,8.507,4.366,-0.17387903,0.029729366,0.34085608,-0.02648974,-0.25769675,10.089833
0.086,8.327,5.551,-0.20157743,0.11607885,-0.055558205,-0.22563623,0.028553512,9.880592
-0.108,8.169,6.527,-0.2007612,0.46931314,-0.11966944,-0.31917712,0.30907243,10.085003
-0.306,8.092,6.769,-0.07005012,0.537395,0.63988876,0.0849641,-0.046852957,10.639563
-0.641,7.986,6.566,-0.002513051,0.36975956,0.7653799,0.22797857,-0.20918767,10.598357
-0.547,8.042,6.275,-0.06212616,0.1548438,0.4741783,0.101499565,-0.20548986,10.254032
-0.621,8.369,4.931,-0.059063554,0.18818617,0.51603365,0.1146085,-0.20656428,10.30604
-0.362,8.519,4.427,-0.25077474,0.34018755,-0.13979769,-0.34675148,0.2125081,9.987655
-0.126,8.298,5.858,-0.21941698,0.40270662,-0.10896683,-0.3188287,0.24962868,10.047947
-0.237,8.251,6.343,-0.090860486,0.43537855,0.46843338,0.018095186,-0.02159476,10.451976
-0.532,8.06,6.968,-0.030150414,0.39864826,0.7605796,0.19502985,-0.19703786,10.6199465
-0.143,8.032,6.705,0.03436637,0.40912676,0.3110385,0.072882704,0.106707856,10.305262
0.364,8.099,6.104,0.040629506,0.4686308,0.14358902,2.6451817E-4,0.2505286,10.229873
0.375,8.172,6.104,0.03821957,0.4404273,0.42403936,0.1146413,0.06190684,10.405208
-0.229,8.279,6.38,0.025370836,0.30303,0.2918334,0.07799432,0.04205533,10.218702
-0.758,8.325,5.084,0.023320317,0.21457672,0.36758566,0.12359175,-0.064459495,10.209484
-0.143,8.26,4.568,0.008256316,0.22950792,0.65202904,0.21967188,-0.23095305,10.4200735
0.113,8.31,5.845,-0.0139917135,0.31592464,0.39123678,0.07946255,-0.024911636,10.302771
-0.203,8.306,7.193,0.011117697,0.4153924,0.16314697,-0.008381034,0.19025798,10.210411
-0.158,8.359,6.932,0.020956278,0.4203925,0.37789536,0.084440105,0.06891424,10.361712
0.065,8.496,5.872,-0.007758975,0.35371208,0.33028316,0.053343464,0.040026836,10.286037
0.083,8.507,5.761,-0.08036399,0.24594879,0.28401184,-0.008417541,-0.03602736,10.189068
-0.204,8.358,6.265,-0.112976074,0.16602421,0.17771006,-0.063768744,-0.04040227,10.063962
-0.516,8.241,5.609,-0.11359739,0.08768654,0.04858446,-0.099934496,-0.01655399,9.9193125
0.125,8.174,4.95,-0.12731409,0.15809345,-0.048901558,-0.16468218,0.0844794,9.903277
0.363,8.226,5.253,-0.046366096,0.26304102,0.274652,0.015239281,-0.0044548684,10.189432
0.339,8.355,6.72,0.0027222633,0.23910427,0.38873482,0.108983845,-0.06895786,10.244439
0.15,8.29,6.803,0.03480208,0.2633257,0.26243877,0.08280618,0.036738094,10.168893
-0.31,8.181,6.208,-0.0011073351,0.3125353,0.39586735,0.093652844,-0.024503237,10.301643
-0.704,8.213,5.86,-0.15731394,0.21832037,0.27725697,-0.07437403,-0.08250534,10.17671
-0.665,8.3,5.916,-0.2571491,0.16688347,-0.19989586,-0.34241217,0.12792198,9.824644
-0.459,8.377,5.992,-0.22913122,0.11860561,-0.26685524,-0.334299,0.14682797,9.739822
-0.164,8.44,5.62,-0.1867578,0.08260536,0.009346962,-0.18007909,-0.026417365,9.899725
0.055,8.426,5.005,-0.122175336,0.17492914,-0.09199715,-0.18033567,0.12429318,9.884242
0.113,8.367,4.778,-0.056390405,0.32055712,0.12072039,-0.0663281,0.12350351,10.124231
0.099,8.335,4.915,-0.013577938,0.3842106,0.5686822,0.13568054,-0.08354034,10.474342
-0.353,8.371,5.218,-0.123492,0.2882061,0.6121917,0.07293569,-0.22103772,10.453887
-0.766,8.44,5.298,-0.20975268,0.0674448,0.57239103,0.024250746,-0.38452503,10.283859
-0.864,8.512,5.335,-0.21361291,0.021152496,-0.07890034,-0.22696747,-0.027004179,9.798918
-0.673,8.633,5.455,-0.1867522,0.16723585,-0.6127882,-0.44331142,0.40427038,9.526663
-0.331,8.739,5.517,-0.1489557,0.45357466,-0.50985956,-0.4261338,0.5532721,9.793404
-0.083,8.837,5.415,-0.09270668,0.58828354,0.035954,-0.18790704,0.3414472,10.25839
-0.029,8.833,5.512,0.0049717426,0.50247765,0.6766019,0.16844094,-0.058950506,10.630331
-0.301,8.488,5.915,-0.016939402,0.36410093,0.78926563,0.2208424,-0.22988467,10.615462
-0.673,8.332,6.006,-0.09072614,0.27050972,0.72044563,0.14677234,-0.283839,10.512584
-0.905,8.361,5.649,-0.09283948,0.24714518,0.30923033,-0.0122398585,-0.055463012,10.209263
-0.882,8.443,5.505,-0.12961113,0.30156803,-0.29753637,-0.29647192,0.32839972,9.829641
-0.882,8.443,5.505,-0.06692302,0.44546652,-0.19394302,-0.22991835,0.39070633,9.993785
-0.882,8.443,5.505,-0.009565353,0.5794158,-0.043875217,-0.14812076,0.4161972,10.184247
-0.882,8.443,5.505,-0.0021344423,0.6150603,-0.08707857,-0.1670886,0.4689969,10.178147
-1.831,9.742,3.589,-0.02647698,0.62523365,0.17824316,-0.08698855,0.30678403,10.373841
-2.129,9.148,5.813,-0.06337118,0.60239744,0.5582442,0.033961087,0.049610555,10.628186
-2.182,8.979,5.715,-0.040572524,0.4946766,0.8117137,0.17647256,-0.16403309,10.727075
-1.689,8.587,4.622,-0.16868865,0.34611225,0.8250551,0.09931621,-0.3273857,10.650405
-0.836,8.593,4.683,-0.409294,0.2283907,0.6412549,-0.16243336,-0.40047163,10.473081
-0.32,8.563,4.934,-0.3092116,0.27537727,0.42388391,-0.1682922,-0.19669534,10.339672
-0.291,8.503,5.195,-0.15983975,0.28944254,0.043301105,-0.1878882,0.10280006,10.062249
-0.404,8.445,5.179,-0.027516484,0.26625633,-0.07503986,-0.11174661,0.213834,9.944737
-0.837,8.359,4.817,0.18881512,0.37857914,0.09251785,0.12270976,0.28288254,10.11071
-0.626,8.505,5.139,0.4329142,0.37701178,0.15932465,0.36689004,0.34685567,10.1229105
-0.539,8.513,5.479,0.618265,0.32347584,0.29171467,0.5968614,0.3104583,10.152132
-0.611,8.466,6.031,0.6730046,0.35488224,0.55042744,0.7426651,0.19851746,10.345989
-0.594,8.41,6.171,0.12055457,0.26875448,0.63634634,0.30155486,-0.14749528,10.422288
-0.672,8.303,5.807,0.103946686,-0.0443058,-0.25156355,0.0037704243,0.16438213,9.585253
-0.769,8.223,5.567,-0.47882164,0.53781605,-0.27909803,-0.6457223,0.338587,10.061236
-0.632,8.237,5.558,-0.089613676,0.10413885,-0.02955389,-0.112348795,0.05259582,9.872682
-0.176,8.345,5.332,-0.3543675,0.07030153,-0.094341755,-0.36959624,-0.038026508,9.843686
0.049,8.503,5.136,-0.50050974,0.052444458,0.10265303,-0.42222798,-0.22868346,9.988929
-0.01,8.596,5.172,-0.7290524,0.30650377,0.41792965,-0.5578023,-0.3453621,10.414687
-0.365,8.564,5.509,-0.7514529,0.5901518,0.37023115,-0.65870136,-0.14674732,10.57776
-0.604,8.463,5.551,-0.88875175,0.7196264,0.26276064,-0.8588413,-0.0706442,10.603007
-0.87,8.126,5.948,-0.77998173,0.95731735,0.0119485855,-0.92501456,0.26102468,10.58201
-0.814,8.07,5.989,-0.49804044,1.1784115,-0.08497715,-0.78733087,0.55709,10.651446
-0.328,8.287,5.734,-0.3128656,1.4154787,0.09004831,-0.634659,0.65943736,10.934446
-0.103,8.536,5.43,-0.34239703,1.3474736,0.7965307,-0.40513083,0.10268941,11.353488
0.052,8.623,5.575,0.6546544,1.2338796,1.0907569,0.5838139,0.27760836,11.456765
-0.122,8.537,5.948,0.7370268,0.97225857,0.9447684,0.6625517,0.20986736,11.184353
-0.52,8.342,6.177,0.2554419,0.6606002,0.67558336,0.24834257,-0.01974345,10.753219
-0.621,8.15,6.165,-0.054189205,0.1177721,0.5757947,0.1267046,-0.39614597,10.225411
-0.558,8.087,6.003,-0.17015862,-0.07960987,0.4475999,0.04637427,-0.4530682,9.974628
-0.173,8.292,5.743,-0.2703758,-0.11709213,0.3498745,-0.06431024,-0.4486517,9.868305
-0.019,8.534,5.596,0.010680079,-0.18004894,0.6936145,0.32536945,-0.6032306,10.016127
-0.089,8.663,5.659,-0.2375722,-0.25012493,0.35234165,0.008432211,-0.48886925,9.742746
-0.157,8.707,6.018,-0.43043286,-0.30080128,0.27946424,-0.16973647,-0.5427095,9.63198
-0.37,8.639,6.272,-0.25873494,-0.22937965,0.447196,0.0150397755,-0.56482846,9.789752
-0.58,8.488,6.214,-0.33183074,-0.34213352,0.5145006,0.012256355,-0.6936157,9.70357
-0.566,8.327,6.149,-0.5978718,-0.41996288,-0.11628771,-0.42421627,-0.33009788,9.298302
-0.466,8.193,6.134,-0.60362405,-0.26506424,-0.4475503,-0.6017532,-0.0013145134,9.284335
-0.165,8.108,5.902,-0.5406328,-0.26239967,-0.5692172,-0.5922632,0.13371454,9.244076
0.073,8.183,5.635,-0.29975927,-0.030265808,-0.76937485,-0.5323496,0.48699397,9.403971
0.082,8.388,5.684,0.30262864,0.23680592,-0.55164695,-0.019589921,0.6714618,9.833681
-0.002,8.465,6.115,0.41444933,0.16818142,0.12254572,0.34677994,0.14444591,10.0785885
-0.276,8.369,6.175,-0.070246935,-0.10307598,0.01823616,-0.018804736,-0.07868567,9.70997
-0.649,8.209,5.839,-0.5685036,-0.17080688,-0.9637599,-0.7892815,0.4857978,9.156852
-0.799,8.202,5.21,-0.6102264,0.077599525,-1.8814054,-1.2531347,1.3040489,9.002165
-0.53,8.351,4.728,-0.18785644,0.40680122,-2.5398943,-1.2553756,2.1435637,9.113104
-0.255,8.462,4.968,0.16629314,0.14215088,-1.6557281,-0.5304575,1.498597,9.294676
-0.46,8.407,5.452,0.10586047,-0.028305054,-0.09175992,0.0660198,0.11991987,9.765566
-0.899,8.293,5.529,-0.018831491,0.2378931,0.6907878,0.15056969,-0.5166921,10.301112
-0.828,8.264,5.485,1.335141,0.68550396,1.1211939,1.271478,-0.084811635,11.179874
-0.498,8.293,5.253,1.8513768,0.686985,1.0415597,1.6667076,0.24320142,11.272029
-0.169,8.466,5.015,0.9407351,0.62267685,0.2616601,0.63998455,0.41993645,10.6757
-0.129,8.593,5.032,0.46899366,0.08080864,0.545269,0.5656669,-0.19198371,10.215266
-0.362,8.565,5.129,-0.16852498,-0.25764465,0.23939991,0.044859294,-0.35779265,9.658104
-0.586,8.502,5.272,-0.012896419,0.058470726,-0.9463787,-0.38168454,0.7674443,9.400984
-0.797,8.42,5.32,0.33355558,-0.024365425,-0.85817504,-0.021812519,0.8360425,9.420807
-0.848,8.307,5.069,0.20792687,-0.2695341,-0.1397891,0.22512117,0.108906455,9.53668
-1.171,8.316,4.527,-0.44832838,-0.23963451,0.41147804,-0.15591832,-0.63372374,9.763981
-1.354,8.615,4.65,-0.7644151,-0.08883381,0.78639555,-0.36085093,-0.997903,10.097539
-1.428,8.79,4.837,-0.9676908,-0.17822886,0.6540437,-0.5617694,-1.0291299,9.9524975
-1.61,9.132,5.582,-0.6326093,0.24289417,0.19352102,-0.563995,-0.31603584,10.087138
-1.672,9.038,5.667,-0.1603947,0.56541634,0.12379265,-0.25822446,0.13133036,10.332787
-2.093,8.843,5.478,-0.24030456,0.7281742,0.41431808,-0.25900555,-0.006001347,10.63883
-2.405,8.585,4.922,-0.19300422,0.87638426,0.5938754,-0.17772974,-0.010564145,10.867917
-1.988,8.588,4.75,0.057661235,1.0920234,0.527513,-0.014104439,0.28113097,10.9876995
-1.495,8.718,4.53,-0.128762,1.0566969,-0.09041214,-0.3833704,0.62218076,10.585931
-1.416,8.883,4.478,-0.22981817,1.0951223,-0.4426241,-0.59893686,0.85548604,10.404515
-1.435,9.119,4.406,-0.23348546,1.1563907,-0.3553295,-0.5723517,0.8371893,10.506323
-1.897,9.268,4.376,-0.21238995,0.95295286,-0.15412378,-0.43186972,0.59180266,10.470157
-2.335,9.322,4.426,-0.055425286,0.90520954,0.082722664,-0.1871143,0.46794626,10.56516
-2.469,9.18,4.474,-0.012054682,0.8982258,0.52683353,0.022243984,0.17970255,10.832186
-2.566,8.955,4.439,0.22201669,0.8280277,0.8706784,0.38120168,-0.005543184,10.967536
-2.128,8.94,4.312,0.19302404,0.5870385,0.4301591,0.2410271,0.13839705,10.50641
-1.683,9.109,4.316,-0.045399904,0.57282495,-0.01458025,-0.13220778,0.34631363,10.245957
-1.725,9.295,4.75,-0.029270291,0.49526453,0.24785662,-0.0032163258,0.12455003,10.347071
-2.013,9.424,5.067,-0.38749683,0.24879313,-0.0059304237,-0.38978437,0.018361393,10.051229
-2.454,9.245,5.239,-0.4559245,0.16967583,-0.21190071,-0.5180331,0.09037359,9.877594
-2.593,8.796,5.356,-0.4768089,0.23490477,-0.38975334,-0.6097895,0.24939136,9.826538
-2.182,8.4,5.263,-0.46305537,0.35683155,-0.74264765,-0.74203014,0.5768275,9.706977
-1.494,8.319,4.908,-0.31430137,0.403718,-0.9276371,-0.68055165,0.78742313,9.608917
-1.18,8.555,4.572,-0.16439283,0.3068285,-0.792665,-0.4830398,0.68560255,9.591921
-1.305,8.845,4.552,-0.061798573,0.29143858,-0.68067455,-0.3458119,0.6338427,9.631345
-1.789,8.931,4.773,0.119235516,0.3587036,-0.5240607,-0.1282441,0.6306988,9.7492285
-2.126,8.818,4.811,0.23441541,0.3291049,-0.30352306,0.06327432,0.5001401,9.841917
-2.245,8.575,4.634,0.32071102,0.3741684,-0.271976,0.14730853,0.53772444,9.883987
-1.937,8.455,4.471,0.43740654,0.45450878,-0.3326583,0.22137864,0.672496,9.892115
-1.646,8.521,4.185,0.25878584,0.47818375,-0.47255707,8.797862E-4,0.7188066,9.854146
-1.585,8.615,4.048,0.08664942,0.4129901,-0.37126255,-0.11145285,0.5439986,9.893531
-1.473,8.761,3.958,0.016988873,0.39980078,-0.17797852,-0.21525879,-0.32236502,10.010488
-1.628,8.953,4.269,0.11662996,0.4276595,0.0057635307,0.06000681,0.3007312,10.126788
-1.887,8.943,4.407,0.12711024,0.4619832,-0.0019931793,0.063377365,0.33161637,10.146655
-2.046,8.873,4.486,0.10461354,0.49497652,-0.11089897,-0.002887145,0.41965613,10.110171
-2.014,8.628,4.6,0.22819614,0.54876566,-0.20928526,0.06569374,0.5669639,10.073585
-1.975,8.59,4.54,0.348848,0.5460386,0.41000223,0.41764757,0.17859152,10.424413
-1.923,8.638,4.414,0.012742162,0.5011196,0.56247616,0.023250898,0.19172035,10.534914
-1.846,8.734,4.378,-0.18693995,0.5595646,0.27392626,-0.12192231,0.087413825,10.43957
-1.823,9.196,4.345,-0.2621621,0.5744071,0.064136505,0.019568896,-0.3469158,10.337736
-2.035,9.12,4.822,-0.31410825,0.6038065,-0.08250141,-0.37829778,0.3180043,10.281852
-2.186,8.983,4.938,-0.39273155,0.69983435,-0.3020048,0.050918434,-0.73889816,10.23868
-2.139,8.881,4.844,-0.22205389,0.76940775,-0.23964357,-0.372945,0.56248933,10.299846
-2.068,8.833,4.739,0.17572951,0.8169937,-0.124231815,-0.46277162,-0.4699871,10.334616
-1.778,8.865,4.719,0.15907836,0.840281,-0.2209096,-0.026532022,0.7345937,10.296393
-1.844,8.946,4.688,0.044655323,0.8562274,-0.27050734,-0.3668341,-0.6571415,10.298474
-1.985,8.992,4.668,0.14428914,0.813077,-0.27304888,-0.061153624,0.7480126,10.246204
-2.068,8.999,4.713,0.26190114,0.77946854,-0.19171476,-0.52240616,-0.4931682,10.250264
-2.266,8.981,4.5,0.4007343,0.69985867,0.20359468,0.37100804,0.44604847,10.402666
-2.534,9.012,3.984,0.417817,0.66952133,0.45292187,0.4913297,0.2648263,10.52528
-2.485,9.298,3.0,0.34648466,0.67035866,0.30025053,0.36393785,0.34341136,10.446338
-2.209,8.813,5.101,0.40245223,0.60940266,-0.14500666,-0.67318964,-0.04676095,10.121285
-0.155,8.501,6.056,0.5325953,0.48378754,-0.3524971,0.282412,0.7465326,9.876615
0.05,8.469,6.096,0.5913274,0.35831022,-0.3649478,-0.47660506,0.61806333,9.760979
0.032,8.494,5.935,0.6289432,0.34347725,-0.23916721,0.43104178,0.62035185,9.817308
0.299,8.684,5.848,0.57198226,0.3443408,-0.12087774,-0.28895456,0.6067657,9.899853
0.326,8.879,5.97,0.39369857,0.31248713,-0.083180904,0.28443974,0.40398842,9.93096
0.08,9.009,5.999,0.3234192,0.3831606,-0.13897467,-0.45554036,0.19394718,9.966627
-0.07,8.949,5.98,0.46741438,0.48483324,0.07266474,0.3924024,0.43326837,10.148876
-0.192,8.684,6.083,0.4572661,0.5453377,0.1217823,-0.4565118,0.36687857,10.228923
-0.219,8.359,6.039,0.2220484,0.46150064,-0.099552155,0.09969793,0.4377389,10.072439
-0.029,8.162,5.775,-0.16609251,0.3442526,-0.31222343,-0.1361646,-0.46047863,9.920661
0.151,8.111,5.353,-0.26466846,0.30328608,-0.5304718,-0.49922937,0.43963528,9.776263
0.193,8.126,5.332,-0.27694273,0.35477924,-0.74133825,-0.16873531,-0.8431388,9.693541
0.096,8.211,5.776,-0.18079841,0.48755074,-0.5583215,-0.4586764,0.6042417,9.888044
-0.107,8.208,6.088,0.17119849,0.5311794,-0.1873498,-0.517362,0.064246096,10.080093
-0.188,8.091,6.038,0.35426617,0.5171685,0.019638062,0.26100865,0.447564,10.160084
-0.087,7.949,5.858,0.3698964,0.51617527,0.078240395,0.29979166,0.41470385,10.190743
-0.01,7.856,5.684,0.04515612,0.49025297,0.025982857,-0.009954678,0.30331534,10.195189
0.046,7.835,5.515,-0.09480381,0.54274607,-0.25424528,-0.5043305,-0.18224102,10.090626
0.132,7.852,5.245,-0.014164805,0.71319866,-0.52013063,-0.3231736,0.7858905,10.046074
0.195,7.944,5.222,0.17285848,0.8644366,-0.42038155,-0.8963621,0.0697945,10.188111
0.092,8.087,5.496,0.14522743,0.8334389,-0.19258022,-0.05916412,0.7073655,10.305581
-0.044,8.147,5.785,-0.11528957,0.6768031,-0.1808734,-0.55669564,-0.08963104,10.238072
-0.09,8.135,5.958,-0.35077155,0.54183245,-0.1070838,-0.43144345,0.26686656,10.219842
-0.077,8.086,6.002,-0.31294703,0.6026387,0.0077695847,-0.3589967,0.24267572,10.329526
-0.037,8.043,5.99,-0.13732684,0.6782255,-0.21706629,-0.31115088,0.5092119,10.218784
0.102,8.112,5.835,0.23183048,0.8691597,-0.69024515,-0.21593654,1.0935537,10.014338
0.255,8.26,5.642,0.4386214,0.9375324,-0.63563824,-0.024192367,1.1867803,10.064251
0.227,8.375,5.545,0.6265476,0.79969263,-0.15795803,0.36484918,0.8678111,10.219939
0.178,8.418,5.642,0.31448698,0.68314314,0.039417267,0.18731774,0.53513134,10.302319
0.108,8.384,5.946,0.04614389,0.5528116,0.10553312,-0.004331246,0.2978211,10.286389
0.17,8.394,6.174,-0.081166625,0.48131323,-0.04131031,-0.16981462,0.2949907,10.15893
-0.001,8.385,6.147,-0.15893853,0.38830662,-0.35518074,-0.35766125,0.40671566,9.900764
0.256,8.484,6.062,-0.2951876,0.26291943,-0.4680333,-0.5058053,0.34165552,9.754208
0.26,8.509,5.942,-0.59077287,0.16508293,-0.6843996,-0.8438416,0.29061356,9.587236
0.198,8.506,5.737,-0.5496305,0.20883226,-0.9359703,-0.92191494,0.4931784,9.448052
0.272,8.504,5.728,-0.11590397,0.45569706,-0.5492916,-0.42115852,0.5877302,9.810316
0.162,8.441,5.867,0.63251096,0.8340502,-0.20435,0.30603743,0.94070756,10.205245
-0.113,8.439,6.329,1.1850338,1.1624932,0.3240013,0.93880373,1.0718327,10.717964
-0.082,8.455,6.405,1.0088836,1.1927853,0.89218235,1.006178,0.6663326,11.140884
0.117,8.557,5.916,0.56505615,1.15242,1.1591139,0.7313873,0.27859017,11.3488455
0.113,8.482,5.775,-0.076014996,1.0738955,0.4152832,-0.12721838,0.39828405,10.882139
0.263,8.382,5.943,-0.6767049,0.90239334,-0.24462652,-0.89436334,0.42530474,10.399368
0.074,8.298,5.821,-0.8282993,0.82707024,-0.55926657,-1.1432663,0.5027586,10.15748
0.096,8.234,5.433,-0.8397198,0.7627907,-0.72697115,-1.210618,0.55857867,10.001225
0.155,8.352,5.448,-0.9542122,0.8668995,-0.6221652,-1.2922277,0.5038285,10.1608095
-0.032,8.342,5.705,-0.7972567,1.0123463,-0.06938934,-0.957803,0.3199472,10.610098
-0.05,8.226,6.421,-0.15922844,0.90592194,0.5024681,-0.13788134,0.18971369,10.8281765
-0.078,8.207,6.234,0.15919936,0.6486192,0.20131207,0.06838255,0.35950816,10.400499
-0.16,8.127,5.669,0.050168753,0.4107461,-0.24327135,-0.16251084,0.43012825,9.944454
-0.16,8.402,5.76,-0.26760232,0.20149851,-0.242311,-0.38715118,0.14364499,9.826832
0.31,8.523,5.737,-0.7207689,-0.07998228,0.53817415,-0.36741322,-0.7326845,10.18575
0.074,8.554,5.751,-0.76995945,-0.0929575,0.4908309,-0.42206943,-0.7398276,10.148565
0.053,8.321,6.111,-0.59305394,0.2567706,-0.2515459,-0.6875691,0.0099563105,9.896481
-0.092,8.067,5.922,-0.11781943,0.65215683,-0.59024525,-0.5428659,0.694177,9.911507
-0.168,8.165,5.512,0.036047935,0.8811207,-0.50998735,-0.4456906,0.8634163,10.112646
-0.155,8.308,5.554,0.059236765,0.99579287,0.009938717,-0.23156548,0.6377084,10.538031
-0.272,8.76,5.648,0.42711318,1.0856986,0.47919703,0.25655115,0.6140821,10.878043
-0.329,8.719,5.682,0.8233314,1.1903958,0.4432521,0.53161,0.91485465,10.889157
0.151,8.481,6.115,0.9958405,1.2324739,0.23220015,0.5573146,1.1599365,10.759832
0.222,8.299,6.132,1.017809,1.1732764,0.13471222,0.54382306,1.1953729,10.646891
0.054,8.278,5.865,0.83709437,1.0209742,-0.08544254,0.33510014,1.1317929,10.404284
-0.017,8.351,6.138,0.69153285,1.003314,-0.3793459,0.07888631,1.2094406,10.2063875
-0.342,8.417,6.205,0.726367,1.1040063,-0.38473606,0.070007384,1.2948444,10.268105
-0.396,8.478,5.682,0.81604266,0.9368596,0.036842823,0.3938881,1.007905,10.418179
0.033,8.459,5.7,0.38092238,0.5583439,0.2798028,0.26893714,0.4009904,10.356213
0.204,8.433,6.057,-0.26539207,0.36217117,0.28376436,-0.20265734,-0.075531274,10.291777
0.095,8.457,6.049,-0.13615596,0.4797349,0.35640526,-0.10144957,0.03244815,10.4102745
0.062,8.41,5.906,0.3120759,0.62896633,0.5807066,0.32264507,0.25461286,10.619843
0.156,8.248,6.172,0.13932526,0.59357166,0.3337493,0.07656142,0.27722156,10.439433
0.081,8.1,6.215,-0.3452022,0.4632721,0.37323284,-0.26796067,-0.08450982,10.434458
0.11,7.985,5.774,-0.3691827,0.39721918,0.961391,-0.0044645374,-0.44502637,10.81674
0.147,7.959,5.738,-0.15043175,0.42161512,1.0165067,0.19157004,-0.33444598,10.848342
0.084,8.101,5.725,0.38327658,0.5298724,0.6877341,0.44823962,0.20140974,10.618537
-0.037,8.26,5.523,0.7642766,0.44987202,0.2747345,0.3939713,0.7334132,10.217594
0.094,8.311,5.918,0.08204138,0.14562416,0.13844681,0.08009399,0.06951591,9.996011
0.291,8.289,6.208,-0.20260012,-0.26977682,-0.025599957,-0.085406646,-0.27589664,9.630387
0.16,8.184,5.696,0.1036728,-0.5757098,-0.12416172,0.23352207,-0.2544085,9.3184395
0.077,8.065,5.486,0.7449685,-0.65731,0.11737633,0.9014174,-0.06266927,9.377312
0.269,8.104,5.844,0.9387307,-0.6858382,0.2932992,1.1516528,-0.048764795,9.476602
-0.022,8.249,5.624,0.9017755,-0.67028856,0.11286402,1.0380868,0.0409273,9.364017
-0.271,8.345,5.256,0.8540424,-0.8339343,-0.60674334,0.74760896,0.28092405,8.731878
-0.129,8.396,5.725,0.72205037,-1.0633888,-0.8096552,0.6491751,0.16289851,8.442931
-0.076,8.384,6.179,0.44175112,-1.4343596,-0.03482437,0.92117983,-0.62949526,8.802204
-0.087,8.42,5.944,0.23671553,-1.6886992,1.0669928,1.3423932,-1.4645048,9.4913435
-0.103,8.388,5.933,0.33001685,-1.5391736,1.1814909,1.4065156,-1.3712401,9.682953
0.257,8.387,6.452,0.4342373,-1.0616322,0.5639372,1.0300995,-0.701596,9.523263
0.047,8.323,6.058,0.79053247,-0.44802618,0.25622702,0.9318121,0.04977663,9.663229
-0.335,8.08,5.241,1.1479261,0.048531055,0.24868631,1.012591,0.5794587,9.950949
0.089,8.071,5.265,0.7956709,0.32900667,0.31659698,0.64285624,0.5205941,10.203249
0.104,8.241,5.29,0.3429949,0.32440948,0.52955675,0.36634737,0.15327789,10.39454
0.1,7.658,6.625,0.6501287,-0.62922573,1.4106317,1.2614019,-1.0882413,9.9885025
0.272,7.452,6.053,0.81073004,-0.8592448,0.87580633,0.0,0.0,0.0
0.271,7.814,4.702,0.80801344,-0.5104008,-0.4541936,0.0,0.0,0.0
0.32,8.329,4.468,0.8628325,0.0013313293,-0.6823077,0.0,0.0,0.0
0.132,8.894,5.579,0.6779238,0.59259415,0.3867936,0.0,0.0,0.0
-0.244,8.964,6.981,0.30202502,0.688303,1.7479239,0.0,0.0,0.0
-0.56,8.515,7.376,-0.015436709,0.24905777,2.127378,0.0,0.0,0.0
0.295,7.709,6.973,0.8235549,-0.5609164,1.7290034,0.0,0.0,0.0
0.529,7.649,6.627,1.0454128,-0.6364231,1.4063249,0.0,0.0,0.0
0.3,7.858,5.429,0.81947654,-0.44594765,0.23814392,0.0,0.0,0.0
0.356,8.075,5.353,0.8783267,-0.23820305,0.17726803,0.0,0.0,0.0
-0.275,8.548,5.682,0.25926813,0.23379803,0.50909376,0.0,0.0,0.0
-0.316,8.555,5.91,0.22424123,0.24327755,0.73372936,0.0,0.0,0.0
-0.161,8.374,6.153,0.37924123,0.06575012,0.9711561,0.0,0.0,0.0
-0.172,8.244,6.268,0.36901468,-0.0640316,1.0858874,0.0,0.0,0.0
0.09,8.032,6.049,0.6285459,-0.28242588,0.8768945,0.0,0.0,0.0
0.175,8.049,5.688,0.7172224,-0.27411366,0.53027105,0.0,0.0,0.0
0.168,8.128,5.558,0.71308196,-0.19864178,0.40627384,0.0,0.0,0.0
0.168,8.128,5.558,0.71308196,-0.19864178,0.40627384,0.0,0.0,0.0
0.168,8.128,5.558,0.71308196,-0.19864178,0.40627384,0.0,0.0,0.0
0.168,8.128,5.558,0.71308196,-0.19864178,0.40627384,0.0,0.0,0.0
-0.377,8.306,6.118,0.18248937,0.0045461655,0.9273133,0.0,0.0,0.0
-0.192,8.339,6.483,0.36632827,0.041748047,1.2854729,0.0,0.0,0.0
-0.199,8.283,6.204,0.36254025,-0.01480484,1.0077062,0.0,0.0,0.0
-0.162,8.14,6.22,0.39644122,-0.15841484,1.0243459,0.0,0.0,0.0
-0.022,8.154,6.073,0.510714,-0.1334753,0.8572192,0.0,0.0,0.0
-0.022,8.243,5.439,0.4995553,-0.045707703,0.22405243,0.0,0.0,0.0
0.029,8.38,5.418,0.54886866,0.09514904,0.19675875,0.0,0.0,0.0
-0.105,8.513,6.038,0.41641816,0.24288464,0.7936039,0.0,0.0,0.0
-0.358,8.53,6.59,0.16686043,0.2743206,1.3232498,0.0,0.0,0.0
-0.327,8.48,6.738,0.19558325,0.2310009,1.4605637,0.0,0.0,0.0
-0.325,8.162,6.566,0.19400305,-0.088674545,1.2908311,0.0,0.0,0.0
-0.032,7.866,6.286,0.47797924,-0.3923874,1.022037,0.0,0.0,0.0
0.168,7.779,5.726,0.6702019,-0.48854494,0.47567892,0.0,0.0,0.0
0.275,7.945,5.48,0.77367127,-0.3250804,0.23333836,0.0,0.0,0.0
0.242,8.261,5.794,0.74159765,-0.0012178421,0.53505135,0.0,0.0,0.0
-0.077,8.443,6.177,0.4289001,0.18974972,0.90458727,0.0,0.0,0.0
-0.284,8.29,6.311,0.22761789,0.04208088,1.0308051,0.0,0.0,0.0
-0.219,8.011,6.363,0.29318088,-0.2366972,1.0825119,0.0,0.0,0.0
-0.186,7.84,6.205,0.32618046,-0.41556644,0.93682146,0.0,0.0,0.0
-0.169,7.854,5.682,0.34773782,-0.41332722,0.43274736,0.0,0.0,0.0
-0.155,8.141,5.356,0.36796507,-0.13103008,0.11477852,0.0,0.0,0.0
-0.141,8.511,5.602,0.3874797,0.24432278,0.35289335,0.0,0.0,0.0
-0.429,8.646,5.994,0.1073955,0.38879108,0.7308111,0.0,0.0,0.0
-0.483,8.478,6.511,0.0542275,0.22690868,1.2383075,0.0,0.0,0.0
-0.211,8.163,6.241,0.32753536,-0.09503651,0.9793248,0.0,0.0,0.0
-0.265,8.001,5.58,0.27900797,-0.27187252,0.3422513,0.0,0.0,0.0
-0.171,8.073,5.42,0.37516993,-0.20955086,0.19779444,0.0,0.0,0.0
-0.279,8.363,5.362,0.27323523,0.07367039,0.1512003,0.0,0.0,0.0
-0.411,8.766,5.305,0.15378386,0.47751522,0.09420061,0.0,0.0,0.0
-0.498,9.052,5.843,0.07804951,0.7761545,0.6133795,0.0,0.0,0.0
-0.605,9.1,6.756,-0.0240103,0.84295464,1.4972882,0.0,0.0,0.0
-0.615,8.867,7.091,-0.032315016,0.6141062,1.8259635,0.0,0.0,0.0
-0.468,8.272,6.768,0.114854336,0.015816689,1.508143,0.0,0.0,0.0
-0.197,7.798,6.361,0.38126865,-0.47082567,1.120532,0.0,0.0,0.0
-0.071,7.761,5.783,0.49891558,-0.52592325,0.5702777,0.0,0.0,0.0
-0.135,8.077,5.223,0.43814248,-0.23230839,0.046390057,0.0,0.0,0.0
-0.214,8.606,5.215,0.3624863,0.29502964,0.04142809,0.0,0.0,0.0
-0.618,8.857,5.721,-0.0326041,0.5517397,0.5392699,0.0,0.0,0.0
-0.771,8.679,6.378,-0.18333197,0.3854704,1.1777692,0.0,0.0,0.0
-0.514,8.153,6.641,0.064521134,-0.13260078,1.4271231,0.0,0.0,0.0
-0.283,7.591,6.47,0.28095394,-0.7002425,1.2635007,0.0,0.0,0.0
-0.171,7.38,6.088,0.37923133,-0.92517567,0.90228176,0.0,0.0,0.0
-0.071,7.378,5.2,0.47108594,-0.9453225,0.04259491,0.0,0.0,0.0
-0.025,7.57,4.916,0.5161153,-0.76408434,-0.22410059,0.0,0.0,0.0
-0.133,8.147,4.831,0.40989578,-0.18882847,-0.3060789,0.0,0.0,0.0
-0.46,8.312,5.096,0.09095475,-0.008831024,-0.06448221,0.0,0.0,0.0
-0.679,8.271,5.99,-0.13529408,-0.03263855,0.8011322,0.0,0.0,0.0
-0.439,8.019,6.662,0.09223437,-0.28088856,1.465847,0.0,0.0,0.0
-0.199,7.66,6.387,0.3233177,-0.65006924,1.2062364,0.0,0.0,0.0
-0.065,7.527,6.071,0.45295298,-0.78942823,0.90001297,0.0,0.0,0.0
0.259,7.796,5.344,0.7755793,-0.53051424,0.1891284,0.0,0.0,0.0
0.089,8.179,5.113,0.6126886,-0.15027809,-0.036685467,0.0,0.0,0.0
-0.274,8.572,5.366,0.2534995,0.25005054,0.20486403,0.0,0.0,0.0
-0.357,8.58,5.892,0.16945899,0.26880836,0.7134557,0.0,0.0,0.0
-0.437,8.368,6.437,0.08676621,0.06115055,1.2512226,0.0,0.0,0.0
-0.402,8.05,6.425,0.11496103,-0.2594881,1.2427669,0.0,0.0,0.0
-0.234,7.977,6.192,0.27541736,-0.33891678,1.019342,0.0,0.0,0.0
0.104,8.286,5.971,0.6114962,-0.041402817,0.8166647,0.0,0.0,0.0
0.02,8.649,5.429,0.53111565,0.31375122,0.2877183,0.0,0.0,0.0
-0.135,8.7,5.363,0.3688346,0.36967564,0.21302795,0.0,0.0,0.0
0.153,8.637,5.829,0.6492604,0.31761074,0.66064644,0.0,0.0,0.0
0.038,8.526,6.138,0.53426003,0.22012615,0.9479556,0.0,0.0,0.0
-0.074,8.64,6.458,0.42414296,0.35105324,1.2411447,0.0,0.0,0.0
-0.138,8.758,6.672,0.3682819,0.48300076,1.4338288,0.0,0.0,0.0
-0.568,8.993,6.905,-0.051020384,0.7250843,1.6566982,0.0,0.0,0.0
-0.684,8.882,6.838,-0.16794503,0.6182432,1.5830584,0.0,0.0,0.0
-0.354,8.648,6.913,0.15035096,0.38399887,1.65731,0.0,0.0,0.0
0.023,8.463,6.578,0.5168123,0.18739891,1.3395905,0.0,0.0,0.0
0.166,8.428,5.711,0.6562205,0.14051723,0.49106884,0.0,0.0,0.0
0.193,8.53,5.494,0.67915875,0.24482155,0.2700281,0.0,0.0,0.0
0.252,8.801,5.962,0.73626494,0.5214472,0.72894335,0.0,0.0,0.0
-0.21,8.869,6.42,0.28166538,0.6035986,1.1653113,0.0,0.0,0.0
-0.339,8.719,6.811,0.15882704,0.46666622,1.5363865,0.0,0.0,0.0
-0.411,8.435,6.936,0.08823839,0.18848705,1.6524267,0.0,0.0,0.0
-0.37,8.064,6.554,0.12661153,-0.18841171,1.2793965,0.0,0.0,0.0
0.077,7.856,5.918,0.56240296,-0.4092579,0.66249895,0.0,0.0,0.0
0.169,7.883,5.393,0.64768624,-0.3940425,0.15546036,0.0,0.0,0.0
0.126,8.04,5.318,0.6030643,-0.24153996,0.08742952,0.0,0.0,0.0
0.07,8.12,5.449,0.54795104,-0.15781307,0.21261168,0.0,0.0,0.0
-0.161,8.002,5.897,0.3169514,-0.26944923,0.6505666,0.0,0.0,0.0
-0.163,7.695,6.078,0.3124947,-0.57239866,0.8249626,0.0,0.0,0.0
-0.214,7.525,5.948,0.25902802,-0.74430037,0.6977329,0.0,0.0,0.0
-0.004,7.511,5.56,0.46483278,-0.76618433,0.32179642,0.0,0.0,0.0
0.216,7.691,5.104,0.68293095,-0.59114647,-0.12652779,0.0,0.0,0.0
0.196,7.918,5.024,0.6663898,-0.36339855,-0.2074027,0.0,0.0,0.0
0.023,8.085,5.304,0.49521267,-0.19082737,0.06395435,0.0,0.0,0.0
-0.274,8.151,5.977,0.2019273,-0.11142349,0.71617985,0.0,0.0,0.0
-0.281,8.04,6.224,0.1960758,-0.21309948,0.94866896,0.0,0.0,0.0
-0.178,7.729,6.114,0.29820165,-0.5224657,0.8360319,0.0,0.0,0.0
-0.122,7.604,5.891,0.3532395,-0.65128803,0.61892796,0.0,0.0,0.0
-0.082,7.635,5.532,0.39468533,-0.62579536,0.2686906,0.0,0.0,0.0
-0.147,7.878,5.366,0.33365583,-0.38290453,0.1032238,0.0,0.0,0.0
-0.24,8.247,5.639,0.24901433,-4.2819977E-4,0.355896,0.0,0.0,0.0
-0.457,8.52,6.031,0.035620242,0.27836323,0.73920345,0.0,0.0,0.0
-0.405,8.763,6.398,0.09140313,0.53129673,1.091114,0.0,0.0,0.0
-0.333,8.821,6.438,0.16454732,0.59320927,1.125155,0.0,0.0,0.0
-0.333,8.821,6.438,0.16454732,0.59320927,1.125155,0.0,0.0,0.0
-0.067,8.74,6.42,0.42940825,0.5159712,1.1012311,0.0,0.0,0.0
-0.568,8.466,6.182,-0.071591765,0.24197102,0.8632312,0.0,0.0,0.0
-0.384,8.448,6.341,0.11240825,0.22397137,1.0222311,0.0,0.0,0.0
-0.42,8.405,6.375,0.07640827,0.18097115,1.056231,0.0,0.0,0.0
-0.467,8.411,6.243,0.029408246,0.18697166,0.92423105,0.0,0.0,0.0
-0.357,8.197,5.648,0.13940826,-0.027029037,0.3292308,0.0,0.0,0.0
-0.298,8.003,6.247,0.19948032,-0.2130003,0.91593647,0.0,0.0,0.0
-0.572,7.984,6.835,-0.0770008,-0.22076225,1.4864278,0.0,0.0,0.0
-0.663,8.002,6.911,-0.16781902,-0.20421505,1.564672,0.0,0.0,0.0
-0.57,8.154,5.53,-0.072375625,-0.07164097,0.21383715,0.0,0.0,0.0
-0.611,8.15,5.45,-0.11575946,-0.085972786,0.14963627,0.0,0.0,0.0
-0.804,8.126,5.786,-0.31462368,-0.1109705,0.48664093,0.0,0.0,0.0
-0.769,8.134,5.891,-0.28735748,-0.10471153,0.5936403,0.0,0.0,0.0
-0.583,8.128,5.637,-0.10982445,-0.11718845,0.34896374,0.0,0.0,0.0
-0.426,8.066,5.585,0.03591755,-0.18218136,0.3006358,0.0,0.0,0.0
-0.362,8.005,5.901,0.08808911,-0.24237537,0.6143546,0.0,0.0,0.0
-0.471,7.95,5.963,-0.02631548,-0.298954,0.6783614,0.0,0.0,0.0
-0.505,7.953,5.771,-0.0619469,-0.3007946,0.49378777,0.0,0.0,0.0
-0.542,7.981,5.7,-0.09788293,-0.27202702,0.4216771,0.0,0.0,0.0
-0.782,7.981,5.794,-0.3360424,-0.26498604,0.50483656,0.0,0.0,0.0
-0.799,8.019,5.93,-0.35004961,-0.21774101,0.62670517,0.0,0.0,0.0
-0.617,8.274,5.979,-0.16590461,0.043559074,0.6661191,0.0,0.0,0.0
-0.789,8.327,5.91,-0.33984423,0.09859562,0.5937996,0.0,0.0,0.0
-0.656,8.432,6.067,-0.22168174,0.20461464,0.74799013,0.0,0.0,0.0
-0.438,8.454,6.09,-0.017401516,0.23061752,0.7637043,0.0,0.0,0.0
-0.213,8.366,5.924,0.19595516,0.14055252,0.5999861,0.0,0.0,0.0
-0.177,8.224,5.872,0.22022231,-0.0020246506,0.54798555,0.0,0.0,0.0
-0.102,8.177,5.965,0.28366032,-0.0464859,0.6362171,0.0,0.0,0.0
-0.096,8.22,6.083,0.27139628,0.0063228607,0.7378249,0.0,0.0,0.0
-0.14,8.263,6.135,0.22077166,0.054039955,0.7821317,0.0,0.0,0.0
-0.295,8.365,6.197,0.05567056,0.1645937,0.8303666,0.0,0.0,0.0
-0.322,8.456,6.189,0.018400043,0.26393795,0.8089795,0.0,0.0,0.0
-0.283,8.432,6.267,0.044004858,0.24790573,0.8740368,0.0,0.0,0.0
-0.256,8.412,6.305,0.053355634,0.23444653,0.90108204,0.0,0.0,0.0
-0.049,8.388,6.12,0.23946857,0.21383476,0.7098036,0.0,0.0,0.0
0.107,8.308,5.866,0.37168202,0.13670444,0.45025873,0.0,0.0,0.0
0.206,8.278,5.928,0.45339996,0.110141754,0.5062599,0.0,0.0,0.0
0.12,8.259,6.112,0.3527776,0.09590626,0.68244267,0.0,0.0,0.0
0.005,8.283,6.109,0.22343203,0.1236372,0.6732421,0.0,0.0,0.0
0.012,8.371,6.068,0.21629828,0.21828556,0.62172747,0.0,0.0,0.0
0.126,8.4,6.153,0.31298208,0.25944805,0.6879463,0.0,0.0,0.0
0.063,8.324,6.468,0.22879747,0.20401573,0.9717517,0.0,0.0,0.0
-0.129,8.141,6.93,0.02462688,0.0357275,1.4117279,0.0,0.0,0.0
-0.12,8.096,6.888,0.02644571,-0.004805565,1.3629751,0.0,0.0,0.0
0.003,7.941,6.933,0.12687208,-0.15454578,1.3997207,0.0,0.0,0.0
0.231,7.908,6.741,0.3300963,-0.19388485,1.2165079,0.0,0.0,0.0
0.287,7.907,6.449,0.36147228,-0.21102571,0.947865,0.0,0.0,0.0
0.68,7.931,5.792,0.73077506,-0.19492865,0.3022747,0.0,0.0,0.0
0.499,7.899,6.067,0.530447,-0.221632,0.5692978,0.0,0.0,0.0
0.313,7.83,6.346,0.32871786,-0.28629017,0.84182215,0.0,0.0,0.0
0.237,7.826,6.297,0.23855461,-0.2937231,0.79786444,0.0,0.0,0.0
0.155,7.798,6.136,0.15352446,-0.32863092,0.6470771,0.0,0.0,0.0
0.07,7.902,5.694,0.06458233,-0.23906279,0.22651052,0.0,0.0,0.0
-0.142,8.118,5.52,-0.14619349,-0.033964157,0.06877422,0.0,0.0,0.0
-0.271,8.252,5.61,-0.27123237,0.0966568,0.16383171,0.0,0.0,0.0
-0.356,8.467,5.838,-0.35121596,0.31322765,0.38948298,0.0,0.0,0.0
-0.407,8.715,5.982,-0.40221596,0.5612278,0.533483,0.0,0.0,0.0
-0.397,8.921,6.027,-0.37959456,0.76780796,0.57763624,0.0,0.0,0.0
-0.311,9.079,5.687,-0.27806395,0.926527,0.23663759,0.0,0.0,0.0
0.004,9.187,5.758,0.046969,1.0449076,0.2922082,0.0,0.0,0.0
0.571,8.924,6.31,0.6205779,0.7979326,0.8204694,0.0,0.0,0.0
0.99,8.769,6.732,1.0440339,0.65189266,1.2292719,0.0,0.0,0.0
1.463,8.895,7.306,1.5475869,0.7932329,1.7810931,0.0,0.0,0.0
1.963,9.138,7.272,2.0980105,1.0295506,1.7579064,0.0,0.0,0.0
2.517,9.43,7.167,2.755219,1.3120918,1.6703477,0.0,0.0,0.0
2.065,9.675,7.94,2.4556334,1.5419664,2.474513,0.0,0.0,0.0
0.447,9.528,8.778,0.9217584,1.38136,3.3395028,0.0,0.0,0.0
-1.019,8.955,8.063,-0.3250587,0.7349558,2.7601986,0.0,0.0,0.0
-1.182,8.206,6.696,-0.39423895,-0.055958748,1.4720325,0.0,0.0,0.0
-1.401,7.562,6.368,-0.57229877,-0.717051,1.1775327,0.0,0.0,0.0
-1.2,7.018,6.128,-0.3789075,-1.2556834,0.927773,0.0,0.0,0.0
-0.013,6.633,5.773,0.7798162,-1.6152091,0.5281086,0.0,0.0,0.0
0.36,6.507,5.715,1.1464312,-1.7085876,0.41820478,0.0,0.0,0.0
-1.113,6.715,5.639,-0.3255434,-1.479785,0.31022978,0.0,0.0,0.0
-1.872,6.798,5.494,-1.0799122,-1.4077678,0.18284798,0.0,0.0,0.0
-0.395,6.624,5.178,0.42873445,-1.6238637,-0.062664986,0.0,0.0,0.0
1.12,6.649,4.315,2.0192504,-1.6517258,-0.82889605,0.0,0.0,0.0
-0.001,7.105,3.956,1.0252429,-1.2483964,-1.0776842,0.0,0.0,0.0
-1.507,7.682,3.744,-0.3215065,-0.713686,-1.1832156,0.0,0.0,0.0
-2.183,8.104,3.816,-0.8521246,-0.31507683,-1.0335655,0.0,0.0,0.0
-1.795,8.064,4.419,-0.35003376,-0.3613577,-0.38680935,0.0,0.0,0.0
-2.174,7.752,4.724,-0.67828274,-0.67466164,-0.06396198,0.0,0.0,0.0
-2.888,7.469,4.509,-1.3124317,-0.97099686,-0.22960854,0.0,0.0,0.0
-2.878,7.651,4.014,-1.2395635,-0.8130064,-0.6600237,0.0,0.0,0.0
-2.632,8.268,4.204,-0.9635072,-0.22017956,-0.41523504,0.0,0.0,0.0
-2.657,8.429,4.586,-0.98655283,-0.081739426,0.009178162,0.0,0.0,0.0
-3.043,8.349,4.522,-1.4033732,-0.20268917,0.010832787,0.0,0.0,0.0
-4.278,10.987,4.233,-2.6846595,2.377634,-0.18406439,0.0,0.0,0.0
-2.451,11.229,2.644,-0.9165013,2.5348625,-1.6253867,0.0,0.0,0.0
-0.775,10.864,1.404,0.7111454,2.1009521,-2.7397583,0.0,0.0,0.0
-1.801,10.118,3.001,-0.34899712,1.365344,-1.1766877,0.0,0.0,0.0
-1.67,9.254,5.472,-0.24696422,0.536026,1.2126245,0.0,0.0,0.0
0.269,8.73,6.374,1.6845329,0.02766323,2.0802827,0.0,0.0,0.0
0.126,8.687,6.176,1.5856227,-0.0139398575,1.8942332,0.0,0.0,0.0
-1.459,8.854,5.787,0.060956,0.13899136,1.5551281,0.0,0.0,0.0
-1.452,9.104,4.951,0.09588313,0.37774658,0.7525563,0.0,0.0,0.0
-1.633,9.184,4.451,-0.032987595,0.43712234,0.3154869,0.0,0.0,0.0
-2.287,9.119,3.939,-0.65296173,0.35983086,-0.15700364,0.0,0.0,0.0
-2.158,9.085,3.857,-0.50881755,0.31670666,-0.21333432,0.0,0.0,0.0
-1.668,8.876,3.942,-0.034587026,0.10322857,-0.12503815,0.0,0.0,0.0
-1.295,8.676,4.292,0.30623364,-0.094968796,0.20830584,0.0,0.0,0.0
-1.024,8.605,4.452,0.54463136,-0.16266632,0.3486104,0.0,0.0,0.0
-1.026,8.764,4.401,0.52021384,-0.0032730103,0.28827095,0.0,0.0,0.0
-1.323,9.021,4.311,0.22568786,0.25097084,0.20508385,0.0,0.0,0.0
-1.792,9.284,4.042,-0.21879601,0.5078354,-0.041423798,0.0,0.0,0.0
-1.558,9.651,3.978,0.044191122,0.8681936,-0.079791784,0.0,0.0,0.0
-1.409,9.935,4.167,0.23278117,1.148634,0.13281012,0.0,0.0,0.0
-1.677,10.4,4.402,0.017815948,1.6120567,0.3932557,0.0,0.0,0.0
-2.021,10.773,4.384,-0.27363527,1.9849844,0.3980391,0.0,0.0,0.0
-2.685,10.843,4.543,-0.8949909,2.0564156,0.57284045,0.0,0.0,0.0
-3.317,10.563,4.558,-1.4973191,1.7743559,0.6059277,0.0,0.0,0.0
-3.656,9.844,4.439,-1.8394294,1.0493879,0.4987898,0.0,0.0,0.0
-2.624,9.046,4.482,-0.8474771,0.24684334,0.533684,0.0,0.0,0.0
-1.98,8.462,4.761,-0.25208366,-0.3340845,0.78437114,0.0,0.0,0.0
-1.85,8.133,5.225,-0.1755414,-0.6605072,1.2199059,0.0,0.0,0.0
-1.664,7.861,4.954,-0.053228974,-0.9383478,0.93563175,0.0,0.0,0.0
-0.827,7.372,4.529,0.69996285,-1.4345307,0.49368286,0.0,0.0,0.0
0.107,6.837,4.614,1.5487338,-1.9649181,0.53747845,0.0,0.0,0.0
0.59,6.549,5.164,1.9682264,-2.2353754,1.0281029,0.0,0.0,0.0
0.75,6.587,5.702,2.09123,-2.1739292,1.5046673,0.0,0.0,0.0
0.921,7.012,6.065,2.261602,-1.7283154,1.8247108,0.0,0.0,0.0
0.302,7.922,6.307,1.6808515,-0.80997086,2.0617876,0.0,0.0,0.0
-0.162,8.424,6.126,1.2651565,-0.31139088,1.9038477,0.0,0.0,0.0
-0.563,8.974,5.438,0.9621723,0.21023846,1.3099613,0.0,0.0,0.0
-1.322,9.335,4.582,0.23943627,0.56169987,0.48792028,0.0,0.0,0.0
-2.044,9.483,4.173,-0.41687107,0.7010889,0.123198986,0.0,0.0,0.0
-2.329,9.496,4.172,-0.672096,0.7115631,0.13978815,0.0,0.0,0.0
-2.581,9.494,4.249,-0.9240961,0.70956326,0.21678829,0.0,0.0,0.0
-2.938,9.407,4.023,-1.1973153,0.5972872,0.08226895,0.0,0.0,0.0
-2.819,9.454,3.547,-1.0323676,0.61778545,-0.31300378,0.0,0.0,0.0
-2.381,9.593,2.685,-0.5574845,0.7351055,-1.107475,0.0,0.0,0.0
-2.423,9.61,2.542,-0.57109094,0.74350643,-1.21647,0.0,0.0,0.0
-2.637,9.557,2.702,-0.7762401,0.69289684,-1.0577402,0.0,0.0,0.0
-2.084,9.52,3.21,-0.23254609,0.6649008,-0.5754571,0.0,0.0,0.0
-1.852,9.476,3.73,-0.00554502,0.63199615,-0.08373356,0.0,0.0,0.0
-2.142,9.461,3.835,-0.2982365,0.62119293,0.010247946,0.0,0.0,0.0
-1.929,9.37,3.522,-0.09815335,0.5369053,-0.32440186,0.0,0.0,0.0
-1.698,9.222,3.508,0.11384714,0.40282822,-0.3791318,0.0,0.0,0.0
