-0.953537,6.9092712,6.9583282,-0.06862378,-0.49263096,-0.38968658,0.0902853,-0.073451996,9.1856
-1.0121613,6.900894,7.0863495,0.048488855,-0.6107559,-0.60370827,-0.070408344,-0.01390934,8.9495125
-0.92004395,6.845871,6.9559326,0.09179026,-0.5042772,-0.7185731,-0.19143248,-0.12873101,8.954681
-0.7405853,6.7812653,6.6436768,0.05678916,-0.39121866,-0.7810807,-0.26305413,-0.23440099,9.005262
-0.7645111,6.789627,6.551544,-0.09251517,-0.41080475,-0.6871371,-0.10444641,-0.28878832,9.061553
-0.85902405,6.7669067,6.6053925,-0.06599349,-0.40354967,-0.6210513,-0.09000945,-0.23668003,9.107513
-0.9188385,6.7322083,6.7740784,0.049205065,-0.42964268,-0.6158705,-0.150599,-0.13894749,9.082548
-0.899704,6.6376953,6.825531,0.18928522,-0.3934803,-0.602088,-0.2548566,-0.04077363,9.109119
-0.8458557,6.5240326,6.6640167,0.086717665,-0.3437686,-0.46750546,-0.13904476,-0.063599825,9.240187
-0.87338257,6.439087,6.3792725,0.06518221,-0.2239623,-0.41877222,-0.15930557,-0.098097086,9.3653145
-0.8614197,6.4570313,6.22612,-0.09067339,-0.17571831,-0.29136372,-0.01108408,-0.16305113,9.494748
-0.84825134,6.5324097,6.1327972,-0.13991737,-0.32306337,-0.24558687,0.020087242,-0.17103082,9.413452
-0.90927124,6.4989014,6.3708954,-0.16925651,-0.38715792,-0.2290616,0.1837728,-0.11153269,9.376771
-1.0097656,6.34935,6.653244,-0.009396672,-0.21430969,-0.15789604,0.029458523,-0.016388655,9.542431
-1.0456696,6.253647,6.4917297,0.03240925,-0.15023041,-0.2120409,-0.06096053,-0.038670063,9.554916
-0.8566284,6.439087,5.7631073,0.03389448,0.038981915,-0.22337103,-0.16584373,-0.112394094,9.695177
-0.7992096,6.4426727,5.743973,0.16013724,-0.03411293,-0.15703964,-0.17436504,0.044925928,9.668637
-0.91285706,6.401993,6.2189484,0.2891171,-0.10261536,-0.09229231,-0.18808436,0.20178151,9.643725
-0.9906311,6.5192413,6.378067,0.29353946,-0.106877804,-0.010896206,-0.1437757,0.2519033,9.690117
-1.0253296,6.550354,6.4749756,0.1008597,-0.054702282,0.013920307,-0.030240297,0.10259318,9.762844
-1.146164,6.4534454,6.8566284,0.033334196,-0.08116531,0.013971806,0.02769494,0.0608778,9.748159
-1.1437683,6.526428,6.611374,0.04357481,-0.12541485,-0.07766533,-0.0071794987,0.031039953,9.65617
-1.0624084,6.723831,6.18425,-0.06507611,-0.004858494,-0.085718155,-0.003278017,-0.09617376,9.758216
-0.98942566,6.795624,6.1411743,-0.052789927,-0.19018221,0.056709766,0.16406512,0.05405307,9.695597
-1.0085754,6.6783752,6.546768,0.13923323,-0.22145557,0.036099434,0.04496336,0.1958251,9.635295
-1.0707855,6.61615,6.8937225,0.30549693,-0.15947056,-0.16286802,-0.20591998,0.18415451,9.544029
-1.2059784,6.5898285,6.960724,-0.04082954,-0.22345495,-0.260314,-0.07474375,-0.09411633,9.48274
-1.311264,6.7453613,6.7489624,-0.084537625,-0.25999212,-0.392354,-0.035853624,-0.2272563,9.387421
-1.2969055,6.8207397,6.6723785,0.10886967,-0.2470522,-0.36156893,-0.14862251,-0.07483673,9.387209
-1.2299042,6.941574,6.612564,-0.17078412,-0.24455357,-0.29105473,0.065526485,-0.24959826,9.479399
-1.2705841,6.829117,7.032501,-0.21777952,-0.2616682,-0.24472237,0.12890601,-0.25792742,9.502275
-1.2634125,6.7214355,7.276581,-0.16008162,-0.24030495,0.20906019,0.32160473,-0.14356863,9.751539
-1.2741852,6.776474,7.142578,0.028320313,-0.28043938,0.26370287,0.28674746,0.23838949,9.706984
-1.3124695,6.777664,6.98584,-0.28192568,-0.28486252,0.1865902,0.43276072,-0.047670126,9.7299
-1.2957153,6.798004,6.859024,-0.4122188,-0.395257,8.9645386E-5,0.4581554,-0.25020432,9.575038
-1.2095642,6.830307,6.5934296,-1.7181294,0.43305206,-4.6432595,-1.9831209,-4.302988,8.306353
-1.1629181,6.742981,6.480957,-1.7003834,0.5628147,-2.6076436,-2.2973528,-2.1480649,9.466278
-1.188034,6.624527,6.6089783,-0.49075317,-0.4044361,-0.3426361,0.296947,-0.5361481,9.424323
-1.2538452,6.624527,6.6257324,-1.0007057,-0.17320728,0.28688717,0.8631828,-0.5569539,10.048384
-1.3232269,6.764511,6.520447,-0.8057387,-0.060077667,-0.23205662,0.3753693,-0.75146055,9.839501
-1.3830566,6.71904,6.611374,-0.5188494,-0.27523994,-0.8507571,-0.052954912,-0.88906336,9.281758
-1.3758698,6.6484528,6.6831512,-0.41939783,-0.37680817,-0.7282424,0.015049219,-0.7178695,9.229891
-1.3567352,6.599411,6.4833527,-0.21140814,-0.45126152,-0.5071626,0.064058065,-0.392159,9.2170315
-1.3746796,6.620941,6.20459,0.32219172,-0.6785717,-0.184134,0.048906803,0.25719357,9.078892
-1.3986053,6.6017914,6.1459656,0.30263317,-0.798666,-0.23884249,0.21679735,0.16345096,8.962385
-1.454834,6.599411,6.296707,0.41582894,-0.5845108,-0.15371132,0.17100143,0.31655693,9.167319
-1.4620209,6.5575256,6.3936157,0.3429594,-0.49419212,-0.38807058,-0.17777944,0.15877438,9.131646
-1.5003052,6.567108,6.4211426,0.4238819,-0.5369816,-0.37057495,-0.19748521,0.25232434,9.09765
-1.5218353,6.592224,6.4331055,0.2686888,-0.4411664,-0.280509,-0.09591651,0.1701479,9.252253
-1.4763641,6.6460724,6.4043884,0.07143092,-0.5364013,-0.10695267,0.1781857,0.1557796,9.308403
-1.4787598,6.641281,6.3936157,0.076051116,-0.4055934,-0.12997389,0.094848156,0.11103368,9.399393
-1.4153595,6.654434,6.5395813,0.1319753,-0.28367567,-0.18137074,-0.0342052,0.08724761,9.457361
-1.6151581,6.5443726,6.775284,0.13356686,-0.28609657,-0.13301992,-0.0071394444,0.11893988,9.485421
-1.6630096,6.558731,6.7046814,-0.017534971,-0.34780216,0.16987467,0.28893924,0.20084524,9.644457
-1.7108612,6.644867,6.735794,0.1639111,-0.10661173,0.30724669,0.11591816,0.33319998,9.897062
-1.6534424,6.7824554,6.784851,0.22386122,0.04945278,0.2352109,-0.045779943,0.2830348,9.966897
-1.6390839,6.784851,6.78006,-0.09326267,0.026060581,0.31497192,0.21528983,0.09755468,10.036253
-1.6426697,6.65683,7.032501,-0.3662963,-0.14134645,0.48931837,0.57605577,0.048633814,10.050329
-1.6426697,6.570694,7.162918,-0.109746814,-0.1547718,0.4070816,0.37215042,0.199996,9.959032
-1.552948,6.570694,6.9152527,0.18061018,-0.0010304451,-0.017798424,-0.1269157,0.12563777,9.774315
-1.5649109,6.5946198,6.6149597,0.12007487,-0.06508827,-0.13427305,-0.056699276,0.107538775,9.658651
-1.5481567,6.641281,6.6388855,0.12103248,-0.14815617,-0.2013588,-0.10852575,0.029326677,9.552668
-1.5661011,6.592224,6.7609253,0.22561038,-0.061560154,-0.32062626,-0.28773355,0.009151697,9.53349
-1.5349884,6.5982056,6.6687927,0.115700364,-0.2355814,-0.31361246,-0.12098026,-0.008614302,9.416103
-1.4990997,6.5371857,6.6305084,0.08256054,-0.33963585,-0.33306265,-0.055673838,-0.008806467,9.327148
-1.426117,6.51326,6.6472626,-0.2397362,-0.24684191,-0.2992034,0.12470579,-0.2639556,9.456361
-1.3674927,6.5060883,6.4498596,-0.27439928,-0.13680792,-0.3122611,0.08145666,-0.33601236,9.5383625
-1.2909241,6.5611267,6.1866455,-0.14302778,-0.111308575,-0.31125355,-0.017868757,-0.24670362,9.544844
-1.3280182,6.5443726,6.2727814,-0.013736725,-0.13216686,-0.3946972,-0.13819623,-0.1908691,9.463265
-1.2586212,6.4833527,6.3397827,0.009519339,-0.22378731,-0.59527683,-0.21677232,-0.2581072,9.2672825
-1.2155609,6.500107,5.9976044,0.05484426,-0.24352884,-0.5740986,-0.30630016,-0.011374176,9.260798
-1.2526398,6.558731,5.85643,0.09261608,-0.24465227,-0.50901556,-0.21492028,-0.14132309,9.29541
-1.3088684,6.6376953,5.8947144,0.0012683868,-0.27534914,-0.32999706,-0.040766716,-0.096708536,9.389874
-1.262207,6.705887,5.988037,-0.09254396,-0.35451412,-0.32068062,0.06674242,-0.13542557,9.34374
-1.306488,6.681961,6.242874,-0.040917158,-0.45306826,-0.27083778,0.11185956,-0.035562754,9.290395
-1.4189453,6.607773,6.5694885,0.020068645,-0.44631338,-0.247221,0.08181095,0.021563292,9.303103
-1.454834,6.570694,6.479767,-0.078579664,-0.46754265,-0.198627,0.18444777,-0.017439127,9.327173
-1.4237366,6.61615,6.320648,-0.05032432,-0.5881839,-0.24294758,0.20470476,0.018190622,9.202264
-1.5445709,6.661621,6.4953156,0.16152012,-0.44439888,-0.29476213,-0.037047863,0.09947491,9.259662
-1.5840454,6.7381897,6.7178497,0.03048563,-0.2863598,-0.32579517,-0.050838947,-0.06916237,9.380382
-1.6007996,6.8004,6.886551,-0.1945076,-0.33368206,-0.25354815,0.019769192,-0.2413283,9.413162
-1.586441,6.805191,6.859024,-0.13922632,-0.33949423,-0.25379467,0.12760329,-0.13843298,9.402167
-1.3902283,6.805191,6.623337,0.014243841,-0.20336628,-0.3017335,-0.06975865,-0.095856905,9.462341
-1.3148499,6.837494,6.4115753,-0.10344875,-0.12014246,-0.28834772,-0.02941227,-0.20395279,9.550098
-1.3304138,6.84227,6.501297,-0.20920837,-0.2836337,-0.30336905,0.11633921,-0.23910141,9.425148
-1.3878326,6.891327,6.878174,-0.11091626,-0.35019064,-0.3067789,0.085648775,-0.14566207,9.358882
-1.4404755,6.886551,7.454834,0.13762522,-0.33495998,-0.33273506,-0.09816122,0.021185398,9.325228
-1.4440613,6.849457,7.5062866,0.056572795,-0.23923826,-0.2492919,-0.049547434,-0.022864103,9.460812
-1.3974152,6.69751,7.2179565,-0.01041472,-0.16208315,-0.17062998,-0.0027608871,-0.052992344,9.577133
-1.3974152,6.6795654,6.850647,0.13339782,-0.156044,-0.23262453,-0.1336801,0.017363787,9.527209
-1.4237366,6.7489624,6.817154,0.17171729,-0.17189407,-0.37969208,-0.20156956,0.11940259,9.421536
-1.4763641,6.788437,6.9355927,-0.051526785,-0.19965458,-0.3785329,-0.071659565,-0.19140363,9.427134
-1.4237366,6.669998,7.117447,-0.18372297,-0.24593115,-0.19241619,0.14128757,-0.1685803,9.518764
-1.3914337,6.61615,7.071991,-0.26728725,-0.1973648,-0.0950017,0.22425842,-0.19110847,9.626077
-1.2335052,6.602997,6.5814514,-0.21140873,-0.070643425,-0.17513037,0.07744694,-0.23646355,9.67085
-1.0995026,6.644867,6.275177,-0.176041,-0.013358116,-0.30564785,-0.04744363,-0.30361223,9.632988
-1.0815582,6.6305084,6.2608185,-0.16933167,-0.17073059,-0.2759633,0.04688263,-0.23016477,9.5259285
-1.1234283,6.5862427,6.325424,-0.09642446,-0.1508441,-0.3214569,-0.0358119,-0.20783329,9.505138
-1.1772614,6.5240326,6.366104,-0.124596,-0.10283804,-0.36334562,-0.06505036,-0.2682147,9.520382
-1.1736755,6.4546356,6.315857,-0.22530878,-0.039049625,-0.48006296,-0.09595442,-0.4313333,9.510859
-1.1425781,6.356537,6.098114,-0.14687395,-0.09871435,-0.12675905,-0.037187576,-0.16370669,9.668081
-1.085144,6.3720856,5.777466,-0.048512697,-0.15841246,-0.07559252,0.07361388,-0.02365303,9.641774
-1.0839539,6.3936157,5.4843445,-0.26293302,-0.17923641,-0.2707467,0.12224078,-0.28408575,9.525731
-1.1090698,6.4342957,5.531006,-0.18787038,-0.31892633,-0.40206003,0.078672886,-0.2447846,9.324412
-1.1509552,6.3517456,5.9856415,0.047468185,-0.4315524,-0.17081404,0.103891134,0.107596874,9.364725
-1.174881,6.386444,6.023926,0.16295236,-0.5458455,-0.08533478,0.2923751,0.14153367,9.330975
-1.2012024,6.4941254,5.988037,0.37885344,-0.5323367,0.047742844,0.039707184,0.5292399,9.422567
-1.2789612,6.612564,6.28714,0.39897597,-0.48501015,-0.14111376,-0.09418845,0.43133116,9.338235
-1.3507538,6.6580353,6.5371857,0.29915088,-0.41235542,-0.2500596,-0.11961913,0.27354026,9.324026
-1.3435669,6.710678,6.631714,0.28717765,-0.60267115,-0.039634705,0.08813238,0.47082877,9.339952
-1.3962097,6.7118683,6.6783752,0.29813796,-0.49351025,-0.05737734,0.30596876,0.2938676,9.41199
-1.4356995,6.71904,6.641281,0.29215264,-0.49254274,0.022022724,0.054718733,0.46340013,9.47393
-1.3770752,6.775284,6.5659027,0.10873969,-0.58918476,-0.051318645,0.20256424,0.3523159,9.363437
-1.3447723,6.849457,6.6053925,0.07621677,-0.5409045,-0.07893181,0.18722129,0.2940905,9.378777
-1.3866425,6.8650055,6.825531,0.18103881,-0.3290944,-0.33151913,-0.11473131,0.13203263,9.337196
-1.4979095,6.837494,7.02652,0.31749436,-0.28906965,-0.5028329,-0.3143165,0.12086582,9.237615
-1.3567352,6.891327,7.1365967,0.31255445,-0.3221717,-0.6024976,-0.34069657,0.085743904,9.142526
-1.4273224,6.878174,7.134201,0.36012554,-0.34613037,-0.5252733,-0.32826972,0.17045832,9.183279
-1.3459625,6.8685913,7.237091,0.3247517,-0.27537966,-0.31602764,-0.24222255,0.21296859,9.385766
-1.4895325,6.747757,6.9882355,0.1419102,-0.20331764,0.10269737,0.046734095,0.25695872,9.744911
-1.3363953,6.801605,6.809967,-0.26639903,-0.38643026,-0.23770666,0.118917465,-0.2724242,9.372548
-1.351944,6.7178497,6.7417755,0.17641182,-0.44298935,-1.0088391,-0.36582875,-0.14644265,8.762696
-1.2861481,6.661621,6.599411,0.42713073,-0.46584034,-0.76789856,-0.42662787,0.15611672,8.921929
-1.2143555,6.607773,6.3433685,0.31491712,-0.41955423,-0.030387878,-0.028749943,0.4237523,9.497249
-1.3124695,6.6711884,6.3230286,0.11413918,-0.4616723,0.33777952,0.30874062,0.49086022,9.74341
-1.4680023,6.654434,6.6723785,0.25053748,-0.32048273,0.043468,0.0017266273,0.36403394,9.619986
-1.4273224,6.5862427,6.6460724,0.25053748,-0.32048273,0.043468,0.0017266273,0.36403394,9.619986
-1.3758698,6.607773,6.4008026,-0.14126262,-0.013642788,-0.38276196,-0.2570243,-0.13068952,9.517674
-1.2885284,6.599411,6.0466614,-0.28185427,-0.22092056,-0.09997511,0.2722578,-0.12771678,9.588002
-1.2514496,6.504883,6.0478516,-0.09548189,-0.32120466,-0.0802536,0.19732356,0.06105256,9.530849
-1.2430725,6.558731,6.029907,0.012516692,-0.26677895,-0.3126173,-0.015062571,-0.011599541,9.395924
-1.2454681,6.629318,5.8995056,0.015792295,-0.17376804,-0.4764328,-0.14186549,-0.13961005,9.339943
-1.4117584,6.5970154,6.3625183,0.031551182,-0.13377953,-0.485929,-0.23618746,0.033347398,9.36154
-1.4452667,6.5982056,6.530014,0.20575199,-0.106808186,-0.41307068,-0.28522754,-0.013852358,9.428732
-1.3567352,6.6795654,6.2691956,0.17012528,-0.18518591,-0.3225336,-0.17768979,0.046702385,9.44126
-1.3962097,6.6257324,6.1986084,0.110907584,-0.18591976,-0.25106335,-0.10123038,0.04195428,9.493774
-1.4452667,6.5407867,6.447464,-0.04921004,-0.18924236,-0.097607136,0.087231636,0.008987665,9.606472
-1.4129639,6.6017914,6.45224,-0.012680799,-0.11266184,-0.21545935,-0.034546614,-0.06401563,9.574306
-1.3686981,6.632904,6.345764,-0.059672534,-0.1464634,-0.27952576,-0.014731646,-0.11434293,9.506891
-1.4165497,6.579071,6.3840485,-0.038642973,-0.19825792,-0.5786743,-0.25805855,-0.09252566,9.258464
-1.3794556,6.5156555,6.522827,0.083070815,-0.08048868,-0.5151057,-0.31418228,0.022141516,9.382961
-1.351944,6.5575256,6.6149597,-0.043432593,-0.24347544,-0.17603636,0.07184243,-0.008038521,9.511812
-1.3435669,6.5407867,6.6999054,-0.056969106,-0.34746695,-0.11165714,0.16723275,0.06370497,9.483507
-1.3375854,6.546768,6.757324,0.15484425,-0.202497,0.009510517,0.0017354488,0.2095077,9.661133
-1.2921295,6.591034,6.847061,-0.015150011,-0.2954836,-0.19526815,0.0703361,0.022694588,9.459942
-1.3663025,6.5814514,6.855438,0.0028799772,-0.29944372,-0.28662062,0.005797386,-0.020472884,9.392677
-1.3938141,6.558731,6.8853455,-0.007437408,-0.31071854,-0.25350857,0.044493437,-0.0013656616,9.408045
-1.3962097,6.467804,6.6999054,0.10887247,-0.33170986,-0.15217257,0.023917913,0.14340734,9.454651
-1.2669983,6.5898285,6.2656097,0.19880068,-0.37745523,0.013995647,0.066919565,0.3171575,9.52894
-1.2813568,6.6472626,6.118454,0.14978194,-0.34095383,0.06929922,0.10943556,0.295362,9.596241
-1.3375854,6.6472626,6.428314,-0.09919006,-0.34928226,0.08573532,0.32122898,-0.02700162,9.618846
-1.3734741,6.6580353,6.7489624,-0.37133652,-0.31733847,-0.09344721,0.37940764,-0.18139243,9.541182
-1.401001,6.7322083,6.67717,-0.28173286,-0.27098894,-0.34329987,0.1696744,-0.27643442,9.399885
-1.3722839,6.7609253,6.4654083,-0.16071057,-0.21428347,-0.50644684,-0.026256561,-0.30520558,9.322508
-1.2813568,6.6628113,6.5814514,-0.13085902,-0.30427313,-0.7935748,-0.14339566,-0.40654683,9.062591
-1.3363953,6.6173553,6.599411,-0.4007582,-0.39559698,-1.012033,-0.3309381,-0.6038872,8.875461
-1.1844482,6.715454,6.029907,-0.097524285,-0.15536833,-0.72451353,-0.21256447,-0.40948176,9.218679
-1.2370911,6.772888,5.9353943,-0.33994365,-0.03157568,-0.043094635,0.2278347,-0.2570362,9.785688
-1.3328094,6.742981,6.229721,-0.40768653,-0.059932232,0.11462021,0.36849117,-0.20578861,9.8759575
-1.5218353,6.808777,7.216751,0.051326096,-0.07531738,-0.14052248,-0.06508398,-0.009997129,9.652645
-1.4811554,6.818344,7.158127,0.17410117,-0.35647392,-0.36937952,-0.08010578,0.10943174,9.281833
-1.426117,6.6472626,6.970291,0.21936506,-0.4923091,-0.42473555,-0.107723475,0.12644792,9.140844
-1.429718,6.5814514,6.8039856,0.25830245,-0.52226305,-0.5146222,-0.16726756,0.11508131,9.056253
-1.2047882,6.8410797,5.971283,0.3190173,-0.30197334,-0.5027528,-0.31861615,0.069300175,9.224069
-1.2251282,6.8925323,5.8911285,0.14913803,-0.37626314,-0.42251205,-0.122475386,0.025881052,9.235107
-1.3268127,6.7046814,6.4498596,0.037423015,-0.60152864,-0.3344369,0.11416936,0.09429145,9.133479
-1.421341,6.5934296,7.1114655,0.23385888,-0.46588802,-0.27643967,-0.06566858,0.20702314,9.258025
-1.3830566,6.685547,7.0169525,0.12723583,-0.22570992,-0.23018408,-0.0887599,0.05543399,9.476245
-1.4476624,6.5036926,6.6759796,-0.015610278,-0.14315939,-0.19438934,-0.010959148,-0.05959463,9.572441
-1.3387909,6.34935,6.6592255,0.0013847947,-0.1405015,-0.10525179,0.018980265,0.0020763874,9.6321335
-1.2322998,6.4414825,6.250046,0.10118908,-0.055978775,-0.11411238,-0.09934187,0.029482365,9.681525
-1.1760712,6.5659027,5.7966156,-0.06865537,0.033917427,-0.10153437,-0.01692009,-0.12054825,9.76984
-1.3411713,6.4737854,5.950943,-0.1666975,-0.1347394,-0.040424824,0.16781402,-0.0796659,9.692331
-1.3902283,6.479767,6.5336,-0.14305556,-0.16310883,-0.024101734,0.1731515,-0.041142702,9.680254
-1.3375854,6.443878,6.6879425,-0.10194945,-0.17466116,-0.15954971,0.084261894,-0.08516717,9.578609
-1.2526398,6.435501,6.229721,-0.11834681,-0.28884077,-0.19000387,0.09316635,-0.12078357,9.474585
-1.2382813,6.394821,6.037094,-9.88245E-5,-0.32859325,-0.075817585,0.12792897,0.10150647,9.511604
-1.2191467,6.43071,6.0263214,0.19861096,-0.18916416,-0.11245775,-0.10344052,0.15542316,9.576391
-1.2873383,6.5168457,5.9736786,0.1015439,-0.23973942,-0.18423796,-0.04272151,0.069909334,9.498401
-1.3591309,6.5276184,6.1280212,0.10776466,-0.27569294,-0.1631031,-0.0197649,0.102422,9.485182
-1.4979095,6.4917297,6.4079742,0.20448542,-0.22276068,-0.23465109,-0.15089321,0.10320401,9.47038
-1.454834,6.583847,6.39003,-0.05494213,-0.30137253,-0.27758455,0.056212187,-0.06323624,9.402004
-1.2179413,6.6711884,6.275177,-0.17672837,-0.3934903,-0.297894,0.18086672,-0.11697793,9.328726
-1.1928253,6.6604156,6.447464,-0.14347231,-0.4650774,-0.2481761,0.2158525,-0.033715725,9.305906
-1.2586212,6.631714,6.945175,0.051188886,-0.18044662,-0.3353839,-0.13296366,-0.015803576,9.446465
-1.4021912,6.7010956,7.183258,0.023457408,-0.16212511,-0.45327663,-0.15281677,-0.17551517,9.384588
-1.4428711,6.7501526,7.0743866,-0.16161239,-0.30665636,-0.50597954,0.028179884,-0.26769662,9.255546
-1.4428711,6.850647,6.8733826,-0.033947945,-0.24870634,-0.33594656,-0.012599945,-0.107295275,9.401438
-1.537384,6.8638153,6.9188538,0.09183979,-0.11109209,-0.24047041,-0.1266706,-0.027822733,9.55809
-1.503891,6.8841553,6.933197,-0.08331442,-0.1371975,-0.15407372,0.055550337,-0.08344579,9.608021
-1.4811554,7.0181427,6.912857,-0.21401912,-0.33925676,-0.22558308,0.21680069,-0.12085414,9.419122
-1.3698883,6.9355927,6.775284,-0.10754895,-0.4467926,-0.4041214,0.10795593,-0.10162711,9.2129135
-1.2047882,6.859024,7.024124,0.20917189,-0.3251562,-0.62053967,-0.2871971,-0.06895161,9.137836
-1.4320984,6.7082825,7.3411865,0.20073521,-0.492177,-0.57171106,-0.17899513,0.034743547,9.047611
-1.4596252,6.8745728,6.9583282,0.058424354,-0.5891547,-0.69110394,-0.10790682,-0.017798543,8.903223
-1.4907227,6.9176483,6.7908325,0.13616714,-0.5215955,-0.7012615,-0.1734047,-0.055783987,8.941093
-1.4811554,6.722641,6.7872467,0.27605465,-0.30329323,-0.2822423,-0.18913174,0.17589211,9.381039
-1.2562256,6.734604,6.2680054,0.12538165,-0.40381765,-0.15195322,0.03153181,0.20419765,9.407666
-1.2502441,6.6999054,6.1124725,-0.28845975,-0.5174122,0.13633156,0.52862144,0.15606737,9.550304
-1.351944,6.5359955,6.312271,-0.055970848,-0.27198982,-0.15521288,0.10261631,-0.0393281,9.508112
-1.3495483,6.4295197,6.654434,0.25631762,-0.11290407,-0.12877035,-0.1955781,0.1568675,9.627292
-1.3435669,6.43071,6.479767,-0.1269013,-0.37157917,-0.024913788,0.26724267,0.10522771,9.537756
-1.405777,6.345764,5.9533386,0.06477764,-0.28262615,0.17437696,0.16160679,0.28978872,9.7404175
-1.4608154,6.364914,6.0155487,0.3483826,-0.008868694,0.19119596,-0.18291974,0.32920718,9.933802
-1.3890381,6.4630127,5.8707886,0.02411054,-0.044919968,0.1302309,0.05749464,0.109398365,9.872116
-1.3124695,6.562317,5.641083,-0.10882476,-0.32015657,-0.83341646,-0.10919714,-0.33552957,8.979351
-1.401001,6.448654,5.8408813,0.18131919,-0.45954657,-0.057785988,0.057772636,0.3404343,9.448648
-1.4189453,6.428314,6.305084,0.1690541,-0.30836058,0.38883734,0.18074608,0.4861753,9.882969
-1.4859467,6.428314,6.418747,0.09106229,-0.29066992,0.3532009,0.21686268,0.40776682,9.871678
-1.5026855,6.541977,6.214157,0.32496327,-0.3297429,-0.4364109,-0.272784,0.15852594,9.254161
-1.3950195,6.602997,6.1172485,0.46255177,-0.12994432,-0.90899086,-0.6711242,-0.11654663,9.036512
-1.331604,6.6137543,6.1244354,0.38613486,-0.13551807,-0.8818469,-0.5999303,-0.15624475,9.057791
-1.3651123,6.67717,6.34816,0.23304227,-0.153409,-0.5161772,-0.32117772,-0.048992872,9.318054
-1.3758698,6.7417755,6.5276184,0.18786511,-0.25340843,-0.0054540634,-0.022338629,0.25287032,9.619308
-1.3974152,6.7286224,6.652054,0.22876352,-0.16619158,0.10624027,-0.045875072,0.29425216,9.756148
-1.5134583,6.5850525,6.866211,0.32237035,-0.24735832,-0.5809393,-0.3660276,0.010399342,9.199596
-1.4680023,6.5778656,6.6305084,-0.021956086,-0.545908,-0.7799649,-0.045657873,-0.19537663,8.875744
-1.401001,6.620941,6.419937,0.16592324,-0.3919487,-0.64894104,-0.2184453,0.045007586,9.063325
-1.3782654,6.665207,6.28714,0.26662403,-0.4831977,-0.55284405,-0.11968279,0.17322242,9.054403
-1.4237366,6.7178497,6.623337,0.29244113,-0.51539135,-1.1226134,-0.44519424,-0.21904707,8.638219
-1.3878326,6.7836456,6.8949127,-0.039378047,-0.7155819,-0.93924904,-0.013605356,-0.24044609,8.650019
-1.401001,6.7693024,7.2023926,-0.35208768,-0.5848837,0.07776737,0.5979328,0.078475,9.477378
-1.4811554,6.604187,7.4189453,-0.32166278,-0.33518887,-0.036298275,0.30816078,-0.26545787,9.579263
-1.4620209,6.531204,7.2430725,-0.47060072,-0.27493286,-0.4658618,0.2924645,-0.45237398,9.333466
-1.331604,6.6759796,6.6436768,-0.3836152,-0.44500923,-0.07578993,0.48877668,-0.092440605,9.48495
-1.277771,6.6999054,6.41037,-0.44843745,-0.45815706,0.03978157,0.5931437,-0.062354803,9.568158
-1.2969055,6.6987,6.5072784,-0.13222408,-0.49300003,0.21371078,0.45616126,0.2666099,9.64221
-1.3172455,6.756134,6.7669067,-0.05042404,-0.3805127,0.3523078,0.39205885,0.34304333,9.814675
-1.4536438,6.5862427,7.1976166,-0.0074748397,-0.3716936,0.4096017,0.38006258,0.3982141,9.86109
-1.5134583,6.5060883,7.215561,-0.20199251,-0.50840425,0.5688739,0.662467,0.41845465,9.901131
-1.3926239,6.5647125,6.6424713,0.25491655,-0.5494871,-0.14166927,0.06492567,0.3568499,9.301248
-1.3663025,6.6460724,6.2572327,-0.79401195,0.19511986,-0.04833603,0.4462304,-0.6589904,10.000229
-1.3950195,6.653244,6.28714,-0.32373238,-0.16661644,-0.7150254,0.005563736,-0.55719113,9.2293
-1.4069824,6.73938,6.32782,-0.16413593,-0.14009476,-0.82058716,-0.43484735,-0.34182286,9.163225
-1.4452667,6.752548,6.5108643,-0.23963964,-0.0045757294,-1.013783,-0.28857183,-0.75830984,9.153277
-1.532608,6.6795654,6.777664,-0.030838728,-0.023728848,-1.3162093,-0.5767472,-0.78513837,8.920738
-1.4536438,6.7202454,6.7417755,-0.12662148,-0.015363693,-1.2557054,-0.4900291,-0.82641816,8.988132
-1.3866425,6.727417,6.1651,-0.19551766,0.055145264,-1.1871104,-0.4518149,-0.862252,9.097507
-1.3830566,6.562317,6.037094,-0.5472002,0.1679759,-0.9463458,-0.6403372,-0.79750466,9.3857355
-1.3686981,6.5647125,6.0681915,-0.2767148,0.016784668,-0.56997633,-0.08463764,-0.5361502,9.479382
-1.2729797,6.7369995,6.0586243,-0.23477948,-0.09187603,-0.1735425,0.13322043,-0.22733665,9.650927
-1.4596252,6.744171,6.386444,-0.13863361,0.017374992,0.9348817,0.5200536,0.4226935,10.473284
-1.5122681,6.742981,6.8147583,-0.07111645,-0.21510172,1.0252018,0.6348276,0.6216409,10.366044
-1.5206451,6.707077,6.9918213,0.104658484,-0.1921668,0.4304948,0.22402906,0.40048027,9.957094
-1.5337982,6.61615,6.8410797,0.07577276,-0.062156677,-0.03224182,-0.03646159,0.06257343,9.733169
-1.4404755,6.4917297,6.57547,-0.1475907,-0.02295494,-0.20020342,0.026932955,-0.20389032,9.664893
-1.3686981,6.47139,6.2201385,-0.18033451,-0.1493063,-0.46133852,-0.0046560764,-0.31607604,9.397112
-1.3495483,6.55394,6.197403,-0.16299653,-0.291749,-0.19952345,0.17492342,-0.08958912,9.470689
-1.3794556,6.6149597,6.30748,0.022061288,-0.29737902,-0.06688166,0.10290718,0.11576295,9.543205
-1.4320984,6.59581,6.784851,-0.020016909,-0.27152538,-0.16330862,0.075282335,0.021136284,9.498945
-1.5445709,6.5766754,7.426132,-0.046184182,-0.21124744,-0.16504478,0.06285286,-0.025648355,9.54323
-1.5505524,6.497711,7.4656067,0.010063529,-0.14704514,-0.23509216,-0.043394327,-0.05796933,9.538792
-1.4045868,6.41037,6.8027954,-0.12986797,-0.24817371,-0.37241602,0.04543066,-0.1834724,9.380712
-1.2610168,6.4331055,6.1136627,-0.15264046,-0.33609295,-0.47189045,0.05865264,-0.21476388,9.250436
-1.2035828,6.4426727,6.0466614,-0.14065564,-0.3114009,-0.5038085,0.021753073,-0.23562574,9.245771
-1.1892395,6.480957,6.30867,-0.01990074,-0.34521008,-0.3705473,0.009511948,-0.06086445,9.303585
-1.3256226,6.508484,6.3469543,0.11373222,-0.35781908,-0.5052371,-0.07579994,0.076013684,9.186399
-1.2586212,6.518051,6.0442657,0.17662978,-0.37233973,-0.7845669,0.0,0.0,0.0
-1.2729797,6.464203,5.9019012,0.1573453,-0.44961834,-0.9042454,0.0,0.0,0.0
-1.2634125,6.5934296,5.99881,0.1605339,-0.34088707,-0.787796,0.0,0.0,0.0
-1.262207,6.7010956,6.0969086,0.15940166,-0.24097586,-0.68225527,0.0,0.0,0.0
-1.4309082,6.685547,6.6484528,-0.0117919445,-0.25388527,-0.13393402,0.0,0.0,0.0
-1.4512482,6.619751,6.7992096,-0.030728698,-0.31180048,0.00906229,0.0,0.0,0.0
-1.3782654,6.665207,6.5276184,0.04526663,-0.27066898,-0.25748014,0.0,0.0,0.0
-1.4033966,6.6795654,6.253647,0.024921656,-0.2660222,-0.52050257,0.0,0.0,0.0
-1.3734741,6.808777,6.202194,0.060400963,-0.14615345,-0.5611882,0.0,0.0,0.0
-1.2502441,6.970291,6.2368927,0.18355131,0.0055184364,-0.5163708,0.0,0.0,0.0
-1.3818512,7.051651,6.5276184,0.052210808,0.088195324,-0.2269454,0.0,0.0,0.0
-1.524231,7.022934,7.0420837,-0.08668518,0.07789183,0.26932716,0.0,0.0,0.0
-1.4979095,7.031311,6.9978027,-0.058378577,0.09590006,0.2156043,0.0,0.0,0.0
-1.4416809,6.8195496,6.8004,2.02775E-4,-0.11497688,0.017796993,0.0,0.0,0.0
-1.5433655,6.747757,6.707077,-0.09570646,-0.18609762,-0.07498217,0.0,0.0,0.0
-1.4249268,6.973877,6.357727,0.024606347,0.034083366,-0.4178548,0.0,0.0,0.0
-1.3423767,7.0361023,6.22612,0.10764897,0.080308914,-0.5329294,0.0,0.0,0.0
-1.4811554,6.8518524,6.6687927,-0.030549526,-0.10126209,-0.09288788,0.0,0.0,0.0
-1.3986053,6.75972,6.982254,0.047884583,-0.17978907,0.20572996,0.0,0.0,0.0
-1.262207,6.776474,6.8410797,0.17921484,-0.1558466,0.056123734,0.0,0.0,0.0
-1.3387909,6.6388855,6.838684,0.09803569,-0.2911458,0.050415993,0.0,0.0,0.0
-1.385437,6.591034,6.7944183,0.049487114,-0.3309946,-0.0024123192,0.0,0.0,0.0
-1.3124695,6.702301,6.629318,0.11929369,-0.21657133,-0.17139101,0.0,0.0,0.0
-1.3016968,6.751343,6.4127655,0.1290946,-0.17435884,-0.38119364,0.0,0.0,0.0
-1.3782654,6.518051,6.9475555,0.05137658,-0.4076724,0.15337658,0.0,0.0,0.0
-1.3746796,6.4570313,7.0707855,0.049061894,-0.44405842,0.2503519,0.0,0.0,0.0
-1.3543396,6.4163513,6.9511566,0.06670475,-0.46689892,0.11215973,0.0,0.0,0.0
-1.3627167,6.3505554,6.6759796,0.056827545,-0.5292702,-0.16677427,0.0,0.0,0.0
-1.3663025,6.4008026,6.5611267,0.05196774,-0.47940302,-0.28150892,0.0,0.0,0.0
-1.3052826,6.528824,6.34935,0.111027,-0.35493374,-0.49011946,0.0,0.0,0.0
-1.3531342,6.582657,6.3792725,0.0625236,-0.30541325,-0.4559884,0.0,0.0,0.0
-1.3160553,6.592224,6.4127655,0.09759283,-0.29462862,-0.42413712,0.0,0.0,0.0
-1.199997,6.6580353,6.5276184,0.20660591,-0.22641611,-0.31315565,0.0,0.0,0.0
-1.1976013,6.5850525,6.5886383,0.20168316,-0.29817867,-0.25486374,0.0,0.0,0.0
-1.262207,6.562317,6.5036926,0.1311965,-0.32166767,-0.34025145,0.0,0.0,0.0
-1.262207,6.6053925,6.217743,0.12471545,-0.28503895,-0.6210284,0.0,0.0,0.0
-1.2717896,6.6580353,5.864807,0.1086483,-0.26108217,-0.9462571,0.0,0.0,0.0
-1.2753754,6.649658,5.5920258,0.10404503,-0.30582476,-1.1821051,0.0,0.0,0.0
-1.414154,6.715454,5.620743,-0.033047438,-0.26059294,-1.1318645,0.0,0.0,0.0
-1.4524384,6.9020996,5.9401855,-0.062016487,-0.09049463,-0.79336786,0.0,0.0,0.0
-1.4368896,6.88295,6.0394897,-0.03958857,-0.11463928,-0.687448,0.0,0.0,0.0
-1.401001,6.7704926,6.3302155,0.001445651,-0.22738504,-0.39535093,0.0,0.0,0.0
-1.4309082,6.7609253,6.57547,-0.026051998,-0.23548794,-0.15111685,0.0,0.0,0.0
-1.4620209,6.789627,6.550354,-0.049162984,-0.2005415,-0.18104696,0.0,0.0,0.0
-1.5003052,6.7836456,6.476181,-0.07538724,-0.20471191,-0.25455856,0.0,0.0,0.0
-1.4907227,6.8159485,6.455841,-0.05101061,-0.17212057,-0.27204943,0.0,0.0,0.0
-1.3651123,6.8446655,6.5886383,0.07948232,-0.13941479,-0.14234638,0.0,0.0,0.0
-1.2502441,6.847061,6.866211,0.19532466,-0.123209,0.12113428,0.0,0.0,0.0
-1.3387909,6.7333984,7.3663025,0.10485375,-0.21781397,0.6011772,0.0,0.0,0.0
-1.4153595,6.735794,7.537384,0.026376247,-0.17679739,0.7323961,0.0,0.0,0.0
-1.4237366,6.744171,7.5505524,0.017734647,-0.14531374,0.722116,0.0,0.0,0.0
-1.4584198,6.6999054,7.278961,-0.014425635,-0.17154264,0.43290615,0.0,0.0,0.0
-1.4356995,6.7094727,6.8745728,0.010356307,-0.15222597,0.019181252,0.0,0.0,0.0
-1.3962097,6.7322083,6.6915283,0.05239606,-0.1293397,-0.16347647,0.0,0.0,0.0
-1.4201355,6.747757,6.788437,0.029474258,-0.11017275,-0.069975376,0.0,0.0,0.0
-1.3351898,6.747757,7.0624084,0.10846543,-0.097332,0.18992662,0.0,0.0,0.0
-1.3818512,6.7489624,7.147354,0.054222226,-0.08209181,0.25933695,0.0,0.0,0.0
-1.3471527,6.673584,7.071991,0.07744455,-0.14555025,0.16979456,0.0,0.0,0.0
-1.3184509,6.563507,6.8123627,0.099217534,-0.25617456,-0.09071922,0.0,0.0,0.0
-1.2717896,6.5575256,6.5336,0.13549864,-0.2745018,-0.3593912,0.0,0.0,0.0
-1.2071838,6.602997,6.197403,0.19302106,-0.24490881,-0.68125916,0.0,0.0,0.0
-1.2478638,6.6089783,6.1459656,0.14267266,-0.26128483,-0.71233416,0.0,0.0,0.0
-1.2311096,6.57428,6.2357025,0.15244162,-0.30388784,-0.6160841,0.0,0.0,0.0
-1.306488,6.562317,6.3230286,0.072437644,-0.32118702,-0.52433014,0.0,0.0,0.0
-1.3280182,6.4905243,6.1172485,0.047604322,-0.4069748,-0.71667814,0.0,0.0,0.0
-1.3052826,6.448654,6.0717926,0.06931949,-0.4607916,-0.75026083,0.0,0.0,0.0
-1.2897339,6.291931,5.9246216,0.08467007,-0.63011837,-0.88468313,0.0,0.0,0.0
-1.277771,6.2979126,5.728424,0.10035622,-0.64466286,-1.0591974,0.0,0.0,0.0
-1.3866425,6.3421783,5.8695984,-0.0011869669,-0.61181116,-0.9048338,0.0,0.0,0.0
-1.4560394,6.398407,6.3792725,-0.062939644,-0.55518675,-0.39399862,0.0,0.0,0.0
-1.4620209,6.455841,6.887741,-0.060118437,-0.4736514,0.09162474,0.0,0.0,0.0
-1.4799652,6.460617,6.8685913,-0.06892669,-0.4490161,0.05417061,0.0,0.0,0.0
-1.3794556,6.4965057,6.693924,0.03366244,-0.41018915,-0.12304354,0.0,0.0,0.0
-1.2263184,6.4965057,6.209381,0.18769658,-0.4138384,-0.6037011,0.0,0.0,0.0
-1.2335052,6.5036926,6.032303,0.17808747,-0.4250207,-0.76260185,0.0,0.0,0.0
-1.298111,6.620941,6.1674957,0.11515427,-0.31713915,-0.617496,0.0,0.0,0.0
-1.3375854,6.6269226,6.508484,0.07666588,-0.30926514,-0.27823734,0.0,0.0,0.0
-1.3387909,6.631714,6.6759796,0.07728124,-0.2936535,-0.12140274,0.0,0.0,0.0
-1.405777,6.707077,6.8482513,0.012676954,-0.20757437,0.040463924,0.0,0.0,0.0
-1.4177399,6.754944,6.8949127,0.005595088,-0.1433754,0.07159233,0.0,0.0,0.0
-1.421341,6.6915283,6.8853455,0.004228592,-0.19720173,0.05281067,0.0,0.0,0.0
-1.351944,6.685547,6.8530426,0.0753026,-0.19271708,0.010320663,0.0,0.0,0.0
-1.3842468,6.6927185,6.8817596,0.043612003,-0.1781683,0.03175783,0.0,0.0,0.0
-1.3794556,6.772888,7.0468597,0.047448874,-0.08744526,0.18608999,0.0,0.0,0.0
-1.3411713,6.818344,7.056427,0.08383322,-0.025802135,0.17911625,0.0,0.0,0.0
-1.2681885,6.8853455,7.0049896,0.15365875,0.047406673,0.120853424,0.0,0.0,0.0
-1.2263184,6.838684,7.097107,0.18940365,0.0071339607,0.20536995,0.0,0.0,0.0
-1.2119598,6.7298126,7.253845,0.18920708,-0.08638859,0.34395933,0.0,0.0,0.0
-1.2358856,6.727417,6.9475555,0.15634906,-0.0813241,0.028515339,0.0,0.0,0.0
-1.3184509,6.726227,6.8434753,0.06844056,-0.08453989,-0.07464409,0.0,0.0,0.0
-1.3639069,6.6915283,6.8638153,0.020661712,-0.11759138,-0.056390285,0.0,0.0,0.0
-1.4715881,6.7489624,6.789627,-0.085326314,-0.056950092,-0.13339376,0.0,0.0,0.0
-1.4177399,6.809967,6.592224,-0.028046131,-1.4543533E-4,-0.32597733,0.0,0.0,0.0
-1.3818512,6.7836456,6.619751,0.009827375,-0.030807018,-0.29377556,0.0,0.0,0.0
-1.3052826,6.5108643,6.8733826,0.08236253,-0.2971611,-0.047283173,0.0,0.0,0.0
-1.3088684,6.567108,6.746567,0.07824612,-0.23779106,-0.17727947,0.0,0.0,0.0
-1.3734741,6.5862427,6.528824,0.01660347,-0.22418594,-0.38898897,0.0,0.0,0.0
-1.4153595,6.5659027,6.521637,-0.022981286,-0.2478795,-0.3924098,0.0,0.0,0.0
-1.4081726,6.558731,6.45224,-0.013363838,-0.25829315,-0.45812035,0.0,0.0,0.0
-1.4069824,6.6137543,6.1746826,-0.0050385,-0.21876478,-0.7189102,0.0,0.0,0.0
-1.3399811,6.6257324,6.0335083,0.06586492,-0.21979809,-0.8463683,0.0,0.0,0.0
-1.2957153,6.612564,6.4115753,0.109211564,-0.24112129,-0.46036482,0.0,0.0,0.0
-1.2634125,6.5814514,6.4965057,0.13791704,-0.2739272,-0.37448025,0.0,0.0,0.0
-1.3615112,6.550354,6.439087,0.0396806,-0.30811024,-0.4288473,0.0,0.0,0.0
-1.3698883,6.4917297,6.401993,0.03531146,-0.37324953,-0.4586091,0.0,0.0,0.0
-1.3950195,6.468994,6.3134613,0.01429677,-0.4009719,-0.5413022,0.0,0.0,0.0
-1.4608154,6.4582214,6.1363983,-0.041781545,-0.42318678,-0.7048702,0.0,0.0,0.0
-1.4691925,6.5025024,6.0765686,-0.04012263,-0.3884096,-0.7530346,0.0,0.0,0.0
-1.4117584,6.5682983,6.2321014,0.021844387,-0.32847834,-0.5906291,0.0,0.0,0.0
-1.3615112,6.4857483,6.5443726,0.07468867,-0.4080987,-0.28077126,0.0,0.0,0.0
-1.3100739,6.3589325,6.742981,0.12452173,-0.52284384,-0.094670296,0.0,0.0,0.0
-1.2909241,6.4079742,6.628113,0.14195108,-0.47045183,-0.21326971,0.0,0.0,0.0
-1.3172455,6.4498596,6.5359955,0.115549445,-0.42837095,-0.30560017,0.0,0.0,0.0
-1.3136597,6.468994,6.4534454,0.12007511,-0.4121871,-0.38498497,0.0,0.0,0.0
-1.3471527,6.4450684,6.4785614,0.087346435,-0.43521357,-0.36061335,0.0,0.0,0.0
-1.3615112,6.4941254,6.522827,0.07304609,-0.38336897,-0.319139,0.0,0.0,0.0
-1.3339996,6.6257324,6.7585297,0.09888339,-0.24294615,-0.09263754,0.0,0.0,0.0
-1.2442627,6.546768,6.953537,0.18302858,-0.31125975,0.09054279,0.0,0.0,0.0
-1.1892395,6.5443726,6.932007,0.22337615,-0.30751562,0.059850693,0.0,0.0,0.0
-1.2610168,6.5025024,6.8446655,0.14559817,-0.34588528,-0.032209396,0.0,0.0,0.0
-1.426117,6.6101685,6.674774,-0.018179417,-0.23873663,-0.20131493,0.0,0.0,0.0
-1.5302124,6.7286224,6.508484,-0.11211383,-0.12600422,-0.35981083,0.0,0.0,0.0
-1.5672913,6.681961,6.6221313,-0.1406399,-0.17447138,-0.242589,0.0,0.0,0.0
-1.5744781,6.5730896,7.117447,-0.14143276,-0.2740531,0.24479055,0.0,0.0,0.0
-1.4727783,6.685547,7.056427,-0.03775215,-0.14457655,0.16726875,0.0,0.0,0.0
-1.2969055,6.8901367,6.620941,0.13476026,0.054442406,-0.2633891,0.0,0.0,0.0
-1.3579254,6.7501526,6.78006,0.06834972,-0.09811497,-0.09288406,0.0,0.0,0.0
-1.3866425,6.6807556,6.9870453,0.029825568,-0.1652441,0.1098156,0.0,0.0,0.0
-1.2418823,7.0253296,6.464203,0.16844761,0.17616367,-0.4111352,0.0,0.0,0.0
-1.2993011,6.9643097,6.374481,0.109660625,0.08490372,-0.470881,0.0,0.0,0.0
-1.3890381,6.775284,6.620941,0.021201253,-0.10795879,-0.2203002,0.0,0.0,0.0
-1.385437,6.6999054,6.9272156,0.025194168,-0.17539597,0.078074455,0.0,0.0,0.0
-1.2358856,7.0085754,6.28714,0.17402971,0.120634556,-0.549438,0.0,0.0,0.0
-1.2741852,6.867401,6.3110657,0.13636553,-0.042807102,-0.50287294,0.0,0.0,0.0
-1.3914337,6.6101685,6.8243256,0.016908646,-0.30425167,0.014203548,0.0,0.0,0.0
-1.3866425,6.715454,6.7369995,0.019401431,-0.19417953,-0.078453064,0.0,0.0,0.0
-1.3734741,6.793228,6.1698914,0.035900474,-0.14180803,-0.61902,0.0,0.0,0.0
-1.421341,6.5575256,6.1567383,-0.007169962,-0.39393473,-0.61435556,0.0,0.0,0.0
-1.3698883,6.4857483,6.520447,0.046812892,-0.465034,-0.25081348,0.0,0.0,0.0
-1.3076782,6.55513,6.2105713,0.109876275,-0.39945316,-0.55660677,0.0,0.0,0.0
-1.3375854,6.612564,6.0873413,0.08229029,-0.35313272,-0.66790915,0.0,0.0,0.0
-1.3100739,6.5575256,6.3924255,0.10936797,-0.41328764,-0.35763645,0.0,0.0,0.0
-1.2969055,6.5862427,6.5934296,0.11910236,-0.37790966,-0.16422462,0.0,0.0,0.0
-1.409378,6.546768,6.5575256,0.0060566664,-0.41218948,-0.20559788,0.0,0.0,0.0
-1.3926239,6.5348053,6.5060883,0.025112748,-0.4211359,-0.25965595,0.0,0.0,0.0
-1.3172455,6.4091797,6.500107,0.09869254,-0.54579735,-0.26700497,0.0,0.0,0.0
-1.3483582,6.337387,6.41037,0.065911174,-0.6182103,-0.35645342,0.0,0.0,0.0
-1.3375854,6.352951,6.1579285,0.07882607,-0.60788155,-0.6030612,0.0,0.0,0.0
-1.331604,6.6137543,6.1986084,0.08569348,-0.35248423,-0.55662537,0.0,0.0,0.0
-1.3531342,6.5694885,6.385254,0.062538385,-0.391922,-0.37529516,0.0,0.0,0.0
-1.429718,6.5192413,6.7704926,-0.014137626,-0.42857075,-0.004049301,0.0,0.0,0.0
-1.4404755,6.628113,6.7286224,-0.022028685,-0.30274153,-0.062669754,0.0,0.0,0.0
-1.4656067,6.6676025,6.7405853,-0.04474473,-0.25695562,-0.05662203,0.0,0.0,0.0
-1.4273224,6.5982056,6.695114,-0.0038374662,-0.31954813,-0.10846996,0.0,0.0,0.0
-1.4249268,6.661621,6.4319,0.001157999,-0.25883198,-0.3683939,0.0,0.0,0.0
-1.429718,6.7944183,6.273987,-8.921623E-4,-0.13233137,-0.5193176,0.0,0.0,0.0
-1.4153595,6.8685913,6.467804,0.0161767,-0.06440544,-0.31855345,0.0,0.0,0.0
-1.3543396,6.878174,6.7716827,0.074415565,-0.05051422,-0.019659042,0.0,0.0,0.0
-1.3232269,6.8482513,6.8602295,0.10186541,-0.072165966,0.059690952,0.0,0.0,0.0
-1.3507538,6.838684,6.8004,0.07321823,-0.079612255,-0.0025310516,0.0,0.0,0.0
-1.360321,6.813568,6.813568,0.06120634,-0.103129864,0.008501053,0.0,0.0,0.0
-1.3710938,6.7860413,6.7609253,0.048973322,-0.13235092,-0.042724133,0.0,0.0,0.0
-1.4536438,6.6891327,6.674774,-0.03180051,-0.23149061,-0.12623453,0.0,0.0,0.0
-1.4524384,6.7286224,6.7046814,-0.024443388,-0.19085312,-0.09620619,0.0,0.0,0.0
-1.3328094,6.870987,6.5563354,0.09540653,-0.049150467,-0.24383211,0.0,0.0,0.0
-1.2358856,6.896118,6.427124,0.18982756,-0.03510523,-0.36226988,0.0,0.0,0.0
-1.2634125,6.7369995,6.7657013,0.1589607,-0.19367743,-0.024951458,0.0,0.0,0.0
-1.2346954,6.5862427,7.0791626,0.17800188,-0.32773495,0.26949406,0.0,0.0,0.0
-1.2239227,6.6185455,6.898514,0.18283486,-0.29141808,0.0835433,0.0,0.0,0.0
-1.3950195,6.5192413,6.63649,0.012227416,-0.39540625,-0.1736269,0.0,0.0,0.0
-1.3974152,6.401993,6.6676025,0.011898279,-0.51130295,-0.14345932,0.0,0.0,0.0
-1.3782654,6.3732758,6.5527496,0.030651808,-0.5385423,-0.2598939,0.0,0.0,0.0
-1.3100739,6.5934296,5.8372955,0.10082662,-0.34151602,-0.9513912,0.0,0.0,0.0
-1.298111,6.5659027,6.114853,0.11337328,-0.38366032,-0.6587486,0.0,0.0,0.0
-1.2957153,6.3708954,6.751343,0.1106714,-0.5681381,-0.034102917,0.0,0.0,0.0
-1.3100739,6.337387,6.809967,0.09369099,-0.59288216,0.015027523,0.0,0.0,0.0
-1.4464569,6.3924255,6.528824,-0.042551517,-0.5299511,-0.274127,0.0,0.0,0.0
-1.4847412,6.464203,6.3720856,-0.07324314,-0.4618063,-0.4255948,0.0,0.0,0.0
-1.3531342,6.443878,6.139984,0.058144927,-0.48836136,-0.65138817,0.0,0.0,0.0
-1.3339996,6.447464,5.9306183,0.079472184,-0.50390196,-0.84071827,0.0,0.0,0.0
-1.3866425,6.5455627,5.7427673,0.032191277,-0.42188454,-1.0108967,0.0,0.0,0.0
-1.3447723,6.6460724,6.344574,0.07647121,-0.3254671,-0.4043579,0.0,0.0,0.0
-1.2598267,6.5563354,6.75972,0.15777397,-0.40378952,-0.0017485619,0.0,0.0,0.0
-1.3926239,6.4247284,6.8039856,0.02410531,-0.52354383,0.030155182,0.0,0.0,0.0
-1.4763641,6.5443726,6.5156555,-0.05617404,-0.39632607,-0.2652111,0.0,0.0,0.0
-1.4165497,6.723831,6.233307,0.011093497,-0.22597885,-0.5366535,0.0,0.0,0.0
-1.4225311,6.8350983,6.1651,0.009695649,-0.12792826,-0.59029675,0.0,0.0,0.0
-1.4715881,6.7908325,6.4139557,-0.036475897,-0.17203283,-0.34099388,0.0,0.0,0.0
-1.3974152,6.855438,6.775284,0.038446307,-0.09816551,0.010959625,0.0,0.0,0.0
-1.3627167,6.8841553,6.673584,0.07632363,-0.05815792,-0.1016531,0.0,0.0,0.0
-1.2538452,6.866211,6.9798584,0.18462408,-0.07197666,0.2002759,0.0,0.0,0.0
-1.2358856,6.6352997,7.2682037,0.19679248,-0.29483175,0.47916126,0.0,0.0,0.0
-1.2849426,6.681961,7.117447,0.1367588,-0.23788166,0.31561422,0.0,0.0,0.0
-1.3639069,6.896118,6.579071,0.05787623,-0.032554626,-0.21374989,0.0,0.0,0.0
-1.3627167,6.908081,6.6269226,0.05949354,-0.037285328,-0.14873886,0.0,0.0,0.0
-1.409378,6.8243256,6.8518524,0.010940552,-0.11790562,0.07258177,0.0,0.0,0.0
-1.401001,6.746567,6.825531,0.016832948,-0.18908644,0.03901148,0.0,0.0,0.0
-1.3100739,6.933197,6.4917297,0.106675744,-0.010434151,-0.2868533,0.0,0.0,0.0
-1.199997,6.9236298,6.6424713,0.21228743,-0.027053356,-0.12981367,0.0,0.0,0.0
-1.2311096,6.686737,7.092331,0.16909564,-0.25598288,0.30937767,0.0,0.0,0.0
-1.2693939,6.6592255,6.9355927,0.124153495,-0.27677202,0.14439583,0.0,0.0,0.0
-1.2681885,6.845871,6.317047,0.121499896,-0.10216665,-0.46262264,0.0,0.0,0.0
-1.3268127,6.8566284,6.22612,0.06281555,-0.11689234,-0.52734804,0.0,0.0,0.0
-1.4249268,6.5527496,6.754944,-0.035859585,-0.4204445,0.0010232925,0.0,0.0,0.0
-1.434494,6.5395813,6.6795654,-0.04307592,-0.43228483,-0.07524204,0.0,0.0,0.0
-1.3663025,6.8231354,6.0215454,0.030844808,-0.16044617,-0.719964,0.0,0.0,0.0
-1.3555298,6.6831512,6.345764,0.046559572,-0.3161006,-0.37844658,0.0,0.0,0.0
-1.3722839,6.5659027,6.6017914,0.028964996,-0.42690897,-0.12929153,0.0,0.0,0.0
-1.3878326,6.6017914,6.4450684,0.01684463,-0.38536406,-0.29117155,0.0,0.0,0.0
-1.4177399,6.818344,6.0227356,-0.006864071,-0.1808958,-0.6996484,0.0,0.0,0.0
-1.3830566,6.726227,6.2931213,0.033795834,-0.28259516,-0.41801357,0.0,0.0,0.0
-1.4392853,6.528824,6.6472626,-0.018778324,-0.46926975,-0.07428789,0.0,0.0,0.0
-1.4368896,6.5647125,6.4654083,-0.0118967295,-0.42618656,-0.2626753,0.0,0.0,0.0
-1.4237366,6.7657013,6.138794,0.010323644,-0.23318195,-0.5790553,0.0,0.0,0.0
-1.4033966,6.723831,6.43071,0.032761812,-0.27536583,-0.28636408,0.0,0.0,0.0
-1.421341,6.6604156,6.847061,0.017500281,-0.31943846,0.11046219,0.0,0.0,0.0
-1.4392853,6.8602295,6.6592255,-0.0013501644,-0.11930084,-0.07790184,0.0,0.0,0.0
-1.3842468,6.855438,6.538391,0.05424726,-0.13012123,-0.19236517,0.0,0.0,0.0
-1.450058,6.6269226,6.7166595,-0.01018548,-0.36155462,-0.010772228,0.0,0.0,0.0
-1.5003052,6.604187,6.5814514,-0.058582425,-0.38404322,-0.14584112,0.0,0.0,0.0
-1.3459625,6.7908325,6.12323,0.09876752,-0.21624756,-0.58377934,0.0,0.0,0.0
-1.3292084,6.7046814,6.0969086,0.1182158,-0.31585693,-0.5954304,0.0,0.0,0.0
-1.4763641,6.723831,6.837494,-0.02671969,-0.28447008,0.13282156,0.0,0.0,0.0
-1.4069824,6.806381,6.9475555,0.041786194,-0.18706226,0.2271986,0.0,0.0,0.0
-1.3507538,6.9152527,6.8111725,0.09584701,-0.074009895,0.08600092,0.0,0.0,0.0
-1.3040924,6.757324,6.723831,0.13752401,-0.23405075,-2.155304E-4,0.0,0.0,0.0
-1.2442627,6.727417,6.726227,0.19086349,-0.2647419,0.0016064644,0.0,0.0,0.0
-1.1222382,6.75972,6.1627197,0.3039378,-0.24101353,-0.55487967,0.0,0.0,0.0
-1.2179413,6.628113,5.9904327,0.19982839,-0.4006214,-0.6996503,0.0,0.0,0.0
-1.2897339,6.59581,6.106476,0.12674558,-0.442142,-0.574183,0.0,0.0,0.0
-1.3710938,6.673584,6.3876343,0.045168996,-0.36350584,-0.29397917,0.0,0.0,0.0
-1.454834,6.7860413,6.4654083,-0.03569591,-0.25030994,-0.21637249,0.0,0.0,0.0
-1.5553284,6.7657013,6.6604156,-0.13080096,-0.26744938,-0.023587704,0.0,0.0,0.0
-1.4715881,6.7633057,6.830307,-0.043170333,-0.25837517,0.1350851,0.0,0.0,0.0
-1.3746796,6.891327,6.530014,0.052363157,-0.13341236,-0.16229296,0.0,0.0,0.0
-1.1940155,6.8685913,6.14357,0.22756183,-0.18219423,-0.5224581,0.0,0.0,0.0
-1.188034,6.7214355,6.0,0.22942626,-0.34669685,-0.64851093,0.0,0.0,0.0
-1.3471527,6.7501526,6.2273254,0.07116032,-0.3263874,-0.41205454,0.0,0.0,0.0
-1.3651123,6.8159485,6.241684,0.05481875,-0.26559162,-0.39201546,0.0,0.0,0.0
-1.2813568,7.039688,6.12323,0.14128852,-0.054355145,-0.4965148,0.0,0.0,0.0
-1.409378,6.9750824,6.562317,0.019418597,-0.12266064,-0.05213499,0.0,0.0,0.0
-1.4620209,6.940384,6.880554,-0.030367851,-0.14323187,0.25159168,0.0,0.0,0.0
-1.4871368,6.9068756,7.183258,-0.05463803,-0.15995884,0.5365906,0.0,0.0,0.0
-1.2837524,6.9643097,6.521637,0.14330256,-0.10728407,-0.121138096,0.0,0.0,0.0
-1.3220367,6.8841553,6.1447754,0.10655069,-0.20785046,-0.47587252,0.0,0.0,0.0
-1.426117,6.8111725,6.2368927,0.006129861,-0.29717398,-0.3654151,0.0,0.0,0.0
-1.4620209,6.8937225,6.253647,-0.026161551,-0.21883774,-0.34333563,0.0,0.0,0.0
-1.4320984,7.0372925,6.028717,0.008239627,-0.08620691,-0.5554743,0.0,0.0,0.0
-1.4404755,6.990631,6.275177,0.0071793795,-0.14450312,-0.294796,0.0,0.0,0.0
-1.5014954,6.8159485,7.225128,-0.049991846,-0.30387115,0.63940907,0.0,0.0,0.0
-1.3734741,6.8039856,7.1641083,0.074704766,-0.28635645,0.54593515,0.0,0.0,0.0
-1.3507538,6.857834,6.6472626,0.09440875,-0.22987986,0.025615692,0.0,0.0,0.0
-1.405777,6.9260254,6.336197,0.04069519,-0.17632866,-0.26945782,0.0,0.0,0.0
-1.4931183,6.8518524,6.5850525,-0.044531226,-0.25100994,-0.019592762,0.0,0.0,0.0
-1.4105682,6.8614197,6.641281,0.036910415,-0.23430872,0.028730392,0.0,0.0,0.0
