-0.9152527,6.0478516,7.1521454,0.10309088,-0.4751072,-0.62790775,0.035235405,0.007940529,9.013355
-0.90089417,6.0562286,7.085144,0.15523016,-0.5449295,-0.65393305,0.07854462,0.0465705,8.946222
-0.90089417,6.037094,7.1030884,0.16174316,-0.40085602,-0.5932617,-0.0055980682,0.08124109,9.0771475
-0.9176483,6.0598297,7.186844,0.07321,-0.07636452,-0.46895027,-0.2057333,0.056923665,9.375908
-0.94636536,6.0598297,7.176071,-0.13234067,-0.03609705,-0.31502914,-0.17485595,0.14360142,9.548069
-0.94636536,6.077774,7.1521454,-0.23036051,-0.081737995,-0.36473703,-0.19106293,-0.24155293,9.493718
-0.953537,6.0335083,7.1066895,-0.03546524,-0.39228582,-0.513082,-0.009232521,-0.11040834,9.169371
-0.95114136,6.1591187,7.051651,0.17354202,-0.4822154,-0.5322571,0.078157425,0.07941009,9.076219
-0.9762726,6.099304,7.0612183,0.18953216,-0.4899726,-0.5581975,0.06838989,0.09521606,9.04913
-0.95114136,6.011963,7.162918,0.17873812,-0.2700901,-0.52351665,0.10482103,0.10983467,9.210066
-1.0468597,6.0107727,7.256241,0.012125254,-0.17690945,-0.3477087,-0.07462168,-0.02127482,9.424126
-0.93917847,6.090927,7.2059784,-0.09903872,-0.25827932,-0.014809608,0.17637062,-0.14666444,9.651348
-0.90927124,6.0957184,7.1856537,-0.13664532,-0.37400723,0.12632656,0.34638357,-0.20723957,9.699033
-0.9140625,6.027527,7.179657,-0.026220083,-0.51111364,-0.008112431,0.38836718,-0.12681428,9.498302
-0.89849854,6.069397,7.1605225,-0.101408005,-0.5136237,-0.017293453,0.37337208,-0.20233475,9.499982
-0.8901367,6.04187,7.027725,0.037956357,-0.4053192,-0.046295166,0.29406977,-0.04506628,9.524942
-0.91166687,6.1017,7.068405,0.09902656,-0.17711258,-0.08670521,0.102015495,0.061045133,9.62075
-0.9188385,6.065811,7.166504,0.025428057,-0.15402079,-0.10517597,0.06103325,-0.00643616,9.628707
-0.9762726,6.0012054,7.207184,9.5939636E-4,-0.16166973,-0.11226463,0.05871296,-0.032187767,9.621561
-1.0193481,6.023926,7.1593323,0.046517134,-0.23368502,-0.3371663,-0.0056626797,0.012963295,9.394032
-0.9834442,6.0598297,7.0492554,0.055583358,-0.24866915,-0.43991804,-0.012672424,0.06307125,9.302354
-0.96310425,6.049057,7.043274,-0.026643038,-0.19786406,-0.5258045,-0.17225122,-0.06750065,9.2755165
-0.982254,6.0155487,7.0671997,-0.046732545,-0.11591339,-0.5125017,-0.2321701,-0.06974781,9.338132
-0.9260254,6.02034,7.0612183,-0.20718825,-0.056045055,-0.55978537,-0.33548975,-0.21362622,9.358055
-0.90089417,6.028717,7.0624084,-0.029516459,-0.24926853,-0.44417048,-0.10195935,0.05944729,9.310299
-0.8685913,6.1124725,7.1186523,0.33986664,-0.12368202,-0.26985645,-0.0147128105,0.3071643,9.476403
-0.9020996,6.0346985,7.130615,0.051428676,-0.2346406,-0.3310213,-0.01292944,0.0023460314,9.397866
-0.92004395,6.04068,7.1724854,-0.009040713,-0.25781822,-0.38715887,-0.039530277,-0.06164886,9.347216
-0.9296112,6.0646057,7.1210327,0.39399278,-0.39656305,-0.4026265,0.117079735,0.3090932,9.202204
-0.9499512,6.111267,7.003784,0.26818883,-0.33632135,-0.36744165,0.07279873,0.197802,9.281651
-0.92004395,6.098114,6.981064,-0.0039532185,-0.32156134,-0.44303608,-0.02543974,-0.06676926,9.2638855
-0.9439697,6.0921326,7.085144,-0.084575176,-0.30664492,-0.38776016,-0.014623642,-0.14291424,9.326125
-0.9379883,6.0873413,7.2346954,-0.14599216,-0.24697638,-0.11053753,0.10199404,-0.19070822,9.588118
-0.8925171,6.114853,7.1688995,-0.30962563,-0.3336048,-0.1498251,-0.31497478,-0.22534037,9.524481
-0.8650055,6.1794586,7.075577,-0.21945047,-0.36715508,-0.26589537,0.090022564,-0.28549072,9.401616
-0.92004395,6.148361,7.02652,0.07418525,-0.38587236,-0.49959183,0.004898548,1.2128055E-4,9.171065
-0.933197,6.098114,7.0695953,0.29491687,-0.23469591,-0.5941,-0.14046383,0.24572432,9.162521
-0.928421,6.0442657,7.073181,0.2590376,-0.25397873,-0.57952166,-0.12390518,0.2077717,9.167175
-0.8949127,6.1280212,7.0468597,0.12450755,-0.36326075,-0.4209485,0.040066242,0.057139482,9.241152
-0.91166687,6.160324,7.022934,0.06608105,-0.5860629,-0.15863085,0.07236755,-0.36288166,9.32077
-0.9451599,6.065811,7.0863495,0.07927072,-0.6615143,-0.15025043,0.4350891,-0.03652449,9.281462
-1.002594,6.110077,7.162918,0.06967056,-0.6969657,-0.35660648,0.33671522,-0.052027937,9.098342
-1.0157471,6.078964,7.2107697,0.0066717863,-0.45993614,-0.5972247,-0.07279801,-0.018272877,9.056564
-0.9308014,6.037094,7.290924,-0.05490899,-0.21379375,-0.734045,-0.28666687,-0.094836414,9.102113
-0.95474243,6.0179443,7.2382813,-0.28536916,-0.15870237,-0.6598468,-0.31419754,-0.31372786,9.219389
-1.0061798,6.1017,7.1389923,-0.30189323,-0.26920414,-0.3964486,-0.35519254,-0.022397518,9.366062
-0.95951843,6.168701,7.009781,-0.04809463,-0.4008355,-0.28038597,0.14641285,-0.1256668,9.354578
-0.8685913,6.0969086,6.977478,0.039746523,-0.52331924,-0.094329834,0.3708496,-0.063049525,9.428714
-0.90089417,6.069397,7.101898,0.10011506,-0.6195102,0.120238304,0.58531,-0.02206996,9.551312
-0.97029114,6.0753784,7.150955,0.12544346,-0.53988886,-0.058963776,0.42648268,0.017527241,9.448185
-0.91645813,6.148361,7.105484,0.33580673,-0.31898594,-0.16603851,0.2214508,0.2668394,9.457591
-0.9176483,6.1495514,7.0743866,0.3014878,-0.17865229,-0.33360386,0.00946188,0.26008123,9.398765
-0.9762726,6.06221,7.150955,-0.2730974,-0.13316202,-0.32742977,-0.112856865,-0.29531825,9.491096
-0.99780273,6.050247,7.1162567,0.0024416447,-0.14781857,-0.28472042,-0.033135414,-0.027071163,9.488703
-0.9690857,6.12323,7.048065,-0.068520546,-0.48669147,-0.3928318,-0.10149264,-0.21873355,9.2255
-0.9559326,6.131607,7.0001984,-0.083137155,-0.5056095,-0.31273365,0.23659849,-0.18008783,9.285167
-0.96191406,6.0598297,7.0588226,0.27333152,-0.12071562,0.2712555,0.2899313,0.24626713,9.941387
-0.9415741,6.074173,7.0253296,-0.056803703,-0.22185946,0.42964077,0.4069624,-0.09501407,10.056437
-0.89849854,6.135193,7.027725,-0.0022708178,-0.1704073,0.4747572,0.3988948,-0.030433834,10.113888
-0.90927124,6.139984,7.0827484,0.16076791,-0.18430948,0.24877739,0.21614945,-0.25875998,9.896258
-0.92123413,6.0933228,7.08873,-0.027064323,-0.19061184,-0.1535883,0.06511021,-0.061430164,9.577212
-0.89372253,6.098114,7.0959167,-0.040660262,-0.27706623,-0.26243877,0.069344044,-0.090461984,9.440179
-0.899704,6.1459656,7.0301056,0.014826775,-0.32907152,-0.28087807,0.102508545,-0.043876126,9.38836
-0.88534546,6.1172485,7.0289154,0.06170082,-0.21652317,-0.72436047,-0.24728823,0.017225794,9.089754
-0.91645813,6.118454,7.060028,0.06507254,-0.1774025,-0.8379736,-0.051139355,0.35602045,9.026561
-0.8877411,6.0873413,7.0301056,-0.01778078,-0.19516039,-0.842021,-0.36591148,-0.05938737,9.025635
-0.9176483,6.1770782,6.9918213,-0.15622258,-0.35330486,-0.5482893,-0.08643818,-0.2194394,9.178777
-0.9176483,6.234497,6.957138,-0.18183517,-0.42918968,-0.54965353,-0.034994125,-0.25743106,9.134422
-1.0121613,6.16391,7.02652,-0.036335945,-0.49384737,-0.43745422,0.1006484,-0.12307386,9.165328
-1.0289154,6.090927,7.237091,0.18915725,-0.5942464,-0.3887596,0.23206997,0.08575666,9.114674
-0.9643097,6.077774,7.2502594,0.22289717,-0.43971062,-0.666307,-0.061478138,0.1411286,8.99222
-0.90089417,6.171097,7.0289154,0.25815415,-0.4391446,-0.70667744,-0.090528965,0.17668515,8.958434
-1.002594,6.1902313,6.9068756,0.32195246,-0.55357885,-0.62719727,0.050700665,0.22485766,8.940424
-0.9882355,6.151947,6.949951,0.11629534,-0.5406842,-0.5887003,0.04138279,0.025823116,9.000391
-0.90089417,6.2273254,7.055237,0.09405136,-0.49935007,-0.62599134,-0.017352104,0.009799011,9.000633
-0.8494568,6.1411743,7.1030884,0.20497727,-0.333014,-0.73530054,-0.20302296,0.14357942,9.011826
-0.84825134,6.1004944,7.1617126,0.053673863,-0.26680517,-0.5300474,-0.13647318,0.0070583,9.226701
-0.96191406,6.1423798,7.178467,0.037863016,-0.2536726,-0.3517871,-0.032057762,-0.004396878,9.372495
-0.95832825,6.155533,7.022934,-0.052612066,-0.1862793,-0.098155975,-0.06480682,-0.086788654,9.618581
-0.9188385,6.180664,7.0157623,-0.083961606,-0.22108841,0.122677326,0.23753738,-0.11462892,9.769026
-0.9559326,6.168701,7.022934,-0.17470872,-0.21385384,0.34149504,0.36245108,-0.20078123,9.952222
-1.0073853,6.1363983,7.073181,-0.049566627,-0.3664112,0.3293786,0.48414612,-0.10008588,9.834749
-1.0408783,6.1423798,7.063614,0.26001096,-0.41597605,-0.091303825,0.28751373,0.19470006,9.448314
-1.0241241,6.135193,7.060028,0.1955105,-0.44895267,-0.1414423,0.27396297,0.12626898,9.39581
-0.9499512,6.1327972,7.134201,0.165779,-0.33288193,-0.11508179,0.19904518,0.11391731,9.492102
-0.9762726,6.1280212,7.1533356,-0.15120065,-0.08404398,0.07755995,0.09739733,-0.16102788,9.829552
-0.96310425,6.1340027,7.076767,-0.29560888,-0.020339489,0.236732,0.13252878,-0.2924997,10.008444
-0.96191406,6.1423798,6.960724,-0.29078436,-0.001493454,0.25717115,0.1304698,-0.28449625,10.036289
-0.8721771,6.173477,7.0384827,-0.68049586,0.01803255,-0.083081245,-0.68251586,-0.062217712,9.831211
-0.88534546,6.155533,7.0504456,-0.37896407,-0.33541727,-0.30506897,0.013103962,-0.43343186,9.405214
-0.90927124,6.1292114,7.1150513,0.11655235,-0.4148035,-0.41020155,0.065317154,0.040380254,9.216723
-0.8901367,6.111267,7.093521,0.31023288,-0.35651922,-0.5150175,-0.027619362,0.24144512,9.15126
-0.89730835,6.139984,7.0791626,0.3254373,-0.31694794,-0.40523767,0.012982845,0.2652489,9.258875
-0.87457275,6.1627197,7.032501,0.3083415,-0.3002324,-0.38479376,0.24385929,0.06435919,9.287353
-0.94755554,6.1543427,7.00618,0.18750155,-0.36697865,-0.42106247,0.02073431,0.1224965,9.230726
-1.0014038,6.150757,7.0157623,0.23199773,-0.44829893,-0.6013708,-0.0331192,0.15214083,9.037106
-1.0241241,6.1256256,7.063614,0.19953978,-0.49682283,-0.7393203,-0.0918355,0.11084843,8.905251
-0.94755554,6.12323,7.009781,0.124263525,-0.46432114,-1.1619897,-0.4025674,0.033937603,8.615833
-0.93917847,6.150757,7.075577,0.13982975,-0.42080545,-1.2055221,-0.06412959,0.46237063,8.6099825
-0.91645813,6.139984,7.134201,0.10517669,-0.46161366,-1.1327033,-0.38719463,0.012257129,8.6417055
-0.9068756,6.171097,7.0899353,-0.4404955,-0.706676,-0.6815319,0.0337224,-0.56243294,8.889893
-0.90448,6.1782684,7.039688,-0.46334922,-0.8201103,-0.32727146,0.35072803,-0.6075943,9.097989
-0.850647,6.1866455,6.924835,-0.3686608,-0.78194666,-0.15543747,0.4457631,-0.5105417,9.247942
-0.89611816,6.1914215,7.0540466,-0.019129992,-0.5296836,0.30521345,0.5951128,-0.11484608,9.724574
-0.98942566,6.168701,7.1820526,0.12204206,-0.3805437,0.36698103,0.5381532,0.054007143,9.849741
-1.0061798,6.1340027,7.1318054,0.18128526,-0.388875,0.40600634,0.57611465,0.113112986,9.871662
-0.90808105,6.1782684,6.9511566,0.20984924,-0.23767328,0.42804527,0.47457552,0.1706139,9.978162
-0.9499512,6.2644043,6.8518524,0.08854365,-0.030893326,0.09450674,0.0932641,0.08346705,9.852048
-0.98583984,6.160324,6.9846497,0.094863415,-0.019296646,-0.017058372,0.016407967,0.089723766,9.770006
-1.0528412,6.0442657,7.2957153,0.22842765,0.042178154,-0.25627995,-0.1632905,0.22706293,9.603141
-1.0121613,6.1244354,7.276581,0.25089598,-0.047911167,-0.35963202,-0.15731621,0.23230094,9.466258
-0.87338257,6.180664,7.00618,0.24305665,-0.061477184,-0.34808826,-0.14283991,0.22258316,9.468901
-0.8913269,6.2237244,6.8853455,-0.3300693,-0.21768475,-0.30805683,-0.063130856,-0.36698043,9.471133
-0.89730835,6.139984,6.936798,-0.70015025,-0.10446739,0.07021904,-0.6533146,-0.27217197,9.878458
-0.9188385,6.1698914,7.092331,-0.57804585,-0.4625101,0.10510731,0.35233498,-0.64555395,9.671667
-0.95474243,6.2033997,7.1066895,-0.43542314,-0.3176155,0.038015366,0.21394491,-0.48278618,9.692357
-0.9882355,6.209381,7.1892395,-0.20353031,-0.2008338,-0.41701078,-0.13474846,-0.24124041,9.383207
-1.0217285,6.1830597,7.2634125,-0.15252423,-0.19968271,-0.48212528,-0.17370749,-0.19053909,9.328004
-1.0109711,6.212967,7.244278,0.1210525,-0.21581984,-0.6265297,0.017191648,0.23721218,9.176408
-1.0073853,6.1794586,7.0337067,0.20659673,-0.16984987,-0.583776,0.110710025,0.26106215,9.23053
-0.933197,6.2321014,6.8530426,0.16416156,-0.23786926,-0.5511551,-0.16483974,0.11866446,9.218391
-0.96191406,6.2153625,6.9044952,0.09238577,-0.28428698,-0.51877975,-0.1188159,0.041962013,9.221321
-0.933197,6.222534,7.034897,0.09346366,-0.40804005,-0.47555637,-4.8398972E-4,0.02729579,9.17369
-0.90448,6.175873,6.9260254,0.14483202,-0.5698643,-0.36082888,0.20012903,0.058332257,9.14903
-0.9906311,6.2608185,7.075577,0.1505692,-0.56141615,-0.20182848,0.2999587,0.0684067,9.27379
-0.95832825,6.2309113,7.2227325,0.114825845,-0.45542955,-0.1977129,0.22103167,0.047886252,9.349985
-0.9523468,6.2524414,7.215561,0.10982078,-0.39984608,-0.10985279,0.23754883,0.052289046,9.4533205
-1.0456696,6.30867,7.032501,0.11307418,-0.3433175,0.029029846,0.28716612,0.06571989,9.595198
-0.91285706,6.3218384,7.043274,0.12517458,-0.17587662,0.04427147,0.17286396,0.100766905,9.714317
-0.8650055,6.1172485,6.6400757,0.22911155,0.11889553,-0.24141693,-0.22573566,0.23924679,9.677365
-0.9260254,6.24527,6.7501526,0.23844093,0.13699722,-0.3076992,-0.2823534,0.24955788,9.63843
-1.1162567,6.296707,6.940384,0.19472855,0.12929869,-0.31621552,-0.2865405,0.20503779,9.632055
-0.9834442,6.2931213,6.9475555,0.048646092,0.057031155,-0.24046516,-0.1957593,0.052066907,9.656951
-0.90808105,6.296707,6.9056854,-0.15787435,0.04136896,-0.16995668,-0.15670109,-0.15340424,9.720436
-0.89730835,6.2656097,6.9344025,-0.32658982,-0.049275875,-0.17849874,-0.11116648,-0.3327008,9.672848
-0.9607239,6.2572327,6.9655,-0.39960325,0.02773714,-0.23306274,-0.2129631,-0.39467856,9.689835
-0.953537,6.283554,6.973877,-0.34621215,0.0120129585,-0.27370787,-0.39170325,0.12349367,9.644659
-0.879364,6.3098755,6.945175,-0.15256214,0.043294907,-0.31357956,-0.2541523,-0.1490453,9.615147
-0.89849854,6.303894,6.9439697,0.022985816,-0.087191105,-0.3376894,-0.1567645,0.005684778,9.494307
-0.90448,6.294327,6.830307,0.07415748,-0.17938519,-0.3332863,-0.081635,0.043449037,9.432209
-0.9762726,6.2895355,6.8075867,0.26245552,-0.40321445,-0.27532387,0.1384573,0.20167936,9.309233
-0.9415741,6.2572327,6.825531,0.38357526,-0.45344496,-0.17902422,0.3785498,-0.14264297,9.3363905
-0.9714813,6.2644043,6.845871,0.37040627,-0.5378947,-0.16779804,0.37790227,-0.21505356,9.291258
-1.1042938,6.2440643,6.928421,0.2601365,-0.69015694,-0.1463108,0.4368472,0.1722211,9.21937
-1.154541,6.2596283,6.9655,0.19057202,-0.63979435,-0.17724895,0.21267664,-0.32640886,9.236301
-1.1186371,6.2572327,7.1569366,0.037248135,-0.4998436,-0.30196095,0.17646313,-0.029271528,9.2495
-0.9451599,6.241684,7.003784,-0.08926469,-0.38212538,-0.37467432,0.030614376,-0.14344995,9.284296
-0.8829498,6.2033997,6.911667,-0.2508191,-0.37654495,-0.47794008,-0.055646896,-0.3068709,9.2271185
-0.850647,6.2524414,6.7417755,-0.18805039,-0.36337662,-0.53184843,-0.097797394,-0.24488625,9.189613
-0.7956085,6.263214,6.8039856,-0.06923711,-0.23321581,-0.6091757,-0.23750067,-0.11258736,9.205654
-0.8721771,6.2656097,7.034897,0.055746675,-0.20348644,-0.7322998,-0.33424044,0.012202993,9.121878
-0.97268677,6.201004,7.155731,0.12255812,-0.20050621,-0.7816906,-0.3666954,0.07758744,9.081545
-1.0624084,6.2644043,7.125824,0.10396588,-0.15024376,-0.72444487,-0.36938572,0.06642999,9.160629
-1.1413727,6.2201385,7.1940155,0.06894934,-0.20526886,-0.5743513,-0.23078823,0.028061643,9.238567
-1.0875397,6.1878357,7.113861,0.07142472,-0.28483438,-0.28011227,0.027302742,0.027641162,9.402688
-1.0779724,6.180664,7.2012024,0.15139139,-0.34114218,-0.1696372,0.15021753,0.10251059,9.439226
-1.1018982,6.1447754,7.203598,0.23063385,-0.45021963,-0.039033413,0.32565165,0.17050828,9.456948
-1.1042938,6.2069855,7.137787,0.26275074,-0.38849926,-0.031872272,0.2888651,0.21008037,9.501022
-0.9272156,6.2117615,7.0169525,0.13532686,-0.3305874,-0.0035991669,0.2556734,0.09100723,9.57435
-0.8769684,6.214157,7.0384827,0.11068761,-0.20737791,-0.1720519,0.052437782,0.07670687,9.530561
-0.90448,6.214157,7.0456696,0.2975831,-0.14407396,-0.23031044,-0.014590263,0.2681337,9.506239
-0.93440247,6.197403,7.00618,-0.07483482,-0.17970085,-0.16832018,0.019553185,-0.10501082,9.572523
-0.9451599,6.2309113,6.933197,-0.40498972,-0.09598303,-0.0049881935,0.025257587,-0.41513634,9.789973
-0.93917847,6.2273254,7.0301056,-0.5689167,-0.101685524,0.28807354,0.19174004,-0.5729588,10.034567
-1.0456696,6.2285156,7.0253296,-0.5351503,-0.08862162,0.35885906,0.22533655,-0.5369187,10.096412
-1.0815582,6.273987,6.941574,-0.6058372,-0.008774757,0.16209984,0.026492596,-0.59482574,10.003811
-1.1198425,6.2644043,6.921234,-0.522774,0.0135650635,0.023377419,-0.068825245,-0.51062536,9.899106
-1.0540314,6.2668,6.9870453,-0.30318952,-0.18060875,0.16816092,0.20085144,-0.3297386,9.8679085
-1.0552368,6.2309113,7.0408783,-0.16507566,-0.25862026,0.081884384,0.22812033,-0.20938697,9.736239
-1.0337067,6.229721,7.0121613,0.023985386,-0.25634766,-0.0509243,0.17181873,-0.023713462,9.609677
-0.93917847,6.2368927,6.8901367,0.29710007,-0.10015488,-0.29614782,0.23866642,0.1424694,9.476888
-0.8566284,6.2656097,6.8650055,0.34868145,-0.07863617,-0.38020515,-0.12802982,0.3238254,9.41798
-0.8530426,6.258423,6.8685913,0.47371376,-0.15319872,-0.49996042,-0.13035202,0.43350568,9.265433
-0.95951843,6.253647,6.9643097,0.54510176,-0.2214818,-0.58449936,0.44026244,0.25113964,9.1502
-0.9798584,6.283554,7.001404,0.34579706,-0.5198703,-0.6563425,0.24994636,0.020805359,8.936179
-0.94277954,6.2524414,6.940384,0.21815705,-0.6769476,-0.5225439,0.2386427,0.099110305,8.962771
-1.0205383,6.2488556,6.838684,-0.06700909,-0.37611198,-0.38283873,0.056752205,-0.13369656,9.285669
-1.0839539,6.30748,6.757324,-0.11395824,-0.103643894,-0.46903658,-0.21544123,-0.13927424,9.384855
-1.1246338,6.361313,6.847061,-0.021174788,-0.021950722,-0.46191502,-0.26483822,-0.033287972,9.428434
-1.0624084,6.2907257,6.973877,-0.45994008,0.029155254,-0.83550787,-0.59452343,-0.46065897,9.219451
-1.0600128,6.3732758,6.8769684,-0.6077963,-0.08049631,-1.1376233,-0.7259555,-0.6289636,8.942082
-1.0971069,6.3684998,6.8039856,-0.50505054,-0.11899519,-1.1247749,-0.6796652,0.52704906,8.91523
-1.0803528,6.294327,6.818344,-0.2216748,-0.29448462,-0.37152672,-0.28894734,-0.036746025,9.371848
-1.056427,6.2440643,6.972687,-0.011065006,-0.30562925,-0.06330776,0.2021966,-0.084546,9.5841465
-1.0241241,6.250046,6.9846497,0.06927669,-0.34634733,-0.057878494,0.2553339,-0.016715772,9.556389
-1.0959167,6.303894,6.880554,0.010311365,-0.4280696,0.07380772,0.38573742,-0.09147773,9.628785
-1.134201,6.3385925,6.8027954,-0.1258471,-0.29814053,0.0074863434,0.2191,-0.19255996,9.666305
-1.1940155,6.352951,6.8111725,-0.13858318,-0.22612524,-0.05388069,-0.1579566,-0.16027594,9.65631
-1.2227325,6.3182526,6.8482513,0.46890604,-0.0242095,-0.5387535,0.3954236,0.29548216,9.289886
-1.228714,6.3218384,6.9559326,0.84327674,0.107889175,-0.7424512,0.745592,0.54149103,9.154831
-1.2430725,6.3517456,6.9714813,0.15132916,-0.046269417,-0.8600559,-0.44714403,0.123592526,9.0653515
-1.1916199,6.332611,6.981064,-0.5868982,-0.17849731,0.49442196,0.35219765,-0.6003272,10.175877
-1.1772614,6.2907257,6.9762726,0.2625686,-0.2891035,-0.016128063,0.25493145,0.20590207,9.593584
-1.1150513,6.30867,6.896118,-0.29387498,0.378747,-0.29398346,-0.51279545,-0.22955331,9.830831
-1.1485596,6.317047,6.735794,1.5162305,-0.64207125,0.25603056,0.8434315,1.392632,9.451742
-1.2550354,6.345764,6.723831,-0.42132652,-0.123194695,0.06371641,0.09124279,-0.43350995,9.828935
-1.2801666,6.3505554,6.7585297,-0.6947694,0.2187233,0.11715746,-0.15947962,-0.65464133,10.1071205
-1.208374,6.295517,6.8530426,-0.16196024,-0.19571257,0.06934261,0.17873335,-0.18563595,9.7524605
-1.1605225,6.299103,7.009781,-0.124138,-0.31152058,-0.39656973,-0.041598797,-0.17570949,9.319702
-1.1138611,6.2775726,7.0863495,0.0023180246,-0.4752736,-0.76613855,-0.16629362,-0.08258523,8.924389
-1.0947113,6.2823486,7.08873,0.10283768,-0.4712181,-0.7640457,-0.16925526,0.01741618,8.919273
-1.031311,6.2883453,6.8817596,0.34100556,-0.3792963,-0.7495308,-0.2173276,0.26610762,8.967662
-1.0217285,6.325424,6.669998,0.46041703,-0.54929495,-0.62250423,-0.0028715134,0.36450064,8.930094
-1.1222382,6.3062897,6.6053925,0.11776197,-0.40349245,-0.3161292,0.07537651,0.051799953,9.288725
-1.1629181,6.2285156,6.747757,-0.24721408,-0.040547848,-0.15275145,-0.09835434,-0.2547903,9.699411
-1.1557312,6.254837,6.8841553,-0.36684465,0.07412195,-0.56675196,-0.48075008,-0.36887646,9.499914
-0.92362976,6.2727814,7.0181427,-0.34750187,0.083436966,-0.5953336,-0.505672,-0.34938252,9.483589
-0.83270264,6.24646,6.9020996,0.19131649,-0.4707036,-0.7586565,-0.18443537,0.09999226,8.917995
-0.94277954,6.2727814,6.8195496,0.14810824,-0.278996,-0.78387594,-0.3395896,0.08388847,9.037315
-0.95474243,6.2811584,6.845871,0.07682991,-0.49477148,-0.8722477,-0.2501788,-0.01834555,8.832693
-0.9260254,6.2823486,6.9260254,-0.31097007,-0.82174873,-0.37400007,-0.33934224,-0.4018922,9.009669
-0.9020996,6.3266296,6.9954224,-0.09821546,-0.60577345,-0.07961798,0.37551928,-0.17442852,9.34675
-0.9020996,6.3230286,6.9643097,0.15003681,-0.3420949,-0.1499381,0.15468979,0.103600726,9.449776
-0.933197,6.366104,6.8745728,0.11580801,-0.4715724,-0.40491772,0.07322502,0.0471787,9.180422
-1.0540314,6.3349915,6.8159485,0.009709954,-0.4857297,-0.63397884,-0.07758236,-0.06632103,9.014477
-1.0935211,6.345764,6.8901367,0.18795061,-0.31705475,-0.40288353,-0.032383442,0.13901705,9.2795925
-1.159317,6.238083,7.0983124,0.28675056,-0.38049555,-0.17756367,0.2737441,-0.11324167,9.393405
-1.179657,6.1770782,7.1724854,0.1332168,-0.39480162,-0.29966164,0.093518734,0.08347607,9.308958
-1.1270142,6.2033997,7.060028,0.0019442439,-0.31659794,-0.5917568,-0.16681528,-0.050386027,9.158539
-0.92004395,6.283554,6.8745728,-0.056598604,-0.2915225,-0.825758,-0.3449564,-0.11469561,9.007956
-0.82432556,6.34935,6.8530426,0.04889089,-0.13852406,-0.61417913,-0.3072071,0.012990579,9.255061
-0.7118683,6.3708954,6.8733826,0.1384213,-0.044713974,-0.57595205,-0.3457632,0.112433806,9.336878
-0.69750977,6.3601227,6.9714813,-0.13161528,-0.24327517,-0.05418825,-0.12379646,-0.16956758,9.6186
-0.7082825,6.253647,7.227524,-0.3531778,-0.17197561,0.08441162,-0.32262635,-0.23908663,9.79303
-0.7010956,6.254837,7.2957153,-0.26131535,-0.17314291,0.29652166,0.30645323,-0.26922467,9.947342
-0.776474,6.201004,7.215561,0.017408907,-0.21507978,0.2958088,0.07834947,-0.346457,9.895499
-1.0037842,6.271591,6.8004,0.17881083,-0.1939063,0.24046278,0.31602,0.15994596,9.85074
-1.0875397,6.283554,6.727417,0.09684956,-0.25414276,0.2521696,0.36324167,0.070860624,9.830983
-1.0671997,6.278763,6.891327,0.025520444,-0.06412649,0.13048458,0.1343708,0.020717502,9.86414
-1.154541,6.242874,7.076767,0.1709621,-0.054419518,-0.1330986,-0.029010773,0.15826672,9.651684
-1.1688995,6.2081757,7.0612183,0.13324773,-0.19535637,-0.19660473,0.034292698,0.09950869,9.517695
-1.051651,6.2201385,6.973877,-0.022615433,-0.25516415,-0.46214056,-0.106025696,-0.07147688,9.293968
-0.92362976,6.238083,6.9427795,0.040854216,-0.13996744,-0.7630491,-0.38536978,-0.0011428744,9.132119
-0.8027954,6.2799683,6.90329,0.0364635,-0.13004589,-0.789124,-0.41150665,-0.0038561076,9.119915
-0.8183441,6.3194427,6.8901367,-0.076755166,-0.24324226,-0.59571457,-0.21081829,-0.12712324,9.20721
-0.7896271,6.299103,6.940384,-0.16853964,-0.30640793,-0.24856806,-0.19100916,-0.11983156,9.441639
-0.6759796,6.20578,7.306488,-0.07775557,-0.3611412,-0.14332962,0.17302132,-0.13598154,9.477129
-0.6412811,6.2309113,7.289734,-0.022678733,-0.32809114,-0.29521418,0.056832314,-0.08132084,9.375993
-0.58384705,6.238083,7.093521,-0.07863283,-0.32584524,-0.44469738,-0.04695463,-0.1406934,9.269888
-0.58265686,6.263214,6.7716827,-0.08611095,-0.19212627,-0.5930257,-0.24519444,-0.13096175,9.2420845
-0.6305084,6.256027,6.731003,0.034653783,-0.15664434,-0.79056406,-0.386559,-0.010462567,9.0987
-0.6520386,6.325424,6.7836456,0.2840985,-0.3405509,-0.7795477,-0.2125392,0.20618924,8.9600725
-0.7286072,6.303894,7.0995026,0.47910368,-0.42443943,-0.74686,-0.10453844,0.38813362,8.908923
-0.7956085,6.2189484,7.240677,0.5063151,-0.43787336,-0.7084775,-0.06414032,0.41589147,8.927474
-0.87457275,6.14357,7.454834,0.36452186,-0.4084158,-0.6595144,0.25829935,0.13450527,9.00053
-0.80996704,6.1615143,7.2873383,0.25513256,-0.30852556,-0.57533264,-0.101905346,0.19184658,9.140243
-0.7848511,6.30748,6.870987,0.096505046,-0.022538185,-0.4782915,-0.27671432,0.0825689,9.412703
-0.7537384,6.3792725,6.623337,-0.24457526,0.1272583,-0.3025546,-0.3205862,-0.22412546,9.686054
-0.68434143,6.3338013,6.7298126,-0.27187335,0.10972643,-0.24418926,-0.2746873,-0.25210965,9.72559
-0.66400146,6.273987,6.908081,-0.024016619,0.111551285,-0.14601612,-0.04665351,0.17567062,9.770532
-0.707077,6.258423,7.289734,-0.08474457,0.019937992,-0.06929684,-0.07086897,-0.08096787,9.778313
-0.6771698,6.234497,7.3734894,-0.25913262,-0.19243717,0.425282,-0.1836325,-0.4441123,10.039223
-0.65802,6.221344,7.3256226,-0.22542632,-0.24117184,0.5095339,0.48366356,-0.25764257,10.0679865
-0.6520386,6.1914215,7.0791626,-0.088652134,-0.41047716,0.27882147,0.47683573,-0.15840447,9.766304
-0.5515442,6.32782,6.8111725,-0.10706937,-0.4223423,-0.12750244,0.2156105,-0.18514791,9.452637
-0.5204315,6.3433685,6.714264,-0.15026402,-0.43237638,-0.26365328,0.12580967,-0.2317396,9.3489275
-0.7405853,6.180664,7.505081,0.056813955,-0.30592155,0.19353199,0.021413762,-0.36039305,9.743971
-0.75971985,6.1615143,7.249054,0.037649572,-0.31881428,-0.06804466,0.0,0.0,0.0
-0.7621155,6.250046,6.9056854,0.037258387,-0.23890972,-0.4035449,0.0,0.0,0.0
-0.72143555,6.296707,6.690338,0.07759243,-0.20481968,-0.6077504,0.0,0.0,0.0
-0.7788696,6.352951,6.772888,0.018310249,-0.15919685,-0.51592636,0.0,0.0,0.0
-0.80877686,6.295517,6.8518524,-0.0076035857,-0.21950531,-0.4339552,0.0,0.0,0.0
-0.9104614,6.2153625,7.155731,-0.10276824,-0.29457808,-0.13389826,0.0,0.0,0.0
-0.9523468,6.1830597,7.253845,-0.13604373,-0.3131013,-0.047109127,0.0,0.0,0.0
-0.928421,6.18544,7.2430725,-0.10789347,-0.3051486,-0.06236267,0.0,0.0,0.0
-0.8003998,6.2033997,6.9978027,0.023117661,-0.28637362,-0.3080201,0.0,0.0,0.0
-0.8279114,6.2703857,6.8733826,-0.0022625923,-0.22510052,-0.4271207,0.0,0.0,0.0
-0.71784973,6.271591,6.859024,0.105766416,-0.22820616,-0.43787146,0.0,0.0,0.0
-0.63290405,6.2668,6.982254,0.18180889,-0.23522472,-0.31365585,0.0,0.0,0.0
-0.702301,6.229721,7.031311,0.11011928,-0.2704196,-0.26653337,0.0,0.0,0.0
-0.7800598,6.2572327,7.092331,0.03525406,-0.23850965,-0.20910597,0.0,0.0,0.0
-0.79322815,6.24527,7.130615,0.022468746,-0.24720049,-0.17368841,0.0,0.0,0.0
-0.79441833,6.172287,7.25264,0.018395245,-0.30974674,-0.061247826,0.0,0.0,0.0
-0.8075714,6.2189484,7.0157623,0.0032228231,-0.26260614,-0.29877472,0.0,0.0,0.0
-0.8518524,6.378067,6.777664,-0.03896606,-0.10924721,-0.5315323,0.0,0.0,0.0
-0.8123627,6.3397827,6.8039856,0.0039542317,-0.16258287,-0.49144125,0.0,0.0,0.0
-0.88653564,6.315857,6.952347,-0.06783646,-0.19231558,-0.33763313,0.0,0.0,0.0
-0.776474,6.222534,7.1413727,0.04118395,-0.28469467,-0.14956665,0.0,0.0,0.0
-0.80877686,6.1340027,7.326828,0.0060810447,-0.35977793,0.023595333,0.0,0.0,0.0
-0.7848511,6.130417,7.134201,0.029218197,-0.35801506,-0.173872,0.0,0.0,0.0
-0.6999054,6.12323,7.0372925,0.11005545,-0.3691473,-0.26773262,0.0,0.0,0.0
-0.56829834,6.2488556,6.7609253,0.23276615,-0.25185347,-0.5376682,0.0,0.0,0.0
-0.6077728,6.2979126,6.7046814,0.18442124,-0.21268749,-0.5860591,0.0,0.0,0.0
-0.65802,6.345764,6.6592255,0.13064158,-0.17666864,-0.621315,0.0,0.0,0.0
-0.830307,6.180664,7.0384827,-0.040148795,-0.34212637,-0.24157476,0.0,0.0,0.0
-0.94755554,6.2033997,7.490738,-0.15345925,-0.29692268,0.19103909,0.0,0.0,0.0
-0.9403839,6.1997986,7.3878326,-0.13983887,-0.28526497,0.07527685,0.0,0.0,0.0
-0.95951843,6.2357025,7.02652,-0.14530557,-0.24467707,-0.28867912,0.0,0.0,0.0
-0.73579407,6.180664,7.0049896,0.08126378,-0.3024826,-0.30743933,0.0,0.0,0.0
-0.6460571,6.1627197,6.9798584,0.16138387,-0.32385683,-0.33059692,0.0,0.0,0.0
-0.5934143,6.2404785,6.7621155,0.20491791,-0.25457287,-0.54181194,0.0,0.0,0.0
-0.7010956,6.34935,6.5982056,0.09344125,-0.16402912,-0.6897974,0.0,0.0,0.0
-0.8901367,6.3601227,6.7633057,-0.090708435,-0.15763664,-0.5202451,0.0,0.0,0.0
-1.1222382,6.24527,7.249054,-0.3140732,-0.26652098,-0.038870335,0.0,0.0,0.0
-1.1760712,6.214157,7.463211,-0.3507557,-0.27605534,0.15798092,0.0,0.0,0.0
-1.1641083,6.1794586,7.453644,-0.32630628,-0.29783106,0.13837242,0.0,0.0,0.0
-1.0552368,6.2189484,7.0540466,-0.20423776,-0.2582183,-0.25981045,0.0,0.0,0.0
-0.8410797,6.2069855,6.7501526,0.010227263,-0.28340054,-0.55193996,0.0,0.0,0.0
-0.67477417,6.315857,6.602997,0.16928399,-0.1970706,-0.67984056,0.0,0.0,0.0
-0.63768005,6.3110657,6.7812653,0.1996572,-0.20918322,-0.49579525,0.0,0.0,0.0
-0.7788696,6.1447754,7.331604,0.055139422,-0.3603177,0.04061079,0.0,0.0,0.0
-0.8518524,6.111267,7.4691925,-0.01590991,-0.37465668,0.16136217,0.0,0.0,0.0
-0.9176483,6.172287,7.3040924,-0.07883227,-0.30080318,-0.014778614,0.0,0.0,0.0
-0.99302673,6.299103,6.9475555,-0.14588344,-0.17954588,-0.36543655,0.0,0.0,0.0
-1.031311,6.3110657,6.7214355,-0.17681336,-0.1823554,-0.5775852,0.0,0.0,0.0
-1.1521454,6.324234,6.468994,-0.27792448,-0.19128704,-0.8079634,0.0,0.0,0.0
-1.2335052,6.3338013,6.6460724,-0.34376305,-0.18768978,-0.62365246,0.0,0.0,0.0
-1.2526398,6.332611,7.009781,-0.3511567,-0.1860199,-0.26106262,0.0,0.0,0.0
-1.1533356,6.242874,7.2717896,-0.23849428,-0.26415157,-0.0077753067,0.0,0.0,0.0
-1.0887299,6.197403,7.2837524,-0.1699068,-0.3041134,-2.3317337E-4,0.0,0.0,0.0
-1.0121613,6.18425,7.122238,-0.086212575,-0.31126547,-0.16619635,0.0,0.0,0.0
-0.9906311,6.2237244,6.880554,-0.06145358,-0.280241,-0.39992952,0.0,0.0,0.0
-0.9188385,6.278763,6.705887,0.010533512,-0.23640203,-0.5645523,0.0,0.0,0.0
-0.9188385,6.2644043,6.775284,0.011044145,-0.25748158,-0.48906136,0.0,0.0,0.0
-0.9990082,6.250046,6.833908,-0.06526667,-0.27382326,-0.42816067,0.0,0.0,0.0
-1.1102753,6.278763,6.9595184,-0.17047608,-0.24492264,-0.30193424,0.0,0.0,0.0
-1.0923309,6.24646,7.1521454,-0.14445794,-0.2710867,-0.11376858,0.0,0.0,0.0
-1.0648041,6.2572327,7.2095795,-0.113862336,-0.2537651,-0.061802864,0.0,0.0,0.0
-1.1533356,6.2081757,7.1198425,-0.19472533,-0.2965989,-0.15610123,0.0,0.0,0.0
-1.1198425,6.1794586,6.9355927,-0.15729487,-0.32678556,-0.3385172,0.0,0.0,0.0
-1.051651,6.2572327,6.7740784,-0.08534926,-0.2549796,-0.49419117,0.0,0.0,0.0
-0.9990082,6.3421783,6.6592255,-0.03021735,-0.18523979,-0.5950589,0.0,0.0,0.0
-1.036087,6.296707,6.6711884,-0.06511587,-0.24060059,-0.57389355,0.0,0.0,0.0
-1.0636139,6.2691956,6.9834595,-0.09003955,-0.26501465,-0.2640667,0.0,0.0,0.0
-1.0923309,6.2309113,7.326828,-0.11787999,-0.2916546,0.068938255,0.0,0.0,0.0
-1.1282196,6.1902313,7.2012024,-0.14983761,-0.32549095,-0.062303543,0.0,0.0,0.0
-1.2095642,6.3182526,6.9068756,-0.22102565,-0.20788956,-0.34589243,0.0,0.0,0.0
-1.2095642,6.2979126,6.845871,-0.21367764,-0.23637772,-0.39855003,0.0,0.0,0.0
-1.2861481,6.324234,6.806381,-0.28016698,-0.21608019,-0.4312067,0.0,0.0,0.0
-1.2693939,6.3182526,6.82193,-0.24876583,-0.22797775,-0.4082551,0.0,0.0,0.0
-1.1138611,6.262024,6.8075867,-0.08805549,-0.28773737,-0.41866684,0.0,0.0,0.0
-0.9762726,6.250046,6.8327026,0.04925835,-0.30183792,-0.39166546,0.0,0.0,0.0
-1.0061798,6.2608185,6.8602295,0.020581365,-0.28941774,-0.36545753,0.0,0.0,0.0
-0.99661255,6.2895355,6.978668,0.030914307,-0.25707054,-0.2501998,0.0,0.0,0.0
-1.0073853,6.303894,7.124634,0.018036485,-0.23407745,-0.112342834,0.0,0.0,0.0
-1.0049896,6.2823486,7.1928253,0.018121004,-0.24820185,-0.051175117,0.0,0.0,0.0
-1.1006927,6.262024,6.9846497,-0.07449281,-0.2623744,-0.2644558,0.0,0.0,0.0
-1.0803528,6.3146515,6.6269226,-0.05099368,-0.21600199,-0.61609936,0.0,0.0,0.0
-1.1377869,6.354141,6.49292,-0.10527563,-0.18906403,-0.73831606,0.0,0.0,0.0
-1.159317,6.3625183,6.7369995,-0.12133479,-0.18919611,-0.48574305,0.0,0.0,0.0
-1.351944,6.2979126,7.1437683,-0.30676818,-0.24443007,-0.08642864,0.0,0.0,0.0
-1.2059784,6.312271,7.3698883,-0.14753377,-0.2122736,0.12555265,0.0,0.0,0.0
-1.1868439,6.0921326,7.08873,-0.12451053,-0.4319191,-0.15548038,0.0,0.0,0.0
-0.78604126,6.214157,6.972687,0.2636063,-0.31848478,-0.2656288,0.0,0.0,0.0
-0.70947266,6.2608185,6.845871,0.32673883,-0.27819586,-0.38862562,0.0,0.0,0.0
-0.75613403,6.312271,6.8697968,0.26324797,-0.2308383,-0.36338806,0.0,0.0,0.0
-0.8386841,6.3924255,6.952347,0.16915524,-0.15214252,-0.28113604,0.0,0.0,0.0
-0.9499512,6.3912354,7.073181,0.05093777,-0.15239191,-0.16211748,0.0,0.0,0.0
-1.1174469,6.345764,7.1270294,-0.11859572,-0.19562769,-0.11057234,0.0,0.0,0.0
-1.1377869,6.2823486,7.080368,-0.13147712,-0.25615215,-0.15881252,0.0,0.0,0.0
-1.2071838,6.2237244,6.977478,-0.19409323,-0.31483984,-0.26069975,0.0,0.0,0.0
-1.1808624,6.2608185,6.9260254,-0.15732527,-0.2820449,-0.30679512,0.0,0.0,0.0
-1.071991,6.2727814,6.8398895,-0.04540384,-0.27514935,-0.38791227,0.0,0.0,0.0
-0.97387695,6.3553314,6.866211,0.05136192,-0.19750357,-0.35733604,0.0,0.0,0.0
-0.9224396,6.325424,6.9714813,0.09917736,-0.22819376,-0.25186825,0.0,0.0,0.0
-0.82432556,6.305084,6.9714813,0.19240963,-0.24806881,-0.2529788,0.0,0.0,0.0
-0.7788696,6.3302155,7.00618,0.22820401,-0.22507381,-0.21769524,0.0,0.0,0.0
-0.80877686,6.317047,7.0707855,0.19052738,-0.2364831,-0.1557641,0.0,0.0,0.0
-0.9690857,6.273987,7.052841,0.02502203,-0.27648354,-0.17719841,0.0,0.0,0.0
-1.0779724,6.312271,6.9798584,-0.08095056,-0.24139404,-0.24688435,0.0,0.0,0.0
-1.1449585,6.325424,6.9475555,-0.14264429,-0.2345829,-0.27269745,0.0,0.0,0.0
-1.1856384,6.2309113,6.879364,-0.1736989,-0.339643,-0.32994747,0.0,0.0,0.0
-1.3351898,6.242874,6.8111725,-0.3121792,-0.33304596,-0.39168167,0.0,0.0,0.0
-1.3244324,6.312271,6.7824554,-0.28954625,-0.26958513,-0.41327715,0.0,0.0,0.0
-1.2418823,6.3888397,6.9044952,-0.19470024,-0.19741774,-0.28542852,0.0,0.0,0.0
-1.1282196,6.3098755,7.02652,-0.07756591,-0.2777276,-0.16166544,0.0,0.0,0.0
-1.0325012,6.300308,7.014557,0.018050432,-0.28923464,-0.17186451,0.0,0.0,0.0
-0.91285706,6.3146515,6.8638153,0.13298523,-0.28036833,-0.31826687,0.0,0.0,0.0
-0.8386841,6.3828583,6.6999054,0.19898081,-0.22188616,-0.47442293,0.0,0.0,0.0
-0.80519104,6.406784,6.752548,0.21903825,-0.20971823,-0.41287136,0.0,0.0,0.0
-0.93678284,6.34935,6.817154,0.08097422,-0.27099323,-0.3456397,0.0,0.0,0.0
-0.9750824,6.344574,6.9044952,0.038839698,-0.27349138,-0.26094675,0.0,0.0,0.0
-1.0839539,6.324234,6.9391785,-0.07159519,-0.28930473,-0.23066235,0.0,0.0,0.0
-1.0731812,6.295517,6.9188538,-0.060310602,-0.31057787,-0.25777483,0.0,0.0,0.0
-1.1138611,6.3230286,6.973877,-0.09983802,-0.27572298,-0.20934057,0.0,0.0,0.0
-1.0923309,6.3098755,7.0073853,-0.07786667,-0.2769022,-0.18675232,0.0,0.0,0.0
-1.0612183,6.385254,6.936798,-0.048067212,-0.19885921,-0.25996256,0.0,0.0,0.0
-0.8231354,6.3134613,6.9463654,0.18057764,-0.273077,-0.24949932,0.0,0.0,0.0
-0.76690674,6.3146515,6.8841553,0.22006935,-0.2781334,-0.30830288,0.0,0.0,0.0
-0.7621155,6.3397827,6.768097,0.21593356,-0.25641394,-0.42245245,0.0,0.0,0.0
-0.8183441,6.3397827,6.7489624,0.14802647,-0.2629323,-0.43718147,0.0,0.0,0.0
-0.8566284,6.3589325,6.735794,0.10510665,-0.24726152,-0.44777393,0.0,0.0,0.0
-1.0073853,6.3302155,6.911667,-0.045641243,-0.27565145,-0.27220154,0.0,0.0,0.0
-1.0959167,6.2775726,7.1605225,-0.12669033,-0.31713152,-0.03259039,0.0,0.0,0.0
-1.0947113,6.2703857,7.083954,-0.12110919,-0.31429148,-0.11774826,0.0,0.0,0.0
-0.96191406,6.3338013,6.9762726,0.011700153,-0.24955606,-0.22663498,0.0,0.0,0.0
-0.76091003,6.3960114,6.7202454,0.2056166,-0.19732714,-0.47448158,0.0,0.0,0.0
-0.7310028,6.312271,6.8446655,0.22504717,-0.28889132,-0.344285,0.0,0.0,0.0
-0.68196106,6.3110657,6.929611,0.2649411,-0.28581858,-0.26447535,0.0,0.0,0.0
-0.673584,6.2979126,7.055237,0.26323646,-0.29316425,-0.14549017,0.0,0.0,0.0
-0.72143555,6.2237244,6.9272156,0.20417094,-0.36359978,-0.27839327,0.0,0.0,0.0
-0.7920227,6.253647,6.8123627,0.1303271,-0.33561563,-0.39189148,0.0,0.0,0.0
-1.0492554,6.4211426,6.764511,-0.123138726,-0.17178535,-0.43590498,0.0,0.0,0.0
-1.1688995,6.3338013,6.911667,-0.23859751,-0.25940657,-0.28795385,0.0,0.0,0.0
-1.2658081,6.294327,7.002594,-0.31284046,-0.28862238,-0.20344687,0.0,0.0,0.0
-1.2203369,6.2979126,7.0671997,-0.25417542,-0.27674007,-0.14465618,0.0,0.0,0.0
-1.1940155,6.2847443,6.9631195,-0.2121892,-0.28453255,-0.25151873,0.0,0.0,0.0
-1.1377869,6.3194427,6.941574,-0.14812082,-0.2506752,-0.27122688,0.0,0.0,0.0
-0.96191406,6.3314056,6.9056854,0.031419337,-0.24124289,-0.30430555,0.0,0.0,0.0
-0.8231354,6.354141,6.8315125,0.16750044,-0.2218566,-0.3757944,0.0,0.0,0.0
-0.7680969,6.3182526,6.86261,0.21783018,-0.2608738,-0.34248734,0.0,0.0,0.0
-0.80158997,6.345764,6.896118,0.17809463,-0.234169,-0.30909443,0.0,0.0,0.0
-0.8650055,6.3098755,6.9104767,0.11257428,-0.2685547,-0.29639387,0.0,0.0,0.0
-0.98942566,6.296707,6.8925323,-0.009901762,-0.2812667,-0.3144908,0.0,0.0,0.0
-1.0755768,6.3098755,6.878174,-0.09164834,-0.2689805,-0.3274436,0.0,0.0,0.0
-1.2071838,6.305084,7.0671997,-0.21792859,-0.27144766,-0.13981009,0.0,0.0,0.0
-1.2681885,6.3134613,7.0504456,-0.26622415,-0.2543502,-0.16275787,0.0,0.0,0.0
-1.2550354,6.3062897,6.8733826,-0.24358928,-0.2608719,-0.33908987,0.0,0.0,0.0
-1.1988068,6.386444,6.6580353,-0.17472172,-0.1904931,-0.5437374,0.0,0.0,0.0
-1.1114655,6.417557,6.6556396,-0.08314884,-0.16884947,-0.53687,0.0,0.0,0.0
-1.0480499,6.374481,6.78006,-0.01571691,-0.2152834,-0.40879774,0.0,0.0,0.0
-0.95474243,6.30867,7.0289154,0.0767498,-0.27388906,-0.16666174,0.0,0.0,0.0
-0.899704,6.250046,7.1389923,0.12621391,-0.3223586,-0.06665707,0.0,0.0,0.0
-0.87098694,6.233307,7.1401825,0.14598274,-0.3297119,-0.07528353,0.0,0.0,0.0
-0.97029114,6.275177,7.044464,0.04585111,-0.28582382,-0.17295313,0.0,0.0,0.0
-1.1318054,6.398407,6.723831,-0.11406553,-0.16441727,-0.49170303,0.0,0.0,0.0
-1.1569366,6.3708954,6.661621,-0.1320467,-0.20420504,-0.54171467,0.0,0.0,0.0
-1.2215424,6.336197,6.607773,-0.19015014,-0.24670696,-0.58750296,0.0,0.0,0.0
-1.2634125,6.3397827,6.859024,-0.22323442,-0.24667978,-0.33172894,0.0,0.0,0.0
-1.2813568,6.317047,7.024124,-0.22658384,-0.25948477,-0.17358875,0.0,0.0,0.0
-1.2873383,6.1674957,7.2957153,-0.2257936,-0.3943324,0.08558893,0.0,0.0,0.0
-1.1581268,6.1866455,7.021744,-0.089048386,-0.3619275,-0.19931221,0.0,0.0,0.0
-1.1042938,6.250046,6.850647,-0.031591773,-0.30265856,-0.36612272,0.0,0.0,0.0
-1.031311,6.4163513,6.5168457,0.042997003,-0.1514411,-0.6859565,0.0,0.0,0.0
-1.1808624,6.3338013,6.6987,-0.100462556,-0.24579954,-0.49240398,0.0,0.0,0.0
-1.2107697,6.300308,6.7992096,-0.122811556,-0.27595806,-0.39380503,0.0,0.0,0.0
-1.3076782,6.300308,6.952347,-0.19951975,-0.26735544,-0.24544239,0.0,0.0,0.0
-1.3962097,6.3589325,6.961914,-0.27331996,-0.20596838,-0.23611212,0.0,0.0,0.0
-1.5003052,6.3314056,6.970291,-0.35727513,-0.22977352,-0.22795868,0.0,0.0,0.0
-1.6043854,6.2823486,6.9475555,-0.4391048,-0.2743163,-0.25124025,0.0,0.0,0.0
-1.6582336,6.263214,6.9547424,-0.46869302,-0.29016638,-0.24307537,0.0,0.0,0.0
-1.6725769,6.2883453,6.8279266,-0.435472,-0.2686262,-0.3585949,0.0,0.0,0.0
-1.6307068,6.2811584,6.801605,-0.37011218,-0.27925634,-0.37768745,0.0,0.0,0.0
-1.7216339,6.3218384,6.7178497,-0.43757915,-0.24030352,-0.4557047,0.0,0.0,0.0
-1.8053894,6.3876343,6.6723785,-0.4818958,-0.18065548,-0.48836994,0.0,0.0,0.0
-1.8293152,6.428314,6.6843567,-0.4766773,-0.14433193,-0.4669423,0.0,0.0,0.0
-1.9369965,6.352951,7.0181427,-0.5706992,-0.2202816,-0.13002014,0.0,0.0,0.0
-1.9740753,6.254837,7.0863495,-0.5660659,-0.3081026,-0.063176155,0.0,0.0,0.0
-1.9812622,6.22612,7.0660095,-0.53781843,-0.32500267,-0.087287426,0.0,0.0,0.0
-1.7910309,6.229721,6.7812653,-0.32479572,-0.32544136,-0.3636899,0.0,0.0,0.0
-1.680954,6.241684,6.6723785,-0.20801592,-0.3213215,-0.46399355,0.0,0.0,0.0
-1.5852509,6.273987,6.6173553,-0.109565735,-0.2949295,-0.5130081,0.0,0.0,0.0
-1.483551,6.271591,6.7082825,-0.012670398,-0.30110884,-0.41958666,0.0,0.0,0.0
-1.3782654,6.296707,6.8614197,0.08258903,-0.2745924,-0.26980162,0.0,0.0,0.0
-1.3399811,6.3026886,6.9272156,0.10965741,-0.2652769,-0.20936441,0.0,0.0,0.0
-1.3148499,6.299103,6.8841553,0.11592758,-0.26420498,-0.26051044,0.0,0.0,0.0
-1.401001,6.312271,6.7872467,0.021986604,-0.2516675,-0.35839558,0.0,0.0,0.0
-1.3734741,6.296707,6.661621,0.03664112,-0.27198887,-0.48220062,0.0,0.0,0.0
-1.4416809,6.3421783,6.666397,-0.038750052,-0.22887945,-0.47666788,0.0,0.0,0.0
-1.5720825,6.217743,6.878174,-0.17659962,-0.34962416,-0.269742,0.0,0.0,0.0
-1.6319122,6.1818542,6.911667,-0.23568988,-0.3789692,-0.24211168,0.0,0.0,0.0
-1.6283112,6.2476654,6.825531,-0.23176706,-0.30722666,-0.33362007,0.0,0.0,0.0
-1.5637054,6.3026886,6.754944,-0.16797972,-0.25355148,-0.40313244,0.0,0.0,0.0
-1.4572296,6.3385925,6.826721,-0.06552851,-0.2182684,-0.33156967,0.0,0.0,0.0
-1.4333038,6.2979126,6.8434753,-0.047966838,-0.25903416,-0.31597185,0.0,0.0,0.0
-1.3160553,6.305084,6.8841553,0.064178586,-0.25156784,-0.27654743,0.0,0.0,0.0
-1.183258,6.299103,6.960724,0.18552315,-0.2540846,-0.20534611,0.0,0.0,0.0
-1.1497498,6.3338013,6.969101,0.21161938,-0.21648979,-0.20102787,0.0,0.0,0.0
-1.0660095,6.354141,6.9104767,0.28865528,-0.19609547,-0.26097107,0.0,0.0,0.0
-1.0325012,6.357727,6.88295,0.31091166,-0.19541931,-0.2879567,0.0,0.0,0.0
-1.0707855,6.378067,6.9344025,0.2662151,-0.17502022,-0.23775625,0.0,0.0,0.0
-1.2478638,6.3134613,6.9260254,0.085745335,-0.23793316,-0.24831057,0.0,0.0,0.0
-1.3447723,6.278763,6.9272156,-0.010917783,-0.27127934,-0.24831009,0.0,0.0,0.0
-1.4333038,6.2979126,6.9056854,-0.0987401,-0.2531376,-0.26878738,0.0,0.0,0.0
-1.4656067,6.303894,6.855438,-0.1262325,-0.2488718,-0.31657124,0.0,0.0,0.0
-1.5050812,6.332611,6.8410797,-0.15934515,-0.22265244,-0.327456,0.0,0.0,0.0
-1.5637054,6.3026886,6.833908,-0.208058,-0.25413418,-0.33133316,0.0,0.0,0.0
-1.5816498,6.294327,6.899704,-0.21837854,-0.2627778,-0.26383257,0.0,0.0,0.0
-1.5433655,6.3218384,6.9140625,-0.16918755,-0.23771286,-0.24514866,0.0,0.0,0.0
-1.529007,6.315857,6.8685913,-0.14662218,-0.24544048,-0.28743982,0.0,0.0,0.0
-1.4811554,6.312271,6.7693024,-0.09116781,-0.25138664,-0.3830905,0.0,0.0,0.0
-1.4799652,6.294327,6.7824554,-0.08037889,-0.27323866,-0.36447573,0.0,0.0,0.0
-1.4177399,6.324234,6.829117,-0.013202548,-0.24603891,-0.31435394,0.0,0.0,0.0
-1.3579254,6.3469543,6.9092712,0.049629807,-0.2242403,-0.23275757,0.0,0.0,0.0
-1.4368896,6.299103,6.932007,-0.026240468,-0.2699914,-0.21134424,0.0,0.0,0.0
-1.414154,6.300308,6.8937225,-0.0031126738,-0.2687297,-0.24960232,0.0,0.0,0.0
-1.3722839,6.30748,6.7824554,0.0382632,-0.2639904,-0.35872984,0.0,0.0,0.0
-1.3615112,6.30867,6.7836456,0.045816064,-0.2706666,-0.3509283,0.0,0.0,0.0
-1.409378,6.3014984,6.817154,-0.0034167767,-0.2796073,-0.31605768,0.0,0.0,0.0
-1.4153595,6.337387,6.829117,-0.011613011,-0.24278784,-0.30538988,0.0,0.0,0.0
-1.4333038,6.332611,6.833908,-0.030091405,-0.24778461,-0.30049992,0.0,0.0,0.0
-1.3914337,6.2979126,6.88295,0.011242032,-0.28324032,-0.25086498,0.0,0.0,0.0
-1.4979095,6.2811584,6.961914,-0.09245849,-0.29706764,-0.17405319,0.0,0.0,0.0
-1.5074768,6.399597,6.908081,-0.095630646,-0.17396688,-0.23091936,0.0,0.0,0.0
-1.4667969,6.386444,6.9104767,-0.05435705,-0.18702841,-0.22849083,0.0,0.0,0.0
-1.3734741,6.3218384,6.921234,0.03785968,-0.25361252,-0.21613026,0.0,0.0,0.0
-1.331604,6.3146515,6.809967,0.07761681,-0.26554537,-0.3234396,0.0,0.0,0.0
-1.3280182,6.3385925,6.788437,0.08019018,-0.24718523,-0.3400178,0.0,0.0,0.0
-1.3268127,6.345764,6.7788696,0.07743919,-0.24514437,-0.34562254,0.0,0.0,0.0
-1.2717896,6.357727,6.784851,0.12869823,-0.23590851,-0.33785868,0.0,0.0,0.0
-1.3328094,6.305084,6.7944183,0.06514394,-0.29066324,-0.3268342,0.0,0.0,0.0
-1.3974152,6.320648,6.9020996,9.480715E-4,-0.272614,-0.22137308,0.0,0.0,0.0
-1.4069824,6.337387,6.9272156,-0.007468343,-0.2519493,-0.19966221,0.0,0.0,0.0
-1.4201355,6.299103,6.9355927,-0.021211386,-0.28877306,-0.19275188,0.0,0.0,0.0
-1.4237366,6.3110657,6.8350983,-0.024594426,-0.28044462,-0.28984213,0.0,0.0,0.0
-1.4656067,6.340973,6.722641,-0.062472343,-0.2591977,-0.39349222,0.0,0.0,0.0
-1.4368896,6.354141,6.7417755,-0.030967832,-0.2498312,-0.37027884,0.0,0.0,0.0
-1.4105682,6.32782,6.818344,-0.00319767,-0.27970457,-0.29012394,0.0,0.0,0.0
-1.3399811,6.3625183,6.838684,0.06645894,-0.247046,-0.26807165,0.0,0.0,0.0
-1.3686981,6.315857,6.796814,0.038920283,-0.29548788,-0.30805206,0.0,0.0,0.0
-1.4033966,6.3266296,6.764511,0.008865714,-0.2864027,-0.337862,0.0,0.0,0.0
-1.3651123,6.337387,6.8243256,0.04832506,-0.27541494,-0.278028,0.0,0.0,0.0
-1.3363953,6.3625183,6.809967,0.07502043,-0.25237513,-0.2908411,0.0,0.0,0.0
-1.380661,6.366104,6.855438,0.030644417,-0.24974966,-0.2444973,0.0,0.0,0.0
-1.3794556,6.3840485,6.920044,0.032472968,-0.23048306,-0.18099928,0.0,0.0,0.0
-1.4117584,6.315857,6.8685913,-6.222725E-4,-0.2967739,-0.23437929,0.0,0.0,0.0
-1.405777,6.374481,6.818344,0.00525856,-0.24005651,-0.28287077,0.0,0.0,0.0
-1.3782654,6.3936157,6.7453613,0.030385613,-0.22750282,-0.35019207,0.0,0.0,0.0
-1.401001,6.3804626,6.788437,0.0075178146,-0.2429924,-0.30496168,0.0,0.0,0.0
-1.450058,6.3433685,6.8039856,-0.041842937,-0.2798357,-0.28970766,0.0,0.0,0.0
-1.4045868,6.4031982,6.8243256,0.003332734,-0.22028589,-0.26916552,0.0,0.0,0.0
-1.3770752,6.2823486,6.9056854,0.029097557,-0.33984184,-0.18935919,0.0,0.0,0.0
