-1.031311,5.659027,7.5350037,0.10309088,-0.4751072,-0.62790775,0.035235405,0.007940529,9.013355
-1.1365967,5.75235,7.602005,0.15523016,-0.5449295,-0.65393305,0.07854462,0.0465705,8.946222
-1.0995026,5.7272186,7.726425,0.16174316,-0.40085602,-0.5932617,-0.0055980682,0.08124109,9.0771475
-1.1401825,5.6398773,7.8137665,0.07321,-0.07636452,-0.46895027,-0.2057333,0.056923665,9.375908
-1.228714,5.58844,7.9740753,-0.13234067,-0.03609705,-0.31502914,-0.17485595,0.14360142,9.548069
-1.298111,5.5381927,8.065002,-0.23036051,-0.081737995,-0.36473703,-0.19106293,-0.24155293,9.493718
-1.2203369,5.4843445,7.811371,-0.03546524,-0.39228582,-0.513082,-0.009232521,-0.11040834,9.169371
-1.1724854,5.473587,7.2095795,0.17354202,-0.4822154,-0.5322571,0.078157425,0.07941009,9.076219
-1.1234283,5.5334015,6.5192413,0.18953216,-0.4899726,-0.5581975,0.06838989,0.09521606,9.04913
-1.2179413,5.5824585,6.417557,0.17873812,-0.2700901,-0.52351665,0.10482103,0.10983467,9.210066
-1.2741852,5.469986,7.3220367,0.012125254,-0.17690945,-0.3477087,-0.07462168,-0.02127482,9.424126
-1.2502441,5.4305115,7.713257,-0.09903872,-0.25827932,-0.014809608,0.17637062,-0.14666444,9.651348
-1.0899353,5.3730774,7.5708923,-0.13664532,-0.37400723,0.12632656,0.34638357,-0.20723957,9.699033
-1.1018982,5.4388885,6.784851,-0.026220083,-0.51111364,-0.008112431,0.38836718,-0.12681428,9.498302
-1.3555298,5.468796,6.813568,-0.101408005,-0.5136237,-0.017293453,0.37337208,-0.20233475,9.499982
-1.3758698,5.4723816,6.9092712,0.037956357,-0.4053192,-0.046295166,0.29406977,-0.04506628,9.524942
-1.2610168,5.407776,7.3411865,0.09902656,-0.17711258,-0.08670521,0.102015495,0.061045133,9.62075
-1.1688995,5.3527374,7.3698883,0.025428057,-0.15402079,-0.10517597,0.06103325,-0.00643616,9.628707
-1.022934,5.34317,7.0875397,9.5939636E-4,-0.16166973,-0.11226463,0.05871296,-0.032187767,9.621561
-1.1509552,5.469986,6.9020996,0.046517134,-0.23368502,-0.3371663,-0.0056626797,0.012963295,9.394032
-1.2933197,5.581253,7.4691925,0.055583358,-0.24866915,-0.43991804,-0.012672424,0.06307125,9.302354
-1.3555298,5.50708,7.7563324,-0.026643038,-0.19786406,-0.5258045,-0.17225122,-0.06750065,9.2755165
-1.302887,5.4544373,8.056641,-0.046732545,-0.11591339,-0.5125017,-0.2321701,-0.06974781,9.338132
-1.2406769,5.4006042,7.615158,-0.20718825,-0.056045055,-0.55978537,-0.33548975,-0.21362622,9.358055
-1.2669983,5.4293213,7.433304,-0.029516459,-0.24926853,-0.44417048,-0.10195935,0.05944729,9.310299
-1.2753754,5.6147614,7.2849426,0.33986664,-0.12368202,-0.26985645,-0.0147128105,0.3071643,9.476403
-1.405777,5.696121,7.615158,0.051428676,-0.2346406,-0.3310213,-0.01292944,0.0023460314,9.397866
-1.3088684,5.6985016,7.935791,-0.009040713,-0.25781822,-0.38715887,-0.039530277,-0.06164886,9.347216
-1.1665039,5.749954,7.9298096,0.39399278,-0.39656305,-0.4026265,0.117079735,0.3090932,9.202204
-1.2562256,5.6985016,7.8556366,0.26818883,-0.33632135,-0.36744165,0.07279873,0.197802,9.281651
-1.3268127,5.69014,7.885544,-0.0039532185,-0.32156134,-0.44303608,-0.02543974,-0.06676926,9.2638855
-1.2598267,5.637497,7.8664093,-0.084575176,-0.30664492,-0.38776016,-0.014623642,-0.14291424,9.326125
-1.2933197,5.6123657,7.582855,-0.14599216,-0.24697638,-0.11053753,0.10199404,-0.19070822,9.588118
-1.2873383,5.572891,7.3531494,-0.30962563,-0.3336048,-0.1498251,-0.31497478,-0.22534037,9.524481
-1.2909241,5.580063,7.4201355,-0.21945047,-0.36715508,-0.26589537,0.090022564,-0.28549072,9.401616
-1.3866425,5.577667,7.8388824,0.07418525,-0.38587236,-0.49959183,0.004898548,1.2128055E-4,9.171065
-1.4285126,5.5298157,7.9704895,0.29491687,-0.23469591,-0.5941,-0.14046383,0.24572432,9.162521
-1.3734741,5.4317017,8.069794,0.2590376,-0.25397873,-0.57952166,-0.12390518,0.2077717,9.167175
-1.3830566,5.394623,7.470398,0.12450755,-0.36326075,-0.4209485,0.040066242,0.057139482,9.241152
-1.4189453,5.3862457,7.2550354,0.06608105,-0.5860629,-0.15863085,0.07236755,-0.36288166,9.32077
-1.3471527,5.3395844,7.178467,0.07927072,-0.6615143,-0.15025043,0.4350891,-0.03652449,9.281462
-1.2251282,5.346756,7.249054,0.06967056,-0.6969657,-0.35660648,0.33671522,-0.052027937,9.098342
-1.174881,5.3850403,7.021744,0.0066717863,-0.45993614,-0.5972247,-0.07279801,-0.018272877,9.056564
-1.1162567,5.417343,6.8650055,-0.05490899,-0.21379375,-0.734045,-0.28666687,-0.094836414,9.102113
-1.056427,5.379059,7.2059784,-0.28536916,-0.15870237,-0.6598468,-0.31419754,-0.31372786,9.219389
-1.1006927,5.38266,7.3459625,-0.30189323,-0.26920414,-0.3964486,-0.35519254,-0.022397518,9.366062
-1.0695953,5.3730774,7.462021,-0.04809463,-0.4008355,-0.28038597,0.14641285,-0.1256668,9.354578
-1.031311,5.456833,7.339981,0.039746523,-0.52331924,-0.094329834,0.3708496,-0.063049525,9.428714
-1.031311,5.4556427,7.2502594,0.10011506,-0.6195102,0.120238304,0.58531,-0.02206996,9.551312
-1.2442627,5.50589,7.2753754,0.12544346,-0.53988886,-0.058963776,0.42648268,0.017527241,9.448185
-1.3974152,5.7583313,7.402191,0.33580673,-0.31898594,-0.16603851,0.2214508,0.2668394,9.457591
-1.3974152,5.8576355,7.5637054,0.3014878,-0.17865229,-0.33360386,0.00946188,0.26008123,9.398765
-1.380661,5.782257,7.679764,-0.2730974,-0.13316202,-0.32742977,-0.112856865,-0.29531825,9.491096
-1.3016968,5.617157,7.5708923,0.0024416447,-0.14781857,-0.28472042,-0.033135414,-0.027071163,9.488703
-1.2394867,5.5118713,7.307678,-0.068520546,-0.48669147,-0.3928318,-0.10149264,-0.21873355,9.2255
-1.3591309,5.4831543,7.245468,-0.083137155,-0.5056095,-0.31273365,0.23659849,-0.18008783,9.285167
-1.3351898,5.6602173,7.5684967,0.27333152,-0.12071562,0.2712555,0.2899313,0.24626713,9.941387
-1.3627167,5.6937256,7.6007996,-0.056803703,-0.22185946,0.42964077,0.4069624,-0.09501407,10.056437
-1.434494,5.7021027,7.582855,-0.0022708178,-0.1704073,0.4747572,0.3988948,-0.030433834,10.113888
-1.4596252,5.540573,7.602005,0.16076791,-0.18430948,0.24877739,0.21614945,-0.25875998,9.896258
-1.4440613,5.5130615,7.5708923,-0.027064323,-0.19061184,-0.1535883,0.06511021,-0.061430164,9.577212
-1.3459625,5.4089813,7.343567,-0.040660262,-0.27706623,-0.26243877,0.069344044,-0.090461984,9.440179
-1.3100739,5.5501556,7.1808624,0.014826775,-0.32907152,-0.28087807,0.102508545,-0.043876126,9.38836
-1.2610168,5.724823,7.056427,0.06170082,-0.21652317,-0.72436047,-0.24728823,0.017225794,9.089754
-1.3435669,5.694916,7.3339996,0.06507254,-0.1774025,-0.8379736,-0.051139355,0.35602045,9.026561
-1.3292084,5.5860443,7.8544464,-0.01778078,-0.19516039,-0.842021,-0.36591148,-0.05938737,9.025635
-1.2047882,5.4089813,7.922638,-0.15622258,-0.35330486,-0.5482893,-0.08643818,-0.2194394,9.178777
-1.1306152,5.294113,7.9740753,-0.18183517,-0.42918968,-0.54965353,-0.034994125,-0.25743106,9.134422
-0.98464966,5.210373,7.359131,-0.036335945,-0.49384737,-0.43745422,0.1006484,-0.12307386,9.165328
-1.0049896,5.2869415,6.8685913,0.18915725,-0.5942464,-0.3887596,0.23206997,0.08575666,9.114674
-1.146164,5.3359985,6.932007,0.22289717,-0.43971062,-0.666307,-0.061478138,0.1411286,8.99222
-1.1964111,5.419739,7.392624,0.25815415,-0.4391446,-0.70667744,-0.090528965,0.17668515,8.958434
-1.2514496,5.5549316,7.603195,0.32195246,-0.55357885,-0.62719727,0.050700665,0.22485766,8.940424
-1.3531342,5.5681,7.4895325,0.11629534,-0.5406842,-0.5887003,0.04138279,0.025823116,9.000391
-1.3926239,5.596817,7.270584,0.09405136,-0.49935007,-0.62599134,-0.017352104,0.009799011,9.000633
-1.3016968,5.637497,7.060028,0.20497727,-0.333014,-0.73530054,-0.20302296,0.14357942,9.011826
-1.2502441,5.6279144,7.014557,0.053673863,-0.26680517,-0.5300474,-0.13647318,0.0070583,9.226701
-1.2095642,5.613556,6.9260254,0.037863016,-0.2536726,-0.3517871,-0.032057762,-0.004396878,9.372495
-1.0636139,5.514267,7.113861,-0.052612066,-0.1862793,-0.098155975,-0.06480682,-0.086788654,9.618581
-1.0456696,5.36232,7.5756836,-0.083961606,-0.22108841,0.122677326,0.23753738,-0.11462892,9.769026
-1.1174469,5.2570343,7.935791,-0.17470872,-0.21385384,0.34149504,0.36245108,-0.20078123,9.952222
-1.0911255,5.40419,8.203796,-0.049566627,-0.3664112,0.3293786,0.48414612,-0.10008588,9.834749
-1.1557312,5.4963074,8.059021,0.26001096,-0.41597605,-0.091303825,0.28751373,0.19470006,9.448314
-1.2382813,5.621933,7.5350037,0.1955105,-0.44895267,-0.1414423,0.27396297,0.12626898,9.39581
-1.3674927,5.580063,6.7872467,0.165779,-0.33288193,-0.11508179,0.19904518,0.11391731,9.492102
-1.3770752,5.5429688,6.806381,-0.15120065,-0.08404398,0.07755995,0.09739733,-0.16102788,9.829552
-1.4739838,5.420944,7.314865,-0.29560888,-0.020339489,0.236732,0.13252878,-0.2924997,10.008444
-1.5302124,5.5860443,7.7156525,-0.29078436,-0.001493454,0.25717115,0.1304698,-0.28449625,10.036289
-1.5218353,5.6566315,7.9609222,-0.68049586,0.01803255,-0.083081245,-0.68251586,-0.062217712,9.831211
-1.4739838,5.5549316,8.072189,-0.37896407,-0.33541727,-0.30506897,0.013103962,-0.43343186,9.405214
-1.2717896,5.3730774,7.7515564,0.11655235,-0.4148035,-0.41020155,0.065317154,0.040380254,9.216723
-1.2143555,5.346756,7.479965,0.31023288,-0.35651922,-0.5150175,-0.027619362,0.24144512,9.15126
-1.195221,5.3036957,7.2646027,0.3254373,-0.31694794,-0.40523767,0.012982845,0.2652489,9.258875
-1.3268127,5.3108673,7.8843536,0.3083415,-0.3002324,-0.38479376,0.24385929,0.06435919,9.287353
-1.3734741,5.2785645,8.055435,0.18750155,-0.36697865,-0.42106247,0.02073431,0.1224965,9.230726
-1.4919281,5.24028,7.9872437,0.23199773,-0.44829893,-0.6013708,-0.0331192,0.15214083,9.037106
-1.5421753,5.2079773,7.5720825,0.19953978,-0.49682283,-0.7393203,-0.0918355,0.11084843,8.905251
-1.5254211,5.2163544,7.379471,0.124263525,-0.46432114,-1.1619897,-0.4025674,0.033937603,8.615833
-1.409378,5.2701874,7.487137,0.13982975,-0.42080545,-1.2055221,-0.06412959,0.46237063,8.6099825
-1.1700897,5.296509,7.635498,0.10517669,-0.46161366,-1.1327033,-0.38719463,0.012257129,8.6417055
-1.1186371,5.32283,7.581665,-0.4404955,-0.706676,-0.6815319,0.0337224,-0.56243294,8.889893
-1.0337067,5.3934174,7.2215424,-0.46334922,-0.8201103,-0.32727146,0.35072803,-0.6075943,9.097989
-1.0097656,5.5166473,6.7716827,-0.3686608,-0.78194666,-0.15543747,0.4457631,-0.5105417,9.247942
-1.0576324,5.523834,6.86261,-0.019129992,-0.5296836,0.30521345,0.5951128,-0.11484608,9.724574
-1.0384827,5.3120728,7.7766724,0.12204206,-0.3805437,0.36698103,0.5381532,0.054007143,9.849741
-0.99302673,5.417343,7.9537354,0.18128526,-0.388875,0.40600634,0.57611465,0.113112986,9.871662
-0.98106384,5.5501556,7.775482,0.20984924,-0.23767328,0.42804527,0.47457552,0.1706139,9.978162
-1.1485596,5.8013916,7.2215424,0.08854365,-0.030893326,0.09450674,0.0932641,0.08346705,9.852048
-1.2346954,5.73201,7.4990997,0.094863415,-0.019296646,-0.017058372,0.016407967,0.089723766,9.770006
-1.262207,5.5549316,7.8747864,0.22842765,0.042178154,-0.25627995,-0.1632905,0.22706293,9.603141
-1.2957153,5.4293213,7.9944153,0.25089598,-0.047911167,-0.35963202,-0.15731621,0.23230094,9.466258
-1.282547,5.3312073,7.8963165,0.24305665,-0.061477184,-0.34808826,-0.14283991,0.22258316,9.468901
-1.2394867,5.581253,7.442871,-0.3300693,-0.21768475,-0.30805683,-0.063130856,-0.36698043,9.471133
-1.2191467,5.770294,7.2514496,-0.70015025,-0.10446739,0.07021904,-0.6533146,-0.27217197,9.878458
-1.2861481,5.8133698,7.244278,-0.57804585,-0.4625101,0.10510731,0.35233498,-0.64555395,9.671667
-1.228714,5.3694916,8.463409,-0.43542314,-0.3176155,0.038015366,0.21394491,-0.48278618,9.692357
-1.1234283,5.21875,8.608185,-0.20353031,-0.2008338,-0.41701078,-0.13474846,-0.24124041,9.383207
-0.8231354,5.024933,7.5170593,-0.15252423,-0.19968271,-0.48212528,-0.17370749,-0.19053909,9.328004
-0.88653564,5.1840515,6.7872467,0.1210525,-0.21581984,-0.6265297,0.017191648,0.23721218,9.176408
-0.9415741,5.2211456,6.6711884,0.20659673,-0.16984987,-0.583776,0.110710025,0.26106215,9.23053
-1.0707855,5.3599243,6.747757,0.16416156,-0.23786926,-0.5511551,-0.16483974,0.11866446,9.218391
-1.249054,5.330017,6.982254,0.09238577,-0.28428698,-0.51877975,-0.1188159,0.041962013,9.221321
-1.1760712,5.168503,7.195221,0.09346366,-0.40804005,-0.47555637,-4.8398972E-4,0.02729579,9.17369
-1.3651123,4.923233,7.441681,0.14483202,-0.5698643,-0.36082888,0.20012903,0.058332257,9.14903
-1.3052826,4.84906,7.586441,0.1505692,-0.56141615,-0.20182848,0.2999587,0.0684067,9.27379
-1.3483582,4.9615173,7.265808,0.114825845,-0.45542955,-0.1977129,0.22103167,0.047886252,9.349985
-1.3483582,5.2749786,6.849457,0.10982078,-0.39984608,-0.10985279,0.23754883,0.052289046,9.4533205
-1.3399811,5.4353027,6.8530426,0.11307418,-0.3433175,0.029029846,0.28716612,0.06571989,9.595198
-1.3052826,5.4891357,7.1569366,0.12517458,-0.17587662,0.04427147,0.17286396,0.100766905,9.714317
-1.2131653,5.5752716,7.561325,0.22911155,0.11889553,-0.24141693,-0.22573566,0.23924679,9.677365
-1.1066742,5.6602173,7.6917267,0.23844093,0.13699722,-0.3076992,-0.2823534,0.24955788,9.63843
-1.0085754,5.71286,7.7886353,0.19472855,0.12929869,-0.31621552,-0.2865405,0.20503779,9.632055
-0.9571228,5.95932,8.033905,0.048646092,0.057031155,-0.24046516,-0.1957593,0.052066907,9.656951
-1.0863342,6.106476,8.061417,-0.15787435,0.04136896,-0.16995668,-0.15670109,-0.15340424,9.720436
-1.1557312,6.0717926,8.147568,-0.32658982,-0.049275875,-0.17849874,-0.11116648,-0.3327008,9.672848
-1.159317,5.8659973,8.376068,-0.39960325,0.02773714,-0.23306274,-0.2129631,-0.39467856,9.689835
-1.2454681,5.700897,8.494522,-0.34621215,0.0120129585,-0.27370787,-0.39170325,0.12349367,9.644659
-1.2969055,5.65184,8.260025,-0.15256214,0.043294907,-0.31357956,-0.2541523,-0.1490453,9.615147
-1.3890381,5.6195374,8.209778,0.022985816,-0.087191105,-0.3376894,-0.1567645,0.005684778,9.494307
-1.4464569,5.6805573,8.281555,0.07415748,-0.17938519,-0.3332863,-0.081635,0.043449037,9.432209
-1.3076782,5.6566315,7.7970123,0.26245552,-0.40321445,-0.27532387,0.1384573,0.20167936,9.309233
-1.3435669,5.56929,7.586441,0.38357526,-0.45344496,-0.17902422,0.3785498,-0.14264297,9.3363905
-1.2873383,5.1756744,7.253845,0.37040627,-0.5378947,-0.16779804,0.37790227,-0.21505356,9.291258
-1.311264,5.026123,7.1030884,0.2601365,-0.69015694,-0.1463108,0.4368472,0.1722211,9.21937
-1.4069824,5.0321045,7.068405,0.19057202,-0.63979435,-0.17724895,0.21267664,-0.32640886,9.236301
-1.3758698,5.264206,7.2729797,0.037248135,-0.4998436,-0.30196095,0.17646313,-0.029271528,9.2495
-1.3016968,5.264206,7.3663025,-0.08926469,-0.38212538,-0.37467432,0.030614376,-0.14344995,9.284296
-0.9379883,5.0033875,7.031311,-0.2508191,-0.37654495,-0.47794008,-0.055646896,-0.3068709,9.2271185
-0.75852966,4.9292145,6.599411,-0.18805039,-0.36337662,-0.53184843,-0.097797394,-0.24488625,9.189613
-0.8279114,4.918442,6.3110657,-0.06923711,-0.23321581,-0.6091757,-0.23750067,-0.11258736,9.205654
-1.2322998,5.4592285,7.1736755,0.055746675,-0.20348644,-0.7322998,-0.33424044,0.012202993,9.121878
-1.3208313,5.4556427,7.3914337,0.12255812,-0.20050621,-0.7816906,-0.3666954,0.07758744,9.081545
-1.5888367,5.3276215,7.820938,0.10396588,-0.15024376,-0.72444487,-0.36938572,0.06642999,9.160629
-1.709671,5.448456,7.7635193,0.06894934,-0.20526886,-0.5743513,-0.23078823,0.028061643,9.238567
-1.7826538,5.4556427,7.6426697,0.07142472,-0.28483438,-0.28011227,0.027302742,0.027641162,9.402688
-1.6295166,5.3814545,7.598404,0.15139139,-0.34114218,-0.1696372,0.15021753,0.10251059,9.439226
-1.385437,5.531006,7.3782654,0.23063385,-0.45021963,-0.039033413,0.32565165,0.17050828,9.456948
-1.4069824,5.7296143,7.101898,0.26275074,-0.38849926,-0.031872272,0.2888651,0.21008037,9.501022
-1.2502441,5.79541,7.319641,0.13532686,-0.3305874,-0.0035991669,0.2556734,0.09100723,9.57435
-0.95832825,5.7894287,7.804184,0.11068761,-0.20737791,-0.1720519,0.052437782,0.07670687,9.530561
-0.92123413,5.851654,7.878372,0.2975831,-0.14407396,-0.23031044,-0.014590263,0.2681337,9.506239
-0.9499512,5.851654,7.7611237,-0.07483482,-0.17970085,-0.16832018,0.019553185,-0.10501082,9.572523
-1.0827484,5.6769714,7.7120667,-0.40498972,-0.09598303,-0.0049881935,0.025257587,-0.41513634,9.789973
-1.1174469,5.641083,7.7228394,-0.5689167,-0.101685524,0.28807354,0.19174004,-0.5729588,10.034567
-1.3627167,5.7344055,7.417755,-0.5351503,-0.08862162,0.35885906,0.22533655,-0.5369187,10.096412
-1.5445709,5.75235,7.367508,-0.6058372,-0.008774757,0.16209984,0.026492596,-0.59482574,10.003811
-1.655838,5.7308044,7.7001038,-0.522774,0.0135650635,0.023377419,-0.068825245,-0.51062536,9.899106
-1.7371826,5.6123657,8.087738,-0.30318952,-0.18060875,0.16816092,0.20085144,-0.3297386,9.8679085
-1.9286194,5.3898315,8.408386,-0.16507566,-0.25862026,0.081884384,0.22812033,-0.20938697,9.736239
-1.902298,5.304886,8.344971,0.023985386,-0.25634766,-0.0509243,0.17181873,-0.023713462,9.609677
-1.676178,5.3072815,7.862808,0.29710007,-0.10015488,-0.29614782,0.23866642,0.1424694,9.476888
-1.4990997,5.399399,7.397415,0.34868145,-0.07863617,-0.38020515,-0.12802982,0.3238254,9.41798
-1.4428711,5.4927216,7.2346954,0.47371376,-0.15319872,-0.49996042,-0.13035202,0.43350568,9.265433
-1.1808624,5.745163,6.936798,0.54510176,-0.2214818,-0.58449936,0.44026244,0.25113964,9.1502
-1.1006927,5.696121,7.130615,0.34579706,-0.5198703,-0.6563425,0.24994636,0.020805359,8.936179
-1.0420685,5.6123657,7.507477,0.21815705,-0.6769476,-0.5225439,0.2386427,0.099110305,8.962771
-0.953537,5.5621185,7.515854,-0.06700909,-0.37611198,-0.38283873,0.056752205,-0.13369656,9.285669
-0.8769684,5.5549316,7.198807,-0.11395824,-0.103643894,-0.46903658,-0.21544123,-0.13927424,9.384855
-0.86021423,5.5417786,7.002594,-0.021174788,-0.021950722,-0.46191502,-0.26483822,-0.033287972,9.428434
-0.7848511,5.5788727,6.798004,-0.45994008,0.029155254,-0.83550787,-0.59452343,-0.46065897,9.219451
-1.022934,5.5130615,6.8279266,-0.6077963,-0.08049631,-1.1376233,-0.7259555,-0.6289636,8.942082
-1.2239227,5.4999084,7.093521,-0.50505054,-0.11899519,-1.1247749,-0.6796652,0.52704906,8.91523
-1.3328094,5.38385,7.4117737,-0.2216748,-0.29448462,-0.37152672,-0.28894734,-0.036746025,9.371848
-1.3962097,5.103897,7.4081726,-0.011065006,-0.30562925,-0.06330776,0.2021966,-0.084546,9.5841465
-1.5158539,5.026123,7.2215424,0.06927669,-0.34634733,-0.057878494,0.2553339,-0.016715772,9.556389
-1.6115723,5.071594,6.98584,0.010311365,-0.4280696,0.07380772,0.38573742,-0.09147773,9.628785
-1.6091766,5.1230316,6.9092712,-0.1258471,-0.29814053,0.0074863434,0.2191,-0.19255996,9.666305
-1.5026855,5.230713,7.235901,-0.13858318,-0.22612524,-0.05388069,-0.1579566,-0.16027594,9.65631
-1.475174,5.3120728,7.4273224,0.46890604,-0.0242095,-0.5387535,0.3954236,0.29548216,9.289886
-1.3938141,5.3359985,7.770691,0.84327674,0.107889175,-0.7424512,0.745592,0.54149103,9.154831
-1.2969055,5.3000946,8.033905,0.15132916,-0.046269417,-0.8600559,-0.44714403,0.123592526,9.0653515
-1.1964111,5.350357,8.055435,-0.5868982,-0.17849731,0.49442196,0.35219765,-0.6003272,10.175877
-1.134201,5.684143,7.605591,0.2625686,-0.2891035,-0.016128063,0.25493145,0.20590207,9.593584
-1.0420685,5.8133698,7.147354,-0.29387498,0.378747,-0.29398346,-0.51279545,-0.22955331,9.830831
-0.9272156,5.7966156,6.948761,1.5162305,-0.64207125,0.25603056,0.8434315,1.392632,9.451742
-1.0001984,5.6279144,7.0743866,-0.42132652,-0.123194695,0.06371641,0.09124279,-0.43350995,9.828935
-1.4488525,5.6267242,7.561325,-0.6947694,0.2187233,0.11715746,-0.15947962,-0.65464133,10.1071205
-1.4727783,5.721237,7.7850494,-0.16196024,-0.19571257,0.06934261,0.17873335,-0.18563595,9.7524605
-1.4440613,5.637497,7.975281,-0.124138,-0.31152058,-0.39656973,-0.041598797,-0.17570949,9.319702
-1.5900269,5.7056885,7.988434,0.0023180246,-0.4752736,-0.76613855,-0.16629362,-0.08258523,8.924389
-1.5792694,5.708084,7.9262238,0.10283768,-0.4712181,-0.7640457,-0.16925526,0.01741618,8.919273
-1.5266266,5.6434784,7.6091766,0.34100556,-0.3792963,-0.7495308,-0.2173276,0.26610762,8.967662
-1.5469666,5.58963,7.4931183,0.46041703,-0.54929495,-0.62250423,-0.0028715134,0.36450064,8.930094
-1.401001,5.647064,7.581665,0.11776197,-0.40349245,-0.3161292,0.07537651,0.051799953,9.288725
-1.2299042,5.77269,7.4608154,-0.24721408,-0.040547848,-0.15275145,-0.09835434,-0.2547903,9.699411
-1.1318054,5.888733,7.133011,-0.36684465,0.07412195,-0.56675196,-0.48075008,-0.36887646,9.499914
-1.0779724,5.927017,6.8602295,-0.34750187,0.083436966,-0.5953336,-0.505672,-0.34938252,9.483589
-1.2251282,5.819351,7.191635,0.19131649,-0.4707036,-0.7586565,-0.18443537,0.09999226,8.917995
-1.277771,5.495117,7.808975,0.14810824,-0.278996,-0.78387594,-0.3395896,0.08388847,9.037315
-1.2969055,5.44487,7.831711,0.07682991,-0.49477148,-0.8722477,-0.2501788,-0.01834555,8.832693
-1.3435669,5.38266,7.7324066,-0.31097007,-0.82174873,-0.37400007,-0.33934224,-0.4018922,9.009669
-1.3160553,5.325226,7.6223297,-0.09821546,-0.60577345,-0.07961798,0.37551928,-0.17442852,9.34675
-1.2681885,5.271393,7.4596252,0.15003681,-0.3420949,-0.1499381,0.15468979,0.103600726,9.449776
-1.2538452,5.28096,6.854233,0.11580801,-0.4715724,-0.40491772,0.07322502,0.0471787,9.180422
-1.174881,5.3084717,6.5036926,0.009709954,-0.4857297,-0.63397884,-0.07758236,-0.06632103,9.014477
-1.2119598,5.3072815,6.634094,0.18795061,-0.31705475,-0.40288353,-0.032383442,0.13901705,9.2795925
-1.125824,5.1828613,7.034897,0.28675056,-0.38049555,-0.17756367,0.2737441,-0.11324167,9.393405
-1.0145569,5.28096,7.379471,0.1332168,-0.39480162,-0.29966164,0.093518734,0.08347607,9.308958
-0.9224396,5.4843445,7.5146637,0.0019442439,-0.31659794,-0.5917568,-0.16681528,-0.050386027,9.158539
-0.83151245,5.708084,7.410568,-0.056598604,-0.2915225,-0.825758,-0.3449564,-0.11469561,9.007956
-1.0408783,5.6973114,7.3052826,0.04889089,-0.13852406,-0.61417913,-0.3072071,0.012990579,9.255061
-1.0803528,5.6279144,7.3698883,0.1384213,-0.044713974,-0.57595205,-0.3457632,0.112433806,9.336878
-1.2478638,5.7092743,7.7395782,-0.13161528,-0.24327517,-0.05418825,-0.12379646,-0.16956758,9.6186
-1.3471527,5.843277,7.655838,-0.3531778,-0.17197561,0.08441162,-0.32262635,-0.23908663,9.79303
-1.5122681,5.9808655,7.2969055,-0.26131535,-0.17314291,0.29652166,0.30645323,-0.26922467,9.947342
-1.6414795,6.114853,6.999008,0.017408907,-0.21507978,0.2958088,0.07834947,-0.346457,9.895499
-1.7324066,6.098114,6.887741,0.17881083,-0.1939063,0.24046278,0.31602,0.15994596,9.85074
-1.8185425,5.9365997,7.188034,0.09684956,-0.25414276,0.2521696,0.36324167,0.070860624,9.830983
-1.7216339,5.7332,7.598404,0.025520444,-0.06412649,0.13048458,0.1343708,0.020717502,9.86414
-1.4967041,5.7391815,7.8436737,0.1709621,-0.054419518,-0.1330986,-0.029010773,0.15826672,9.651684
-1.1712799,5.708084,7.7144623,0.13324773,-0.19535637,-0.19660473,0.034292698,0.09950869,9.517695
-1.1294098,5.770294,7.6462708,-0.022615433,-0.25516415,-0.46214056,-0.106025696,-0.07147688,9.293968
-1.0444641,5.79541,7.4560394,0.040854216,-0.13996744,-0.7630491,-0.38536978,-0.0011428744,9.132119
-1.0432739,5.736786,7.5014954,0.0364635,-0.13004589,-0.789124,-0.41150665,-0.0038561076,9.119915
-0.9990082,5.5908356,7.6378937,-0.076755166,-0.24324226,-0.59571457,-0.21081829,-0.12712324,9.20721
-1.0181427,5.667404,7.216751,-0.16853964,-0.30640793,-0.24856806,-0.19100916,-0.11983156,9.441639
-1.2251282,5.7846527,6.7693024,-0.07775557,-0.3611412,-0.14332962,0.17302132,-0.13598154,9.477129
-1.4428711,5.73201,7.0205383,-0.022678733,-0.32809114,-0.29521418,0.056832314,-0.08132084,9.375993
-1.5134583,5.576477,7.696518,-0.07863283,-0.32584524,-0.44469738,-0.04695463,-0.1406934,9.269888
-1.5026855,5.44487,8.091324,-0.08611095,-0.19212627,-0.5930257,-0.24519444,-0.13096175,9.2420845
-1.4081726,5.292923,8.096115,0.034653783,-0.15664434,-0.79056406,-0.386559,-0.010462567,9.0987
-1.2071838,5.3120728,7.7682953,0.2840985,-0.3405509,-0.7795477,-0.2125392,0.20618924,8.9600725
-1.2095642,5.456833,7.1688995,0.47910368,-0.42443943,-0.74686,-0.10453844,0.38813362,8.908923
-1.146164,5.531006,7.076767,0.5063151,-0.43787336,-0.7084775,-0.06414032,0.41589147,8.927474
-1.0157471,5.65184,6.7453613,0.36452186,-0.4084158,-0.6595144,0.25829935,0.13450527,9.00053
-0.9678955,5.6530457,6.746567,0.25513256,-0.30852556,-0.57533264,-0.101905346,0.19184658,9.140243
-1.0480499,5.5740814,6.920044,0.096505046,-0.022538185,-0.4782915,-0.27671432,0.0825689,9.412703
-0.9403839,5.577667,7.5840454,-0.24457526,0.1272583,-0.3025546,-0.3205862,-0.22412546,9.686054
-0.89730835,5.687744,7.529022,-0.27187335,0.10972643,-0.24418926,-0.2746873,-0.25210965,9.72559
-0.9403839,5.810974,7.314865,-0.024016619,0.111551285,-0.14601612,-0.04665351,0.17567062,9.770532
-1.1676941,5.7894287,6.9750824,-0.08474457,0.019937992,-0.06929684,-0.07086897,-0.08096787,9.778313
-1.2550354,5.7332,6.969101,-0.25913262,-0.19243717,0.425282,-0.1836325,-0.4441123,10.039223
-1.3184509,5.5345917,7.2729797,-0.22542632,-0.24117184,0.5095339,0.48366356,-0.25764257,10.0679865
-1.4883423,5.4113617,7.5972137,-0.088652134,-0.41047716,0.27882147,0.47683573,-0.15840447,9.766304
-1.537384,5.5094757,7.6749725,-0.10706937,-0.4223423,-0.12750244,0.2156105,-0.18514791,9.452637
-1.5936127,5.593216,7.6713867,-0.15026402,-0.43237638,-0.26365328,0.12580967,-0.2317396,9.3489275
-1.1533356,5.2666016,7.178467,0.15314925,-0.5882964,-0.5793457,0.04039097,-0.12145996,8.976707
-1.0923309,5.4089813,7.0001984,0.21796536,-0.4500227,-0.7538705,0.0,0.0,0.0
-1.1377869,5.5908356,7.083954,0.17405427,-0.2709837,-0.6677251,0.0,0.0,0.0
-1.2526398,5.596817,7.4943237,0.060257316,-0.25050068,-0.2681222,0.0,0.0,0.0
-1.0755768,5.5334015,7.770691,0.23040295,-0.29307985,-0.008571148,0.0,0.0,0.0
-1.0588226,5.6602173,7.667801,0.23641896,-0.14617395,-0.12825966,0.0,0.0,0.0
-1.2801666,5.694916,7.405792,0.014522195,-0.108793736,-0.3923564,0.0,0.0,0.0
-1.3734741,5.6039886,7.5684967,-0.07306433,-0.19832611,-0.22973824,0.0,0.0,0.0
-1.454834,5.58844,7.860428,-0.15493119,-0.1912818,0.04534912,0.0,0.0,0.0
-1.4823608,5.645859,7.664215,-0.18033886,-0.1288948,-0.15418291,0.0,0.0,0.0
-1.6139526,5.7798615,6.866211,-0.30225766,-0.013449669,-0.9368262,0.0,0.0,0.0
-1.6977081,5.7308044,6.806381,-0.36097836,-0.10912323,-0.95756006,0.0,0.0,0.0
-1.7180481,5.64946,6.9559326,-0.3635,-0.20401669,-0.79470587,0.0,0.0,0.0
-1.503891,5.593216,7.647461,-0.13720107,-0.25628567,-0.104047775,0.0,0.0,0.0
-1.2933197,5.502289,7.880768,0.073405504,-0.32301998,0.11106825,0.0,0.0,0.0
-1.105484,5.4400787,7.709671,0.25492656,-0.3775587,-0.0668807,0.0,0.0,0.0
-1.0468597,5.4831543,7.258621,0.29890966,-0.35276937,-0.5067692,0.0,0.0,0.0
-1.1102753,5.535797,6.9643097,0.22889316,-0.32351494,-0.78459215,0.0,0.0,0.0
-1.1150513,5.5429688,7.1533356,0.21759975,-0.33462858,-0.5828309,0.0,0.0,0.0
-1.134201,5.517853,7.758728,0.19129884,-0.3449793,0.0101389885,0.0,0.0,0.0
-1.1449585,5.5537415,8.051849,0.16802192,-0.2729783,0.27394438,0.0,0.0,0.0
-1.1868439,5.5920258,7.923828,0.12118137,-0.22672176,0.13912249,0.0,0.0,0.0
-1.2610168,5.77507,7.405792,0.04266739,-0.051115036,-0.37407684,0.0,0.0,0.0
-1.2885284,5.7511444,7.363907,0.011990666,-0.092792034,-0.40316772,0.0,0.0,0.0
-1.2897339,5.5681,7.479965,0.0056591034,-0.2757039,-0.28806543,0.0,0.0,0.0
-1.2741852,5.395813,7.6331024,0.01644981,-0.44315624,-0.1393547,0.0,0.0,0.0
-1.2335052,5.458023,7.672592,0.054200888,-0.37485027,-0.10492611,0.0,0.0,0.0
-1.257431,5.417343,7.603195,0.026676536,-0.40782022,-0.18069363,0.0,0.0,0.0
-1.3016968,5.365906,7.525421,-0.021270752,-0.45603037,-0.26148844,0.0,0.0,0.0
-1.1676941,5.3156586,7.3339996,0.10631764,-0.50971603,-0.4513898,0.0,0.0,0.0
-1.1018982,5.32164,6.857834,0.1648252,-0.5321026,-0.90744114,0.0,0.0,0.0
-1.2394867,5.3647156,6.5276184,0.031897664,-0.51426744,-1.2178016,0.0,0.0,0.0
-1.2885284,5.50589,7.0420837,-0.010301471,-0.38267326,-0.6949277,0.0,0.0,0.0
-1.2741852,5.5166473,7.2466583,0.0061910152,-0.36358023,-0.4963355,0.0,0.0,0.0
-1.2155609,5.5788727,7.466797,0.06430173,-0.28259945,-0.2904892,0.0,0.0,0.0
-1.2263184,5.5836487,7.590027,0.05657029,-0.26281357,-0.17807817,0.0,0.0,0.0
-1.1856384,5.2295074,7.9740753,0.098153114,-0.5940738,0.18895006,0.0,0.0,0.0
-1.2945099,5.371887,8.466995,-0.008414388,-0.41718912,0.65655756,0.0,0.0,0.0
-1.0504456,5.4065857,8.298309,0.22604644,-0.32964706,0.447412,0.0,0.0,0.0
-0.93678284,5.559723,7.483551,0.32540846,-0.17891312,-0.3679018,0.0,0.0,0.0
-1.0671997,5.7104645,6.710678,0.18609178,-0.07622385,-1.1068587,0.0,0.0,0.0
-1.3423767,5.777466,6.6628113,-0.08234942,-0.042262554,-1.1290746,0.0,0.0,0.0
-1.4177399,5.8923187,7.330414,-0.15071559,0.06703615,-0.45618534,0.0,0.0,0.0
-1.4667969,6.0263214,7.9908295,-0.1928711,0.2314434,0.18270016,0.0,0.0,0.0
-1.4644012,6.106476,8.023132,-0.18700063,0.3259635,0.2049284,0.0,0.0,0.0
-1.2370911,6.1543427,7.4596252,0.03932333,0.34874105,-0.34012794,0.0,0.0,0.0
-1.1904297,6.06221,7.1808624,0.078709245,0.22127676,-0.59365845,0.0,0.0,0.0
-1.1365967,5.9150543,6.55394,0.12643838,0.03412199,-1.1913662,0.0,0.0,0.0
-1.1581268,5.9904327,6.476181,0.09940028,0.0484457,-1.2232866,0.0,0.0,0.0
-1.159317,5.974884,6.695114,0.09830105,0.00797081,-0.9850378,0.0,0.0,0.0
-1.3244324,5.83609,7.429718,-0.064894915,-0.13695097,-0.24535418,0.0,0.0,0.0
-1.3615112,5.71167,7.750351,-0.10090077,-0.23516464,0.05513096,0.0,0.0,0.0
-1.3220367,5.556137,7.972885,-0.06384313,-0.36185932,0.2550707,0.0,0.0,0.0
-1.401001,5.5429688,7.4656067,-0.14061415,-0.3790555,-0.24875927,0.0,0.0,0.0
-1.3818512,5.497513,7.052841,-0.11649525,-0.4392209,-0.64939547,0.0,0.0,0.0
-1.3938141,5.414963,7.075577,-0.121154904,-0.5357475,-0.6146622,0.0,0.0,0.0
-1.3890381,5.0488586,7.4285126,-0.11128199,-0.89370394,-0.2671795,0.0,0.0,0.0
-1.3950195,5.119446,7.451248,-0.10490763,-0.79823637,-0.26153612,0.0,0.0,0.0
-1.3842468,5.25943,7.2634125,-0.08476162,-0.6516557,-0.4528556,0.0,0.0,0.0
-1.331604,5.564514,7.0947266,-0.019148827,-0.3518362,-0.61530924,0.0,0.0,0.0
-1.2885284,5.54895,7.557724,0.026120543,-0.35831356,-0.15890169,0.0,0.0,0.0
-1.0612183,5.5345917,7.738388,0.24936163,-0.3520732,0.0053458214,0.0,0.0,0.0
-1.0265198,5.56929,7.4811554,0.2754333,-0.30482864,-0.2628765,0.0,0.0,0.0
-0.9559326,5.559723,7.2837524,0.3394339,-0.32205534,-0.45556927,0.0,0.0,0.0
-1.0396881,5.572891,7.12941,0.24385107,-0.32273102,-0.60134363,0.0,0.0,0.0
-1.2251282,5.6757813,7.302887,0.057272196,-0.22384834,-0.42499828,0.0,0.0,0.0
-1.3686981,5.7678986,7.5517426,-0.08330166,-0.12540293,-0.1804719,0.0,0.0,0.0
-1.4488525,5.824127,7.8436737,-0.15996826,-0.05092907,0.098166466,0.0,0.0,0.0
-1.4691925,5.7631073,8.030319,-0.17738008,-0.10417557,0.2794099,0.0,0.0,0.0
-1.4739838,5.8420715,7.1772766,-0.17859459,-0.040703773,-0.5612836,0.0,0.0,0.0
-1.5254211,5.9844513,7.002594,-0.21492553,0.04641819,-0.6910882,0.0,0.0,0.0
-1.6127625,6.02034,6.953537,-0.29330075,0.051034927,-0.7143707,0.0,0.0,0.0
-1.6103668,5.976074,7.4153595,-0.28406227,-0.014007568,-0.23514557,0.0,0.0,0.0
-1.5637054,5.8013916,7.223938,-0.23183858,-0.20595312,-0.4120512,0.0,0.0,0.0
-1.4117584,5.7894287,7.1066895,-0.07293177,-0.239892,-0.5107393,0.0,0.0,0.0
-1.3148499,5.7547455,7.4033966,0.028426409,-0.2921648,-0.19929218,0.0,0.0,0.0
-1.1736755,5.75235,7.466797,0.16184926,-0.29372168,-0.1379242,0.0,0.0,0.0
-1.0181427,5.7092743,7.019348,0.30319023,-0.3577323,-0.57116556,0.0,0.0,0.0
-0.93917847,5.7391815,6.5982056,0.37307155,-0.3573618,-0.97018623,0.0,0.0,0.0
-1.0384827,5.704483,6.90329,0.26729703,-0.41029978,-0.6514945,0.0,0.0,0.0
-1.1688995,5.6147614,7.6163483,0.12782276,-0.47938633,0.043352604,0.0,0.0,0.0
-1.2442627,5.5298157,8.045868,0.04618156,-0.5278468,0.44258785,0.0,0.0,0.0
-1.1808624,5.4137573,7.8233337,0.10009515,-0.60458994,0.1872983,0.0,0.0,0.0
-1.1413727,5.392227,7.6833496,0.13253558,-0.6121826,0.03517294,0.0,0.0,0.0
-1.2167511,5.3850403,7.367508,0.052007437,-0.6119485,-0.28734398,0.0,0.0,0.0
-1.2322998,5.5094757,7.1700897,0.03512609,-0.4830017,-0.4885149,0.0,0.0,0.0
-1.1988068,5.5334015,7.081558,0.06640625,-0.45890045,-0.57754993,0.0,0.0,0.0
-1.1569366,5.6889343,7.101898,0.103134155,-0.30199146,-0.559134,0.0,0.0,0.0
-1.3447723,5.740387,7.4452667,-0.08787525,-0.23646307,-0.22727251,0.0,0.0,0.0
-1.4117584,5.699707,7.573288,-0.15195131,-0.26162434,-0.11083889,0.0,0.0,0.0
-1.4476624,5.7762756,7.450058,-0.1794033,-0.17294979,-0.2420559,0.0,0.0,0.0
-1.5110626,5.8923187,7.2263184,-0.23462164,-0.062229633,-0.46032238,0.0,0.0,0.0
-1.4416809,5.9844513,7.203598,-0.15743208,0.015805244,-0.47079802,0.0,0.0,0.0
-1.2311096,6.0059814,7.104294,0.051023364,0.030172825,-0.5648804,0.0,0.0,0.0
-1.208374,5.9030914,6.9966125,0.06926072,-0.08719635,-0.6620097,0.0,0.0,0.0
-1.174881,5.645859,6.854233,0.100141406,-0.35505915,-0.7964983,0.0,0.0,0.0
-1.1521454,5.7714844,6.8123627,0.11511195,-0.24345207,-0.8286438,0.0,0.0,0.0
-1.2203369,5.843277,6.921234,0.045222163,-0.17878723,-0.71443796,0.0,0.0,0.0
-1.2394867,5.7834473,6.9882355,0.028723001,-0.23989439,-0.6459894,0.0,0.0,0.0
-1.1557312,5.5860443,7.556534,0.11457467,-0.42690897,-0.0855279,0.0,0.0,0.0
-1.0755768,5.519043,7.701294,0.18480682,-0.4643979,0.03446579,0.0,0.0,0.0
-1.0863342,5.498703,7.728821,0.16752994,-0.47538137,0.053631783,0.0,0.0,0.0
-1.0612183,5.417343,7.4727783,0.18996906,-0.5561638,-0.20329714,0.0,0.0,0.0
-1.0337067,5.416153,7.359131,0.20716703,-0.5646167,-0.31296206,0.0,0.0,0.0
-1.0731812,5.495117,7.3579254,0.1617707,-0.48828077,-0.31307364,0.0,0.0,0.0
-1.1665039,5.6446686,7.199997,0.067225695,-0.34405804,-0.46704006,0.0,0.0,0.0
-1.2191467,5.63031,7.1605225,0.016565442,-0.36201286,-0.5033846,0.0,0.0,0.0
-1.3124695,5.659027,7.421341,-0.07505834,-0.3198061,-0.25282097,0.0,0.0,0.0
-1.5457611,5.723633,7.6749725,-0.30069315,-0.23791027,-0.01139164,0.0,0.0,0.0
-1.6929169,5.79541,7.741974,-0.43331337,-0.14962006,0.045195103,0.0,0.0,0.0
-1.7671051,5.8121643,7.6989136,-0.4790007,-0.11393595,-0.0077404976,0.0,0.0,0.0
-1.6977081,5.8875427,7.7072754,-0.39329243,-0.027772427,-0.0049180984,0.0,0.0,0.0
-1.5409851,5.868393,7.7108765,-0.22504723,-0.03871584,-0.005648136,0.0,0.0,0.0
-1.2526398,5.9437714,7.5397797,0.063702345,0.032735825,-0.17366934,0.0,0.0,0.0
-1.0588226,6.0155487,7.048065,0.24629235,0.07432842,-0.6440716,0.0,0.0,0.0
-0.953537,6.1244354,6.7405853,0.34274113,0.14975834,-0.927093,0.0,0.0,0.0
-0.9870453,6.0957184,6.8147583,0.2989955,0.09275913,-0.8325262,0.0,0.0,0.0
-0.9714813,5.8217316,7.3734894,0.29533076,-0.1947794,-0.26635122,0.0,0.0,0.0
-1.0887299,5.6446686,7.3866425,0.16890931,-0.372797,-0.25396204,0.0,0.0,0.0
-1.3100739,5.617157,7.073181,-0.054960847,-0.4133048,-0.5575862,0.0,0.0,0.0
-1.380661,5.621933,7.0169525,-0.12106216,-0.43440723,-0.59255075,0.0,0.0,0.0
-1.3914337,5.7379913,6.9308167,-0.12730253,-0.3336177,-0.6657562,0.0,0.0,0.0
-1.3950195,5.8181458,7.0372925,-0.124827385,-0.25994158,-0.55308676,0.0,0.0,0.0
-1.3459625,5.7344055,7.405792,-0.06995571,-0.34112263,-0.18566036,0.0,0.0,0.0
-1.0827484,5.48674,7.9573364,0.18547451,-0.5463357,0.33080435,0.0,0.0,0.0
-0.953537,5.5345917,7.4524536,0.30375695,-0.48461008,-0.18684006,0.0,0.0,0.0
-0.83151245,5.797806,6.550354,0.41238785,-0.25240517,-1.0666037,0.0,0.0,0.0
-0.8757782,5.9413757,6.2309113,0.36023653,-0.14636087,-1.3573766,0.0,0.0,0.0
-1.0707855,5.9856415,6.7860413,0.1595186,-0.11401272,-0.7935996,0.0,0.0,0.0
-1.2394867,6.011963,7.6821594,-0.017039537,-0.054871082,0.07495642,0.0,0.0,0.0
-1.277771,5.946167,8.075775,-0.05707693,-0.08664322,0.44128132,0.0,0.0,0.0
-1.3375854,5.647064,7.7479553,-0.114842296,-0.36533165,0.09770203,0.0,0.0,0.0
-1.3172455,5.571686,7.537384,-0.093315005,-0.4434328,-0.11053944,0.0,0.0,0.0
-1.414154,5.52861,6.866211,-0.1853944,-0.4997635,-0.77049255,0.0,0.0,0.0
-1.4333038,5.6351013,6.6089783,-0.19460297,-0.42299795,-1.0025549,0.0,0.0,0.0
-1.3722839,5.83609,6.583847,-0.12557054,-0.24140072,-1.0109015,0.0,0.0,0.0
-1.199997,5.9521484,6.9260254,0.054675102,-0.13492441,-0.6597333,0.0,0.0,0.0
-1.1533356,6.04068,7.397415,0.102066755,-0.035107613,-0.19726515,0.0,0.0,0.0
-1.1174469,6.0131683,7.5505524,0.13341498,-0.046278,-0.057919502,0.0,0.0,0.0
-0.91285706,6.0095673,7.634308,0.31295872,-0.037709713,0.012089729,0.0,0.0,0.0
-0.79441833,6.1040955,7.281357,0.4110062,0.047753334,-0.3369155,0.0,0.0,0.0
-0.9918213,6.18425,7.0695953,0.19524634,0.10180664,-0.53074265,0.0,0.0,0.0
-1.2119598,6.1256256,7.2502594,-0.030908465,0.035547256,-0.34489965,0.0,0.0,0.0
-1.2658081,5.8408813,7.807785,-0.08652246,-0.24165821,0.20631218,0.0,0.0,0.0
-1.282547,5.782257,7.7862396,-0.10279262,-0.28601265,0.1734438,0.0,0.0,0.0
-1.3639069,5.900696,7.392624,-0.17619777,-0.17421675,-0.21363497,0.0,0.0,0.0
-1.5661011,6.0969086,7.0253296,-0.35492408,-0.01139164,-0.5504279,0.0,0.0,0.0
-1.5876312,6.106476,7.0743866,-0.36281228,-0.014649391,-0.48881578,0.0,0.0,0.0
-1.4883423,5.9976044,7.298111,-0.2539481,-0.12790632,-0.2599826,0.0,0.0,0.0
-1.351944,5.860016,7.2717896,-0.11361635,-0.27021933,-0.28182888,0.0,0.0,0.0
-1.2658081,5.708084,7.147354,-0.02090025,-0.42991352,-0.39887524,0.0,0.0,0.0
-1.1652985,5.7056885,7.0492554,0.085493565,-0.44570255,-0.4850855,0.0,0.0,0.0
-1.134201,5.7846527,7.2849426,0.11661446,-0.36799574,-0.24836826,0.0,0.0,0.0
-1.2502441,5.8205414,7.438095,7.145405E-4,-0.3240409,-0.10177231,0.0,0.0,0.0
-1.1605225,5.8205414,7.402191,0.088974476,-0.32021475,-0.1410346,0.0,0.0,0.0
-1.208374,5.8133698,6.9427795,0.041570902,-0.34442616,-0.5864682,0.0,0.0,0.0
-1.2358856,5.741577,6.7369995,0.018172741,-0.44085407,-0.7713475,0.0,0.0,0.0
-1.5014954,5.724823,6.731003,-0.23170865,-0.48957253,-0.7482557,0.0,0.0,0.0
-1.5170441,5.699707,6.9152527,-0.23715293,-0.5195708,-0.5582242,0.0,0.0,0.0
-1.3890381,5.674576,7.1856537,-0.10552931,-0.54000807,-0.29110622,0.0,0.0,0.0
-1.1760712,5.6111755,7.203598,0.10183406,-0.5939274,-0.281991,0.0,0.0,0.0
-1.1042938,5.748749,6.957138,0.16961873,-0.46037436,-0.5257983,0.0,0.0,0.0
-1.1174469,5.8372955,6.8745728,0.15562904,-0.3814249,-0.6005311,0.0,0.0,0.0
-1.1162567,5.7786713,7.1270294,0.15033805,-0.44263792,-0.34702158,0.0,0.0,0.0
-0.9870453,5.73201,7.227524,0.27594948,-0.4870472,-0.24901056,0.0,0.0,0.0
-1.0468597,5.826523,7.1102753,0.1983186,-0.38927412,-0.37195587,0.0,0.0,0.0
-1.2729797,6.072983,7.055237,-0.027822495,-0.14492655,-0.4252429,0.0,0.0,0.0
-1.4943237,6.193817,7.4356995,-0.24275911,-0.019596577,-0.047445774,0.0,0.0,0.0
-1.4919281,6.12323,7.540985,-0.23571658,-0.08543873,0.054680347,0.0,0.0,0.0
-1.3615112,6.0957184,7.556534,-0.09309447,-0.09250164,0.055371284,0.0,0.0,0.0
-1.1988068,6.1172485,7.4153595,0.06665897,-0.06670952,-0.08981514,0.0,0.0,0.0
-1.1665039,6.1567383,7.3746796,0.09530389,-0.027718544,-0.13070011,0.0,0.0,0.0
-1.138977,6.1327972,7.463211,0.11971295,-0.047657013,-0.045987606,0.0,0.0,0.0
-1.1222382,6.0478516,7.829315,0.12947595,-0.11890173,0.30769587,0.0,0.0,0.0
-1.1018982,6.0131683,7.647461,0.13709092,-0.13617516,0.109499454,0.0,0.0,0.0
-1.179657,5.9234314,7.3220367,0.05245161,-0.2290535,-0.21448994,0.0,0.0,0.0
-1.2538452,5.848053,7.147354,-0.024252772,-0.317379,-0.37899542,0.0,0.0,0.0
-1.3663025,5.87677,7.034897,-0.13430285,-0.2971363,-0.48410892,0.0,0.0,0.0
-1.5302124,5.8779755,7.0540466,-0.28463364,-0.30064964,-0.45884323,0.0,0.0,0.0
-1.5924225,5.873184,7.2646027,-0.33851254,-0.29923773,-0.25199938,0.0,0.0,0.0
-1.3363953,5.9569244,7.158127,-0.0793879,-0.20500565,-0.3665614,0.0,0.0,0.0
-1.3902283,5.946167,6.8398895,-0.12511015,-0.23057938,-0.6712799,0.0,0.0,0.0
-1.0384827,5.6865387,6.3302155,0.22513604,-0.5172601,-1.1588793,0.0,0.0,0.0
-0.9942169,5.736786,6.47258,0.24850619,-0.5040922,-0.9891534,0.0,0.0,0.0
-0.8446655,5.679367,6.5778656,0.38307714,-0.5670376,-0.8817229,0.0,0.0,0.0
-0.87815857,5.6075745,6.619751,0.3340882,-0.63894606,-0.84227467,0.0,0.0,0.0
-1.0887299,5.667404,6.8518524,0.12238884,-0.5764823,-0.6125603,0.0,0.0,0.0
-1.2741852,5.721237,7.1904297,-0.0606848,-0.50828743,-0.28558683,0.0,0.0,0.0
-1.3543396,5.8085785,7.5601196,-0.13271725,-0.38211584,0.0532341,0.0,0.0,0.0
-1.3280182,5.8336945,7.581665,-0.10412586,-0.33512354,0.057160854,0.0,0.0,0.0
-1.3878326,5.91626,7.1234283,-0.16013157,-0.25797558,-0.39600992,0.0,0.0,0.0
-1.4536438,6.0107727,6.522827,-0.21735835,-0.1884427,-0.97462034,0.0,0.0,0.0
-1.5134583,6.0095673,6.702301,-0.26406312,-0.21404505,-0.7727275,0.0,0.0,0.0
-1.463211,5.950943,7.0289154,-0.20185876,-0.26254082,-0.452528,0.0,0.0,0.0
-1.2669983,5.949753,7.795822,-0.0039026737,-0.23631811,0.2919898,0.0,0.0,0.0
-1.1497498,6.1579285,7.657028,0.11273658,0.0027709007,0.12771559,0.0,0.0,0.0
-1.1186371,6.196213,7.223938,0.1417743,0.038885593,-0.3039484,0.0,0.0,0.0
-1.1102753,6.072983,7.1186523,0.14460886,-0.09646797,-0.40022564,0.0,0.0,0.0
-1.0779724,5.909073,7.338791,0.16954875,-0.2579012,-0.18334389,0.0,0.0,0.0
-0.9714813,5.79541,7.5960083,0.26490378,-0.35676718,0.059931755,0.0,0.0,0.0
-1.022934,5.7846527,7.618744,0.20173621,-0.34571314,0.06300545,0.0,0.0,0.0
-1.1820526,5.9653015,7.338791,0.038458467,-0.15880585,-0.2226944,0.0,0.0,0.0
-1.0947113,5.8779755,7.410568,0.12517464,-0.24505377,-0.1518898,0.0,0.0,0.0
-1.1928253,5.7786713,7.348358,0.022032142,-0.3434391,-0.21565342,0.0,0.0,0.0
-1.2861481,5.7882385,7.728821,-0.06969583,-0.3254304,0.1582408,0.0,0.0,0.0
-1.2322998,5.7966156,7.679764,-0.020595312,-0.28966665,0.08638954,0.0,0.0,0.0
-1.2059784,5.7583313,7.463211,0.0033597946,-0.32231712,-0.13505173,0.0,0.0,0.0
-1.2215424,5.63031,6.7908325,-0.012599111,-0.46065187,-0.79922915,0.0,0.0,0.0
-1.1724854,5.704483,6.837494,0.035321474,-0.405437,-0.7374959,0.0,0.0,0.0
-1.195221,5.8695984,6.9236298,0.013290763,-0.2447648,-0.6476617,0.0,0.0,0.0
-1.257431,6.0095673,7.0420837,-0.045836806,-0.11252785,-0.5224643,0.0,0.0,0.0
-1.1509552,5.9820557,7.203598,0.060441136,-0.1424098,-0.3590622,0.0,0.0,0.0
-0.98942566,5.93898,7.351944,0.21614718,-0.1843481,-0.2125678,0.0,0.0,0.0
-0.8410797,5.9246216,7.195221,0.34740555,-0.21144104,-0.36167145,0.0,0.0,0.0
-0.825531,6.0143585,6.294327,0.35226226,-0.1527524,-1.2389283,0.0,0.0,0.0
-0.8925171,6.0394897,6.106476,0.2693516,-0.19575262,-1.3729758,0.0,0.0,0.0
-1.0169525,6.0059814,6.1770782,0.13730037,-0.25897932,-1.2786813,0.0,0.0,0.0
-1.0432739,5.8085785,6.908081,0.10250366,-0.45343685,-0.5514598,0.0,0.0,0.0
-1.071991,5.7667084,7.1078796,0.07013416,-0.4768982,-0.36763477,0.0,0.0,0.0
-1.1904297,5.79541,7.2933197,-0.0477376,-0.4244418,-0.20188475,0.0,0.0,0.0
-1.199997,5.7714844,7.348358,-0.056048036,-0.43285418,-0.1595006,0.0,0.0,0.0
-1.174881,5.765503,7.3962097,-0.031632066,-0.42092228,-0.1265235,0.0,0.0,0.0
-1.1162567,5.6650085,7.454834,0.023481607,-0.49017525,-0.094013214,0.0,0.0,0.0
-1.0863342,5.620743,7.2622223,0.054216027,-0.52305603,-0.2957716,0.0,0.0,0.0
-1.002594,5.60997,7.080368,0.13338101,-0.5283222,-0.48278713,0.0,0.0,0.0
-1.125824,5.6279144,7.009781,0.011163831,-0.50872993,-0.5545597,0.0,0.0,0.0
-1.2215424,5.8217316,7.12941,-0.0800097,-0.3070612,-0.44060946,0.0,0.0,0.0
-1.2610168,5.8983,7.183258,-0.11274433,-0.22127819,-0.39319372,0.0,0.0,0.0
-1.2921295,5.9569244,7.240677,-0.1328448,-0.15020609,-0.3441372,0.0,0.0,0.0
-1.3734741,5.8456726,7.634308,-0.20414901,-0.24204397,0.03544092,0.0,0.0,0.0
-1.2669983,5.8097687,7.676178,-0.094973445,-0.2609706,0.06415653,0.0,0.0,0.0
-1.2227325,5.8336945,7.397415,-0.049913883,-0.23121548,-0.21912956,0.0,0.0,0.0
-1.2598267,5.860016,7.2191467,-0.08370185,-0.21555614,-0.3883853,0.0,0.0,0.0
-1.2418823,5.8408813,7.286148,-0.06268561,-0.23961115,-0.31697607,0.0,0.0,0.0
-1.2023926,5.9019012,7.421341,-0.020829916,-0.1717329,-0.18689537,0.0,0.0,0.0
-1.1605225,5.9557343,7.4943237,0.020609498,-0.112285614,-0.11845827,0.0,0.0,0.0
-1.0755768,6.0311127,7.377075,0.10346997,-0.03740692,-0.23563194,0.0,0.0,0.0
-0.9678955,6.0131683,7.281357,0.20465147,-0.06215191,-0.32692862,0.0,0.0,0.0
-0.9176483,5.934204,7.1365967,0.24762416,-0.14746046,-0.46773624,0.0,0.0,0.0
-0.9451599,5.925827,7.071991,0.20493186,-0.16673422,-0.5259285,0.0,0.0,0.0
-0.9942169,5.9318085,7.0863495,0.14829981,-0.16910887,-0.5060053,0.0,0.0,0.0
-1.1186371,5.803787,7.2682037,0.021427393,-0.30319643,-0.3196411,0.0,0.0,0.0
-1.134201,5.7427673,7.3244324,0.0035156012,-0.36263275,-0.26503897,0.0,0.0,0.0
-1.1090698,5.822937,7.1736755,0.030510902,-0.28724575,-0.4116664,0.0,0.0,0.0
-1.1892395,5.667404,6.681961,-0.054763198,-0.48077202,-0.8733864,0.0,0.0,0.0
-1.1246338,5.642273,6.612564,0.005649209,-0.53057194,-0.9232726,0.0,0.0,0.0
-1.1018982,5.6554413,6.7214355,0.027099371,-0.53368235,-0.80123043,0.0,0.0,0.0
-1.179657,5.5537415,6.7860413,-0.048430562,-0.64005613,-0.7324414,0.0,0.0,0.0
-1.2646027,5.478363,7.21196,-0.12410116,-0.70700026,-0.31206274,0.0,0.0,0.0
-1.1988068,5.5130615,7.350754,-0.053923965,-0.65849733,-0.18393183,0.0,0.0,0.0
-1.1030884,5.613556,7.412964,0.043130875,-0.54360676,-0.1332879,0.0,0.0,0.0
-0.9786682,5.6434784,7.2825623,0.1661917,-0.5052285,-0.27078724,0.0,0.0,0.0
-0.933197,5.6027985,7.215561,0.2026838,-0.5404434,-0.34358835,0.0,0.0,0.0
-0.75971985,5.58963,7.1904297,0.35995173,-0.54278946,-0.37991762,0.0,0.0,0.0
-0.6903229,5.757126,7.097107,0.41343737,-0.36657238,-0.48263073,0.0,0.0,0.0
-0.6855469,5.8217316,6.982254,0.40397024,-0.2993045,-0.60169315,0.0,0.0,0.0
