0.75613403,5.806183,7.5505524,0.05893576,-0.124574184,-0.27910614,0.025012255,-0.06273937,9.502791
0.8721771,5.724823,7.741974,0.15365553,-0.23511696,-0.14730167,0.10977507,-0.09868717,9.52594
0.7393799,5.728424,7.808975,0.1798042,-0.23199797,-0.1990509,0.12855709,-0.06408882,9.482398
0.653244,5.8289185,7.8424835,0.18140793,-0.25598478,-0.44343662,0.09310031,0.06470251,9.275407
0.6687927,5.822937,7.4859467,0.17267287,-0.21495533,-0.62721014,0.061258256,0.21138716,9.157823
0.55752563,5.8301086,7.253845,0.16678321,-0.23288298,-0.52347136,0.06886107,0.13620138,9.229779
0.35653687,5.824127,7.196411,0.2510624,-0.28018427,-0.5045557,0.15112448,0.090706825,9.202461
0.13998413,5.8624115,7.2346954,0.32851994,-0.27988768,-0.5742221,0.2180509,0.13855839,9.136391
0.17826843,5.8504486,7.2382813,0.3817563,-0.23986435,-0.7342696,0.25027287,0.27273846,9.028575
0.21774292,5.9641113,7.276581,0.22606087,-0.28864717,-0.71903515,0.017638683,-0.24249554,9.03703
0.2416687,5.846863,7.286148,0.13961434,-0.28293037,-0.43369484,-0.024110794,-0.06855035,9.275282
0.2859497,5.761917,7.523041,0.107904315,-0.1974492,-0.25068712,0.05485308,0.0032143593,9.474303
0.2416687,5.720047,7.5972137,0.16445935,-0.22776556,-0.32770538,0.09723592,0.02944231,9.3871355
0.50727844,5.721237,7.544571,0.22780967,-0.22397518,-0.39164877,0.1506477,0.07553244,9.3301525
0.6412811,5.6027985,7.2107697,0.18786466,-0.2649026,-0.40594864,0.10661042,0.05187559,9.300484
0.727417,5.6446686,7.135391,0.19670546,-0.2836547,-0.30133295,-0.12752557,-0.037047386,9.368109
0.53001404,5.625519,7.1449738,0.15795124,-0.28572226,-0.40529156,0.076313734,0.035577774,9.293076
0.53718567,5.6661987,7.1365967,0.17164898,-0.29948616,-0.5751643,0.06327927,0.13265371,9.152151
0.4390869,5.6231384,7.02652,0.14168942,-0.27270365,-0.5741515,0.03535855,0.15271616,9.174574
0.33259583,5.8743744,6.977478,0.05096078,-0.31858826,-0.4144516,-0.0330801,0.013784409,9.282645
-0.117248535,5.7583313,7.1282196,0.066034794,-0.35666895,-0.32926702,-0.024029493,0.064704895,9.32165
-0.110076904,5.785843,7.2394867,0.09053552,-0.3195691,-0.45188427,-3.0338764E-4,0.03821802,9.247133
-0.24406433,5.8695984,7.3734894,0.06924713,-0.25760603,-0.5760107,-0.036462784,0.16435003,9.194601
-0.11605835,6.0837555,7.2335052,0.032639146,-0.25781155,-0.45610523,-0.054698706,0.08796692,9.292031
-0.2679901,6.119644,7.150955,0.030828834,-0.2903576,-0.2870655,0.009280205,0.054222822,9.400893
-0.07417297,6.0873413,7.265808,0.061144352,-0.33955622,-0.27715874,-0.005419731,-0.08721638,9.372809
-0.08015442,5.8899384,7.2466583,0.057482123,-0.3489232,-0.39809608,-0.028233647,-0.018530369,9.275246
-0.03111267,5.89592,7.1844482,0.041014075,-0.32035828,-0.52384424,-0.0618577,0.08250713,9.199946
0.039474487,5.9019012,7.0492554,0.120150805,-0.2937193,-0.6206784,0.0032104254,0.16769695,9.13003
0.31704712,5.9772644,6.9439697,0.13814735,-0.36243868,-0.43095207,0.045924067,-0.0053544044,9.228699
0.29670715,5.922241,6.8769684,0.11770105,-0.33954668,-0.35297632,0.039642215,-0.03854227,9.30597
0.4127655,5.909073,7.051651,0.07381487,-0.38518953,-0.32973337,-0.0029536486,-0.09133816,9.302476
0.6424713,5.9437714,7.2323,0.09917307,-0.36300325,-0.2486844,0.03576672,-0.12391949,9.37443
0.49412537,6.1770782,7.4656067,0.0998044,-0.38778496,-0.24598122,0.03498435,-0.1452837,9.361102
0.2644043,6.2201385,7.5876465,0.10744047,-0.34631872,-0.22935724,0.047540903,-0.12374067,9.39859
0.2907257,6.344574,7.602005,0.12113452,-0.30362415,-0.4387579,0.031971216,0.0407362,9.261959
0.13519287,6.315857,7.4440765,0.07020676,-0.34949112,-0.47078466,-0.02636993,0.023293495,9.217181
0.14715576,6.2644043,7.301697,0.104138374,-0.28681946,-0.29984522,0.037175417,-0.032419205,9.381699
-0.062210083,6.242874,6.896118,0.14011204,-0.24610901,-0.24531221,0.08373642,-0.033166885,9.442965
-0.027511597,6.324234,6.8075867,0.19215214,-0.2629323,-0.361907,0.11602342,0.028787613,9.334694
-0.105285645,6.2189484,6.8817596,0.14556015,-0.35298347,-0.5175514,-0.011288166,-0.06669927,9.167066
-0.021530151,6.074173,7.002594,0.15072656,-0.28808594,-0.48910666,0.053886056,0.08840132,9.228534
0.15672302,5.97966,7.3411865,0.16644657,-0.30665112,-0.4066081,0.0808202,0.023575306,9.277518
0.5168457,6.023926,7.5014954,0.22829854,-0.3861971,-0.2765789,0.15695655,-0.1169405,9.31731
0.5264282,5.966507,7.5601196,0.17185879,-0.40108395,-0.34546328,-0.11960101,0.03995657,9.264573
0.6352997,5.8875427,7.4895325,0.18608236,-0.31476784,-0.39918184,0.101163745,0.013373375,9.275013
0.61854553,5.8349,7.4775696,0.15890372,-0.32598877,-0.38219357,0.07621181,-0.0071001053,9.28537
0.78364563,5.8169556,7.524231,0.12919772,-0.3350706,-0.28248549,0.061703086,-0.07801247,9.360702
0.7130585,5.83609,7.590027,0.14432776,-0.31689072,-0.27616024,0.07868266,-0.067522526,9.374489
0.6759796,5.8253326,7.4931183,0.11322987,-0.2657442,-0.30946302,0.046257854,-0.008449078,9.385941
0.5276184,5.970093,7.527817,0.1649375,-0.20796633,-0.3302269,0.09775829,0.052307606,9.397736
0.37687683,5.8815613,7.5110626,0.18253362,-0.21938086,-0.3488593,0.1114943,0.056263924,9.373577
0.40318298,5.976074,7.5314026,0.22770584,-0.2947631,-0.3374896,0.15321589,-0.0073332787,9.328
0.16270447,5.922241,7.237091,0.15754318,-0.28684473,-0.35680056,0.08187568,0.00719738,9.329522
-0.03111267,5.91626,7.204788,0.13000453,-0.28569984,-0.36323643,0.053909898,0.010726929,9.329739
-0.088531494,5.85524,7.060028,0.115986586,-0.29650497,-0.2970786,-0.06239724,0.0123775005,9.375863
-0.18544006,5.976074,6.826721,0.17770827,-0.33042526,-0.3392148,0.10183215,-0.03686714,9.312588
-0.1375885,5.967697,6.673584,0.15458453,-0.35029984,-0.3889532,0.070067406,-0.022398472,9.265837
-0.027511597,6.016754,6.695114,0.13770592,-0.33406878,-0.42554665,0.048685074,0.012722969,9.250662
-0.16989136,5.851654,6.6628113,0.09014559,-0.36841583,-0.35483885,0.010655642,-0.060245037,9.290875
0.013153076,5.8791656,6.8111725,0.12760377,-0.36681318,-0.3057809,0.05527103,-0.08780956,9.323359
-0.008377075,5.638687,6.9798584,0.19113994,-0.2942567,-0.41931963,0.104643226,0.04296589,9.271716
0.39720154,5.7631073,7.162918,0.18409038,-0.33038664,-0.5821028,0.07002652,0.11742449,9.126066
0.47138977,5.6362915,7.328018,0.13404953,-0.35538483,-0.568038,0.020925522,0.08736086,9.129254
0.55992126,5.7379913,7.462021,0.10619056,-0.35181284,-0.27458668,0.03882134,-0.09565592,9.359673
0.42352295,5.5369873,7.5601196,0.13432562,-0.33131933,-0.28957367,0.06515324,-0.06900406,9.356469
0.47138977,5.540573,7.602005,0.09908974,-0.3500414,-0.35469055,0.018474221,-0.044168472,9.300822
0.39720154,5.625519,7.7312164,0.075624466,-0.30581188,-0.44046545,-0.015508413,0.043435574,9.267092
0.4247284,5.704483,7.5433807,0.06502962,-0.34246588,-0.2778201,-0.0032173395,-0.08749342,9.36958
0.2141571,5.618347,7.414154,0.07515812,-0.39714622,-0.28797483,-0.056238413,0.10957551,9.325887
0.31106567,5.73201,7.4153595,0.0966388,-0.38801813,-0.35730934,0.01154685,-0.071801186,9.2753525
0.28234863,5.5740814,7.2335052,0.12834811,-0.3516922,-0.4654808,-0.012851715,-0.036230564,9.210533
0.31585693,5.703293,7.270584,0.14138341,-0.3078084,-0.47021818,0.042960525,0.06444836,9.232332
0.2368927,5.696121,7.3495483,0.07932389,-0.36460114,-0.29092026,0.0057965517,-0.095528126,9.343291
0.35533142,5.7678986,7.5062866,0.10746944,-0.35620308,-0.29613352,0.033077836,-0.0848465,9.339925
0.42114258,5.645859,7.4596252,0.12966752,-0.3201542,-0.39947653,0.04105425,0.009094715,9.280224
0.45703125,5.7882385,7.421341,0.11923051,-0.29299784,-0.4649434,0.0123353,-0.07368517,9.249287
-0.055038452,5.8408813,7.7563324,0.14452505,-0.34953833,-0.19908428,0.08491695,-0.13919401,9.411539
-0.04547119,5.8336945,7.8221436,0.14834988,-0.3667369,-0.14180899,0.09644568,-0.18863201,9.443705
0.43669128,5.95932,7.8173523,0.19678926,-0.34665108,-0.33808947,0.11459005,-0.047700405,9.298919
0.68434143,5.996414,7.2957153,0.23104739,-0.30297995,-0.44751978,0.1343627,0.056804657,9.237288
0.6233368,5.79303,6.970291,0.17865574,-0.28985214,-0.44533348,0.0841918,0.06417227,9.256152
0.6999054,5.7355957,7.1389923,0.13799441,-0.21169472,-0.44126558,0.050478816,0.12121439,9.315395
0.48454285,5.65065,7.3902283,0.2505716,-0.29588795,-0.4011364,0.16193527,0.036233902,9.274006
0.63409424,5.873184,7.676178,0.2601241,-0.32427788,-0.44313717,0.16295165,0.04116583,9.222747
0.6125641,5.839691,7.549362,0.22371697,-0.29485416,-0.33789396,-0.13366127,-0.059306145,9.3273
0.58026123,5.888733,7.3782654,0.14315248,-0.33820438,-0.20095015,-0.13232493,0.07864857,9.417344
0.43070984,5.720047,7.306488,0.15466464,-0.27145386,-0.074807644,0.12135744,-0.15571642,9.553217
0.38046265,5.970093,7.4392853,0.24934018,-0.25321436,-0.20337296,0.19571269,-0.056104183,9.4514065
0.2715912,5.8863373,7.347168,0.5214069,-0.46644878,-0.3787179,0.42158532,-0.096461296,9.138947
0.4630127,6.0047913,7.3411865,0.58846855,-0.7254944,0.102375984,0.5427271,-0.5984392,9.326614
0.33738708,5.888733,7.330414,1.8774446,-1.1619334,0.541451,1.827867,-1.1808083,9.14889
0.40678406,5.934204,7.3854523,1.0118737,-1.0684881,0.6526141,0.9943261,-1.2068267,9.424099
0.41156006,5.81575,7.5684967,1.1258607,-1.0599647,0.48975992,1.0171227,-1.1246123,9.230751
0.32901,5.8049927,7.7778625,0.75158834,-0.7305622,-0.16920996,0.58126885,-0.41505814,9.021099
0.33499146,5.7427673,7.657028,0.6491387,-0.5559764,-0.83363247,-0.19106936,-0.36789608,8.6870165
0.41874695,5.8013916,7.4967194,0.06913638,-0.30767202,-1.5231533,-0.29929537,0.94187,8.605509
0.5096741,5.69252,7.5134583,-0.71908116,0.11376381,-1.9790401,-1.0083653,1.6537278,8.972981
0.5587311,5.77269,7.348358,-1.3190482,0.377985,-2.179089,-1.5259744,2.0176854,9.325466
-0.041870117,5.893524,6.722641,-1.3311286,0.33331013,-1.8507929,-1.4805067,1.7431886,9.527673
-0.3864441,6.229721,6.7633057,-1.2218201,0.30463934,-1.2791476,-1.2706896,1.2675767,9.7850485
-0.57188416,6.242874,6.7178497,-1.1511822,0.18206882,-0.69484377,-1.1299517,0.7287352,9.9892235
-0.3625183,6.18425,6.7405853,-1.5568473,0.31519604,-0.4144311,-1.4016763,0.61850643,10.396252
-0.39242554,6.12323,7.092331,-1.0757487,0.23445511,-0.83874416,-1.0589144,0.88470674,9.914774
-0.33738708,6.094513,7.178467,-0.5306163,0.06344414,-1.2222414,1.1353986,-0.5485096,9.371381
-0.3026886,6.0538483,7.027725,-0.39922333,-0.045420647,-1.1160455,-0.58334213,0.9020591,9.303658
-0.032302856,5.9856415,7.08873,0.136662,-0.42376614,-0.34398603,-0.08408189,0.02234602,9.250761
-0.06819153,5.974884,7.1102753,0.37638092,-0.5778775,-0.09355354,0.12728643,-0.28669405,9.185392
-0.12322998,6.007187,7.2335052,0.2761488,-0.53045225,-0.06754923,0.055423737,-0.2742324,9.273804
-0.1375885,5.9066772,7.083954,0.05443263,-0.32879114,-0.16199923,-0.095439374,-0.0649333,9.4545355
-0.08973694,5.9724884,7.1808624,-0.15416908,-0.19565582,-0.4264288,-0.28696656,0.24154377,9.485406
-0.53240967,6.094513,7.491928,-0.077785015,-0.10011196,-0.59663916,-0.21331507,0.43146396,9.431969
0.1651001,6.070587,7.500305,-0.11180782,-0.10479164,-0.66804934,-0.25879496,0.49074197,9.404196
0.16749573,6.0263214,7.380661,-0.27336383,-0.047227383,-0.52388763,-0.3595844,0.4192655,9.5914
0.19142151,6.1280212,7.027725,-0.24856782,-0.14375973,-0.24897385,-0.3235675,0.13837194,9.66313
-0.11126709,6.20578,6.5682983,-0.106058836,-0.21768093,-0.2125845,-0.21405405,0.056058884,9.572421
-0.1603241,6.22493,6.530014,0.041867495,-0.3512535,-0.35890484,-0.15383172,0.088897705,9.335081
-0.17228699,6.2811584,6.726227,-0.01884818,-0.37050247,-0.4330635,-0.22961515,0.14401054,9.304944
0.0993042,6.3014984,6.7417755,-0.10561371,-0.25079393,-0.5396004,-0.28296405,0.30721498,9.369876
0.057434082,6.3062897,6.9260254,0.091804504,-0.21969652,-1.2095985,-0.20738888,0.85893893,8.946978
0.0765686,6.3014984,7.1653137,-0.1516757,-0.25240755,-0.29151487,-0.28214276,0.106954575,9.522657
-0.021530151,6.209381,7.2717896,-0.21793008,-0.22743654,-0.011165142,0.17816806,0.24524617,9.720302
0.026321411,6.18425,7.2729797,-0.051599026,-0.17575693,-0.30581522,-0.16280597,0.15256834,9.528635
-0.1878357,6.197403,7.3495483,-0.123259544,-0.1832757,-0.5181966,-0.2644353,0.32742548,9.432247
-0.1040802,6.2368927,7.4201355,-0.1878171,-0.14797926,-0.6302247,-0.32743055,0.44399524,9.419334
0.0382843,6.276367,7.343567,-0.16952968,-0.14839888,-0.85108423,0.63297033,-0.32384324,9.287439
0.11605835,6.1746826,7.039688,-0.06492281,-0.22957659,-0.85955715,0.5426674,-0.32190633,9.176058
-0.037094116,6.221344,7.0372925,-0.15580463,-0.31208372,-0.31063747,-0.3021642,0.08109999,9.459826
0.04307556,6.2608185,7.071991,-0.25106382,-0.28290606,-0.2263813,-0.3647346,0.037548542,9.561954
0.020339966,6.22612,6.989441,-0.3693421,-0.16016483,-0.5287523,-0.47369534,0.3593526,9.509794
-0.034698486,6.2285156,6.90329,-0.079027414,-0.18784666,-0.55379677,-0.21633768,0.32618046,9.365033
-0.15074158,6.1770782,7.1808624,-0.042924643,-0.25564814,-0.49357748,-0.19541156,0.22497654,9.3354645
-0.1483612,6.1076813,7.075577,7.491112E-4,-0.29777193,-0.16879511,-0.121982455,-0.05851841,9.492234
-0.062210083,6.2165527,7.014557,-0.024288416,-0.33413458,-0.08488989,-0.14125144,-0.1505084,9.529455
0.049057007,6.027527,7.0576324,0.09610081,-0.37215424,-0.034776688,-0.031537414,-0.23056555,9.498774
-0.050247192,5.967697,7.2382813,0.20661592,-0.3744111,-0.14921236,0.06511378,-0.17162085,9.3925905
-0.11126709,6.0957184,7.244278,0.13599205,-0.3272004,-0.24154139,0.007646978,-0.07364607,9.384261
0.007171631,6.2404785,7.0624084,0.16101027,-0.360466,-0.112222195,0.04029286,-0.19554234,9.448051
-0.071777344,5.991623,7.0049896,0.097049,-0.31017637,-0.16003036,-0.008449316,-0.12322426,9.466089
-0.01914978,6.0849457,7.112671,0.09952426,-0.2893567,-0.19822836,-0.043705225,0.07536292,9.452621
-0.009567261,6.1256256,7.247864,0.23104215,-0.3170309,-0.17599249,-0.17786288,0.05777645,9.419497
0.06939697,6.1280212,7.335205,0.27141428,-0.33604574,-0.3687067,0.14207524,-0.030570507,9.257635
0.0011901855,5.9928284,7.491928,0.37574458,-0.36475277,-0.48585224,0.2285375,0.013900757,9.129997
0.046661377,6.173477,7.5433807,0.4074142,-0.32359314,-0.49646616,0.2698536,0.047281265,9.141729
0.09451294,6.12204,7.113861,0.3808837,-0.43655062,-0.23934937,0.2540717,-0.20393753,9.271118
0.19979858,6.0957184,7.0743866,0.3728056,-0.44241762,-0.25859642,0.24607939,-0.19855309,9.25746
0.16749573,6.0107727,6.850647,0.4947889,-0.41595936,-0.28114462,0.36955643,-0.1741147,9.2322
0.14356995,6.1746826,6.702301,0.58953595,-0.3817215,-0.40212822,-0.4385383,-0.1485517,9.142882
0.14237976,6.086151,7.083954,0.5299282,-0.3642273,-0.36075068,0.40741384,-0.086381435,9.198228
0.1531372,6.1340027,7.199997,0.5425539,-0.34096813,-0.26314497,0.4354391,-0.13275623,9.284503
0.110076904,6.1172485,7.104294,0.5003786,-0.3388853,-0.30754852,0.38961828,-0.10036659,9.260818
0.15194702,6.273987,7.171295,0.4133792,-0.32904768,-0.38402605,0.29779178,-0.03825569,9.226576
0.12921143,6.1818542,7.167694,0.12952137,-0.23684406,-0.23726416,0.054711282,-0.040558815,9.453767
0.16151428,6.1782684,7.073181,0.07090497,-0.15502119,-0.12850237,0.025221884,-0.042642593,9.599002
0.046661377,6.172287,7.02652,0.13969088,-0.21660328,-0.31019783,-0.039227724,-0.048884153,9.408247
0.30389404,6.238083,7.1198425,0.15686083,-0.26379204,-0.45441103,-0.0018799305,-0.090289116,9.265795
0.015548706,6.2608185,6.941574,0.1054728,-0.23448229,-0.31024122,0.02184391,0.010037422,9.404434
0.037094116,6.28714,6.8410797,0.14750028,-0.2568221,-0.21272135,0.06965488,-0.07250738,9.456143
-0.107681274,6.222534,7.0133667,0.22678876,-0.27888632,-0.37633228,0.123734474,0.009072781,9.301235
0.0993042,6.2883453,7.186844,0.22170901,-0.3046074,-0.5572429,0.09296042,0.105679035,9.148889
0.020339966,6.1986084,7.154541,0.1889255,-0.27797413,-0.5303569,0.069565356,0.112112045,9.192784
0.01914978,6.2404785,7.195221,0.23102593,-0.2957468,-0.30865908,0.13336653,-0.046148777,9.341685
-0.11126709,6.251251,7.076767,0.22318888,-0.34783983,-0.37822008,0.107791126,-0.041301727,9.258444
0.08734131,6.3338013,6.9798584,0.21763325,-0.30944777,-0.46143246,0.09979904,0.0419755,9.219862
0.086135864,6.172287,6.866211,0.17903638,-0.26959038,-0.45403957,0.07045156,0.07088661,9.25811
0.08015442,6.1878357,6.9439697,0.1264255,-0.24984169,-0.2893138,0.04226923,-0.0154418945,9.406548
0.0657959,6.1256256,6.9439697,0.13043594,-0.31777143,-0.071174145,0.059150636,-0.20723248,9.529858
0.057434082,6.2368927,7.171295,0.20820618,-0.34753084,-0.17634392,-0.18761802,0.08260512,9.415241
0.107681274,6.1040955,7.1186523,0.25174236,-0.2762556,-0.5119834,-0.06222248,-0.15315676,9.194694
0.16870117,6.1794586,7.2095795,0.36442232,-0.28615046,-0.5963712,-0.124464035,-0.23880124,9.101082
0.0,6.180664,7.249054,0.32571435,-0.31481838,-0.49471283,0.20049524,0.0552454,9.168926
0.06939697,6.2608185,7.2191467,0.27608228,-0.36692953,-0.20512295,0.17756683,-0.16673899,9.366647
0.04307556,6.1914215,7.027725,0.29519963,-0.41795254,-0.28246737,-0.23331475,0.04041004,9.272285
0.0765686,6.337387,6.9559326,0.36042142,-0.35209417,-0.40259886,-0.2185905,-0.09718394,9.207707
-0.021530151,6.1997986,6.920044,0.3909223,-0.268373,-0.37116337,0.28559268,0.008139133,9.276578
0.09211731,6.1698914,7.0085754,0.046863317,-0.11694956,-0.51982737,-0.039378345,0.244277,9.332443
0.14237976,6.151947,7.12941,0.033080578,-0.12666607,-0.60922194,-0.064748764,0.29856968,9.263555
0.2632141,6.155533,7.298111,0.037871838,-0.09196758,-0.8365474,-0.0812186,0.47223425,9.113756
0.15672302,6.049057,7.2634125,-0.09321928,-0.10332394,-0.6031108,-0.17846286,0.3382163,9.319959
0.0023956299,6.138794,7.199997,-0.10651994,-0.1467495,-0.36808872,-0.18230051,0.15525627,9.473434
0.034698486,6.090927,7.073181,-0.22708344,-0.18769169,-0.042327404,0.17767859,0.2209382,9.71608
0.04307556,6.18425,6.928421,-0.30488634,-0.13367939,-0.061371803,0.26438212,0.20756388,9.766506
-0.0059814453,6.0227356,6.9355927,-0.3192582,-0.093605995,-0.35749435,-0.3824026,0.23311329,9.611929
0.015548706,6.1208344,7.0085754,-0.37705016,0.010342598,-0.87765837,-0.4901235,0.7124789,9.4008045
0.0035858154,6.0179443,7.0253296,-0.37800336,0.027221203,-1.1562014,-0.5446148,0.9438529,9.265387
0.11843872,5.9617157,7.092331,-0.26079583,-0.06729078,-1.0605645,-0.44999957,0.8165786,9.233904
0.011962891,6.049057,7.1210327,-0.21092677,-0.031834602,-0.73678637,-0.33822972,0.579088,9.43434
0.10887146,6.008377,6.978668,-0.3422289,-0.0578413,-0.48114824,-0.42285144,0.3686328,9.613581
0.0035858154,5.9856415,6.9547424,-0.20707417,-0.17830658,-0.5575323,-0.35092622,0.35145044,9.434025
0.0143585205,6.1076813,7.1198425,0.008093834,-0.29407787,-0.72437,-0.21977633,0.40519738,9.175166
-0.11605835,6.0586243,7.142578,0.078959465,-0.31817198,-0.50094366,-0.12147164,0.20848131,9.258752
-0.22013855,6.2033997,7.258621,0.022236824,-0.3134489,-0.37284088,-0.14956069,0.11183834,9.35623
-0.24526978,6.18544,7.186844,-0.023470163,-0.2977314,-0.5765114,-0.22351241,0.28799915,9.269381
-0.14596558,6.10289,7.2323,-0.03596759,-0.27157116,-0.6436062,-0.23898822,0.3590858,9.2560005
-0.16630554,5.995224,7.21196,-0.05595517,-0.2429285,-0.57015324,0.3711052,-0.13866186,9.326782
-0.11843872,6.1208344,7.3208466,-0.16005325,-0.2020464,-0.3894639,-0.28577942,0.20357132,9.498412
-0.08494568,6.1986084,7.204788,-0.19130301,-0.1729393,-0.2687688,-0.28341,0.12546158,9.60006
0.023925781,6.16391,7.0612183,-0.053376913,-0.2539482,-0.29931116,-0.18876404,0.0948205,9.471534
-0.12322998,6.1363983,7.0001984,0.12504554,-0.26518774,-0.6241379,-0.08719486,0.3418851,9.214182
-0.13877869,6.1591187,7.2969055,-0.11630964,-0.15692902,-0.75750065,-0.29892546,0.52695537,9.311753
-0.13639832,6.229721,7.3663025,-0.14577198,-0.20447111,-0.54655886,-0.30362332,0.3304894,9.406182
-0.2033844,6.1172485,7.269394,-0.25466037,-0.31616402,0.09023094,-0.32550466,-0.2442832,9.721061
-0.1375885,6.1543427,7.044464,-0.2905593,-0.22423077,0.25135565,-0.2985747,-0.31821156,9.893129
-0.098098755,6.1340027,7.075577,-0.30800986,-0.25059938,-0.16981363,-0.3996542,0.0070533752,9.6431465
-0.17108154,6.148361,7.186844,0.016731262,-0.06756401,-0.6671181,-0.1265856,0.4973755,9.374812
0.09451294,6.1411743,7.1904297,0.015797377,-0.11459923,-0.83402586,-0.17286026,0.6034689,9.245466
0.0765686,6.0957184,7.1485596,0.013142586,-0.17866135,-0.80857515,-0.19010192,0.5429959,9.210914
0.15792847,6.0143585,7.117447,0.095592976,-0.21310759,-0.6094141,-0.08678883,0.35504818,9.265959
0.22851563,6.0801697,7.166504,0.17964363,-0.2605095,-0.60178137,-0.019301414,0.31213045,9.202929
0.2596283,5.9641113,7.063614,-0.06986213,-0.15476656,-0.46047115,-0.19110197,0.27188444,9.445506
0.275177,6.1651,7.0468597,0.07489753,-0.34586573,-0.5793271,0.24009061,-0.115454674,9.182248
0.26919556,6.0670013,6.916458,0.11493111,-0.34450197,-0.31604385,-0.04077977,0.01266098,9.327119
0.22612,6.2273254,6.911667,0.15032053,-0.40387535,0.067697525,-0.21593261,0.24835396,9.520313
0.2033844,6.1375885,7.0612183,0.13081574,-0.34579277,0.1432414,-0.23862338,0.26147437,9.628063
0.29312134,6.135193,7.1210327,0.15616989,-0.29005623,-0.032598972,0.06952083,-0.19068289,9.545134
0.275177,6.173477,7.022934,0.09622455,-0.22204065,-0.21032,0.011326253,-0.018297195,9.486756
0.2141571,6.2117615,7.0456696,0.16566992,-0.2249074,-0.202878,0.08116901,-0.0352726,9.47295
-0.023925781,6.2703857,7.3256226,0.17293572,-0.22289467,-0.3111663,0.08027601,0.034495354,9.395822
-0.059814453,6.098114,7.392624,0.11216235,-0.1548891,-0.3643055,0.032751024,0.12087965,9.414725
0.13279724,6.049057,7.536194,0.27086258,-0.30576515,-0.4554181,0.14859855,0.05286503,9.21556
0.13998413,6.1615143,7.5421753,0.36329246,-0.3125434,-0.66290474,0.21788591,0.17302895,9.037434
0.28474426,6.0969086,7.3256226,0.31023765,-0.28529167,-0.71552753,0.16781509,0.22813463,9.026003
0.25842285,6.0311127,7.0504456,0.44202757,-0.36613512,-0.7178378,0.2846828,0.15759134,8.947083
0.17108154,5.99881,6.8482513,0.43041062,-0.3608241,-0.701488,0.2844246,0.14438534,8.966539
0.2141571,6.0143585,6.8315125,0.39188075,-0.36031055,-0.38909006,0.2864592,-0.053717136,9.2151785
0.124420166,6.1782684,6.8410797,0.16625726,-0.26625967,-0.15397692,-0.15503383,0.052723885,9.497734
0.13877869,6.2608185,7.1270294,0.15958607,-0.30901527,-0.030570984,-0.2117014,0.14904809,9.572429
-0.009567261,6.217743,7.3208466,0.22759843,-0.29873562,-0.031854153,-0.27083254,0.10951853,9.568502
-0.14715576,6.3433685,7.4847565,0.3649361,-0.25367355,-0.23492193,0.30223227,-0.07953882,9.412891
-0.1758728,6.3146515,6.945175,0.29436767,-0.3018446,-0.27065945,0.22394001,-0.095942974,9.3688545
-0.08135986,6.352951,7.0133667,0.23538232,-0.3538823,-0.103235245,0.177212,-0.2348361,9.483011
-0.07417297,6.2883453,7.198807,0.23677814,-0.30780792,-0.08906937,0.18623692,-0.20631504,9.521182
0.008377075,6.300308,7.10907,0.2407155,-0.2954378,-0.2885251,0.1707524,-0.08057928,9.367533
0.051452637,6.2799683,6.817154,0.25988925,-0.17858744,-0.35273027,0.19697171,0.0511775,9.379523
0.0993042,6.262024,6.723831,0.2799225,-0.2335844,-0.40150166,0.20498842,0.034570217,9.305744
0.0657959,6.3338013,6.742981,0.29813635,-0.21639204,-0.42040205,0.22302431,0.059158325,9.297524
0.107681274,6.364914,6.6987,0.008425713,-0.0681591,-0.4788661,-0.052389085,0.22257185,9.380332
0.047851563,6.262024,6.6628113,-0.2674172,0.03359413,-0.5376215,-0.31973904,0.3476944,9.434423
0.12802124,6.2273254,6.829117,-0.21988523,-0.021965504,-0.4897666,-0.27412218,0.27339792,9.434073
0.015548706,6.20578,7.1066895,-0.22489512,-0.04972601,-0.48252583,-0.28245592,0.24627209,9.42527
0.051452637,6.22493,7.155731,-0.27278125,-0.13735867,-0.46633863,-0.33790773,0.1675191,9.396157
-0.04307556,6.2823486,7.199997,-0.11090684,-0.2327795,-0.37458277,-0.1789015,0.0322361,9.389812
-0.08255005,6.419937,7.071991,0.10011685,-0.2673807,-0.41707945,0.020652592,0.025074482,9.302254
-0.07896423,6.4091797,7.0169525,0.21622479,-0.30939817,-0.49635124,-0.08905101,-0.090628624,9.196158
0.0,6.4630127,6.879364,0.46411955,-0.34382343,-0.7040167,0.338611,0.13057756,8.971454
0.08375549,6.3876343,6.6987,0.511794,-0.33515787,-0.6965337,0.38768739,0.13673401,8.975732
0.1651001,6.3385925,6.685547,0.7184011,-0.35283613,-0.6144986,0.60173213,0.0797143,9.00057
0.23808289,6.2859497,6.63649,0.89734447,-0.33157682,-0.6111746,0.7827752,0.10394907,8.9910755
0.23210144,6.296707,6.669998,0.9854207,-0.26289558,-0.59374094,0.87828857,0.15531874,9.0338745
0.3146515,6.217743,6.7489624,0.92210674,-0.2296195,-0.52959776,0.82713443,0.14722776,9.115526
0.29312134,6.2273254,6.9655,0.84367883,-0.26102257,-0.4113779,0.7645011,0.05472088,9.205234
0.38763428,6.2201385,7.158127,0.6902039,-0.36767817,-0.2631545,0.62717223,-0.124752045,9.2852
0.42591858,6.2069855,7.235901,0.4702928,-0.39071417,-0.025897026,-0.5254836,0.035428524,9.495017
0.4857483,6.1567383,7.166504,0.33940256,-0.44472456,0.13272476,0.3271855,-0.43115425,9.612625
0.44625854,6.1124725,7.3052826,-0.116898656,-0.45599937,-0.0022587776,-0.14489198,-0.376359,9.563822
0.32302856,6.0586243,7.359131,-0.17177832,-0.38718224,-0.13134241,-0.2138797,-0.24720192,9.506958
0.32901,6.0969086,7.2933197,-0.0016738176,-0.29496336,-0.13668776,0.09764385,-0.09281802,9.510778
0.42591858,6.110077,7.228714,0.10896525,-0.27501726,-0.20771694,0.0,0.0,0.0
0.35055542,6.221344,7.081558,0.03709185,-0.16263294,-0.35597944,0.0,0.0,0.0
0.49291992,6.1004944,7.101898,0.17301327,-0.28406668,-0.33486414,0.0,0.0,0.0
0.5240326,6.1447754,7.2059784,0.18358281,-0.23547316,-0.233572,0.0,0.0,0.0
0.6137543,6.1292114,7.3411865,0.26497027,-0.24563122,-0.102611065,0.0,0.0,0.0
0.5001068,6.0263214,7.1533356,0.1513902,-0.35065126,-0.28864002,0.0,0.0,0.0
0.5240326,6.045471,7.10907,0.17033753,-0.33809996,-0.3270116,0.0,0.0,0.0
0.49650574,6.086151,7.0624084,0.14118281,-0.30175018,-0.3698759,0.0,0.0,0.0
0.40438843,6.1567383,6.9966125,0.047325075,-0.23773146,-0.42993736,0.0,0.0,0.0
0.36131287,6.1172485,6.9834595,0.008419037,-0.285851,-0.43585157,0.0,0.0,0.0
0.35653687,6.1902313,7.085144,0.0055458546,-0.21608973,-0.33147573,0.0,0.0,0.0
0.33499146,6.1914215,7.1066895,-0.013087481,-0.21762228,-0.30771494,0.0,0.0,0.0
0.36489868,6.1902313,7.133011,0.019500196,-0.2204423,-0.2801094,0.0,0.0,0.0
0.42114258,6.1794586,7.1449738,0.08210766,-0.23531485,-0.26489258,0.0,0.0,0.0
0.37088013,6.148361,7.0911255,0.03704545,-0.27212524,-0.3140273,0.0,0.0,0.0
0.35414124,6.1794586,7.1270294,0.025909066,-0.2453146,-0.27465582,0.0,0.0,0.0
0.3026886,6.2883453,6.989441,-0.017899692,-0.1475892,-0.40287685,0.0,0.0,0.0
0.324234,6.2033997,6.994217,0.007143557,-0.23813772,-0.39336967,0.0,0.0,0.0
0.26200867,6.271591,7.1282196,-0.053039223,-0.17322588,-0.2565937,0.0,0.0,0.0
0.32661438,6.3062897,7.137787,0.017947614,-0.14267969,-0.24366999,0.0,0.0,0.0
0.2979126,6.3146515,7.0372925,0.0020599067,-0.14176512,-0.33817673,0.0,0.0,0.0
0.24885559,6.2823486,6.9978027,-0.035843283,-0.19005871,-0.36407757,0.0,0.0,0.0
0.22013855,6.356537,7.0361023,-0.059295237,-0.12386179,-0.31894636,0.0,0.0,0.0
0.23568726,6.180664,6.9655,-0.03861755,-0.3049054,-0.38518286,0.0,0.0,0.0
0.18544006,6.242874,6.9583282,-0.08414969,-0.25030947,-0.3858037,0.0,0.0,0.0
0.24765015,6.233307,6.912857,-0.018591255,-0.26525497,-0.42663908,0.0,0.0,0.0
0.25125122,6.1543427,6.8566284,-0.011651218,-0.35164404,-0.47640657,0.0,0.0,0.0
0.24526978,6.2440643,6.9762726,-0.0147999525,-0.26214695,-0.35666418,0.0,0.0,0.0
0.2679901,6.222534,7.009781,0.016222626,-0.28001833,-0.32669067,0.0,0.0,0.0
0.23568726,6.22493,7.1078796,-0.012254223,-0.2717948,-0.2338829,0.0,0.0,0.0
0.1603241,6.2608185,7.216751,-0.08297719,-0.23053503,-0.12991667,0.0,0.0,0.0
0.17826843,6.2691956,7.1318054,-0.059566975,-0.21880674,-0.21800041,0.0,0.0,0.0
0.22732544,6.291931,7.0205383,-0.0095779,-0.1981039,-0.32750273,0.0,0.0,0.0
0.1483612,6.229721,6.9846497,-0.08381337,-0.26408052,-0.36021423,0.0,0.0,0.0
0.20219421,6.2488556,6.952347,-0.027334854,-0.24820232,-0.38971996,0.0,0.0,0.0
0.16870117,6.242874,6.847061,-0.059017986,-0.25901604,-0.4907832,0.0,0.0,0.0
0.2368927,6.251251,6.9140625,0.010521114,-0.25258303,-0.42210054,0.0,0.0,0.0
0.15553284,6.263214,6.9547424,-0.067700684,-0.24125671,-0.38095188,0.0,0.0,0.0
0.21057129,6.253647,7.002594,-0.009732574,-0.24866581,-0.33510208,0.0,0.0,0.0
0.21534729,6.2117615,7.060028,-0.005213231,-0.28778505,-0.28011084,0.0,0.0,0.0
0.20936584,6.2656097,7.130615,-0.010335386,-0.22903347,-0.21388769,0.0,0.0,0.0
0.27278137,6.160324,7.1210327,0.052548885,-0.3303771,-0.22693872,0.0,0.0,0.0
0.3481598,6.16391,7.093521,0.12129979,-0.32175875,-0.2586913,0.0,0.0,0.0
0.32183838,6.2165527,7.0660095,0.09030534,-0.26745653,-0.2875209,0.0,0.0,0.0
0.39601135,6.229721,6.9475555,0.16044733,-0.25548124,-0.40479374,0.0,0.0,0.0
0.23330688,6.24646,6.8853455,0.0014994293,-0.24170113,-0.46451283,0.0,0.0,0.0
0.3397827,6.2309113,6.9511566,0.106535256,-0.25683212,-0.39902496,0.0,0.0,0.0
0.324234,6.1950226,7.10907,0.08645341,-0.29154587,-0.24200344,0.0,0.0,0.0
0.2859497,6.2309113,7.227524,0.04637432,-0.24635601,-0.13168812,0.0,0.0,0.0
0.1375885,6.303894,7.2095795,-0.092651635,-0.16762447,-0.1549859,0.0,0.0,0.0
0.34217834,6.22612,7.112671,0.11234373,-0.24555874,-0.2517662,0.0,0.0,0.0
0.1758728,6.2069855,7.0420837,-0.053202957,-0.26683998,-0.32049036,0.0,0.0,0.0
0.22970581,6.1818542,7.009781,0.0021392852,-0.29308128,-0.35186386,0.0,0.0,0.0
0.26560974,6.3230286,6.921234,0.037507087,-0.15675068,-0.43613052,0.0,0.0,0.0
0.33380127,6.222534,6.9020996,0.10389833,-0.2664852,-0.44706059,0.0,0.0,0.0
0.31225586,6.258423,7.001404,0.08119777,-0.22998619,-0.34825945,0.0,0.0,0.0
0.28234863,6.1423798,7.195221,0.052891687,-0.34012413,-0.15970135,0.0,0.0,0.0
0.35533142,6.2680054,7.100708,0.12400024,-0.20863724,-0.25931692,0.0,0.0,0.0
0.3254242,6.1818542,7.0121613,0.09270926,-0.29597855,-0.34677267,0.0,0.0,0.0
0.26919556,6.2440643,7.0899353,0.034299195,-0.23536491,-0.26752424,0.0,0.0,0.0
0.20936584,6.250046,7.024124,-0.023988023,-0.23110151,-0.33187056,0.0,0.0,0.0
0.3014984,6.2404785,6.9678955,0.068795145,-0.24374437,-0.38540936,0.0,0.0,0.0
0.26081848,6.3182526,6.9954224,0.028563708,-0.16743135,-0.3566079,0.0,0.0,0.0
0.33259583,6.2285156,6.957138,0.10475132,-0.2614684,-0.39123487,0.0,0.0,0.0
0.3014984,6.2440643,6.9188538,0.07134952,-0.25128746,-0.42470312,0.0,0.0,0.0
0.20458984,6.22493,6.911667,-0.023156703,-0.27465534,-0.4282179,0.0,0.0,0.0
0.3014984,6.2931213,6.916458,0.07441056,-0.20794773,-0.42213297,0.0,0.0,0.0
0.32661438,6.2823486,7.001404,0.0994242,-0.21940565,-0.33657694,0.0,0.0,0.0
0.2524414,6.251251,7.081558,0.027094379,-0.24622297,-0.26026964,0.0,0.0,0.0
0.13160706,6.22493,7.235901,-0.089720055,-0.26472044,-0.112965584,0.0,0.0,0.0
0.14596558,6.3182526,7.2801666,-0.07309961,-0.16707373,-0.07258415,0.0,0.0,0.0
0.19621277,6.2596283,7.1808624,-0.019094586,-0.21821737,-0.17859077,0.0,0.0,0.0
0.20219421,6.2608185,7.1102753,-0.009951159,-0.21820068,-0.24823618,0.0,0.0,0.0
0.2368927,6.354141,7.0133667,0.027119935,-0.1286087,-0.34192657,0.0,0.0,0.0
0.32781982,6.336197,6.9678955,0.11563885,-0.15274239,-0.38186932,0.0,0.0,0.0
0.2033844,6.192627,7.0001984,-0.0055449307,-0.29921818,-0.34709215,0.0,0.0,0.0
0.21534729,6.2153625,6.994217,0.009134218,-0.273736,-0.355577,0.0,0.0,0.0
0.31225586,6.295517,7.0372925,0.10584101,-0.19277191,-0.31321,0.0,0.0,0.0
0.124420166,6.2476654,7.1521454,-0.07837525,-0.23957014,-0.19938707,0.0,0.0,0.0
0.1531372,6.3314056,7.081558,-0.045168653,-0.1522026,-0.27329636,0.0,0.0,0.0
0.102890015,6.34935,6.953537,-0.08695465,-0.14074183,-0.39582062,0.0,0.0,0.0
0.32901,6.1997986,6.777664,0.13767181,-0.29783583,-0.5649867,0.0,0.0,0.0
0.13519287,6.2703857,6.9846497,-0.05616866,-0.23079062,-0.35486555,0.0,0.0,0.0
0.20817566,6.212967,7.027725,0.018025145,-0.28629732,-0.31351423,0.0,0.0,0.0
0.20936584,6.2440643,6.949951,0.015749425,-0.25358963,-0.39262295,0.0,0.0,0.0
0.28355408,6.1986084,6.870987,0.08970468,-0.3006053,-0.47020006,0.0,0.0,0.0
0.28115845,6.197403,6.8901367,0.08361381,-0.3020115,-0.4507742,0.0,0.0,0.0
0.16630554,6.153137,6.9870453,-0.02884008,-0.34093714,-0.35865498,0.0,0.0,0.0
0.20578003,6.2165527,7.162918,0.012425408,-0.27329302,-0.1865654,0.0,0.0,0.0
0.15074158,6.229721,7.281357,-0.03874454,-0.24901009,-0.078026295,0.0,0.0,0.0
0.13877869,6.256027,7.3663025,-0.04762478,-0.20674706,-0.007176399,0.0,0.0,0.0
0.16989136,6.2285156,7.2143555,-0.011769578,-0.22684097,-0.1657362,0.0,0.0,0.0
0.14356995,6.3098755,7.0121613,-0.03303702,-0.1523571,-0.36203337,0.0,0.0,0.0
0.3062744,6.2404785,6.8482513,0.1271424,-0.22954607,-0.5190468,0.0,0.0,0.0
0.1758728,6.2775726,6.866211,-0.004788086,-0.2007699,-0.49373674,0.0,0.0,0.0
0.22372437,6.1986084,6.830307,0.042695716,-0.2814474,-0.5281229,0.0,0.0,0.0
0.20458984,6.320648,6.9954224,0.024750799,-0.15749454,-0.3647213,0.0,0.0,0.0
0.22132874,6.0957184,7.093521,0.0440367,-0.37593412,-0.27239132,0.0,0.0,0.0
0.20219421,6.2368927,7.2466583,0.026436284,-0.2232728,-0.12936735,0.0,0.0,0.0
0.2141571,6.1830597,7.2514496,0.039671853,-0.27010012,-0.13073635,0.0,0.0,0.0
0.28234863,6.2392883,7.245468,0.107356325,-0.21022034,-0.13989544,0.0,0.0,0.0
0.24406433,6.20578,6.9966125,0.07174565,-0.2435131,-0.38900232,0.0,0.0,0.0
0.2644043,6.299103,6.9511566,0.09167068,-0.15322447,-0.43179798,0.0,0.0,0.0
0.30029297,6.1017,6.8075867,0.12730168,-0.35761023,-0.5692544,0.0,0.0,0.0
0.3134613,6.2285156,6.941574,0.13213052,-0.23624039,-0.43029356,0.0,0.0,0.0
0.23091125,6.262024,6.9068756,0.048774242,-0.20067883,-0.46677256,0.0,0.0,0.0
0.29312134,6.189041,6.744171,0.11099078,-0.27293348,-0.63011503,0.0,0.0,0.0
0.124420166,6.2309113,6.981064,-0.060159728,-0.22862291,-0.39529943,0.0,0.0,0.0
0.1651001,6.1878357,7.204788,-0.015651703,-0.25262547,-0.18832922,0.0,0.0,0.0
0.11366272,6.139984,7.277771,-0.059921578,-0.27960777,-0.13364553,0.0,0.0,0.0
0.112457275,6.212967,7.356735,-0.05510539,-0.19422865,-0.06553936,0.0,0.0,0.0
0.15074158,6.08255,7.4081726,-0.01383011,-0.31816387,-0.019759178,0.0,0.0,0.0
0.13040161,6.18425,7.356735,-0.030972362,-0.20103979,-0.0845294,0.0,0.0,0.0
0.08015442,6.1674957,7.195221,-0.0755761,-0.21412182,-0.24931383,0.0,0.0,0.0
0.12083435,6.214157,7.113861,-0.026256308,-0.17461252,-0.32471228,0.0,0.0,0.0
0.0993042,6.10289,6.9379883,-0.04515265,-0.2916336,-0.4956913,0.0,0.0,0.0
0.19262695,6.2656097,6.8614197,0.047568083,-0.13567209,-0.56642914,0.0,0.0,0.0
0.18902588,6.153137,6.837494,0.04124759,-0.25707674,-0.5825944,0.0,0.0,0.0
0.35414124,6.2392883,6.9595184,0.19468646,-0.1753354,-0.4565153,0.0,0.0,0.0
0.33738708,6.1088715,6.867401,0.17214023,-0.30860615,-0.5460367,0.0,0.0,0.0
0.5120697,6.22493,6.911667,0.33607703,-0.19456339,-0.49977827,0.0,0.0,0.0
0.41874695,6.212967,6.8530426,0.23775858,-0.20772743,-0.5572419,0.0,0.0,0.0
0.55633545,6.077774,6.972687,0.3688917,-0.34609652,-0.4346838,0.0,0.0,0.0
0.34934998,6.1746826,7.195221,0.14853288,-0.24413538,-0.21617794,0.0,0.0,0.0
0.3254242,6.251251,7.270584,0.12645839,-0.15342188,-0.15309238,0.0,0.0,0.0
0.30747986,6.2189484,7.2969055,0.1084999,-0.17990589,-0.13178587,0.0,0.0,0.0
0.33021545,6.22612,7.3830566,0.13218074,-0.17141438,-0.0467968,0.0,0.0,0.0
0.26919556,6.18425,7.269394,0.08199118,-0.20628834,-0.16675806,0.0,0.0,0.0
0.35891724,6.283554,7.075577,0.1795587,-0.11310387,-0.35550547,0.0,0.0,0.0
0.23091125,6.3026886,6.9655,0.05649285,-0.10617733,-0.45517445,0.0,0.0,0.0
0.21655273,6.3014984,6.9224396,0.047054365,-0.118270874,-0.4889183,0.0,0.0,0.0
0.051452637,6.440277,7.0133667,-0.08611253,-0.030172825,-0.35445118,0.0,0.0,0.0
-0.023925781,6.3960114,7.0504456,-0.15141791,-0.08327341,-0.30978537,0.0,0.0,0.0
-0.17347717,6.5611267,6.9272156,-0.27527392,0.06587601,-0.4193306,0.0,0.0,0.0
-0.24287415,6.628113,6.775284,-0.32192063,0.116333485,-0.5568967,0.0,0.0,0.0
-0.39959717,6.746567,6.7489624,-0.44341668,0.21068048,-0.5620327,0.0,0.0,0.0
-0.36849976,6.5647125,7.0289154,-0.38452217,0.021455288,-0.27559757,0.0,0.0,0.0
-0.32302856,6.3684998,7.0671997,-0.30368906,-0.15704823,-0.2531309,0.0,0.0,0.0
-0.28234863,5.9928284,7.2323,-0.24879074,-0.5043988,-0.11312723,0.0,0.0,0.0
-0.039474487,6.106476,6.757324,0.0022428967,-0.36893034,-0.60730505,0.0,0.0,0.0
0.0657959,6.1208344,6.398407,0.10929264,-0.36566925,-0.9564395,0.0,0.0,0.0
0.38165283,6.2201385,5.782257,0.41361436,-0.3113413,-1.5327373,0.0,0.0,0.0
0.44984436,6.28714,6.20578,0.4729416,-0.25857878,-1.096509,0.0,0.0,0.0
0.29670715,6.385254,6.7250214,0.3111967,-0.15530062,-0.5819149,0.0,0.0,0.0
-0.12322998,6.3924255,6.7405853,-0.10640592,-0.13273382,-0.58009815,0.0,0.0,0.0
-0.8063812,6.468994,6.768097,-0.7821189,-0.050438404,-0.55766535,0.0,0.0,0.0
-0.9786682,6.417557,6.9595184,-0.90301573,-0.09332085,-0.37349892,0.0,0.0,0.0
-1.0085754,6.4163513,7.311264,-0.86717707,-0.07539749,-0.037721634,0.0,0.0,0.0
-0.8279114,6.229721,7.505081,-0.6058173,-0.22528076,0.12578487,0.0,0.0,0.0
-0.7680969,6.2153625,7.4763794,-0.51563436,-0.2315278,0.09097099,0.0,0.0,0.0
-0.5635071,6.139984,7.0827484,-0.28487054,-0.30769205,-0.30103207,0.0,0.0,0.0
-0.6017914,6.1830597,6.9068756,-0.2979562,-0.28146982,-0.46115828,0.0,0.0,0.0
-0.5204315,6.1651,6.854233,-0.20321709,-0.31063747,-0.5033879,0.0,0.0,0.0
-0.39242554,6.2596283,6.948761,-0.062684745,-0.21947575,-0.4053445,0.0,0.0,0.0
-0.40318298,6.1591187,6.920044,-0.06535551,-0.31698942,-0.43633318,0.0,0.0,0.0
-0.33021545,6.18544,7.155731,0.011366695,-0.2820835,-0.20802069,0.0,0.0,0.0
-0.26081848,6.1375885,7.3040924,0.08033845,-0.31769323,-0.07041359,0.0,0.0,0.0
-0.122039795,6.18425,7.3363953,0.20592055,-0.24959612,-0.05741644,0.0,0.0,0.0
-0.117248535,6.029907,7.162918,0.19098571,-0.3889575,-0.2447505,0.0,0.0,0.0
-0.025131226,6.1280212,6.961914,0.26562208,-0.28430414,-0.45212173,0.0,0.0,0.0
0.12322998,6.180664,6.674774,0.3984256,-0.22768164,-0.74329567,0.0,0.0,0.0
0.16989136,6.3194427,6.6795654,0.42005944,-0.094065666,-0.73492813,0.0,0.0,0.0
0.14955139,6.2847443,6.847061,0.3538123,-0.12144232,-0.5751648,0.0,0.0,0.0
0.095718384,6.2392883,7.429718,0.27230564,-0.12752151,-0.0270195,0.0,0.0,0.0
-0.015548706,6.175873,7.389038,0.15561612,-0.16270876,-0.0918355,0.0,0.0,0.0
0.057434082,6.1543427,7.397415,0.22110498,-0.16147947,-0.102850914,0.0,0.0,0.0
0.044265747,6.0634155,7.7108765,0.18366852,-0.2149458,0.17873621,0.0,0.0,0.0
0.049057007,5.9724884,7.8269196,0.16881394,-0.27779245,0.27112484,0.0,0.0,0.0
0.2033844,5.824127,7.603195,0.30424803,-0.40603065,0.030524254,0.0,0.0,0.0
-0.022735596,5.929413,7.0947266,0.06778844,-0.29605246,-0.4819336,0.0,0.0,0.0
0.025131226,5.9365997,6.7130585,0.10044654,-0.30128288,-0.85354805,0.0,0.0,0.0
0.105285645,5.9605255,6.726227,0.16426808,-0.2989788,-0.8226485,0.0,0.0,0.0
0.11605835,5.91745,6.8973083,0.15362608,-0.34673738,-0.64781857,0.0,0.0,0.0
0.088531494,5.95932,7.0157623,0.1260252,-0.29856157,-0.534595,0.0,0.0,0.0
0.06341553,5.913864,7.080368,0.10168684,-0.3358612,-0.47673798,0.0,0.0,0.0
0.19142151,6.0179443,7.414154,0.22693309,-0.20937681,-0.16143799,0.0,0.0,0.0
0.095718384,5.9066772,7.5110626,0.13010381,-0.31256866,-0.07116556,0.0,0.0,0.0
0.09211731,5.8540344,7.5996094,0.12704185,-0.3353157,-0.007040024,0.0,0.0,0.0
-0.2368927,5.8121643,7.615158,-0.19559556,-0.34625053,-0.016526699,0.0,0.0,0.0
-0.18304443,5.85643,7.4656067,-0.13831747,-0.29006147,-0.17566442,0.0,0.0,0.0
-0.35772705,5.971283,7.225128,-0.30376658,-0.17619419,-0.41529036,0.0,0.0,0.0
-0.18664551,5.9533386,7.0612183,-0.12931909,-0.19819689,-0.57590914,0.0,0.0,0.0
-0.3062744,6.0765686,7.1437683,-0.24320084,-0.08733654,-0.48333406,0.0,0.0,0.0
-0.2763672,6.0837555,7.1976166,-0.2060975,-0.08512783,-0.42539644,0.0,0.0,0.0
-0.35414124,6.089737,7.2598267,-0.27213916,-0.08524513,-0.35812902,0.0,0.0,0.0
-0.098098755,5.966507,7.2418823,-0.009729013,-0.2115345,-0.3735218,0.0,0.0,0.0
-0.102890015,5.95813,7.257431,-0.016132548,-0.22347212,-0.3551016,0.0,0.0,0.0
0.1531372,5.8301086,7.247864,0.23712033,-0.35410833,-0.36257648,0.0,0.0,0.0
0.25723267,5.8121643,7.1808624,0.32864636,-0.37528086,-0.4270811,0.0,0.0,0.0
0.3062744,5.85643,6.9966125,0.36748075,-0.3332157,-0.6096301,0.0,0.0,0.0
0.22253418,5.89711,6.9978027,0.27144596,-0.29332352,-0.60788774,0.0,0.0,0.0
0.08973694,5.9019012,7.031311,0.13661702,-0.28681707,-0.575788,0.0,0.0,0.0
-0.07058716,5.9653015,7.21196,-0.020284131,-0.21138191,-0.40489244,0.0,0.0,0.0
-0.071777344,6.0263214,7.381851,-0.01036505,-0.12714624,-0.25368738,0.0,0.0,0.0
-0.08734131,5.9030914,7.610367,-0.018948115,-0.22157669,-0.048233032,0.0,0.0,0.0
-0.08375549,5.860016,7.615158,-0.010698095,-0.24743223,-0.05713749,0.0,0.0,0.0
-0.071777344,5.9653015,7.6618195,0.0067783,-0.12866306,-0.021136284,0.0,0.0,0.0
0.057434082,5.9234314,7.434494,0.13879913,-0.1626873,-0.25464916,0.0,0.0,0.0
-0.011962891,5.8504486,7.289734,0.06595213,-0.23610973,-0.39909744,0.0,0.0,0.0
-0.032302856,5.863617,7.158127,0.042995684,-0.23162746,-0.5238457,0.0,0.0,0.0
-0.093322754,6.011963,7.0001984,-0.016001865,-0.09501505,-0.6724305,0.0,0.0,0.0
0.009567261,5.9437714,7.024124,0.08708572,-0.1733985,-0.6403794,0.0,0.0,0.0
-0.029907227,5.9485626,7.1641083,0.042828985,-0.17696095,-0.49376726,0.0,0.0,0.0
-0.011962891,5.7870483,7.237091,0.06402441,-0.3384056,-0.42080832,0.0,0.0,0.0
0.037094116,5.904297,7.274185,0.11687566,-0.22118855,-0.38365126,0.0,0.0,0.0
0.19502258,5.864807,7.4285126,0.27799255,-0.25959396,-0.2301569,0.0,0.0,0.0
-0.056228638,5.8624115,7.4691925,0.023289338,-0.25889444,-0.19198704,0.0,0.0,0.0
-0.12562561,5.9102783,7.487137,-0.03556905,-0.20695066,-0.1771822,0.0,0.0,0.0
-0.19142151,5.9808655,7.318451,-0.0940559,-0.13841057,-0.34414482,0.0,0.0,0.0
-0.23330688,5.871994,7.1234283,-0.12174379,-0.26596355,-0.52401686,0.0,0.0,0.0
-0.30747986,5.9820557,7.009781,-0.18560372,-0.17443228,-0.6225972,0.0,0.0,0.0
-0.38285828,5.971283,7.0253296,-0.24069318,-0.21052456,-0.5862036,0.0,0.0,0.0
-0.32183838,6.098114,7.0372925,-0.17439158,-0.09045267,-0.5686455,0.0,0.0,0.0
-0.2644043,5.9976044,7.1844482,-0.10400474,-0.20316935,-0.41127825,0.0,0.0,0.0
-0.29312134,5.9772644,7.2957153,-0.11967851,-0.23292255,-0.29202986,0.0,0.0,0.0
-0.32661438,5.925827,7.450058,-0.14490493,-0.2810378,-0.14021206,0.0,0.0,0.0
-0.3409729,5.9306183,7.258621,-0.15352002,-0.27620173,-0.33154583,0.0,0.0,0.0
-0.3409729,5.9306183,7.258621,-0.15014045,-0.2783537,-0.32970095,0.0,0.0,0.0
-0.38523865,6.027527,7.08873,-0.18446338,-0.19320726,-0.4896965,0.0,0.0,0.0
-0.3397827,5.87677,7.085144,-0.12909171,-0.35918522,-0.48049307,0.0,0.0,0.0
-0.27757263,5.9928284,7.1593323,-0.062912256,-0.24937296,-0.40104008,0.0,0.0,0.0
-0.2416687,5.9030914,7.1688995,-0.027543902,-0.3391924,-0.3914199,0.0,0.0,0.0
-0.36012268,6.114853,7.326828,-0.14049216,-0.1256237,-0.23482513,0.0,0.0,0.0
-0.53240967,6.016754,7.2430725,-0.30346775,-0.22176456,-0.31992006,0.0,0.0,0.0
-0.24526978,6.0059814,7.21196,-0.017100245,-0.23184252,-0.35162926,0.0,0.0,0.0
-0.25602722,5.934204,7.179657,-0.029167384,-0.30416965,-0.38351774,0.0,0.0,0.0
-0.1375885,5.9904327,7.191635,0.08410476,-0.24764442,-0.37193727,0.0,0.0,0.0
0.020339966,5.8456726,7.113861,0.22655728,-0.3866825,-0.4548645,0.0,0.0,0.0
0.0657959,5.87558,7.1437683,0.25851917,-0.34884596,-0.43183517,0.0,0.0,0.0
-0.1986084,5.9078827,7.257431,-0.010396451,-0.3043208,-0.32831192,0.0,0.0,0.0
-0.16270447,5.942581,7.2801666,0.023346499,-0.2534294,-0.318861,0.0,0.0,0.0
-0.20578003,5.826523,7.3375854,-0.02111274,-0.35557318,-0.27280045,0.0,0.0,0.0
-0.09211731,5.8875427,7.462021,0.087143466,-0.2797265,-0.16051435,0.0,0.0,0.0
-0.18304443,5.7882385,7.475174,-0.009186566,-0.35652924,-0.16563702,0.0,0.0,0.0
-0.28115845,5.75235,7.5481567,-0.11141899,-0.37400818,-0.107515335,0.0,0.0,0.0
-0.29670715,5.723633,7.536194,-0.12933701,-0.37608337,-0.14077425,0.0,0.0,0.0
-0.24765015,5.7260284,7.356735,-0.08334379,-0.36116552,-0.33023214,0.0,0.0,0.0
-0.3625183,5.6231384,7.2107697,-0.19341415,-0.45384598,-0.48416758,0.0,0.0,0.0
-0.324234,5.62912,7.2179565,-0.15327646,-0.4377327,-0.48493004,0.0,0.0,0.0
-0.16390991,5.5322113,7.422531,0.0064321607,-0.527472,-0.28601027,0.0,0.0,0.0
-0.09690857,5.515457,7.5589294,0.059965223,-0.511848,-0.17524004,0.0,0.0,0.0
0.039474487,5.395813,7.537384,0.18036747,-0.59723616,-0.22366571,0.0,0.0,0.0
0.29670715,5.515457,7.532608,0.4105486,-0.44998932,-0.25012207,0.0,0.0,0.0
0.29193115,5.3324127,7.684555,0.38372374,-0.6086745,-0.11707592,0.0,0.0,0.0
0.28833008,5.387436,7.6713867,0.37082714,-0.5333762,-0.14574623,0.0,0.0,0.0
-0.04307556,5.3898315,7.0899353,0.029288612,-0.5202756,-0.7353945,0.0,0.0,0.0
0.3900299,5.276169,7.351944,0.43217978,-0.6154437,-0.48753977,0.0,0.0,0.0
0.32901,5.2821503,7.6941223,0.35341194,-0.59481096,-0.15642643,0.0,0.0,0.0
0.28474426,5.407776,8.007584,0.2761017,-0.42797184,0.1263175,0.0,0.0,0.0
0.1986084,5.414963,7.811371,0.15229994,-0.3470416,-0.123838425,0.0,0.0,0.0
0.2632141,5.4915314,7.6989136,0.20925048,-0.2524948,-0.24927092,0.0,0.0,0.0
0.22612,5.52861,7.634308,0.1585852,-0.20212889,-0.32335854,0.0,0.0,0.0
0.17108154,5.478363,7.726425,0.09599441,-0.24254513,-0.23824406,0.0,0.0,0.0
0.08135986,5.4927216,7.775482,0.0047813132,-0.22191,-0.1936779,0.0,0.0,0.0
0.0023956299,5.502289,7.7611237,-0.07171531,-0.20815039,-0.21106386,0.0,0.0,0.0
