-0.6771698,1.6019897,9.286545,0.50513893,-0.45461082,0.010566711,0.4914051,-0.35977745,9.50494
1.1665039,1.3878326,7.380661,0.4313513,-0.38847065,-0.09814596,0.4136265,-0.24338341,9.465647
1.7156525,1.8185425,7.1030884,0.3162378,-0.32379103,-0.20529842,0.29268962,-0.13098907,9.426952
2.3449707,2.2049866,6.386444,-0.029644012,-0.20273638,-0.2737589,-0.054001987,-0.0027079582,9.46901
2.9934235,2.9036865,4.3992004,-0.17365575,-0.13556957,-0.41758394,-0.20670754,0.1334877,9.403706
3.2530365,3.0592194,3.4863434,-0.19662601,-0.13984346,-0.49706936,-0.23576874,0.17793322,9.339693
3.596405,3.4947205,0.9990082,-0.21883005,-0.18686056,-0.6406212,-0.26993835,0.22825336,9.199828
3.419342,2.5423737,0.501297,-0.1624251,-0.18697262,-0.6501093,-0.2150675,0.23644781,9.188734
3.7328033,1.0348969,0.110076904,-0.07418066,-0.20304346,-0.6771035,-0.12983316,0.24322176,9.151528
4.0773773,-0.52163696,0.26560974,-0.020006537,-0.28402805,-0.5863428,-0.07181722,0.12652636,9.171272
3.9553375,-2.609375,1.8496552,-0.05829972,-0.32587624,-0.40998268,-0.09859431,-0.013501167,9.289179
3.5354004,-4.167099,2.7840424,-0.038213074,-0.30103397,-0.36214685,-0.074644804,-0.022072792,9.3406315
4.9663086,-5.925827,7.947754,-1.02341175E-4,-0.26796007,-0.31211329,0.025995612,0.031770706,9.397345
4.626526,-5.9353943,11.578873,0.057076156,-0.37012815,-0.2837739,0.023078918,-0.12344551,9.353871
3.9086761,-6.2440643,12.853043,0.057076156,-0.37012815,-0.2837739,0.023078918,-0.12344551,9.353871
1.3232269,-7.009781,14.829514,-0.075137496,-0.29262877,-0.27664042,-0.106081724,-0.067788124,9.416831
-0.034698486,-6.8315125,15.461227,-0.075137496,-0.29262877,-0.27664042,-0.106081724,-0.067788124,9.416831
-1.5852509,-6.6400757,15.433701,-0.075137496,-0.29262877,-0.27664042,-0.106081724,-0.067788124,9.416831
-2.6309052,-6.4665985,14.695526,-0.0952453,-0.20503998,-0.35340548,-0.13062507,0.05003643,9.411123
-2.950348,-5.9892426,13.155731,-0.13446712,-0.19389343,-0.48702526,-0.17906815,0.14107895,9.315834
-2.551941,-5.059616,11.470001,-0.05461842,-0.22884655,-0.44671345,-0.098762274,0.08953476,9.319684
-2.4562378,-4.4937134,10.510468,0.0029491782,-0.25481367,-0.5204997,0.07705414,-0.097976685,9.240681
-2.4969177,-4.2137604,9.363113,0.014829814,-0.2562251,-0.564569,-0.039905906,0.14147568,9.204155
-2.6871338,-3.981659,8.435898,-0.028422236,-0.28649187,-0.55399275,-0.08395147,0.11162186,9.198139
-2.703888,-3.903885,7.556534,0.07519531,-0.38440323,-0.49070263,0.01879239,-0.0035061836,9.179081
-2.3330078,-3.7985992,6.541977,0.076560736,-0.29815435,-0.3921423,-0.029597163,-0.012847424,9.309165
-2.2265167,-3.9254303,6.2823486,0.14535362,-0.3549285,-0.4167943,-0.098989725,-8.5258484E-4,9.248958
-1.8927155,-4.097702,6.24527,0.16847485,-0.34657383,-0.46977806,0.11547968,0.014649391,9.210297
-1.6689911,-4.146759,6.5898285,0.10691249,-0.38531113,-0.35818863,0.059655547,-0.08424759,9.279831
-1.4871368,-4.158722,6.9798584,0.10582286,-0.34538603,-0.28855228,0.06544036,-0.095632076,9.359074
-1.2933197,-4.0690002,7.5481567,-0.016798854,-0.19969273,-0.24980116,-0.04632306,-0.004676342,9.489803
-0.97029114,-3.8452606,8.120041,-0.021344721,-0.23761559,-0.27740145,-0.055808067,-0.017279148,9.445464
-0.6663971,-3.596405,8.426331,0.019117832,-0.2496872,-0.3068447,0.015963078,0.0132956505,9.411136
-0.49650574,-3.225525,8.748154,0.17656946,-0.35938025,-0.4049716,0.122969985,-0.033940315,9.25162
-1.0492554,-3.1585236,8.611771,0.1806199,-0.3487482,-0.4737773,0.12238881,0.017095566,9.203789
-1.3411713,-3.1501465,8.4717865,0.1525678,-0.32346344,-0.46592712,0.096514285,0.032802105,9.228203
-1.8556366,-3.0628204,8.266006,0.09230596,-0.32124758,-0.3917384,0.041828215,-0.010750294,9.293509
-3.448059,-2.8390808,7.6247253,-0.03260106,-0.26942062,-0.36643267,-0.07787919,0.015252113,9.357624
-4.700699,-2.7218323,6.5934296,-0.08456844,-0.2631235,-0.47910166,0.15736842,-0.049158573,9.278689
-5.6159515,-2.638092,5.3204346,-0.07946414,-0.2770877,-0.44874763,-0.13195944,0.061522007,9.293552
-5.099106,-2.6847534,4.8311157,-0.08858788,-0.25052738,-0.40069628,-0.13610375,0.053166866,9.348593
-4.4075775,-2.465805,5.4723816,-0.05564201,-0.22703075,-0.36991262,-0.09966749,0.052421093,9.383811
-3.8105774,-1.9477539,6.276367,0.040436268,-0.29343987,-0.42766142,-0.013486981,0.036015034,9.287848
-4.0175476,-2.087738,6.455841,0.0057532787,-0.25862217,-0.4159069,-0.044472337,0.05653715,9.322168
-3.7710876,-2.5591278,7.0121613,0.05739081,-0.2610278,-0.2839465,0.01696217,-0.02789545,9.4180765
-3.7579346,-2.6871338,7.2012024,0.13744318,-0.30093575,-0.35245943,-0.09004688,-0.008077145,9.331775
-4.1491547,-3.6789703,7.6941223,-0.020424247,-0.25939178,-0.5063286,-0.0772357,0.11333418,9.254147
-4.1395874,-4.2711945,8.292328,0.01644361,-0.23641539,-0.5952678,-0.046028197,0.18729973,9.195662
-4.2006073,-4.4602203,8.654846,0.050287127,-0.2951727,-0.57125807,-0.014845014,0.12674713,9.174427
-4.0785675,-4.6528473,10.382462,0.047135115,-0.272254,-0.44843054,-0.0069928765,0.06796503,9.28438
-3.5162506,-4.80838,11.282166,0.028746724,-0.2282052,-0.5129633,-0.027400553,0.14316988,9.263708
-3.632309,-4.795212,11.504684,0.10904741,-0.26511526,-0.5600791,0.04564631,0.14336777,9.195726
-4.0378876,-4.7892303,10.4566345,0.08040857,-0.2928834,-0.46842146,-0.0033849478,-0.06826019,9.252581
-4.467407,-4.8969116,8.732605,0.10956991,-0.30670452,-0.21217251,0.0688723,-0.10765219,9.439557
-4.813156,-4.87059,8.126022,0.12798107,-0.32954073,-0.10788536,0.09379825,-0.19160986,9.504818
-4.874176,-4.4602203,7.215561,0.11187923,-0.32457352,-0.1191411,0.07699904,-0.18101215,9.501093
-4.5009003,-3.674179,6.271591,0.01790464,-0.29721403,-0.21028042,-0.021567047,-0.10160446,9.457242
-4.3752747,-3.4827576,6.0921326,0.037959695,-0.32553768,-0.32021093,-0.0122567415,-0.055556774,9.351992
-4.1108704,-3.2996979,5.852844,0.03372693,-0.2936244,-0.29255676,-0.011876762,-0.047682762,9.393702
-4.3358,-3.2733765,5.152939,0.036929727,-0.27197695,-0.40820646,-0.015651345,0.041601658,9.31676
-4.3956146,-3.2147522,4.960327,0.041957498,-0.2713008,-0.5317707,-0.019949973,0.11978912,9.220649
-4.363312,-2.889328,5.2295074,0.055945158,-0.27497482,-0.61708593,0.058921933,-0.16030836,9.150628
-4.278366,-2.7840424,5.7798615,0.06095636,-0.3050065,-0.5205097,0.027544737,-0.08289242,9.206613
-4.516449,-2.8127594,6.374481,0.02464211,-0.31455994,-0.43339014,-0.033809125,0.026102543,9.272274
-5.161316,-3.048462,6.5348053,0.022976518,-0.3039465,-0.34270763,-0.027887583,-0.022621632,9.349408
-5.659027,-3.3332062,7.4883423,0.06424129,-0.32513046,-0.41157818,0.006210506,0.0029764175,9.27827
-5.824127,-3.5210419,8.610565,0.038324475,-0.32359743,-0.4101119,-0.01933235,0.0035600662,9.283211
-5.6638184,-3.829712,10.834702,0.022783637,-0.35804272,-0.31762695,-0.030768454,-0.08111572,9.3354025
-3.8763733,-4.4482574,11.647064,-0.011727095,-0.30601406,-0.25474644,-0.055981755,-0.079592705,9.420375
-2.769699,-4.384842,11.654236,0.033983707,-0.3369112,-0.2986617,-0.0164209,-0.077310085,9.36211
-0.9918213,-4.2711945,10.78923,0.034633875,-0.30216646,-0.42909622,-0.02253449,0.03133869,9.282114
-0.3529358,-3.8033905,8.097305,-1.1956692E-4,-0.3235798,-0.47358894,-0.062427938,0.043555737,9.238147
-0.105285645,-3.9338074,6.2883453,-0.0066592693,-0.32232666,-0.4699216,-0.068778336,0.0425992,9.242541
0.76330566,-3.7926178,5.52861,0.03170097,-0.32891607,-0.39508057,0.022106528,0.016727924,9.292344
1.5194397,-3.4815521,5.4006042,0.12942386,-0.3182454,-0.32689095,0.07738966,-0.0467,9.341122
1.9393768,-3.2781677,5.2331085,0.11682093,-0.32566452,-0.33691406,0.063446015,-0.046112537,9.330137
2.3162537,-3.1046906,5.201996,0.0071561337,-0.28304625,-0.44611216,-0.05004126,0.057969093,9.283852
2.285141,-2.999405,5.211563,0.026765227,-0.31662846,-0.4530244,-0.034309566,0.035987377,9.255535
1.7443695,-3.1657104,5.2462616,0.0966202,-0.28713894,-0.39381504,-0.034707785,-0.031093597,9.3119755
1.1174469,-3.259018,5.333603,0.10910225,-0.32196474,-0.36145306,0.0537014,-0.027431011,9.31413
0.20698547,-3.7375946,5.9449615,-0.005184889,-0.26354933,-0.413383,-0.05866164,0.05347252,9.322844
-0.94755554,-3.9517517,6.4295197,-0.01937139,-0.2673025,-0.44532776,-0.07563579,0.07111263,9.297371
-1.902298,-3.9050903,7.1688995,0.07043624,-0.29977083,-0.41778755,0.012527823,0.026520729,9.288471
-3.8955078,-4.778473,8.933609,0.09793103,-0.319901,-0.3364029,-0.05386448,0.02705574,9.336053
-4.66481,-4.688736,10.278366,0.03288734,-0.33793926,-0.33722162,-0.0220474,-0.053246498,9.331591
-4.901703,-4.687546,10.901703,0.019488335,-0.30770302,-0.3681302,-0.034875393,-0.010163307,9.327839
-5.593216,-4.578659,11.442474,0.16725838,-0.3441391,-0.39770222,0.10653305,-0.023754597,9.265669
-5.9856415,-4.393219,10.510468,0.20097518,-0.40885115,-0.4633808,-0.13378513,-0.003821373,9.170758
-5.949753,-3.9397888,9.655045,0.10511267,-0.25939465,-0.48718596,0.04549557,0.100036144,9.255645
-4.8717804,-3.247055,7.6295166,-0.006226301,-0.21958542,-0.40526915,-0.05601394,0.08307791,9.356695
-4.158722,-2.926422,6.1459656,-0.057808995,-0.21277714,-0.36394644,-0.10391319,0.063985825,9.398998
-3.406189,-2.6368866,4.852646,-0.0038040876,-0.33035183,-0.26627398,-0.054861724,-0.09057903,9.395756
-3.2015991,-2.651245,4.6791687,-0.023070335,-0.3411684,-0.21375561,0.030306578,0.14670372,9.432245
-3.1178436,-2.8043823,4.5930176,-0.01020968,-0.32902098,-0.25789976,-0.06091255,-0.09517288,9.40403
-3.0795593,-3.3260193,5.4628143,-0.050586462,-0.28095865,-0.32883072,-0.10156423,-0.012026787,9.383369
-2.9647064,-3.4923248,5.991623,0.038469434,-0.2827506,-0.44415712,-0.02186793,0.05604458,9.282166
-2.7589264,-3.9385834,7.3663025,0.075270295,-0.30567646,-0.487298,0.009091556,0.064210415,9.230145
-2.535202,-4.101303,7.9896393,0.09417963,-0.3103447,-0.49465847,0.026574075,0.064918995,9.219326
-2.2947235,-4.197006,8.833099,0.014937162,-0.28975153,-0.4490633,-0.046809852,0.05514288,9.276928
-2.079361,-4.5918274,9.875183,0.021762013,-0.2788639,-0.36563492,-0.033111632,0.011013031,9.34762
-1.9573364,-5.0811615,10.37886,0.06352055,-0.31671953,-0.36280155,0.0044531226,-0.021805763,9.321392
-2.6799622,-4.8023987,9.242279,0.09653783,-0.30950832,-0.34052038,0.038896322,-0.031300068,9.3391285
-3.0185394,-4.6791687,8.397614,0.015802622,-0.2626052,-0.6661029,-0.060600728,0.2143135,9.125988
-3.5102692,-4.3836517,7.2430725,0.041221738,-0.26898193,-0.67336655,-0.037702233,0.2142334,9.113718
-3.596405,-4.2544403,6.945175,0.15455925,-0.3380437,-0.36258173,-0.0965029,0.009029388,9.29652
-3.7459564,-3.8727875,6.4701996,0.2103101,-0.3705964,-0.1836195,0.15301949,-0.18028784,9.40744
-3.7316132,-3.6502533,6.5156555,0.20188165,-0.37470388,-0.11254215,0.14965624,-0.22853804,9.4614
-3.763916,-3.497116,6.5982056,0.093609214,-0.33316135,-0.15069962,0.044177294,-0.1680088,9.471552
-3.8356934,-3.4169464,6.6687927,0.026491046,-0.33652735,-0.42508173,-0.044019103,0.0047926903,9.265644
-4.0007935,-3.505478,6.9882355,0.0031210184,-0.28084326,-0.41927004,-0.060610652,0.0458436,9.307758
-4.167099,-3.6311035,7.4201355,0.007928848,-0.29335928,-0.39970493,-0.057162642,0.024559498,9.3147
-4.045059,-3.6933289,7.9692993,0.052291512,-0.2984047,-0.39652252,-0.013899922,0.016852856,9.308119
-3.677765,-3.6873322,8.502899,0.04968655,-0.2796197,-0.40961552,0.028873682,-0.0318141,9.310066
-3.4157562,-3.7375946,8.201401,0.084825635,-0.31245518,-0.51066446,0.0072855353,0.07719278,9.206993
-3.370285,-3.7531433,7.828125,0.0974555,-0.3153739,-0.43796825,0.024657488,0.028645992,9.259525
-3.604782,-3.8189392,6.8745728,0.08955288,-0.2819395,-0.38455868,0.024785817,0.021107674,9.322568
-3.706482,-3.817749,6.751343,0.02614355,-0.28620577,-0.29434967,-0.031704903,-0.036427975,9.3981085
-3.7160492,-3.8596191,6.8075867,0.05051589,-0.28011703,-0.31578112,-0.0087323785,-0.019402027,9.382053
-3.5066833,-3.912262,7.35553,0.044067144,-0.2968607,-0.32579136,0.007178545,0.03061533,9.364815
-3.5270233,-3.8560333,7.450058,0.03484249,-0.2994151,-0.34910154,-0.02955556,-0.012374401,9.346533
-3.5162506,-3.7818604,7.3375854,-0.03318703,-0.27760124,-0.36129713,-0.0952099,0.0155649185,9.360116
-3.493515,-3.657425,7.0959167,0.079977274,-0.29833603,-0.40492153,0.010648608,0.021909714,9.297956
-3.4085693,-3.5653076,6.990631,0.04859793,-0.30248356,-0.47701836,-0.026626408,0.06631899,9.244247
-3.4456635,-3.549759,7.024124,0.05756116,-0.2965312,-0.56611156,-0.024254203,0.12744045,9.178241
-3.529419,-3.5808563,7.0337067,0.0027204752,-0.27801657,-0.44071627,-0.06653261,0.06489754,9.293919
-3.7710876,-3.8045807,7.286148,-0.001131773,-0.3007388,-0.31566572,-0.0632081,-0.032113075,9.376461
-3.899109,-3.8967133,7.377075,0.102023125,-0.32339478,-0.24051857,0.04230243,-0.10247946,9.405963
-3.875183,-4.0175476,7.610367,0.089215994,-0.31843185,-0.28560162,0.026676536,-0.06977272,9.376132
-3.7447662,-3.8165588,7.795822,-0.04847896,-0.304039,-0.40561914,-0.11754966,0.023461819,9.311728
-3.628708,-3.6693878,7.7563324,-0.003083825,-0.28212118,-0.32396555,-0.06371194,-0.013061047,9.382002
-3.5306091,-3.3882294,7.3375854,0.08265662,-0.39883137,-0.25864744,0.011992335,-0.14863634,9.347781
-3.623932,-3.3798676,6.900894,0.27746713,-0.32430172,-0.29762316,-0.22381258,-0.0056352615,9.336952
-3.8428802,-3.5186462,6.734604,0.44987333,-0.43114614,-0.24168968,-0.4200127,0.05359316,9.289539
-4.0390778,-3.809372,6.8733826,0.38329387,-0.5048461,0.15075827,0.32916504,-0.5028615,9.555069
-4.010376,-4.0701904,7.585251,1.3655385,-0.99595165,0.9588008,1.2877821,-1.4529564,9.726345
-3.9385834,-4.080963,7.7515564,1.7268895,-1.2727995,0.7328024,1.5631863,-1.5589528,9.291596
-3.7675018,-4.0498505,7.959717,1.186022,-0.9436002,0.60958385,0.963791,-1.2544103,9.398994
-3.6131592,-4.0247345,7.630707,0.60072684,-0.7052417,0.5314822,0.42999643,-0.9469576,9.563576
-3.723236,-4.013962,7.4524536,0.3676288,-0.5429168,0.017957687,0.14704302,-0.4204688,9.325177
-3.9086761,-3.954132,7.2682037,0.41780257,-0.473701,-0.30747175,0.16848978,-0.10489464,9.132782
-3.9218292,-3.7423706,7.426132,0.5159769,-0.6281967,-0.07222557,0.18672329,-0.35622168,9.096496
-3.871582,-3.6083832,7.4847565,-0.5434785,-0.37569904,-1.3776717,1.3283539,-0.38744926,9.158687
-3.7746735,-3.3332062,7.1521454,-0.8366475,-0.25738478,-2.6901994,-1.1126097,2.467349,8.983433
-3.8273163,-3.4205475,6.768097,-0.6823554,-0.20969725,-2.6152854,-0.9415862,2.446641,9.116244
-3.8560333,-3.657425,6.702301,-0.6122103,-0.12873268,-1.9545212,-0.75326145,1.8784516,9.466734
-3.784256,-3.863205,7.056427,-0.49335766,-0.26586103,-1.0875571,-0.6465882,1.0100486,9.564595
-3.5114746,-3.9373932,7.8664093,-0.13260031,-0.47956228,-0.16999602,0.3189956,0.23251045,9.459316
-3.4049835,-3.8823547,8.075775,-0.24409056,-0.66106606,0.14016318,-0.5678076,-0.27898097,9.466065
-3.242279,-3.7698975,7.779068,-0.49611282,-0.31007576,-0.93578005,-0.63500315,0.8840724,9.62459
-3.3631134,-3.6933289,7.199997,-0.43618965,-0.27091932,-0.9948027,-0.5627275,0.9511421,9.627884
-3.6430664,-3.6693878,6.8327026,-0.47054625,-0.30013418,-1.0129061,-0.60333854,0.97285575,9.642312
-3.9804535,-3.7005005,6.9391785,-0.77583075,-0.29124928,-0.9457935,1.2499743,-0.119089305,9.874817
-4.106079,-3.6885376,7.3040924,-0.7011328,-0.2645936,-0.87930834,-0.7447384,0.8805761,9.875433
-4.1024933,-3.628708,7.5134583,-0.20934153,-0.43154192,-0.5696589,-0.44698885,0.51348567,9.5048275
-4.145569,-3.6024017,7.328018,-0.84069014,-0.17227507,-5.9358287,4.698496,-3.6805146,9.216353
-4.204193,-3.591629,6.9547424,-1.0788941,-0.26947594,-3.4557006,3.1661081,-1.774885,9.743071
-3.969696,-3.5437775,6.9714813,-0.8796644,-0.22547436,-2.4748268,2.3409464,-1.2119882,9.784944
-3.851242,-3.5760803,7.0863495,-1.0910635,-0.15544319,-1.5974398,-0.9764244,1.6560122,10.072385
-3.5605164,-3.7016907,7.2550354,-1.328196,0.018150806,-1.1968391,-1.0552012,1.309782,10.41318
-3.554535,-3.8129578,7.3579254,-1.7078366,0.2068162,-0.17609978,-1.2145635,0.3762673,10.978719
-3.542572,-3.907486,7.3411865,-1.5526948,-0.05823517,0.2265997,0.8519633,0.9172287,10.754517
-3.5246277,-4.010376,7.462021,-1.1593671,-0.20340252,-0.323673,1.0340557,0.46609497,10.2580385
-3.534195,-4.0295105,7.4368896,-0.8122759,-0.47988653,-0.33345413,-0.9627702,0.2724011,9.7946005
-3.6358948,-3.9732819,7.404587,-0.22953224,-0.8078122,-0.24793363,-0.6531582,0.0033478737,9.223477
-3.8129578,-3.8955078,7.4237366,0.43168068,-1.0435243,-0.279665,-0.20030373,-0.19990087,8.67819
-3.8368835,-3.739975,7.6749725,0.7189641,-1.0428257,-0.27421618,0.104742914,-0.3386836,8.560091
-3.8644104,-3.4947205,7.725235,0.8767562,-0.95366716,-0.29077196,0.32044378,-0.37313557,8.573436
-3.8847504,-3.357132,7.3339996,0.89401174,-0.8215637,-0.6925006,0.41289562,-0.03365445,8.471672
-4.2843475,-3.5258179,6.6723785,0.86400366,-0.78001165,-0.45378733,0.44239435,-0.24059963,8.663304
-4.3130646,-3.5988007,6.7489624,0.68245125,-0.62152386,-0.17932606,-0.5137656,0.10550904,9.0262
-4.153946,-3.6933289,7.276581,0.5619683,-0.6195226,-0.19307375,0.278345,-0.34271383,9.070468
-3.5270233,-3.4719849,7.9704895,0.24312067,-0.56572294,-0.08984566,0.02199471,-0.34230852,9.287456
-3.3834534,-3.4420776,7.9537354,0.063426256,-0.4286785,0.23326254,-0.07172635,-0.46438313,9.660353
-3.4121704,-3.5868378,7.022934,-0.17276335,-0.28897715,0.24079323,-0.23928836,-0.336627,9.834213
-3.5317993,-3.9015045,6.666397,-0.2167046,-0.31506205,0.14428759,-0.29424244,-0.28033447,9.763321
-3.5317993,-4.0079803,6.7633057,-0.13788795,-0.39879942,0.23353386,-0.23547524,-0.41789913,9.756613
-3.377472,-3.994812,7.704895,-0.13946295,-0.315197,0.16551733,-0.2086125,-0.31765127,9.76454
-3.349945,-3.8500519,8.0686035,-0.07680917,-0.31217337,-0.048687458,-0.15992445,-0.18593025,9.593164
-3.5365906,-3.763916,7.971695,0.06847453,-0.4017067,-0.24878216,-0.0139606,0.15697551,9.355968
-3.7710876,-3.7411804,7.615158,0.09213996,-0.38995504,-0.30690145,-0.024558514,-0.109447,9.31455
-4.1036835,-3.5449677,6.9918213,0.23692298,-0.35112524,-0.24870968,0.13427901,-0.13948727,9.355217
-4.170685,-3.4875336,6.9188538,0.29102552,-0.3455658,-0.3655963,0.1826694,-0.06904125,9.259258
-4.208969,-3.5330048,7.105484,0.23856008,-0.27346373,-0.35458612,-0.14509892,-0.04472065,9.322533
-4.060623,-3.5724792,7.828125,0.25961912,-0.26743317,-0.25346756,0.18158245,-0.076796055,9.401313
-3.8009949,-3.4923248,7.975281,0.32391536,-0.25160313,-0.23109245,0.25010645,-0.08594704,9.417177
-3.707672,-3.4420776,7.828125,0.32229495,-0.27007675,-0.42759466,0.23137644,0.024429798,9.253912
-3.5928192,-3.2853394,6.8362885,0.20963109,-0.25545168,-0.45344687,0.122284025,0.0651803,9.262947
-3.6693878,-3.2949219,6.5395813,0.1957016,-0.2182064,-0.45427275,-0.06933069,-0.1346221,9.287664
-3.6670074,-3.2889404,6.5694885,0.19666135,-0.2451315,-0.44128275,0.112407565,0.06910133,9.281212
-3.780655,-3.390625,7.0947266,0.11688316,-0.21853685,-0.45064878,0.039218366,0.104748726,9.304661
-3.990036,-3.5198364,7.529022,0.08909011,-0.22963905,-0.48588228,0.007648498,0.12214613,9.2758255
-4.165909,-3.6933289,7.6582336,0.054393172,-0.21888256,-0.4652896,-0.022248626,0.12122774,9.304483
-4.174286,-3.858429,7.6534424,0.035191417,-0.23108435,-0.3750167,-0.037041098,0.0567832,9.369982
-3.9852448,-4.0690002,7.4990997,0.028646827,-0.25755835,-0.44015455,-0.05335468,0.07897949,9.304846
-3.8739777,-4.1192474,7.529022,-0.02166295,-0.24124384,-0.4742365,-0.10188842,0.11959934,9.297845
-3.672989,-4.064209,7.7407837,-0.100782156,-0.20046377,-0.52257156,-0.17431721,0.19092607,9.300108
-3.4408722,-3.7866364,7.9501495,-0.0574013,-0.21986866,-0.40629673,-0.12803501,0.098049164,9.369948
-3.4181519,-3.6514435,7.758728,-0.058764458,-0.23417807,-0.41122103,-0.13261575,0.09105396,9.357744
-3.468399,-3.3954163,7.2095795,-0.05462289,-0.20630264,-0.52863216,0.1967156,-0.11746764,9.284635
-3.8859406,-3.3547363,6.551544,-0.022309065,-0.23389196,-0.55076504,-0.10687438,0.17857265,9.2451935
-3.9732819,-3.4037933,6.5348053,-0.0064662695,-0.2616248,-0.5212884,-0.095071316,0.13709259,9.247725
-3.981659,-3.6155548,7.277771,0.040289164,-0.2757311,-0.50009346,-0.050928354,0.107616425,9.246678
-3.6993103,-3.5365906,7.725235,0.020007133,-0.27627754,-0.5102973,-0.07161108,0.116351604,9.242321
-3.5856476,-3.5066833,7.7515564,0.015354633,-0.2486782,-0.455853,-0.06695777,0.10295391,9.301877
-3.6562347,-3.632309,7.409378,0.08779621,-0.22401142,-0.40528727,0.012001097,0.08077526,9.342454
-3.8165588,-3.755539,7.1605225,0.06610143,-0.28211784,-0.41328812,-0.022190154,0.044524193,9.304363
-3.826126,-3.7184448,7.1808624,0.048779845,-0.26384258,-0.37055397,-0.032489687,0.032687664,9.351481
-3.7830505,-3.5485535,7.298111,0.020126462,-0.20636415,-0.32466984,0.061508417,-0.02776575,9.427378
-3.875183,-3.4253235,7.3375854,0.017481089,-0.2824564,-0.32100964,-0.06358999,-0.009804726,9.383573
-4.133606,-3.505478,7.286148,0.08596325,-0.3080759,-0.39605808,-0.0070296824,0.011143208,9.297742
-4.3453674,-3.5449677,7.404587,0.08101237,-0.2506857,-0.39373207,3.1739473E-4,0.053884506,9.335983
-4.19223,-3.3535461,7.422531,0.046164036,-0.2507801,-0.4691167,-0.038728535,0.10649395,9.284873
-4.030716,-3.1369934,7.235901,0.06165254,-0.23744345,-0.40530062,0.043912172,-0.06163931,9.338974
-3.8368835,-3.0675964,7.105484,0.0919013,-0.27356434,-0.3745699,0.008046538,0.023234367,9.334441
-3.9720917,-3.4947205,6.941574,0.07361233,-0.33786058,-0.37763834,-0.023056686,-0.021549702,9.295589
-4.1108704,-3.8955078,7.2873383,0.04491055,-0.27750587,-0.41384363,-0.04105082,0.050691605,9.310629
-4.047455,-3.9720917,7.5110626,0.09905076,-0.21425056,-0.4927845,0.019536138,0.14325666,9.279728
-3.5485535,-3.8368835,7.9992065,0.07707918,-0.23282623,-0.46964502,-0.0038324594,0.11696482,9.289911
-3.303299,-3.6885376,7.807785,0.08031976,-0.280344,-0.4531951,-0.009167165,0.07009745,9.272393
-3.4181519,-3.6263275,7.2885437,0.055983067,-0.29595947,-0.41289425,-0.033507705,0.035131454,9.297876
-3.6813507,-3.674179,7.0205383,-0.012688875,-0.27597952,-0.39387512,-0.09548646,0.045691013,9.337334
-3.9397888,-3.5210419,7.298111,0.041026354,-0.30532122,-0.37175083,-0.04767528,0.003121376,9.326212
-3.994812,-3.468399,7.414154,0.06068659,-0.30378485,-0.3830595,0.03045082,0.0021891594,9.314949
-4.0869446,-3.402588,7.4488525,0.105700016,-0.3074398,-0.43187952,0.010734558,0.032784462,9.267186
-4.3034973,-3.5413818,7.1437683,0.07120323,-0.1990161,-0.36862803,0.0036329627,0.0781641,9.388989
-4.3657074,-3.5653076,6.952347,0.03360057,-0.21092701,-0.32005167,-0.03194478,0.04199505,9.42551
-4.1491547,-3.473175,6.9750824,0.11945033,-0.2648096,-0.30486822,0.042135328,-0.01832056,9.38805
-3.9637146,-3.4384918,7.237091,0.1467551,-0.31646585,-0.2636757,-0.090114355,0.05779791,9.382678
-3.9230347,-3.534195,7.3040924,0.10818148,-0.29522657,-0.22840357,0.031221986,-0.0898633,9.429849
-3.994812,-3.7052917,7.377075,0.10184145,-0.3005433,-0.2464261,0.023294866,-0.08195305,9.414012
-3.9134674,-3.7794647,7.5481567,0.10726476,-0.3264737,-0.3546791,0.016251832,-0.033006668,9.314172
-3.7292175,-3.7208405,7.512268,0.10126376,-0.28018284,-0.4942317,0.010061115,0.092567444,9.237132
-3.4994965,-3.6586304,7.1617126,0.079116225,-0.23862219,-0.52056694,-0.004999399,0.14409304,9.246828
-3.2159576,-3.7567291,7.0181427,0.16083467,-0.2640648,-0.4288149,0.07683337,0.057737827,9.286802
-3.1094666,-3.8201447,7.162918,0.20533049,-0.30093575,-0.46458817,-0.08520818,-0.08624005,9.228838
-2.9551392,-3.887146,7.377075,0.20017898,-0.32711267,-0.45039082,-0.08896303,-0.056791306,9.224597
-2.9539337,-3.8189392,7.4847565,0.08478761,-0.2924676,-0.43814754,0.019671679,-0.045360565,9.275373
-3.073578,-3.5976105,7.4727783,0.071998,-0.30150747,-0.42591333,-0.014072359,0.035607338,9.281269
-3.439682,-3.1202393,7.429718,0.22893977,-0.3148408,-0.33691216,0.14480662,-0.04646778,9.314796
-3.8524475,-3.0675964,7.203598,0.24668908,-0.34251976,-0.29863644,0.16188103,-0.09381819,9.324621
-4.4159546,-3.2697906,6.9475555,0.28564346,-0.34774446,-0.3333063,0.19773817,-0.07897377,9.288698
-4.8299103,-3.5389862,7.142578,0.19566524,-0.35726547,-0.32859516,-0.1309017,0.0382576,9.30138
-4.742569,-3.6849518,7.753937,0.20332825,-0.29182863,-0.40389204,0.12272978,0.016142845,9.282902
-4.435089,-3.7088776,7.981262,0.20988286,-0.3789649,-0.4939947,0.109244406,0.0064969063,9.158793
-4.269989,-3.8069763,7.552948,0.22083724,-0.36398554,-0.4873252,0.12352085,0.013147354,9.171583
-4.1778717,-4.1563263,7.1617126,0.32507658,-0.35195732,-0.4457569,0.23198289,-0.011518955,9.194851
-4.063019,-4.1946106,7.35553,0.33956087,-0.30124378,-0.43563223,0.25634474,0.02070713,9.232469
-3.6311035,-4.094116,7.8891296,0.4232831,-0.35693264,-0.41858387,0.33330452,-0.03802204,9.198995
-3.1369934,-3.887146,7.741974,0.47596502,-0.35465097,-0.44822693,0.3856297,-0.019031525,9.170919
-3.1417694,-3.8608246,7.258621,0.4374299,-0.31793213,-0.3718753,0.3602091,-0.035526276,9.259197
-3.4241333,-4.043869,7.1976166,0.4650786,-0.35019732,-0.32198572,0.3888241,-0.093176365,9.274912
-3.583252,-4.0378876,7.529022,0.48116016,-0.30502224,-0.3260808,-0.40822077,-0.082742214,9.299312
-3.6921234,-3.7878418,7.824524,0.49384546,-0.32454205,-0.28101063,0.42772293,-0.0975194,9.32114
-3.8069763,-3.5653076,7.7072754,0.41419363,-0.3030162,-0.25574732,0.35528672,-0.091673374,9.366027
-3.9589233,-3.4420776,7.5469666,0.42007136,-0.2532978,-0.24672985,0.36945653,-0.057911873,9.404602
-4.1228333,-3.4085693,7.397415,0.4489435,-0.256505,-0.23640299,0.40089625,-0.06672287,9.40908
-3.9792633,-2.7876434,6.6915283,0.17889833,1.0804622,-1.3033352,-0.3689921,0.5603951,8.242077
-4.3501587,-3.1058807,6.829117,-0.18078041,0.74560046,-1.1679306,0.0,0.0,0.0
-4.441086,-3.3559265,7.125824,-0.26154518,0.50307274,-0.86228895,0.0,0.0,0.0
-4.2065887,-3.3666992,7.3698883,-0.022221565,0.4980185,-0.61293125,0.0,0.0,0.0
-3.9756775,-3.2925262,7.335205,0.21781778,0.58144665,-0.6383333,0.0,0.0,0.0
-3.883545,-3.2913208,7.220337,0.33152008,0.5675571,-0.74914694,0.0,0.0,0.0
-3.9768677,-3.427719,6.8745728,0.27092266,0.39461017,-1.095149,0.0,0.0,0.0
-4.1192474,-3.5928192,7.0289154,0.1400299,0.22734284,-0.9357128,0.0,0.0,0.0
-4.0175476,-3.5461578,7.8149567,0.23476696,0.2915411,-0.14495993,0.0,0.0,0.0
-3.9110718,-3.468399,7.9657135,0.32639408,0.37966895,0.0028853416,0.0,0.0,0.0
-3.7328033,-3.287735,7.4883423,0.48871803,0.55488634,-0.48557758,0.0,0.0,0.0
-3.878769,-3.3343964,6.8243256,0.34226513,0.47812724,-1.1642866,0.0,0.0,0.0
-4.0295105,-3.4863434,6.67717,0.20008755,0.30859494,-1.3152847,0.0,0.0,0.0
-4.1120605,-3.603592,7.186844,0.12497425,0.20423102,-0.795537,0.0,0.0,0.0
-4.1288147,-3.714859,7.9202423,0.09969759,0.11800146,-0.054671288,0.0,0.0,0.0
-4.175476,-3.780655,7.9501495,0.043375492,0.08658028,-0.013277531,0.0,0.0,0.0
-4.269989,-3.748352,7.972885,-0.046612263,0.12255788,0.013643265,0.0,0.0,0.0
-4.236496,-3.657425,8.627319,-0.010584831,0.21211028,0.6687541,0.0,0.0,0.0
-4.1156616,-3.554535,8.922836,0.09777784,0.28941917,0.94528437,0.0,0.0,0.0
-4.023529,-3.4528503,9.016159,0.17099619,0.34527183,1.0067511,0.0,0.0,0.0
-3.9804535,-3.2015991,8.906082,0.23050928,0.39505863,0.81273746,0.0,0.0,0.0
-3.8285217,-3.176468,8.859421,0.42588758,0.2462821,0.7135525,0.0,0.0,0.0
-3.858429,-3.0041962,8.405991,0.42166233,0.3245926,0.23467636,0.0,0.0,0.0
-3.974472,-2.9347992,7.787445,0.38203526,0.08087134,-0.46464348,0.0,0.0,0.0
-4.088135,-2.8737793,7.414154,0.30072403,-0.19557452,-0.9366255,0.0,0.0,0.0
-4.4195404,-2.4586182,6.202194,-0.041549206,-0.09189391,-2.2477884,0.0,0.0,0.0
-4.5583344,-2.1547394,5.6985016,-0.20283222,0.03294444,-2.811142,0.0,0.0,0.0
-4.692322,-1.8592224,5.8301086,-0.37653065,0.21917772,-2.727028,0.0,0.0,0.0
-4.5092773,-1.5361938,6.2201385,-0.2972541,0.47530103,-2.4044275,0.0,0.0,0.0
-4.2604218,-1.3722839,6.757324,-0.082122326,0.639596,-1.8835402,0.0,0.0,0.0
-4.067795,-1.3651123,6.969101,0.061837196,0.65525174,-1.6931534,0.0,0.0,0.0
-4.1611176,-1.3938141,7.1688995,-0.13562441,0.68797183,-1.5277643,0.0,0.0,0.0
-4.1826477,-1.475174,7.331604,-0.16304398,0.63397264,-1.3611908,0.0,0.0,0.0
-4.19223,-1.557724,7.6378937,-0.17819595,0.5829203,-1.0497732,0.0,0.0,0.0
-4.138382,-1.6857452,8.232513,-0.14277601,0.5301182,-0.44478226,0.0,0.0,0.0
-4.155136,-1.9046936,10.449463,-0.18529582,0.37249255,1.7762184,0.0,0.0,0.0
-4.2137604,-2.050644,11.458038,-0.33753896,0.3128543,2.7655602,0.0,0.0,0.0
-5.4065857,-3.324829,11.95694,-1.6307614,-0.9237499,3.2306376,0.0,0.0,0.0
-5.9353943,-3.1704865,12.884155,-2.3290567,-0.737901,4.0951138,0.0,0.0,0.0
-5.367096,-2.0434723,14.141586,-1.9012651,0.40859818,5.3015776,0.0,0.0,0.0
-4.968689,-1.3507538,14.483749,-1.8838289,1.1295083,5.5114403,0.0,0.0,0.0
-4.4470673,-1.0863342,13.247864,-1.7716525,1.3595409,4.135771,0.0,0.0,0.0
-3.2638092,-1.5349884,10.506882,-1.394731,0.75638247,1.1566648,0.0,0.0,0.0
-2.5531464,-1.9944153,8.651245,-1.3747809,0.18932748,-0.8362789,0.0,0.0,0.0
-1.6701965,-2.2420807,7.9573364,-1.2241886,-0.123803854,-1.6074095,0.0,0.0,0.0
-0.4665985,-1.8161469,7.301697,-0.8675055,0.25673747,-2.2749834,0.0,0.0,0.0
0.63409424,-1.578064,6.8721924,-0.5275284,0.44946527,-2.6519947,0.0,0.0,0.0
1.4081726,-1.3459625,5.079956,-0.42988276,0.60505533,-4.3532553,0.0,0.0,0.0
1.6737823,-1.3196411,3.949356,-1.1211915,0.47447038,-5.2777605,0.0,0.0,0.0
2.7290192,-1.1294098,3.2434692,-0.9150872,0.5400826,-5.7065964,0.0,0.0,0.0
3.3200378,-1.249054,3.1070862,-1.044373,0.36585367,-5.5250854,0.0,0.0,0.0
3.7675018,-1.454834,3.0041962,-1.0360684,0.15531564,-5.392441,0.0,0.0,0.0
4.114456,-1.7910309,2.6129608,-0.863791,-0.17471743,-5.680107,0.0,0.0,0.0
4.4327087,-2.0937195,2.305481,-0.9829235,-0.4265889,-5.698393,0.0,0.0,0.0
4.6947174,-2.5280151,2.580658,-0.96721935,-0.7000383,-5.214941,0.0,0.0,0.0
5.0524445,-3.0759735,3.4372864,-0.6884904,-0.9066963,-4.211654,0.0,0.0,0.0
6.0358887,-3.3475647,4.9746857,0.28474903,-0.84378505,-2.5636077,0.0,0.0,0.0
6.464203,-3.3834534,5.7021027,0.709919,-0.5271561,-1.7073622,0.0,0.0,0.0
6.530014,-3.645462,6.0012054,0.7949066,-0.2867353,-1.2097507,0.0,0.0,0.0
7.3172455,-4.1024933,6.6508484,1.6603322,-0.44559073,-0.4763379,0.0,0.0,0.0
7.112671,-4.4482574,6.619751,1.5893497,-0.5334184,-0.47513056,0.0,0.0,0.0
6.8685913,-4.643265,6.7046814,1.6349983,-0.39982128,-0.4208417,0.0,0.0,0.0
6.5240326,-4.9698944,7.0695953,1.4973555,-0.5505972,-0.09788132,0.0,0.0,0.0
6.2117615,-4.9866486,6.6376953,1.3761864,-0.4230423,-0.5707092,0.0,0.0,0.0
6.052643,-4.97348,6.28714,1.4843631,-0.2654004,-1.0022492,0.0,0.0,0.0
5.3443756,-4.9076843,5.71286,1.0909233,-0.1088624,-1.7066984,0.0,0.0,0.0
4.639679,-4.881363,5.75354,0.6351781,-0.054795265,-1.7855978,0.0,0.0,0.0
4.4685974,-4.9340057,5.8049927,0.7525687,-0.10261679,-1.8774028,0.0,0.0,0.0
4.174286,-4.6205444,6.12204,0.73028874,0.1884346,-1.6999159,0.0,0.0,0.0
4.1084747,-4.3082733,6.7202454,1.1136453,0.40407562,-1.341712,0.0,0.0,0.0
4.063019,-3.9589233,7.453644,1.3665962,0.6458974,-0.77407265,0.0,0.0,0.0
4.10968,-3.2482605,7.947754,1.738076,1.1845775,-0.47221184,0.0,0.0,0.0
2.8917236,-3.900299,8.190628,0.64744306,0.43399668,-0.31510353,0.0,0.0,0.0
2.5866394,-4.2436676,8.7960205,0.71668994,-0.32310104,0.0038175583,0.0,0.0,0.0
1.6881409,-4.256836,10.334595,0.26158333,-0.86813545,1.2432785,0.0,0.0,0.0
-0.17826843,-3.0891266,10.457825,-0.945343,-0.5967307,1.0042572,0.0,0.0,0.0
-0.8147583,-2.580658,10.4075775,-1.2618425,-0.64154255,0.80495644,0.0,0.0,0.0
-0.38763428,-0.04547119,10.851456,-0.5147021,1.2808765,1.1357441,0.0,0.0,0.0
-1.6534424,-0.12562561,11.192429,-1.5185926,0.6145876,1.4146843,0.0,0.0,0.0
-4.3573303,2.4514465,10.853836,-4.00962,2.4198847,1.0534029,0.0,0.0,0.0
-2.7912292,2.087738,14.38446,-2.8145313,1.7134342,4.584984,0.0,0.0,0.0
-0.77526855,2.2528381,13.143768,-1.0300264,1.6798728,3.3571854,0.0,0.0,0.0
-0.23210144,1.3495483,12.397217,-0.5620809,0.31196797,2.6511955,0.0,0.0,0.0
0.2763672,0.42352295,10.99263,-0.029693335,-0.87618876,1.2773094,0.0,0.0,0.0
0.8614197,0.71784973,8.379669,0.5874015,-0.8031095,-1.3044405,0.0,0.0,0.0
0.80158997,1.3292084,6.7381897,0.7418738,-0.9540167,-2.7987757,0.0,0.0,0.0
0.8195343,1.9932251,5.09552,1.3500628,-1.4611726,-4.067234,0.0,0.0,0.0
0.82432556,2.4717865,4.045059,1.612117,-1.4700356,-4.899873,0.0,0.0,0.0
0.93678284,3.032898,3.9170532,1.946015,-1.4367666,-4.7532377,0.0,0.0,0.0
0.88653564,3.2996979,3.9182434,1.9912411,-1.3837724,-4.626645,0.0,0.0,0.0
0.021530151,4.0211334,4.5523376,1.1993201,-0.77615833,-3.9193325,0.0,0.0,0.0
-0.50727844,4.5296173,4.8670044,0.7952479,-0.29610062,-3.5701904,0.0,0.0,0.0
-1.6785583,4.864609,5.50708,-0.20557642,0.13664627,-2.9573803,0.0,0.0,0.0
-2.4586182,5.099106,5.8540344,-0.844852,0.4701686,-2.6394386,0.0,0.0,0.0
-2.4682007,4.84906,4.9746857,-0.57731783,0.3343401,-3.5230942,0.0,0.0,0.0
-2.3724823,4.80838,4.6013947,-0.28566408,0.35612392,-3.8834743,0.0,0.0,0.0
-1.2346954,4.4769745,4.5188446,1.000016,0.1249218,-3.9803371,0.0,0.0,0.0
-0.9068756,3.5784607,5.242676,1.4207516,-0.5998993,-3.3185072,0.0,0.0,0.0
-1.1018982,2.1667023,5.770294,1.2747138,-1.7553537,-2.898014,0.0,0.0,0.0
-2.2660065,0.9260254,7.9573364,0.10684872,-2.398235,-0.95833683,0.0,0.0,0.0
-3.879959,0.0035858154,10.413559,-1.4180484,-2.5245757,1.2638168,0.0,0.0,0.0
-4.097702,-0.7286072,11.351547,-1.5803719,-2.976381,2.1438904,0.0,0.0,0.0
-3.4145508,-1.302887,10.996216,-0.7980466,-3.1038618,1.7182426,0.0,0.0,0.0
-3.728012,-1.2502441,10.762909,-0.9397805,-2.3851213,1.4297314,0.0,0.0,0.0
-5.5573273,-0.8422699,10.515259,-2.511772,-1.2841899,1.2039919,0.0,0.0,0.0
-5.584854,-0.98464966,10.981857,-2.4038177,-1.0744163,1.705903,0.0,0.0,0.0
-5.345566,-0.21894836,11.475983,-2.1297019,0.020400941,2.2147026,0.0,0.0,0.0
-6.2117615,0.026321411,10.481766,-3.057021,0.7225618,1.2225409,0.0,0.0,0.0
-3.7052917,-1.1569366,6.7908325,-0.5979705,-0.059479475,-2.4455376,0.0,0.0,0.0
-1.302887,-1.1437683,6.3062897,1.7301629,0.24776042,-2.9151335,0.0,0.0,0.0
-2.1248322,-0.43190002,7.8843536,0.82545376,1.2919189,-1.3077431,0.0,0.0,0.0
-2.1954193,-0.9020996,7.470398,0.5367198,1.3693497,-1.6699696,0.0,0.0,0.0
-3.0245209,-1.6713867,6.467804,-0.41206384,0.83570623,-2.6459188,0.0,0.0,0.0
-2.901291,-2.5208435,6.727417,-0.37398148,0.25787663,-2.33138,0.0,0.0,0.0
-2.9288177,-3.4456635,7.7479553,-0.4550972,-0.2571888,-1.1898699,0.0,0.0,0.0
-2.8366852,-4.4985046,9.426529,-0.36536765,-0.9858153,0.6104078,0.0,0.0,0.0
-2.6536407,-4.790436,9.554535,-0.1302321,-0.8382399,0.9415827,0.0,0.0,0.0
-3.0424805,-5.412567,9.816559,-0.4719212,-1.2219796,1.3311844,0.0,0.0,0.0
-3.1621094,-5.8002014,10.037888,-0.53851104,-1.3947425,1.6785183,0.0,0.0,0.0
-2.8677979,-5.949753,10.266403,-0.17876649,-1.326592,2.0465565,0.0,0.0,0.0
-2.781662,-5.721237,10.305893,-0.036656618,-0.9659953,2.180439,0.0,0.0,0.0
-2.786438,-5.4520416,9.870392,-0.005623102,-0.67639637,1.7691164,0.0,0.0,0.0
-2.802002,-5.3288116,9.236298,0.029358387,-0.5915532,1.1299934,0.0,0.0,0.0
-2.7984009,-5.0644073,8.691925,0.111778736,-0.4507823,0.5423422,0.0,0.0,0.0
-2.8450623,-4.700699,8.394028,0.09599233,-0.15050936,0.21990013,0.0,0.0,0.0
-2.7218323,-4.3621216,8.305481,0.2723837,0.052243233,0.076358795,0.0,0.0,0.0
-2.4322968,-3.949356,7.9992065,0.6517606,0.13545513,-0.365798,0.0,0.0,0.0
-2.3377838,-3.4899292,7.125824,0.766526,0.5064411,-1.2743359,0.0,0.0,0.0
-2.239685,-3.2087708,6.55513,0.95593095,0.40488052,-1.983017,0.0,0.0,0.0
-2.3988037,-3.156128,6.4833527,0.8373194,0.29115248,-2.1081638,0.0,0.0,0.0
-2.4897308,-2.7649078,6.734604,0.7724955,0.55858994,-1.8957281,0.0,0.0,0.0
-2.5615234,-2.6667938,6.9152527,0.70156026,0.535588,-1.7604275,0.0,0.0,0.0
-2.5100708,-2.362915,7.003784,0.7385297,0.77282643,-1.701623,0.0,0.0,0.0
-2.6488495,-2.4311066,6.8817596,0.586329,0.6544106,-1.8465614,0.0,0.0,0.0
-3.270996,-2.7708893,6.9344025,-0.046577454,0.26316428,-1.8159132,0.0,0.0,0.0
-3.373886,-3.0233307,7.122238,-0.14758396,-0.0033442974,-1.6322489,0.0,0.0,0.0
-3.316452,-3.2195435,7.6426697,-0.077843666,-0.18556118,-1.1024294,0.0,0.0,0.0
-3.3679047,-3.4325104,8.475372,-0.10988855,-0.37272596,-0.25351334,0.0,0.0,0.0
-3.3056793,-3.426529,8.682358,-0.0339849,-0.350713,-0.035770416,0.0,0.0,0.0
-3.2494507,-3.2733765,8.885742,0.046422005,-0.16786623,0.18727016,0.0,0.0,0.0
-3.2063751,-2.9575348,8.160721,0.10404205,0.16409469,-0.5264511,0.0,0.0,0.0
-3.399002,-2.9706879,7.8257294,-0.08929849,0.109540224,-0.8764801,0.0,0.0,0.0
-3.5868378,-2.6476593,7.5804596,-0.27164745,0.38467288,-1.1364698,0.0,0.0,0.0
-3.4983063,-2.4430695,7.709671,-0.17011142,0.53131986,-1.022254,0.0,0.0,0.0
-3.4624176,-2.4418793,7.7898407,-0.12861085,0.48889828,-0.9546814,0.0,0.0,0.0
-3.373886,-2.486145,7.770691,-0.039303303,0.4238341,-0.9804783,0.0,0.0,0.0
-3.2147522,-2.519638,7.6175537,0.11536169,0.36345768,-1.1442099,0.0,0.0,0.0
-3.151352,-2.629715,7.4321136,0.16703439,0.2419064,-1.337863,0.0,0.0,0.0
-3.1788635,-2.7302094,7.4392853,0.1159451,0.13812017,-1.3406525,0.0,0.0,0.0
-3.1345978,-2.724228,7.7001038,0.1518228,0.15089464,-1.0807562,0.0,0.0,0.0
-3.1549377,-2.7361908,7.8867493,0.13400507,0.16683364,-0.8839798,0.0,0.0,0.0
-3.2398834,-2.7589264,8.255234,0.051331043,0.17061305,-0.5058222,0.0,0.0,0.0
-3.3068848,-2.9635162,8.389236,-0.018560648,-0.003909111,-0.36279392,0.0,0.0,0.0
-3.3954163,-3.0269165,8.395218,-0.1168654,-0.04093337,-0.35151768,0.0,0.0,0.0
-3.4432678,-3.0341034,8.537598,-0.16718912,-0.0356462,-0.2057972,0.0,0.0,0.0
-3.2602234,-2.9312134,8.812759,0.017781973,0.08043218,0.0746212,0.0,0.0,0.0
-2.877365,-2.8139648,8.729019,0.3989725,0.19744897,-0.009823799,0.0,0.0,0.0
-2.6847534,-2.6356964,8.147568,0.582767,0.34193707,-0.6061392,0.0,0.0,0.0
-2.884552,-2.4933167,7.4153595,0.3805716,0.46144176,-1.3469896,0.0,0.0,0.0
-3.2817535,-2.5375824,7.1150513,-0.004572153,0.36573505,-1.6599827,0.0,0.0,0.0
-3.6765747,-2.597412,7.5517426,-0.3746512,0.3062055,-1.213912,0.0,0.0,0.0
-3.4779663,-2.7792664,8.315063,-0.16713357,0.14770007,-0.4394579,0.0,0.0,0.0
-3.3870392,-2.7684937,8.254044,-0.07618189,0.18764663,-0.4906597,0.0,0.0,0.0
-3.308075,-2.8199463,7.7276154,0.021821737,0.14485002,-1.0069227,0.0,0.0,0.0
-3.3714905,-3.0269165,7.410568,-0.016117334,-0.05892396,-1.3131275,0.0,0.0,0.0
-3.4289093,-3.2769775,7.8137665,-0.0448308,-0.27157068,-0.8859997,0.0,0.0,0.0
-3.4097748,-3.402588,7.9692993,-0.023487806,-0.35322762,-0.7142973,0.0,0.0,0.0
-3.3044891,-3.4420776,8.464615,0.07625365,-0.34823394,-0.20539665,0.0,0.0,0.0
-3.2494507,-3.2817535,8.571091,0.12951183,-0.15072417,-0.08625698,0.0,0.0,0.0
-3.1322021,-2.8677979,8.392822,0.24640203,0.27962804,-0.25871754,0.0,0.0,0.0
-2.9970093,-2.6727753,7.7647095,0.37167454,0.44073844,-0.9029541,0.0,0.0,0.0
-2.9192505,-2.6931152,7.2502594,0.4443164,0.39022565,-1.4301672,0.0,0.0,0.0
-3.0640106,-2.778061,7.1437683,0.29824638,0.28222585,-1.5453205,0.0,0.0,0.0
-3.1011047,-2.8307037,7.775482,0.2607684,0.23258162,-0.9126978,0.0,0.0,0.0
-3.0101776,-2.8677979,8.405991,0.33978224,0.21414852,-0.28019142,0.0,0.0,0.0
-2.9312134,-2.8199463,8.555542,0.4019103,0.27439904,-0.13270855,0.0,0.0,0.0
-2.8989105,-2.7768707,8.146362,0.41868472,0.3048904,-0.55229855,0.0,0.0,0.0
-3.0759735,-2.7361908,7.564911,0.24787903,0.3231969,-1.1392574,0.0,0.0,0.0
-3.1274261,-2.7792664,7.529022,0.20775914,0.25876832,-1.1782894,0.0,0.0,0.0
-3.2326965,-2.8055878,7.680954,0.11522031,0.22249556,-1.0249376,0.0,0.0,0.0
-3.1776733,-2.6667938,7.902298,0.16555071,0.35936952,-0.8060646,0.0,0.0,0.0
-3.1381836,-2.5818481,7.983658,0.19935942,0.44131088,-0.72792625,0.0,0.0,0.0
-3.2063751,-2.5627136,8.277969,0.12869287,0.4588616,-0.435112,0.0,0.0,0.0
-3.0341034,-2.5579224,8.13559,0.2901163,0.45503473,-0.5846195,0.0,0.0,0.0
-2.9730835,-2.5830536,7.749161,0.34824324,0.4148848,-0.97732353,0.0,0.0,0.0
-3.279358,-2.7720795,7.762314,0.055831194,0.21292448,-0.9633179,0.0,0.0,0.0
-3.4899292,-2.9479523,8.202591,-0.14667678,0.04808402,-0.51617146,0.0,0.0,0.0
-3.4468536,-2.9886322,8.516052,-0.115569115,0.03350377,-0.19828224,0.0,0.0,0.0
-3.3583221,-2.9395752,8.195419,-0.03451252,0.0844028,-0.5211296,0.0,0.0,0.0
-3.4348907,-2.8570251,7.5792694,-0.100290775,0.1521132,-1.1382942,0.0,0.0,0.0
-3.4157562,-2.945572,7.623535,-0.063397646,0.05453062,-1.0903311,0.0,0.0,0.0
-3.2099762,-3.1980133,8.036301,0.15280867,-0.1842475,-0.66882896,0.0,0.0,0.0
-3.2039948,-3.2350922,8.081757,0.15548635,-0.18954945,-0.61358356,0.0,0.0,0.0
-3.2578278,-3.0783691,8.096115,0.10635662,-0.018720865,-0.59245205,0.0,0.0,0.0
-3.357132,-2.9826508,8.195419,0.018908262,0.0931468,-0.4828415,0.0,0.0,0.0
-3.2721863,-2.9156494,8.263611,0.10533309,0.16485524,-0.412405,0.0,0.0,0.0
-3.103485,-2.9024963,8.184647,0.2734568,0.1818242,-0.4902382,0.0,0.0,0.0
-3.0998993,-2.8606262,7.8221436,0.2641158,0.22086525,-0.85876656,0.0,0.0,0.0
-3.0795593,-2.8103638,7.7695007,0.2819028,0.2621839,-0.9155674,0.0,0.0,0.0
-2.8139648,-2.8546448,7.9178467,0.53904486,0.2190845,-0.7700701,0.0,0.0,0.0
-2.757721,-2.8546448,7.9788666,0.57793045,0.2298181,-0.7119274,0.0,0.0,0.0
-2.7589264,-2.9192505,8.123627,0.5687423,0.17652106,-0.56620693,0.0,0.0,0.0
-3.115448,-3.0257263,8.376068,0.2101059,0.09346151,-0.30619812,0.0,0.0,0.0
-3.2183533,-3.0472565,8.384445,0.10796785,0.08632898,-0.29234028,0.0,0.0,0.0
-3.4827576,-2.9431763,8.358124,-0.15443945,0.20198894,-0.31370544,0.0,0.0,0.0
-3.4384918,-2.7768707,8.201401,-0.10518813,0.36580825,-0.4694147,0.0,0.0,0.0
-3.2350922,-2.5782623,7.893921,0.10271335,0.5463805,-0.7816801,0.0,0.0,0.0
-3.0341034,-2.3521423,7.536194,0.30988646,0.74505925,-1.146862,0.0,0.0,0.0
-2.9060822,-2.2707825,7.377075,0.44513655,0.7919922,-1.3154011,0.0,0.0,0.0
-2.926422,-2.4813538,7.537384,0.43045354,0.5493591,-1.1641417,0.0,0.0,0.0
-3.0101776,-2.8175507,8.005188,0.3497963,0.21809554,-0.6934223,0.0,0.0,0.0
-3.1082764,-3.0293121,8.843872,0.25189257,0.026144028,0.152277,0.0,0.0,0.0
-3.0867462,-3.016159,9.001801,0.2669506,0.06979942,0.31848526,0.0,0.0,0.0
-3.2075806,-2.848648,8.252838,0.14002752,0.23432517,-0.43388653,0.0,0.0,0.0
-3.3726807,-2.8498535,7.4727783,-0.009893894,0.19571161,-1.2212763,0.0,0.0,0.0
-3.4767761,-2.877365,7.3172455,-0.09247875,0.14798975,-1.3755188,0.0,0.0,0.0
-3.707672,-3.012558,7.934601,-0.3004961,0.009373426,-0.75041294,0.0,0.0,0.0
-3.5641022,-2.9898376,8.439484,-0.1591196,0.04011321,-0.24359608,0.0,0.0,0.0
-3.4253235,-2.8570251,8.541183,-0.028716803,0.17503786,-0.1444397,0.0,0.0,0.0
-3.2015991,-2.7194366,8.316254,0.18268251,0.29256535,-0.38115215,0.0,0.0,0.0
-2.8366852,-2.651245,7.726425,0.54198766,0.33225155,-0.98297787,0.0,0.0,0.0
-2.7876434,-2.651245,7.5804596,0.5876546,0.305171,-1.1394806,0.0,0.0,0.0
-2.8247223,-2.7170563,7.5637054,0.548574,0.20596457,-1.1682596,0.0,0.0,0.0
-2.971878,-2.7601166,7.8747864,0.39562345,0.16314459,-0.859334,0.0,0.0,0.0
-3.0711823,-2.7673035,8.072189,0.29023695,0.1672523,-0.6604862,0.0,0.0,0.0
-3.123825,-2.7996063,8.342575,0.23019338,0.14572859,-0.3893175,0.0,0.0,0.0
-3.0089722,-2.7637177,8.033905,0.331187,0.18106008,-0.70348644,0.0,0.0,0.0
-3.0245209,-2.7505493,7.7898407,0.3097043,0.18698668,-0.95225334,0.0,0.0,0.0
-3.2063751,-2.7481537,7.975281,0.1276021,0.18743229,-0.7675638,0.0,0.0,0.0
-3.279358,-2.7098694,8.433502,0.05697751,0.22677541,-0.3080864,0.0,0.0,0.0
-3.1417694,-2.651245,8.648865,0.18541312,0.29708457,-0.09227848,0.0,0.0,0.0
-2.9814606,-2.5794678,8.641678,0.33357573,0.35426736,-0.1089859,0.0,0.0,0.0
-2.8366852,-2.3988037,8.322235,0.47523284,0.5093105,-0.43815613,0.0,0.0,0.0
-2.8079834,-2.3449707,8.143967,0.50342846,0.50830007,-0.63463116,0.0,0.0,0.0
-2.892929,-2.173874,7.5421753,0.4175825,0.63871026,-1.2498817,0.0,0.0,0.0
-3.098709,-2.1391907,7.2466583,0.22274089,0.6205938,-1.5579967,0.0,0.0,0.0
-3.267395,-2.1272125,7.405792,0.07022786,0.61527157,-1.3981524,0.0,0.0,0.0
-3.3272247,-2.1846466,7.996811,0.03745365,0.566293,-0.79418755,0.0,0.0,0.0
-3.0759735,-2.5627136,8.212173,0.29696298,0.21107817,-0.5684738,0.0,0.0,0.0
-3.0448608,-3.1800537,8.244476,0.33017683,-0.37459326,-0.52529526,0.0,0.0,0.0
-3.2458649,-3.5688934,8.598602,0.13392639,-0.6923444,-0.14627457,0.0,0.0,0.0
-3.6598206,-3.4528503,9.257828,-0.2716744,-0.5230987,0.53387165,0.0,0.0,0.0
-3.7208405,-3.1669006,9.393021,-0.32552576,-0.18901181,0.6881714,0.0,0.0,0.0
-3.7304077,-3.0257263,9.230316,-0.33755946,-0.042761564,0.5262432,0.0,0.0,0.0
-3.468399,-2.7014923,8.373688,-0.081463575,0.24789858,-0.34411812,0.0,0.0,0.0
-3.238678,-2.589035,7.848465,0.1458602,0.32233334,-0.88304234,0.0,0.0,0.0
-3.0352936,-2.5387878,7.4775696,0.34429598,0.31707168,-1.2741632,0.0,0.0,0.0
-2.9324036,-2.5842438,7.247864,0.44552803,0.24531794,-1.5130463,0.0,0.0,0.0
-3.048462,-2.622528,7.4404755,0.33121395,0.19283628,-1.3243351,0.0,0.0,0.0
-3.2494507,-2.6990967,7.6989136,0.13355803,0.12675071,-1.0612364,0.0,0.0,0.0
-3.1908264,-2.617752,8.511276,0.188164,0.24268937,-0.23919106,0.0,0.0,0.0
-3.0688019,-2.4933167,8.593826,0.30503297,0.391212,-0.15072155,0.0,0.0,0.0
-3.032898,-2.4682007,8.459824,0.3376577,0.4193778,-0.28498268,0.0,0.0,0.0
-3.1465607,-2.4957123,7.755142,0.22428465,0.38313723,-0.99242973,0.0,0.0,0.0
-3.213562,-2.671585,7.639084,0.16380262,0.19067359,-1.1114178,0.0,0.0,0.0
-3.2506561,-2.7996063,7.775482,0.12910461,0.06341791,-0.9738436,0.0,0.0,0.0
