-1.3651123,6.423538,7.0468597,0.10309088,-0.4751072,-0.62790775,0.035235405,0.007940529,9.013355
-1.3292084,6.336197,7.0169525,0.15523016,-0.5449295,-0.65393305,0.07854462,0.0465705,8.946222
-1.3076782,6.3589325,6.6676025,0.16174316,-0.40085602,-0.5932617,-0.0055980682,0.08124109,9.0771475
-1.3531342,6.3960114,6.567108,0.07321,-0.07636452,-0.46895027,-0.2057333,0.056923665,9.375908
-1.360321,6.366104,6.707077,-0.13234067,-0.03609705,-0.31502914,-0.17485595,0.14360142,9.548069
-1.3399811,6.3182526,6.7740784,-0.23036051,-0.081737995,-0.36473703,-0.19106293,-0.24155293,9.493718
-1.3363953,6.3110657,6.808777,-0.03546524,-0.39228582,-0.513082,-0.009232521,-0.11040834,9.169371
-1.3447723,6.2680054,6.82193,0.17354202,-0.4822154,-0.5322571,0.078157425,0.07941009,9.076219
-1.3615112,6.2608185,6.7202454,0.18953216,-0.4899726,-0.5581975,0.06838989,0.09521606,9.04913
-1.405777,6.2823486,6.628113,0.17873812,-0.2700901,-0.52351665,0.10482103,0.10983467,9.210066
-1.3579254,6.3230286,6.7178497,0.012125254,-0.17690945,-0.3477087,-0.07462168,-0.02127482,9.424126
-1.360321,6.3601227,6.928421,-0.09903872,-0.25827932,-0.014809608,0.17637062,-0.14666444,9.651348
-1.414154,6.357727,7.003784,-0.13664532,-0.37400723,0.12632656,0.34638357,-0.20723957,9.699033
-1.4596252,6.336197,7.0983124,-0.026220083,-0.51111364,-0.008112431,0.38836718,-0.12681428,9.498302
-1.3782654,6.345764,6.866211,-0.101408005,-0.5136237,-0.017293453,0.37337208,-0.20233475,9.499982
-1.3363953,6.3840485,6.845871,0.037956357,-0.4053192,-0.046295166,0.29406977,-0.04506628,9.524942
-1.331604,6.381653,6.777664,0.09902656,-0.17711258,-0.08670521,0.102015495,0.061045133,9.62075
-1.405777,6.381653,6.9044952,0.025428057,-0.15402079,-0.10517597,0.06103325,-0.00643616,9.628707
-1.4512482,6.3672943,7.031311,9.5939636E-4,-0.16166973,-0.11226463,0.05871296,-0.032187767,9.621561
-1.409378,6.354141,7.068405,0.046517134,-0.23368502,-0.3371663,-0.0056626797,0.012963295,9.394032
-1.3507538,6.345764,6.9870453,0.055583358,-0.24866915,-0.43991804,-0.012672424,0.06307125,9.302354
-1.3663025,6.357727,6.9595184,-0.026643038,-0.19786406,-0.5258045,-0.17225122,-0.06750065,9.2755165
-1.401001,6.3421783,6.878174,-0.046732545,-0.11591339,-0.5125017,-0.2321701,-0.06974781,9.338132
-1.3950195,6.320648,6.8243256,-0.20718825,-0.056045055,-0.55978537,-0.33548975,-0.21362622,9.358055
-1.331604,6.2823486,6.7322083,-0.029516459,-0.24926853,-0.44417048,-0.10195935,0.05944729,9.310299
-1.3292084,6.300308,6.731003,0.33986664,-0.12368202,-0.26985645,-0.0147128105,0.3071643,9.476403
-1.3758698,6.2703857,6.829117,0.051428676,-0.2346406,-0.3310213,-0.01292944,0.0023460314,9.397866
-1.3375854,6.2117615,6.833908,-0.009040713,-0.25781822,-0.38715887,-0.039530277,-0.06164886,9.347216
-1.3196411,6.251251,6.747757,0.39399278,-0.39656305,-0.4026265,0.117079735,0.3090932,9.202204
-1.3100739,6.2440643,6.5527496,0.26818883,-0.33632135,-0.36744165,0.07279873,0.197802,9.281651
-1.2538452,6.2811584,6.723831,-0.0039532185,-0.32156134,-0.44303608,-0.02543974,-0.06676926,9.2638855
-1.2203369,6.212967,6.8315125,-0.084575176,-0.30664492,-0.38776016,-0.014623642,-0.14291424,9.326125
-1.3411713,6.0598297,7.155731,-0.14599216,-0.24697638,-0.11053753,0.10199404,-0.19070822,9.588118
-1.3076782,6.1423798,7.019348,-0.30962563,-0.3336048,-0.1498251,-0.31497478,-0.22534037,9.524481
-1.3052826,6.2081757,6.805191,-0.21945047,-0.36715508,-0.26589537,0.090022564,-0.28549072,9.401616
-1.302887,6.234497,6.7537384,0.07418525,-0.38587236,-0.49959183,0.004898548,1.2128055E-4,9.171065
-1.2897339,6.202194,6.8769684,0.29491687,-0.23469591,-0.5941,-0.14046383,0.24572432,9.162521
-1.2562256,6.1986084,6.8769684,0.2590376,-0.25397873,-0.57952166,-0.12390518,0.2077717,9.167175
-1.2418823,6.201004,6.8410797,0.12450755,-0.36326075,-0.4209485,0.040066242,0.057139482,9.241152
-1.2658081,6.2321014,6.8650055,0.06608105,-0.5860629,-0.15863085,0.07236755,-0.36288166,9.32077
-1.3304138,6.221344,6.9631195,0.07927072,-0.6615143,-0.15025043,0.4350891,-0.03652449,9.281462
-1.3974152,6.2273254,7.0660095,0.06967056,-0.6969657,-0.35660648,0.33671522,-0.052027937,9.098342
-1.3926239,6.189041,7.1653137,0.0066717863,-0.45993614,-0.5972247,-0.07279801,-0.018272877,9.056564
-1.3399811,6.2153625,7.1593323,-0.05490899,-0.21379375,-0.734045,-0.28666687,-0.094836414,9.102113
-1.3746796,6.2309113,6.9475555,-0.28536916,-0.15870237,-0.6598468,-0.31419754,-0.31372786,9.219389
-1.351944,6.2392883,6.8853455,-0.30189323,-0.26920414,-0.3964486,-0.35519254,-0.022397518,9.366062
-1.3698883,6.2847443,6.9643097,-0.04809463,-0.4008355,-0.28038597,0.14641285,-0.1256668,9.354578
-1.3674927,6.34816,7.0863495,0.039746523,-0.52331924,-0.094329834,0.3708496,-0.063049525,9.428714
-1.3280182,6.3194427,7.134201,0.10011506,-0.6195102,0.120238304,0.58531,-0.02206996,9.551312
-1.3268127,6.299103,7.1030884,0.12544346,-0.53988886,-0.058963776,0.42648268,0.017527241,9.448185
-1.3746796,6.2883453,7.002594,0.33580673,-0.31898594,-0.16603851,0.2214508,0.2668394,9.457591
-1.3399811,6.294327,6.9427795,0.3014878,-0.17865229,-0.33360386,0.00946188,0.26008123,9.398765
-1.3208313,6.305084,6.9475555,-0.2730974,-0.13316202,-0.32742977,-0.112856865,-0.29531825,9.491096
-1.302887,6.2703857,6.9631195,0.0024416447,-0.14781857,-0.28472042,-0.033135414,-0.027071163,9.488703
-1.3292084,6.2895355,6.9152527,-0.068520546,-0.48669147,-0.3928318,-0.10149264,-0.21873355,9.2255
-1.2394867,6.2979126,6.849457,-0.083137155,-0.5056095,-0.31273365,0.23659849,-0.18008783,9.285167
-1.2598267,6.2703857,6.8327026,0.27333152,-0.12071562,0.2712555,0.2899313,0.24626713,9.941387
-1.2813568,6.278763,6.775284,-0.056803703,-0.22185946,0.42964077,0.4069624,-0.09501407,10.056437
-1.311264,6.2691956,6.7704926,-0.0022708178,-0.1704073,0.4747572,0.3988948,-0.030433834,10.113888
-1.3040924,6.250046,6.8027954,0.16076791,-0.18430948,0.24877739,0.21614945,-0.25875998,9.896258
-1.3088684,6.222534,6.86261,-0.027064323,-0.19061184,-0.1535883,0.06511021,-0.061430164,9.577212
-1.2562256,6.238083,6.855438,-0.040660262,-0.27706623,-0.26243877,0.069344044,-0.090461984,9.440179
-1.2669983,6.222534,6.9056854,0.014826775,-0.32907152,-0.28087807,0.102508545,-0.043876126,9.38836
-1.3543396,6.254837,6.8721924,0.06170082,-0.21652317,-0.72436047,-0.24728823,0.017225794,9.089754
-1.2753754,6.2979126,6.826721,0.06507254,-0.1774025,-0.8379736,-0.051139355,0.35602045,9.026561
-1.2012024,6.3385925,6.8362885,-0.01778078,-0.19516039,-0.842021,-0.36591148,-0.05938737,9.025635
-1.2658081,6.344574,6.875778,-0.15622258,-0.35330486,-0.5482893,-0.08643818,-0.2194394,9.178777
-1.2801666,6.381653,6.953537,-0.18183517,-0.42918968,-0.54965353,-0.034994125,-0.25743106,9.134422
-1.2765656,6.374481,7.00618,-0.036335945,-0.49384737,-0.43745422,0.1006484,-0.12307386,9.165328
-1.2466583,6.3553314,6.978668,0.18915725,-0.5942464,-0.3887596,0.23206997,0.08575666,9.114674
-1.2358856,6.427124,6.912857,0.22289717,-0.43971062,-0.666307,-0.061478138,0.1411286,8.99222
-1.351944,6.34816,6.999008,0.25815415,-0.4391446,-0.70667744,-0.090528965,0.17668515,8.958434
-1.3878326,6.34935,6.973877,0.32195246,-0.55357885,-0.62719727,0.050700665,0.22485766,8.940424
-1.3674927,6.3349915,6.9834595,0.11629534,-0.5406842,-0.5887003,0.04138279,0.025823116,9.000391
-1.3208313,6.300308,6.911667,0.09405136,-0.49935007,-0.62599134,-0.017352104,0.009799011,9.000633
-1.351944,6.3302155,6.8434753,0.20497727,-0.333014,-0.73530054,-0.20302296,0.14357942,9.011826
-1.3555298,6.354141,6.7333984,0.053673863,-0.26680517,-0.5300474,-0.13647318,0.0070583,9.226701
-1.3423767,6.3553314,6.9631195,0.037863016,-0.2536726,-0.3517871,-0.032057762,-0.004396878,9.372495
-1.3196411,6.3182526,7.0791626,-0.052612066,-0.1862793,-0.098155975,-0.06480682,-0.086788654,9.618581
-1.3411713,6.3553314,7.0169525,-0.083961606,-0.22108841,0.122677326,0.23753738,-0.11462892,9.769026
-1.3686981,6.345764,6.8482513,-0.17470872,-0.21385384,0.34149504,0.36245108,-0.20078123,9.952222
-1.3962097,6.315857,6.788437,-0.049566627,-0.3664112,0.3293786,0.48414612,-0.10008588,9.834749
-1.3328094,6.296707,6.7621155,0.26001096,-0.41597605,-0.091303825,0.28751373,0.19470006,9.448314
-1.2873383,6.3014984,6.734604,0.1955105,-0.44895267,-0.1414423,0.27396297,0.12626898,9.39581
-1.2945099,6.2907257,6.8697968,0.165779,-0.33288193,-0.11508179,0.19904518,0.11391731,9.492102
-1.3244324,6.2644043,6.9427795,-0.15120065,-0.08404398,0.07755995,0.09739733,-0.16102788,9.829552
-1.2993011,6.241684,6.7992096,-0.29560888,-0.020339489,0.236732,0.13252878,-0.2924997,10.008444
-0.9260254,6.250046,6.652054,-0.29078436,-0.001493454,0.25717115,0.1304698,-0.28449625,10.036289
-1.2143555,6.262024,6.6388855,-0.68049586,0.01803255,-0.083081245,-0.68251586,-0.062217712,9.831211
-1.2275238,6.24646,6.6424713,-0.37896407,-0.33541727,-0.30506897,0.013103962,-0.43343186,9.405214
-1.306488,6.2823486,6.9056854,0.11655235,-0.4148035,-0.41020155,0.065317154,0.040380254,9.216723
-1.3375854,6.2572327,6.977478,0.31023288,-0.35651922,-0.5150175,-0.027619362,0.24144512,9.15126
-1.2705841,6.2895355,7.022934,0.3254373,-0.31694794,-0.40523767,0.012982845,0.2652489,9.258875
-1.3339996,6.3385925,6.9834595,0.3083415,-0.3002324,-0.38479376,0.24385929,0.06435919,9.287353
-1.3280182,6.2488556,6.941574,0.18750155,-0.36697865,-0.42106247,0.02073431,0.1224965,9.230726
-1.3639069,6.180664,6.796814,0.23199773,-0.44829893,-0.6013708,-0.0331192,0.15214083,9.037106
-1.3651123,6.2703857,6.7704926,0.19953978,-0.49682283,-0.7393203,-0.0918355,0.11084843,8.905251
-1.3471527,6.263214,6.878174,0.124263525,-0.46432114,-1.1619897,-0.4025674,0.033937603,8.615833
-1.3722839,6.2895355,6.8973083,0.13982975,-0.42080545,-1.2055221,-0.06412959,0.46237063,8.6099825
-1.4117584,6.324234,6.9583282,0.10517669,-0.46161366,-1.1327033,-0.38719463,0.012257129,8.6417055
-1.360321,6.30867,7.0001984,-0.4404955,-0.706676,-0.6815319,0.0337224,-0.56243294,8.889893
-1.2909241,6.2979126,7.112671,-0.46334922,-0.8201103,-0.32727146,0.35072803,-0.6075943,9.097989
-1.3208313,6.2392883,7.0001984,-0.3686608,-0.78194666,-0.15543747,0.4457631,-0.5105417,9.247942
-1.3339996,6.2201385,6.928421,-0.019129992,-0.5296836,0.30521345,0.5951128,-0.11484608,9.724574
-1.3256226,6.276367,6.6831512,0.12204206,-0.3805437,0.36698103,0.5381532,0.054007143,9.849741
-1.3208313,6.3469543,6.6137543,0.18128526,-0.388875,0.40600634,0.57611465,0.113112986,9.871662
-1.380661,6.3589325,6.764511,0.20984924,-0.23767328,0.42804527,0.47457552,0.1706139,9.978162
-1.3950195,6.299103,6.999008,0.08854365,-0.030893326,0.09450674,0.0932641,0.08346705,9.852048
-1.3866425,6.2524414,7.0001984,0.094863415,-0.019296646,-0.017058372,0.016407967,0.089723766,9.770006
-1.3471527,6.2309113,6.879364,0.22842765,0.042178154,-0.25627995,-0.1632905,0.22706293,9.603141
-1.2849426,6.276367,6.7369995,0.25089598,-0.047911167,-0.35963202,-0.15731621,0.23230094,9.466258
-1.3244324,6.2201385,6.7537384,0.24305665,-0.061477184,-0.34808826,-0.14283991,0.22258316,9.468901
-1.3005066,6.221344,6.7788696,-0.3300693,-0.21768475,-0.30805683,-0.063130856,-0.36698043,9.471133
-1.3220367,6.262024,6.7621155,-0.70015025,-0.10446739,0.07021904,-0.6533146,-0.27217197,9.878458
-1.2658081,6.3182526,6.84227,-0.57804585,-0.4625101,0.10510731,0.35233498,-0.64555395,9.671667
-1.306488,6.320648,6.84227,-0.43542314,-0.3176155,0.038015366,0.21394491,-0.48278618,9.692357
-1.3339996,6.345764,6.9188538,-0.20353031,-0.2008338,-0.41701078,-0.13474846,-0.24124041,9.383207
-1.3471527,6.336197,6.9667053,-0.15252423,-0.19968271,-0.48212528,-0.17370749,-0.19053909,9.328004
-1.2454681,6.3302155,6.9439697,0.1210525,-0.21581984,-0.6265297,0.017191648,0.23721218,9.176408
-1.2095642,6.3397827,6.825531,0.20659673,-0.16984987,-0.583776,0.110710025,0.26106215,9.23053
-1.2921295,6.2656097,6.768097,0.16416156,-0.23786926,-0.5511551,-0.16483974,0.11866446,9.218391
-1.2969055,6.2775726,6.809967,0.09238577,-0.28428698,-0.51877975,-0.1188159,0.041962013,9.221321
-1.282547,6.30748,6.775284,0.09346366,-0.40804005,-0.47555637,-4.8398972E-4,0.02729579,9.17369
-1.2705841,6.4079742,6.6879425,0.14483202,-0.5698643,-0.36082888,0.20012903,0.058332257,9.14903
-1.2693939,6.440277,6.850647,0.1505692,-0.56141615,-0.20182848,0.2999587,0.0684067,9.27379
-1.3495483,6.45224,6.945175,0.114825845,-0.45542955,-0.1977129,0.22103167,0.047886252,9.349985
-1.331604,6.258423,7.0133667,0.10982078,-0.39984608,-0.10985279,0.23754883,0.052289046,9.4533205
-1.3471527,6.3134613,6.9344025,0.11307418,-0.3433175,0.029029846,0.28716612,0.06571989,9.595198
-1.3471527,6.3517456,6.929611,0.12517458,-0.17587662,0.04427147,0.17286396,0.100766905,9.714317
-1.4069824,6.3505554,6.8841553,0.22911155,0.11889553,-0.24141693,-0.22573566,0.23924679,9.677365
-1.3842468,6.3756714,6.8650055,0.23844093,0.13699722,-0.3076992,-0.2823534,0.24955788,9.63843
-1.3507538,6.3732758,6.8937225,0.19472855,0.12929869,-0.31621552,-0.2865405,0.20503779,9.632055
-1.3016968,6.3876343,6.932007,0.048646092,0.057031155,-0.24046516,-0.1957593,0.052066907,9.656951
-1.3471527,6.364914,6.9643097,-0.15787435,0.04136896,-0.16995668,-0.15670109,-0.15340424,9.720436
-1.3639069,6.3720856,6.928421,-0.32658982,-0.049275875,-0.17849874,-0.11116648,-0.3327008,9.672848
-1.2957153,6.3110657,6.7824554,-0.39960325,0.02773714,-0.23306274,-0.2129631,-0.39467856,9.689835
-1.2933197,6.3134613,6.6783752,-0.34621215,0.0120129585,-0.27370787,-0.39170325,0.12349367,9.644659
-1.2753754,6.3098755,6.665207,-0.15256214,0.043294907,-0.31357956,-0.2541523,-0.1490453,9.615147
-1.3220367,6.294327,6.654434,0.022985816,-0.087191105,-0.3376894,-0.1567645,0.005684778,9.494307
-1.3375854,6.3804626,6.7130585,0.07415748,-0.17938519,-0.3332863,-0.081635,0.043449037,9.432209
-1.3339996,6.422333,6.8482513,0.26245552,-0.40321445,-0.27532387,0.1384573,0.20167936,9.309233
-1.3148499,6.4163513,6.928421,0.38357526,-0.45344496,-0.17902422,0.3785498,-0.14264297,9.3363905
-1.3184509,6.2931213,7.055237,0.37040627,-0.5378947,-0.16779804,0.37790227,-0.21505356,9.291258
-1.3268127,6.2703857,7.0085754,0.2601365,-0.69015694,-0.1463108,0.4368472,0.1722211,9.21937
-1.3555298,6.22493,6.845871,0.19057202,-0.63979435,-0.17724895,0.21267664,-0.32640886,9.236301
-1.3914337,6.2907257,6.693924,0.037248135,-0.4998436,-0.30196095,0.17646313,-0.029271528,9.2495
-1.3758698,6.305084,6.7214355,-0.08926469,-0.38212538,-0.37467432,0.030614376,-0.14344995,9.284296
-1.3447723,6.386444,6.961914,-0.2508191,-0.37654495,-0.47794008,-0.055646896,-0.3068709,9.2271185
-1.3842468,6.3553314,7.0695953,-0.18805039,-0.36337662,-0.53184843,-0.097797394,-0.24488625,9.189613
-1.3543396,6.30748,7.122238,-0.06923711,-0.23321581,-0.6091757,-0.23750067,-0.11258736,9.205654
-1.3016968,6.291931,7.039688,0.055746675,-0.20348644,-0.7322998,-0.33424044,0.012202993,9.121878
-1.249054,6.2285156,6.809967,0.12255812,-0.20050621,-0.7816906,-0.3666954,0.07758744,9.081545
-1.2251282,6.242874,6.757324,0.10396588,-0.15024376,-0.72444487,-0.36938572,0.06642999,9.160629
-1.2370911,6.212967,6.65683,0.06894934,-0.20526886,-0.5743513,-0.23078823,0.028061643,9.238567
-1.2466583,6.273987,6.644867,0.07142472,-0.28483438,-0.28011227,0.027302742,0.027641162,9.402688
-1.2801666,6.273987,6.798004,0.15139139,-0.34114218,-0.1696372,0.15021753,0.10251059,9.439226
-1.277771,6.305084,6.970291,0.23063385,-0.45021963,-0.039033413,0.32565165,0.17050828,9.456948
-1.3423767,6.3146515,6.9511566,0.26275074,-0.38849926,-0.031872272,0.2888651,0.21008037,9.501022
-1.3375854,6.196213,6.9439697,0.13532686,-0.3305874,-0.0035991669,0.2556734,0.09100723,9.57435
-1.3567352,6.138794,7.0049896,0.11068761,-0.20737791,-0.1720519,0.052437782,0.07670687,9.530561
-1.360321,6.2368927,6.8925323,0.2975831,-0.14407396,-0.23031044,-0.014590263,0.2681337,9.506239
-1.3902283,6.3421783,6.777664,-0.07483482,-0.17970085,-0.16832018,0.019553185,-0.10501082,9.572523
-1.3591309,6.344574,6.9798584,-0.40498972,-0.09598303,-0.0049881935,0.025257587,-0.41513634,9.789973
-1.3016968,6.2357025,7.1940155,-0.5689167,-0.101685524,0.28807354,0.19174004,-0.5729588,10.034567
-1.306488,6.171097,7.1078796,-0.5351503,-0.08862162,0.35885906,0.22533655,-0.5369187,10.096412
-1.3639069,6.1914215,6.973877,-0.6058372,-0.008774757,0.16209984,0.026492596,-0.59482574,10.003811
-1.3184509,6.2476654,6.7417755,-0.522774,0.0135650635,0.023377419,-0.068825245,-0.51062536,9.899106
-1.257431,6.2368927,6.837494,-0.30318952,-0.18060875,0.16816092,0.20085144,-0.3297386,9.8679085
-1.2861481,6.229721,6.899704,-0.16507566,-0.25862026,0.081884384,0.22812033,-0.20938697,9.736239
-1.3698883,6.2488556,6.8841553,0.023985386,-0.25634766,-0.0509243,0.17181873,-0.023713462,9.609677
-1.3782654,6.238083,6.8697968,0.29710007,-0.10015488,-0.29614782,0.23866642,0.1424694,9.476888
-1.3351898,6.20578,7.034897,0.34868145,-0.07863617,-0.38020515,-0.12802982,0.3238254,9.41798
-1.3184509,6.172287,7.043274,0.47371376,-0.15319872,-0.49996042,-0.13035202,0.43350568,9.265433
-1.2873383,6.197403,6.8159485,0.54510176,-0.2214818,-0.58449936,0.44026244,0.25113964,9.1502
-1.2993011,6.22612,6.7836456,0.34579706,-0.5198703,-0.6563425,0.24994636,0.020805359,8.936179
-1.3280182,6.1986084,6.9344025,0.21815705,-0.6769476,-0.5225439,0.2386427,0.099110305,8.962771
-1.2837524,6.258423,6.896118,-0.06700909,-0.37611198,-0.38283873,0.056752205,-0.13369656,9.285669
-1.2299042,6.2895355,6.8949127,-0.11395824,-0.103643894,-0.46903658,-0.21544123,-0.13927424,9.384855
-1.2849426,6.242874,6.9427795,-0.021174788,-0.021950722,-0.46191502,-0.26483822,-0.033287972,9.428434
-1.2993011,6.242874,7.0121613,-0.45994008,0.029155254,-0.83550787,-0.59452343,-0.46065897,9.219451
-1.298111,6.2117615,6.969101,-0.6077963,-0.08049631,-1.1376233,-0.7259555,-0.6289636,8.942082
-1.2634125,6.273987,6.9547424,-0.50505054,-0.11899519,-1.1247749,-0.6796652,0.52704906,8.91523
-1.2945099,6.283554,6.9463654,-0.2216748,-0.29448462,-0.37152672,-0.28894734,-0.036746025,9.371848
-1.3256226,6.2524414,6.9559326,-0.011065006,-0.30562925,-0.06330776,0.2021966,-0.084546,9.5841465
-1.3184509,6.22612,6.9104767,0.06927669,-0.34634733,-0.057878494,0.2553339,-0.016715772,9.556389
-1.311264,6.2727814,6.84227,0.010311365,-0.4280696,0.07380772,0.38573742,-0.09147773,9.628785
-1.2897339,6.30748,6.775284,-0.1258471,-0.29814053,0.0074863434,0.2191,-0.19255996,9.666305
-1.3435669,6.3469543,6.8279266,-0.13858318,-0.22612524,-0.05388069,-0.1579566,-0.16027594,9.65631
-1.3435669,6.263214,7.0372925,0.46890604,-0.0242095,-0.5387535,0.3954236,0.29548216,9.289886
-1.3160553,6.234497,6.98584,0.84327674,0.107889175,-0.7424512,0.745592,0.54149103,9.154831
-1.2478638,6.3230286,6.7298126,0.15132916,-0.046269417,-0.8600559,-0.44714403,0.123592526,9.0653515
-1.2658081,6.2668,6.8004,-0.5868982,-0.17849731,0.49442196,0.35219765,-0.6003272,10.175877
-1.3160553,6.2165527,6.9068756,0.2625686,-0.2891035,-0.016128063,0.25493145,0.20590207,9.593584
-1.3986053,6.254837,6.859024,-0.29387498,0.378747,-0.29398346,-0.51279545,-0.22955331,9.830831
-1.3459625,6.3828583,6.8350983,1.5162305,-0.64207125,0.25603056,0.8434315,1.392632,9.451742
-1.2789612,6.4031982,6.891327,-0.42132652,-0.123194695,0.06371641,0.09124279,-0.43350995,9.828935
-1.2610168,6.3182526,6.9463654,-0.6947694,0.2187233,0.11715746,-0.15947962,-0.65464133,10.1071205
-1.2945099,6.3338013,6.86261,-0.16196024,-0.19571257,0.06934261,0.17873335,-0.18563595,9.7524605
-1.2909241,6.3637085,6.8434753,-0.124138,-0.31152058,-0.39656973,-0.041598797,-0.17570949,9.319702
-1.3567352,6.3517456,6.7908325,0.0023180246,-0.4752736,-0.76613855,-0.16629362,-0.08258523,8.924389
-1.3339996,6.3098755,6.9678955,0.10283768,-0.4712181,-0.7640457,-0.16925526,0.01741618,8.919273
-1.3100739,6.340973,7.339981,0.34100556,-0.3792963,-0.7495308,-0.2173276,0.26610762,8.967662
-1.3663025,6.3924255,6.953537,0.46041703,-0.54929495,-0.62250423,-0.0028715134,0.36450064,8.930094
-1.3471527,6.4414825,6.870987,0.11776197,-0.40349245,-0.3161292,0.07537651,0.051799953,9.288725
-1.2191467,6.4546356,6.8901367,-0.24721408,-0.040547848,-0.15275145,-0.09835434,-0.2547903,9.699411
-1.298111,6.3672943,7.002594,-0.36684465,0.07412195,-0.56675196,-0.48075008,-0.36887646,9.499914
-1.2801666,6.3397827,6.9391785,-0.34750187,0.083436966,-0.5953336,-0.505672,-0.34938252,9.483589
-1.2957153,6.32901,6.908081,0.19131649,-0.4707036,-0.7586565,-0.18443537,0.09999226,8.917995
-1.2658081,6.332611,6.886551,0.14810824,-0.278996,-0.78387594,-0.3395896,0.08388847,9.037315
-1.2215424,6.324234,6.8410797,0.07682991,-0.49477148,-0.8722477,-0.2501788,-0.01834555,8.832693
-1.2322998,6.3517456,6.7740784,-0.31097007,-0.82174873,-0.37400007,-0.33934224,-0.4018922,9.009669
-1.249054,6.376877,6.7836456,-0.09821546,-0.60577345,-0.07961798,0.37551928,-0.17442852,9.34675
-1.2023926,6.3840485,6.8482513,0.15003681,-0.3420949,-0.1499381,0.15468979,0.103600726,9.449776
-1.2167511,6.378067,6.8733826,0.11580801,-0.4715724,-0.40491772,0.07322502,0.0471787,9.180422
-1.2526398,6.3026886,6.9176483,0.009709954,-0.4857297,-0.63397884,-0.07758236,-0.06632103,9.014477
-1.2610168,6.2859497,6.7992096,0.18795061,-0.31705475,-0.40288353,-0.032383442,0.13901705,9.2795925
-1.2478638,6.3314056,6.6257324,0.28675056,-0.38049555,-0.17756367,0.2737441,-0.11324167,9.393405
-1.1820526,6.3804626,6.653244,0.1332168,-0.39480162,-0.29966164,0.093518734,0.08347607,9.308958
-1.2335052,6.354141,6.82193,0.0019442439,-0.31659794,-0.5917568,-0.16681528,-0.050386027,9.158539
-1.2478638,6.30748,6.9092712,-0.056598604,-0.2915225,-0.825758,-0.3449564,-0.11469561,9.007956
-1.2251282,6.3182526,6.849457,0.04889089,-0.13852406,-0.61417913,-0.3072071,0.012990579,9.255061
-1.2669983,6.34816,6.8602295,0.1384213,-0.044713974,-0.57595205,-0.3457632,0.112433806,9.336878
-1.2729797,6.295517,6.8004,-0.13161528,-0.24327517,-0.05418825,-0.12379646,-0.16956758,9.6186
-1.2227325,6.3194427,6.7657013,-0.3531778,-0.17197561,0.08441162,-0.32262635,-0.23908663,9.79303
-1.2538452,6.3804626,6.8207397,-0.26131535,-0.17314291,0.29652166,0.30645323,-0.26922467,9.947342
-1.2658081,6.2907257,6.8937225,0.017408907,-0.21507978,0.2958088,0.07834947,-0.346457,9.895499
-1.3005066,6.30867,6.941574,0.17881083,-0.1939063,0.24046278,0.31602,0.15994596,9.85074
-1.3088684,6.3732758,6.9188538,0.09684956,-0.25414276,0.2521696,0.36324167,0.070860624,9.830983
-1.311264,6.357727,6.9427795,0.025520444,-0.06412649,0.13048458,0.1343708,0.020717502,9.86414
-1.2897339,6.3218384,6.9559326,0.1709621,-0.054419518,-0.1330986,-0.029010773,0.15826672,9.651684
-1.311264,6.3349915,6.7669067,0.13324773,-0.19535637,-0.19660473,0.034292698,0.09950869,9.517695
-1.3016968,6.39003,6.6484528,-0.022615433,-0.25516415,-0.46214056,-0.106025696,-0.07147688,9.293968
-1.2406769,6.3720856,6.7740784,0.040854216,-0.13996744,-0.7630491,-0.38536978,-0.0011428744,9.132119
-1.3005066,6.2931213,6.981064,0.0364635,-0.13004589,-0.789124,-0.41150665,-0.0038561076,9.119915
-1.2885284,6.305084,7.019348,-0.076755166,-0.24324226,-0.59571457,-0.21081829,-0.12712324,9.20721
-1.3926239,6.340973,6.908081,-0.16853964,-0.30640793,-0.24856806,-0.19100916,-0.11983156,9.441639
-1.5302124,6.3397827,6.9152527,-0.07775557,-0.3611412,-0.14332962,0.17302132,-0.13598154,9.477129
-1.3375854,6.2668,6.9068756,-0.022678733,-0.32809114,-0.29521418,0.056832314,-0.08132084,9.375993
-1.2945099,6.32782,6.837494,-0.07863283,-0.32584524,-0.44469738,-0.04695463,-0.1406934,9.269888
-1.2586212,6.394821,6.742981,-0.08611095,-0.19212627,-0.5930257,-0.24519444,-0.13096175,9.2420845
-1.179657,6.3062897,6.7333984,0.034653783,-0.15664434,-0.79056406,-0.386559,-0.010462567,9.0987
-1.311264,6.3230286,6.9475555,0.2840985,-0.3405509,-0.7795477,-0.2125392,0.20618924,8.9600725
-1.2358856,6.3230286,6.9678955,0.47910368,-0.42443943,-0.74686,-0.10453844,0.38813362,8.908923
-1.2047882,6.3218384,6.8685913,0.5063151,-0.43787336,-0.7084775,-0.06414032,0.41589147,8.927474
-1.0791626,6.2823486,7.076767,0.36452186,-0.4084158,-0.6595144,0.25829935,0.13450527,9.00053
-1.1270142,6.296707,7.104294,0.25513256,-0.30852556,-0.57533264,-0.101905346,0.19184658,9.140243
-1.0169525,6.2847443,6.867401,0.096505046,-0.022538185,-0.4782915,-0.27671432,0.0825689,9.412703
-1.1928253,6.3421783,6.5730896,-0.24457526,0.1272583,-0.3025546,-0.3205862,-0.22412546,9.686054
-1.1114655,6.3601227,6.612564,-0.27187335,0.10972643,-0.24418926,-0.2746873,-0.25210965,9.72559
-1.0791626,6.418747,6.551544,-0.024016619,0.111551285,-0.14601612,-0.04665351,0.17567062,9.770532
-0.9403839,6.5072784,6.6065826,-0.08474457,0.019937992,-0.06929684,-0.07086897,-0.08096787,9.778313
-1.429718,6.423538,7.1449738,-0.25913262,-0.19243717,0.425282,-0.1836325,-0.4441123,10.039223
-1.2646027,6.049057,7.3758698,-0.22542632,-0.24117184,0.5095339,0.48366356,-0.25764257,10.0679865
-1.0600128,6.4665985,6.9750824,-0.088652134,-0.41047716,0.27882147,0.47683573,-0.15840447,9.766304
-0.95832825,6.296707,6.4079742,-0.10706937,-0.4223423,-0.12750244,0.2156105,-0.18514791,9.452637
-0.707077,6.39003,6.2153625,-0.15026402,-0.43237638,-0.26365328,0.12580967,-0.2317396,9.3489275
-0.830307,6.2680054,7.0875397,0.218557,-0.37227535,-0.052274704,-0.12750572,0.27302504,9.493141
-1.0193481,6.317047,7.392624,0.026433706,-0.2697358,0.2029767,0.0,0.0,0.0
-1.1042938,6.3421783,7.4368896,-0.050162315,-0.21887732,0.2249732,0.0,0.0,0.0
-1.4021912,6.2596283,7.330414,-0.32963932,-0.2827778,0.10428476,0.0,0.0,0.0
-1.5361938,6.2117615,7.2299194,-0.4270228,-0.31870508,-0.0014796257,0.0,0.0,0.0
-1.578064,6.364914,7.0384827,-0.438931,-0.16751528,-0.18648338,0.0,0.0,0.0
-1.5146637,6.4654083,6.757324,-0.3353578,-0.086331844,-0.44367027,0.0,0.0,0.0
-1.3459625,6.5371857,6.5611267,-0.14714897,-0.034230232,-0.61868715,0.0,0.0,0.0
-1.2275238,6.508484,6.5682983,-0.016780019,-0.08192444,-0.59207916,0.0,0.0,0.0
-1.2933197,6.6687927,6.7501526,-0.065862656,0.0683403,-0.39811754,0.0,0.0,0.0
-1.655838,6.4008026,6.2656097,-0.40308237,-0.22429991,-0.8554163,0.0,0.0,0.0
-1.2801666,6.357727,6.5730896,-0.02184236,-0.2754674,-0.53941584,0.0,0.0,0.0
-1.1569366,6.3194427,6.775284,0.086022615,-0.29478836,-0.3575554,0.0,0.0,0.0
-0.9056854,6.2165527,7.3854523,0.30476475,-0.35039234,0.20350075,0.0,0.0,0.0
-0.8446655,6.22612,7.3734894,0.34913862,-0.32035494,0.17009544,0.0,0.0,0.0
-0.9762726,6.2691956,7.274185,0.20697021,-0.26859045,0.061163902,0.0,0.0,0.0
-1.2658081,6.3026886,7.261017,-0.08592224,-0.23408222,0.04652548,0.0,0.0,0.0
-1.2945099,6.3134613,7.294525,-0.11852455,-0.22304201,0.07915497,0.0,0.0,0.0
-1.2538452,6.2883453,7.1940155,-0.09058082,-0.24805593,-0.023509026,0.0,0.0,0.0
-1.146164,6.273987,6.8973083,0.0017668009,-0.2766714,-0.30973816,0.0,0.0,0.0
-1.1401825,6.32782,6.6101685,9.7084045E-4,-0.24315453,-0.5794387,0.0,0.0,0.0
-1.2382813,6.3684998,6.440277,-0.099529386,-0.22658968,-0.7275977,0.0,0.0,0.0
-1.2849426,6.4139557,6.417557,-0.14627123,-0.20861006,-0.7249522,0.0,0.0,0.0
-1.1605225,6.447464,6.448654,-0.027935863,-0.18654966,-0.6841922,0.0,0.0,0.0
-1.0014038,6.427124,6.531204,0.11795306,-0.21156931,-0.5993762,0.0,0.0,0.0
-0.8530426,6.5599213,6.707077,0.26263857,-0.07853699,-0.42429876,0.0,0.0,0.0
-0.7453613,6.468994,6.526428,0.37106848,-0.1810751,-0.59400415,0.0,0.0,0.0
-0.899704,6.2691956,6.9463654,0.21098459,-0.36814404,-0.18683004,0.0,0.0,0.0
-0.98583984,6.1663055,7.4931183,0.11733949,-0.4453988,0.33499384,0.0,0.0,0.0
-0.9643097,6.2069855,7.593628,0.12932348,-0.35536337,0.38877344,0.0,0.0,0.0
-0.95832825,6.241684,7.4691925,0.13338101,-0.30735064,0.25194216,0.0,0.0,0.0
-1.2717896,6.3804626,7.0468597,-0.169595,-0.17961311,-0.15876055,0.0,0.0,0.0
-1.2526398,6.3469543,6.7824554,-0.1441505,-0.22530842,-0.4110837,0.0,0.0,0.0
-1.0181427,6.3182526,6.538391,0.0904398,-0.26891136,-0.64149046,0.0,0.0,0.0
-0.97387695,6.376877,6.476181,0.12904441,-0.23147869,-0.6850748,0.0,0.0,0.0
-1.0887299,6.366104,6.528824,0.012138844,-0.25214195,-0.6236086,0.0,0.0,0.0
-1.2012024,6.357727,6.6687927,-0.09609687,-0.26319456,-0.48050976,0.0,0.0,0.0
-1.1760712,6.374481,6.9044952,-0.06006396,-0.23886538,-0.25012302,0.0,0.0,0.0
-1.0815582,6.361313,7.0253296,0.03551972,-0.24050188,-0.13976383,0.0,0.0,0.0
-1.1198425,6.3385925,7.147354,-0.00357306,-0.2532091,-0.027078629,0.0,0.0,0.0
-1.1042938,6.2656097,7.176071,0.010574579,-0.3157587,-0.008150578,0.0,0.0,0.0
-1.1676941,6.3062897,7.0947266,-0.053350925,-0.2669754,-0.096992016,0.0,0.0,0.0
-1.1808624,6.332611,6.9918213,-0.065134406,-0.24182749,-0.19860983,0.0,0.0,0.0
-1.188034,6.3732758,6.8638153,-0.06995976,-0.20946407,-0.31865168,0.0,0.0,0.0
-1.1904297,6.3720856,6.833908,-0.071413636,-0.21678448,-0.34278917,0.0,0.0,0.0
-0.9786682,6.3266296,6.6759796,0.13738155,-0.2701335,-0.4939251,0.0,0.0,0.0
-0.9020996,6.3421783,6.686737,0.20949876,-0.26165056,-0.47735262,0.0,0.0,0.0
-0.89849854,6.303894,6.7920227,0.20462096,-0.30325937,-0.37031174,0.0,0.0,0.0
-1.1377869,6.2608185,7.0121613,-0.03331387,-0.339849,-0.15594244,0.0,0.0,0.0
-1.2143555,6.3014984,7.0959167,-0.10057759,-0.2879405,-0.081073284,0.0,0.0,0.0
-1.2873383,6.4091797,7.052841,-0.16711533,-0.17870426,-0.124572754,0.0,0.0,0.0
-1.2873383,6.4905243,6.826721,-0.16015732,-0.110384464,-0.33762455,0.0,0.0,0.0
-1.2335052,6.4749756,6.768097,-0.103544354,-0.13691616,-0.3856759,0.0,0.0,0.0
-1.1222382,6.3840485,6.8147583,0.0039645433,-0.23765373,-0.3305273,0.0,0.0,0.0
-1.0887299,6.3314056,7.112671,0.029955387,-0.28889942,-0.035090446,0.0,0.0,0.0
-1.022934,6.2895355,7.215561,0.08952546,-0.32617855,0.062579155,0.0,0.0,0.0
-0.928421,6.3062897,7.080368,0.17405033,-0.31456852,-0.06940031,0.0,0.0,0.0
-0.9224396,6.337387,6.8530426,0.17352486,-0.29649258,-0.28564692,0.0,0.0,0.0
-0.9451599,6.3469543,6.7585297,0.14613259,-0.3017521,-0.3670702,0.0,0.0,0.0
-1.0588226,6.427124,6.6221313,0.027482271,-0.24480438,-0.4824934,0.0,0.0,0.0
-1.0695953,6.5025024,6.504883,0.017201185,-0.18427992,-0.5856886,0.0,0.0,0.0
-1.1114655,6.5036926,6.5060883,-0.023488998,-0.20268488,-0.5657706,0.0,0.0,0.0
-1.138977,6.4869385,6.530014,-0.04951477,-0.22438622,-0.5369215,0.0,0.0,0.0
-1.0863342,6.5192413,6.6843567,0.0024642944,-0.19126272,-0.38346052,0.0,0.0,0.0
-1.1437683,6.47139,6.7812653,-0.053224087,-0.23232603,-0.29272223,0.0,0.0,0.0
-1.1210327,6.317047,6.855438,-0.029744029,-0.3805132,-0.22426224,0.0,0.0,0.0
-1.0205383,6.2153625,6.960724,0.06860137,-0.4656887,-0.13488913,0.0,0.0,0.0
-0.93200684,6.263214,7.0049896,0.1562047,-0.4082241,-0.099803925,0.0,0.0,0.0
-0.9559326,6.3732758,6.9547424,0.13246763,-0.29175425,-0.156034,0.0,0.0,0.0
-1.1174469,6.401993,6.9427795,-0.024152279,-0.26236868,-0.16787338,0.0,0.0,0.0
-1.2047882,6.3840485,6.8279266,-0.10474992,-0.28212452,-0.2799878,0.0,0.0,0.0
-1.1760712,6.4031982,6.756134,-0.06619787,-0.27130222,-0.3424301,0.0,0.0,0.0
-1.1533356,6.455841,6.580261,-0.037718058,-0.22926235,-0.5074167,0.0,0.0,0.0
-1.2346954,6.4701996,6.653244,-0.11237228,-0.22609854,-0.42279768,0.0,0.0,0.0
-1.2418823,6.443878,6.703491,-0.116645575,-0.2521062,-0.37238503,0.0,0.0,0.0
-1.2466583,6.4414825,6.84227,-0.11930251,-0.25033426,-0.23721075,0.0,0.0,0.0
-1.2466583,6.4426727,6.9044952,-0.11577225,-0.24451876,-0.178792,0.0,0.0,0.0
-1.1904297,6.4426727,6.9044952,-0.0557909,-0.23994637,-0.18250561,0.0,0.0,0.0
-1.0432739,6.3720856,6.8949127,0.08858752,-0.3074355,-0.19545221,0.0,0.0,0.0
-0.9559326,6.3684998,6.9355927,0.1659354,-0.30560255,-0.1614604,0.0,0.0,0.0
-0.9762726,6.3672943,6.912857,0.14207923,-0.30558777,-0.1858983,0.0,0.0,0.0
-0.93200684,6.399597,6.8027954,0.18459952,-0.27758217,-0.29219246,0.0,0.0,0.0
-0.89611816,6.4127655,6.8004,0.21752179,-0.2672596,-0.29237556,0.0,0.0,0.0
-0.92004395,6.406784,6.928421,0.18886983,-0.27202225,-0.16624212,0.0,0.0,0.0
-1.0887299,6.3936157,7.010971,0.020210266,-0.2768469,-0.091533184,0.0,0.0,0.0
-1.0911255,6.4008026,6.8350983,0.02225864,-0.26913595,-0.26720285,0.0,0.0,0.0
-1.1222382,6.4008026,6.7657013,-0.0049592257,-0.27960873,-0.32613754,0.0,0.0,0.0
-1.1605225,6.4342957,6.7046814,-0.04089701,-0.25322676,-0.38008165,0.0,0.0,0.0
-1.3220367,6.476181,6.6783752,-0.19421792,-0.21907711,-0.39777708,0.0,0.0,0.0
-1.2658081,6.5192413,6.5862427,-0.13275552,-0.18298769,-0.4824705,0.0,0.0,0.0
-1.1401825,6.447464,6.6101685,-0.0037260056,-0.26155424,-0.4515543,0.0,0.0,0.0
-1.134201,6.3505554,6.7920227,9.1695786E-4,-0.35759354,-0.27074146,0.0,0.0,0.0
-1.1652985,6.344574,6.9272156,-0.029386759,-0.35490417,-0.14364624,0.0,0.0,0.0
-1.085144,6.394821,6.8482513,0.052534938,-0.29946756,-0.22723961,0.0,0.0,0.0
-1.0995026,6.3912354,6.7453613,0.039004683,-0.30569935,-0.32749176,0.0,0.0,0.0
-1.0947113,6.4259186,6.795624,0.04544902,-0.2735076,-0.27460337,0.0,0.0,0.0
-1.183258,6.422333,6.88295,-0.04268217,-0.27534676,-0.18886471,0.0,0.0,0.0
-1.1449585,6.337387,6.7501526,-0.0030124187,-0.36133194,-0.32045603,0.0,0.0,0.0
-1.0995026,6.3708954,6.644867,0.04267907,-0.33311558,-0.42068672,0.0,0.0,0.0
-1.125824,6.4008026,6.6723785,0.014992118,-0.30828714,-0.3885727,0.0,0.0,0.0
-1.071991,6.43071,6.674774,0.06532538,-0.2779727,-0.3871293,0.0,0.0,0.0
-0.9954071,6.459427,6.6807556,0.13811815,-0.25034857,-0.38071823,0.0,0.0,0.0
-1.0875397,6.45105,6.7501526,0.04636991,-0.2603221,-0.30974293,0.0,0.0,0.0
-1.2538452,6.4091797,6.948761,-0.11386478,-0.29524136,-0.11675882,0.0,0.0,0.0
-1.2933197,6.4414825,6.9559326,-0.14944923,-0.2537837,-0.11763525,0.0,0.0,0.0
-1.249054,6.4785614,6.8602295,-0.10425675,-0.21478128,-0.21500826,0.0,0.0,0.0
-1.1676941,6.5348053,6.644867,-0.025134206,-0.16722202,-0.4225073,0.0,0.0,0.0
-1.0755768,6.5324097,6.5766754,0.057689905,-0.18268728,-0.47978067,0.0,0.0,0.0
-0.9906311,6.4941254,6.620941,0.13855648,-0.22293329,-0.4343009,0.0,0.0,0.0
-0.9056854,6.423538,6.9056854,0.22008026,-0.2933426,-0.15027332,0.0,0.0,0.0
-0.8913269,6.3924255,6.9391785,0.21808505,-0.30733728,-0.13562012,0.0,0.0,0.0
-1.0552368,6.357727,6.9714813,0.047201514,-0.33017015,-0.115623,0.0,0.0,0.0
-1.1736755,6.381653,6.9655,-0.06337321,-0.29813194,-0.12802505,0.0,0.0,0.0
-1.2263184,6.4450684,6.8949127,-0.1115154,-0.23354578,-0.19900846,0.0,0.0,0.0
-1.2550354,6.504883,6.71904,-0.13551974,-0.17646694,-0.37156248,0.0,0.0,0.0
-1.2012024,6.530014,6.5898285,-0.07443631,-0.16443872,-0.4872532,0.0,0.0,0.0
-1.2035828,6.4630127,6.5814514,-0.07400727,-0.23487473,-0.49193144,0.0,0.0,0.0
-1.1365967,6.4139557,6.5970154,-0.0053163767,-0.28884125,-0.47144365,0.0,0.0,0.0
-1.0014038,6.4055786,6.628113,0.12896371,-0.29757118,-0.44015694,0.0,0.0,0.0
-0.8877411,6.435501,6.8243256,0.2320956,-0.2598791,-0.25297928,0.0,0.0,0.0
-0.90089417,6.4115753,6.920044,0.2089634,-0.2649827,-0.17658758,0.0,0.0,0.0
-0.8913269,6.3397827,7.0863495,0.21194875,-0.32095146,-0.02616024,0.0,0.0,0.0
-1.1150513,6.325424,7.1653137,-0.012593389,-0.3128667,0.03172636,0.0,0.0,0.0
-1.2167511,6.315857,7.1282196,-0.10752618,-0.31689262,-0.009471893,0.0,0.0,0.0
-1.3040924,6.3876343,6.936798,-0.18648827,-0.24720001,-0.19764805,0.0,0.0,0.0
-1.2957153,6.460617,6.727417,-0.17018235,-0.18591976,-0.39487982,0.0,0.0,0.0
-1.2047882,6.4546356,6.604187,-0.079113126,-0.2002635,-0.5102744,0.0,0.0,0.0
-1.0899353,6.4701996,6.5982056,0.033952117,-0.19397783,-0.50784826,0.0,0.0,0.0
-1.1688995,6.4426727,6.715454,-0.043326497,-0.22219896,-0.38968182,0.0,0.0,0.0
-1.085144,6.357727,6.9559326,0.037752986,-0.29308224,-0.16279078,0.0,0.0,0.0
-0.9654999,6.1794586,7.1653137,0.14874864,-0.4549098,0.029909134,0.0,0.0,0.0
-0.98583984,6.2321014,7.167694,0.11909652,-0.38084888,0.010991573,0.0,0.0,0.0
-0.953537,6.3134613,6.866211,0.14495552,-0.29865122,-0.2922573,0.0,0.0,0.0
-0.90927124,6.443878,6.653244,0.18255985,-0.17531681,-0.49969578,0.0,0.0,0.0
-1.085144,6.39003,6.525223,0.0029976368,-0.24704361,-0.6116948,0.0,0.0,0.0
-1.3615112,6.4115753,6.541977,-0.26398706,-0.23313951,-0.5863886,0.0,0.0,0.0
-1.434494,6.47258,6.521637,-0.31569123,-0.18283081,-0.59343004,0.0,0.0,0.0
-1.2454681,6.543167,6.5168457,-0.11785948,-0.11752319,-0.59188795,0.0,0.0,0.0
-0.99780273,6.4869385,6.928421,0.12839603,-0.16860533,-0.18535376,0.0,0.0,0.0
-0.9654999,6.4091797,6.8949127,0.15904188,-0.23550367,-0.2292695,0.0,0.0,0.0
-1.0636139,6.2799683,7.4069824,0.060730457,-0.34322596,0.2627864,0.0,0.0,0.0
-1.1246338,6.197403,7.4404755,9.396076E-4,-0.39337397,0.2665553,0.0,0.0,0.0
-1.036087,6.209381,7.240677,0.08696854,-0.3680396,0.05411482,0.0,0.0,0.0
-1.0205383,6.3266296,6.98584,0.0909189,-0.25319147,-0.20032787,0.0,0.0,0.0
-1.1760712,6.356537,6.805191,-0.069230676,-0.23497629,-0.37096643,0.0,0.0,0.0
-1.454834,6.4139557,6.714264,-0.33711135,-0.19722033,-0.44209194,0.0,0.0,0.0
-1.4404755,6.520447,6.531204,-0.31716156,-0.108763695,-0.6075716,0.0,0.0,0.0
-1.0887299,6.61615,6.394821,0.023489237,-0.040867805,-0.7197747,0.0,0.0,0.0
-1.02771,6.4917297,6.6185455,0.06937671,-0.17400885,-0.490232,0.0,0.0,0.0
-1.0528412,6.3194427,6.8973083,0.040286303,-0.33737373,-0.22043467,0.0,0.0,0.0
-0.94277954,6.2440643,6.9918213,0.14811432,-0.4006381,-0.13757372,0.0,0.0,0.0
-0.8231354,6.242874,7.068405,0.2647599,-0.39027548,-0.07219744,0.0,0.0,0.0
-0.7501526,6.2668,7.130615,0.3232938,-0.3502593,-0.027081966,0.0,0.0,0.0
-0.9643097,6.241684,7.220337,0.10366702,-0.36312294,0.05051565,0.0,0.0,0.0
-1.2215424,6.2703857,7.142578,-0.14905214,-0.3240199,-0.03613758,0.0,0.0,0.0
-1.2885284,6.4857483,6.7489624,-0.20765734,-0.1163435,-0.42142725,0.0,0.0,0.0
-1.306488,6.579071,6.65683,-0.21825063,-0.046052933,-0.49116755,0.0,0.0,0.0
-1.0014038,6.541977,6.5479584,0.08319628,-0.0971632,-0.58757544,0.0,0.0,0.0
-0.80158997,6.455841,6.6723785,0.27082026,-0.18984556,-0.45890236,0.0,0.0,0.0
-0.8661957,6.3230286,6.859024,0.1869998,-0.31637,-0.28097248,0.0,0.0,0.0
-1.0157471,6.254837,7.001404,0.030900955,-0.37410307,-0.14926529,0.0,0.0,0.0
-1.0061798,6.201004,7.0337067,0.036967278,-0.41347742,-0.13084984,0.0,0.0,0.0
-1.0253296,6.2811584,6.9870453,0.017176509,-0.32686424,-0.18356133,0.0,0.0,0.0
-1.0468597,6.399597,7.0121613,-0.0043234825,-0.20625305,-0.16044235,0.0,0.0,0.0
-1.0887299,6.4163513,6.945175,-0.044837594,-0.19059658,-0.22622108,0.0,0.0,0.0
-0.9559326,6.336197,6.8973083,0.087335825,-0.27321386,-0.2719078,0.0,0.0,0.0
-0.8458557,6.3146515,6.8195496,0.1874069,-0.3009429,-0.34541178,0.0,0.0,0.0
-0.73339844,6.315857,6.6580353,0.29028833,-0.30667686,-0.5018883,0.0,0.0,0.0
-0.8458557,6.3505554,6.714264,0.1734767,-0.27943277,-0.43937922,0.0,0.0,0.0
-1.0683899,6.3469543,6.88295,-0.044294834,-0.28292227,-0.27011633,0.0,0.0,0.0
-1.199997,6.364914,7.00618,-0.16116953,-0.25655556,-0.15254688,0.0,0.0,0.0
-1.2299042,6.376877,7.0181427,-0.1829896,-0.24069405,-0.1430111,0.0,0.0,0.0
-1.2873383,6.4163513,6.929611,-0.23132563,-0.19824314,-0.23295593,0.0,0.0,0.0
-1.2586212,6.399597,6.7118683,-0.1976769,-0.22382498,-0.4418068,0.0,0.0,0.0
-1.228714,6.4378967,6.6556396,-0.16382265,-0.19950342,-0.48448038,0.0,0.0,0.0
-1.2071838,6.4342957,6.6508484,-0.14393985,-0.20933056,-0.4837246,0.0,0.0,0.0
-1.2263184,6.4737854,6.8207397,-0.16869569,-0.17077827,-0.31379557,0.0,0.0,0.0
-1.3495483,6.468994,7.048065,-0.29525948,-0.16615963,-0.095715046,0.0,0.0,0.0
-1.282547,6.3672943,7.0959167,-0.22878468,-0.25869226,-0.056444645,0.0,0.0,0.0
-1.0552368,6.394821,6.928421,-0.01325202,-0.22926903,-0.22742176,0.0,0.0,0.0
-0.5814514,6.2488556,6.6927185,0.44164765,-0.37984037,-0.4615841,0.0,0.0,0.0
-0.5001068,6.275177,6.674774,0.48637772,-0.35865116,-0.4799137,0.0,0.0,0.0
-0.42712402,6.254837,6.686737,0.53642863,-0.3792472,-0.47083807,0.0,0.0,0.0
-0.41516113,6.325424,6.98584,0.53130835,-0.30392218,-0.178401,0.0,0.0,0.0
-0.47018433,6.273987,7.031311,0.46319342,-0.34065056,-0.14822721,0.0,0.0,0.0
-0.59461975,6.262024,7.1150513,0.3401249,-0.342721,-0.07341099,0.0,0.0,0.0
-1.0731812,6.317047,7.150955,-0.112570286,-0.27848148,-0.042556763,0.0,0.0,0.0
-1.1198425,6.3756714,7.198807,-0.14138973,-0.21452808,0.0028162003,0.0,0.0,0.0
-1.5505524,6.361313,7.220337,-0.54124284,-0.22409868,0.024224281,0.0,0.0,0.0
-1.5613098,6.419937,6.949951,-0.5287651,-0.17354488,-0.23546743,0.0,0.0,0.0
-1.3160553,6.531204,6.6173553,-0.26907837,-0.07942867,-0.5501938,0.0,0.0,0.0
-1.1652985,6.5659027,6.488144,-0.114660025,-0.07560158,-0.65027046,0.0,0.0,0.0
-0.97029114,6.4163513,6.5575256,0.072319984,-0.23420238,-0.5736375,0.0,0.0,0.0
-0.91285706,6.263214,6.756134,0.116633296,-0.38295746,-0.38101816,0.0,0.0,0.0
-1.0743713,6.263214,6.9547424,-0.045856595,-0.3748641,-0.19007826,0.0,0.0,0.0
-1.2562256,6.3960114,6.952347,-0.22163248,-0.23484278,-0.19830179,0.0,0.0,0.0
-1.2765656,6.4247284,6.8697968,-0.23704469,-0.20842123,-0.2780075,0.0,0.0,0.0
-1.0253296,6.4749756,6.8147583,0.009897947,-0.16195583,-0.3301587,0.0,0.0,0.0
-1.0085754,6.4079742,6.830307,0.01868558,-0.2289257,-0.31578827,0.0,0.0,0.0
-0.7692871,6.422333,6.764511,0.24512291,-0.21443939,-0.38353872,0.0,0.0,0.0
-0.7848511,6.3385925,6.8315125,0.20418799,-0.29666567,-0.3214965,0.0,0.0,0.0
-0.78125,6.3433685,6.9714813,0.18841863,-0.28407764,-0.19141531,0.0,0.0,0.0
-0.8650055,6.2727814,6.9236298,0.07709849,-0.3422165,-0.25443602,0.0,0.0,0.0
-1.0432739,6.468994,6.752548,-0.13272554,-0.1408763,-0.43430853,0.0,0.0,0.0
-1.0348969,6.4414825,6.7333984,-0.13617498,-0.16252041,-0.46033716,0.0,0.0,0.0
-1.0923309,6.3708954,6.952347,-0.19857705,-0.2277832,-0.24689198,0.0,0.0,0.0
-1.002594,6.273987,7.048065,-0.11984378,-0.30332613,-0.17205238,0.0,0.0,0.0
-0.9308014,6.253647,7.075577,-0.06941539,-0.298141,-0.17028284,0.0,0.0,0.0
-0.7848511,6.2524414,6.9355927,0.05095935,-0.28151226,-0.32934093,0.0,0.0,0.0
-0.7118683,6.24527,6.8853455,0.10305333,-0.27990818,-0.3898406,0.0,0.0,0.0
-0.5934143,6.173477,6.86261,0.18229002,-0.33202648,-0.4344511,0.0,0.0,0.0
-0.44865417,6.1004944,6.754944,0.29923826,-0.39009666,-0.5582824,0.0,0.0,0.0
-0.35055542,6.0681915,6.742981,0.37090737,-0.40681124,-0.58669996,0.0,0.0,0.0
-0.3062744,6.147156,6.949951,0.3788845,-0.28422642,-0.4214983,0.0,0.0,0.0
-0.3744812,6.0358887,7.183258,0.29310519,-0.36232328,-0.21860647,0.0,0.0,0.0
-0.4355011,6.016754,7.3543396,0.22226602,-0.3440385,-0.08058119,0.0,0.0,0.0
-0.41993713,6.0107727,7.314865,0.23173541,-0.31439114,-0.1509242,0.0,0.0,0.0
-0.49291992,5.89711,7.2933197,0.16214114,-0.4064374,-0.1904335,0.0,0.0,0.0
-0.6903229,5.871994,7.434494,-0.018717945,-0.39318037,-0.07995367,0.0,0.0,0.0
-0.74894714,5.9724884,7.399811,-0.06254488,-0.26841736,-0.13347149,0.0,0.0,0.0
-1.0372925,6.0466614,7.258621,-0.3095367,-0.17765236,-0.28450012,0.0,0.0,0.0
-1.1676941,5.974884,7.051651,-0.3986954,-0.2527585,-0.48462772,0.0,0.0,0.0
-1.0217285,5.9198456,7.0049896,-0.21234882,-0.31019783,-0.525074,0.0,0.0,0.0
-0.9786682,5.9413757,7.1270294,-0.15266705,-0.28006077,-0.40834284,0.0,0.0,0.0
-0.86979675,5.8049927,7.4895325,-0.03782016,-0.3988595,-0.05966711,0.0,0.0,0.0
-0.87457275,5.8384857,7.4895325,-0.027843237,-0.32573843,-0.090426445,0.0,0.0,0.0
-0.9714813,5.87677,7.244278,-0.09191364,-0.2762375,-0.341053,0.0,0.0,0.0
-1.125824,6.072983,6.6723785,-0.21015495,-0.092648506,-0.89841604,0.0,0.0,0.0
-1.0337067,6.172287,6.9882355,-0.0872702,-0.0064406395,-0.56808424,0.0,0.0,0.0
-0.95832825,6.1997986,7.204788,-0.007383287,0.030205727,-0.3584261,0.0,0.0,0.0
-0.653244,5.7714844,7.6701965,0.2730744,-0.35102177,0.06577444,0.0,0.0,0.0
-0.8147583,5.7021027,8.106888,0.094522655,-0.3735628,0.46294403,0.0,0.0,0.0
-1.085144,5.7092743,8.008774,-0.17376643,-0.33265257,0.33838272,0.0,0.0,0.0
-1.1437683,5.781067,7.0576324,-0.21885622,-0.2588644,-0.61271,0.0,0.0,0.0
-1.0899353,5.843277,6.849457,-0.16198552,-0.20701313,-0.8123503,0.0,0.0,0.0
-0.99780273,5.954544,6.9391785,-0.068482876,-0.093434334,-0.7242875,0.0,0.0,0.0
-1.0121613,5.9329987,7.331604,-0.09312177,-0.101373196,-0.34381866,0.0,0.0,0.0
-0.78125,5.8372955,8.000397,0.11452913,-0.17204714,0.30261946,0.0,0.0,0.0
-0.6795654,5.785843,8.102097,0.17523813,-0.18707132,0.3713789,0.0,0.0,0.0
-0.5288086,5.6279144,7.840088,0.30123484,-0.33676434,0.10031891,0.0,0.0,0.0
-0.7286072,5.7056885,7.022934,0.08309358,-0.28328562,-0.7000003,0.0,0.0,0.0
-0.8913269,5.7631073,6.7633057,-0.07744163,-0.24083853,-0.94776535,0.0,0.0,0.0
-0.9272156,5.8911285,6.629318,-0.10813618,-0.13824654,-1.0613341,0.0,0.0,0.0
-0.830307,5.8624115,6.665207,2.9230118E-4,-0.18225527,-1.0121951,0.0,0.0,0.0
-0.78125,5.7595215,7.1593323,0.05478853,-0.26653814,-0.5320935,0.0,0.0,0.0
-0.7381897,5.517853,7.4943237,0.10464907,-0.444952,-0.24550629,0.0,0.0,0.0
-0.7920227,5.517853,7.782654,0.060295105,-0.41906595,0.023985386,0.0,0.0,0.0
-0.8446655,5.6805573,7.907089,0.04965377,-0.18148422,0.09638834,0.0,0.0,0.0
-0.8674011,5.58844,7.7395782,0.04090321,-0.25251436,-0.08529377,0.0,0.0,0.0
-1.0097656,5.620743,7.771881,-0.07946956,-0.1909709,-0.07215643,0.0,0.0,0.0
-1.0085754,5.700897,7.6989136,-0.071014345,-0.10221338,-0.15062618,0.0,0.0,0.0
-0.9032898,5.65065,7.392624,0.04063505,-0.14825392,-0.45926142,0.0,0.0,0.0
-0.9942169,5.5501556,7.253845,-0.033783793,-0.25982904,-0.58784056,0.0,0.0,0.0
-1.0803528,5.58963,7.3663025,-0.10654843,-0.22907543,-0.4672637,0.0,0.0,0.0
-0.98942566,5.6638184,7.664215,-2.9325485E-4,-0.16798067,-0.15768576,0.0,0.0,0.0
-0.9188385,5.572891,7.7742767,0.07027078,-0.2665515,-0.041921616,0.0,0.0,0.0
