-1.7850494,6.296707,6.8566284,0.10309088,-0.4751072,-0.62790775,0.035235405,0.007940529,9.013355
-1.7515411,5.99881,7.186844,0.15523016,-0.5449295,-0.65393305,0.07854462,0.0465705,8.946222
-1.6725769,5.93898,7.422531,0.16174316,-0.40085602,-0.5932617,-0.0055980682,0.08124109,9.0771475
-1.6689911,6.1567383,7.0372925,0.07321,-0.07636452,-0.46895027,-0.2057333,0.056923665,9.375908
-1.6773682,6.139984,6.8195496,-0.13234067,-0.03609705,-0.31502914,-0.17485595,0.14360142,9.548069
-1.627121,6.089737,6.978668,-0.23036051,-0.081737995,-0.36473703,-0.19106293,-0.24155293,9.493718
-1.503891,6.0215454,7.1700897,-0.03546524,-0.39228582,-0.513082,-0.009232521,-0.11040834,9.169371
-1.6043854,6.1627197,6.6173553,0.17354202,-0.4822154,-0.5322571,0.078157425,0.07941009,9.076219
-1.6127625,6.0957184,6.5862427,0.18953216,-0.4899726,-0.5581975,0.06838989,0.09521606,9.04913
-1.586441,5.97847,6.970291,0.17873812,-0.2700901,-0.52351665,0.10482103,0.10983467,9.210066
-1.5696869,6.0047913,7.0995026,0.012125254,-0.17690945,-0.3477087,-0.07462168,-0.02127482,9.424126
-1.6187439,6.1040955,6.8398895,-0.09903872,-0.25827932,-0.014809608,0.17637062,-0.14666444,9.651348
-1.7228394,6.148361,6.776474,-0.13664532,-0.37400723,0.12632656,0.34638357,-0.20723957,9.699033
-1.5720825,6.1830597,7.080368,-0.026220083,-0.51111364,-0.008112431,0.38836718,-0.12681428,9.498302
-1.5589294,6.1914215,7.113861,-0.101408005,-0.5136237,-0.017293453,0.37337208,-0.20233475,9.499982
-1.5696869,6.1651,6.936798,0.037956357,-0.4053192,-0.046295166,0.29406977,-0.04506628,9.524942
-1.6079712,6.2404785,6.7405853,0.09902656,-0.17711258,-0.08670521,0.102015495,0.061045133,9.62075
-1.6127625,6.1770782,6.870987,0.025428057,-0.15402079,-0.10517597,0.06103325,-0.00643616,9.628707
-1.5948181,6.189041,7.150955,9.5939636E-4,-0.16166973,-0.11226463,0.05871296,-0.032187767,9.621561
-1.6031952,6.2799683,7.301697,0.046517134,-0.23368502,-0.3371663,-0.0056626797,0.012963295,9.394032
-1.5984039,6.2440643,7.2430725,0.055583358,-0.24866915,-0.43991804,-0.012672424,0.06307125,9.302354
-1.6546326,6.193817,7.024124,-0.026643038,-0.19786406,-0.5258045,-0.17225122,-0.06750065,9.2755165
-1.6295166,6.2596283,6.8685913,-0.046732545,-0.11591339,-0.5125017,-0.2321701,-0.06974781,9.338132
-1.7132568,6.354141,6.7381897,-0.20718825,-0.056045055,-0.55978537,-0.33548975,-0.21362622,9.358055
-1.7431641,6.3302155,6.788437,-0.029516459,-0.24926853,-0.44417048,-0.10195935,0.05944729,9.310299
-1.7060852,6.2524414,6.9152527,0.33986664,-0.12368202,-0.26985645,-0.0147128105,0.3071643,9.476403
-1.7024994,6.3230286,6.9762726,0.051428676,-0.2346406,-0.3310213,-0.01292944,0.0023460314,9.397866
-1.6857452,6.4043884,7.02652,-0.009040713,-0.25781822,-0.38715887,-0.039530277,-0.06164886,9.347216
-1.6618195,6.3828583,7.001404,0.39399278,-0.39656305,-0.4026265,0.117079735,0.3090932,9.202204
-1.6151581,6.325424,6.999008,0.26818883,-0.33632135,-0.36744165,0.07279873,0.197802,9.281651
-1.5960083,6.30748,6.7405853,-0.0039532185,-0.32156134,-0.44303608,-0.02543974,-0.06676926,9.2638855
-1.5672913,6.3553314,6.57428,-0.084575176,-0.30664492,-0.38776016,-0.014623642,-0.14291424,9.326125
-1.5589294,6.2368927,6.4163513,-0.14599216,-0.24697638,-0.11053753,0.10199404,-0.19070822,9.588118
-1.557724,6.2081757,6.5144653,-0.30962563,-0.3336048,-0.1498251,-0.31497478,-0.22534037,9.524481
-1.6103668,6.300308,6.806381,-0.21945047,-0.36715508,-0.26589537,0.090022564,-0.28549072,9.401616
-1.6211395,6.3218384,6.896118,0.07418525,-0.38587236,-0.49959183,0.004898548,1.2128055E-4,9.171065
-1.5613098,6.3756714,6.8973083,0.29491687,-0.23469591,-0.5941,-0.14046383,0.24572432,9.162521
-1.6689911,6.3876343,6.8315125,0.2590376,-0.25397873,-0.57952166,-0.12390518,0.2077717,9.167175
-1.4895325,6.3840485,6.477371,0.12450755,-0.36326075,-0.4209485,0.040066242,0.057139482,9.241152
-1.4919281,6.4211426,6.2895355,0.06608105,-0.5860629,-0.15863085,0.07236755,-0.36288166,9.32077
-1.5541382,6.2883453,6.303894,0.07927072,-0.6615143,-0.15025043,0.4350891,-0.03652449,9.281462
-1.6187439,6.2931213,6.665207,0.06967056,-0.6969657,-0.35660648,0.33671522,-0.052027937,9.098342
-1.5361938,6.3912354,6.6149597,0.0066717863,-0.45993614,-0.5972247,-0.07279801,-0.018272877,9.056564
-1.6342926,6.4630127,6.715454,-0.05490899,-0.21379375,-0.734045,-0.28666687,-0.094836414,9.102113
-1.6582336,6.4785614,7.147354,-0.28536916,-0.15870237,-0.6598468,-0.31419754,-0.31372786,9.219389
-1.5385895,6.5168457,7.1976166,-0.30189323,-0.26920414,-0.3964486,-0.35519254,-0.022397518,9.366062
-1.5876312,6.63649,6.7381897,-0.04809463,-0.4008355,-0.28038597,0.14641285,-0.1256668,9.354578
-1.6151581,6.418747,6.9379883,0.039746523,-0.52331924,-0.094329834,0.3708496,-0.063049525,9.428714
-1.6103668,6.4342957,7.1162567,0.10011506,-0.6195102,0.120238304,0.58531,-0.02206996,9.551312
-1.5625153,6.543167,6.9188538,0.12544346,-0.53988886,-0.058963776,0.42648268,0.017527241,9.448185
-1.6378937,6.6053925,6.2165527,0.33580673,-0.31898594,-0.16603851,0.2214508,0.2668394,9.457591
-1.6582336,6.5407867,6.809967,0.3014878,-0.17865229,-0.33360386,0.00946188,0.26008123,9.398765
-1.6438751,6.4630127,7.220337,-0.2730974,-0.13316202,-0.32742977,-0.112856865,-0.29531825,9.491096
-1.6929169,6.5850525,6.896118,0.0024416447,-0.14781857,-0.28472042,-0.033135414,-0.027071163,9.488703
-1.7599182,6.6592255,6.607773,-0.068520546,-0.48669147,-0.3928318,-0.10149264,-0.21873355,9.2255
-1.6618195,6.5491486,6.9391785,-0.083137155,-0.5056095,-0.31273365,0.23659849,-0.18008783,9.285167
-1.5158539,6.4546356,7.003784,0.27333152,-0.12071562,0.2712555,0.2899313,0.24626713,9.941387
-1.5026855,6.4917297,6.51326,-0.056803703,-0.22185946,0.42964077,0.4069624,-0.09501407,10.056437
-1.434494,6.447464,6.192627,-0.0022708178,-0.1704073,0.4747572,0.3988948,-0.030433834,10.113888
-1.4727783,6.34935,6.440277,0.16076791,-0.18430948,0.24877739,0.21614945,-0.25875998,9.896258
-1.4691925,6.4259186,6.5072784,-0.027064323,-0.19061184,-0.1535883,0.06511021,-0.061430164,9.577212
-1.5349884,6.406784,6.4366913,-0.040660262,-0.27706623,-0.26243877,0.069344044,-0.090461984,9.440179
-1.5960083,6.546768,6.652054,0.014826775,-0.32907152,-0.28087807,0.102508545,-0.043876126,9.38836
-1.5996094,6.415161,7.0959167,0.06170082,-0.21652317,-0.72436047,-0.24728823,0.017225794,9.089754
-1.5996094,6.2859497,7.075577,0.06507254,-0.1774025,-0.8379736,-0.051139355,0.35602045,9.026561
-1.4859467,6.3338013,6.629318,-0.01778078,-0.19516039,-0.842021,-0.36591148,-0.05938737,9.025635
-1.5194397,6.4163513,6.22612,-0.15622258,-0.35330486,-0.5482893,-0.08643818,-0.2194394,9.178777
-1.529007,6.39003,6.258423,-0.18183517,-0.42918968,-0.54965353,-0.034994125,-0.25743106,9.134422
-1.4680023,6.352951,6.4665985,-0.036335945,-0.49384737,-0.43745422,0.1006484,-0.12307386,9.165328
-1.385437,6.4857483,6.5120697,0.18915725,-0.5942464,-0.3887596,0.23206997,0.08575666,9.114674
-1.3663025,6.5527496,6.55513,0.22289717,-0.43971062,-0.666307,-0.061478138,0.1411286,8.99222
-1.414154,6.558731,6.777664,0.25815415,-0.4391446,-0.70667744,-0.090528965,0.17668515,8.958434
-1.5218353,6.607773,6.957138,0.32195246,-0.55357885,-0.62719727,0.050700665,0.22485766,8.940424
-1.5062866,6.5946198,6.891327,0.11629534,-0.5406842,-0.5887003,0.04138279,0.025823116,9.000391
-1.4656067,6.4785614,6.859024,0.09405136,-0.49935007,-0.62599134,-0.017352104,0.009799011,9.000633
-1.4524384,6.3433685,6.7824554,0.20497727,-0.333014,-0.73530054,-0.20302296,0.14357942,9.011826
-1.4955139,6.354141,6.726227,0.053673863,-0.26680517,-0.5300474,-0.13647318,0.0070583,9.226701
-1.6307068,6.5144653,6.579071,0.037863016,-0.2536726,-0.3517871,-0.032057762,-0.004396878,9.372495
-1.5170441,6.624527,6.723831,-0.052612066,-0.1862793,-0.098155975,-0.06480682,-0.086788654,9.618581
-1.5182495,6.6376953,6.972687,-0.083961606,-0.22108841,0.122677326,0.23753738,-0.11462892,9.769026
-1.5206451,6.6628113,7.1162567,-0.17470872,-0.21385384,0.34149504,0.36245108,-0.20078123,9.952222
-1.5182495,6.508484,7.117447,-0.049566627,-0.3664112,0.3293786,0.48414612,-0.10008588,9.834749
-1.483551,6.3912354,7.1401825,0.26001096,-0.41597605,-0.091303825,0.28751373,0.19470006,9.448314
-1.4596252,6.4091797,6.84227,0.1955105,-0.44895267,-0.1414423,0.27396297,0.12626898,9.39581
-1.5385895,6.4091797,6.619751,0.165779,-0.33288193,-0.11508179,0.19904518,0.11391731,9.492102
-1.5661011,6.3960114,6.661621,-0.15120065,-0.08404398,0.07755995,0.09739733,-0.16102788,9.829552
-1.5768738,6.3517456,6.8925323,-0.29560888,-0.020339489,0.236732,0.13252878,-0.2924997,10.008444
-1.5182495,6.427124,6.808777,-0.29078436,-0.001493454,0.25717115,0.1304698,-0.28449625,10.036289
-1.5146637,6.3708954,6.776474,-0.68049586,0.01803255,-0.083081245,-0.68251586,-0.062217712,9.831211
-1.4787598,6.3110657,6.870987,-0.37896407,-0.33541727,-0.30506897,0.013103962,-0.43343186,9.405214
-1.463211,6.3062897,6.591034,0.11655235,-0.4148035,-0.41020155,0.065317154,0.040380254,9.216723
-1.4201355,6.3314056,6.558731,0.31023288,-0.35651922,-0.5150175,-0.027619362,0.24144512,9.15126
-1.4596252,6.39003,6.7501526,0.3254373,-0.31694794,-0.40523767,0.012982845,0.2652489,9.258875
-1.4859467,6.299103,6.8925323,0.3083415,-0.3002324,-0.38479376,0.24385929,0.06435919,9.287353
-1.5003052,6.197403,6.6963196,0.18750155,-0.36697865,-0.42106247,0.02073431,0.1224965,9.230726
-1.5098724,6.2309113,6.546768,0.23199773,-0.44829893,-0.6013708,-0.0331192,0.15214083,9.037106
-1.5110626,6.45105,6.4043884,0.19953978,-0.49682283,-0.7393203,-0.0918355,0.11084843,8.905251
-1.5649109,6.4917297,6.5025024,0.124263525,-0.46432114,-1.1619897,-0.4025674,0.033937603,8.615833
-1.5433655,6.415161,6.9559326,0.13982975,-0.42080545,-1.2055221,-0.06412959,0.46237063,8.6099825
-1.4584198,6.4737854,7.1066895,0.10517669,-0.46161366,-1.1327033,-0.38719463,0.012257129,8.6417055
-1.385437,6.5455627,6.7250214,-0.4404955,-0.706676,-0.6815319,0.0337224,-0.56243294,8.889893
-1.5266266,6.4749756,6.6400757,-0.46334922,-0.8201103,-0.32727146,0.35072803,-0.6075943,9.097989
-1.421341,6.2979126,6.887741,-0.3686608,-0.78194666,-0.15543747,0.4457631,-0.5105417,9.247942
-1.5194397,6.4989014,7.002594,-0.019129992,-0.5296836,0.30521345,0.5951128,-0.11484608,9.724574
-1.6007996,6.579071,6.8614197,0.12204206,-0.3805437,0.36698103,0.5381532,0.054007143,9.849741
-1.6031952,6.530014,6.7836456,0.18128526,-0.388875,0.40600634,0.57611465,0.113112986,9.871662
-1.5613098,6.484543,6.866211,0.20984924,-0.23767328,0.42804527,0.47457552,0.1706139,9.978162
-1.5972137,6.49292,6.8410797,0.08854365,-0.030893326,0.09450674,0.0932641,0.08346705,9.852048
-1.5960083,6.394821,6.920044,0.094863415,-0.019296646,-0.017058372,0.016407967,0.089723766,9.770006
-1.4883423,6.3732758,6.969101,0.22842765,0.042178154,-0.25627995,-0.1632905,0.22706293,9.603141
-1.4715881,6.3876343,6.9104767,0.25089598,-0.047911167,-0.35963202,-0.15731621,0.23230094,9.466258
-1.4404755,6.385254,6.754944,0.24305665,-0.061477184,-0.34808826,-0.14283991,0.22258316,9.468901
-1.4440613,6.3625183,6.8159485,-0.3300693,-0.21768475,-0.30805683,-0.063130856,-0.36698043,9.471133
-1.4512482,6.4043884,6.8638153,-0.70015025,-0.10446739,0.07021904,-0.6533146,-0.27217197,9.878458
-1.4536438,6.4989014,6.747757,-0.57804585,-0.4625101,0.10510731,0.35233498,-0.64555395,9.671667
-1.4488525,6.401993,6.8039856,-0.43542314,-0.3176155,0.038015366,0.21394491,-0.48278618,9.692357
-1.4620209,6.4127655,6.8841553,-0.20353031,-0.2008338,-0.41701078,-0.13474846,-0.24124041,9.383207
-1.4787598,6.3792725,6.829117,-0.15252423,-0.19968271,-0.48212528,-0.17370749,-0.19053909,9.328004
-1.4225311,6.320648,6.5814514,0.1210525,-0.21581984,-0.6265297,0.017191648,0.23721218,9.176408
-1.537384,6.2811584,6.777664,0.20659673,-0.16984987,-0.583776,0.110710025,0.26106215,9.23053
-1.6091766,6.3421783,7.068405,0.16416156,-0.23786926,-0.5511551,-0.16483974,0.11866446,9.218391
-1.4943237,6.5120697,6.945175,0.09238577,-0.28428698,-0.51877975,-0.1188159,0.041962013,9.221321
-1.4787598,6.6089783,6.65683,0.09346366,-0.40804005,-0.47555637,-4.8398972E-4,0.02729579,9.17369
-1.4201355,6.488144,6.775284,0.14483202,-0.5698643,-0.36082888,0.20012903,0.058332257,9.14903
-1.4201355,6.3433685,7.0337067,0.1505692,-0.56141615,-0.20182848,0.2999587,0.0684067,9.27379
-1.4368896,6.381653,6.977478,0.114825845,-0.45542955,-0.1977129,0.22103167,0.047886252,9.349985
-1.5337982,6.447464,6.8518524,0.10982078,-0.39984608,-0.10985279,0.23754883,0.052289046,9.4533205
-1.4368896,6.5276184,6.920044,0.11307418,-0.3433175,0.029029846,0.28716612,0.06571989,9.595198
-1.4799652,6.518051,6.8482513,0.12517458,-0.17587662,0.04427147,0.17286396,0.100766905,9.714317
-1.5062866,6.4941254,6.649658,0.22911155,0.11889553,-0.24141693,-0.22573566,0.23924679,9.677365
-1.5062866,6.4342957,6.6891327,0.23844093,0.13699722,-0.3076992,-0.2823534,0.24955788,9.63843
-1.5122681,6.419937,6.8817596,0.19472855,0.12929869,-0.31621552,-0.2865405,0.20503779,9.632055
-1.4596252,6.406784,6.8614197,0.048646092,0.057031155,-0.24046516,-0.1957593,0.052066907,9.656951
-1.5003052,6.4917297,6.8518524,-0.15787435,0.04136896,-0.16995668,-0.15670109,-0.15340424,9.720436
-1.5158539,6.435501,6.8638153,-0.32658982,-0.049275875,-0.17849874,-0.11116648,-0.3327008,9.672848
-1.3627167,6.2309113,6.710678,-0.39960325,0.02773714,-0.23306274,-0.2129631,-0.39467856,9.689835
-1.3399811,6.2273254,6.2691956,-0.34621215,0.0120129585,-0.27370787,-0.39170325,0.12349367,9.644659
-1.3950195,6.2165527,6.263214,-0.15256214,0.043294907,-0.31357956,-0.2541523,-0.1490453,9.615147
-1.5158539,6.385254,6.75972,0.022985816,-0.087191105,-0.3376894,-0.1567645,0.005684778,9.494307
-1.421341,6.4008026,6.84227,0.07415748,-0.17938519,-0.3332863,-0.081635,0.043449037,9.432209
-1.4333038,6.357727,6.9595184,0.26245552,-0.40321445,-0.27532387,0.1384573,0.20167936,9.309233
-1.3710938,6.2691956,7.269394,0.38357526,-0.45344496,-0.17902422,0.3785498,-0.14264297,9.3363905
-1.3447723,6.2357025,6.9559326,0.37040627,-0.5378947,-0.16779804,0.37790227,-0.21505356,9.291258
-1.3399811,6.2069855,6.4055786,0.2601365,-0.69015694,-0.1463108,0.4368472,0.1722211,9.21937
-1.3686981,6.192627,6.2775726,0.19057202,-0.63979435,-0.17724895,0.21267664,-0.32640886,9.236301
-1.302887,6.2105713,6.632904,0.037248135,-0.4998436,-0.30196095,0.17646313,-0.029271528,9.2495
-1.5170441,6.4654083,6.8733826,-0.08926469,-0.38212538,-0.37467432,0.030614376,-0.14344995,9.284296
-1.5469666,6.4749756,6.960724,-0.2508191,-0.37654495,-0.47794008,-0.055646896,-0.3068709,9.2271185
-1.4512482,6.399597,7.1066895,-0.18805039,-0.36337662,-0.53184843,-0.097797394,-0.24488625,9.189613
-1.3866425,6.5336,7.0253296,-0.06923711,-0.23321581,-0.6091757,-0.23750067,-0.11258736,9.205654
-1.4943237,6.4426727,6.795624,0.055746675,-0.20348644,-0.7322998,-0.33424044,0.012202993,9.121878
-1.4955139,6.296707,6.8279266,0.12255812,-0.20050621,-0.7816906,-0.3666954,0.07758744,9.081545
-1.5110626,6.2201385,7.1102753,0.10396588,-0.15024376,-0.72444487,-0.36938572,0.06642999,9.160629
-1.5206451,6.423538,7.1521454,0.06894934,-0.20526886,-0.5743513,-0.23078823,0.028061643,9.238567
-1.5361938,6.49292,7.1593323,0.07142472,-0.28483438,-0.28011227,0.027302742,0.027641162,9.402688
-1.5625153,6.5862427,7.1904297,0.15139139,-0.34114218,-0.1696372,0.15021753,0.10251059,9.439226
-1.5505524,6.623337,7.1078796,0.23063385,-0.45021963,-0.039033413,0.32565165,0.17050828,9.456948
-1.4572296,6.6101685,6.9846497,0.26275074,-0.38849926,-0.031872272,0.2888651,0.21008037,9.501022
-1.4691925,6.4331055,6.924835,0.13532686,-0.3305874,-0.0035991669,0.2556734,0.09100723,9.57435
-1.4273224,6.3505554,6.977478,0.11068761,-0.20737791,-0.1720519,0.052437782,0.07670687,9.530561
-1.4656067,6.336197,7.032501,0.2975831,-0.14407396,-0.23031044,-0.014590263,0.2681337,9.506239
-1.5278168,6.3625183,6.878174,-0.07483482,-0.17970085,-0.16832018,0.019553185,-0.10501082,9.572523
-1.5278168,6.4211426,6.9750824,-0.40498972,-0.09598303,-0.0049881935,0.025257587,-0.41513634,9.789973
-1.421341,6.4211426,7.002594,-0.5689167,-0.101685524,0.28807354,0.19174004,-0.5729588,10.034567
-1.4656067,6.4031982,6.5455627,-0.5351503,-0.08862162,0.35885906,0.22533655,-0.5369187,10.096412
-1.4667969,6.3625183,6.439087,-0.6058372,-0.008774757,0.16209984,0.026492596,-0.59482574,10.003811
-1.3902283,6.24646,6.629318,-0.522774,0.0135650635,0.023377419,-0.068825245,-0.51062536,9.899106
-1.3387909,6.238083,6.632904,-0.30318952,-0.18060875,0.16816092,0.20085144,-0.3297386,9.8679085
-1.3339996,6.2727814,6.5156555,-0.16507566,-0.25862026,0.081884384,0.22812033,-0.20938697,9.736239
-1.3698883,6.126816,6.59581,0.023985386,-0.25634766,-0.0509243,0.17181873,-0.023713462,9.609677
-1.2789612,6.153137,6.6915283,0.29710007,-0.10015488,-0.29614782,0.23866642,0.1424694,9.476888
-1.2430725,6.299103,6.32782,0.34868145,-0.07863617,-0.38020515,-0.12802982,0.3238254,9.41798
-1.3100739,6.3146515,6.1495514,0.47371376,-0.15319872,-0.49996042,-0.13035202,0.43350568,9.265433
-1.3615112,6.2488556,6.6185455,0.54510176,-0.2214818,-0.58449936,0.44026244,0.25113964,9.1502
-1.4320984,6.2392883,6.9655,0.34579706,-0.5198703,-0.6563425,0.24994636,0.020805359,8.936179
-1.3651123,6.2727814,6.809967,0.21815705,-0.6769476,-0.5225439,0.2386427,0.099110305,8.962771
-1.4787598,6.12204,6.59581,-0.06700909,-0.37611198,-0.38283873,0.056752205,-0.13369656,9.285669
-1.4165497,6.147156,6.8207397,-0.11395824,-0.103643894,-0.46903658,-0.21544123,-0.13927424,9.384855
-1.4620209,6.300308,6.7298126,-0.021174788,-0.021950722,-0.46191502,-0.26483822,-0.033287972,9.428434
-1.5194397,6.4737854,6.5563354,-0.45994008,0.029155254,-0.83550787,-0.59452343,-0.46065897,9.219451
-1.4691925,6.39003,7.0121613,-0.6077963,-0.08049631,-1.1376233,-0.7259555,-0.6289636,8.942082
-1.4333038,6.4139557,7.361511,-0.50505054,-0.11899519,-1.1247749,-0.6796652,0.52704906,8.91523
-1.4799652,6.385254,7.2717896,-0.2216748,-0.29448462,-0.37152672,-0.28894734,-0.036746025,9.371848
-1.4907227,6.1997986,6.9308167,-0.011065006,-0.30562925,-0.06330776,0.2021966,-0.084546,9.5841465
-1.4811554,6.2883453,6.8925323,0.06927669,-0.34634733,-0.057878494,0.2553339,-0.016715772,9.556389
-1.4524384,6.3505554,6.9870453,0.010311365,-0.4280696,0.07380772,0.38573742,-0.09147773,9.628785
-1.5457611,6.4654083,7.0181427,-0.1258471,-0.29814053,0.0074863434,0.2191,-0.19255996,9.666305
-1.4703827,6.518051,7.021744,-0.13858318,-0.22612524,-0.05388069,-0.1579566,-0.16027594,9.65631
-1.4285126,6.530014,7.1688995,0.46890604,-0.0242095,-0.5387535,0.3954236,0.29548216,9.289886
-1.4249268,6.428314,7.027725,0.84327674,0.107889175,-0.7424512,0.745592,0.54149103,9.154831
-1.463211,6.4295197,6.9631195,0.15132916,-0.046269417,-0.8600559,-0.44714403,0.123592526,9.0653515
-1.4727783,6.4115753,6.8889313,-0.5868982,-0.17849731,0.49442196,0.35219765,-0.6003272,10.175877
-1.4739838,6.336197,6.982254,0.2625686,-0.2891035,-0.016128063,0.25493145,0.20590207,9.593584
-1.4847412,6.3338013,7.027725,-0.29387498,0.378747,-0.29398346,-0.51279545,-0.22955331,9.830831
-1.450058,6.422333,6.9750824,1.5162305,-0.64207125,0.25603056,0.8434315,1.392632,9.451742
-1.4368896,6.477371,6.90329,-0.42132652,-0.123194695,0.06371641,0.09124279,-0.43350995,9.828935
-1.4680023,6.4534454,6.8745728,-0.6947694,0.2187233,0.11715746,-0.15947962,-0.65464133,10.1071205
-1.4273224,6.3421783,6.809967,-0.16196024,-0.19571257,0.06934261,0.17873335,-0.18563595,9.7524605
-1.3734741,6.366104,6.7082825,-0.124138,-0.31152058,-0.39656973,-0.041598797,-0.17570949,9.319702
-1.4428711,6.4127655,6.674774,0.0023180246,-0.4752736,-0.76613855,-0.16629362,-0.08258523,8.924389
-1.4524384,6.2895355,6.8207397,0.10283768,-0.4712181,-0.7640457,-0.16925526,0.01741618,8.919273
-1.3746796,6.1878357,7.0456696,0.34100556,-0.3792963,-0.7495308,-0.2173276,0.26610762,8.967662
-1.3722839,6.2165527,7.0085754,0.46041703,-0.54929495,-0.62250423,-0.0028715134,0.36450064,8.930094
-1.3818512,6.3218384,6.7537384,0.11776197,-0.40349245,-0.3161292,0.07537651,0.051799953,9.288725
-1.2909241,6.345764,6.5527496,-0.24721408,-0.040547848,-0.15275145,-0.09835434,-0.2547903,9.699411
-1.2514496,6.3397827,6.579071,-0.36684465,0.07412195,-0.56675196,-0.48075008,-0.36887646,9.499914
-1.2813568,6.2069855,6.673584,-0.34750187,0.083436966,-0.5953336,-0.505672,-0.34938252,9.483589
-1.2993011,6.08136,6.849457,0.19131649,-0.4707036,-0.7586565,-0.18443537,0.09999226,8.917995
-1.3339996,5.983246,7.010971,0.14810824,-0.278996,-0.78387594,-0.3395896,0.08388847,9.037315
-1.3483582,6.086151,6.8530426,0.07682991,-0.49477148,-0.8722477,-0.2501788,-0.01834555,8.832693
-1.3818512,6.3960114,6.7298126,-0.31097007,-0.82174873,-0.37400007,-0.33934224,-0.4018922,9.009669
-1.3686981,6.3876343,6.8039856,-0.09821546,-0.60577345,-0.07961798,0.37551928,-0.17442852,9.34675
-1.3148499,6.2907257,6.9020996,0.15003681,-0.3420949,-0.1499381,0.15468979,0.103600726,9.449776
-1.3627167,6.2907257,6.7872467,0.11580801,-0.4715724,-0.40491772,0.07322502,0.0471787,9.180422
-1.302887,6.303894,6.6149597,0.009709954,-0.4857297,-0.63397884,-0.07758236,-0.06632103,9.014477
-1.429718,6.221344,6.5527496,0.18795061,-0.31705475,-0.40288353,-0.032383442,0.13901705,9.2795925
-1.4584198,6.1830597,6.7322083,0.28675056,-0.38049555,-0.17756367,0.2737441,-0.11324167,9.393405
-1.4201355,6.324234,6.9595184,0.1332168,-0.39480162,-0.29966164,0.093518734,0.08347607,9.308958
-1.4237366,6.484543,7.063614,0.0019442439,-0.31659794,-0.5917568,-0.16681528,-0.050386027,9.158539
-1.475174,6.4043884,6.990631,-0.056598604,-0.2915225,-0.825758,-0.3449564,-0.11469561,9.007956
-1.4333038,6.3553314,7.0540466,0.04889089,-0.13852406,-0.61417913,-0.3072071,0.012990579,9.255061
-1.405777,6.4342957,7.019348,0.1384213,-0.044713974,-0.57595205,-0.3457632,0.112433806,9.336878
-1.4129639,6.428314,6.8949127,-0.13161528,-0.24327517,-0.05418825,-0.12379646,-0.16956758,9.6186
-1.3974152,6.253647,6.8075867,-0.3531778,-0.17197561,0.08441162,-0.32262635,-0.23908663,9.79303
-1.3818512,6.2608185,6.9260254,-0.26131535,-0.17314291,0.29652166,0.30645323,-0.26922467,9.947342
-1.4656067,6.5144653,6.9224396,0.017408907,-0.21507978,0.2958088,0.07834947,-0.346457,9.895499
-1.4739838,6.5575256,6.9176483,0.17881083,-0.1939063,0.24046278,0.31602,0.15994596,9.85074
-1.5098724,6.480957,7.302887,0.09684956,-0.25414276,0.2521696,0.36324167,0.070860624,9.830983
-1.4045868,6.3936157,7.5182495,0.025520444,-0.06412649,0.13048458,0.1343708,0.020717502,9.86414
-1.3483582,6.4462585,7.0995026,0.1709621,-0.054419518,-0.1330986,-0.029010773,0.15826672,9.651684
-1.4021912,6.418747,6.6185455,0.13324773,-0.19535637,-0.19660473,0.034292698,0.09950869,9.517695
-1.3663025,6.299103,6.707077,-0.022615433,-0.25516415,-0.46214056,-0.106025696,-0.07147688,9.293968
-1.3435669,6.3912354,6.8853455,0.040854216,-0.13996744,-0.7630491,-0.38536978,-0.0011428744,9.132119
-1.3292084,6.455841,6.777664,0.0364635,-0.13004589,-0.789124,-0.41150665,-0.0038561076,9.119915
-1.3543396,6.4749756,6.726227,-0.076755166,-0.24324226,-0.59571457,-0.21081829,-0.12712324,9.20721
-1.3423767,6.398407,7.2263184,-0.16853964,-0.30640793,-0.24856806,-0.19100916,-0.11983156,9.441639
-1.3351898,6.39003,7.055237,-0.07775557,-0.3611412,-0.14332962,0.17302132,-0.13598154,9.477129
-1.3734741,6.3876343,6.6831512,-0.022678733,-0.32809114,-0.29521418,0.056832314,-0.08132084,9.375993
-1.3220367,6.3110657,6.6017914,-0.07863283,-0.32584524,-0.44469738,-0.04695463,-0.1406934,9.269888
-1.2729797,6.22612,6.723831,-0.08611095,-0.19212627,-0.5930257,-0.24519444,-0.13096175,9.2420845
-1.2873383,6.234497,6.6484528,0.034653783,-0.15664434,-0.79056406,-0.386559,-0.010462567,9.0987
-1.3435669,6.3804626,6.5850525,0.2840985,-0.3405509,-0.7795477,-0.2125392,0.20618924,8.9600725
-1.3770752,6.4091797,6.7298126,0.47910368,-0.42443943,-0.74686,-0.10453844,0.38813362,8.908923
-1.3914337,6.4247284,6.813568,0.5063151,-0.43787336,-0.7084775,-0.06414032,0.41589147,8.927474
-1.2107697,6.1363983,6.887741,0.36452186,-0.4084158,-0.6595144,0.25829935,0.13450527,9.00053
-1.3052826,6.2476654,6.3182526,0.25513256,-0.30852556,-0.57533264,-0.101905346,0.19184658,9.140243
-1.2598267,6.3672943,6.528824,0.096505046,-0.022538185,-0.4782915,-0.27671432,0.0825689,9.412703
-1.2753754,6.4785614,6.949951,-0.24457526,0.1272583,-0.3025546,-0.3205862,-0.22412546,9.686054
-1.3794556,6.4450684,7.1449738,-0.27187335,0.10972643,-0.24418926,-0.2746873,-0.25210965,9.72559
-1.3938141,6.2440643,7.2466583,-0.024016619,0.111551285,-0.14601612,-0.04665351,0.17567062,9.770532
-1.3328094,6.263214,7.179657,-0.08474457,0.019937992,-0.06929684,-0.07086897,-0.08096787,9.778313
-1.302887,6.504883,6.695114,-0.25913262,-0.19243717,0.425282,-0.1836325,-0.4441123,10.039223
-1.2885284,6.397217,6.669998,-0.22542632,-0.24117184,0.5095339,0.48366356,-0.25764257,10.0679865
-1.2753754,6.3349915,6.9272156,-0.088652134,-0.41047716,0.27882147,0.47683573,-0.15840447,9.766304
-1.2610168,6.41037,7.1856537,-0.10706937,-0.4223423,-0.12750244,0.2156105,-0.18514791,9.452637
-1.3818512,6.4665985,7.0253296,-0.15026402,-0.43237638,-0.26365328,0.12580967,-0.2317396,9.3489275
-1.351944,6.340973,7.1820526,0.015250683,-0.21039581,0.014017582,-0.022783563,-0.16320896,9.674215
-1.3674927,6.3134613,7.307678,-0.0014451742,-0.22843122,0.1307745,0.0,0.0,0.0
-1.3268127,6.3840485,7.1318054,0.03861308,-0.15323067,-0.049419403,0.0,0.0,0.0
-1.2526398,6.4342957,6.8482513,0.10857177,-0.114462376,-0.323308,0.0,0.0,0.0
-1.2957153,6.398407,6.784851,0.06327939,-0.16008997,-0.37822342,0.0,0.0,0.0
-1.3339996,6.303894,6.82193,0.02342081,-0.26215124,-0.3345251,0.0,0.0,0.0
-1.3136597,6.273987,6.795624,0.04335046,-0.2952633,-0.3579669,0.0,0.0,0.0
-1.3459625,6.271591,6.838684,0.012728691,-0.30253077,-0.31011057,0.0,0.0,0.0
-1.360321,6.242874,6.9762726,-0.0010842085,-0.3290887,-0.17440319,0.0,0.0,0.0
-1.3339996,6.18544,7.1736755,0.022176504,-0.37765074,0.014275074,0.0,0.0,0.0
-1.2933197,6.1986084,6.6676025,0.06014681,-0.36201715,-0.49456978,0.0,0.0,0.0
-1.302887,6.2189484,6.4319,0.049903512,-0.36407757,-0.70981693,0.0,0.0,0.0
-1.3052826,6.1459656,6.4665985,0.04700756,-0.45167446,-0.66171455,0.0,0.0,0.0
-1.2251282,6.1543427,6.6257324,0.12449443,-0.44676208,-0.49987745,0.0,0.0,0.0
-1.2693939,6.222534,6.5108643,0.080281496,-0.38542938,-0.608376,0.0,0.0,0.0
-1.2717896,6.1495514,6.6352997,0.077480555,-0.46792936,-0.47517157,0.0,0.0,0.0
-1.183258,6.18425,6.723831,0.16069877,-0.43382072,-0.38709736,0.0,0.0,0.0
-1.2430725,6.417557,6.5970154,0.09885299,-0.20571041,-0.5094571,0.0,0.0,0.0
-1.2669983,6.5611267,6.5850525,0.07738602,-0.07484102,-0.5090966,0.0,0.0,0.0
-1.2131653,6.4079742,6.8482513,0.12516892,-0.22936821,-0.24575567,0.0,0.0,0.0
-1.1138611,6.256027,6.8769684,0.20904768,-0.38098955,-0.22023582,0.0,0.0,0.0
-1.0935211,6.30748,6.7130585,0.22236884,-0.33748674,-0.37800884,0.0,0.0,0.0
-1.1569366,6.34935,6.592224,0.15439391,-0.3082776,-0.48780346,0.0,0.0,0.0
-1.2203369,6.477371,6.8207397,0.08374071,-0.19133759,-0.25019312,0.0,0.0,0.0
-1.282547,6.5324097,6.898514,0.021907806,-0.13801861,-0.17072773,0.0,0.0,0.0
-1.3328094,6.5862427,7.101898,-0.024946094,-0.08352232,0.032661438,0.0,0.0,0.0
-1.4045868,6.558731,7.2311096,-0.095505595,-0.10897112,0.16015244,0.0,0.0,0.0
-1.4967041,6.4498596,7.134201,-0.18342853,-0.217937,0.0641098,0.0,0.0,0.0
-1.5122681,6.443878,7.0049896,-0.18817103,-0.22813892,-0.05909872,0.0,0.0,0.0
-1.3734741,6.5336,6.900894,-0.04757142,-0.14294815,-0.15857315,0.0,0.0,0.0
-1.3674927,6.5120697,6.948761,-0.03953886,-0.1692214,-0.10583162,0.0,0.0,0.0
-1.3411713,6.4163513,7.0791626,-0.008597255,-0.26434088,0.02487421,0.0,0.0,0.0
-1.3040924,6.43071,7.0660095,0.027303576,-0.24290705,0.004804611,0.0,0.0,0.0
-1.3220367,6.47139,6.9678955,0.009066582,-0.2034216,-0.09223509,0.0,0.0,0.0
-1.3890381,6.455841,6.8159485,-0.0503664,-0.2268424,-0.23529911,0.0,0.0,0.0
-1.3387909,6.521637,7.010971,0.0017820597,-0.15721655,-0.043542862,0.0,0.0,0.0
-1.3579254,6.4833527,7.0911255,-0.01773429,-0.18614435,0.027692795,0.0,0.0,0.0
-1.2669983,6.2883453,6.970291,0.069857836,-0.37532425,-0.0992713,0.0,0.0,0.0
-1.2012024,6.275177,6.7812653,0.12920105,-0.391757,-0.28643608,0.0,0.0,0.0
-1.1892395,6.3637085,6.582657,0.13424802,-0.30883884,-0.4810443,0.0,0.0,0.0
-1.2957153,6.4008026,6.4665985,0.026506543,-0.28633928,-0.5835252,0.0,0.0,0.0
-1.302887,6.422333,6.6843567,0.02002716,-0.2704072,-0.36032343,0.0,0.0,0.0
-1.2586212,6.4259186,6.7585297,0.05733919,-0.264009,-0.290123,0.0,0.0,0.0
-1.2765656,6.3314056,6.8446655,0.036972642,-0.35533476,-0.20746231,0.0,0.0,0.0
-1.2143555,6.296707,6.674774,0.09452677,-0.39030695,-0.37795925,0.0,0.0,0.0
-1.1760712,6.352951,6.579071,0.12574685,-0.33991623,-0.46941757,0.0,0.0,0.0
-1.1724854,6.312271,6.419937,0.12460554,-0.39042807,-0.6200743,0.0,0.0,0.0
-1.2059784,6.3338013,6.521637,0.08985758,-0.37729073,-0.5106058,0.0,0.0,0.0
-1.249054,6.480957,6.5694885,0.04744208,-0.23175669,-0.46108437,0.0,0.0,0.0
-1.2669983,6.4534454,6.629318,0.031259894,-0.26132345,-0.3989668,0.0,0.0,0.0
-1.1688995,6.422333,6.806381,0.12601733,-0.29004192,-0.22480679,0.0,0.0,0.0
-1.1198425,6.440277,6.7920227,0.16650987,-0.26852036,-0.24414968,0.0,0.0,0.0
-1.1904297,6.4534454,6.6269226,0.09148431,-0.2609086,-0.40475798,0.0,0.0,0.0
-1.2370911,6.4450684,6.9152527,0.0450418,-0.26970625,-0.11598587,0.0,0.0,0.0
-1.2933197,6.4570313,7.048065,-0.013136625,-0.24816322,0.007335186,0.0,0.0,0.0
-1.2897339,6.521637,7.1569366,-0.011086345,-0.1752634,0.10803747,0.0,0.0,0.0
-1.2394867,6.4378967,6.796814,0.040469885,-0.26323557,-0.24782419,0.0,0.0,0.0
-1.2813568,6.4546356,6.742981,-0.0010788441,-0.2533331,-0.29508924,0.0,0.0,0.0
-1.302887,6.4582214,6.789627,-0.020019531,-0.2548151,-0.24313784,0.0,0.0,0.0
-1.2634125,6.422333,6.8925323,0.019467235,-0.2895789,-0.14130354,0.0,0.0,0.0
-1.2646027,6.4414825,7.032501,0.01778555,-0.26610565,-0.0055470467,0.0,0.0,0.0
-1.277771,6.4055786,7.166504,0.0043640137,-0.29193592,0.11882162,0.0,0.0,0.0
-1.3770752,6.3828583,7.176071,-0.09187722,-0.30715752,0.1218276,0.0,0.0,0.0
-1.3830566,6.4055786,6.973877,-0.09529626,-0.2820387,-0.082172394,0.0,0.0,0.0
-1.3734741,6.417557,6.9308167,-0.08431029,-0.270926,-0.124156,0.0,0.0,0.0
-1.2993011,6.305084,7.0695953,-0.004060149,-0.3834114,0.015748024,0.0,0.0,0.0
-1.1760712,6.2656097,6.9056854,0.11751211,-0.41380787,-0.157063,0.0,0.0,0.0
-1.1916199,6.251251,6.7214355,0.09568012,-0.43098164,-0.3397975,0.0,0.0,0.0
-1.2012024,6.30748,6.4366913,0.08435595,-0.38791418,-0.61238146,0.0,0.0,0.0
-1.257431,6.3218384,6.808777,0.026540518,-0.37022305,-0.24374866,0.0,0.0,0.0
-1.3615112,6.3433685,7.199997,-0.076043844,-0.3342886,0.13410378,0.0,0.0,0.0
-1.3124695,6.3314056,7.3052826,-0.02515781,-0.33686972,0.2308693,0.0,0.0,0.0
-1.2203369,6.3302155,7.0791626,0.06772399,-0.31507397,-0.016710281,0.0,0.0,0.0
-1.134201,6.376877,6.6352997,0.14669394,-0.2687025,-0.46159935,0.0,0.0,0.0
-1.1916199,6.295517,6.253647,0.0760808,-0.37673712,-0.82055616,0.0,0.0,0.0
-1.2646027,6.2907257,6.5120697,0.0010668039,-0.39319277,-0.5514779,0.0,0.0,0.0
-1.3220367,6.356537,6.7633057,-0.055535197,-0.32406425,-0.3032298,0.0,0.0,0.0
-1.3280182,6.401993,7.1820526,-0.055676818,-0.26001883,0.09903526,0.0,0.0,0.0
-1.302887,6.3625183,7.343567,-0.024204254,-0.27765846,0.24121428,0.0,0.0,0.0
-1.3172455,6.3756714,7.3579254,-0.03701234,-0.2523327,0.24449062,0.0,0.0,0.0
-1.1162567,6.34816,6.932007,0.15673673,-0.27655506,-0.18578959,0.0,0.0,0.0
-1.0504456,6.366104,6.4989014,0.21317935,-0.2717266,-0.6083379,0.0,0.0,0.0
-1.0863342,6.397217,6.401993,0.16943705,-0.25896502,-0.6894579,0.0,0.0,0.0
-1.1700897,6.440277,6.673584,0.08312011,-0.22251272,-0.41211176,0.0,0.0,0.0
-1.2346954,6.479767,7.081558,0.01787126,-0.17501211,-0.011775494,0.0,0.0,0.0
-1.311264,6.4654083,7.3208466,-0.05555439,-0.16966057,0.20962667,0.0,0.0,0.0
-1.2693939,6.385254,7.417755,-0.014385819,-0.23800898,0.29541492,0.0,0.0,0.0
-1.249054,6.435501,6.9020996,6.041527E-4,-0.18483543,-0.22390127,0.0,0.0,0.0
-1.2705841,6.427124,6.695114,-0.021130085,-0.20670033,-0.41836786,0.0,0.0,0.0
-1.3423767,6.385254,6.477371,-0.08917165,-0.26391172,-0.6211114,0.0,0.0,0.0
-1.257431,6.398407,6.746567,-0.0025959015,-0.2578349,-0.3449936,0.0,0.0,0.0
-1.2562256,6.4008026,6.989441,-2.632141E-4,-0.25027704,-0.106761456,0.0,0.0,0.0
-1.2251282,6.4091797,7.0707855,0.035019875,-0.23419905,-0.031885147,0.0,0.0,0.0
-1.1688995,6.2703857,7.21196,0.089728355,-0.365767,0.102267265,0.0,0.0,0.0
-1.1365967,6.196213,7.10907,0.115845084,-0.43447304,-0.0068130493,0.0,0.0,0.0
-1.0923309,6.180664,6.6795654,0.14868355,-0.4622283,-0.42692804,0.0,0.0,0.0
-1.1150513,6.1950226,6.325424,0.12192857,-0.46644163,-0.764369,0.0,0.0,0.0
-1.2909241,6.2847443,6.4127655,-0.053546667,-0.3921919,-0.6623888,0.0,0.0,0.0
-1.3375854,6.2680054,6.631714,-0.09134436,-0.41067362,-0.44023895,0.0,0.0,0.0
-1.3746796,6.2392883,7.384247,-0.121885896,-0.4234085,0.29838943,0.0,0.0,0.0
-1.3040924,6.1830597,7.561325,-0.05041063,-0.4450941,0.44330263,0.0,0.0,0.0
-1.2586212,6.1902313,7.4644165,-0.008896828,-0.42503595,0.33372164,0.0,0.0,0.0
-1.0923309,6.0957184,6.4079742,0.15111566,-0.5371256,-0.7074747,0.0,0.0,0.0
-1.1605225,6.1208344,6.1040955,0.08190119,-0.5339632,-0.991004,0.0,0.0,0.0
-1.2131653,6.2703857,6.378067,0.030794501,-0.3974285,-0.70453167,0.0,0.0,0.0
-1.2741852,6.398407,6.977478,-0.02306676,-0.25750065,-0.11505222,0.0,0.0,0.0
-1.3339996,6.3637085,7.482361,-0.07918155,-0.2678995,0.36775637,0.0,0.0,0.0
-1.2717896,6.295517,7.5385895,-0.016467452,-0.31536388,0.40481043,0.0,0.0,0.0
-1.1988068,6.3469543,7.1736755,0.05130005,-0.25258923,0.02849245,0.0,0.0,0.0
-1.1413727,6.2285156,6.6089783,0.105003,-0.37910748,-0.5293865,0.0,0.0,0.0
-1.1306152,6.1878357,6.551544,0.107893944,-0.43629456,-0.57287693,0.0,0.0,0.0
-1.3208313,6.2440643,6.6640167,-0.08285773,-0.38320732,-0.4575758,0.0,0.0,0.0
-1.4201355,6.394821,6.948761,-0.17628407,-0.231287,-0.17289019,0.0,0.0,0.0
-1.421341,6.423538,7.124634,-0.16745567,-0.19377661,-0.0034298897,0.0,0.0,0.0
-1.3172455,6.4857483,7.545761,-0.054516435,-0.10940838,0.3987465,0.0,0.0,0.0
-1.298111,6.4582214,7.347168,-0.03363061,-0.118319035,0.18332815,0.0,0.0,0.0
-1.199997,6.3672943,6.957138,0.060017467,-0.21362925,-0.20346212,0.0,0.0,0.0
-1.1437683,6.3601227,6.723831,0.10865331,-0.22949123,-0.43010616,0.0,0.0,0.0
-1.2299042,6.366104,6.9762726,0.017909288,-0.2275281,-0.17476702,0.0,0.0,0.0
-1.249054,6.337387,7.147354,-1.5676022E-4,-0.24595642,-0.012969017,0.0,0.0,0.0
-1.3495483,6.440277,7.360321,-0.09755182,-0.13108015,0.1895361,0.0,0.0,0.0
-1.3304138,6.480957,7.351944,-0.07446551,-0.08170366,0.17388964,0.0,0.0,0.0
-1.298111,6.419937,7.377075,-0.043121457,-0.14021635,0.19656181,0.0,0.0,0.0
-1.1820526,6.273987,7.0205383,0.06676602,-0.28702784,-0.16026449,0.0,0.0,0.0
-1.1772614,6.3062897,6.599411,0.067803144,-0.27453566,-0.5638933,0.0,0.0,0.0
-1.3016968,6.2357025,6.583847,-0.055541635,-0.36356592,-0.56228065,0.0,0.0,0.0
-1.1892395,6.352951,6.8279266,0.053878307,-0.2554798,-0.3102584,0.0,0.0,0.0
-1.3280182,6.440277,7.0289154,-0.08558905,-0.16628742,-0.11111641,0.0,0.0,0.0
-1.3507538,6.2668,7.048065,-0.10441291,-0.33638287,-0.0944128,0.0,0.0,0.0
-1.2382813,6.14357,6.8745728,0.0041880608,-0.46255636,-0.26585817,0.0,0.0,0.0
-1.2203369,6.214157,6.55394,0.013493419,-0.40764856,-0.5734534,0.0,0.0,0.0
-1.2885284,6.364914,6.3098755,-0.059307337,-0.28120232,-0.79565287,0.0,0.0,0.0
-1.2263184,6.3637085,6.4630127,0.0070717335,-0.30631018,-0.619359,0.0,0.0,0.0
-1.1940155,6.357727,6.8602295,0.038011312,-0.30803108,-0.22638941,0.0,0.0,0.0
-1.183258,6.340973,6.948761,0.04754281,-0.31678677,-0.14558554,0.0,0.0,0.0
-1.1186371,6.345764,6.830307,0.10851121,-0.31534147,-0.26153135,0.0,0.0,0.0
-0.98583984,6.3026886,6.4426727,0.23253405,-0.36854982,-0.6411495,0.0,0.0,0.0
-1.0827484,6.299103,6.3266296,0.12735176,-0.39277458,-0.73912,0.0,0.0,0.0
-1.0624084,6.254837,6.385254,0.14471066,-0.44425583,-0.67416525,0.0,0.0,0.0
-1.1114655,6.3469543,6.9439697,0.09069681,-0.34723234,-0.12094736,0.0,0.0,0.0
-1.2669983,6.509674,6.941574,-0.05963099,-0.16366577,-0.14215279,0.0,0.0,0.0
-1.1497498,6.3637085,7.0695953,0.054472923,-0.30279398,-0.021101475,0.0,0.0,0.0
-1.0935211,6.3098755,6.7812653,0.103808165,-0.35187578,-0.31506157,0.0,0.0,0.0
-1.1856384,6.3732758,6.422333,0.0077534914,-0.30203152,-0.66190815,0.0,0.0,0.0
-1.2059784,6.489334,6.4378967,-0.011672854,-0.19555378,-0.6371503,0.0,0.0,0.0
-1.2215424,6.4905243,6.7740784,-0.027220488,-0.19344711,-0.30183268,0.0,0.0,0.0
-1.2681885,6.5359955,7.0863495,-0.06839502,-0.1346569,-0.0011949539,0.0,0.0,0.0
-1.2669983,6.484543,7.331604,-0.061349273,-0.16856098,0.22857618,0.0,0.0,0.0
-1.2047882,6.489334,7.4321136,5.193949E-4,-0.14070892,0.3074975,0.0,0.0,0.0
-1.1401825,6.418747,7.150955,0.06346226,-0.20717716,0.022227764,0.0,0.0,0.0
-1.1270142,6.295517,6.611374,0.07154584,-0.3397112,-0.509552,0.0,0.0,0.0
-1.1617126,6.3314056,6.55394,0.033427596,-0.3207035,-0.551795,0.0,0.0,0.0
-1.3136597,6.448654,6.7812653,-0.11683309,-0.20587492,-0.32191944,0.0,0.0,0.0
-1.3651123,6.480957,7.117447,-0.15853763,-0.16678667,0.009559631,0.0,0.0,0.0
-1.3160553,6.518051,7.4967194,-0.09832549,-0.10290766,0.3657713,0.0,0.0,0.0
-1.2119598,6.47258,7.426132,0.0061832666,-0.1323018,0.2803607,0.0,0.0,0.0
-1.1976013,6.386444,7.0827484,0.0169878,-0.21659327,-0.06533241,0.0,0.0,0.0
-1.1712799,6.2165527,6.9056854,0.04137361,-0.39195347,-0.23766851,0.0,0.0,0.0
-1.183258,6.2691956,6.7944183,0.021511674,-0.345726,-0.3443303,0.0,0.0,0.0
-1.179657,6.3804626,6.5898285,0.02540052,-0.24184322,-0.5420222,0.0,0.0,0.0
-1.2370911,6.4031982,6.7166595,-0.025570273,-0.22726011,-0.4065156,0.0,0.0,0.0
-1.228714,6.374481,6.838684,-0.016155005,-0.25383282,-0.2863102,0.0,0.0,0.0
-1.2418823,6.32782,6.887741,-0.028484702,-0.29751348,-0.23988199,0.0,0.0,0.0
-1.2945099,6.209381,6.8350983,-0.077326655,-0.41506338,-0.292706,0.0,0.0,0.0
-1.1904297,6.2321014,6.8159485,0.028015733,-0.39258194,-0.31141758,0.0,0.0,0.0
-1.0671997,6.345764,6.5491486,0.14528906,-0.28204203,-0.5763302,0.0,0.0,0.0
-1.071991,6.459427,6.2476654,0.13574314,-0.19048166,-0.8580003,0.0,0.0,0.0
-1.0337067,6.5060883,6.300308,0.1723212,-0.16104698,-0.7894864,0.0,0.0,0.0
-1.0995026,6.361313,6.7740784,0.101842165,-0.31250286,-0.31022406,0.0,0.0,0.0
-1.1090698,6.296707,7.191635,0.08729386,-0.36479235,0.09490919,0.0,0.0,0.0
-1.0480499,6.3397827,6.960724,0.14170945,-0.31088352,-0.14726448,0.0,0.0,0.0
-1.0337067,6.47139,6.45224,0.14680779,-0.19220114,-0.6451769,0.0,0.0,0.0
-1.051651,6.551544,6.315857,0.125736,-0.12862968,-0.7664747,0.0,0.0,0.0
-1.1617126,6.526428,6.673584,0.014314055,-0.15573454,-0.40709782,0.0,0.0,0.0
-1.2382813,6.45105,7.043274,-0.059844732,-0.22055387,-0.046957016,0.0,0.0,0.0
-1.262207,6.526428,6.932007,-0.07815242,-0.13811064,-0.16393042,0.0,0.0,0.0
-1.2203369,6.5060883,6.9044952,-0.03383434,-0.15978765,-0.18977737,0.0,0.0,0.0
-1.1473541,6.41037,6.798004,0.035122156,-0.26037169,-0.29236555,0.0,0.0,0.0
-1.188034,6.4570313,6.4342957,-0.0032982826,-0.22883034,-0.64144087,0.0,0.0,0.0
-1.2753754,6.4618225,6.5982056,-0.08427274,-0.23321772,-0.46777678,0.0,0.0,0.0
-1.2047882,6.5144653,7.0361023,-0.01090014,-0.18186426,-0.028187752,0.0,0.0,0.0
-1.2394867,6.5348053,7.3782654,-0.042634606,-0.14473486,0.29859924,0.0,0.0,0.0
-1.282547,6.45105,7.2717896,-0.08169544,-0.20918083,0.17462969,0.0,0.0,0.0
-1.1365967,6.2680054,7.009781,0.06588209,-0.3885007,-0.090596676,0.0,0.0,0.0
-1.0815582,6.241684,6.7178497,0.110227466,-0.42006493,-0.37941265,0.0,0.0,0.0
-1.2047882,6.229721,6.467804,-0.013578057,-0.44473267,-0.61760855,0.0,0.0,0.0
-1.2454681,6.1914215,6.5898285,-0.04935646,-0.48170948,-0.49600458,0.0,0.0,0.0
-1.2454681,6.2931213,7.196411,-0.04883015,-0.3642025,0.095813274,0.0,0.0,0.0
-1.2203369,6.4127655,7.247864,-0.024380565,-0.21667242,0.121109486,0.0,0.0,0.0
-1.2346954,6.3720856,7.2191467,-0.03523636,-0.24714565,0.08349943,0.0,0.0,0.0
-1.1521454,6.1997986,7.203598,0.04482317,-0.4042697,0.053498268,0.0,0.0,0.0
-1.0624084,6.168701,6.813568,0.12677193,-0.43457317,-0.33856535,0.0,0.0,0.0
-1.0947113,6.2859497,6.24527,0.089553,-0.33700943,-0.88945675,0.0,0.0,0.0
-1.1676941,6.3385925,6.196213,0.01950121,-0.30026293,-0.92323685,0.0,0.0,0.0
-1.3052826,6.43071,7.093521,-0.11028612,-0.19340515,-0.038342,0.0,0.0,0.0
-1.3842468,6.476181,7.249054,-0.18047607,-0.13144445,0.10338354,0.0,0.0,0.0
-1.3016968,6.459427,7.2131653,-0.0925647,-0.13794804,0.058933258,0.0,0.0,0.0
-1.0217285,6.489334,6.607773,0.17516887,-0.12001181,-0.5374613,0.0,0.0,0.0
-1.022934,6.531204,6.3637085,0.16692996,-0.09724426,-0.7649851,0.0,0.0,0.0
-1.0791626,6.36969,6.448654,0.107958555,-0.2796445,-0.66102076,0.0,0.0,0.0
-1.1102753,6.296707,7.0983124,0.07339907,-0.3401432,-0.023591995,0.0,0.0,0.0
-1.0504456,6.417557,7.3244324,0.12238467,-0.19080591,0.17429972,0.0,0.0,0.0
-1.1006927,6.521637,6.8434753,0.06988418,-0.089058876,-0.30486917,0.0,0.0,0.0
-1.1198425,6.45105,6.570694,0.052000284,-0.17065811,-0.5672436,0.0,0.0,0.0
-1.1174469,6.3960114,6.6687927,0.052832484,-0.23102379,-0.46445608,0.0,0.0,0.0
-1.1353912,6.4618225,6.866211,0.02964878,-0.16041183,-0.27235222,0.0,0.0,0.0
-1.1186371,6.234497,7.0169525,0.0452013,-0.37859535,-0.1302762,0.0,0.0,0.0
-1.1581268,6.238083,7.002594,0.0065276623,-0.3681817,-0.1508131,0.0,0.0,0.0
-1.2143555,6.3888397,6.7836456,-0.04753256,-0.21340084,-0.3731227,0.0,0.0,0.0
-1.2143555,6.332611,6.7812653,-0.04224515,-0.2758727,-0.36887312,0.0,0.0,0.0
-1.1617126,6.276367,6.912857,0.0066872835,-0.32858467,-0.24115229,0.0,0.0,0.0
-1.0085754,6.1172485,6.9667053,0.15265739,-0.4771595,-0.1981883,0.0,0.0,0.0
-1.0863342,6.2799683,6.460617,0.07375777,-0.31998205,-0.69935703,0.0,0.0,0.0
-1.1988068,6.340973,6.4414825,-0.032105446,-0.27354002,-0.7039647,0.0,0.0,0.0
-1.1904297,6.312271,7.0001984,-0.023594975,-0.29311943,-0.15366077,0.0,0.0,0.0
-1.2813568,6.3828583,7.397415,-0.113396645,-0.19885397,0.22194862,0.0,0.0,0.0
-1.3531342,6.3684998,7.3220367,-0.1721456,-0.19031668,0.12776232,0.0,0.0,0.0
-1.3495483,6.305084,7.2227325,-0.16222858,-0.24533081,0.021849155,0.0,0.0,0.0
-1.2047882,6.34935,6.9056854,-0.01733911,-0.19902563,-0.2970314,0.0,0.0,0.0
-1.1976013,6.4259186,6.681961,-0.009903789,-0.13143158,-0.51254463,0.0,0.0,0.0
-1.257431,6.480957,6.5898285,-0.062763095,-0.09410715,-0.58733606,0.0,0.0,0.0
-1.2263184,6.3553314,7.146164,-0.030106664,-0.21144629,-0.038325787,0.0,0.0,0.0
-1.1282196,6.378067,7.3423767,0.06323135,-0.17176056,0.14164162,0.0,0.0,0.0
-1.1126556,6.4008026,6.9152527,0.07531011,-0.14530897,-0.28943634,0.0,0.0,0.0
-1.1114655,6.39003,6.525223,0.077531815,-0.17569923,-0.6614227,0.0,0.0,0.0
-1.0815582,6.4462585,6.6149597,0.10725808,-0.12846422,-0.56348896,0.0,0.0,0.0
-1.031311,6.649658,6.674774,0.15280378,0.067622185,-0.49774694,0.0,0.0,0.0
-1.1329956,6.3876343,7.0085754,0.052682042,-0.19786787,-0.1605053,0.0,0.0,0.0
-1.0899353,6.1770782,7.223938,0.09270799,-0.4008217,0.04737997,0.0,0.0,0.0
-1.0803528,6.193817,7.124634,0.089836836,-0.37026978,-0.06659746,0.0,0.0,0.0
-1.208374,6.3840485,6.406784,-0.03592336,-0.19381905,-0.77147484,0.0,0.0,0.0
-1.2418823,6.2931213,6.8769684,-0.061355233,-0.30089283,-0.2851348,0.0,0.0,0.0
-1.0384827,6.3230286,7.5146637,0.13964391,-0.2510805,0.33389091,0.0,0.0,0.0
-1.02771,6.376877,7.2873383,0.13402045,-0.17110348,0.08006954,0.0,0.0,0.0
-1.022934,6.2608185,6.8027954,0.1356591,-0.2960248,-0.39691687,0.0,0.0,0.0
-1.036087,6.1244354,6.768097,0.11547613,-0.44143343,-0.4245143,0.0,0.0,0.0
-1.1042938,6.0646057,6.945175,0.04395938,-0.49292707,-0.25556564,0.0,0.0,0.0
-1.2012024,6.0442657,7.0540466,-0.04978621,-0.50283575,-0.15567493,0.0,0.0,0.0
-1.1318054,6.0933228,7.1485596,0.022025108,-0.44841003,-0.065648556,0.0,0.0,0.0
-1.085144,6.1651,7.2729797,0.06839359,-0.35690737,0.040887356,0.0,0.0,0.0
-1.2478638,6.1627197,6.878174,-0.091406465,-0.34280682,-0.36828184,0.0,0.0,0.0
-1.3363953,6.172287,6.7417755,-0.17049539,-0.33685017,-0.49992275,0.0,0.0,0.0
-1.2502441,6.2608185,6.833908,-0.076107144,-0.25004482,-0.40490723,0.0,0.0,0.0
-1.2717896,6.356537,6.8733826,-0.09331787,-0.15292692,-0.3659873,0.0,0.0,0.0
-1.2717896,6.381653,6.7836456,-0.08770621,-0.13336182,-0.4498129,0.0,0.0,0.0
-1.2227325,6.2895355,6.746567,-0.029119968,-0.23424959,-0.4774146,0.0,0.0,0.0
-1.1700897,6.3098755,6.8327026,0.024125338,-0.21683311,-0.38853788,0.0,0.0,0.0
-1.2251282,6.427124,6.8602295,-0.030713797,-0.10390091,-0.35707474,0.0,0.0,0.0
-1.2358856,6.398407,6.809967,-0.034612656,-0.14185667,-0.3978262,0.0,0.0,0.0
-1.1557312,6.2404785,6.9667053,0.048285484,-0.30076122,-0.23974371,0.0,0.0,0.0
-1.1102753,6.2237244,6.932007,0.0901463,-0.31752348,-0.27503586,0.0,0.0,0.0
-1.076767,6.214157,6.793228,0.12165153,-0.3310175,-0.4105811,0.0,0.0,0.0
-1.0193481,6.340973,6.6424713,0.1764946,-0.21196127,-0.5547085,0.0,0.0,0.0
-1.071991,6.45224,6.563507,0.118572235,-0.11403227,-0.6223831,0.0,0.0,0.0
-1.0791626,6.5443726,6.6221313,0.1089555,-0.031122208,-0.5557251,0.0,0.0,0.0
-1.0815582,6.4701996,7.068405,0.10234177,-0.10376644,-0.1115489,0.0,0.0,0.0
