-0.8829498,6.0179443,7.183258,0.10309088,-0.4751072,-0.62790775,0.035235405,0.007940529,9.013355
-0.9451599,6.0059814,7.2885437,0.15523016,-0.5449295,-0.65393305,0.07854462,0.0465705,8.946222
-1.0624084,5.880356,7.647461,0.16174316,-0.40085602,-0.5932617,-0.0055980682,0.08124109,9.0771475
-1.0432739,5.7092743,7.6295166,0.07321,-0.07636452,-0.46895027,-0.2057333,0.056923665,9.375908
-0.89730835,5.6985016,7.2179565,-0.13234067,-0.03609705,-0.31502914,-0.17485595,0.14360142,9.548069
-0.7046814,5.807373,6.479767,-0.23036051,-0.081737995,-0.36473703,-0.19106293,-0.24155293,9.493718
-0.673584,6.029907,6.0969086,-0.03546524,-0.39228582,-0.513082,-0.009232521,-0.11040834,9.169371
-0.75971985,6.1674957,6.3960114,0.17354202,-0.4822154,-0.5322571,0.078157425,0.07941009,9.076219
-0.8841553,6.0155487,7.2346954,0.18953216,-0.4899726,-0.5581975,0.06838989,0.09521606,9.04913
-0.9571228,5.785843,7.885544,0.17873812,-0.2700901,-0.52351665,0.10482103,0.10983467,9.210066
-0.94277954,5.659027,7.7647095,0.012125254,-0.17690945,-0.3477087,-0.07462168,-0.02127482,9.424126
-0.80158997,5.79422,6.9762726,-0.09903872,-0.25827932,-0.014809608,0.17637062,-0.14666444,9.651348
-0.727417,6.08136,6.3684998,-0.13664532,-0.37400723,0.12632656,0.34638357,-0.20723957,9.699033
-0.75852966,6.089737,6.5371857,-0.026220083,-0.51111364,-0.008112431,0.38836718,-0.12681428,9.498302
-0.8231354,6.02034,7.310074,-0.101408005,-0.5136237,-0.017293453,0.37337208,-0.20233475,9.499982
-0.90808105,5.9904327,8.0195465,0.037956357,-0.4053192,-0.046295166,0.29406977,-0.04506628,9.524942
-0.9296112,6.008377,7.883148,0.09902656,-0.17711258,-0.08670521,0.102015495,0.061045133,9.62075
-0.8721771,6.06102,7.615158,0.025428057,-0.15402079,-0.10517597,0.06103325,-0.00643616,9.628707
-0.75971985,6.06102,7.6462708,9.5939636E-4,-0.16166973,-0.11226463,0.05871296,-0.032187767,9.621561
-0.69511414,6.074173,7.5098724,0.046517134,-0.23368502,-0.3371663,-0.0056626797,0.012963295,9.394032
-0.82192993,6.1986084,7.323227,0.055583358,-0.24866915,-0.43991804,-0.012672424,0.06307125,9.302354
-0.9678955,5.9521484,7.709671,-0.026643038,-0.19786406,-0.5258045,-0.17225122,-0.06750065,9.2755165
-0.93678284,5.89592,7.8257294,-0.046732545,-0.11591339,-0.5125017,-0.2321701,-0.06974781,9.338132
-0.953537,5.9282227,7.750351,-0.20718825,-0.056045055,-0.55978537,-0.33548975,-0.21362622,9.358055
-0.8386841,6.0012054,7.171295,-0.029516459,-0.24926853,-0.44417048,-0.10195935,0.05944729,9.310299
-0.825531,6.003586,7.02652,0.33986664,-0.12368202,-0.26985645,-0.0147128105,0.3071643,9.476403
-0.87338257,5.85643,6.710678,0.051428676,-0.2346406,-0.3310213,-0.01292944,0.0023460314,9.397866
-0.93200684,5.740387,6.7693024,-0.009040713,-0.25781822,-0.38715887,-0.039530277,-0.06164886,9.347216
-1.0014038,5.704483,7.021744,0.39399278,-0.39656305,-0.4026265,0.117079735,0.3090932,9.202204
-0.9990082,5.8085785,7.3758698,0.26818883,-0.33632135,-0.36744165,0.07279873,0.197802,9.281651
-0.9451599,5.913864,7.4237366,-0.0039532185,-0.32156134,-0.44303608,-0.02543974,-0.06676926,9.2638855
-0.8291168,5.8791656,6.9272156,-0.084575176,-0.30664492,-0.38776016,-0.014623642,-0.14291424,9.326125
-0.6771698,5.803787,6.374481,-0.14599216,-0.24697638,-0.11053753,0.10199404,-0.19070822,9.588118
-0.7393799,5.6817627,6.4618225,-0.30962563,-0.3336048,-0.1498251,-0.31497478,-0.22534037,9.524481
-0.7896271,5.65184,6.4989014,-0.21945047,-0.36715508,-0.26589537,0.090022564,-0.28549072,9.401616
-0.9918213,5.65065,6.7094727,0.07418525,-0.38587236,-0.49959183,0.004898548,1.2128055E-4,9.171065
-0.77526855,5.79422,7.5134583,0.29491687,-0.23469591,-0.5941,-0.14046383,0.24572432,9.162521
-0.879364,5.8827515,7.939392,0.2590376,-0.25397873,-0.57952166,-0.12390518,0.2077717,9.167175
-0.87098694,6.0215454,7.905884,0.12450755,-0.36326075,-0.4209485,0.040066242,0.057139482,9.241152
-0.7549286,6.130417,6.994217,0.06608105,-0.5860629,-0.15863085,0.07236755,-0.36288166,9.32077
-0.7645111,5.9150543,6.644867,0.07927072,-0.6615143,-0.15025043,0.4350891,-0.03652449,9.281462
-0.9068756,5.79422,7.0181427,0.06967056,-0.6969657,-0.35660648,0.33671522,-0.052027937,9.098342
-0.90089417,5.9078827,7.5314026,0.0066717863,-0.45993614,-0.5972247,-0.07279801,-0.018272877,9.056564
-0.9906311,6.2524414,7.860428,-0.05490899,-0.21379375,-0.734045,-0.28666687,-0.094836414,9.102113
-1.02771,6.2656097,7.911865,-0.28536916,-0.15870237,-0.6598468,-0.31419754,-0.31372786,9.219389
-0.96191406,6.2907257,7.841278,-0.30189323,-0.26920414,-0.3964486,-0.35519254,-0.022397518,9.366062
-1.0121613,6.1340027,7.625931,-0.04809463,-0.4008355,-0.28038597,0.14641285,-0.1256668,9.354578
-1.0337067,6.04187,7.578064,0.039746523,-0.52331924,-0.094329834,0.3708496,-0.063049525,9.428714
-0.933197,6.065811,7.536194,0.10011506,-0.6195102,0.120238304,0.58531,-0.02206996,9.551312
-0.9750824,6.037094,7.709671,0.12544346,-0.53988886,-0.058963776,0.42648268,0.017527241,9.448185
-0.928421,6.10289,7.5302124,0.33580673,-0.31898594,-0.16603851,0.2214508,0.2668394,9.457591
-0.93678284,6.0801697,7.372284,0.3014878,-0.17865229,-0.33360386,0.00946188,0.26008123,9.398765
-0.9990082,5.9844513,7.4273224,-0.2730974,-0.13316202,-0.32742977,-0.112856865,-0.29531825,9.491096
-1.0552368,5.9019012,7.5302124,0.0024416447,-0.14781857,-0.28472042,-0.033135414,-0.027071163,9.488703
-1.0588226,5.8492584,7.3830566,-0.068520546,-0.48669147,-0.3928318,-0.10149264,-0.21873355,9.2255
-0.9403839,5.8336945,7.1856537,-0.083137155,-0.5056095,-0.31273365,0.23659849,-0.18008783,9.285167
-0.7657013,5.7894287,7.002594,0.27333152,-0.12071562,0.2712555,0.2899313,0.24626713,9.941387
-0.7692871,5.765503,6.7836456,-0.056803703,-0.22185946,0.42964077,0.4069624,-0.09501407,10.056437
-0.8925171,5.7296143,6.41037,-0.0022708178,-0.1704073,0.4747572,0.3988948,-0.030433834,10.113888
-0.8661957,5.8002014,6.325424,0.16076791,-0.18430948,0.24877739,0.21614945,-0.25875998,9.896258
-1.0121613,5.921036,7.0456696,-0.027064323,-0.19061184,-0.1535883,0.06511021,-0.061430164,9.577212
-0.89611816,5.7631073,7.593628,-0.040660262,-0.27706623,-0.26243877,0.069344044,-0.090461984,9.440179
-0.77168274,5.743973,7.507477,0.014826775,-0.32907152,-0.28087807,0.102508545,-0.043876126,9.38836
-0.7692871,5.8707886,6.775284,0.06170082,-0.21652317,-0.72436047,-0.24728823,0.017225794,9.089754
-0.8279114,5.9653015,6.2117615,0.06507254,-0.1774025,-0.8379736,-0.051139355,0.35602045,9.026561
-0.830307,6.025131,6.522827,-0.01778078,-0.19516039,-0.842021,-0.36591148,-0.05938737,9.025635
-0.83987427,5.9724884,7.298111,-0.15622258,-0.35330486,-0.5482893,-0.08643818,-0.2194394,9.178777
-0.84347534,5.921036,7.932205,-0.18183517,-0.42918968,-0.54965353,-0.034994125,-0.25743106,9.134422
-0.67237854,5.995224,7.907089,-0.036335945,-0.49384737,-0.43745422,0.1006484,-0.12307386,9.165328
-0.7082825,5.9605255,6.940384,0.18915725,-0.5942464,-0.3887596,0.23206997,0.08575666,9.114674
-0.8039856,5.904297,6.7130585,0.22289717,-0.43971062,-0.666307,-0.061478138,0.1411286,8.99222
-0.87338257,5.95932,6.829117,0.25815415,-0.4391446,-0.70667744,-0.090528965,0.17668515,8.958434
-0.9690857,6.0059814,7.2323,0.32195246,-0.55357885,-0.62719727,0.050700665,0.22485766,8.940424
-1.031311,5.995224,7.8352966,0.11629534,-0.5406842,-0.5887003,0.04138279,0.025823116,9.000391
-0.9654999,5.851654,8.230118,0.09405136,-0.49935007,-0.62599134,-0.017352104,0.009799011,9.000633
-0.83628845,5.724823,7.9788666,0.20497727,-0.333014,-0.73530054,-0.20302296,0.14357942,9.011826
-0.899704,5.91745,7.2335052,0.053673863,-0.26680517,-0.5300474,-0.13647318,0.0070583,9.226701
-1.0121613,5.8995056,7.056427,0.037863016,-0.2536726,-0.3517871,-0.032057762,-0.004396878,9.372495
-1.0540314,5.962921,7.3124695,-0.052612066,-0.1862793,-0.098155975,-0.06480682,-0.086788654,9.618581
-0.9403839,6.0394897,7.8795624,-0.083961606,-0.22108841,0.122677326,0.23753738,-0.11462892,9.769026
-0.89730835,6.0346985,7.733597,-0.17470872,-0.21385384,0.34149504,0.36245108,-0.20078123,9.952222
-0.8422699,6.0335083,7.4763794,-0.049566627,-0.3664112,0.3293786,0.48414612,-0.10008588,9.834749
-0.8877411,6.01915,6.795624,0.26001096,-0.41597605,-0.091303825,0.28751373,0.19470006,9.448314
-1.0193481,6.050247,6.707077,0.1955105,-0.44895267,-0.1414423,0.27396297,0.12626898,9.39581
-1.0372925,5.9641113,7.2095795,0.165779,-0.33288193,-0.11508179,0.19904518,0.11391731,9.492102
-1.0372925,5.922241,7.7695007,-0.15120065,-0.08404398,0.07755995,0.09739733,-0.16102788,9.829552
-0.9140625,5.93898,7.6654053,-0.29560888,-0.020339489,0.236732,0.13252878,-0.2924997,10.008444
-0.7776642,5.970093,6.9978027,-0.29078436,-0.001493454,0.25717115,0.1304698,-0.28449625,10.036289
-0.8195343,6.045471,6.439087,-0.68049586,0.01803255,-0.083081245,-0.68251586,-0.062217712,9.831211
-1.0265198,5.844467,6.652054,-0.37896407,-0.33541727,-0.30506897,0.013103962,-0.43343186,9.405214
-1.0695953,5.777466,7.002594,0.11655235,-0.4148035,-0.41020155,0.065317154,0.040380254,9.216723
-0.9798584,5.704483,7.655838,0.31023288,-0.35651922,-0.5150175,-0.027619362,0.24144512,9.15126
-0.80996704,5.77269,7.2837524,0.3254373,-0.31694794,-0.40523767,0.012982845,0.2652489,9.258875
-0.76330566,5.7834473,6.969101,0.3083415,-0.3002324,-0.38479376,0.24385929,0.06435919,9.287353
-0.8267212,5.7092743,6.7214355,0.18750155,-0.36697865,-0.42106247,0.02073431,0.1224965,9.230726
-0.96310425,5.6267242,7.298111,0.23199773,-0.44829893,-0.6013708,-0.0331192,0.15214083,9.037106
-1.076767,5.6111755,7.802994,0.19953978,-0.49682283,-0.7393203,-0.0918355,0.11084843,8.905251
-0.94636536,5.600403,8.163116,0.124263525,-0.46432114,-1.1619897,-0.4025674,0.033937603,8.615833
-0.7262268,5.7152557,7.2263184,0.13982975,-0.42080545,-1.2055221,-0.06412959,0.46237063,8.6099825
-0.72024536,5.826523,6.7333984,0.10517669,-0.46161366,-1.1327033,-0.38719463,0.012257129,8.6417055
-0.8147583,6.1088715,6.070587,-0.4404955,-0.706676,-0.6815319,0.0337224,-0.56243294,8.889893
-1.0157471,6.0765686,6.817154,-0.46334922,-0.8201103,-0.32727146,0.35072803,-0.6075943,9.097989
-1.0983124,6.028717,7.454834,-0.3686608,-0.78194666,-0.15543747,0.4457631,-0.5105417,9.247942
-1.0325012,5.91864,8.452652,-0.019129992,-0.5296836,0.30521345,0.5951128,-0.11484608,9.724574
-0.9678955,6.222534,7.7934265,0.12204206,-0.3805437,0.36698103,0.5381532,0.054007143,9.849741
-0.825531,6.3876343,6.7166595,0.18128526,-0.388875,0.40600634,0.57611465,0.113112986,9.871662
-0.68434143,6.2476654,6.419937,0.20984924,-0.23767328,0.42804527,0.47457552,0.1706139,9.978162
-0.7381897,5.89711,6.908081,0.08854365,-0.030893326,0.09450674,0.0932641,0.08346705,9.852048
-0.90448,5.831314,7.3866425,0.094863415,-0.019296646,-0.017058372,0.016407967,0.089723766,9.770006
-1.0983124,6.1459656,7.5972137,0.22842765,0.042178154,-0.25627995,-0.1632905,0.22706293,9.603141
-1.1892395,6.263214,7.762314,0.25089598,-0.047911167,-0.35963202,-0.15731621,0.23230094,9.466258
-1.0348969,6.2404785,7.728821,0.24305665,-0.061477184,-0.34808826,-0.14283991,0.22258316,9.468901
-0.7776642,6.2488556,7.5481567,-0.3300693,-0.21768475,-0.30805683,-0.063130856,-0.36698043,9.471133
-0.8458557,6.1866455,6.948761,-0.70015025,-0.10446739,0.07021904,-0.6533146,-0.27217197,9.878458
-0.8614197,6.0394897,6.73938,-0.57804585,-0.4625101,0.10510731,0.35233498,-0.64555395,9.671667
-0.9559326,5.947357,7.1030884,-0.43542314,-0.3176155,0.038015366,0.21394491,-0.48278618,9.692357
-0.89611816,6.0969086,7.716858,-0.20353031,-0.2008338,-0.41701078,-0.13474846,-0.24124041,9.383207
-0.8231354,6.0801697,7.759918,-0.15252423,-0.19968271,-0.48212528,-0.17370749,-0.19053909,9.328004
-0.78364563,6.0012054,7.6414795,0.1210525,-0.21581984,-0.6265297,0.017191648,0.23721218,9.176408
-0.8027954,5.8504486,7.1282196,0.20659673,-0.16984987,-0.583776,0.110710025,0.26106215,9.23053
-0.7908325,5.7714844,6.5395813,0.16416156,-0.23786926,-0.5511551,-0.16483974,0.11866446,9.218391
-0.9451599,5.7714844,6.520447,0.09238577,-0.28428698,-0.51877975,-0.1188159,0.041962013,9.221321
-1.0887299,5.5872345,7.076767,0.09346366,-0.40804005,-0.47555637,-4.8398972E-4,0.02729579,9.17369
-0.9032898,5.5082703,7.819748,0.14483202,-0.5698643,-0.36082888,0.20012903,0.058332257,9.14903
-0.86260986,5.498703,7.767105,0.1505692,-0.56141615,-0.20182848,0.2999587,0.0684067,9.27379
-0.8769684,5.54657,7.2646027,0.114825845,-0.45542955,-0.1977129,0.22103167,0.047886252,9.349985
-0.8518524,5.7667084,6.5575256,0.10982078,-0.39984608,-0.10985279,0.23754883,0.052289046,9.4533205
-0.9056854,5.8372955,6.497711,0.11307418,-0.3433175,0.029029846,0.28716612,0.06571989,9.595198
-0.7298126,5.7882385,6.921234,0.12517458,-0.17587662,0.04427147,0.17286396,0.100766905,9.714317
-0.6663971,5.839691,7.368698,0.22911155,0.11889553,-0.24141693,-0.22573566,0.23924679,9.677365
-0.6149597,5.8504486,7.204788,0.23844093,0.13699722,-0.3076992,-0.2823534,0.24955788,9.63843
-0.830307,6.0263214,6.813568,0.19472855,0.12929869,-0.31621552,-0.2865405,0.20503779,9.632055
-0.8805542,6.175873,6.9176483,0.048646092,0.057031155,-0.24046516,-0.1957593,0.052066907,9.656951
-1.0707855,6.2201385,7.1234283,-0.15787435,0.04136896,-0.16995668,-0.15670109,-0.15340424,9.720436
-1.051651,6.1914215,7.438095,-0.32658982,-0.049275875,-0.17849874,-0.11116648,-0.3327008,9.672848
-1.0181427,6.045471,7.8388824,-0.39960325,0.02773714,-0.23306274,-0.2129631,-0.39467856,9.689835
-0.9499512,6.025131,7.8341064,-0.34621215,0.0120129585,-0.27370787,-0.39170325,0.12349367,9.644659
-0.9224396,6.155533,7.0468597,-0.15256214,0.043294907,-0.31357956,-0.2541523,-0.1490453,9.615147
-0.90927124,6.3924255,6.0227356,0.022985816,-0.087191105,-0.3376894,-0.1567645,0.005684778,9.494307
-1.0253296,6.3684998,6.562317,0.07415748,-0.17938519,-0.3332863,-0.081635,0.043449037,9.432209
-1.1042938,6.251251,7.3962097,0.26245552,-0.40321445,-0.27532387,0.1384573,0.20167936,9.309233
-1.1102753,6.0933228,8.465805,0.38357526,-0.45344496,-0.17902422,0.3785498,-0.14264297,9.3363905
-1.0791626,6.077774,8.027924,0.37040627,-0.5378947,-0.16779804,0.37790227,-0.21505356,9.291258
-1.0217285,6.171097,7.240677,0.2601365,-0.69015694,-0.1463108,0.4368472,0.1722211,9.21937
-1.0049896,6.2907257,6.746567,0.19057202,-0.63979435,-0.17724895,0.21267664,-0.32640886,9.236301
-1.056427,6.2572327,6.857834,0.037248135,-0.4998436,-0.30196095,0.17646313,-0.029271528,9.2495
-1.1030884,6.01915,7.643875,-0.08926469,-0.38212538,-0.37467432,0.030614376,-0.14344995,9.284296
-1.0085754,5.79422,8.291138,-0.2508191,-0.37654495,-0.47794008,-0.055646896,-0.3068709,9.2271185
-0.8422699,5.9198456,7.746765,-0.18805039,-0.36337662,-0.53184843,-0.097797394,-0.24488625,9.189613
-0.8027954,5.971283,7.150955,-0.06923711,-0.23321581,-0.6091757,-0.23750067,-0.11258736,9.205654
-0.75852966,6.032303,6.1830597,0.055746675,-0.20348644,-0.7322998,-0.33424044,0.012202993,9.121878
-0.9954071,5.9030914,6.830307,0.12255812,-0.20050621,-0.7816906,-0.3666954,0.07758744,9.081545
-1.0492554,5.7559357,7.2514496,0.10396588,-0.15024376,-0.72444487,-0.36938572,0.06642999,9.160629
-1.0169525,5.65184,7.631912,0.06894934,-0.20526886,-0.5743513,-0.23078823,0.028061643,9.238567
-0.88175964,5.75354,6.817154,0.07142472,-0.28483438,-0.28011227,0.027302742,0.027641162,9.402688
-0.8267212,5.883957,6.0598297,0.15139139,-0.34114218,-0.1696372,0.15021753,0.10251059,9.439226
-0.9667053,5.8791656,5.995224,0.23063385,-0.45021963,-0.039033413,0.32565165,0.17050828,9.456948
-1.0743713,5.7762756,6.5491486,0.26275074,-0.38849926,-0.031872272,0.2888651,0.21008037,9.501022
-1.0600128,5.741577,7.2550354,0.13532686,-0.3305874,-0.0035991669,0.2556734,0.09100723,9.57435
-0.97029114,5.761917,7.442871,0.11068761,-0.20737791,-0.1720519,0.052437782,0.07670687,9.530561
-0.8279114,5.970093,6.809967,0.2975831,-0.14407396,-0.23031044,-0.014590263,0.2681337,9.506239
-0.80877686,6.050247,6.509674,-0.07483482,-0.17970085,-0.16832018,0.019553185,-0.10501082,9.572523
-0.96191406,6.1292114,6.714264,-0.40498972,-0.09598303,-0.0049881935,0.025257587,-0.41513634,9.789973
-1.0085754,6.1136627,7.446457,-0.5689167,-0.101685524,0.28807354,0.19174004,-0.5729588,10.034567
-1.0109711,6.130417,7.725235,-0.5351503,-0.08862162,0.35885906,0.22533655,-0.5369187,10.096412
-0.9296112,6.300308,7.566101,-0.6058372,-0.008774757,0.16209984,0.026492596,-0.59482574,10.003811
-0.9260254,6.283554,7.076767,-0.522774,0.0135650635,0.023377419,-0.068825245,-0.51062536,9.899106
-0.9224396,6.1208344,6.9834595,-0.30318952,-0.18060875,0.16816092,0.20085144,-0.3297386,9.8679085
-0.9296112,6.0969086,7.1844482,-0.16507566,-0.25862026,0.081884384,0.22812033,-0.20938697,9.736239
-1.1138611,6.296707,7.299301,0.023985386,-0.25634766,-0.0509243,0.17181873,-0.023713462,9.609677
-1.134201,6.3421783,7.4452667,0.29710007,-0.10015488,-0.29614782,0.23866642,0.1424694,9.476888
-1.1533356,6.2811584,7.713257,0.34868145,-0.07863617,-0.38020515,-0.12802982,0.3238254,9.41798
-1.0073853,6.171097,7.515854,0.47371376,-0.15319872,-0.49996042,-0.13035202,0.43350568,9.265433
-0.9762726,6.08255,7.3627167,0.54510176,-0.2214818,-0.58449936,0.44026244,0.25113964,9.1502
-0.8530426,5.9329987,7.0947266,0.34579706,-0.5198703,-0.6563425,0.24994636,0.020805359,8.936179
-0.90927124,5.9557343,6.9020996,0.21815705,-0.6769476,-0.5225439,0.2386427,0.099110305,8.962771
-1.0301056,6.050247,6.9870453,-0.06700909,-0.37611198,-0.38283873,0.056752205,-0.13369656,9.285669
-0.99302673,5.988037,7.389038,-0.11395824,-0.103643894,-0.46903658,-0.21544123,-0.13927424,9.384855
-0.86260986,5.7427673,7.544571,-0.021174788,-0.021950722,-0.46191502,-0.26483822,-0.033287972,9.428434
-0.86979675,5.613556,7.4404755,-0.45994008,0.029155254,-0.83550787,-0.59452343,-0.46065897,9.219451
-0.8422699,5.6398773,7.1078796,-0.6077963,-0.08049631,-1.1376233,-0.7259555,-0.6289636,8.942082
-0.8889313,5.799011,6.6017914,-0.50505054,-0.11899519,-1.1247749,-0.6796652,0.52704906,8.91523
-1.036087,5.9078827,6.6137543,-0.2216748,-0.29448462,-0.37152672,-0.28894734,-0.036746025,9.371848
-1.0265198,5.880356,6.776474,-0.011065006,-0.30562925,-0.06330776,0.2021966,-0.084546,9.5841465
-0.8661957,5.8325043,6.921234,0.06927669,-0.34634733,-0.057878494,0.2553339,-0.016715772,9.556389
-0.8674011,5.91864,6.7609253,0.010311365,-0.4280696,0.07380772,0.38573742,-0.09147773,9.628785
-0.9032898,5.9724884,6.6089783,-0.1258471,-0.29814053,0.0074863434,0.2191,-0.19255996,9.666305
-0.8123627,6.1651,6.3026886,-0.13858318,-0.22612524,-0.05388069,-0.1579566,-0.16027594,9.65631
-0.8422699,6.1627197,6.4665985,0.46890604,-0.0242095,-0.5387535,0.3954236,0.29548216,9.289886
-0.8757782,5.9569244,6.84227,0.84327674,0.107889175,-0.7424512,0.745592,0.54149103,9.154831
-0.9140625,5.8085785,7.258621,0.15132916,-0.046269417,-0.8600559,-0.44714403,0.123592526,9.0653515
-0.9188385,5.79422,7.701294,-0.5868982,-0.17849731,0.49442196,0.35219765,-0.6003272,10.175877
-0.8721771,5.810974,7.7204437,0.2625686,-0.2891035,-0.016128063,0.25493145,0.20590207,9.593584
-0.84706116,5.9318085,7.328018,-0.29387498,0.378747,-0.29398346,-0.51279545,-0.22955331,9.830831
-0.9020996,6.0311127,6.982254,1.5162305,-0.64207125,0.25603056,0.8434315,1.392632,9.451742
-0.9954071,6.003586,7.097107,-0.42132652,-0.123194695,0.06371641,0.09124279,-0.43350995,9.828935
-1.0707855,5.9401855,7.4763794,-0.6947694,0.2187233,0.11715746,-0.15947962,-0.65464133,10.1071205
-0.9954071,5.9437714,7.6713867,-0.16196024,-0.19571257,0.06934261,0.17873335,-0.18563595,9.7524605
-0.96310425,5.9449615,7.5888367,-0.124138,-0.31152058,-0.39656973,-0.041598797,-0.17570949,9.319702
-0.8614197,6.0801697,7.155731,0.0023180246,-0.4752736,-0.76613855,-0.16629362,-0.08258523,8.924389
-0.91285706,6.089737,7.052841,0.10283768,-0.4712181,-0.7640457,-0.16925526,0.01741618,8.919273
-0.93917847,6.06102,7.105484,0.34100556,-0.3792963,-0.7495308,-0.2173276,0.26610762,8.967662
-0.9499512,5.8779755,7.7479553,0.46041703,-0.54929495,-0.62250423,-0.0028715134,0.36450064,8.930094
-0.825531,5.8349,7.688141,0.11776197,-0.40349245,-0.3161292,0.07537651,0.051799953,9.288725
-0.80996704,5.9617157,7.021744,-0.24721408,-0.040547848,-0.15275145,-0.09835434,-0.2547903,9.699411
-0.830307,6.01915,6.7537384,-0.36684465,0.07412195,-0.56675196,-0.48075008,-0.36887646,9.499914
-1.0109711,5.9617157,7.1114655,-0.34750187,0.083436966,-0.5953336,-0.505672,-0.34938252,9.483589
-1.0983124,5.9102783,7.858032,0.19131649,-0.4707036,-0.7586565,-0.18443537,0.09999226,8.917995
-1.0408783,5.8779755,7.8388824,0.14810824,-0.278996,-0.78387594,-0.3395896,0.08388847,9.037315
-0.9523468,6.01915,7.223938,0.07682991,-0.49477148,-0.8722477,-0.2501788,-0.01834555,8.832693
-0.79681396,5.9318085,6.6352997,-0.31097007,-0.82174873,-0.37400007,-0.33934224,-0.4018922,9.009669
-0.8338928,5.9066772,6.5862427,-0.09821546,-0.60577345,-0.07961798,0.37551928,-0.17442852,9.34675
-0.83509827,5.85643,6.7010956,0.15003681,-0.3420949,-0.1499381,0.15468979,0.103600726,9.449776
-0.953537,6.0921326,6.9140625,0.11580801,-0.4715724,-0.40491772,0.07322502,0.0471787,9.180422
-0.948761,6.0969086,6.912857,0.009709954,-0.4857297,-0.63397884,-0.07758236,-0.06632103,9.014477
-0.9439697,5.826523,7.155731,0.18795061,-0.31705475,-0.40288353,-0.032383442,0.13901705,9.2795925
-0.97746277,5.8002014,7.044464,0.28675056,-0.38049555,-0.17756367,0.2737441,-0.11324167,9.393405
-0.93559265,5.905487,6.715454,0.1332168,-0.39480162,-0.29966164,0.093518734,0.08347607,9.308958
-0.82432556,5.966507,6.468994,0.0019442439,-0.31659794,-0.5917568,-0.16681528,-0.050386027,9.158539
-0.83987427,5.89592,6.661621,-0.056598604,-0.2915225,-0.825758,-0.3449564,-0.11469561,9.007956
-0.84825134,5.8336945,6.768097,0.04889089,-0.13852406,-0.61417913,-0.3072071,0.012990579,9.255061
-0.8614197,5.7894287,7.1928253,0.1384213,-0.044713974,-0.57595205,-0.3457632,0.112433806,9.336878
-0.79681396,5.8983,7.223938,-0.13161528,-0.24327517,-0.05418825,-0.12379646,-0.16956758,9.6186
-0.72502136,5.9641113,7.0504456,-0.3531778,-0.17197561,0.08441162,-0.32262635,-0.23908663,9.79303
-0.69511414,5.9772644,6.989441,-0.26131535,-0.17314291,0.29652166,0.30645323,-0.26922467,9.947342
-0.7992096,5.954544,7.071991,0.017408907,-0.21507978,0.2958088,0.07834947,-0.346457,9.895499
-0.9523468,5.9401855,7.1653137,0.17881083,-0.1939063,0.24046278,0.31602,0.15994596,9.85074
-1.0289154,6.0059814,7.356735,0.09684956,-0.25414276,0.2521696,0.36324167,0.070860624,9.830983
-1.0085754,5.8875427,7.7036896,0.025520444,-0.06412649,0.13048458,0.1343708,0.020717502,9.86414
-0.9678955,5.8612213,7.7001038,0.1709621,-0.054419518,-0.1330986,-0.029010773,0.15826672,9.651684
-0.8949127,5.9437714,7.462021,0.13324773,-0.19535637,-0.19660473,0.034292698,0.09950869,9.517695
-0.9188385,5.9940186,7.093521,-0.022615433,-0.25516415,-0.46214056,-0.106025696,-0.07147688,9.293968
-0.9403839,6.003586,7.1521454,0.040854216,-0.13996744,-0.7630491,-0.38536978,-0.0011428744,9.132119
-0.93200684,6.0023956,7.6618195,0.0364635,-0.13004589,-0.789124,-0.41150665,-0.0038561076,9.119915
-0.87338257,5.9772644,7.848465,-0.076755166,-0.24324226,-0.59571457,-0.21081829,-0.12712324,9.20721
-0.75613403,6.0107727,7.6630096,-0.16853964,-0.30640793,-0.24856806,-0.19100916,-0.11983156,9.441639
-0.65802,6.049057,7.216751,-0.07775557,-0.3611412,-0.14332962,0.17302132,-0.13598154,9.477129
-0.7298126,6.1052856,6.796814,-0.022678733,-0.32809114,-0.29521418,0.056832314,-0.08132084,9.375993
-0.92362976,6.1363983,6.8279266,-0.07863283,-0.32584524,-0.44469738,-0.04695463,-0.1406934,9.269888
-1.0827484,6.0634155,7.290924,-0.08611095,-0.19212627,-0.5930257,-0.24519444,-0.13096175,9.2420845
-1.0061798,5.91745,7.7970123,0.034653783,-0.15664434,-0.79056406,-0.386559,-0.010462567,9.0987
-0.9020996,5.864807,7.635498,0.2840985,-0.3405509,-0.7795477,-0.2125392,0.20618924,8.9600725
-0.8039856,5.8408813,6.6783752,0.47910368,-0.42443943,-0.74686,-0.10453844,0.38813362,8.908923
-0.7800598,5.9102783,6.361313,0.5063151,-0.43787336,-0.7084775,-0.06414032,0.41589147,8.927474
-0.7956085,5.93779,6.5862427,0.36452186,-0.4084158,-0.6595144,0.25829935,0.13450527,9.00053
-0.83628845,5.7643127,7.0791626,0.25513256,-0.30852556,-0.57533264,-0.101905346,0.19184658,9.140243
-0.6927185,5.6865387,7.323227,0.096505046,-0.022538185,-0.4782915,-0.27671432,0.0825689,9.412703
-0.6161499,5.749954,7.080368,-0.24457526,0.1272583,-0.3025546,-0.3205862,-0.22412546,9.686054
-0.6006012,5.819351,6.5946198,-0.27187335,0.10972643,-0.24418926,-0.2746873,-0.25210965,9.72559
-0.77526855,5.8923187,6.479767,-0.024016619,0.111551285,-0.14601612,-0.04665351,0.17567062,9.770532
-0.7776642,5.8659973,6.6891327,-0.08474457,0.019937992,-0.06929684,-0.07086897,-0.08096787,9.778313
-0.8123627,5.831314,7.1449738,-0.25913262,-0.19243717,0.425282,-0.1836325,-0.4441123,10.039223
-0.7908325,5.749954,7.389038,-0.22542632,-0.24117184,0.5095339,0.48366356,-0.25764257,10.0679865
-0.7190399,5.740387,6.9511566,-0.088652134,-0.41047716,0.27882147,0.47683573,-0.15840447,9.766304
-0.707077,5.8540344,6.8039856,-0.10706937,-0.4223423,-0.12750244,0.2156105,-0.18514791,9.452637
-0.6855469,6.1447754,6.757324,-0.15026402,-0.43237638,-0.26365328,0.12580967,-0.2317396,9.3489275
-0.74894714,6.01915,6.9188538,0.026492715,-0.27680445,-0.5597849,-0.025461018,0.14813948,9.199947
-0.76330566,5.9892426,6.6065826,0.0136476755,-0.32848215,-0.85351706,0.0,0.0,0.0
-0.928421,6.0837555,6.9391785,-0.14926797,-0.2438612,-0.5123029,0.0,0.0,0.0
-0.9571228,6.155533,7.081558,-0.16467679,-0.17283297,-0.3678851,0.0,0.0,0.0
-1.0576324,6.2285156,7.529022,-0.2518853,-0.09582806,0.07758999,0.0,0.0,0.0
-1.031311,6.153137,7.726425,-0.21007544,-0.15904331,0.26637602,0.0,0.0,0.0
-0.91166687,6.1124725,7.401001,-0.08270872,-0.18955994,-0.06677008,0.0,0.0,0.0
-0.86260986,6.0586243,6.7417755,-0.034083664,-0.2550125,-0.71623516,0.0,0.0,0.0
-0.8841553,6.1292114,6.34935,-0.053340852,-0.22456408,-1.0742393,0.0,0.0,0.0
-1.0540314,6.263214,6.5156555,-0.21990138,-0.104120255,-0.89593506,0.0,0.0,0.0
-0.93440247,6.131607,7.1653137,-0.08450216,-0.24610901,-0.23555088,0.0,0.0,0.0
-0.8338928,6.0885315,7.4440765,0.014094114,-0.27484846,0.030663013,0.0,0.0,0.0
-0.65802,6.0670013,7.0671997,0.18724674,-0.29055452,-0.3515191,0.0,0.0,0.0
-0.63409424,6.1244354,6.899704,0.20448667,-0.24643993,-0.5083399,0.0,0.0,0.0
-0.5312042,6.1770782,6.8279266,0.29627526,-0.20521975,-0.57152843,0.0,0.0,0.0
-0.48454285,5.9820557,7.207184,0.3197881,-0.40014744,-0.19490528,0.0,0.0,0.0
-0.52163696,5.954544,7.319641,0.26898015,-0.42017746,-0.09036827,0.0,0.0,0.0
-0.49291992,5.9126587,7.289734,0.28393573,-0.4537201,-0.12889814,0.0,0.0,0.0
-0.5766754,5.873184,7.3375854,0.1847952,-0.48175478,-0.09244108,0.0,0.0,0.0
-0.5694885,5.93779,7.405792,0.18169451,-0.40574408,-0.035019875,0.0,0.0,0.0
-0.54437256,6.089737,7.434494,0.18812162,-0.2351737,-0.02401352,0.0,0.0,0.0
-0.5156555,6.1076813,7.1437683,0.20641327,-0.21382618,-0.3186407,0.0,0.0,0.0
-0.68315125,6.1543427,6.8159485,0.034307063,-0.17571926,-0.6396508,0.0,0.0,0.0
-0.71784973,6.2069855,6.795624,-2.1070242E-4,-0.1297059,-0.65432453,0.0,0.0,0.0
-0.7549286,6.08255,7.0899353,-0.036558747,-0.25094414,-0.3626604,0.0,0.0,0.0
-0.70588684,6.130417,7.399811,0.013301313,-0.19103432,-0.062924385,0.0,0.0,0.0
-0.673584,6.250046,7.399811,0.046378136,-0.058478355,-0.07378054,0.0,0.0,0.0
-0.46180725,6.3589325,7.0576324,0.25054508,0.05392027,-0.41965103,0.0,0.0,0.0
-0.43070984,6.36969,7.014557,0.26093638,0.04842186,-0.45093584,0.0,0.0,0.0
-0.35891724,6.016754,7.216751,0.30899417,-0.31038237,-0.24593115,0.0,0.0,0.0
-0.30867004,5.8947144,7.228714,0.344539,-0.42946434,-0.2377758,0.0,0.0,0.0
-0.26679993,5.9318085,6.936798,0.36101675,-0.39924765,-0.52604103,0.0,0.0,0.0
-0.2141571,5.9940186,6.5348053,0.3952372,-0.35490942,-0.9143648,0.0,0.0,0.0
-0.26081848,6.0681915,6.36969,0.32812852,-0.31092215,-1.0552979,0.0,0.0,0.0
-0.39959717,6.1208344,6.5371857,0.18480194,-0.26900816,-0.87893057,0.0,0.0,0.0
-0.6269226,6.12323,7.191635,-0.041869402,-0.26541948,-0.22545767,0.0,0.0,0.0
-0.7154541,6.052643,7.540985,-0.12494594,-0.3141861,0.10558462,0.0,0.0,0.0
-0.63290405,5.99881,7.434494,-0.04086268,-0.3577695,-0.009548664,0.0,0.0,0.0
-0.5156555,5.9246216,7.009781,0.071309745,-0.44007397,-0.4277258,0.0,0.0,0.0
-0.61854553,5.962921,6.7333984,-0.029396176,-0.4169917,-0.6908865,0.0,0.0,0.0
-0.707077,5.9521484,6.723831,-0.10598868,-0.44582558,-0.68393564,0.0,0.0,0.0
-0.78604126,5.9772644,7.080368,-0.17320836,-0.41898823,-0.3279233,0.0,0.0,0.0
-0.8063812,6.0155487,7.598404,-0.1810196,-0.36702108,0.17936707,0.0,0.0,0.0
-0.8338928,6.0430756,7.6175537,-0.18609917,-0.31528187,0.17967463,0.0,0.0,0.0
-0.84347534,6.077774,7.5314026,-0.17960066,-0.26994562,0.08585882,0.0,0.0,0.0
-0.78125,6.0957184,7.451248,-0.101557195,-0.24132156,-0.0019607544,0.0,0.0,0.0
-0.7393799,6.098114,7.3962097,-0.05607885,-0.23689461,-0.058395863,0.0,0.0,0.0
-0.7262268,6.037094,7.4201355,-0.034273207,-0.29313135,-0.037735462,0.0,0.0,0.0
-0.65563965,6.0514526,7.4404755,0.040582836,-0.27193403,-0.022797585,0.0,0.0,0.0
-0.5419769,6.233307,7.4117737,0.15260965,-0.08117962,-0.059182644,0.0,0.0,0.0
-0.53359985,6.2691956,7.379471,0.15520161,-0.040735245,-0.09586954,0.0,0.0,0.0
-0.52282715,6.3433685,7.380661,0.15953004,0.035945415,-0.09738636,0.0,0.0,0.0
-0.6424713,6.315857,7.401001,0.036307454,0.010457993,-0.0790782,0.0,0.0,0.0
-0.6999054,6.1770782,7.277771,-0.022135258,-0.12900066,-0.20182705,0.0,0.0,0.0
-0.83270264,6.028717,7.277771,-0.15162545,-0.2773776,-0.20151377,0.0,0.0,0.0
-0.87457275,6.02034,7.2263184,-0.18346924,-0.28174877,-0.25542212,0.0,0.0,0.0
-0.8614197,6.027527,7.2023926,-0.16233307,-0.2723236,-0.28049088,0.0,0.0,0.0
-0.9032898,6.057434,7.101898,-0.19693947,-0.24318457,-0.3796563,0.0,0.0,0.0
-0.84706116,5.995224,6.9678955,-0.1329779,-0.31115532,-0.5080695,0.0,0.0,0.0
-0.8458557,5.9736786,6.940384,-0.12588125,-0.33699656,-0.53138924,0.0,0.0,0.0
-0.8674011,5.962921,6.8231354,-0.14071643,-0.35329676,-0.6433034,0.0,0.0,0.0
-0.85543823,5.991623,6.8195496,-0.115537226,-0.33440876,-0.63727665,0.0,0.0,0.0
-0.7992096,5.986847,6.8745728,-0.050242603,-0.3437791,-0.5774474,0.0,0.0,0.0
-0.7298126,5.95932,6.9475555,0.024042964,-0.37353992,-0.50207376,0.0,0.0,0.0
-0.6508484,6.049057,6.796814,0.10235673,-0.2860446,-0.65097475,0.0,0.0,0.0
-0.69392395,6.0466614,6.746567,0.055077255,-0.30255032,-0.68962145,0.0,0.0,0.0
-0.702301,6.028717,6.8650055,0.04463488,-0.33414412,-0.5597148,0.0,0.0,0.0
-0.7525482,5.89711,7.3986053,-0.0061653256,-0.45351315,-0.03664112,0.0,0.0,0.0
-0.7154541,5.950943,7.4656067,0.029916525,-0.387393,0.01978159,0.0,0.0,0.0
-0.67237854,6.2979126,7.21196,0.068989694,-0.03780365,-0.23649359,0.0,0.0,0.0
-0.7082825,6.30867,7.3052826,0.029116929,-0.03216839,-0.13920546,0.0,0.0,0.0
-0.69392395,6.189041,7.4943237,0.039250195,-0.14349842,0.04235792,0.0,0.0,0.0
-0.74894714,5.8911285,7.692932,-0.023772836,-0.42081785,0.22273493,0.0,0.0,0.0
-0.85783386,5.9940186,7.433304,-0.13099557,-0.31120777,-0.04240465,0.0,0.0,0.0
-0.879364,6.1567383,7.2646027,-0.14625508,-0.14722538,-0.21155834,0.0,0.0,0.0
-0.78604126,6.299103,7.4931183,-0.045455158,0.0029139519,0.011145115,0.0,0.0,0.0
-0.68434143,6.241684,7.737198,0.05369389,-0.03892088,0.24188662,0.0,0.0,0.0
-0.5790558,6.135193,7.652252,0.14593202,-0.13344288,0.14565611,0.0,0.0,0.0
-0.59461975,6.12323,7.2466583,0.12127966,-0.1526022,-0.25479507,0.0,0.0,0.0
-0.7393799,6.0646057,7.080368,-0.026168346,-0.2238679,-0.41074753,0.0,0.0,0.0
-0.77526855,5.9856415,7.294525,-0.0607962,-0.2983098,-0.20026445,0.0,0.0,0.0
-0.776474,5.8995056,7.6713867,-0.0641495,-0.36757278,0.16227818,0.0,0.0,0.0
-0.7621155,6.0801697,7.0504456,-0.05123198,-0.18378544,-0.4614048,0.0,0.0,0.0
-0.84347534,6.1818542,6.543167,-0.12878919,-0.10544634,-0.94879246,0.0,0.0,0.0
-0.8614197,6.18544,6.5192413,-0.14096129,-0.1218133,-0.9553747,0.0,0.0,0.0
-0.8386841,5.8779755,6.9152527,-0.113276064,-0.43512678,-0.55394506,0.0,0.0,0.0
-0.8111725,5.8049927,7.0073853,-0.0794912,-0.50265026,-0.46581125,0.0,0.0,0.0
-0.7920227,5.9329987,7.080368,-0.04827857,-0.3701501,-0.39542913,0.0,0.0,0.0
-0.62931824,6.0382843,7.1234283,0.11546117,-0.2602811,-0.35612822,0.0,0.0,0.0
-0.45822144,6.070587,6.977478,0.2784096,-0.2277546,-0.5030732,0.0,0.0,0.0
-0.39840698,6.011963,6.9236298,0.31911308,-0.29771233,-0.5492244,0.0,0.0,0.0
-0.3756714,5.8995056,6.838684,0.32861316,-0.41858625,-0.62831545,0.0,0.0,0.0
-0.5359955,6.032303,6.8207397,0.15629566,-0.2932825,-0.64103556,0.0,0.0,0.0
-0.6771698,6.089737,6.8769684,0.014402986,-0.23863888,-0.58250713,0.0,0.0,0.0
-0.7142639,6.18425,7.361511,-0.021791577,-0.14153385,-0.10007954,0.0,0.0,0.0
-0.79441833,6.2237244,7.5266266,-0.10276103,-0.086744785,0.052004814,0.0,0.0,0.0
-0.91166687,6.2572327,7.4895325,-0.21396357,-0.04910755,0.011987686,0.0,0.0,0.0
-1.0337067,6.12323,7.2466583,-0.3187346,-0.19043398,-0.2230711,0.0,0.0,0.0
-0.91285706,6.0,7.2012024,-0.1927517,-0.31812048,-0.2642641,0.0,0.0,0.0
-0.80519104,5.9449615,7.3531494,-0.082368195,-0.3741808,-0.111189365,0.0,0.0,0.0
-0.8195343,5.9976044,7.5086823,-0.08828902,-0.31442833,0.039150238,0.0,0.0,0.0
-0.673584,6.2488556,7.298111,0.059254944,-0.061448097,-0.17272568,0.0,0.0,0.0
-0.63768005,6.4570313,7.0133667,0.091700435,0.13018656,-0.44380617,0.0,0.0,0.0
-0.61735535,6.406784,7.150955,0.10827196,0.07020235,-0.2983122,0.0,0.0,0.0
-0.69869995,6.0933228,7.841278,0.024009287,-0.23531437,0.38497686,0.0,0.0,0.0
-0.7728882,6.0179443,7.8771667,-0.047793448,-0.28418636,0.39867878,0.0,0.0,0.0
-0.87098694,6.1124725,7.5720825,-0.14112043,-0.18513155,0.090247154,0.0,0.0,0.0
-0.7034912,6.2105713,6.7130585,0.025432348,-0.11218834,-0.74762344,0.0,0.0,0.0
-0.6771698,6.251251,6.644867,0.047387302,-0.094301224,-0.79686403,0.0,0.0,0.0
-0.8410797,6.139984,7.0875397,-0.11204815,-0.21447134,-0.34615374,0.0,0.0,0.0
-0.89611816,6.0514526,7.5517426,-0.16217315,-0.2888279,0.10643816,0.0,0.0,0.0
-0.79800415,6.074173,7.628311,-0.06533921,-0.25004005,0.16922808,0.0,0.0,0.0
-0.73220825,6.1088715,7.302887,-0.0020635724,-0.21060133,-0.16045952,0.0,0.0,0.0
-0.67118835,6.0263214,7.0863495,0.05722475,-0.29909658,-0.37212753,0.0,0.0,0.0
-0.7034912,5.966507,6.9511566,0.023700893,-0.36355543,-0.50349855,0.0,0.0,0.0
-0.79441833,5.974884,6.715454,-0.06620437,-0.36692572,-0.72910976,0.0,0.0,0.0
-0.86979675,6.02034,6.7094727,-0.13734227,-0.33190012,-0.72577715,0.0,0.0,0.0
-0.899704,5.971283,7.0863495,-0.15843302,-0.38090134,-0.34807444,0.0,0.0,0.0
-0.8877411,5.954544,7.2107697,-0.14179826,-0.38884115,-0.23069715,0.0,0.0,0.0
-0.72262573,6.110077,7.1270294,0.025788307,-0.22861004,-0.31819105,0.0,0.0,0.0
-0.6125641,6.138794,6.8518524,0.12676573,-0.21104527,-0.5847678,0.0,0.0,0.0
-0.6053772,6.201004,6.6879425,0.12561476,-0.16340065,-0.7370424,0.0,0.0,0.0
-0.69511414,6.077774,6.7992096,0.02957809,-0.30590725,-0.60982656,0.0,0.0,0.0
-0.65682983,5.883957,7.2921295,0.0637449,-0.49774122,-0.11901665,0.0,0.0,0.0
-0.6628113,5.988037,7.2885437,0.051638484,-0.3822074,-0.13304138,0.0,0.0,0.0
-0.6687927,6.197403,6.9152527,0.044276714,-0.16961908,-0.5092306,0.0,0.0,0.0
-0.63290405,6.273987,6.768097,0.07968241,-0.10906029,-0.64265966,0.0,0.0,0.0
-0.62931824,6.1794586,7.0983124,0.0722059,-0.20653296,-0.31096315,0.0,0.0,0.0
-0.7238312,5.991623,7.3746796,-0.028540015,-0.38605404,-0.042340755,0.0,0.0,0.0
-0.84706116,5.885147,7.2669983,-0.15013796,-0.4844551,-0.15680552,0.0,0.0,0.0
-0.80519104,5.8588257,7.1928253,-0.1089316,-0.50815296,-0.2332902,0.0,0.0,0.0
-0.74775696,5.9365997,7.1856537,-0.05463153,-0.42841387,-0.2424388,0.0,0.0,0.0
-0.6006012,5.966507,7.3495483,0.08403885,-0.3907919,-0.08593464,0.0,0.0,0.0
-0.5515442,6.008377,7.302887,0.123794556,-0.34382915,-0.13779736,0.0,0.0,0.0
-0.54556274,6.2117615,7.092331,0.12085658,-0.14055872,-0.34905958,0.0,0.0,0.0
-0.61016846,6.2117615,7.1688995,0.052574694,-0.14554977,-0.26855612,0.0,0.0,0.0
-0.6029968,6.1818542,7.3363953,0.055325985,-0.1700759,-0.10604954,0.0,0.0,0.0
-0.47257996,6.148361,7.2825623,0.17617607,-0.19632101,-0.16690111,0.0,0.0,0.0
-0.5084686,6.1794586,7.085144,0.1382125,-0.16969633,-0.3606887,0.0,0.0,0.0
-0.50727844,6.2775726,6.9918213,0.13395447,-0.08136892,-0.44612646,0.0,0.0,0.0
-0.6006012,6.357727,7.0420837,0.037126422,-0.005815983,-0.39222908,0.0,0.0,0.0
-0.77526855,6.1950226,7.2669983,-0.13434172,-0.16797113,-0.16751003,0.0,0.0,0.0
-0.81715393,6.0382843,7.4596252,-0.1730895,-0.31783962,0.019514084,0.0,0.0,0.0
-0.80519104,6.049057,7.311264,-0.15395367,-0.30201387,-0.13253689,0.0,0.0,0.0
-0.79681396,6.151947,7.002594,-0.13462591,-0.20863485,-0.43211412,0.0,0.0,0.0
-0.79441833,6.119644,7.0337067,-0.12494367,-0.24512005,-0.39676905,0.0,0.0,0.0
-0.83987427,6.0430756,7.076767,-0.16460109,-0.32283783,-0.35219908,0.0,0.0,0.0
-0.8458557,5.991623,6.972687,-0.1587336,-0.3781042,-0.45192242,0.0,0.0,0.0
-0.8674011,5.9019012,6.7836456,-0.16948712,-0.47401667,-0.6346407,0.0,0.0,0.0
-0.8410797,5.8779755,6.7621155,-0.12623435,-0.5031719,-0.6500602,0.0,0.0,0.0
-0.7573242,6.0586243,6.953537,-0.03363532,-0.32015228,-0.45982027,0.0,0.0,0.0
-0.7046814,6.0466614,7.2502594,0.028885067,-0.3151765,-0.17667007,0.0,0.0,0.0
-0.5898285,5.9641113,7.401001,0.14226198,-0.38318872,-0.038502216,0.0,0.0,0.0
-0.5862427,6.065811,7.0157623,0.13940454,-0.27564,-0.429358,0.0,0.0,0.0
-0.62213135,5.925827,7.0372925,0.0968743,-0.42243195,-0.40266895,0.0,0.0,0.0
-0.6460571,5.8612213,7.2311096,0.067034364,-0.47946072,-0.21587896,0.0,0.0,0.0
-0.6855469,5.8325043,7.5792694,0.019669592,-0.48828888,0.11464405,0.0,0.0,0.0
-0.7262268,6.074173,7.1234283,-0.028501451,-0.22919369,-0.35662127,0.0,0.0,0.0
-0.6687927,6.1878357,6.911667,0.025279105,-0.1226449,-0.5627217,0.0,0.0,0.0
-0.7082825,6.3098755,6.830307,-0.022332191,-0.0131521225,-0.63422155,0.0,0.0,0.0
-0.8039856,6.2105713,7.043274,-0.119207084,-0.11083174,-0.42273808,0.0,0.0,0.0
-0.87457275,6.110077,7.1605225,-0.18577778,-0.20706129,-0.3087287,0.0,0.0,0.0
-0.8386841,6.20578,7.1413727,-0.14403737,-0.10769367,-0.3304348,0.0,0.0,0.0
-0.8003998,6.3134613,7.12941,-0.102212965,-0.0014081001,-0.34088755,0.0,0.0,0.0
-0.74775696,6.238083,7.223938,-0.043229878,-0.07620382,-0.24625635,0.0,0.0,0.0
-0.74417114,6.139984,7.2299194,-0.03902501,-0.17104244,-0.24297142,0.0,0.0,0.0
-0.830307,6.212967,7.0456696,-0.124396265,-0.101112366,-0.42457056,0.0,0.0,0.0
-0.8374939,6.1902313,7.198807,-0.12048429,-0.12664938,-0.2680068,0.0,0.0,0.0
-0.71784973,6.04187,7.8472595,0.0045389533,-0.25954628,0.36790848,0.0,0.0,0.0
-0.5120697,6.050247,7.6546326,0.20126355,-0.2212224,0.14928675,0.0,0.0,0.0
-0.49531555,6.1674957,6.9966125,0.20909637,-0.105278015,-0.5084853,0.0,0.0,0.0
-0.47257996,6.2201385,6.5682983,0.22385329,-0.071594715,-0.9216585,0.0,0.0,0.0
-0.5431671,6.078964,6.7824554,0.14494848,-0.2318821,-0.69217587,0.0,0.0,0.0
-0.79681396,5.9234314,7.5086823,-0.11147046,-0.38097477,0.028364658,0.0,0.0,0.0
-0.8279114,5.949753,8.070984,-0.13510698,-0.3145237,0.55771255,0.0,0.0,0.0
-0.76091003,6.072983,8.054245,-0.06588757,-0.16736746,0.52129316,0.0,0.0,0.0
-0.69392395,6.138794,7.5194397,-0.0033572912,-0.10595608,-0.010274887,0.0,0.0,0.0
-0.57188416,6.111267,6.75972,0.10823119,-0.16251898,-0.74677324,0.0,0.0,0.0
-0.5922241,5.966507,6.118454,0.07951689,-0.34382057,-1.3581038,0.0,0.0,0.0
-0.7046814,5.9126587,6.2608185,-0.029478192,-0.4315052,-1.1867366,0.0,0.0,0.0
-0.91645813,5.839691,7.4249268,-0.22681576,-0.48845816,-0.03491974,0.0,0.0,0.0
-0.84825134,5.785843,7.951355,-0.15386498,-0.5065098,0.4617281,0.0,0.0,0.0
-0.73579407,5.966507,7.5481567,-0.04148388,-0.3099718,0.04521513,0.0,0.0,0.0
-0.6520386,6.1363983,6.6987,0.042562366,-0.14028406,-0.8040447,0.0,0.0,0.0
-0.64845276,6.0478516,6.381653,0.04616058,-0.2500348,-1.1033006,0.0,0.0,0.0
-0.7800598,5.8456726,6.8147583,-0.08207476,-0.48789072,-0.6397152,0.0,0.0,0.0
-0.73698425,5.7846527,7.318451,-0.033726573,-0.5277667,-0.15344143,0.0,0.0,0.0
-0.673584,5.843277,7.5553436,0.031787217,-0.44976187,0.06731987,0.0,0.0,0.0
-0.5778656,5.873184,7.3986053,0.12664157,-0.4024887,-0.104059696,0.0,0.0,0.0
-0.52163696,5.904297,7.225128,0.17682737,-0.3686843,-0.28035212,0.0,0.0,0.0
-0.5635071,6.078964,6.6424713,0.12371057,-0.21007681,-0.8505974,0.0,0.0,0.0
-0.7082825,6.077774,6.949951,-0.020771444,-0.21791315,-0.53750706,0.0,0.0,0.0
-0.77049255,5.991623,7.5720825,-0.082725644,-0.29593563,0.07781935,0.0,0.0,0.0
-0.7884369,5.9820557,7.8221436,-0.09761733,-0.27323103,0.30120325,0.0,0.0,0.0
-0.7154541,6.172287,7.223938,-0.02236861,-0.0789237,-0.30018234,0.0,0.0,0.0
-0.62571716,6.3553314,6.607773,0.06666124,0.08589983,-0.90123653,0.0,0.0,0.0
-0.6544342,6.2823486,6.707077,0.032919645,-0.02038145,-0.7744689,0.0,0.0,0.0
-0.8757782,6.0957184,7.6701965,-0.18574655,-0.20144701,0.18421316,0.0,0.0,0.0
-0.8566284,6.12323,7.856827,-0.16075903,-0.14450884,0.3467269,0.0,0.0,0.0
-0.7513428,6.2357025,7.647461,-0.053748846,-0.025084496,0.13172483,0.0,0.0,0.0
-0.6017914,6.2153625,7.426132,0.09852409,-0.04263544,-0.09167385,0.0,0.0,0.0
-0.5383911,6.189041,7.2873383,0.15127182,-0.077409744,-0.2244091,0.0,0.0,0.0
-0.6628113,6.2883453,6.703491,0.021743178,-0.0039229393,-0.78711176,0.0,0.0,0.0
-0.8183441,6.2368927,6.7453613,-0.12667346,-0.07389021,-0.72899485,0.0,0.0,0.0
-0.8889313,6.138794,7.3830566,-0.1903168,-0.17392492,-0.089018345,0.0,0.0,0.0
-0.9954071,5.9844513,7.9453735,-0.28382826,-0.2978139,0.44889545,0.0,0.0,0.0
-0.8901367,5.927017,7.787445,-0.17006463,-0.33906078,0.27824116,0.0,0.0,0.0
-0.7190399,5.9928284,7.1533356,0.0011499524,-0.2829442,-0.3477564,0.0,0.0,0.0
-0.58265686,6.1340027,6.5682983,0.13078803,-0.165411,-0.91359806,0.0,0.0,0.0
-0.5419769,6.074173,6.508484,0.1651187,-0.25256252,-0.95092726,0.0,0.0,0.0
-0.56111145,6.0179443,6.793228,0.14129543,-0.31696272,-0.6596885,0.0,0.0,0.0
-0.5898285,5.819351,7.453644,0.10802102,-0.49848747,-0.014174938,0.0,0.0,0.0
-0.54556274,5.822937,7.3878326,0.14391744,-0.47227097,-0.09984779,0.0,0.0,0.0
-0.54914856,5.848053,7.154541,0.13441789,-0.44938374,-0.3318081,0.0,0.0,0.0
-0.6400757,5.765503,6.8398895,0.0374856,-0.54349566,-0.63726425,0.0,0.0,0.0
-0.7166443,5.803787,7.0779724,-0.042946696,-0.4995985,-0.40426254,0.0,0.0,0.0
-0.75852966,5.8408813,7.154541,-0.085300565,-0.4528818,-0.3358326,0.0,0.0,0.0
-0.68196106,5.7798615,7.207184,-0.006430328,-0.50402784,-0.29126835,0.0,0.0,0.0
-0.70588684,5.724823,7.397415,-0.0291453,-0.5468588,-0.111141205,0.0,0.0,0.0
-0.6412811,5.8013916,7.3411865,0.037188172,-0.45181847,-0.18260431,0.0,0.0,0.0
-0.6771698,6.0107727,7.188034,0.0025560856,-0.23921108,-0.3383236,0.0,0.0,0.0
-0.7298126,6.2859497,7.10907,-0.049186766,0.030385971,-0.41256952,0.0,0.0,0.0
-0.71784973,6.262024,7.245468,-0.03442192,0.0065464973,-0.27598906,0.0,0.0,0.0
-0.8159485,6.1280212,7.586441,-0.12752557,-0.11838102,0.057900906,0.0,0.0,0.0
-0.67836,6.037094,7.5708923,0.014299154,-0.19777632,0.033186913,0.0,0.0,0.0
-0.6316986,6.0801697,7.281357,0.061273396,-0.15800095,-0.25358868,0.0,0.0,0.0
-0.5479584,6.175873,6.9930267,0.1414119,-0.071718216,-0.5344405,0.0,0.0,0.0
-0.5001068,6.325424,6.619751,0.1768893,0.048367023,-0.88428926,0.0,0.0,0.0
-0.6544342,6.3230286,6.6987,0.020742118,0.02482891,-0.78776836,0.0,0.0,0.0
-0.78364563,6.0933228,7.5469666,-0.10467988,-0.20940399,0.06465244,0.0,0.0,0.0
-0.7776642,5.864807,8.157135,-0.095875144,-0.39907408,0.64252615,0.0,0.0,0.0
-0.71784973,6.090927,7.2335052,-0.03854412,-0.15679264,-0.29477024,0.0,0.0,0.0
-0.7130585,6.2285156,6.666397,-0.034883678,-0.053394318,-0.83347464,0.0,0.0,0.0
-0.69869995,6.315857,6.106476,-0.020343602,-0.0061426163,-1.3596172,0.0,0.0,0.0
-0.92481995,6.0562286,7.0959167,-0.23824298,-0.28294563,-0.35484648,0.0,0.0,0.0
-1.0061798,5.976074,7.6079865,-0.30762708,-0.34480572,0.14280796,0.0,0.0,0.0
-0.97746277,5.8576355,7.915451,-0.25849974,-0.4258113,0.42066765,0.0,0.0,0.0
-0.7956085,5.934204,7.4680023,-0.07071304,-0.34575272,-0.029133797,0.0,0.0,0.0
-0.6652069,5.91626,7.1389923,0.06180072,-0.36988163,-0.3527546,0.0,0.0,0.0
-0.5288086,5.8384857,7.097107,0.19391674,-0.45652056,-0.3876071,0.0,0.0,0.0
-0.40438843,5.7643127,7.155731,0.30375046,-0.5316596,-0.32956505,0.0,0.0,0.0
-0.3672943,5.7834473,7.0899353,0.3225147,-0.5134158,-0.39632368,0.0,0.0,0.0
-0.40678406,5.8576355,7.1856537,0.274782,-0.43695498,-0.30327082,0.0,0.0,0.0
-0.3756714,5.9401855,7.438095,0.2942133,-0.34445953,-0.0602293,0.0,0.0,0.0
-0.41993713,5.971283,7.574478,0.23069859,-0.29386616,0.058165073,0.0,0.0,0.0
-0.4139557,5.9653015,7.4488525,0.2237615,-0.29172134,-0.07533312,0.0,0.0,0.0
-0.38404846,5.995224,6.8925323,0.22810018,-0.26594067,-0.6303315,0.0,0.0,0.0
-0.4737854,6.0095673,6.8039856,0.12675172,-0.26475143,-0.7088475,0.0,0.0,0.0
-0.6137543,6.072983,6.8231354,-0.015595853,-0.21738815,-0.6764531,0.0,0.0,0.0
-0.67477417,5.996414,7.379471,-0.07627511,-0.2901187,-0.12330818,0.0,0.0,0.0
-0.63648987,5.97847,7.5481567,-0.038535357,-0.29231262,0.03216505,0.0,0.0,0.0
-0.63648987,6.069397,7.25264,-0.037553012,-0.18728304,-0.27501726,0.0,0.0,0.0
-0.6053772,6.1950226,7.0085754,-0.0031318665,-0.07402992,-0.5085163,0.0,0.0,0.0
-0.57307434,6.1674957,7.1186523,0.02933544,-0.11237526,-0.38939047,0.0,0.0,0.0
-0.7034912,6.01915,7.4811554,-0.09729624,-0.25569296,-0.030786037,0.0,0.0,0.0
-0.5934143,5.7583313,7.6175537,0.017380416,-0.50394344,0.09550381,0.0,0.0,0.0
