-0.24765015,6.933197,6.1902313,0.05893576,-0.124574184,-0.27910614,0.025012255,-0.06273937,9.502791
-0.33380127,6.929611,6.686737,0.15365553,-0.23511696,-0.14730167,0.10977507,-0.09868717,9.52594
-0.28115845,6.8733826,6.833908,0.1798042,-0.23199797,-0.1990509,0.12855709,-0.06408882,9.482398
-0.25483704,6.949951,6.71904,0.18140793,-0.25598478,-0.44343662,0.09310031,0.06470251,9.275407
-0.4055786,6.8769684,6.705887,0.17267287,-0.21495533,-0.62721014,0.061258256,0.21138716,9.157823
-0.38763428,6.8638153,6.7657013,0.16678321,-0.23288298,-0.52347136,0.06886107,0.13620138,9.229779
-0.32781982,7.027725,6.7609253,0.2510624,-0.28018427,-0.5045557,0.15112448,0.090706825,9.202461
-0.36131287,6.8841553,6.567108,0.32851994,-0.27988768,-0.5742221,0.2180509,0.13855839,9.136391
-0.37327576,7.056427,6.63649,0.3817563,-0.23986435,-0.7342696,0.25027287,0.27273846,9.028575
-0.35772705,7.0420837,6.6173553,0.22606087,-0.28864717,-0.71903515,0.017638683,-0.24249554,9.03703
-0.27876282,7.0624084,6.6089783,0.13961434,-0.28293037,-0.43369484,-0.024110794,-0.06855035,9.275282
-0.4295044,6.8769684,6.6723785,0.107904315,-0.1974492,-0.25068712,0.05485308,0.0032143593,9.474303
-0.4019928,6.933197,6.75972,0.16445935,-0.22776556,-0.32770538,0.09723592,0.02944231,9.3871355
-0.44148254,7.003784,6.6711884,0.22780967,-0.22397518,-0.39164877,0.1506477,0.07553244,9.3301525
-0.3481598,7.0540466,6.5491486,0.18786466,-0.2649026,-0.40594864,0.10661042,0.05187559,9.300484
-0.36849976,7.021744,6.599411,0.19670546,-0.2836547,-0.30133295,-0.12752557,-0.037047386,9.368109
-0.30389404,6.900894,6.570694,0.15795124,-0.28572226,-0.40529156,0.076313734,0.035577774,9.293076
-0.31944275,6.8925323,6.4342957,0.17164898,-0.29948616,-0.5751643,0.06327927,0.13265371,9.152151
-0.2763672,6.744171,6.242874,0.14168942,-0.27270365,-0.5741515,0.03535855,0.15271616,9.174574
-0.279953,6.789627,6.20578,0.05096078,-0.31858826,-0.4144516,-0.0330801,0.013784409,9.282645
-0.21655273,6.855438,6.202194,0.066034794,-0.35666895,-0.32926702,-0.024029493,0.064704895,9.32165
-0.17826843,6.8650055,6.131607,0.09053552,-0.3195691,-0.45188427,-3.0338764E-4,0.03821802,9.247133
-0.1483612,6.7286224,6.0047913,0.06924713,-0.25760603,-0.5760107,-0.036462784,0.16435003,9.194601
-0.1483612,6.7908325,6.361313,0.032639146,-0.25781155,-0.45610523,-0.054698706,0.08796692,9.292031
-0.15911865,6.7250214,6.3876343,0.030828834,-0.2903576,-0.2870655,0.009280205,0.054222822,9.400893
-0.16270447,6.707077,6.385254,0.061144352,-0.33955622,-0.27715874,-0.005419731,-0.08721638,9.372809
-0.20698547,6.784851,6.3720856,0.057482123,-0.3489232,-0.39809608,-0.028233647,-0.018530369,9.275246
-0.18304443,6.809967,6.476181,0.041014075,-0.32035828,-0.52384424,-0.0618577,0.08250713,9.199946
-0.1878357,6.8159485,6.5371857,0.120150805,-0.2937193,-0.6206784,0.0032104254,0.16769695,9.13003
-0.24047852,6.898514,6.63649,0.13814735,-0.36243868,-0.43095207,0.045924067,-0.0053544044,9.228699
-0.22851563,6.86261,6.652054,0.11770105,-0.33954668,-0.35297632,0.039642215,-0.03854227,9.30597
-0.26560974,6.867401,6.722641,0.07381487,-0.38518953,-0.32973337,-0.0029536486,-0.09133816,9.302476
-0.4008026,6.9427795,6.6592255,0.09917307,-0.36300325,-0.2486844,0.03576672,-0.12391949,9.37443
-0.4247284,6.898514,6.57547,0.0998044,-0.38778496,-0.24598122,0.03498435,-0.1452837,9.361102
-0.2907257,7.0612183,6.55513,0.10744047,-0.34631872,-0.22935724,0.047540903,-0.12374067,9.39859
-0.27278137,6.9882355,6.417557,0.12113452,-0.30362415,-0.4387579,0.031971216,0.0407362,9.261959
-0.2596283,6.924835,6.3218384,0.07020676,-0.34949112,-0.47078466,-0.02636993,0.023293495,9.217181
-0.22372437,6.8638153,6.459427,0.104138374,-0.28681946,-0.29984522,0.037175417,-0.032419205,9.381699
-0.16390991,6.8004,6.666397,0.14011204,-0.24610901,-0.24531221,0.08373642,-0.033166885,9.442965
-0.37687683,6.920044,6.735794,0.19215214,-0.2629323,-0.361907,0.11602342,0.028787613,9.334694
-0.34457397,6.756134,6.6508484,0.14556015,-0.35298347,-0.5175514,-0.011288166,-0.06669927,9.167066
-0.37687683,6.8841553,6.567108,0.15072656,-0.28808594,-0.48910666,0.053886056,0.08840132,9.228534
-0.31106567,6.764511,6.528824,0.16644657,-0.30665112,-0.4066081,0.0808202,0.023575306,9.277518
-0.2416687,6.982254,6.4618225,0.22829854,-0.3861971,-0.2765789,0.15695655,-0.1169405,9.31731
-0.117248535,6.8973083,6.4426727,0.17185879,-0.40108395,-0.34546328,-0.11960101,0.03995657,9.264573
-0.18066406,6.8398895,6.4749756,0.18608236,-0.31476784,-0.39918184,0.101163745,0.013373375,9.275013
-0.275177,6.7920227,6.4953156,0.15890372,-0.32598877,-0.38219357,0.07621181,-0.0071001053,9.28537
-0.38285828,6.7609253,6.4259186,0.12919772,-0.3350706,-0.28248549,0.061703086,-0.07801247,9.360702
-0.2979126,6.8111725,6.4366913,0.14432776,-0.31689072,-0.27616024,0.07868266,-0.067522526,9.374489
-0.3517456,6.8111725,6.4378967,0.11322987,-0.2657442,-0.30946302,0.046257854,-0.008449078,9.385941
-0.21057129,6.908081,6.4259186,0.1649375,-0.20796633,-0.3302269,0.09775829,0.052307606,9.397736
-0.34457397,6.7992096,6.4247284,0.18253362,-0.21938086,-0.3488593,0.1114943,0.056263924,9.373577
-0.24645996,6.7860413,6.4259186,0.22770584,-0.2947631,-0.3374896,0.15321589,-0.0073332787,9.328
-0.28833008,6.7657013,6.5348053,0.15754318,-0.28684473,-0.35680056,0.08187568,0.00719738,9.329522
-0.2644043,6.6783752,6.6305084,0.13000453,-0.28569984,-0.36323643,0.053909898,0.010726929,9.329739
-0.33140564,6.78006,6.6783752,0.115986586,-0.29650497,-0.2970786,-0.06239724,0.0123775005,9.375863
-0.43788147,6.7669067,6.5192413,0.17770827,-0.33042526,-0.3392148,0.10183215,-0.03686714,9.312588
-0.3900299,6.878174,6.1746826,0.15458453,-0.35029984,-0.3889532,0.070067406,-0.022398472,9.265837
-0.43788147,6.880554,6.340973,0.13770592,-0.33406878,-0.42554665,0.048685074,0.012722969,9.250662
-0.324234,6.8362885,6.263214,0.09014559,-0.36841583,-0.35483885,0.010655642,-0.060245037,9.290875
-0.36489868,6.7944183,6.2979126,0.12760377,-0.36681318,-0.3057809,0.05527103,-0.08780956,9.323359
-0.24287415,6.793228,6.3589325,0.19113994,-0.2942567,-0.41931963,0.104643226,0.04296589,9.271716
-0.29312134,6.8123627,6.665207,0.18409038,-0.33038664,-0.5821028,0.07002652,0.11742449,9.126066
-0.2979126,6.795624,6.7453613,0.13404953,-0.35538483,-0.568038,0.020925522,0.08736086,9.129254
-0.30508423,6.9882355,6.7381897,0.10619056,-0.35181284,-0.27458668,0.03882134,-0.09565592,9.359673
-0.34457397,6.9667053,6.837494,0.13432562,-0.33131933,-0.28957367,0.06515324,-0.06900406,9.356469
-0.30389404,6.9379883,6.9559326,0.09908974,-0.3500414,-0.35469055,0.018474221,-0.044168472,9.300822
-0.36131287,6.8817596,6.948761,0.075624466,-0.30581188,-0.44046545,-0.015508413,0.043435574,9.267092
-0.42712402,6.8638153,6.825531,0.06502962,-0.34246588,-0.2778201,-0.0032173395,-0.08749342,9.36958
-0.26081848,6.999008,6.776474,0.07515812,-0.39714622,-0.28797483,-0.056238413,0.10957551,9.325887
-0.21057129,6.875778,6.7118683,0.0966388,-0.38801813,-0.35730934,0.01154685,-0.071801186,9.2753525
-0.11126709,6.9379883,6.591034,0.12834811,-0.3516922,-0.4654808,-0.012851715,-0.036230564,9.210533
-0.16151428,6.8315125,6.541977,0.14138341,-0.3078084,-0.47021818,0.042960525,0.06444836,9.232332
-0.07058716,6.8398895,6.4857483,0.07932389,-0.36460114,-0.29092026,0.0057965517,-0.095528126,9.343291
-0.18664551,6.7166595,6.4295197,0.10746944,-0.35620308,-0.29613352,0.033077836,-0.0848465,9.339925
-0.10887146,6.789627,6.47258,0.12966752,-0.3201542,-0.39947653,0.04105425,0.009094715,9.280224
-0.08255005,6.8159485,6.401993,0.11923051,-0.29299784,-0.4649434,0.0123353,-0.07368517,9.249287
-0.032302856,6.7501526,6.325424,0.14452505,-0.34953833,-0.19908428,0.08491695,-0.13919401,9.411539
-0.18664551,6.6580353,6.4737854,0.14834988,-0.3667369,-0.14180899,0.09644568,-0.18863201,9.443705
-0.1040802,6.6843567,6.45105,0.19678926,-0.34665108,-0.33808947,0.11459005,-0.047700405,9.298919
-0.22253418,6.7716827,6.262024,0.23104739,-0.30297995,-0.44751978,0.1343627,0.056804657,9.237288
-0.30867004,6.75972,6.2033997,0.17865574,-0.28985214,-0.44533348,0.0841918,0.06417227,9.256152
-0.3026886,6.7202454,6.3338013,0.13799441,-0.21169472,-0.44126558,0.050478816,0.12121439,9.315395
-0.3146515,6.784851,6.4857483,0.2505716,-0.29588795,-0.4011364,0.16193527,0.036233902,9.274006
-0.34217834,6.7704926,6.4989014,0.2601241,-0.32427788,-0.44313717,0.16295165,0.04116583,9.222747
-0.3625183,6.727417,6.4701996,0.22371697,-0.29485416,-0.33789396,-0.13366127,-0.059306145,9.3273
-0.23330688,6.7836456,6.4869385,0.14315248,-0.33820438,-0.20095015,-0.13232493,0.07864857,9.417344
-0.23808289,6.6436768,6.4139557,0.15466464,-0.27145386,-0.074807644,0.12135744,-0.15571642,9.553217
-0.2632141,6.6173553,6.4247284,0.24934018,-0.25321436,-0.20337296,0.19571269,-0.056104183,9.4514065
-0.36968994,6.6723785,6.4331055,0.5214069,-0.46644878,-0.3787179,0.42158532,-0.096461296,9.138947
-0.447464,6.67717,6.5336,0.58846855,-0.7254944,0.102375984,0.5427271,-0.5984392,9.326614
-0.40797424,6.7621155,6.776474,1.8774446,-1.1619334,0.541451,1.827867,-1.1808083,9.14889
-0.44506836,6.7693024,6.880554,1.0118737,-1.0684881,0.6526141,0.9943261,-1.2068267,9.424099
-0.21774292,6.6795654,6.8769684,1.1258607,-1.0599647,0.48975992,1.0171227,-1.1246123,9.230751
-0.20219421,6.723831,6.833908,0.75158834,-0.7305622,-0.16920996,0.58126885,-0.41505814,9.021099
-0.102890015,6.558731,6.8350983,0.6491387,-0.5559764,-0.83363247,-0.19106936,-0.36789608,8.6870165
-0.22253418,6.686737,6.806381,0.06913638,-0.30767202,-1.5231533,-0.29929537,0.94187,8.605509
-0.19262695,6.6628113,6.751343,-0.71908116,0.11376381,-1.9790401,-1.0083653,1.6537278,8.972981
-0.20219421,6.7788696,6.7944183,-1.3190482,0.377985,-2.179089,-1.5259744,2.0176854,9.325466
0.10647583,6.961914,6.6891327,-1.3311286,0.33331013,-1.8507929,-1.4805067,1.7431886,9.527673
0.1268158,7.101898,6.744171,-1.2218201,0.30463934,-1.2791476,-1.2706896,1.2675767,9.7850485
-0.15074158,6.690338,7.092331,-1.1511822,0.18206882,-0.69484377,-1.1299517,0.7287352,9.9892235
-0.25602722,6.47139,7.634308,-1.5568473,0.31519604,-0.4144311,-1.4016763,0.61850643,10.396252
-0.3672943,6.4582214,7.2179565,-1.0757487,0.23445511,-0.83874416,-1.0589144,0.88470674,9.914774
-0.33380127,6.447464,7.0995026,-0.5306163,0.06344414,-1.2222414,1.1353986,-0.5485096,9.371381
-0.06341553,6.4163513,7.0361023,-0.39922333,-0.045420647,-1.1160455,-0.58334213,0.9020591,9.303658
0.17826843,6.3349915,6.8901367,0.136662,-0.42376614,-0.34398603,-0.08408189,0.02234602,9.250761
0.23568726,6.3385925,6.686737,0.37638092,-0.5778775,-0.09355354,0.12728643,-0.28669405,9.185392
0.23449707,6.3936157,6.5072784,0.2761488,-0.53045225,-0.06754923,0.055423737,-0.2742324,9.273804
0.17347717,6.364914,6.3421783,0.05443263,-0.32879114,-0.16199923,-0.095439374,-0.0649333,9.4545355
0.17706299,6.525223,6.234497,-0.15416908,-0.19565582,-0.4264288,-0.28696656,0.24154377,9.485406
0.24765015,6.4582214,6.209381,-0.077785015,-0.10011196,-0.59663916,-0.21331507,0.43146396,9.431969
0.22372437,6.3960114,6.241684,-0.11180782,-0.10479164,-0.66804934,-0.25879496,0.49074197,9.404196
0.20936584,6.34935,6.3828583,-0.27336383,-0.047227383,-0.52388763,-0.3595844,0.4192655,9.5914
0.19740295,6.3014984,6.504883,-0.24856782,-0.14375973,-0.24897385,-0.3235675,0.13837194,9.66313
0.20698547,6.3062897,6.4857483,-0.106058836,-0.21768093,-0.2125845,-0.21405405,0.056058884,9.572421
0.18066406,6.3397827,6.5886383,0.041867495,-0.3512535,-0.35890484,-0.15383172,0.088897705,9.335081
0.13040161,6.357727,6.4079742,-0.01884818,-0.37050247,-0.4330635,-0.22961515,0.14401054,9.304944
0.08734131,6.448654,6.563507,-0.10561371,-0.25079393,-0.5396004,-0.28296405,0.30721498,9.369876
-0.009567261,6.4211426,6.7704926,0.091804504,-0.21969652,-1.2095985,-0.20738888,0.85893893,8.946978
-0.058624268,6.6352997,7.0420837,-0.1516757,-0.25240755,-0.29151487,-0.28214276,0.106954575,9.522657
-0.11126709,6.546768,7.073181,-0.21793008,-0.22743654,-0.011165142,0.17816806,0.24524617,9.720302
-0.112457275,6.5766754,7.0588226,-0.051599026,-0.17575693,-0.30581522,-0.16280597,0.15256834,9.528635
-0.19979858,6.641281,6.9667053,-0.123259544,-0.1832757,-0.5181966,-0.2644353,0.32742548,9.432247
-0.10887146,6.6640167,6.8446655,-0.1878171,-0.14797926,-0.6302247,-0.32743055,0.44399524,9.419334
-0.22132874,6.793228,6.7537384,-0.16952968,-0.14839888,-0.85108423,0.63297033,-0.32384324,9.287439
-0.026321411,6.826721,6.9511566,-0.06492281,-0.22957659,-0.85955715,0.5426674,-0.32190633,9.176058
0.057434082,6.777664,7.1389923,-0.15580463,-0.31208372,-0.31063747,-0.3021642,0.08109999,9.459826
0.100494385,6.8123627,7.1856537,-0.25106382,-0.28290606,-0.2263813,-0.3647346,0.037548542,9.561954
-0.086135864,6.641281,7.1437683,-0.3693421,-0.16016483,-0.5287523,-0.47369534,0.3593526,9.509794
-0.07537842,6.7633057,7.2131653,-0.079027414,-0.18784666,-0.55379677,-0.21633768,0.32618046,9.365033
-0.13877869,6.826721,7.343567,-0.042924643,-0.25564814,-0.49357748,-0.19541156,0.22497654,9.3354645
-0.16390991,6.829117,7.1820526,7.491112E-4,-0.29777193,-0.16879511,-0.121982455,-0.05851841,9.492234
-0.08135986,6.8949127,6.8147583,-0.024288416,-0.33413458,-0.08488989,-0.14125144,-0.1505084,9.529455
-0.090927124,6.847061,6.837494,0.09610081,-0.37215424,-0.034776688,-0.031537414,-0.23056555,9.498774
-0.16151428,6.8482513,6.798004,0.20661592,-0.3744111,-0.14921236,0.06511378,-0.17162085,9.3925905
-0.40797424,6.7010956,6.570694,0.13599205,-0.3272004,-0.24154139,0.007646978,-0.07364607,9.384261
-0.4402771,6.6783752,6.5060883,0.16101027,-0.360466,-0.112222195,0.04029286,-0.19554234,9.448051
-0.3792572,6.5324097,6.419937,0.097049,-0.31017637,-0.16003036,-0.008449316,-0.12322426,9.466089
-0.3062744,6.4546356,6.4091797,0.09952426,-0.2893567,-0.19822836,-0.043705225,0.07536292,9.452621
-0.33857727,6.448654,6.20578,0.23104215,-0.3170309,-0.17599249,-0.17786288,0.05777645,9.419497
-0.59103394,6.317047,6.0107727,0.27141428,-0.33604574,-0.3687067,0.14207524,-0.030570507,9.257635
-0.6472626,6.3792725,5.822937,0.37574458,-0.36475277,-0.48585224,0.2285375,0.013900757,9.129997
-0.69511414,6.4295197,5.761917,0.4074142,-0.32359314,-0.49646616,0.2698536,0.047281265,9.141729
-0.5742798,6.5443726,5.8097687,0.3808837,-0.43655062,-0.23934937,0.2540717,-0.20393753,9.271118
-0.4390869,6.628113,6.1818542,0.3728056,-0.44241762,-0.25859642,0.24607939,-0.19855309,9.25746
-0.32183838,6.5730896,6.295517,0.4947889,-0.41595936,-0.28114462,0.36955643,-0.1741147,9.2322
-0.30747986,6.5192413,6.61615,0.58953595,-0.3817215,-0.40212822,-0.4385383,-0.1485517,9.142882
-0.36131287,6.531204,6.6424713,0.5299282,-0.3642273,-0.36075068,0.40741384,-0.086381435,9.198228
-0.30029297,6.6269226,6.583847,0.5425539,-0.34096813,-0.26314497,0.4354391,-0.13275623,9.284503
-0.26679993,6.7501526,6.43071,0.5003786,-0.3388853,-0.30754852,0.38961828,-0.10036659,9.260818
-0.27876282,6.9750824,6.422333,0.4133792,-0.32904768,-0.38402605,0.29779178,-0.03825569,9.226576
-0.3254242,7.039688,6.6604156,0.12952137,-0.23684406,-0.23726416,0.054711282,-0.040558815,9.453767
-0.29551697,7.0947266,7.125824,0.07090497,-0.15502119,-0.12850237,0.025221884,-0.042642593,9.599002
-0.34934998,6.8207397,7.2215424,0.13969088,-0.21660328,-0.31019783,-0.039227724,-0.048884153,9.408247
-0.45942688,6.817154,7.060028,0.15686083,-0.26379204,-0.45441103,-0.0018799305,-0.090289116,9.265795
-0.6795654,6.8721924,7.0372925,0.1054728,-0.23448229,-0.31024122,0.02184391,0.010037422,9.404434
-0.8338928,6.9930267,7.0049896,0.14750028,-0.2568221,-0.21272135,0.06965488,-0.07250738,9.456143
-0.9152527,7.0707855,6.9762726,0.22678876,-0.27888632,-0.37633228,0.123734474,0.009072781,9.301235
-0.8003998,7.0001984,7.044464,0.22170901,-0.3046074,-0.5572429,0.09296042,0.105679035,9.148889
-0.53718567,7.0743866,7.1066895,0.1889255,-0.27797413,-0.5303569,0.069565356,0.112112045,9.192784
-0.4857483,6.7082825,6.928421,0.23102593,-0.2957468,-0.30865908,0.13336653,-0.046148777,9.341685
-0.36849976,6.6927185,6.756134,0.22318888,-0.34783983,-0.37822008,0.107791126,-0.041301727,9.258444
-0.5168457,6.5982056,6.500107,0.21763325,-0.30944777,-0.46143246,0.09979904,0.0419755,9.219862
-0.43669128,6.5276184,6.455841,0.17903638,-0.26959038,-0.45403957,0.07045156,0.07088661,9.25811
-0.5539398,6.5850525,6.518051,0.1264255,-0.24984169,-0.2893138,0.04226923,-0.0154418945,9.406548
-0.42591858,6.489334,6.583847,0.13043594,-0.31777143,-0.071174145,0.059150636,-0.20723248,9.529858
-0.58265686,6.541977,6.5120697,0.20820618,-0.34753084,-0.17634392,-0.18761802,0.08260512,9.415241
-0.6652069,6.397217,6.32782,0.25174236,-0.2762556,-0.5119834,-0.06222248,-0.15315676,9.194694
-0.5084686,6.278763,6.2357025,0.36442232,-0.28615046,-0.5963712,-0.124464035,-0.23880124,9.101082
-0.3672943,6.3385925,6.2392883,0.32571435,-0.31481838,-0.49471283,0.20049524,0.0552454,9.168926
-0.2644043,6.3194427,6.1327972,0.27608228,-0.36692953,-0.20512295,0.17756683,-0.16673899,9.366647
-0.2536316,6.361313,6.0514526,0.29519963,-0.41795254,-0.28246737,-0.23331475,0.04041004,9.272285
-0.15434265,6.376877,6.119644,0.36042142,-0.35209417,-0.40259886,-0.2185905,-0.09718394,9.207707
-0.16151428,6.448654,6.2883453,0.3909223,-0.268373,-0.37116337,0.28559268,0.008139133,9.276578
-0.12322998,6.4091797,6.354141,0.046863317,-0.11694956,-0.51982737,-0.039378345,0.244277,9.332443
-0.21655273,6.49292,6.4953156,0.033080578,-0.12666607,-0.60922194,-0.064748764,0.29856968,9.263555
-0.20458984,6.273987,6.8482513,0.037871838,-0.09196758,-0.8365474,-0.0812186,0.47223425,9.113756
-0.07417297,6.354141,7.0133667,-0.09321928,-0.10332394,-0.6031108,-0.17846286,0.3382163,9.319959
-0.2368927,6.546768,6.88295,-0.10651994,-0.1467495,-0.36808872,-0.18230051,0.15525627,9.473434
-0.36849976,6.476181,6.8518524,-0.22708344,-0.18769169,-0.042327404,0.17767859,0.2209382,9.71608
-0.33259583,6.63649,6.941574,-0.30488634,-0.13367939,-0.061371803,0.26438212,0.20756388,9.766506
-0.3529358,6.641281,7.1318054,-0.3192582,-0.093605995,-0.35749435,-0.3824026,0.23311329,9.611929
-0.24885559,6.7824554,7.147354,-0.37705016,0.010342598,-0.87765837,-0.4901235,0.7124789,9.4008045
-0.3864441,6.6065826,7.135391,-0.37800336,0.027221203,-1.1562014,-0.5446148,0.9438529,9.265387
-0.38883972,6.7417755,7.2682037,-0.26079583,-0.06729078,-1.0605645,-0.44999957,0.8165786,9.233904
-0.31944275,6.7417755,7.343567,-0.21092677,-0.031834602,-0.73678637,-0.33822972,0.579088,9.43434
-0.16749573,6.6831512,7.2179565,-0.3422289,-0.0578413,-0.48114824,-0.42285144,0.3686328,9.613581
-0.14237976,6.4785614,6.830307,-0.20707417,-0.17830658,-0.5575323,-0.35092622,0.35145044,9.434025
-0.15553284,6.4450684,6.7369995,0.008093834,-0.29407787,-0.72437,-0.21977633,0.40519738,9.175166
-0.19740295,6.4857483,6.67717,0.078959465,-0.31817198,-0.50094366,-0.12147164,0.20848131,9.258752
-0.4175415,6.385254,6.6987,0.022236824,-0.3134489,-0.37284088,-0.14956069,0.11183834,9.35623
-0.40438843,6.5682983,6.961914,-0.023470163,-0.2977314,-0.5765114,-0.22351241,0.28799915,9.269381
-0.49771118,6.500107,7.150955,-0.03596759,-0.27157116,-0.6436062,-0.23898822,0.3590858,9.2560005
-0.39242554,6.428314,7.195221,-0.05595517,-0.2429285,-0.57015324,0.3711052,-0.13866186,9.326782
-0.48693848,6.3421783,7.150955,-0.16005325,-0.2020464,-0.3894639,-0.28577942,0.20357132,9.498412
-0.3134613,6.4139557,7.021744,-0.19130301,-0.1729393,-0.2687688,-0.28341,0.12546158,9.60006
-0.25483704,6.4342957,6.6149597,-0.053376913,-0.2539482,-0.29931116,-0.18876404,0.0948205,9.471534
-0.27278137,6.3804626,6.5455627,0.12504554,-0.26518774,-0.6241379,-0.08719486,0.3418851,9.214182
-0.28355408,6.3732758,6.538391,-0.11630964,-0.15692902,-0.75750065,-0.29892546,0.52695537,9.311753
-0.3637085,6.5144653,6.477371,-0.14577198,-0.20447111,-0.54655886,-0.30362332,0.3304894,9.406182
-0.49291992,6.3218384,6.5336,-0.25466037,-0.31616402,0.09023094,-0.32550466,-0.2442832,9.721061
-0.4905243,6.497711,6.808777,-0.2905593,-0.22423077,0.25135565,-0.2985747,-0.31821156,9.893129
-0.46899414,6.422333,6.9631195,-0.30800986,-0.25059938,-0.16981363,-0.3996542,0.0070533752,9.6431465
-0.37687683,6.3146515,7.124634,0.016731262,-0.06756401,-0.6671181,-0.1265856,0.4973755,9.374812
-0.30867004,6.530014,7.253845,0.015797377,-0.11459923,-0.83402586,-0.17286026,0.6034689,9.245466
0.06460571,6.300308,6.9308167,0.013142586,-0.17866135,-0.80857515,-0.19010192,0.5429959,9.210914
0.14596558,6.4055786,6.813568,0.095592976,-0.21310759,-0.6094141,-0.08678883,0.35504818,9.265959
-0.0657959,6.459427,6.6999054,0.17964363,-0.2605095,-0.60178137,-0.019301414,0.31213045,9.202929
0.07058716,6.5192413,6.7693024,-0.06986213,-0.15476656,-0.46047115,-0.19110197,0.27188444,9.445506
0.0765686,6.4366913,6.6376953,0.07489753,-0.34586573,-0.5793271,0.24009061,-0.115454674,9.182248
0.08494568,6.4785614,6.477371,0.11493111,-0.34450197,-0.31604385,-0.04077977,0.01266098,9.327119
-0.009567261,6.435501,6.558731,0.15032053,-0.40387535,0.067697525,-0.21593261,0.24835396,9.520313
-0.1375885,6.378067,6.6879425,0.13081574,-0.34579277,0.1432414,-0.23862338,0.26147437,9.628063
-0.1878357,6.45105,6.82193,0.15616989,-0.29005623,-0.032598972,0.06952083,-0.19068289,9.545134
-0.37208557,6.4319,6.796814,0.09622455,-0.22204065,-0.21032,0.011326253,-0.018297195,9.486756
-0.38523865,6.480957,6.7501526,0.16566992,-0.2249074,-0.202878,0.08116901,-0.0352726,9.47295
-0.5144501,6.6053925,6.707077,0.17293572,-0.22289467,-0.3111663,0.08027601,0.034495354,9.395822
-0.43788147,6.6257324,6.7716827,0.11216235,-0.1548891,-0.3643055,0.032751024,0.12087965,9.414725
-0.48812866,6.641281,6.541977,0.27086258,-0.30576515,-0.4554181,0.14859855,0.05286503,9.21556
-0.51924133,6.628113,6.5970154,0.36329246,-0.3125434,-0.66290474,0.21788591,0.17302895,9.037434
-0.653244,6.5850525,6.833908,0.31023765,-0.28529167,-0.71552753,0.16781509,0.22813463,9.026003
-0.6472626,6.611374,6.981064,0.44202757,-0.36613512,-0.7178378,0.2846828,0.15759134,8.947083
-0.5670929,6.690338,7.0157623,0.43041062,-0.3608241,-0.701488,0.2844246,0.14438534,8.966539
-0.5419769,6.59581,7.031311,0.39188075,-0.36031055,-0.38909006,0.2864592,-0.053717136,9.2151785
-0.3744812,6.571884,7.2227325,0.16625726,-0.26625967,-0.15397692,-0.15503383,0.052723885,9.497734
-0.3254242,6.550354,7.1940155,0.15958607,-0.30901527,-0.030570984,-0.2117014,0.14904809,9.572429
-0.49531555,6.418747,6.875778,0.22759843,-0.29873562,-0.031854153,-0.27083254,0.10951853,9.568502
-0.34695435,6.528824,6.705887,0.3649361,-0.25367355,-0.23492193,0.30223227,-0.07953882,9.412891
-0.3481598,6.525223,6.6484528,0.29436767,-0.3018446,-0.27065945,0.22394001,-0.095942974,9.3688545
-0.2715912,6.283554,6.847061,0.23538232,-0.3538823,-0.103235245,0.177212,-0.2348361,9.483011
-0.28474426,6.234497,6.989441,0.23677814,-0.30780792,-0.08906937,0.18623692,-0.20631504,9.521182
-0.30747986,6.1986084,6.9930267,0.2407155,-0.2954378,-0.2885251,0.1707524,-0.08057928,9.367533
-0.3792572,6.2440643,6.875778,0.25988925,-0.17858744,-0.35273027,0.19697171,0.0511775,9.379523
-0.39361572,6.202194,6.9463654,0.2799225,-0.2335844,-0.40150166,0.20498842,0.034570217,9.305744
-0.3146515,6.2883453,7.176071,0.29813635,-0.21639204,-0.42040205,0.22302431,0.059158325,9.297524
-0.28355408,6.2273254,7.261017,0.008425713,-0.0681591,-0.4788661,-0.052389085,0.22257185,9.380332
-0.3026886,6.0933228,7.134201,-0.2674172,0.03359413,-0.5376215,-0.31973904,0.3476944,9.434423
-0.17826843,6.214157,6.957138,-0.21988523,-0.021965504,-0.4897666,-0.27412218,0.27339792,9.434073
-0.13639832,5.97847,6.7118683,-0.22489512,-0.04972601,-0.48252583,-0.28245592,0.24627209,9.42527
-0.2596283,5.7966156,6.8901367,-0.27278125,-0.13735867,-0.46633863,-0.33790773,0.1675191,9.396157
-0.25602722,5.797806,6.9547424,-0.11090684,-0.2327795,-0.37458277,-0.1789015,0.0322361,9.389812
0.033493042,5.73201,6.9092712,0.10011685,-0.2673807,-0.41707945,0.020652592,0.025074482,9.302254
0.17228699,5.7021027,6.875778,0.21622479,-0.30939817,-0.49635124,-0.08905101,-0.090628624,9.196158
0.35414124,5.71286,6.9379883,0.46411955,-0.34382343,-0.7040167,0.338611,0.13057756,8.971454
0.24287415,5.87558,7.1844482,0.511794,-0.33515787,-0.6965337,0.38768739,0.13673401,8.975732
0.19262695,5.8002014,7.249054,0.7184011,-0.35283613,-0.6144986,0.60173213,0.0797143,9.00057
-0.009567261,6.0466614,7.3746796,0.89734447,-0.33157682,-0.6111746,0.7827752,0.10394907,8.9910755
0.027511597,5.9641113,7.5397797,0.9854207,-0.26289558,-0.59374094,0.87828857,0.15531874,9.0338745
-0.0382843,5.922241,7.6534424,0.92210674,-0.2296195,-0.52959776,0.82713443,0.14722776,9.115526
0.095718384,5.85524,7.618744,0.84367883,-0.26102257,-0.4113779,0.7645011,0.05472088,9.205234
0.15434265,6.08136,7.544571,0.6902039,-0.36767817,-0.2631545,0.62717223,-0.124752045,9.2852
0.22732544,6.151947,7.4452667,0.4702928,-0.39071417,-0.025897026,-0.5254836,0.035428524,9.495017
0.13400269,6.1543427,7.454834,0.33940256,-0.44472456,0.13272476,0.3271855,-0.43115425,9.612625
0.10647583,6.300308,7.5625153,-0.116898656,-0.45599937,-0.0022587776,-0.14489198,-0.376359,9.563822
0.19621277,6.180664,7.429718,-0.17177832,-0.38718224,-0.13134241,-0.2138797,-0.24720192,9.506958
0.100494385,6.18544,7.379471,0.13126938,-0.23686552,-0.031563282,0.033638,0.20253968,9.627264
0.12322998,6.1746826,7.438095,0.16070665,-0.23809242,0.018843174,0.0,0.0,0.0
0.053833008,6.2189484,7.5314026,0.09625234,-0.18515491,0.10469055,0.0,0.0,0.0
-0.04547119,6.2680054,7.430908,0.009271245,-0.13154078,3.4952164E-4,0.0,0.0,0.0
-0.086135864,6.258423,7.3734894,-0.020310149,-0.14921951,-0.049998283,0.0,0.0,0.0
-0.07298279,6.234497,7.245468,0.00250189,-0.18169403,-0.17053986,0.0,0.0,0.0
-0.27757263,6.283554,7.0337067,-0.17792866,-0.15354156,-0.3638773,0.0,0.0,0.0
-0.31825256,6.2931213,7.075577,-0.2052255,-0.15318346,-0.31379175,0.0,0.0,0.0
-0.30747986,6.30867,7.1653137,-0.18516329,-0.14230633,-0.21982908,0.0,0.0,0.0
-0.28115845,6.233307,7.146164,-0.15013231,-0.22307873,-0.23410082,0.0,0.0,0.0
-0.23808289,6.1902313,7.1318054,-0.104410574,-0.26968813,-0.24531889,0.0,0.0,0.0
-0.21296692,6.22612,7.124634,-0.074704856,-0.24244738,-0.24482393,0.0,0.0,0.0
-0.17228699,6.1674957,6.928421,-0.030279994,-0.3110485,-0.43219614,0.0,0.0,0.0
-0.028717041,6.138794,6.7872467,0.11290963,-0.3583746,-0.5569439,0.0,0.0,0.0
0.0657959,6.148361,6.754944,0.20170096,-0.36065435,-0.57885647,0.0,0.0,0.0
0.056228638,6.065811,6.685547,0.18707691,-0.4569254,-0.6361451,0.0,0.0,0.0
0.026321411,6.003586,6.6711884,0.1562849,-0.5244541,-0.64579105,0.0,0.0,0.0
0.039474487,6.0478516,6.7333984,0.1692492,-0.48191786,-0.58204126,0.0,0.0,0.0
0.01914978,6.08136,6.8350983,0.1481347,-0.4463768,-0.48216963,0.0,0.0,0.0
-0.055038452,6.214157,7.0121613,0.07980649,-0.3068595,-0.31099033,0.0,0.0,0.0
-0.2416687,6.2823486,7.1413727,-0.09243928,-0.22769785,-0.19125414,0.0,0.0,0.0
-0.36012268,6.3182526,7.216751,-0.1969414,-0.18394375,-0.122540474,0.0,0.0,0.0
-0.5934143,6.3756714,7.0959167,-0.41179627,-0.12511301,-0.2441926,0.0,0.0,0.0
-0.58743286,6.4031982,7.060028,-0.38845956,-0.106386185,-0.27182722,0.0,0.0,0.0
-0.5778656,6.583847,6.9678955,-0.3682713,0.06458521,-0.35506058,0.0,0.0,0.0
-0.46899414,6.520447,6.9870453,-0.24848354,-0.010530949,-0.32514238,0.0,0.0,0.0
-0.40678406,6.43071,7.0576324,-0.17879812,-0.108140945,-0.2472868,0.0,0.0,0.0
-0.35414124,6.479767,7.051651,-0.117624775,-0.07043314,-0.24282122,0.0,0.0,0.0
-0.3026886,6.489334,6.854233,-0.056426898,-0.08103466,-0.42175484,0.0,0.0,0.0
-0.29312134,6.448654,6.837494,-0.043279693,-0.13332367,-0.42787123,0.0,0.0,0.0
-0.13877869,6.518051,6.912857,0.11011082,-0.072338104,-0.34491158,0.0,0.0,0.0
-0.26200867,6.4055786,6.936798,-0.016403332,-0.19088078,-0.31556654,0.0,0.0,0.0
-0.19621277,6.361313,6.9391785,0.05087854,-0.24059582,-0.3081751,0.0,0.0,0.0
-0.25602722,6.3625183,6.88295,-0.0047904253,-0.24575233,-0.35846138,0.0,0.0,0.0
-0.28474426,6.354141,6.8925323,-0.030212015,-0.25714684,-0.3460083,0.0,0.0,0.0
-0.49172974,6.4043884,6.953537,-0.23325124,-0.20755768,-0.28426266,0.0,0.0,0.0
-0.5742798,6.3182526,6.916458,-0.31215924,-0.29407215,-0.32086515,0.0,0.0,0.0
-0.53718567,6.4008026,6.8733826,-0.25756568,-0.21135902,-0.3634343,0.0,0.0,0.0
-0.5395813,6.3302155,6.806381,-0.24110511,-0.28620958,-0.4257841,0.0,0.0,0.0
-0.58743286,6.3014984,6.830307,-0.28189597,-0.3163867,-0.40022707,0.0,0.0,0.0
-0.47138977,6.3146515,6.7669067,-0.16259125,-0.30464792,-0.46219492,0.0,0.0,0.0
-0.4055786,6.209381,6.756134,-0.09344107,-0.41301775,-0.46998453,0.0,0.0,0.0
-0.23330688,6.2357025,6.7417755,0.07947019,-0.3875184,-0.483562,0.0,0.0,0.0
-0.1375885,6.1340027,6.538391,0.17176592,-0.49512243,-0.68167686,0.0,0.0,0.0
0.022735596,6.138794,6.399597,0.32693896,-0.4966321,-0.8148999,0.0,0.0,0.0
-0.3134613,6.1878357,6.5599213,-0.004690498,-0.45149374,-0.6507902,0.0,0.0,0.0
-0.27876282,6.217743,7.044464,0.0277479,-0.4137993,-0.17350578,0.0,0.0,0.0
-0.18544006,6.06221,7.1605225,0.1130701,-0.54176474,-0.083012104,0.0,0.0,0.0
-0.17468262,6.1160583,7.1497498,0.12291369,-0.47363377,-0.106818676,0.0,0.0,0.0
-0.14955139,6.027527,7.0157623,0.14742625,-0.5545559,-0.24773407,0.0,0.0,0.0
-0.110076904,6.2117615,7.1485596,0.18132797,-0.35879707,-0.1255889,0.0,0.0,0.0
-0.19979858,6.1280212,7.1688995,0.0899882,-0.43837738,-0.10906887,0.0,0.0,0.0
-0.22732544,6.2703857,7.3124695,0.06305763,-0.28903532,0.028235435,0.0,0.0,0.0
-0.17468262,6.295517,7.215561,0.11755577,-0.261683,-0.070598125,0.0,0.0,0.0
-0.15434265,6.294327,7.158127,0.13572502,-0.27220917,-0.119706154,0.0,0.0,0.0
-0.13400269,6.460617,7.0671997,0.15474981,-0.120532036,-0.19747353,0.0,0.0,0.0
-0.15792847,6.3708954,6.9930267,0.1263001,-0.22541428,-0.25806284,0.0,0.0,0.0
-0.059814453,6.3517456,7.100708,0.22010803,-0.24841785,-0.14704132,0.0,0.0,0.0
0.07537842,6.448654,7.1533356,0.3436831,-0.15275764,-0.09371662,0.0,0.0,0.0
0.19502258,6.427124,7.122238,0.43179917,-0.17521429,-0.12506866,0.0,0.0,0.0
0.26919556,6.4414825,7.027725,0.4856208,-0.16427088,-0.21710539,0.0,0.0,0.0
0.1603241,6.299103,6.886551,0.35683322,-0.31320667,-0.35286427,0.0,0.0,0.0
0.18185425,6.3828583,6.833908,0.36349216,-0.23400259,-0.40173626,0.0,0.0,0.0
0.086135864,6.30748,6.705887,0.2522993,-0.31866264,-0.5216303,0.0,0.0,0.0
0.11366272,6.468994,6.628113,0.2723236,-0.17101479,-0.58683634,0.0,0.0,0.0
-0.033493042,6.32782,6.6460724,0.12384975,-0.31625748,-0.5651593,0.0,0.0,0.0
0.09451294,6.4426727,6.7585297,0.24547988,-0.20689774,-0.44777393,0.0,0.0,0.0
-0.07058716,6.4378967,6.847061,0.076890945,-0.21258593,-0.35847282,0.0,0.0,0.0
-0.12802124,6.443878,6.9140625,0.021125555,-0.20512676,-0.29280043,0.0,0.0,0.0
-0.15553284,6.4749756,6.9391785,-0.0016600341,-0.17157793,-0.26984644,0.0,0.0,0.0
-0.18544006,6.397217,6.949951,-0.030633062,-0.24928856,-0.25909758,0.0,0.0,0.0
-0.2859497,6.4833527,6.8410797,-0.12500168,-0.16719532,-0.36410522,0.0,0.0,0.0
-0.33259583,6.497711,6.9152527,-0.15633044,-0.16153812,-0.28153276,0.0,0.0,0.0
-0.28953552,6.5778656,6.977478,-0.10498746,-0.08638048,-0.2144723,0.0,0.0,0.0
-0.43310547,6.39003,6.953537,-0.23696996,-0.2768898,-0.23562813,0.0,0.0,0.0
-0.44506836,6.447464,6.7669067,-0.23457877,-0.22676563,-0.41506672,0.0,0.0,0.0
-0.44865417,6.3792725,6.715454,-0.21259269,-0.31717253,-0.44501305,0.0,0.0,0.0
-0.34457397,6.4630127,6.7286224,-0.10392013,-0.24385548,-0.42192936,0.0,0.0,0.0
-0.34934998,6.5455627,6.7453613,-0.10382265,-0.16943598,-0.3973899,0.0,0.0,0.0
-0.275177,6.538391,6.886551,-0.026898295,-0.18047714,-0.25246572,0.0,0.0,0.0
-0.2524414,6.6592255,6.961914,7.804632E-4,-0.06514406,-0.17174721,0.0,0.0,0.0
-0.2679901,6.731003,6.994217,-0.013188988,0.002623558,-0.13560677,0.0,0.0,0.0
-0.2979126,6.8039856,7.073181,-0.03803557,0.065209866,-0.046632767,0.0,0.0,0.0
-0.2715912,6.7286224,6.900894,-0.008344293,-0.021861076,-0.20769644,0.0,0.0,0.0
-0.34695435,6.6843567,6.808777,-0.07587424,-0.085250854,-0.28130865,0.0,0.0,0.0
-0.31225586,6.7166595,6.5850525,-0.029104918,-0.080733776,-0.4779253,0.0,0.0,0.0
-0.114852905,6.6999054,6.6711884,0.16600737,-0.11629486,-0.37373352,0.0,0.0,0.0
-0.0765686,6.7202454,6.6963196,0.2025921,-0.10330963,-0.34154654,0.0,0.0,0.0
-0.26200867,6.686737,6.6843567,0.020282209,-0.14264154,-0.34773302,0.0,0.0,0.0
-0.3625183,6.7166595,6.9176483,-0.070065856,-0.11423731,-0.11255169,0.0,0.0,0.0
-0.25842285,6.6987,7.0001984,0.03717646,-0.12919807,-0.032782078,0.0,0.0,0.0
-0.30508423,6.7585297,7.044464,-0.011102915,-0.06394768,0.0061564445,0.0,0.0,0.0
-0.3146515,6.6687927,7.0827484,-0.01502946,-0.14491987,0.03619337,0.0,0.0,0.0
-0.17826843,6.727417,6.90329,0.12391114,-0.081412315,-0.14787436,0.0,0.0,0.0
-0.22851563,6.6436768,6.866211,0.07489407,-0.16635847,-0.18373537,0.0,0.0,0.0
-0.33021545,6.6065826,6.8817596,-0.020503014,-0.20306015,-0.16829205,0.0,0.0,0.0
-0.36849976,6.592224,6.826721,-0.05394447,-0.21578503,-0.22469378,0.0,0.0,0.0
-0.29551697,6.681961,6.7788696,0.021992445,-0.12614536,-0.27231884,0.0,0.0,0.0
-0.42352295,6.5659027,6.7178497,-0.10546929,-0.2453723,-0.3302536,0.0,0.0,0.0
-0.45344543,6.5886383,6.859024,-0.1305804,-0.21938038,-0.19200611,0.0,0.0,0.0
-0.5168457,6.6257324,6.9475555,-0.19157082,-0.17393017,-0.11142254,0.0,0.0,0.0
-0.48095703,6.489334,6.941574,-0.15168288,-0.2949667,-0.13198471,0.0,0.0,0.0
-0.57188416,6.587448,6.7704926,-0.23979455,-0.19272137,-0.30689478,0.0,0.0,0.0
-0.47616577,6.587448,6.4989014,-0.14114627,-0.20756531,-0.56409645,0.0,0.0,0.0
-0.3254242,6.4701996,6.3194427,0.0041291416,-0.3391142,-0.7300272,0.0,0.0,0.0
-0.25723267,6.273987,6.417557,0.06757185,-0.544199,-0.6235533,0.0,0.0,0.0
-0.17826843,6.24527,6.4534454,0.14003977,-0.57668924,-0.58430576,0.0,0.0,0.0
-0.04067993,6.04068,6.3924255,0.27005365,-0.7816081,-0.6453452,0.0,0.0,0.0
-0.08015442,6.06221,6.2680054,0.21961403,-0.7634835,-0.7669387,0.0,0.0,0.0
0.008377075,6.069397,6.251251,0.29964978,-0.75455666,-0.78573704,0.0,0.0,0.0
0.07058716,6.275177,6.4857483,0.35050887,-0.54367876,-0.5566406,0.0,0.0,0.0
0.119644165,6.212967,6.715454,0.38701278,-0.59403944,-0.3388753,0.0,0.0,0.0
-0.032302856,6.2309113,6.948761,0.21986476,-0.548079,-0.1330533,0.0,0.0,0.0
-0.098098755,6.303894,7.0671997,0.15022628,-0.4424882,-0.04581976,0.0,0.0,0.0
-0.095718384,6.3601227,7.100708,0.14905456,-0.36971903,-0.028086185,0.0,0.0,0.0
-0.16749573,6.2895355,7.056427,0.07535738,-0.42743778,-0.08455849,0.0,0.0,0.0
-0.20936584,6.47139,6.9547424,0.03362046,-0.24086046,-0.19067907,0.0,0.0,0.0
-0.21176147,6.3888397,6.7740784,0.03628309,-0.31614447,-0.37798738,0.0,0.0,0.0
-0.22013855,6.4342957,6.813568,0.029813558,-0.2707758,-0.33834982,0.0,0.0,0.0
-0.19740295,6.4630127,6.8853455,0.053379476,-0.2370367,-0.27124834,0.0,0.0,0.0
-0.13400269,6.4163513,6.9870453,0.11590886,-0.27784777,-0.17505169,0.0,0.0,0.0
-0.095718384,6.43071,6.928421,0.15726858,-0.25429916,-0.24214649,0.0,0.0,0.0
-0.105285645,6.361313,6.867401,0.14915517,-0.32111406,-0.305521,0.0,0.0,0.0
0.046661377,6.36969,6.972687,0.29547444,-0.3036189,-0.20891666,0.0,0.0,0.0
-0.033493042,6.5108643,7.076767,0.21261626,-0.15389633,-0.11286354,0.0,0.0,0.0
0.029907227,6.4055786,7.133011,0.27511036,-0.25116682,-0.06407261,0.0,0.0,0.0
0.020339966,6.488144,7.3423767,0.26313996,-0.1606493,0.13786554,0.0,0.0,0.0
0.0,6.3266296,7.4237366,0.2416769,-0.31275034,0.21051121,0.0,0.0,0.0
-0.114852905,6.385254,7.368698,0.123487905,-0.23772573,0.14030075,0.0,0.0,0.0
-0.2033844,6.497711,6.9547424,0.038509697,-0.12671709,-0.27220917,0.0,0.0,0.0
-0.16151428,6.4462585,6.6053925,0.081342995,-0.18810225,-0.6124091,0.0,0.0,0.0
-0.11843872,6.4031982,6.5120697,0.122555465,-0.24711227,-0.69110155,0.0,0.0,0.0
-0.22253418,6.422333,6.6089783,0.017009541,-0.2481246,-0.5755887,0.0,0.0,0.0
-0.21057129,6.1495514,6.8279266,0.028904825,-0.5137706,-0.36326075,0.0,0.0,0.0
-0.15434265,6.2775726,6.7908325,0.080414295,-0.37803268,-0.40765333,0.0,0.0,0.0
-0.24047852,6.008377,6.6484528,-0.0117495805,-0.6445899,-0.55266523,0.0,0.0,0.0
-0.13519287,6.3110657,6.619751,0.09044927,-0.34275436,-0.5806761,0.0,0.0,0.0
-0.09690857,6.110077,6.674774,0.12356101,-0.54276466,-0.5267172,0.0,0.0,0.0
0.023925781,6.070587,6.631714,0.23828831,-0.58048725,-0.57159424,0.0,0.0,0.0
-0.033493042,6.1017,6.744171,0.18073271,-0.5497093,-0.4588318,0.0,0.0,0.0
0.058624268,6.135193,6.747757,0.26516706,-0.5114546,-0.45986462,0.0,0.0,0.0
0.009567261,6.1543427,6.887741,0.20967321,-0.48691225,-0.3250308,0.0,0.0,0.0
-0.08734131,6.209381,7.1641083,0.10637519,-0.42134523,-0.058517933,0.0,0.0,0.0
-0.086135864,6.263214,7.174881,0.101251334,-0.34854174,-0.065282345,0.0,0.0,0.0
-0.1375885,6.49292,6.8650055,0.048099115,-0.11429548,-0.37934494,0.0,0.0,0.0
-0.15792847,6.4450684,6.898514,0.030295849,-0.16864967,-0.33983517,0.0,0.0,0.0
-0.13400269,6.4701996,7.0289154,0.05160415,-0.14199448,-0.21089315,0.0,0.0,0.0
-0.009567261,6.3302155,7.2430725,0.17389469,-0.26981592,-0.007880211,0.0,0.0,0.0
-0.04547119,6.340973,7.0660095,0.13703357,-0.2573161,-0.186553,0.0,0.0,0.0
-0.119644165,6.4630127,6.8350983,0.062397063,-0.14005709,-0.41312408,0.0,0.0,0.0
-0.3517456,6.526428,6.7704926,-0.1634324,-0.086654186,-0.4684348,0.0,0.0,0.0
-0.42591858,6.468994,6.9547424,-0.23109329,-0.14437151,-0.2837534,0.0,0.0,0.0
-0.4665985,6.460617,7.0779724,-0.25843495,-0.1408701,-0.17098808,0.0,0.0,0.0
-0.4355011,6.435501,7.2263184,-0.21995418,-0.15584993,-0.031644344,0.0,0.0,0.0
-0.31585693,6.4319,7.276581,-0.09431067,-0.14906693,0.009381294,0.0,0.0,0.0
-0.39840698,6.3338013,7.2059784,-0.16964239,-0.23960209,-0.06783962,0.0,0.0,0.0
-0.31825256,6.168701,7.1078796,-0.08049807,-0.39479685,-0.17458916,0.0,0.0,0.0
-0.38763428,6.2081757,6.878174,-0.14680035,-0.35319042,-0.40611458,0.0,0.0,0.0
-0.16270447,6.0670013,6.6807556,0.077195674,-0.4968686,-0.6013074,0.0,0.0,0.0
-0.20698547,6.2165527,6.5730896,0.02916734,-0.3542347,-0.7028551,0.0,0.0,0.0
-0.11126709,6.078964,6.59581,0.121164724,-0.49406385,-0.67823076,0.0,0.0,0.0
-0.010772705,6.217743,6.673584,0.21172881,-0.3552847,-0.6007676,0.0,0.0,0.0
-0.01675415,5.97966,6.734604,0.19719517,-0.5881686,-0.54469824,0.0,0.0,0.0
0.062210083,6.025131,6.6352997,0.26839745,-0.5390415,-0.6475234,0.0,0.0,0.0
0.22253418,5.95813,6.693924,0.41920024,-0.6038842,-0.59110737,0.0,0.0,0.0
0.18902588,6.0047913,6.7453613,0.36902592,-0.5498738,-0.54671335,0.0,0.0,0.0
0.19023132,5.95932,6.8745728,0.36588728,-0.59294367,-0.41976547,0.0,0.0,0.0
0.2033844,6.0765686,6.793228,0.36733025,-0.4645214,-0.5114045,0.0,0.0,0.0
0.1531372,5.950943,6.7824554,0.30625242,-0.5897021,-0.52281046,0.0,0.0,0.0
0.119644165,6.106476,6.899704,0.26917386,-0.4321847,-0.40741205,0.0,0.0,0.0
0.086135864,6.1495514,7.014557,0.23183168,-0.38160753,-0.29934263,0.0,0.0,0.0
0.0657959,6.0933228,7.063614,0.20833714,-0.4329896,-0.254673,0.0,0.0,0.0
-0.08135986,6.1459656,7.1078796,0.062334582,-0.37555456,-0.21465492,0.0,0.0,0.0
-0.11605835,6.202194,7.080368,0.030254945,-0.31777954,-0.24349165,0.0,0.0,0.0
-0.24765015,6.1375885,6.933197,-0.098684505,-0.38482952,-0.3884325,0.0,0.0,0.0
-0.34457397,6.24527,6.818344,-0.19224943,-0.28422546,-0.4969058,0.0,0.0,0.0
-0.33499146,6.2931213,6.59581,-0.16578868,-0.25581837,-0.7016659,0.0,0.0,0.0
-0.3254242,6.5348053,6.5970154,-0.14921387,-0.02603054,-0.68960094,0.0,0.0,0.0
-0.3098755,6.3505554,6.8111725,-0.124728486,-0.21730232,-0.46889305,0.0,0.0,0.0
-0.39720154,6.504883,7.158127,-0.20662038,-0.061169147,-0.123426914,0.0,0.0,0.0
-0.2763672,6.325424,7.314865,-0.07600786,-0.22788095,0.022099495,0.0,0.0,0.0
-0.25842285,6.3912354,7.426132,-0.06337312,-0.1492567,0.1217289,0.0,0.0,0.0
-0.29670715,6.253647,7.3746796,-0.10170671,-0.28106165,0.06510019,0.0,0.0,0.0
-0.17945862,6.2727814,7.1844482,0.009288073,-0.26317215,-0.12418175,0.0,0.0,0.0
-0.2596283,6.2596283,7.0049896,-0.073364586,-0.28076696,-0.29972935,0.0,0.0,0.0
-0.21894836,6.2392883,6.9547424,-0.03685598,-0.3041668,-0.34734154,0.0,0.0,0.0
-0.117248535,6.361313,6.945175,0.06267482,-0.18324614,-0.35597324,0.0,0.0,0.0
-0.08015442,6.262024,6.854233,0.08768515,-0.28727007,-0.44295597,0.0,0.0,0.0
-0.08734131,6.111267,6.8123627,0.062729955,-0.439651,-0.4837551,0.0,0.0,0.0
-0.15792847,6.1674957,6.798004,-0.018990755,-0.38546038,-0.4965043,0.0,0.0,0.0
0.08494568,6.1280212,6.878174,0.20593688,-0.41929245,-0.4217186,0.0,0.0,0.0
0.22492981,6.003586,6.9978027,0.3290471,-0.53416634,-0.31091404,0.0,0.0,0.0
0.24406433,5.888733,6.900894,0.3332663,-0.63815403,-0.4177246,0.0,0.0,0.0
0.112457275,5.995224,7.001404,0.18752912,-0.5143647,-0.3327632,0.0,0.0,0.0
0.08015442,5.947357,7.113861,0.14864655,-0.54149866,-0.23872042,0.0,0.0,0.0
0.12562561,6.138794,7.298111,0.18480991,-0.32173872,-0.07945013,0.0,0.0,0.0
0.117248535,6.12204,7.3734894,0.1705543,-0.31835413,-0.021703243,0.0,0.0,0.0
0.105285645,6.1830597,7.5350037,0.15283456,-0.23849154,0.123404026,0.0,0.0,0.0
0.119644165,6.0753784,7.471588,0.16132118,-0.32961416,0.045639038,0.0,0.0,0.0
0.19262695,6.1375885,7.1150513,0.22615427,-0.25950956,-0.3177414,0.0,0.0,0.0
0.23330688,6.1363983,6.973877,0.25750884,-0.273983,-0.44749832,0.0,0.0,0.0
0.3529358,6.217743,6.948761,0.36825556,-0.20667315,-0.46049166,0.0,0.0,0.0
0.44625854,6.14357,6.8638153,0.44802678,-0.3001213,-0.5286956,0.0,0.0,0.0
0.5240326,6.256027,6.808777,0.5170517,-0.20503473,-0.5685539,0.0,0.0,0.0
0.49172974,6.114853,6.703491,0.47928968,-0.3628397,-0.65923405,0.0,0.0,0.0
0.5395813,6.1244354,6.63649,0.5244833,-0.36006403,-0.7202368,0.0,0.0,0.0
0.24406433,6.049057,6.789627,0.22270125,-0.45322323,-0.551373,0.0,0.0,0.0
-0.028717041,6.14357,7.1976166,-0.04781035,-0.35518074,-0.14651442,0.0,0.0,0.0
-0.22970581,6.160324,7.2502594,-0.23472132,-0.32479,-0.10593891,0.0,0.0,0.0
-0.23928833,6.2368927,7.1162567,-0.22430977,-0.24355364,-0.24404097,0.0,0.0,0.0
-0.28115845,6.378067,7.031311,-0.2546105,-0.10880232,-0.3232937,0.0,0.0,0.0
-0.26200867,6.352951,7.0121613,-0.22636996,-0.1422801,-0.33502102,0.0,0.0,0.0
-0.25842285,6.28714,6.9834595,-0.21962903,-0.21249485,-0.35981178,0.0,0.0,0.0
-0.09451294,6.2404785,6.9870453,-0.045232773,-0.27482033,-0.34226894,0.0,0.0,0.0
-0.027511597,6.24646,6.8638153,0.028035782,-0.28399754,-0.45195055,0.0,0.0,0.0
-0.07777405,6.1770782,6.67717,-0.019282386,-0.36615086,-0.62715244,0.0,0.0,0.0
-0.119644165,6.202194,6.504883,-0.060143527,-0.35335064,-0.7883792,0.0,0.0,0.0
-0.090927124,6.2931213,6.4941254,-0.032038912,-0.27811432,-0.7850075,0.0,0.0,0.0
-0.046661377,6.1782684,6.4989014,0.012034617,-0.40010548,-0.77378225,0.0,0.0,0.0
-0.047851563,6.1651,6.6352997,0.011083845,-0.4092703,-0.6410017,0.0,0.0,0.0
-0.08375549,6.2608185,6.9846497,-0.023113988,-0.3054862,-0.2989173,0.0,0.0,0.0
-0.23808289,6.1172485,7.3005066,-0.17133057,-0.42046785,-0.00867939,0.0,0.0,0.0
-0.279953,6.171097,7.328018,-0.20774975,-0.3355651,-0.008774281,0.0,0.0,0.0
-0.33259583,6.2081757,7.286148,-0.25195917,-0.28572893,-0.061850548,0.0,0.0,0.0
-0.2524414,6.196213,7.269394,-0.16125436,-0.2840171,-0.090544224,0.0,0.0,0.0
-0.22612,6.155533,7.1736755,-0.13098165,-0.3196721,-0.19063473,0.0,0.0,0.0
-0.29431152,6.1543427,7.1365967,-0.19342944,-0.3205657,-0.22789717,0.0,0.0,0.0
-0.16749573,6.1651,7.073181,-0.060240038,-0.30811882,-0.29270792,0.0,0.0,0.0
0.0382843,6.202194,6.817154,0.14482968,-0.27936983,-0.5414033,0.0,0.0,0.0
0.16749573,6.098114,6.7250214,0.26884085,-0.3963914,-0.62219,0.0,0.0,0.0
-0.011962891,6.275177,6.825531,0.084576376,-0.22860432,-0.513535,0.0,0.0,0.0
-0.041870117,6.10289,6.82193,0.056518443,-0.403337,-0.5149441,0.0,0.0,0.0
-0.053833008,6.1327972,6.806381,0.047350824,-0.37352276,-0.53037214,0.0,0.0,0.0
-0.12322998,6.089737,6.8123627,-0.019886605,-0.41548586,-0.5253334,0.0,0.0,0.0
0.010772705,6.2237244,6.9475555,0.11506595,-0.28009033,-0.39137506,0.0,0.0,0.0
0.01675415,6.2895355,7.08873,0.11994449,-0.21204948,-0.25219202,0.0,0.0,0.0
-0.03111267,6.2524414,7.100708,0.07009315,-0.23838949,-0.24975157,0.0,0.0,0.0
0.0023956299,6.090927,7.1736755,0.103034,-0.39505816,-0.18106794,0.0,0.0,0.0
-0.0047912598,6.074173,7.130615,0.09464724,-0.398098,-0.23621607,0.0,0.0,0.0
0.08494568,6.0753784,7.063614,0.18091804,-0.3882661,-0.31083393,0.0,0.0,0.0
0.07298279,6.0646057,6.952347,0.16182172,-0.39564466,-0.42516327,0.0,0.0,0.0
-0.0657959,6.0598297,6.870987,0.021406688,-0.40329552,-0.5040245,0.0,0.0,0.0
-0.1603241,6.106476,6.8721924,-0.07264574,-0.358459,-0.5012274,0.0,0.0,0.0
-0.20936584,6.180664,6.9188538,-0.11628641,-0.28622198,-0.45278788,0.0,0.0,0.0
-0.16870117,6.201004,6.8446655,-0.07295979,-0.2683344,-0.5247903,0.0,0.0,0.0
-0.0993042,6.222534,6.921234,-3.0125678E-4,-0.25443983,-0.44146872,0.0,0.0,0.0
-0.03111267,6.2811584,7.009781,0.0682524,-0.19842577,-0.35062027,0.0,0.0,0.0
0.08973694,6.2105713,7.0384827,0.18941596,-0.26790857,-0.322886,0.0,0.0,0.0
0.007171631,6.2309113,7.1844482,0.10328642,-0.24541998,-0.17885828,0.0,0.0,0.0
0.03111267,6.1411743,7.247864,0.12442347,-0.32627583,-0.123281,0.0,0.0,0.0
-0.10647583,6.1997986,7.253845,-0.012374461,-0.262362,-0.121926785,0.0,0.0,0.0
-0.13040161,6.1950226,7.2227325,-0.030697674,-0.2631035,-0.15649939,0.0,0.0,0.0
-0.12802124,6.2069855,7.2107697,-0.026004523,-0.24940586,-0.16994858,0.0,0.0,0.0
-0.25723267,6.256027,7.249054,-0.15235946,-0.19892168,-0.13288546,0.0,0.0,0.0
-0.2141571,6.147156,7.265808,-0.10614019,-0.3050065,-0.11852169,0.0,0.0,0.0
-0.15553284,6.1663055,7.2107697,-0.04715272,-0.28206015,-0.17686939,0.0,0.0,0.0
