5.154417,-3.3646016,7.843704,-0.59241533,2.1354783,0.31019878,1.0876583,1.9460157,9.613032
5.168782,-3.3717842,7.874829,-0.59241533,2.1354783,0.34850597,1.092446,1.9531592,9.650362
5.168782,-3.3167176,7.807791,-0.59241533,2.1354783,0.34850597,1.092446,1.9531592,9.650362
5.180753,-3.3382654,7.867646,-0.59241533,2.1354783,0.34850597,1.092446,1.9531592,9.650362
5.175965,-3.3622074,7.8724346,-0.59241533,2.1354783,0.34850597,1.092446,1.9531592,9.650362
5.166388,-3.3909378,7.853281,-0.59241533,2.1354783,0.34850597,1.092446,1.9531592,9.650362
5.166388,-3.3909378,7.853281,-0.6145617,2.0857987,0.27518368,-1.5253271,-1.5613054,9.607397
5.166388,-3.3909378,7.853281,-0.571466,2.0618567,0.27039528,1.0429354,1.8773394,9.609538
5.1735706,-3.3526306,7.877223,-0.5624878,2.057517,0.2645588,1.0445238,1.8682928,9.611062
5.168782,-3.2951698,7.8724346,-0.5674258,1.9961656,0.25393486,0.9959647,1.8286752,9.619223
5.142446,-3.36939,7.91553,-0.5482722,2.070386,0.31618404,1.068035,1.8778787,9.665433
5.128081,-3.4148798,7.805397,-0.52507836,1.9903299,0.31798077,1.0284953,1.8074517,9.690142
5.154417,-3.3669958,7.853281,-0.5633856,2.0118778,0.22460651,1.0050142,1.8329834,9.592945
5.1592054,-3.4124856,7.7862434,-0.5633856,1.9951183,0.25573158,0.9971031,1.826687,9.626819
5.1328692,-3.321506,7.903559,-0.547524,1.9752164,0.20245934,0.987554,1.7938322,9.584837
5.130475,-3.3526306,7.803003,-0.54123926,1.9244893,0.2810192,0.9649765,1.7685405,9.6774845
5.1592054,-3.3382654,7.762301,-0.55321026,1.979556,0.2163763,0.98689187,1.8044435,9.602752
5.140052,-3.3717842,7.9322896,-0.5660791,1.8863317,0.17537498,0.90764594,1.7426683,9.58581
5.156811,-3.4100914,7.949049,-0.52298343,1.9390042,0.23523045,0.98145485,1.7595748,9.635616
5.1615996,-3.4100914,7.874829,-0.49081135,1.912668,0.21817207,0.9837419,1.7169704,9.630422
5.1711764,-3.3502364,7.8101854,-0.53151274,1.9150622,0.28281593,0.9632536,1.7575327,9.691872
5.2214546,-3.3286886,7.7551184,-0.5352537,1.893664,0.28760433,0.94525266,1.7468462,9.705535
5.1855416,-3.3502364,7.910742,-0.5472247,1.8864813,0.25408554,0.92806196,1.7446667,9.673627
5.0873795,-3.3789668,7.838916,-0.52896893,1.8369513,0.19901848,0.8997676,1.689572,9.634617
5.1232924,-3.3598132,7.9203186,-0.4954501,1.8297687,0.26605606,0.9261919,1.6720439,9.702908
5.1376576,-3.3885436,7.889194,-0.45415014,1.8715175,0.24226284,0.9810953,1.6698455,9.677827
5.1376576,-3.3717842,7.853281,-0.511611,1.8451813,0.22071552,0.919359,1.6877027,9.6596775
5.1376576,-3.3717842,7.853281,-0.48707044,1.836652,0.2377739,0.9320539,1.6682875,9.683473
5.1376576,-3.3717842,7.853281,-0.50382984,1.8270752,0.18988991,0.90838766,1.6656542,9.637664
5.1376576,-3.4124856,7.8963766,-0.48826748,1.7875708,0.24765015,0.8970863,1.6371994,9.706812
5.118504,-3.3646016,7.776666,-0.4667197,1.7971478,0.15667057,0.90976566,1.615007,9.616368
5.1735706,-3.381361,7.8006086,-0.4902128,1.780089,0.24585533,0.8894915,1.6337303,9.710659
5.1376576,-3.3646016,7.8580694,-0.5189432,1.7776948,0.17881775,0.86025184,1.641676,9.644273
5.1137156,-3.3669958,7.951443,-0.4795885,1.745822,0.22251129,0.86983174,1.5997325,9.698527
5.1137156,-3.3047466,7.9442606,-0.4724059,1.7170916,0.19138622,0.8522297,1.569762,9.673273
5.1328692,-3.3382654,7.925107,-0.51310736,1.7123032,0.1746273,0.8178518,1.5919585,9.656366
5.152023,-3.3885436,7.8868,-0.4906617,1.7323546,0.17776966,0.84641135,1.5923879,9.660721
5.163994,-3.4244566,7.889194,-0.45145667,1.7097592,0.26261425,0.86604124,1.5630679,9.753239
5.130475,-3.4100914,7.925107,-0.43709147,1.7001824,0.20515347,0.86423916,1.5379287,9.698791
5.1615996,-3.36939,7.8245506,-0.42691612,1.6804303,0.18719673,0.85473204,1.5154685,9.688507
5.178359,-3.3765726,7.903559,-0.48437697,1.6756419,0.17761993,0.80888075,1.5502199,9.678193
5.1855416,-3.3837552,7.8868,-0.45744216,1.6584336,0.18121147,0.81537414,1.5211413,9.689148
5.1472344,-3.3957262,7.913136,-0.44786537,1.6680104,0.22191334,0.83276826,1.5272177,9.727885
5.11611,-3.4507928,7.8580694,-0.4734534,1.638831,0.232687,0.79355866,1.5266654,9.7464075
5.1615996,-3.3478422,7.8939824,-0.46866497,1.6555905,0.2542343,0.81049407,1.538384,9.764954
5.104139,-3.3789668,7.803003,-0.48273093,1.619827,0.17911625,0.76717335,1.5129532,9.699923
5.1615996,-3.3598132,7.9777794,-0.43724108,1.6341923,0.17672253,0.8097966,1.491678,9.696452
5.178359,-3.3909378,7.7886376,-0.4798878,1.5837644,0.18764591,0.7438989,1.4874681,9.717907
5.1735706,-3.3981204,7.8844056,-0.42960957,1.6005238,0.10145378,0.78387564,1.4530766,9.631554
5.128081,-3.3837552,7.7431474,-0.43110597,1.5982794,0.14125824,0.7828147,1.4594724,9.674507
5.130475,-3.3430538,7.817368,-0.44307697,1.583914,0.18435383,0.76829946,1.4632623,9.719025
5.1496286,-3.3622074,7.8484926,-0.45938742,1.5575778,0.17387867,0.73594284,1.4551566,9.715892
5.1496286,-3.3622074,7.8484926,-0.4115034,1.5456069,0.17627335,0.7629943,1.4141773,9.721445
5.1735706,-3.3741784,7.7982144,-0.45415014,1.6014217,0.14679432,0.76497483,1.4807149,9.685588
5.104139,-3.3981204,7.8341274,-0.49006313,1.5870565,0.2186203,0.73544407,1.5044755,9.757827
5.104139,-3.3981204,7.8341274,-0.41045594,1.4870986,0.12449837,0.7156416,1.3670145,9.685976
5.1376576,-3.4196682,7.9059534,-0.4559458,1.5278,0.16041183,0.7130383,1.4320486,9.713896
5.1376576,-3.4436102,7.877223,-0.41733927,1.5122375,0.17432785,0.73011225,1.3975317,9.73397
5.1496286,-3.3765726,7.838916,-0.40297407,1.5289971,0.15996265,0.75069267,1.3979801,9.717544
5.1208982,-3.3478422,7.829339,-0.45534724,1.5322891,0.118662834,0.70911837,1.4317744,9.678085
5.1735706,-3.3502364,7.831733,-0.4002806,1.5251065,0.1402111,0.7465337,1.3919591,9.701815
5.156811,-3.357419,7.803003,-0.42646718,1.4689924,0.14933872,0.68844247,1.3714819,9.72169
5.1592054,-3.3646016,7.9322896,-0.40013096,1.4689924,0.15891552,0.70860386,1.3548393,9.731782
5.142446,-3.3837552,7.862858,-0.38322192,1.4013562,0.17761993,0.675292,1.2978235,9.763711
5.118504,-3.393332,7.747936,-0.40955812,1.3941736,0.16564846,0.65008473,1.308946,9.752336
5.156811,-3.4029088,7.862858,-0.41150343,1.4534302,0.15577316,0.685429,1.3532666,9.736465
5.142446,-3.4148798,7.9322896,-0.3684078,1.4342765,0.119859695,0.7013245,1.3057632,9.704769
5.192724,-3.3981204,7.9203186,-0.4141969,1.4100351,0.16744518,0.6537351,1.3258853,9.7571
5.192724,-3.3981204,7.9203186,-0.37349546,1.4411598,0.066887856,0.6963386,1.3087136,9.654012
5.152023,-3.4196682,7.877223,-0.39728785,1.3953706,0.16011238,0.6536859,1.3040569,9.754968
5.104139,-3.3957262,7.879617,-0.41404724,1.376217,0.081103325,0.6220654,1.2918195,9.679202
5.19033,-3.4148798,7.891588,-0.37559038,1.4073417,0.12405014,0.67273843,1.2950332,9.720674
5.1376576,-3.3861494,7.8844056,-0.37559038,1.3977648,0.05940628,0.66114616,1.2803029,9.65807
5.140052,-3.3861494,7.865252,-0.3728969,1.4127287,0.19108677,0.68120074,1.3065301,9.788839
5.152023,-3.4005146,7.8365216,-0.3944447,1.3744214,0.11207867,0.63341683,1.2836244,9.715586
5.1232924,-3.3765726,7.9179244,-0.3776853,1.3388076,0.1526308,0.62321603,1.2522388,9.763676
5.0873795,-3.3789668,7.9083476,-0.39683893,1.331625,0.11192894,0.6010319,1.2550538,9.723989
5.0873795,-3.3789668,7.9083476,-0.42302552,1.3443443,0.14080906,0.590002,1.2864788,9.752626
5.152023,-3.3885436,7.975385,-0.42302552,1.3371617,0.26530743,0.5948711,1.2955779,9.876904
5.1711764,-3.3646016,7.867646,-0.38441902,1.3503298,0.12659359,0.61901474,1.2647916,9.740856
5.1615996,-3.4029088,7.879617,-0.36526537,1.3575124,0.09068012,0.6352898,1.253199,9.704677
5.1232924,-3.4220624,7.814974,-0.3748422,1.3292309,0.20560169,0.6158492,1.2530112,9.824689
5.163994,-3.3861494,7.865252,-0.33174658,1.283741,0.13856411,0.6128105,1.1832128,9.765195
5.1711764,-3.3885436,7.850887,-0.37499183,1.2681787,0.028730392,0.5598913,1.1894096,9.659758
5.140052,-3.3550248,7.877223,-0.36302084,1.2945149,0.06943226,0.58927166,1.2054422,9.6968155
5.163994,-3.3598132,7.8365216,-0.28670564,1.2722188,0.1415577,0.6348364,1.1474985,9.7747755
5.1113214,-3.357419,7.9442606,-0.3513491,1.274613,0.15113449,0.58875763,1.1932002,9.782795
5.142446,-3.4244566,7.8820114,-0.36421794,1.2259809,0.06524181,0.5391534,1.1572015,9.705896
5.1496286,-3.4388218,7.9897504,-0.3474585,1.297807,0.14664459,0.60493463,1.2082001,9.777578
5.080197,-3.4005146,7.84131,-0.37424365,1.2400469,0.12315178,0.54298764,1.1816244,9.763316
5.166388,-3.3981204,7.838916,-0.31917703,1.2113165,0.13272858,0.5661135,1.1249206,9.777435
5.142446,-3.381361,7.826945,-0.3700538,1.2398971,0.14275455,0.54543597,1.1818178,9.784874
5.19033,-3.4005146,7.9322896,-0.35329437,1.1920131,0.09487057,0.5232097,1.1300517,9.74373
5.1328692,-3.3981204,7.903559,-0.34431612,1.2035352,0.07377148,0.5339689,1.1315769,9.723466
5.1208982,-3.3717842,7.850887,-0.36825815,1.2083236,0.10250187,0.5211045,1.1539185,9.750978
5.1711764,-3.3646016,7.814974,-0.3453636,1.1938088,0.122104645,0.5285788,1.1309044,9.774601
5.0730143,-3.3837552,7.865252,-0.338181,1.2057798,0.13646984,0.5428147,1.1366099,9.787487
5.1137156,-3.4124856,7.877223,-0.30556,1.2032361,0.1418562,0.56425494,1.1147925,9.7955265
5.0658317,-3.3669958,7.91553,-0.2959832,1.1170448,0.1418562,0.51524216,1.0440518,9.8062105
5.1328692,-3.3717842,7.901165,-0.3230676,1.1867759,0.13048363,0.5373909,1.1138656,9.787853
5.1448402,-3.3382654,7.96102,-0.3326444,1.1628338,0.08259964,0.5113152,1.0973529,9.743073
5.1472344,-3.3981204,7.958626,-0.3429694,1.1082162,0.061650276,0.46457618,1.0620488,9.730501
5.1137156,-3.3406596,7.9418664,-0.32381576,1.1393408,0.07122707,0.49994472,1.0738608,9.736572
5.1137156,-3.3406596,7.9418664,-0.32501286,1.1472715,0.1797142,0.50962555,1.0922302,9.845016
5.1137156,-3.3406596,7.9418664,-0.3465607,1.1544541,0.050427437,0.48938772,1.0989146,9.71549
5.1376576,-3.3981204,7.901165,-0.30496144,1.1598412,0.024840355,0.52134866,1.0741814,9.69175
5.130475,-3.4148798,7.874829,-0.32650924,1.1478702,0.13018513,0.50412846,1.0894653,9.7974615
5.1592054,-3.393332,7.831733,-0.34416652,1.101183,0.06868458,0.45431367,1.0608294,9.743265
5.1472344,-3.345448,7.8341274,-0.3321955,1.0940005,0.15726948,0.46450064,1.0561755,9.832241
5.1831474,-3.3669958,7.889194,-0.31408933,1.0808324,0.098311424,0.46393847,1.0297581,9.776958
5.1735706,-3.3741784,7.9418664,-0.35239655,1.1167454,0.10309982,0.45822188,1.0821738,9.777121
5.1448402,-3.405303,7.949049,-0.2864064,1.0676643,0.13497353,0.47693178,1.0062722,9.816903
5.140052,-3.381361,7.831733,-0.3127426,1.0437223,0.029628754,0.43478802,0.9952538,9.714595
5.1017447,-3.3861494,7.865252,-0.3096002,1.0648211,0.14320278,0.45625508,1.0206063,9.82648
5.1137156,-3.3598132,7.8580694,-0.29523498,1.0743979,0.0713768,0.4689004,1.0119209,9.754219
5.1256866,-3.4029088,7.807791,-0.327856,1.0423756,0.12255287,0.42488825,1.0141575,9.8097515
5.1256866,-3.3526306,7.8963766,-0.32067338,1.0830771,0.043543816,-1.0692948,-0.35782042,9.726836
5.094562,-3.4148798,7.8844056,-0.30256724,1.0821792,0.092326164,0.46574825,1.0263518,9.777222
5.142446,-3.3526306,7.913136,-0.29777884,1.0366893,0.113874435,0.44164068,0.9906104,9.80364
5.154417,-3.417274,7.807791,-0.26515782,1.0333973,0.057311058,0.45888004,0.963165,9.749681
5.142446,-3.3502364,7.877223,-0.33219546,1.0190321,0.12674332,-1.0618465,-0.19277297,9.81949
5.0394955,-3.3526306,7.831733,-0.31917703,1.1050737,0.08230114,0.46245807,1.0556756,9.767714
5.106533,-3.345448,7.867646,-0.26725277,1.013645,0.14320374,0.44530642,0.9591671,9.83994
5.068226,-3.357419,7.8844056,-0.2888006,0.9992799,0.08095455,0.41593048,0.9564386,9.779316
5.140052,-3.4148798,8.004115,-0.2911948,1.0327988,0.13602066,-1.0295868,-0.33068022,9.830535
5.163994,-3.3741784,7.951443,-0.2617162,0.96082306,0.098911285,0.41173568,0.91209567,9.802668
5.180753,-3.36939,7.8963766,-0.3119944,1.0015244,0.1348238,0.40075728,0.9783801,9.8336525
5.156811,-3.3119292,7.855675,-0.3131915,0.9774329,0.023343086,0.37589622,0.9520079,9.7266445
5.156811,-3.3119292,7.855675,-0.3179799,0.9989807,0.14065933,0.39251047,0.9816336,9.8410845
5.156811,-3.3119292,7.855675,-0.24286184,0.9849147,0.1179142,0.4384853,0.9221926,9.821882
5.156811,-3.3119292,7.855675,-0.31364042,0.947206,0.04010296,0.3532802,0.93222165,9.748841
5.156811,-3.3119292,7.855675,-0.2681506,0.98790747,0.13826561,0.41964033,0.9431697,9.842854
5.156811,-3.3119292,7.855675,-0.23089081,0.9457097,0.113126755,0.41821334,0.88616234,9.823632
5.156811,-3.3119292,7.855675,-0.25722703,0.9504981,0.086790085,0.39925817,0.9042342,9.7967205
5.156811,-3.3119292,7.855675,-0.28999767,0.9461586,0.12404919,0.37109026,0.92530084,9.835036
5.156811,-3.3119292,7.855675,-0.27084407,0.9605238,0.13602066,0.3956387,0.9254179,9.845709
5.156811,-3.3119292,7.855675,-0.22011691,0.9350854,0.1587658,0.41879004,0.8765371,9.87249
5.156811,-3.3119292,7.855675,-0.27757776,0.9207202,0.029478073,0.358004,0.8908692,9.744729
5.156811,-3.3119292,7.855675,-0.2789245,0.95019877,0.064344406,0.3747498,0.9184484,9.777702
5.156811,-3.3119292,7.855675,-0.25737667,0.9837176,0.057162285,0.41202325,0.9305507,9.767523
5.156811,-3.3119292,7.855675,-0.2590227,0.9057565,0.13751698,0.36453858,0.87810045,9.856027
5.156811,-3.3119292,7.855675,-0.24944589,0.9081507,0.065690994,0.36974138,0.86837584,9.784369
5.156811,-3.3119292,7.855675,-0.26515785,0.9165303,0.11970997,0.3629225,0.88991123,9.838356
5.156811,-3.3119292,7.855675,-0.23403323,0.95244336,0.10534477,0.40876684,0.8976192,9.820928
5.156811,-3.3119292,7.855675,-0.2650082,0.8768764,0.075567245,0.3347746,0.8559926,9.7991705
5.156811,-3.3119292,7.855675,-0.29134443,0.8912416,0.063596725,0.32227483,0.8825779,9.785746
5.156811,-3.3119292,7.855675,-0.25737667,0.8972271,0.009875298,0.34800115,0.8630424,9.733036
5.156811,-3.3119292,7.855675,-0.22625206,0.93074596,0.11522102,0.39844686,0.878169,9.835096
5.156811,-3.3119292,7.855675,-0.23074119,0.8508394,0.10474682,0.34350127,0.8182028,9.832821
5.156811,-3.3119292,7.855675,-0.2546832,0.9106944,0.11671734,0.36180994,0.880838,9.839206
5.156811,-3.3119292,7.855675,-0.240318,0.9106944,0.09517002,0.37206957,0.8704082,9.817838
5.156811,-3.3119292,7.855675,-0.2611176,0.8280945,0.09651661,0.30306223,0.8191165,9.827541
5.156811,-3.3119292,7.855675,-0.2563292,0.84485394,0.036661148,0.31409854,0.8249606,9.766463
5.156811,-3.3119292,7.855675,-0.23178865,0.8632594,0.10758972,0.3459818,0.8306098,9.836576
5.156811,-3.3119292,7.855675,-0.24136546,0.8369232,0.13871384,0.32391447,0.8179314,9.869838
5.156811,-3.3119292,7.855675,-0.24361002,0.8267478,0.080355644,0.3113727,0.8076589,9.813506
5.156811,-3.3119292,7.855675,-0.24839842,0.8243536,0.08514404,0.3063516,0.80902183,9.818459
5.156811,-3.3119292,7.855675,-0.2053028,0.8267478,0.1689415,0.3460809,0.79077303,9.901966
5.156811,-3.3119292,7.855675,-0.22909518,0.8264485,0.069880486,0.32036224,0.79859066,9.804105
5.156811,-3.3119292,7.855675,-0.24106617,0.79053545,0.108187675,0.2909777,0.78012556,9.845288
5.156811,-3.3119292,7.855675,-0.23328502,0.81941557,0.057012558,0.30986527,0.7955542,9.792806
5.156811,-3.3119292,7.855675,-0.2069488,0.83856916,0.083348274,0.34363416,0.7967242,9.817551
5.156811,-3.3119292,7.855675,-0.2733879,0.80699563,0.010773659,0.26579857,0.8075087,9.748385
5.156811,-3.3119292,7.855675,-0.2733879,0.80699563,0.010773659,0.26579857,0.8075087,9.748385
5.156811,-3.3119292,7.855675,-0.21787235,0.7782652,0.072125435,0.29376695,0.75632405,9.813097
5.156811,-3.3119292,7.855675,-0.28281507,0.768838,0.040252686,0.23307393,0.7860145,9.7825985
5.156811,-3.3119292,7.855675,-0.18405426,0.7763199,0.0682354,0.31561294,0.7359164,9.811053
5.156811,-3.3119292,7.855675,-0.22714987,0.75716627,0.11372471,0.27166197,0.7492703,9.8577795
5.156811,-3.3119292,7.855675,-0.20320788,0.75956047,0.07541752,0.29059973,0.7343688,9.819495
5.156811,-3.3119292,7.855675,-0.24615386,0.7790134,0.02439022,0.26330483,0.77279377,9.767693
5.156811,-3.3119292,7.855675,-0.22221184,0.8053496,0.03875637,0.29879436,0.7806955,9.779991
5.156811,-3.3119292,7.855675,-0.20530279,0.7983166,0.090681076,0.30850238,0.7692835,9.833185
5.156811,-3.3119292,7.855675,-0.22685061,0.7480384,0.083498,0.2611858,0.7410997,9.8299265
5.156811,-3.3119292,7.855675,-0.20530279,0.7528268,0.10504627,0.28234294,0.7336399,9.851099
5.156811,-3.3119292,7.855675,-0.20530279,0.7528268,0.10504627,0.28234294,0.7336399,9.851099
5.156811,-3.3119292,7.855675,-0.20530279,0.7528268,0.10504627,0.28234294,0.7336399,9.851099
5.156811,-3.3119292,7.855675,-0.21727382,0.75252753,0.019153595,0.26268104,0.7371307,9.767669
5.156811,-3.3119292,7.855675,-0.25079262,0.75971013,0.05985546,0.24138254,0.76509655,9.807619
5.156811,-3.3119292,7.855675,-0.21727382,0.71900874,0.045490265,0.24427964,0.71167254,9.796485
5.156811,-3.3119292,7.855675,-0.22161329,0.7080852,0.059106827,0.2325095,0.7070394,9.811662
5.156811,-3.3119292,7.855675,-0.21682489,0.729633,-0.015113831,0.24577774,0.7170899,9.736038
5.156811,-3.3119292,7.855675,-0.17133506,0.6964134,0.010474205,0.262759,0.66608655,9.764906
5.156811,-3.3119292,7.855675,-0.21203649,0.7667431,0.033818245,0.26893455,0.7490932,9.783551
5.156811,-3.3119292,7.855675,-0.20964229,0.7140707,0.045788765,0.24109884,0.7055228,9.799369
5.156811,-3.3119292,7.855675,-0.21158758,0.6971616,0.0041894913,0.22808304,0.6903218,9.759123
5.156811,-3.3119292,7.855675,-0.1925836,0.72469497,0.084994316,0.26070276,0.70747423,9.838364
5.156811,-3.3119292,7.855675,-0.2021604,0.7127239,0.09457111,0.24639423,0.7037746,9.848771
5.156811,-3.3119292,7.855675,-0.197372,0.696563,0.0341177,0.23643975,0.6849467,9.790293
5.156811,-3.3119292,7.855675,-0.18764557,0.6860884,0.052672386,0.2368988,0.6727319,9.810199
5.156811,-3.3119292,7.855675,-0.24989481,0.72439563,0.102950096,0.20940873,0.7425232,9.857567
5.156811,-3.3119292,7.855675,-0.18255787,0.6681319,-0.01496315,0.22585945,0.6520009,9.744638
5.156811,-3.3119292,7.855675,-0.15382746,0.6370073,0.013767242,0.23311257,0.611821,9.775502
5.156811,-3.3119292,7.855675,-0.24720132,0.69925654,0.08559322,-0.7442017,0.047440387,9.842715
5.156811,-3.3119292,7.855675,-0.18959084,0.676362,0.10414791,0.22689538,0.6704708,9.863518
5.156811,-3.3119292,7.855675,-0.18480244,0.68833303,0.09935951,0.2373884,0.67737424,9.857914
5.156811,-3.3119292,7.855675,-0.18719664,0.66124856,0.0341177,0.21538846,0.6534043,9.795338
5.156811,-3.3119292,7.855675,-0.18270752,0.6748656,0.02888012,0.22442952,0.66257626,9.789675
5.156811,-3.3119292,7.855675,-0.20425533,0.63655835,0.026486397,0.18515405,0.6427047,9.789877
5.156811,-3.3119292,7.855675,-0.2021604,0.626383,0.06898308,0.18080394,0.63605386,9.833583
5.156811,-3.3119292,7.855675,-0.16624738,0.6359598,0.10010719,0.21714817,0.6258246,9.86399
5.156811,-3.3119292,7.855675,-0.16624738,0.6239888,0.095318794,0.21034819,0.615618,9.860013
5.156811,-3.3119292,7.855675,-0.20006548,0.62817866,0.06853485,0.1814406,0.636933,9.833491
5.156811,-3.3119292,7.855675,-0.2287959,0.63536125,0.037409782,0.1602871,0.6570528,9.801971
5.156811,-3.3119292,7.855675,-0.17133506,0.62578446,0.099658966,0.20522991,0.6207983,9.864695
5.156811,-3.3119292,7.855675,-0.14993688,0.65660983,0.07990646,0.23703334,0.63439095,9.843586
5.156811,-3.3119292,7.855675,-0.18614918,0.60827684,0.09382248,0.17865416,0.61527467,9.861123
5.156811,-3.3119292,7.855675,-0.18614918,0.60827684,0.09382248,0.17865416,0.61527467,9.861123
5.156811,-3.3119292,7.855675,-0.1985691,0.58418524,0.026335716,0.15079674,0.59878224,9.7958
5.156811,-3.3119292,7.855675,-0.12195466,0.6536171,0.052672386,0.25369027,0.6167517,9.817576
5.156811,-3.3119292,7.855675,-0.19767128,0.6028899,0.015861511,0.15782587,0.61435604,9.785096
5.156811,-3.3119292,7.855675,-0.15696985,0.5957073,0.08768749,0.19075873,0.5901202,9.857174
5.156811,-3.3119292,7.855675,-0.18375498,0.5958569,0.09681511,0.16641293,0.6056905,9.866796
5.156811,-3.3119292,7.855675,-0.20530279,0.60782796,0.08484459,0.154197,0.62670565,9.854145
5.156811,-3.3119292,7.855675,-0.19812019,0.62219316,0.056114197,0.16695328,0.6335031,9.824574
5.156811,-3.3119292,7.855675,-0.15278,0.63655835,0.074819565,0.211008,0.6231436,9.842807
5.156811,-3.3119292,7.855675,-0.18210897,0.62458736,0.021697998,0.1759619,0.62653077,9.791071
5.156811,-3.3119292,7.855675,-0.19886838,0.60543376,0.040851593,0.15226805,0.620128,9.811374
5.156811,-3.3119292,7.855675,-0.14185646,0.5360019,0.038007736,0.16195858,0.5315956,9.813041
5.156811,-3.3119292,7.855675,-0.16340427,0.59106857,0.05476761,0.17309102,0.59051156,9.8265505
5.156811,-3.3119292,7.855675,-0.19931729,0.59825116,0.038007736,0.14576255,0.6146719,9.809472
5.156811,-3.3119292,7.855675,-0.166397,0.57281274,0.05207348,0.15871705,0.57703674,9.825283
5.156811,-3.3119292,7.855675,-0.18555063,0.5776012,0.023343086,0.14394793,0.58972263,9.796367
5.156811,-3.3119292,7.855675,-0.18629882,0.58313775,0.054019928,0.14522584,0.59679306,9.827157
5.156811,-3.3119292,7.855675,-0.15278,0.5496189,0.113874435,0.1583989,0.55366814,9.888771
5.156811,-3.3119292,7.855675,-0.1678934,0.5858312,0.099209785,0.16179016,0.59220725,9.872419
5.156811,-3.3119292,7.855675,-0.13721769,0.5641338,0.10594368,0.17468493,0.5588136,9.88079
5.156811,-3.3119292,7.855675,-0.18270752,0.5090672,0.06763649,0.10622105,0.5331818,9.845793
5.156811,-3.3119292,7.855675,-0.18270752,0.5090672,0.06763649,0.10622105,0.5331818,9.845793
5.156811,-3.3119292,7.855675,-0.15442601,0.5553052,0.07436943,0.1521516,0.5591826,9.85031
5.156811,-3.3119292,7.855675,-0.17357962,0.5457283,0.060004234,0.13035308,0.5600561,9.836562
5.156811,-3.3119292,7.855675,-0.19303252,0.58194065,0.054917336,0.12918068,0.60141546,9.829889
5.156811,-3.3119292,7.855675,-0.15502456,0.53226095,-0.02917862,0.13175456,0.536195,9.748876
5.156811,-3.3119292,7.855675,-0.11671734,0.52747256,0.061800957,0.16525438,0.5169615,9.839846
5.156811,-3.3119292,7.855675,-0.14589667,0.5210381,0.04219818,0.13391411,0.5257389,9.821204
5.156811,-3.3119292,7.855675,-0.15786767,0.5377976,0.032621384,0.13158219,0.54578507,9.810782
5.156811,-3.3119292,7.855675,-0.16774374,0.48826754,0.022745132,0.09559932,0.5078526,9.8039465
5.156811,-3.3119292,7.855675,-0.14859015,0.5265748,0.013168335,0.13085762,0.5312296,9.792268
5.156811,-3.3119292,7.855675,-0.1635539,0.52747256,0.07272339,0.117686324,0.54253256,9.852095
5.156811,-3.3119292,7.855675,-0.13961188,0.51789576,0.015262604,0.1321802,0.51994056,9.795118
5.156811,-3.3119292,7.855675,-0.1635539,0.5155015,0.0344162,0.11070328,0.53043216,9.81447
5.156811,-3.3119292,7.855675,-0.1635539,0.5155015,0.0344162,0.11070328,0.53043216,9.81447
5.156811,-3.3119292,7.855675,-0.17178397,0.55096567,0.08170223,0.11697998,0.5684536,9.860594
5.156811,-3.3119292,7.855675,-0.114323124,0.4504092,0.10085583,0.11948185,0.4535781,9.884626
5.156811,-3.3119292,7.855675,-0.114323124,0.4504092,0.10085583,0.11948185,0.4535781,9.884626
5.156811,-3.3119292,7.855675,-0.08155249,0.49963996,0.055067062,0.1685117,0.47961023,9.836544
5.156811,-3.3119292,7.855675,-0.1731307,0.5030816,0.0140657425,0.08601653,0.5251263,9.796194
5.156811,-3.3119292,7.855675,-0.1563713,0.4743512,0.076314926,0.08892239,0.49451748,9.859723
5.156811,-3.3119292,7.855675,-0.1141735,0.4997896,0.07362175,0.13592654,0.4973278,9.855886
5.156811,-3.3119292,7.855675,-0.15008652,0.5021838,0.028131485,0.10409655,0.51444536,9.8105135
5.156811,-3.3119292,7.855675,-0.15786768,0.47195703,0.07092857,0.081834994,0.4935985,9.855126
5.156811,-3.3119292,7.855675,-0.13392566,0.49829325,0.056563377,0.11487726,0.50513136,9.839366
5.156811,-3.3119292,7.855675,-0.13946226,0.4424784,0.03711033,0.08126335,0.45797452,9.823009
5.156811,-3.3119292,7.855675,-0.13946226,0.4424784,0.03711033,0.08126335,0.45797452,9.823009
5.156811,-3.3119292,7.855675,-0.13946226,0.4424784,0.03711033,0.08126335,0.45797452,9.823009
5.156811,-3.3119292,7.855675,-0.13946226,0.4424784,0.03711033,0.08126335,0.45797452,9.823009
5.156811,-3.3119292,7.855675,-0.13946226,0.4424784,0.03711033,0.08126335,0.45797452,9.823009
5.156811,-3.3119292,7.855675,0.13916302,0.001496315,0.10878658,-0.056265634,0.059181303,9.96326
5.156811,-3.3119292,7.855675,0.13916302,0.001496315,0.10878658,0.0,0.0,0.0
5.156811,-3.3119292,7.855675,0.13916302,0.001496315,0.10878658,0.0,0.0,0.0
5.156811,-3.3119292,7.855675,0.13916302,0.001496315,0.10878658,0.0,0.0,0.0
5.156811,-3.3119292,7.855675,0.13916302,0.001496315,0.10878658,0.0,0.0,0.0
5.156811,-3.3119292,7.855675,0.13916302,0.001496315,0.10878658,0.0,0.0,0.0
5.156811,-3.3119292,7.855675,0.13916302,0.001496315,0.10878658,0.0,0.0,0.0
5.156811,-3.3119292,7.855675,0.13916302,0.001496315,0.10878658,0.0,0.0,0.0
5.156811,-3.3119292,7.855675,0.13916302,0.001496315,0.10878658,0.0,0.0,0.0
5.156811,-3.3119292,7.855675,0.13916302,0.001496315,0.10878658,0.0,0.0,0.0
5.156811,-3.3119292,7.855675,0.13916302,0.001496315,0.10878658,0.0,0.0,0.0
5.156811,-3.3119292,7.855675,0.13916302,0.001496315,0.10878658,0.0,0.0,0.0
5.156811,-3.3119292,7.855675,0.13916302,0.001496315,0.10878658,0.0,0.0,0.0
5.156811,-3.3119292,7.855675,0.13916302,0.001496315,0.10878658,0.0,0.0,0.0
5.156811,-3.3119292,7.855675,0.13916302,0.001496315,0.10878658,0.0,0.0,0.0
5.156811,-3.3119292,7.855675,0.13916302,0.001496315,0.10878658,0.0,0.0,0.0
5.156811,-3.3119292,7.855675,0.13916302,0.001496315,0.10878658,0.0,0.0,0.0
5.156811,-3.3119292,7.855675,0.13916302,0.001496315,0.10878658,0.0,0.0,0.0
5.156811,-3.3119292,7.855675,0.13916302,0.001496315,0.10878658,0.0,0.0,0.0
5.156811,-3.3119292,7.855675,0.13916302,0.001496315,0.10878658,0.0,0.0,0.0
5.156811,-3.3119292,7.855675,0.13916302,0.001496315,0.10878658,0.0,0.0,0.0
5.156811,-3.3119292,7.855675,0.13916302,0.001496315,0.10878658,0.0,0.0,0.0
5.156811,-3.3119292,7.855675,0.13916302,0.001496315,0.10878658,0.0,0.0,0.0
5.156811,-3.3119292,7.855675,0.13916302,0.001496315,0.10878658,0.0,0.0,0.0
5.156811,-3.3119292,7.855675,0.13916302,0.001496315,0.10878658,0.0,0.0,0.0
5.156811,-3.3119292,7.855675,0.13916302,0.001496315,0.10878658,0.0,0.0,0.0
5.156811,-3.3119292,7.855675,0.13916302,0.001496315,0.10878658,0.0,0.0,0.0
5.156811,-3.3119292,7.855675,0.13916302,0.001496315,0.10878658,0.0,0.0,0.0
5.156811,-3.3119292,7.855675,0.13916302,0.001496315,0.10878658,0.0,0.0,0.0
5.156811,-3.3119292,7.855675,0.13916302,0.001496315,0.10878658,0.0,0.0,0.0
5.156811,-3.3119292,7.855675,0.13916302,0.001496315,0.10878658,0.0,0.0,0.0
5.156811,-3.3119292,7.855675,0.13916302,0.001496315,0.10878658,0.0,0.0,0.0
5.156811,-3.3119292,7.855675,0.13916302,0.001496315,0.10878658,0.0,0.0,0.0
5.156811,-3.3119292,7.855675,0.13916302,0.001496315,0.10878658,0.0,0.0,0.0
5.156811,-3.3119292,7.855675,0.13916302,0.001496315,0.10878658,0.0,0.0,0.0
5.156811,-3.3119292,7.855675,0.13916302,0.001496315,0.10878658,0.0,0.0,0.0
5.156811,-3.3119292,7.855675,0.13916302,0.001496315,0.10878658,0.0,0.0,0.0
5.156811,-3.3119292,7.855675,0.13916302,0.001496315,0.10878658,0.0,0.0,0.0
5.156811,-3.3119292,7.855675,0.13916302,0.001496315,0.10878658,0.0,0.0,0.0
5.156811,-3.3119292,7.855675,0.13916302,0.001496315,0.10878658,0.0,0.0,0.0
5.156811,-3.3119292,7.855675,0.13916302,0.001496315,0.10878658,0.0,0.0,0.0
5.156811,-3.3119292,7.855675,0.13916302,0.001496315,0.10878658,0.0,0.0,0.0
5.156811,-3.3119292,7.855675,0.13916302,0.001496315,0.10878658,0.0,0.0,0.0
5.156811,-3.3119292,7.855675,0.13916302,0.001496315,0.10878658,0.0,0.0,0.0
5.156811,-3.3119292,7.855675,0.13916302,0.001496315,0.10878658,0.0,0.0,0.0
5.156811,-3.3119292,7.855675,0.13916302,0.001496315,0.10878658,0.0,0.0,0.0
5.156811,-3.3119292,7.855675,0.13916302,0.001496315,0.10878658,0.0,0.0,0.0
5.156811,-3.3119292,7.855675,0.13916302,0.001496315,0.10878658,0.0,0.0,0.0
5.156811,-3.3119292,7.855675,0.13916302,0.001496315,0.10878658,0.0,0.0,0.0
5.156811,-3.3119292,7.855675,0.13916302,0.001496315,0.10878658,0.0,0.0,0.0
5.156811,-3.3119292,7.855675,0.13916302,0.001496315,0.10878658,0.0,0.0,0.0
5.156811,-3.3119292,7.855675,0.13916302,0.001496315,0.10878658,0.0,0.0,0.0
5.156811,-3.3119292,7.855675,0.13916302,0.001496315,0.10878658,0.0,0.0,0.0
5.156811,-3.3119292,7.855675,0.13916302,0.001496315,0.10878658,0.0,0.0,0.0
5.156811,-3.3119292,7.855675,0.13916302,0.001496315,0.10878658,0.0,0.0,0.0
5.156811,-3.3119292,7.855675,0.13916302,0.001496315,0.10878658,0.0,0.0,0.0
5.156811,-3.3119292,7.855675,0.13916302,0.001496315,0.10878658,0.0,0.0,0.0
5.156811,-3.3119292,7.855675,0.13916302,0.001496315,0.10878658,0.0,0.0,0.0
5.156811,-3.3119292,7.855675,0.13916302,0.001496315,0.10878658,0.0,0.0,0.0
5.156811,-3.3119292,7.855675,0.13916302,0.001496315,0.10878658,0.0,0.0,0.0
5.156811,-3.3119292,7.855675,0.13916302,0.001496315,0.10878658,0.0,0.0,0.0
5.156811,-3.3119292,7.855675,0.13916302,0.001496315,0.10878658,0.0,0.0,0.0
5.156811,-3.3119292,7.855675,0.13916302,0.001496315,0.10878658,0.0,0.0,0.0
5.156811,-3.3119292,7.855675,0.13916302,0.001496315,0.10878658,0.0,0.0,0.0
5.156811,-3.3119292,7.855675,0.13916302,0.001496315,0.10878658,0.0,0.0,0.0
5.156811,-3.3119292,7.855675,0.13916302,0.001496315,0.10878658,0.0,0.0,0.0
5.156811,-3.3119292,7.855675,0.13916302,0.001496315,0.10878658,0.0,0.0,0.0
5.156811,-3.3119292,7.855675,0.13916302,0.001496315,0.10878658,0.0,0.0,0.0
5.156811,-3.3119292,7.855675,0.13916302,0.001496315,0.10878658,0.0,0.0,0.0
5.156811,-3.3119292,7.855675,0.13916302,0.001496315,0.10878658,0.0,0.0,0.0
5.156811,-3.3119292,7.855675,0.13916302,0.001496315,0.10878658,0.0,0.0,0.0
5.156811,-3.3119292,7.855675,0.13916302,0.001496315,0.10878658,0.0,0.0,0.0
5.156811,-3.3119292,7.855675,0.13916302,0.001496315,0.10878658,0.0,0.0,0.0
5.156811,-3.3119292,7.855675,0.13916302,0.001496315,0.10878658,0.0,0.0,0.0
5.156811,-3.3119292,7.855675,0.13916302,0.001496315,0.10878658,0.0,0.0,0.0
5.156811,-3.3119292,7.855675,0.13916302,0.001496315,0.10878658,0.0,0.0,0.0
5.156811,-3.3119292,7.855675,0.13916302,0.001496315,0.10878658,0.0,0.0,0.0
5.156811,-3.3119292,7.855675,0.13916302,0.001496315,0.10878658,0.0,0.0,0.0
5.156811,-3.3119292,7.855675,0.13916302,0.001496315,0.10878658,0.0,0.0,0.0
5.156811,-3.3119292,7.855675,0.13916302,0.001496315,0.10878658,0.0,0.0,0.0
5.156811,-3.3119292,7.855675,0.13916302,0.001496315,0.10878658,0.0,0.0,0.0
5.156811,-3.3119292,7.855675,0.13916302,0.001496315,0.10878658,0.0,0.0,0.0
5.156811,-3.3119292,7.855675,0.13916302,0.001496315,0.10878658,0.0,0.0,0.0
5.156811,-3.3119292,7.855675,0.13916302,0.001496315,0.10878658,0.0,0.0,0.0
5.156811,-3.3119292,7.855675,0.13916302,0.001496315,0.10878658,0.0,0.0,0.0
5.156811,-3.3119292,7.855675,0.13916302,0.001496315,0.10878658,0.0,0.0,0.0
5.156811,-3.3119292,7.855675,0.13916302,0.001496315,0.10878658,0.0,0.0,0.0
5.156811,-3.3119292,7.855675,0.13916302,0.001496315,0.10878658,0.0,0.0,0.0
5.156811,-3.3119292,7.855675,0.13916302,0.001496315,0.10878658,0.0,0.0,0.0
5.156811,-3.3119292,7.855675,0.13916302,0.001496315,0.10878658,0.0,0.0,0.0
5.156811,-3.3119292,7.855675,0.13916302,0.001496315,0.10878658,0.0,0.0,0.0
5.156811,-3.3119292,7.855675,0.13916302,0.001496315,0.10878658,0.0,0.0,0.0
5.156811,-3.3119292,7.855675,0.13916302,0.001496315,0.10878658,0.0,0.0,0.0
5.156811,-3.3119292,7.855675,0.13916302,0.001496315,0.10878658,0.0,0.0,0.0
5.156811,-3.3119292,7.855675,0.13916302,0.001496315,0.10878658,0.0,0.0,0.0
5.156811,-3.3119292,7.855675,0.13916302,0.001496315,0.10878658,0.0,0.0,0.0
5.156811,-3.3119292,7.855675,0.13916302,0.001496315,0.10878658,0.0,0.0,0.0
5.156811,-3.3119292,7.855675,0.13916302,0.001496315,0.10878658,0.0,0.0,0.0
5.156811,-3.3119292,7.855675,0.13916302,0.001496315,0.10878658,0.0,0.0,0.0
5.156811,-3.3119292,7.855675,0.13916302,0.001496315,0.10878658,0.0,0.0,0.0
5.156811,-3.3119292,7.855675,0.13916302,0.001496315,0.10878658,0.0,0.0,0.0
5.156811,-3.3119292,7.855675,0.13916302,0.001496315,0.10878658,0.0,0.0,0.0
5.156811,-3.3119292,7.855675,0.13916302,0.001496315,0.10878658,0.0,0.0,0.0
5.156811,-3.3119292,7.855675,0.13916302,0.001496315,0.10878658,0.0,0.0,0.0
5.156811,-3.3119292,7.855675,0.13916302,0.001496315,0.10878658,0.0,0.0,0.0
5.156811,-3.3119292,7.855675,0.13916302,0.001496315,0.10878658,0.0,0.0,0.0
5.156811,-3.3119292,7.855675,0.13916302,0.001496315,0.10878658,0.0,0.0,0.0
5.156811,-3.3119292,7.855675,0.13916302,0.001496315,0.10878658,0.0,0.0,0.0
5.156811,-3.3119292,7.855675,0.13916302,0.001496315,0.10878658,0.0,0.0,0.0
5.156811,-3.3119292,7.855675,0.13916302,0.001496315,0.10878658,0.0,0.0,0.0
5.156811,-3.3119292,7.855675,0.13916302,0.001496315,0.10878658,0.0,0.0,0.0
5.156811,-3.3119292,7.855675,0.13916302,0.001496315,0.10878658,0.0,0.0,0.0
5.156811,-3.3119292,7.855675,0.13916302,0.001496315,0.10878658,0.0,0.0,0.0
5.156811,-3.3119292,7.855675,0.13916302,0.001496315,0.10878658,0.0,0.0,0.0
5.156811,-3.3119292,7.855675,0.13916302,0.001496315,0.10878658,0.0,0.0,0.0
5.156811,-3.3119292,7.855675,0.13916302,0.001496315,0.10878658,0.0,0.0,0.0
5.156811,-3.3119292,7.855675,0.13916302,0.001496315,0.10878658,0.0,0.0,0.0
5.156811,-3.3119292,7.855675,0.13916302,0.001496315,0.10878658,0.0,0.0,0.0
5.156811,-3.3119292,7.855675,0.13916302,0.001496315,0.10878658,0.0,0.0,0.0
5.156811,-3.3119292,7.855675,0.13916302,0.001496315,0.10878658,0.0,0.0,0.0
5.156811,-3.3119292,7.855675,0.13916302,0.001496315,0.10878658,0.0,0.0,0.0
5.156811,-3.3119292,7.855675,0.13916302,0.001496315,0.10878658,0.0,0.0,0.0
5.156811,-3.3119292,7.855675,0.13916302,0.001496315,0.10878658,0.0,0.0,0.0
5.156811,-3.3119292,7.855675,0.13916302,0.001496315,0.10878658,0.0,0.0,0.0
5.156811,-3.3119292,7.855675,0.13916302,0.001496315,0.10878658,0.0,0.0,0.0
5.156811,-3.3119292,7.855675,0.13916302,0.001496315,0.10878658,0.0,0.0,0.0
5.156811,-3.3119292,7.855675,0.13916302,0.001496315,0.10878658,0.0,0.0,0.0
5.156811,-3.3119292,7.855675,0.13916302,0.001496315,0.10878658,0.0,0.0,0.0
5.156811,-3.3119292,7.855675,0.13916302,0.001496315,0.10878658,0.0,0.0,0.0
5.156811,-3.3119292,7.855675,0.13916302,0.001496315,0.10878658,0.0,0.0,0.0
5.156811,-3.3119292,7.855675,0.13916302,0.001496315,0.10878658,0.0,0.0,0.0
5.156811,-3.3119292,7.855675,0.13916302,0.001496315,0.10878658,0.0,0.0,0.0
5.156811,-3.3119292,7.855675,0.13916302,0.001496315,0.10878658,0.0,0.0,0.0
5.156811,-3.3119292,7.855675,0.13916302,0.001496315,0.10878658,0.0,0.0,0.0
5.156811,-3.3119292,7.855675,0.13916302,0.001496315,0.10878658,0.0,0.0,0.0
5.156811,-3.3119292,7.855675,0.13916302,0.001496315,0.10878658,0.0,0.0,0.0
5.156811,-3.3119292,7.855675,0.13916302,0.001496315,0.10878658,0.0,0.0,0.0
5.156811,-3.3119292,7.855675,0.13916302,0.001496315,0.10878658,0.0,0.0,0.0
5.156811,-3.3119292,7.855675,0.13916302,0.001496315,0.10878658,0.0,0.0,0.0
5.156811,-3.3119292,7.855675,0.13916302,0.001496315,0.10878658,0.0,0.0,0.0
5.156811,-3.3119292,7.855675,0.13916302,0.001496315,0.10878658,0.0,0.0,0.0
5.156811,-3.3119292,7.855675,0.13916302,0.001496315,0.10878658,0.0,0.0,0.0
5.156811,-3.3119292,7.855675,0.13916302,0.001496315,0.10878658,0.0,0.0,0.0
5.156811,-3.3119292,7.855675,0.13916302,0.001496315,0.10878658,0.0,0.0,0.0
5.156811,-3.3119292,7.855675,0.13916302,0.001496315,0.10878658,0.0,0.0,0.0
5.156811,-3.3119292,7.855675,0.13916302,0.001496315,0.10878658,0.0,0.0,0.0
5.156811,-3.3119292,7.855675,0.13916302,0.001496315,0.10878658,0.0,0.0,0.0
5.156811,-3.3119292,7.855675,0.13916302,0.001496315,0.10878658,0.0,0.0,0.0
5.156811,-3.3119292,7.855675,0.13916302,0.001496315,0.10878658,0.0,0.0,0.0
5.156811,-3.3119292,7.855675,0.13916302,0.001496315,0.10878658,0.0,0.0,0.0
5.156811,-3.3119292,7.855675,0.13916302,0.001496315,0.10878658,0.0,0.0,0.0
5.156811,-3.3119292,7.855675,0.13916302,0.001496315,0.10878658,0.0,0.0,0.0
5.156811,-3.3119292,7.855675,0.13916302,0.001496315,0.10878658,0.0,0.0,0.0
5.156811,-3.3119292,7.855675,0.13916302,0.001496315,0.10878658,0.0,0.0,0.0
5.156811,-3.3119292,7.855675,0.13916302,0.001496315,0.10878658,0.0,0.0,0.0
5.156811,-3.3119292,7.855675,0.13916302,0.001496315,0.10878658,0.0,0.0,0.0
5.156811,-3.3119292,7.855675,0.13916302,0.001496315,0.10878658,0.0,0.0,0.0
5.156811,-3.3119292,7.855675,0.13916302,0.001496315,0.10878658,0.0,0.0,0.0
5.156811,-3.3119292,7.855675,0.13916302,0.001496315,0.10878658,0.0,0.0,0.0
5.156811,-3.3119292,7.855675,0.13916302,0.001496315,0.10878658,0.0,0.0,0.0
5.156811,-3.3119292,7.855675,0.13916302,0.001496315,0.10878658,0.0,0.0,0.0
5.156811,-3.3119292,7.855675,0.13916302,0.001496315,0.10878658,0.0,0.0,0.0
5.156811,-3.3119292,7.855675,0.13916302,0.001496315,0.10878658,0.0,0.0,0.0
5.156811,-3.3119292,7.855675,0.13916302,0.001496315,0.10878658,0.0,0.0,0.0
5.156811,-3.3119292,7.855675,0.13916302,0.001496315,0.10878658,0.0,0.0,0.0
5.156811,-3.3119292,7.855675,0.13916302,0.001496315,0.10878658,0.0,0.0,0.0
5.156811,-3.3119292,7.855675,0.13916302,0.001496315,0.10878658,0.0,0.0,0.0
5.156811,-3.3119292,7.855675,0.13916302,0.001496315,0.10878658,0.0,0.0,0.0
5.156811,-3.3119292,7.855675,0.13916302,0.001496315,0.10878658,0.0,0.0,0.0
5.156811,-3.3119292,7.855675,0.13916302,0.001496315,0.10878658,0.0,0.0,0.0
5.156811,-3.3119292,7.855675,0.13916302,0.001496315,0.10878658,0.0,0.0,0.0
5.156811,-3.3119292,7.855675,0.13916302,0.001496315,0.10878658,0.0,0.0,0.0
5.156811,-3.3119292,7.855675,0.13916302,0.001496315,0.10878658,0.0,0.0,0.0
5.156811,-3.3119292,7.855675,0.13916302,0.001496315,0.10878658,0.0,0.0,0.0
5.156811,-3.3119292,7.855675,0.13916302,0.001496315,0.10878658,0.0,0.0,0.0
5.156811,-3.3119292,7.855675,0.13916302,0.001496315,0.10878658,0.0,0.0,0.0
5.156811,-3.3119292,7.855675,0.13916302,0.001496315,0.10878658,0.0,0.0,0.0
5.156811,-3.3119292,7.855675,0.13916302,0.001496315,0.10878658,0.0,0.0,0.0
5.156811,-3.3119292,7.855675,0.13916302,0.001496315,0.10878658,0.0,0.0,0.0
5.156811,-3.3119292,7.855675,0.13916302,0.001496315,0.10878658,0.0,0.0,0.0
5.156811,-3.3119292,7.855675,0.13916302,0.001496315,0.10878658,0.0,0.0,0.0
5.156811,-3.3119292,7.855675,0.13916302,0.001496315,0.10878658,0.0,0.0,0.0
5.156811,-3.3119292,7.855675,0.13916302,0.001496315,0.10878658,0.0,0.0,0.0
5.156811,-3.3119292,7.855675,0.13916302,0.001496315,0.10878658,0.0,0.0,0.0
5.156811,-3.3119292,7.855675,0.13916302,0.001496315,0.10878658,0.0,0.0,0.0
5.156811,-3.3119292,7.855675,0.13916302,0.001496315,0.10878658,0.0,0.0,0.0
5.156811,-3.3119292,7.855675,0.13916302,0.001496315,0.10878658,0.0,0.0,0.0
5.156811,-3.3119292,7.855675,0.13916302,0.001496315,0.10878658,0.0,0.0,0.0
5.156811,-3.3119292,7.855675,0.13916302,0.001496315,0.10878658,0.0,0.0,0.0
5.156811,-3.3119292,7.855675,0.13916302,0.001496315,0.10878658,0.0,0.0,0.0
5.156811,-3.3119292,7.855675,0.13916302,0.001496315,0.10878658,0.0,0.0,0.0
5.156811,-3.3119292,7.855675,0.13916302,0.001496315,0.10878658,0.0,0.0,0.0
5.156811,-3.3119292,7.855675,0.13916302,0.001496315,0.10878658,0.0,0.0,0.0
5.156811,-3.3119292,7.855675,0.13916302,0.001496315,0.10878658,0.0,0.0,0.0
5.156811,-3.3119292,7.855675,0.13916302,0.001496315,0.10878658,0.0,0.0,0.0
5.156811,-3.3119292,7.855675,0.13916302,0.001496315,0.10878658,0.0,0.0,0.0
5.156811,-3.3119292,7.855675,0.13916302,0.001496315,0.10878658,0.0,0.0,0.0
5.156811,-3.3119292,7.855675,0.13916302,0.001496315,0.10878658,0.0,0.0,0.0
5.156811,-3.3119292,7.855675,0.13916302,0.001496315,0.10878658,0.0,0.0,0.0
5.156811,-3.3119292,7.855675,0.13916302,0.001496315,0.10878658,0.0,0.0,0.0
5.156811,-3.3119292,7.855675,0.13916302,0.001496315,0.10878658,0.0,0.0,0.0
5.156811,-3.3119292,7.855675,0.13916302,0.001496315,0.10878658,0.0,0.0,0.0
5.156811,-3.3119292,7.855675,0.13916302,0.001496315,0.10878658,0.0,0.0,0.0
5.156811,-3.3119292,7.855675,0.13916302,0.001496315,0.10878658,0.0,0.0,0.0
5.156811,-3.3119292,7.855675,0.13916302,0.001496315,0.10878658,0.0,0.0,0.0
5.156811,-3.3119292,7.855675,0.13916302,0.001496315,0.10878658,0.0,0.0,0.0
5.156811,-3.3119292,7.855675,0.13916302,0.001496315,0.10878658,0.0,0.0,0.0
5.156811,-3.3119292,7.855675,0.13916302,0.001496315,0.10878658,0.0,0.0,0.0
5.156811,-3.3119292,7.855675,0.13916302,0.001496315,0.10878658,0.0,0.0,0.0
5.156811,-3.3119292,7.855675,0.13916302,0.001496315,0.10878658,0.0,0.0,0.0
5.156811,-3.3119292,7.855675,0.13916302,0.001496315,0.10878658,0.0,0.0,0.0
5.156811,-3.3119292,7.855675,0.13916302,0.001496315,0.10878658,0.0,0.0,0.0
5.156811,-3.3119292,7.855675,0.13916302,0.001496315,0.10878658,0.0,0.0,0.0
5.156811,-3.3119292,7.855675,0.13916302,0.001496315,0.10878658,0.0,0.0,0.0
5.156811,-3.3119292,7.855675,0.13916302,0.001496315,0.10878658,0.0,0.0,0.0
5.156811,-3.3119292,7.855675,0.13916302,0.001496315,0.10878658,0.0,0.0,0.0
5.156811,-3.3119292,7.855675,0.13916302,0.001496315,0.10878658,0.0,0.0,0.0
5.156811,-3.3119292,7.855675,0.13916302,0.001496315,0.10878658,0.0,0.0,0.0
5.156811,-3.3119292,7.855675,0.13916302,0.001496315,0.10878658,0.0,0.0,0.0
5.156811,-3.3119292,7.855675,0.13916302,0.001496315,0.10878658,0.0,0.0,0.0
5.156811,-3.3119292,7.855675,0.13916302,0.001496315,0.10878658,0.0,0.0,0.0
5.156811,-3.3119292,7.855675,0.13916302,0.001496315,0.10878658,0.0,0.0,0.0
5.156811,-3.3119292,7.855675,0.13916302,0.001496315,0.10878658,0.0,0.0,0.0
5.156811,-3.3119292,7.855675,0.13916302,0.001496315,0.10878658,0.0,0.0,0.0
5.156811,-3.3119292,7.855675,0.13916302,0.001496315,0.10878658,0.0,0.0,0.0
5.156811,-3.3119292,7.855675,0.13916302,0.001496315,0.10878658,0.0,0.0,0.0
5.156811,-3.3119292,7.855675,0.13916302,0.001496315,0.10878658,0.0,0.0,0.0
5.156811,-3.3119292,7.855675,0.13916302,0.001496315,0.10878658,0.0,0.0,0.0
5.156811,-3.3119292,7.855675,0.13916302,0.001496315,0.10878658,0.0,0.0,0.0
5.156811,-3.3119292,7.855675,0.13916302,0.001496315,0.10878658,0.0,0.0,0.0
5.156811,-3.3119292,7.855675,0.13916302,0.001496315,0.10878658,0.0,0.0,0.0
5.156811,-3.3119292,7.855675,0.13916302,0.001496315,0.10878658,0.0,0.0,0.0
5.156811,-3.3119292,7.855675,0.13916302,0.001496315,0.10878658,0.0,0.0,0.0
5.156811,-3.3119292,7.855675,0.13916302,0.001496315,0.10878658,0.0,0.0,0.0
5.156811,-3.3119292,7.855675,0.13916302,0.001496315,0.10878658,0.0,0.0,0.0
5.156811,-3.3119292,7.855675,0.13916302,0.001496315,0.10878658,0.0,0.0,0.0
5.156811,-3.3119292,7.855675,0.13916302,0.001496315,0.10878658,0.0,0.0,0.0
5.156811,-3.3119292,7.855675,0.13916302,0.001496315,0.10878658,0.0,0.0,0.0
5.156811,-3.3119292,7.855675,0.13916302,0.001496315,0.10878658,0.0,0.0,0.0
5.156811,-3.3119292,7.855675,0.13916302,0.001496315,0.10878658,0.0,0.0,0.0
5.156811,-3.3119292,7.855675,0.13916302,0.001496315,0.10878658,0.0,0.0,0.0
5.156811,-3.3119292,7.855675,0.13916302,0.001496315,0.10878658,0.0,0.0,0.0
5.156811,-3.3119292,7.855675,0.13916302,0.001496315,0.10878658,0.0,0.0,0.0
5.156811,-3.3119292,7.855675,0.13916302,0.001496315,0.10878658,0.0,0.0,0.0
5.156811,-3.3119292,7.855675,0.13916302,0.001496315,0.10878658,0.0,0.0,0.0
5.156811,-3.3119292,7.855675,0.13916302,0.001496315,0.10878658,0.0,0.0,0.0
5.156811,-3.3119292,7.855675,0.13916302,0.001496315,0.10878658,0.0,0.0,0.0
5.156811,-3.3119292,7.855675,0.13916302,0.001496315,0.10878658,0.0,0.0,0.0
5.156811,-3.3119292,7.855675,0.13916302,0.001496315,0.10878658,0.0,0.0,0.0
5.156811,-3.3119292,7.855675,0.13916302,0.001496315,0.10878658,0.0,0.0,0.0
5.156811,-3.3119292,7.855675,0.13916302,0.001496315,0.10878658,0.0,0.0,0.0
5.156811,-3.3119292,7.855675,0.13916302,0.001496315,0.10878658,0.0,0.0,0.0
5.156811,-3.3119292,7.855675,0.13916302,0.001496315,0.10878658,0.0,0.0,0.0
5.156811,-3.3119292,7.855675,0.13916302,0.001496315,0.10878658,0.0,0.0,0.0
5.156811,-3.3119292,7.855675,0.13916302,0.001496315,0.10878658,0.0,0.0,0.0
5.156811,-3.3119292,7.855675,0.13916302,0.001496315,0.10878658,0.0,0.0,0.0
