-0.034698486,6.9643097,6.332611,-0.06862378,-0.49263096,-0.38968658,0.0902853,-0.073451996,9.1856
-0.0993042,6.9511566,6.5324097,0.048488855,-0.6107559,-0.60370827,-0.070408344,-0.01390934,8.9495125
-0.17706299,6.870987,6.8638153,0.09179026,-0.5042772,-0.7185731,-0.19143248,-0.12873101,8.954681
-0.12921143,6.921234,6.546768,0.05678916,-0.39121866,-0.7810807,-0.26305413,-0.23440099,9.005262
-0.035888672,6.9188538,6.2189484,-0.09251517,-0.41080475,-0.6871371,-0.10444641,-0.28878832,9.061553
0.09690857,6.928421,5.995224,-0.06599349,-0.40354967,-0.6210513,-0.09000945,-0.23668003,9.107513
-0.049057007,6.8817596,6.501297,0.049205065,-0.42964268,-0.6158705,-0.150599,-0.13894749,9.082548
-0.11605835,6.875778,6.6604156,0.18928522,-0.3934803,-0.602088,-0.2548566,-0.04077363,9.109119
-0.08494568,6.7537384,6.398407,0.086717665,-0.3437686,-0.46750546,-0.13904476,-0.063599825,9.240187
-0.0765686,6.6831512,6.135193,0.06518221,-0.2239623,-0.41877222,-0.15930557,-0.098097086,9.3653145
-0.17228699,6.628113,6.2847443,-0.09067339,-0.17571831,-0.29136372,-0.01108408,-0.16305113,9.494748
-0.27876282,6.747757,6.2979126,-0.13991737,-0.32306337,-0.24558687,0.020087242,-0.17103082,9.413452
-0.18185425,6.970291,6.119644,-0.16925651,-0.38715792,-0.2290616,0.1837728,-0.11153269,9.376771
-0.14955139,7.0001984,6.3062897,-0.009396672,-0.21430969,-0.15789604,0.029458523,-0.016388655,9.542431
-0.13040161,6.994217,6.908081,0.03240925,-0.15023041,-0.2120409,-0.06096053,-0.038670063,9.554916
-0.1878357,6.8841553,6.6436768,0.03389448,0.038981915,-0.22337103,-0.16584373,-0.112394094,9.695177
-0.1483612,6.784851,6.476181,0.16013724,-0.03411293,-0.15703964,-0.17436504,0.044925928,9.668637
-0.058624268,6.7178497,6.262024,0.2891171,-0.10261536,-0.09229231,-0.18808436,0.20178151,9.643725
-0.0993042,6.8841553,6.196213,0.29353946,-0.106877804,-0.010896206,-0.1437757,0.2519033,9.690117
-0.19979858,7.0779724,6.3876343,0.1008597,-0.054702282,0.013920307,-0.030240297,0.10259318,9.762844
-0.22132874,7.1234283,6.830307,0.033334196,-0.08116531,0.013971806,0.02769494,0.0608778,9.748159
-0.1040802,7.093521,6.989441,0.04357481,-0.12541485,-0.07766533,-0.0071794987,0.031039953,9.65617
-0.0382843,7.093521,6.9762726,-0.06507611,-0.004858494,-0.085718155,-0.003278017,-0.09617376,9.758216
-0.04067993,6.887741,6.825531,-0.052789927,-0.19018221,0.056709766,0.16406512,0.05405307,9.695597
-0.11605835,6.8004,6.468994,0.13923323,-0.22145557,0.036099434,0.04496336,0.1958251,9.635295
-0.1268158,6.8889313,6.049057,0.30549693,-0.15947056,-0.16286802,-0.20591998,0.18415451,9.544029
-0.124420166,7.0624084,6.251251,-0.04082954,-0.22345495,-0.260314,-0.07474375,-0.09411633,9.48274
-0.15553284,7.0779724,6.8279266,-0.084537625,-0.25999212,-0.392354,-0.035853624,-0.2272563,9.387421
-0.18185425,7.0372925,6.9678955,0.10886967,-0.2470522,-0.36156893,-0.14862251,-0.07483673,9.387209
-0.09211731,7.0001984,6.7214355,-0.17078412,-0.24455357,-0.29105473,0.065526485,-0.24959826,9.479399
-0.07417297,6.9667053,6.6807556,-0.21777952,-0.2616682,-0.24472237,0.12890601,-0.25792742,9.502275
-0.09690857,6.735794,6.4941254,-0.16008162,-0.24030495,0.20906019,0.32160473,-0.14356863,9.751539
-0.16630554,6.6831512,6.3601227,0.028320313,-0.28043938,0.26370287,0.28674746,0.23838949,9.706984
-0.22970581,6.6807556,6.0466614,-0.28192568,-0.28486252,0.1865902,0.43276072,-0.047670126,9.7299
-0.21296692,6.813568,6.3026886,-0.4122188,-0.395257,8.9645386E-5,0.4581554,-0.25020432,9.575038
-0.20817566,6.857834,6.4953156,-1.7181294,0.43305206,-4.6432595,-1.9831209,-4.302988,8.306353
-0.12083435,6.9308167,6.649658,-1.7003834,0.5628147,-2.6076436,-2.2973528,-2.1480649,9.466278
-0.107681274,6.936798,6.4989014,-0.49075317,-0.4044361,-0.3426361,0.296947,-0.5361481,9.424323
-0.07298279,6.908081,6.4654083,-1.0007057,-0.17320728,0.28688717,0.8631828,-0.5569539,10.048384
-0.122039795,6.789627,6.4414825,-0.8057387,-0.060077667,-0.23205662,0.3753693,-0.75146055,9.839501
-0.122039795,6.6604156,6.271591,-0.5188494,-0.27523994,-0.8507571,-0.052954912,-0.88906336,9.281758
-0.16989136,6.653244,5.974884,-0.41939783,-0.37680817,-0.7282424,0.015049219,-0.7178695,9.229891
-0.23091125,6.7609253,5.7846527,-0.21140814,-0.45126152,-0.5071626,0.064058065,-0.392159,9.2170315
-0.275177,6.916458,6.0634155,0.32219172,-0.6785717,-0.184134,0.048906803,0.25719357,9.078892
-0.20578003,7.003784,6.5982056,0.30263317,-0.798666,-0.23884249,0.21679735,0.16345096,8.962385
-0.15553284,7.0361023,6.981064,0.41582894,-0.5845108,-0.15371132,0.17100143,0.31655693,9.167319
-0.07777405,6.9667053,6.8937225,0.3429594,-0.49419212,-0.38807058,-0.17777944,0.15877438,9.131646
-0.07896423,6.9631195,6.5647125,0.4238819,-0.5369816,-0.37057495,-0.19748521,0.25232434,9.09765
-0.10887146,6.9870453,6.2488556,0.2686888,-0.4411664,-0.280509,-0.09591651,0.1701479,9.252253
-0.18304443,7.032501,6.273987,0.07143092,-0.5364013,-0.10695267,0.1781857,0.1557796,9.308403
-0.2033844,7.0624084,6.447464,0.076051116,-0.4055934,-0.12997389,0.094848156,0.11103368,9.399393
-0.07896423,7.075577,6.6137543,0.1319753,-0.28367567,-0.18137074,-0.0342052,0.08724761,9.457361
-0.102890015,7.073181,6.847061,0.13356686,-0.28609657,-0.13301992,-0.0071394444,0.11893988,9.485421
-0.1651001,7.1449738,7.1186523,-0.017534971,-0.34780216,0.16987467,0.28893924,0.20084524,9.644457
-0.19142151,7.1856537,7.1270294,0.1639111,-0.10661173,0.30724669,0.11591816,0.33319998,9.897062
-0.18185425,7.1940155,6.9511566,0.22386122,0.04945278,0.2352109,-0.045779943,0.2830348,9.966897
-0.17468262,7.001404,6.8973083,-0.09326267,0.026060581,0.31497192,0.21528983,0.09755468,10.036253
-0.17468262,6.8350983,6.6101685,-0.3662963,-0.14134645,0.48931837,0.57605577,0.048633814,10.050329
-0.18185425,6.78006,6.2727814,-0.109746814,-0.1547718,0.4070816,0.37215042,0.199996,9.959032
-0.28115845,6.98584,6.604187,0.18061018,-0.0010304451,-0.017798424,-0.1269157,0.12563777,9.774315
-0.30508423,7.0612183,6.7094727,0.12007487,-0.06508827,-0.13427305,-0.056699276,0.107538775,9.658651
-0.20578003,7.0492554,6.8039856,0.12103248,-0.14815617,-0.2013588,-0.10852575,0.029326677,9.552668
-0.1758728,6.9475555,6.8075867,0.22561038,-0.061560154,-0.32062626,-0.28773355,0.009151697,9.53349
-0.13998413,6.916458,6.685547,0.115700364,-0.2355814,-0.31361246,-0.12098026,-0.008614302,9.416103
-0.061019897,6.735794,6.254837,0.08256054,-0.33963585,-0.33306265,-0.055673838,-0.008806467,9.327148
-0.114852905,6.6017914,6.5371857,-0.2397362,-0.24684191,-0.2992034,0.12470579,-0.2639556,9.456361
-0.33499146,6.6640167,6.8482513,-0.27439928,-0.13680792,-0.3122611,0.08145666,-0.33601236,9.5383625
-0.34934998,6.8027954,6.5072784,-0.14302778,-0.111308575,-0.31125355,-0.017868757,-0.24670362,9.544844
-0.25483704,6.7992096,6.2165527,-0.013736725,-0.13216686,-0.3946972,-0.13819623,-0.1908691,9.463265
-0.29312134,6.7417755,6.477371,0.009519339,-0.22378731,-0.59527683,-0.21677232,-0.2581072,9.2672825
-0.2368927,6.8231354,6.448654,0.05484426,-0.24352884,-0.5740986,-0.30630016,-0.011374176,9.260798
-0.1758728,6.806381,6.2883453,0.09261608,-0.24465227,-0.50901556,-0.21492028,-0.14132309,9.29541
-0.1651001,6.7537384,6.4378967,0.0012683868,-0.27534914,-0.32999706,-0.040766716,-0.096708536,9.389874
-0.25125122,6.5886383,6.7130585,-0.09254396,-0.35451412,-0.32068062,0.06674242,-0.13542557,9.34374
-0.21655273,6.661621,6.4211426,-0.040917158,-0.45306826,-0.27083778,0.11185956,-0.035562754,9.290395
-0.18424988,6.7010956,6.28714,0.020068645,-0.44631338,-0.247221,0.08181095,0.021563292,9.303103
-0.17945862,6.940384,6.2703857,-0.078579664,-0.46754265,-0.198627,0.18444777,-0.017439127,9.327173
-0.20458984,7.0205383,6.4869385,-0.05032432,-0.5881839,-0.24294758,0.20470476,0.018190622,9.202264
-0.24885559,7.009781,6.567108,0.16152012,-0.44439888,-0.29476213,-0.037047863,0.09947491,9.259662
-0.11126709,6.7621155,6.7010956,0.03048563,-0.2863598,-0.32579517,-0.050838947,-0.06916237,9.380382
-0.15194702,6.6149597,6.6795654,-0.1945076,-0.33368206,-0.25354815,0.019769192,-0.2413283,9.413162
-0.1878357,6.6149597,6.2811584,-0.13922632,-0.33949423,-0.25379467,0.12760329,-0.13843298,9.402167
-0.35414124,6.8039856,6.1280212,0.014243841,-0.20336628,-0.3017335,-0.06975865,-0.095856905,9.462341
-0.30867004,6.9882355,6.3421783,-0.10344875,-0.12014246,-0.28834772,-0.02941227,-0.20395279,9.550098
-0.2141571,7.0624084,6.8530426,-0.20920837,-0.2836337,-0.30336905,0.11633921,-0.23910141,9.425148
-0.17347717,7.0289154,7.0133667,-0.11091626,-0.35019064,-0.3067789,0.085648775,-0.14566207,9.358882
-0.1040802,6.6831512,7.2227325,0.13762522,-0.33495998,-0.33273506,-0.09816122,0.021185398,9.325228
-0.19262695,6.571884,6.705887,0.056572795,-0.23923826,-0.2492919,-0.049547434,-0.022864103,9.460812
-0.16870117,6.57428,6.4079742,-0.01041472,-0.16208315,-0.17062998,-0.0027608871,-0.052992344,9.577133
-0.13279724,6.8039856,5.8827515,0.13339782,-0.156044,-0.23262453,-0.1336801,0.017363787,9.527209
-0.22851563,6.9260254,6.4342957,0.17171729,-0.17189407,-0.37969208,-0.20156956,0.11940259,9.421536
-0.16390991,6.8889313,7.12941,-0.051526785,-0.19965458,-0.3785329,-0.071659565,-0.19140363,9.427134
-0.16630554,6.8733826,7.289734,-0.18372297,-0.24593115,-0.19241619,0.14128757,-0.1685803,9.518764
-0.16630554,6.829117,7.338791,-0.26728725,-0.1973648,-0.0950017,0.22425842,-0.19110847,9.626077
-0.2632141,6.8004,7.5146637,-0.21140873,-0.070643425,-0.17513037,0.07744694,-0.23646355,9.67085
-0.2679901,6.7286224,7.245468,-0.176041,-0.013358116,-0.30564785,-0.04744363,-0.30361223,9.632988
-0.2524414,6.6891327,6.6101685,-0.16933167,-0.17073059,-0.2759633,0.04688263,-0.23016477,9.5259285
-0.25483704,6.7214355,6.1172485,-0.09642446,-0.1508441,-0.3214569,-0.0358119,-0.20783329,9.505138
-0.15553284,6.886551,6.2404785,-0.124596,-0.10283804,-0.36334562,-0.06505036,-0.2682147,9.520382
-0.12083435,6.88295,6.7585297,-0.22530878,-0.039049625,-0.48006296,-0.09595442,-0.4313333,9.510859
-0.10169983,6.8350983,6.957138,-0.14687395,-0.09871435,-0.12675905,-0.037187576,-0.16370669,9.668081
-0.18902588,6.9678955,6.845871,-0.048512697,-0.15841246,-0.07559252,0.07361388,-0.02365303,9.641774
-0.2596283,6.8685913,6.945175,-0.26293302,-0.17923641,-0.2707467,0.12224078,-0.28408575,9.525731
-0.22970581,6.652054,7.055237,-0.18787038,-0.31892633,-0.40206003,0.078672886,-0.2447846,9.324412
-0.18185425,6.685547,6.2859497,0.047468185,-0.4315524,-0.17081404,0.103891134,0.107596874,9.364725
-0.100494385,6.887741,5.531006,0.16295236,-0.5458455,-0.08533478,0.2923751,0.14153367,9.330975
-0.22132874,7.0121613,5.827713,0.37885344,-0.5323367,0.047742844,0.039707184,0.5292399,9.422567
-0.2907257,6.8733826,6.5850525,0.39897597,-0.48501015,-0.14111376,-0.09418845,0.43133116,9.338235
-0.2871399,6.8721924,6.5850525,0.29915088,-0.41235542,-0.2500596,-0.11961913,0.27354026,9.324026
-0.26679993,6.866211,6.448654,0.28717765,-0.60267115,-0.039634705,0.08813238,0.47082877,9.339952
-0.3026886,6.744171,6.7286224,0.29813796,-0.49351025,-0.05737734,0.30596876,0.2938676,9.41199
-0.23449707,6.756134,6.6376953,0.29215264,-0.49254274,0.022022724,0.054718733,0.46340013,9.47393
-0.25602722,6.878174,6.2656097,0.10873969,-0.58918476,-0.051318645,0.20256424,0.3523159,9.363437
-0.23568726,6.875778,6.315857,0.07621677,-0.5409045,-0.07893181,0.18722129,0.2940905,9.378777
-0.26200867,6.8614197,6.6676025,0.18103881,-0.3290944,-0.33151913,-0.11473131,0.13203263,9.337196
-0.28355408,6.8745728,6.4366913,0.31749436,-0.28906965,-0.5028329,-0.3143165,0.12086582,9.237615
-0.23330688,6.9056854,6.3469543,0.31255445,-0.3221717,-0.6024976,-0.34069657,0.085743904,9.142526
-0.20219421,6.7836456,6.3840485,0.36012554,-0.34613037,-0.5252733,-0.32826972,0.17045832,9.183279
-0.25125122,6.727417,6.522827,0.3247517,-0.27537966,-0.31602764,-0.24222255,0.21296859,9.385766
-0.29312134,6.808777,6.563507,0.1419102,-0.20331764,0.10269737,0.046734095,0.25695872,9.744911
-0.33021545,6.8638153,6.801605,-0.26639903,-0.38643026,-0.23770666,0.118917465,-0.2724242,9.372548
-0.3517456,6.850647,6.9308167,0.17641182,-0.44298935,-1.0088391,-0.36582875,-0.14644265,8.762696
-0.30867004,6.8925323,6.84227,0.42713073,-0.46584034,-0.76789856,-0.42662787,0.15611672,8.921929
-0.24645996,7.0384827,6.623337,0.31491712,-0.41955423,-0.030387878,-0.028749943,0.4237523,9.497249
-0.23449707,6.916458,6.7118683,0.11413918,-0.4616723,0.33777952,0.30874062,0.49086022,9.74341
-0.13160706,6.9092712,6.55513,0.25053748,-0.32048273,0.043468,0.0017266273,0.36403394,9.619986
-0.18185425,6.981064,6.2440643,0.25053748,-0.32048273,0.043468,0.0017266273,0.36403394,9.619986
-0.24406433,7.0779724,6.4259186,-0.14126262,-0.013642788,-0.38276196,-0.2570243,-0.13068952,9.517674
-0.34576416,7.1066895,6.6173553,-0.28185427,-0.22092056,-0.09997511,0.2722578,-0.12771678,9.588002
-0.2871399,7.2107697,6.49292,-0.09548189,-0.32120466,-0.0802536,0.19732356,0.06105256,9.530849
-0.275177,7.124634,6.604187,0.012516692,-0.26677895,-0.3126173,-0.015062571,-0.011599541,9.395924
-0.33380127,7.0420837,6.9176483,0.015792295,-0.17376804,-0.4764328,-0.14186549,-0.13961005,9.339943
-0.32781982,7.0372925,6.90329,0.031551182,-0.13377953,-0.485929,-0.23618746,0.033347398,9.36154
-0.34457397,6.952347,6.705887,0.20575199,-0.106808186,-0.41307068,-0.28522754,-0.013852358,9.428732
-0.3864441,6.961914,6.5898285,0.17012528,-0.18518591,-0.3225336,-0.17768979,0.046702385,9.44126
-0.275177,7.0911255,5.9689026,0.110907584,-0.18591976,-0.25106335,-0.10123038,0.04195428,9.493774
-0.22851563,7.0588226,6.139984,-0.04921004,-0.18924236,-0.097607136,0.087231636,0.008987665,9.606472
-0.2596283,6.9643097,6.6831512,-0.012680799,-0.11266184,-0.21545935,-0.034546614,-0.06401563,9.574306
-0.35055542,7.064804,6.8937225,-0.059672534,-0.1464634,-0.27952576,-0.014731646,-0.11434293,9.506891
-0.4019928,7.0049896,6.973877,-0.038642973,-0.19825792,-0.5786743,-0.25805855,-0.09252566,9.258464
-0.34457397,6.8530426,7.0420837,0.083070815,-0.08048868,-0.5151057,-0.31418228,0.022141516,9.382961
-0.33259583,6.607773,6.5395813,-0.043432593,-0.24347544,-0.17603636,0.07184243,-0.008038521,9.511812
-0.3098755,6.6843567,5.703293,-0.056969106,-0.34746695,-0.11165714,0.16723275,0.06370497,9.483507
-0.27876282,6.9355927,5.682953,0.15484425,-0.202497,0.009510517,0.0017354488,0.2095077,9.661133
-0.2859497,6.982254,6.118454,-0.015150011,-0.2954836,-0.19526815,0.0703361,0.022694588,9.459942
-0.35653687,6.849457,7.097107,0.0028799772,-0.29944372,-0.28662062,0.005797386,-0.020472884,9.392677
-0.32063293,6.7286224,7.02652,-0.007437408,-0.31071854,-0.25350857,0.044493437,-0.0013656616,9.408045
-0.3146515,6.6879425,6.7872467,0.10887247,-0.33170986,-0.15217257,0.023917913,0.14340734,9.454651
-0.27038574,6.6460724,5.9114685,0.19880068,-0.37745523,0.013995647,0.066919565,0.3171575,9.52894
-0.23330688,6.6987,5.416153,0.14978194,-0.34095383,0.06929922,0.10943556,0.295362,9.596241
-0.22013855,6.887741,5.4723816,-0.09919006,-0.34928226,0.08573532,0.32122898,-0.02700162,9.618846
-0.2715912,6.9834595,6.238083,-0.37133652,-0.31733847,-0.09344721,0.37940764,-0.18139243,9.541182
-0.28953552,6.90329,7.0695953,-0.28173286,-0.27098894,-0.34329987,0.1696744,-0.27643442,9.399885
-0.25483704,6.8410797,6.9978027,-0.16071057,-0.21428347,-0.50644684,-0.026256561,-0.30520558,9.322508
-0.21534729,6.7872467,6.4833527,-0.13085902,-0.30427313,-0.7935748,-0.14339566,-0.40654683,9.062591
-0.17468262,6.896118,5.7140656,-0.4007582,-0.39559698,-1.012033,-0.3309381,-0.6038872,8.875461
-0.21296692,6.9667053,5.761917,-0.097524285,-0.15536833,-0.72451353,-0.21256447,-0.40948176,9.218679
-0.36131287,7.0588226,6.5898285,-0.33994365,-0.03157568,-0.043094635,0.2278347,-0.2570362,9.785688
-0.36489868,7.043274,6.8638153,-0.40768653,-0.059932232,0.11462021,0.36849117,-0.20578861,9.8759575
-0.31225586,7.075577,6.772888,0.051326096,-0.07531738,-0.14052248,-0.06508398,-0.009997129,9.652645
-0.26081848,7.104294,6.619751,0.17410117,-0.35647392,-0.36937952,-0.08010578,0.10943174,9.281833
-0.23091125,7.0959167,6.5371857,0.21936506,-0.4923091,-0.42473555,-0.107723475,0.12644792,9.140844
-0.25483704,7.1102753,6.3146515,0.25830245,-0.52226305,-0.5146222,-0.16726756,0.11508131,9.056253
-0.3014984,7.134201,6.385254,0.3190173,-0.30197334,-0.5027528,-0.31861615,0.069300175,9.224069
-0.37806702,7.1653137,7.1210327,0.14913803,-0.37626314,-0.42251205,-0.122475386,0.025881052,9.235107
-0.3792572,7.1593323,7.135391,0.037423015,-0.60152864,-0.3344369,0.11416936,0.09429145,9.133479
-0.33021545,7.1150513,6.817154,0.23385888,-0.46588802,-0.27643967,-0.06566858,0.20702314,9.258025
-0.21534729,7.0001984,6.4342957,0.12723583,-0.22570992,-0.23018408,-0.0887599,0.05543399,9.476245
-0.36489868,7.068405,6.419937,-0.015610278,-0.14315939,-0.19438934,-0.010959148,-0.05959463,9.572441
-0.34336853,7.10907,6.4091797,0.0013847947,-0.1405015,-0.10525179,0.018980265,0.0020763874,9.6321335
-0.3098755,7.009781,6.600601,0.10118908,-0.055978775,-0.11411238,-0.09934187,0.029482365,9.681525
-0.3744812,6.9272156,6.723831,-0.06865537,0.033917427,-0.10153437,-0.01692009,-0.12054825,9.76984
-0.36489868,6.9762726,6.6795654,-0.1666975,-0.1347394,-0.040424824,0.16781402,-0.0796659,9.692331
-0.27397156,6.912857,6.5599213,-0.14305556,-0.16310883,-0.024101734,0.1731515,-0.041142702,9.680254
-0.2644043,6.886551,6.570694,-0.10194945,-0.17466116,-0.15954971,0.084261894,-0.08516717,9.578609
-0.21176147,6.8817596,6.4857483,-0.11834681,-0.28884077,-0.19000387,0.09316635,-0.12078357,9.474585
-0.27038574,6.8733826,6.459427,-9.88245E-5,-0.32859325,-0.075817585,0.12792897,0.10150647,9.511604
-0.32302856,6.8004,6.7202454,0.19861096,-0.18916416,-0.11245775,-0.10344052,0.15542316,9.576391
-0.26081848,6.7788696,6.6053925,0.1015439,-0.23973942,-0.18423796,-0.04272151,0.069909334,9.498401
-0.25602722,6.784851,6.3517456,0.10776466,-0.27569294,-0.1631031,-0.0197649,0.102422,9.485182
-0.2368927,6.82193,6.3601227,0.20448542,-0.22276068,-0.23465109,-0.15089321,0.10320401,9.47038
-0.27757263,6.84227,6.399597,-0.05494213,-0.30137253,-0.27758455,0.056212187,-0.06323624,9.402004
-0.23210144,6.8123627,6.538391,-0.17672837,-0.3934903,-0.297894,0.18086672,-0.11697793,9.328726
-0.24765015,6.8004,6.5527496,-0.14347231,-0.4650774,-0.2481761,0.2158525,-0.033715725,9.305906
-0.25602722,6.830307,6.5072784,0.051188886,-0.18044662,-0.3353839,-0.13296366,-0.015803576,9.446465
-0.28953552,6.73938,6.5240326,0.023457408,-0.16212511,-0.45327663,-0.15281677,-0.17551517,9.384588
-0.23330688,6.7501526,6.418747,-0.16161239,-0.30665636,-0.50597954,0.028179884,-0.26769662,9.255546
-0.20817566,6.8243256,6.16391,-0.033947945,-0.24870634,-0.33594656,-0.012599945,-0.107295275,9.401438
-0.17945862,6.978668,6.0107727,0.09183979,-0.11109209,-0.24047041,-0.1266706,-0.027822733,9.55809
-0.19142151,6.875778,6.5491486,-0.08331442,-0.1371975,-0.15407372,0.055550337,-0.08344579,9.608021
-0.22132874,6.866211,6.6807556,-0.21401912,-0.33925676,-0.22558308,0.21680069,-0.12085414,9.419122
-0.2632141,6.806381,6.6089783,-0.10754895,-0.4467926,-0.4041214,0.10795593,-0.10162711,9.2129135
-0.44148254,6.845871,6.8949127,0.20917189,-0.3251562,-0.62053967,-0.2871971,-0.06895161,9.137836
-0.4737854,6.8434753,6.9044952,0.20073521,-0.492177,-0.57171106,-0.17899513,0.034743547,9.047611
-0.2679901,6.9260254,6.209381,0.058424354,-0.5891547,-0.69110394,-0.10790682,-0.017798543,8.903223
-0.19023132,6.9152527,6.0849457,0.13616714,-0.5215955,-0.7012615,-0.1734047,-0.055783987,8.941093
-0.14237976,6.8733826,6.201004,0.27605465,-0.30329323,-0.2822423,-0.18913174,0.17589211,9.381039
-0.26081848,6.857834,6.632904,0.12538165,-0.40381765,-0.15195322,0.03153181,0.20419765,9.407666
-0.33857727,6.8685913,6.8769684,-0.28845975,-0.5174122,0.13633156,0.52862144,0.15606737,9.550304
-0.42352295,6.829117,6.9272156,-0.055970848,-0.27198982,-0.15521288,0.10261631,-0.0393281,9.508112
-0.47616577,6.809967,6.7453613,0.25631762,-0.11290407,-0.12877035,-0.1955781,0.1568675,9.627292
-0.35772705,6.8566284,6.3625183,-0.1269013,-0.37157917,-0.024913788,0.26724267,0.10522771,9.537756
-0.24047852,6.825531,6.20459,0.06477764,-0.28262615,0.17437696,0.16160679,0.28978872,9.7404175
-0.19621277,6.805191,6.4079742,0.3483826,-0.008868694,0.19119596,-0.18291974,0.32920718,9.933802
-0.25125122,6.855438,6.5886383,0.02411054,-0.044919968,0.1302309,0.05749464,0.109398365,9.872116
-0.29551697,6.817154,6.833908,-0.10882476,-0.32015657,-0.83341646,-0.10919714,-0.33552957,8.979351
-0.37687683,6.772888,6.9260254,0.18131919,-0.45954657,-0.057785988,0.057772636,0.3404343,9.448648
-0.47018433,6.813568,6.6711884,0.1690541,-0.30836058,0.38883734,0.18074608,0.4861753,9.882969
-0.3625183,6.8733826,6.419937,0.09106229,-0.29066992,0.3532009,0.21686268,0.40776682,9.871678
-0.35891724,6.928421,6.4785614,0.32496327,-0.3297429,-0.4364109,-0.272784,0.15852594,9.254161
-0.324234,6.896118,6.6556396,0.46255177,-0.12994432,-0.90899086,-0.6711242,-0.11654663,9.036512
-0.35055542,6.898514,6.777664,0.38613486,-0.13551807,-0.8818469,-0.5999303,-0.15624475,9.057791
-0.38883972,6.866211,6.847061,0.23304227,-0.153409,-0.5161772,-0.32117772,-0.048992872,9.318054
-0.4355011,6.8446655,6.9236298,0.18786511,-0.25340843,-0.0054540634,-0.022338629,0.25287032,9.619308
-0.55274963,6.912857,6.8362885,0.22876352,-0.16619158,0.10624027,-0.045875072,0.29425216,9.756148
-0.44267273,7.0301056,6.43071,0.32237035,-0.24735832,-0.5809393,-0.3660276,0.010399342,9.199596
-0.3672943,7.073181,6.196213,-0.021956086,-0.545908,-0.7799649,-0.045657873,-0.19537663,8.875744
-0.25602722,7.0133667,6.4055786,0.16592324,-0.3919487,-0.64894104,-0.2184453,0.045007586,9.063325
-0.19262695,6.8973083,6.4869385,0.26662403,-0.4831977,-0.55284405,-0.11968279,0.17322242,9.054403
-0.18664551,6.788437,6.661621,0.29244113,-0.51539135,-1.1226134,-0.44519424,-0.21904707,8.638219
-0.3134613,6.8530426,6.6640167,-0.039378047,-0.7155819,-0.93924904,-0.013605356,-0.24044609,8.650019
-0.3026886,7.1485596,6.262024,-0.35208768,-0.5848837,0.07776737,0.5979328,0.078475,9.477378
-0.275177,7.253845,6.106476,-0.32166278,-0.33518887,-0.036298275,0.30816078,-0.26545787,9.579263
-0.19621277,6.911667,6.7178497,-0.47060072,-0.27493286,-0.4658618,0.2924645,-0.45237398,9.333466
-0.20936584,6.7453613,6.715454,-0.3836152,-0.44500923,-0.07578993,0.48877668,-0.092440605,9.48495
-0.21534729,6.5336,6.305084,-0.44843745,-0.45815706,0.03978157,0.5931437,-0.062354803,9.568158
-0.17108154,6.394821,5.929413,-0.13222408,-0.49300003,0.21371078,0.45616126,0.2666099,9.64221
-0.23928833,6.443878,5.885147,-0.05042404,-0.3805127,0.3523078,0.39205885,0.34304333,9.814675
-0.46899414,6.891327,5.83609,-0.0074748397,-0.3716936,0.4096017,0.38006258,0.3982141,9.86109
-0.5132599,7.022934,6.2608185,-0.20199251,-0.50840425,0.5688739,0.662467,0.41845465,9.901131
-0.4355011,6.8123627,7.048065,0.25491655,-0.5494871,-0.14166927,0.06492567,0.3568499,9.301248
-0.28953552,6.726227,6.949951,-0.79401195,0.19511986,-0.04833603,0.4462304,-0.6589904,10.000229
-0.17228699,6.693924,6.1986084,-0.32373238,-0.16661644,-0.7150254,0.005563736,-0.55719113,9.2293
-0.15194702,6.6376953,6.01915,-0.16413593,-0.14009476,-0.82058716,-0.43484735,-0.34182286,9.163225
-0.29551697,6.631714,6.131607,-0.23963964,-0.0045757294,-1.013783,-0.28857183,-0.75830984,9.153277
-0.46180725,6.9188538,6.0394897,-0.030838728,-0.023728848,-1.3162093,-0.5767472,-0.78513837,8.920738
-0.45942688,6.9667053,6.1986084,-0.12662148,-0.015363693,-1.2557054,-0.4900291,-0.82641816,8.988132
-0.46180725,6.961914,6.73938,-0.19551766,0.055145264,-1.1871104,-0.4518149,-0.862252,9.097507
-0.46780396,6.98584,6.8350983,-0.5472002,0.1679759,-0.9463458,-0.6403372,-0.79750466,9.3857355
-0.32661438,6.9595184,6.6676025,-0.2767148,0.016784668,-0.56997633,-0.08463764,-0.5361502,9.479382
-0.3014984,6.9176483,6.6269226,-0.23477948,-0.09187603,-0.1735425,0.13322043,-0.22733665,9.650927
-0.3900299,6.9834595,6.5371857,-0.13863361,0.017374992,0.9348817,0.5200536,0.4226935,10.473284
-0.447464,7.1150513,6.5060883,-0.07111645,-0.21510172,1.0252018,0.6348276,0.6216409,10.366044
-0.5036926,7.179657,6.7657013,0.104658484,-0.1921668,0.4304948,0.22402906,0.40048027,9.957094
-0.41635132,7.130615,6.9762726,0.07577276,-0.062156677,-0.03224182,-0.03646159,0.06257343,9.733169
-0.3517456,7.1270294,7.002594,-0.1475907,-0.02295494,-0.20020342,0.026932955,-0.20389032,9.664893
-0.24885559,7.1389923,6.960724,-0.18033451,-0.1493063,-0.46133852,-0.0046560764,-0.31607604,9.397112
-0.2859497,7.147354,6.7333984,-0.16299653,-0.291749,-0.19952345,0.17492342,-0.08958912,9.470689
-0.30867004,7.113861,6.866211,0.022061288,-0.29737902,-0.06688166,0.10290718,0.11576295,9.543205
-0.43310547,7.1030884,7.2299194,-0.020016909,-0.27152538,-0.16330862,0.075282335,0.021136284,9.498945
-0.4247284,7.073181,6.8697968,-0.046184182,-0.21124744,-0.16504478,0.06285286,-0.025648355,9.54323
-0.32781982,7.196411,6.546768,0.010063529,-0.14704514,-0.23509216,-0.043394327,-0.05796933,9.538792
-0.28115845,7.196411,6.415161,-0.12986797,-0.24817371,-0.37241602,0.04543066,-0.1834724,9.380712
-0.27757263,7.135391,6.4331055,-0.15264046,-0.33609295,-0.47189045,0.05865264,-0.21476388,9.250436
-0.24765015,6.88295,6.5025024,-0.14065564,-0.3114009,-0.5038085,0.021753073,-0.23562574,9.245771
-0.26679993,6.826721,6.468994,-0.01990074,-0.34521008,-0.3705473,0.009511948,-0.06086445,9.303585
-0.3062744,6.448654,5.3407745,0.040042162,-0.74690723,-1.3131227,-0.17404413,0.42269635,8.366233
-0.32901,6.6173553,5.0321045,0.026043683,-0.6167488,-1.5794058,0.0,0.0,0.0
-0.4737854,6.999008,6.0346985,-0.11367172,-0.24595547,-0.5646353,0.0,0.0,0.0
-0.6006012,7.133011,6.4749756,-0.23295403,-0.09019184,-0.14775515,0.0,0.0,0.0
-0.55752563,6.8973083,6.900894,-0.18612888,-0.30960608,0.26065063,0.0,0.0,0.0
-0.5659027,6.727417,7.083954,-0.1892181,-0.45415306,0.41660404,0.0,0.0,0.0
-0.41635132,6.649658,6.530014,-0.036934286,-0.52707386,-0.14238787,0.0,0.0,0.0
-0.34934998,6.924835,5.551346,0.03588748,-0.29006863,-1.0794268,0.0,0.0,0.0
-0.39720154,7.064804,5.8384857,-0.010586292,-0.1616764,-0.77958727,0.0,0.0,0.0
-0.41874695,6.981064,6.6987,-0.03227502,-0.2277031,0.06132841,0.0,0.0,0.0
-0.3529358,7.1808624,6.8004,0.035354167,-0.0022206306,0.13534641,0.0,0.0,0.0
-0.2979126,7.2418823,6.788437,0.08691892,0.06652403,0.11486769,0.0,0.0,0.0
-0.25004578,7.130615,7.014557,0.12852743,-0.03697157,0.33228397,0.0,0.0,0.0
-0.29431152,6.9595184,7.097107,0.073497474,-0.18929958,0.3941598,0.0,0.0,0.0
-0.3014984,6.9092712,6.973877,0.0625774,-0.2320509,0.26274014,0.0,0.0,0.0
-0.3625183,6.9224396,6.2680054,3.1629205E-4,-0.22299147,-0.4388237,0.0,0.0,0.0
-0.30389404,7.071991,6.180664,0.0593248,-0.0881381,-0.5104499,0.0,0.0,0.0
-0.2859497,7.1736755,6.423538,0.0750325,0.012822151,-0.26692152,0.0,0.0,0.0
-0.2871399,7.117447,6.818344,0.0639351,-0.0311265,0.11423826,0.0,0.0,0.0
-0.2679901,7.010971,7.064804,0.07450396,-0.12529469,0.34715557,0.0,0.0,0.0
-0.28953552,6.9236298,6.9643097,0.046855003,-0.2042942,0.23750305,0.0,0.0,0.0
-0.31106567,6.911667,6.796814,0.02150315,-0.21614552,0.06969881,0.0,0.0,0.0
-0.52163696,7.0049896,6.283554,-0.18630338,-0.12926531,-0.43659067,0.0,0.0,0.0
-0.40318298,7.0468597,6.037094,-0.055517137,-0.11582279,-0.6521139,0.0,0.0,0.0
-0.38763428,7.0947266,6.099304,-0.038311034,-0.08791685,-0.5683789,0.0,0.0,0.0
-0.38165283,7.034897,6.504883,-0.032161385,-0.15718889,-0.15260458,0.0,0.0,0.0
-0.3912201,7.039688,6.3912354,-0.04122132,-0.1551609,-0.26323986,0.0,0.0,0.0
-0.36849976,7.00618,6.3338013,-0.018183291,-0.19461584,-0.31422186,0.0,0.0,0.0
-0.43669128,6.7405853,6.57428,-0.085193545,-0.46335602,-0.07027197,0.0,0.0,0.0
-0.38404846,6.693924,6.361313,-0.028954774,-0.50796604,-0.2852702,0.0,0.0,0.0
-0.29193115,6.9750824,5.728424,0.07318506,-0.25091457,-0.89139795,0.0,0.0,0.0
-0.24526978,7.220337,5.7762756,0.11877611,-0.021342754,-0.8264451,0.0,0.0,0.0
-0.42352295,7.0588226,6.9978027,-0.06280479,-0.17259407,0.38366032,0.0,0.0,0.0
-0.4749756,6.9355927,7.080368,-0.11719182,-0.25918913,0.42623472,0.0,0.0,0.0
-0.41874695,6.7178497,6.599411,-0.060276836,-0.47235632,-0.05962944,0.0,0.0,0.0
-0.3900299,6.5359955,5.9856415,-0.028906107,-0.6645632,-0.66206026,0.0,0.0,0.0
-0.4737854,6.6628113,5.720047,-0.09898341,-0.5578065,-0.9051013,0.0,0.0,0.0
-0.40797424,7.1688995,5.5860443,-0.026569098,-0.06579304,-1.023354,0.0,0.0,0.0
-0.49650574,7.1030884,6.9224396,-0.117925644,-0.117136,0.29707718,0.0,0.0,0.0
-0.49531555,6.9308167,7.500305,-0.12330565,-0.24340773,0.8247905,0.0,0.0,0.0
-0.3517456,6.7010956,7.02652,0.016365498,-0.43203926,0.30690145,0.0,0.0,0.0
-0.31585693,6.7908325,6.1423798,0.052209795,-0.35617208,-0.5624871,0.0,0.0,0.0
-0.3625183,6.928421,6.1591187,0.0074005723,-0.22934008,-0.53416204,0.0,0.0,0.0
-0.34336853,7.068405,6.20459,0.026956052,-0.08925581,-0.48877525,0.0,0.0,0.0
-0.28833008,7.1102753,6.1004944,0.08090693,-0.046399117,-0.59398556,0.0,0.0,0.0
-0.29193115,6.990631,6.571884,0.07414627,-0.16150379,-0.12761879,0.0,0.0,0.0
-0.26081848,6.838684,6.969101,0.095954776,-0.2864194,0.24035645,0.0,0.0,0.0
-0.28234863,6.9798584,6.418747,0.06833258,-0.13595915,-0.32013655,0.0,0.0,0.0
-0.3625183,7.176071,6.1004944,-0.0142763555,0.044631004,-0.62198067,0.0,0.0,0.0
-0.3912201,7.244278,6.147156,-0.04212013,0.1037941,-0.56566906,0.0,0.0,0.0
-0.44148254,7.207184,6.6352997,-0.09347972,0.06916332,-0.08020067,0.0,0.0,0.0
-0.40797424,7.0420837,6.7693024,-0.060617983,-0.08972311,0.047169685,0.0,0.0,0.0
-0.33021545,6.9918213,6.4953156,0.015754282,-0.14009333,-0.22677374,0.0,0.0,0.0
-0.28234863,7.031311,5.947357,0.062451452,-0.11803436,-0.75625086,0.0,0.0,0.0
-0.30508423,7.1724854,5.694916,0.03974712,-0.0013012886,-0.98252916,0.0,0.0,0.0
-0.32302856,7.207184,6.0382843,0.022150218,0.018188477,-0.622766,0.0,0.0,0.0
-0.36012268,7.0899353,6.666397,-0.0170227,-0.09543657,0.0013313293,0.0,0.0,0.0
-0.32063293,6.936798,6.9595184,0.021583468,-0.22431803,0.268353,0.0,0.0,0.0
-0.3026886,6.9643097,6.9044952,0.04036507,-0.18806219,0.2040267,0.0,0.0,0.0
-0.2644043,7.031311,6.460617,0.07902083,-0.122730255,-0.23804998,0.0,0.0,0.0
-0.29551697,6.994217,6.3397827,0.04506293,-0.1681304,-0.3501482,0.0,0.0,0.0
-0.3529358,6.9152527,6.386444,-0.013988495,-0.25352812,-0.2966752,0.0,0.0,0.0
-0.42352295,6.796814,6.520447,-0.079907596,-0.36646128,-0.16833496,0.0,0.0,0.0
-0.37088013,6.75972,6.3828583,-0.022793442,-0.4024744,-0.30684996,0.0,0.0,0.0
-0.4091797,6.793228,6.4654083,-0.05342862,-0.36895084,-0.22391224,0.0,0.0,0.0
-0.39720154,6.715454,6.5898285,-0.03672123,-0.44372845,-0.102446556,0.0,0.0,0.0
-0.40678406,6.7824554,6.6053925,-0.042456,-0.36386347,-0.10040951,0.0,0.0,0.0
-0.39601135,6.8949127,6.579071,-0.030117959,-0.24200726,-0.13664818,0.0,0.0,0.0
-0.43310547,6.8350983,6.685547,-0.06703764,-0.29362154,-0.038866043,0.0,0.0,0.0
-0.40318298,6.67717,6.7405853,-0.03719768,-0.43955564,0.0034742355,0.0,0.0,0.0
-0.24406433,6.6687927,6.5025024,0.11912045,-0.4449892,-0.23786783,0.0,0.0,0.0
-0.31106567,6.8327026,6.312271,0.051123112,-0.28526592,-0.42373133,0.0,0.0,0.0
-0.38046265,6.9631195,6.5168457,-0.017787486,-0.15234661,-0.22177362,0.0,0.0,0.0
-0.38883972,7.0073853,6.3601227,-0.02634567,-0.10906124,-0.37747192,0.0,0.0,0.0
-0.38285828,6.855438,6.443878,-0.020916134,-0.26531315,-0.2891965,0.0,0.0,0.0
-0.5048828,6.722641,6.6963196,-0.14230624,-0.39572573,-0.03924179,0.0,0.0,0.0
-0.48812866,6.833908,6.5192413,-0.11961502,-0.27688885,-0.22398901,0.0,0.0,0.0
-0.46899414,7.076767,6.2357025,-0.090949535,-0.037723064,-0.5031028,0.0,0.0,0.0
-0.47737122,7.2215424,6.600601,-0.09713173,0.10674429,-0.13775587,0.0,0.0,0.0
-0.48335266,7.1389923,6.653244,-0.104626805,0.038392544,-0.10015774,0.0,0.0,0.0
-0.37327576,6.949951,6.538391,0.007450044,-0.14769316,-0.2180047,0.0,0.0,0.0
-0.22132874,6.859024,6.386444,0.15877262,-0.2442255,-0.36409283,0.0,0.0,0.0
-0.19023132,7.02652,6.3960114,0.18672305,-0.0816164,-0.34955692,0.0,0.0,0.0
-0.30508423,7.150955,6.6592255,0.07132244,0.043139935,-0.08671093,0.0,0.0,0.0
-0.40678406,7.1736755,6.859024,-0.028669626,0.07768297,0.10074663,0.0,0.0,0.0
-0.34934998,7.0791626,6.727417,0.03043738,-0.0150465965,-0.032638073,0.0,0.0,0.0
-0.27278137,6.9439697,6.5120697,0.104659766,-0.15568304,-0.24239922,0.0,0.0,0.0
-0.27038574,6.86261,6.520447,0.103180856,-0.24565172,-0.22517776,0.0,0.0,0.0
-0.30389404,6.8446655,6.5766754,0.067816526,-0.26374054,-0.16890001,0.0,0.0,0.0
-0.45703125,6.879364,6.669998,-0.08484775,-0.227489,-0.07718754,0.0,0.0,0.0
-0.48214722,6.879364,6.57547,-0.1070869,-0.23113155,-0.16771698,0.0,0.0,0.0
-0.38046265,6.8075867,6.111267,-0.0013425648,-0.31306124,-0.6209707,0.0,0.0,0.0
-0.3481598,6.75972,6.0047913,0.032991618,-0.3846016,-0.7022042,0.0,0.0,0.0
-0.33140564,6.8350983,6.189041,0.05100608,-0.31826448,-0.50823784,0.0,0.0,0.0
-0.37687683,6.879364,6.5575256,0.0057453215,-0.27437973,-0.1393342,0.0,0.0,0.0
-0.36849976,6.8889313,6.78006,0.013145417,-0.25494432,0.07261753,0.0,0.0,0.0
-0.4510498,6.8243256,7.0791626,-0.06794497,-0.29886627,0.34984207,0.0,0.0,0.0
-0.41156006,6.768097,6.6269226,-0.026607782,-0.35472965,-0.10267925,0.0,0.0,0.0
-0.38763428,6.7669067,6.0478516,-0.0015766323,-0.36131096,-0.6759763,0.0,0.0,0.0
-0.38285828,6.8207397,5.699707,0.005211383,-0.32393646,-1.0065131,0.0,0.0,0.0
-0.44386292,6.9152527,6.049057,-0.052970707,-0.2606101,-0.62361765,0.0,0.0,0.0
-0.51924133,6.9427795,6.401993,-0.12220198,-0.23817348,-0.26484013,0.0,0.0,0.0
-0.5790558,6.908081,7.124634,-0.1764597,-0.25513792,0.43908215,0.0,0.0,0.0
-0.57307434,6.8350983,7.1593323,-0.1585885,-0.29195356,0.43596077,0.0,0.0,0.0
-0.5312042,6.855438,6.9595184,-0.108477116,-0.26208353,0.22657156,0.0,0.0,0.0
-0.35533142,6.949951,6.0514526,0.07061809,-0.18110752,-0.66695213,0.0,0.0,0.0
-0.2763672,6.9104767,5.9605255,0.14841568,-0.24867249,-0.7280121,0.0,0.0,0.0
-0.2715912,6.8518524,6.253647,0.14948675,-0.31120777,-0.43093634,0.0,0.0,0.0
-0.2644043,6.878174,6.5036926,0.15044022,-0.27734184,-0.18935537,0.0,0.0,0.0
-0.31825256,6.857834,6.6101685,0.09346774,-0.29093122,-0.09028244,0.0,0.0,0.0
-0.33857727,6.833908,6.8207397,0.0679611,-0.30184317,0.10611677,0.0,0.0,0.0
-0.36849976,6.88295,6.5730896,0.03701058,-0.2511344,-0.14336729,0.0,0.0,0.0
-0.43788147,7.0301056,6.295517,-0.033298522,-0.11239576,-0.41204357,0.0,0.0,0.0
-0.44506836,7.0384827,6.480957,-0.042565614,-0.10768175,-0.222826,0.0,0.0,0.0
-0.55513,6.9678955,6.8434753,-0.15318349,-0.1684475,0.12920475,0.0,0.0,0.0
-0.5204315,6.8973083,6.75972,-0.11621535,-0.23089314,0.036942482,0.0,0.0,0.0
-0.5096741,6.817154,6.619751,-0.09998506,-0.31027508,-0.10351467,0.0,0.0,0.0
-0.34336853,6.7501526,6.1746826,0.06852442,-0.38476467,-0.5405011,0.0,0.0,0.0
-0.24526978,6.912857,5.5956116,0.16568935,-0.2545023,-1.0849924,0.0,0.0,0.0
-0.31106567,7.276581,5.720047,0.098914266,0.08945513,-0.93934727,0.0,0.0,0.0
-0.44506836,7.4656067,6.6352997,-0.03691411,0.27515793,-0.020618916,0.0,0.0,0.0
-0.45703125,7.4452667,7.490738,-0.054731786,0.28633118,0.8005824,0.0,0.0,0.0
-0.39482117,7.0289154,7.3040924,0.006016016,-0.10877371,0.59118605,0.0,0.0,0.0
-0.36489868,6.921234,6.8685913,0.038403124,-0.21635866,0.15573025,0.0,0.0,0.0
-0.28234863,6.8566284,5.802597,0.12364015,-0.31190586,-0.87704945,0.0,0.0,0.0
-0.33021545,7.022934,5.3862457,0.07892504,-0.19967413,-1.2347007,0.0,0.0,0.0
-0.41635132,7.0959167,6.153137,-0.006895393,-0.14369154,-0.44919634,0.0,0.0,0.0
-0.6006012,7.0899353,6.8745728,-0.18730131,-0.12859488,0.2494402,0.0,0.0,0.0
-0.66760254,7.0085754,7.2179565,-0.24985409,-0.18593359,0.56702423,0.0,0.0,0.0
-0.624527,6.8327026,7.0995026,-0.19731328,-0.34143877,0.42720366,0.0,0.0,0.0
-0.48812866,6.7166595,6.501297,-0.056075633,-0.46392155,-0.16375923,0.0,0.0,0.0
-0.33259583,6.6999054,5.6362915,0.10257256,-0.5025773,-1.004888,0.0,0.0,0.0
-0.3409729,6.714264,5.81575,0.09415889,-0.5132632,-0.7981672,0.0,0.0,0.0
-0.4019928,6.644867,6.541977,0.030694872,-0.5765662,-0.07875347,0.0,0.0,0.0
-0.54556274,6.7322083,6.723831,-0.111362845,-0.4619813,0.073606014,0.0,0.0,0.0
-0.58026123,6.8410797,6.5611267,-0.14136794,-0.34824562,-0.09404898,0.0,0.0,0.0
-0.5048828,6.8147583,6.7046814,-0.06359032,-0.36675453,0.04123497,0.0,0.0,0.0
-0.39959717,6.6927185,6.6424713,0.041972935,-0.4793272,-0.031145573,0.0,0.0,0.0
-0.37088013,6.702301,6.480957,0.070153,-0.46530294,-0.1974659,0.0,0.0,0.0
-0.2859497,6.751343,6.317047,0.1477595,-0.41554642,-0.36262226,0.0,0.0,0.0
-0.33857727,6.9846497,6.2033997,0.09145442,-0.18353224,-0.47512054,0.0,0.0,0.0
-0.39840698,7.1808624,6.24646,0.029031485,0.011482716,-0.4309411,0.0,0.0,0.0
-0.40797424,7.1688995,6.731003,0.011888981,0.008435726,0.043562412,0.0,0.0,0.0
-0.40678406,6.981064,6.84227,0.008422971,-0.16755104,0.14187527,0.0,0.0,0.0
-0.279953,6.9678955,6.16391,0.12951353,-0.19148636,-0.5253339,0.0,0.0,0.0
-0.2033844,7.1102753,5.7966156,0.20091522,-0.067691326,-0.87299585,0.0,0.0,0.0
-0.33857727,7.277771,6.2823486,0.060117185,0.08951712,-0.37651253,0.0,0.0,0.0
-0.41156006,7.3220367,6.518051,-0.018264025,0.13760328,-0.14525318,0.0,0.0,0.0
-0.49412537,7.326828,6.57547,-0.103251666,0.14429474,-0.09002447,0.0,0.0,0.0
-0.4175415,7.0085754,6.541977,-0.027394176,-0.17550707,-0.12189007,0.0,0.0,0.0
-0.36968994,6.945175,6.0681915,0.022218794,-0.25132704,-0.5821581,0.0,0.0,0.0
-0.29312134,7.0408783,5.7224426,0.10088384,-0.18295383,-0.8980856,0.0,0.0,0.0
-0.32661438,7.0408783,6.271591,0.06459659,-0.18819427,-0.34337997,0.0,0.0,0.0
-0.4893341,7.00618,7.014557,-0.099363476,-0.20323849,0.37809706,0.0,0.0,0.0
-0.55752563,6.960724,7.133011,-0.16353911,-0.21419859,0.459507,0.0,0.0,0.0
-0.48454285,6.8697968,6.9583282,-0.08709499,-0.29547024,0.27466345,0.0,0.0,0.0
-0.42712402,6.6963196,6.5156555,-0.025316298,-0.47055387,-0.16602564,0.0,0.0,0.0
-0.34934998,6.702301,6.1615143,0.055627257,-0.4701643,-0.51397276,0.0,0.0,0.0
-0.32781982,6.7704926,6.242874,0.077498525,-0.40001917,-0.43469,0.0,0.0,0.0
-0.4857483,6.7609253,6.742981,-0.08002484,-0.39565325,0.050510406,0.0,0.0,0.0
-0.48693848,6.8159485,6.7704926,-0.081215024,-0.34063005,0.078022,0.0,0.0,0.0
-0.4785614,6.8315125,6.8111725,-0.06516352,-0.29199123,0.083975315,0.0,0.0,0.0
-0.4857483,6.788437,6.84227,-0.06655148,-0.31114626,0.090189934,0.0,0.0,0.0
-0.4127655,6.789627,6.5407867,0.011004239,-0.30187893,-0.219491,0.0,0.0,0.0
-0.4127655,6.9188538,6.2823486,0.012754023,-0.17772627,-0.47249174,0.0,0.0,0.0
-0.39482117,6.952347,6.3421783,0.028725803,-0.14924383,-0.40751886,0.0,0.0,0.0
-0.4019928,6.973877,6.275177,0.0194799,-0.13461733,-0.46737862,0.0,0.0,0.0
-0.4127655,6.928421,6.24527,0.009579629,-0.18706703,-0.48985052,0.0,0.0,0.0
-0.49412537,6.830307,6.8697968,-0.0695782,-0.2798381,0.12917566,0.0,0.0,0.0
-0.53359985,6.801605,6.957138,-0.10200563,-0.29482174,0.2025218,0.0,0.0,0.0
-0.48693848,7.068405,6.24527,-0.05029905,-0.041938305,-0.49437046,0.0,0.0,0.0
-0.45703125,7.2514496,6.12204,-0.0147277415,0.10746479,-0.5815587,0.0,0.0,0.0
-0.46540833,7.1736755,6.273987,-0.021798223,0.023819923,-0.42326355,0.0,0.0,0.0
-0.43310547,6.886551,6.423538,0.011036098,-0.26432133,-0.2725916,0.0,0.0,0.0
-0.4247284,6.793228,6.6400757,0.021609575,-0.35516405,-0.058555603,0.0,0.0,0.0
-0.38883972,6.833908,6.866211,0.05948171,-0.30235004,0.15478706,0.0,0.0,0.0
-0.3254242,7.1150513,6.467804,0.12566847,-0.017814636,-0.2470398,0.0,0.0,0.0
-0.4283142,7.335205,6.30748,0.025526285,0.19188404,-0.39605474,0.0,0.0,0.0
-0.46180725,7.176071,7.0612183,-0.010220468,0.041310787,0.34842062,0.0,0.0,0.0
-0.39482117,6.826721,7.1365967,0.053311676,-0.29333067,0.40796947,0.0,0.0,0.0
-0.34336853,6.695114,6.394821,0.105428874,-0.42723942,-0.33132553,0.0,0.0,0.0
-0.3756714,6.7669067,6.3098755,0.07629824,-0.3642745,-0.40669823,0.0,0.0,0.0
-0.5587311,6.8243256,6.381653,-0.09899664,-0.30900574,-0.33210945,0.0,0.0,0.0
-0.5359955,6.875778,6.6388855,-0.07014018,-0.25304413,-0.07924366,0.0,0.0,0.0
-0.5276184,6.71904,6.813568,-0.060131073,-0.40201044,0.087314606,0.0,0.0,0.0
-0.4905243,6.580261,6.7716827,-0.02277109,-0.52250195,0.026139736,0.0,0.0,0.0
-0.43310547,6.582657,6.262024,0.036378145,-0.52551794,-0.47769642,0.0,0.0,0.0
-0.31944275,6.5946198,5.9353943,0.14877251,-0.5306697,-0.78631735,0.0,0.0,0.0
-0.41036987,6.6927185,6.2165527,0.05664417,-0.44091225,-0.49639034,0.0,0.0,0.0
-0.49771118,6.838684,6.6927185,-0.027318567,-0.28673697,-0.028701782,0.0,0.0,0.0
-0.4665985,6.7405853,6.6807556,0.0062240064,-0.37617397,-0.04966545,0.0,0.0,0.0
-0.41156006,6.6388855,6.5407867,0.0583193,-0.47641802,-0.19137907,0.0,0.0,0.0
-0.40318298,6.654434,5.7966156,0.06768125,-0.48423672,-0.910697,0.0,0.0,0.0
-0.45463562,6.891327,5.6434784,0.019602537,-0.2676282,-1.0419421,0.0,0.0,0.0
-0.6616211,7.1413727,6.0765686,-0.18225858,-0.024334908,-0.6012478,0.0,0.0,0.0
-0.7082825,7.2191467,6.6221313,-0.22035754,0.06760311,-0.07023287,0.0,0.0,0.0
-0.6544342,6.9475555,7.071991,-0.16143191,-0.1877737,0.36271286,0.0,0.0,0.0
-0.5395813,6.8111725,7.027725,-0.04217702,-0.298738,0.2918396,0.0,0.0,0.0
-0.40797424,6.7992096,6.501297,0.09064102,-0.31253862,-0.23255825,0.0,0.0,0.0
-0.52163696,7.2502594,5.97847,-0.018191814,0.122205734,-0.73776245,0.0,0.0,0.0
-0.58026123,7.404587,6.241684,-0.06998259,0.26482153,-0.46158075,0.0,0.0,0.0
-0.69869995,7.487137,6.8434753,-0.18477774,0.35772753,0.1294756,0.0,0.0,0.0
-0.47018433,7.2382813,6.994217,0.040026784,0.13369513,0.25367355,0.0,0.0,0.0
-0.29910278,6.949951,6.972687,0.2023111,-0.14256763,0.21878767,0.0,0.0,0.0
-0.22372437,6.788437,6.8039856,0.25944373,-0.2927971,0.036928654,0.0,0.0,0.0
-0.25125122,6.8362885,6.3840485,0.22524413,-0.24681377,-0.38152647,0.0,0.0,0.0
-0.45703125,7.093521,6.22612,0.02051428,-0.0061445236,-0.521997,0.0,0.0,0.0
-0.6029968,7.1270294,6.6687927,-0.12437764,0.0307374,-0.08279657,0.0,0.0,0.0
-0.54437256,7.0253296,7.228714,-0.06247303,-0.04053116,0.4455166,0.0,0.0,0.0
-0.61135864,6.7501526,7.433304,-0.12339905,-0.29543972,0.6294875,0.0,0.0,0.0
-0.5623169,6.5455627,6.9056854,-0.06735325,-0.49133825,0.0933857,0.0,0.0,0.0
-0.56829834,6.538391,6.18544,-0.06490934,-0.5211606,-0.6027641,0.0,0.0,0.0
-0.47018433,6.526428,5.5740814,0.039702833,-0.5661063,-1.1791663,0.0,0.0,0.0
-0.41993713,6.5563354,5.6853485,0.0952121,-0.56971216,-1.032125,0.0,0.0,0.0
-0.52163696,6.78006,6.28714,-0.002897203,-0.34299898,-0.43322706,0.0,0.0,0.0
-0.6077728,6.9834595,6.887741,-0.085896075,-0.120221615,0.14713669,0.0,0.0,0.0
-0.5766754,7.0181427,7.137787,-0.053199768,-0.056106567,0.3664236,0.0,0.0,0.0
-0.47616577,6.583847,6.830307,0.04551965,-0.4805541,0.048532486,0.0,0.0,0.0
-0.38763428,6.418747,6.1411743,0.13084888,-0.6609216,-0.624907,0.0,0.0,0.0
-0.3672943,6.4462585,5.8013916,0.15234178,-0.65685225,-0.9399867,0.0,0.0,0.0
-0.5204315,6.7740784,5.5704956,0.0064485073,-0.36664343,-1.1304655,0.0,0.0,0.0
-0.57547,6.8841553,5.8659973,-0.043807983,-0.26069498,-0.8301835,0.0,0.0,0.0
-0.6999054,6.9308167,6.6711884,-0.16475749,-0.1978569,-0.041934967,0.0,0.0,0.0
-0.58384705,6.818344,6.6592255,-0.045997024,-0.2913742,-0.073753834,0.0,0.0,0.0
-0.53240967,6.84227,6.171097,0.0069842935,-0.27577066,-0.5529599,0.0,0.0,0.0
-0.5276184,6.978668,6.2476654,0.011891663,-0.15367222,-0.46121168,0.0,0.0,0.0
-0.58026123,7.022934,6.5694885,-0.03909421,-0.105920315,-0.14296007,0.0,0.0,0.0
-0.59103394,7.0827484,6.7788696,-0.04861945,-0.037663937,0.05756712,0.0,0.0,0.0
-0.5934143,7.1808624,6.9475555,-0.04806876,0.069805145,0.21659327,0.0,0.0,0.0
-0.4390869,7.076767,6.528824,0.10795593,-0.03588009,-0.20032072,0.0,0.0,0.0
-0.43070984,7.1270294,5.9102783,0.11686748,-0.005730152,-0.79749966,0.0,0.0,0.0
-0.39361572,7.1437683,5.925827,0.15424842,-0.016381264,-0.7526827,0.0,0.0,0.0
-0.6137543,7.1114655,6.777664,-0.06418878,-0.059225082,0.1106143,0.0,0.0,0.0
-0.63768005,7.100708,7.2682037,-0.08325702,-0.06868076,0.6001549,0.0,0.0,0.0
-0.6855469,7.0827484,7.2837524,-0.12200642,-0.0471735,0.5742798,0.0,0.0,0.0
-0.60658264,6.9308167,6.9978027,-0.037103772,-0.19221306,0.28151417,0.0,0.0,0.0
-0.49650574,6.849457,6.325424,0.07358247,-0.28779125,-0.37570143,0.0,0.0,0.0
-0.5084686,6.911667,5.740387,0.06313133,-0.2499938,-0.93451166,0.0,0.0,0.0
-0.6233368,6.9918213,5.8133698,-0.046358287,-0.20062876,-0.8278756,0.0,0.0,0.0
-0.7118683,6.9978027,6.4498596,-0.13093168,-0.19198895,-0.19391918,0.0,0.0,0.0
-0.8063812,6.8566284,7.073181,-0.22071469,-0.31509686,0.41031837,0.0,0.0,0.0
-0.7034912,6.6807556,6.9176483,-0.107943475,-0.47087288,0.23409224,0.0,0.0,0.0
-0.7046814,6.695114,6.4821625,-0.10005492,-0.45952082,-0.19735956,0.0,0.0,0.0
-0.6807556,6.8147583,5.9365997,-0.063204944,-0.3638835,-0.7159281,0.0,0.0,0.0
-0.74894714,6.8614197,5.9689026,-0.12319815,-0.32958126,-0.6694956,0.0,0.0,0.0
-0.8386841,6.891327,6.381653,-0.205235,-0.30325985,-0.2521286,0.0,0.0,0.0
-0.80519104,6.7633057,6.61615,-0.16225493,-0.42012596,-0.028798103,0.0,0.0,0.0
-0.8003998,6.707077,6.6065826,-0.14950329,-0.4691987,-0.045318127,0.0,0.0,0.0
-0.71066284,6.6556396,6.30867,-0.04729551,-0.520329,-0.34232998,0.0,0.0,0.0
-0.653244,6.7250214,6.12204,0.015904307,-0.45671177,-0.52215624,0.0,0.0,0.0
-0.9654999,6.619751,6.1615143,-0.291906,-0.5710387,-0.4724288,0.0,0.0,0.0
-1.0444641,7.124634,6.241684,-0.35469288,-0.068068504,-0.38852262,0.0,0.0,0.0
-1.02771,7.002594,6.912857,-0.32192904,-0.16606474,0.25834084,0.0,0.0,0.0
-1.0456696,6.977478,7.0959167,-0.33154345,-0.17282867,0.4225726,0.0,0.0,0.0
-0.9607239,6.8279266,6.7046814,-0.23937124,-0.3157897,0.025058746,0.0,0.0,0.0
-0.7657013,6.7537384,5.5034943,-0.029445589,-0.42257452,-1.1394601,0.0,0.0,0.0
