-0.3517456,6.0,6.7082825,0.10309088,-0.4751072,-0.62790775,0.035235405,0.007940529,9.013355
-0.32183838,5.8588257,7.520645,0.15523016,-0.5449295,-0.65393305,0.07854462,0.0465705,8.946222
-0.2871399,5.9102783,7.6582336,0.16174316,-0.40085602,-0.5932617,-0.0055980682,0.08124109,9.0771475
-0.4008026,6.04187,7.166504,0.07321,-0.07636452,-0.46895027,-0.2057333,0.056923665,9.375908
-0.4749756,5.9102783,7.261017,-0.13234067,-0.03609705,-0.31502914,-0.17485595,0.14360142,9.548069
-0.5036926,5.885147,7.7156525,-0.23036051,-0.081737995,-0.36473703,-0.19106293,-0.24155293,9.493718
-0.39242554,6.08255,7.512268,-0.03546524,-0.39228582,-0.513082,-0.009232521,-0.11040834,9.169371
-0.46899414,6.193817,7.1234283,0.17354202,-0.4822154,-0.5322571,0.078157425,0.07941009,9.076219
-0.5934143,5.974884,7.5110626,0.18953216,-0.4899726,-0.5581975,0.06838989,0.09521606,9.04913
-0.5742798,5.781067,7.9082794,0.17873812,-0.2700901,-0.52351665,0.10482103,0.10983467,9.210066
-0.5144501,5.893524,7.410568,0.012125254,-0.17690945,-0.3477087,-0.07462168,-0.02127482,9.424126
-0.48095703,6.0155487,6.796814,-0.09903872,-0.25827932,-0.014809608,0.17637062,-0.14666444,9.651348
-0.44386292,5.8995056,7.3782654,-0.13664532,-0.37400723,0.12632656,0.34638357,-0.20723957,9.699033
-0.46540833,5.9234314,7.6426697,-0.026220083,-0.51111364,-0.008112431,0.38836718,-0.12681428,9.498302
-0.48812866,5.9521484,7.515854,-0.101408005,-0.5136237,-0.017293453,0.37337208,-0.20233475,9.499982
-0.43070984,5.9066772,7.537384,0.037956357,-0.4053192,-0.046295166,0.29406977,-0.04506628,9.524942
-0.4737854,5.8013916,7.6127625,0.09902656,-0.17711258,-0.08670521,0.102015495,0.061045133,9.62075
-0.5156555,5.77507,7.3256226,0.025428057,-0.15402079,-0.10517597,0.06103325,-0.00643616,9.628707
-0.39601135,5.79422,7.0420837,9.5939636E-4,-0.16166973,-0.11226463,0.05871296,-0.032187767,9.621561
-0.40438843,5.9126587,7.124634,0.046517134,-0.23368502,-0.3371663,-0.0056626797,0.012963295,9.394032
-0.52282715,5.9641113,7.2502594,0.055583358,-0.24866915,-0.43991804,-0.012672424,0.06307125,9.302354
-0.59461975,5.9306183,7.4285126,-0.026643038,-0.19786406,-0.5258045,-0.17225122,-0.06750065,9.2755165
-0.5395813,5.8743744,7.5684967,-0.046732545,-0.11591339,-0.5125017,-0.2321701,-0.06974781,9.338132
-0.4785614,5.8707886,7.5637054,-0.20718825,-0.056045055,-0.55978537,-0.33548975,-0.21362622,9.358055
-0.44148254,5.8181458,7.479965,-0.029516459,-0.24926853,-0.44417048,-0.10195935,0.05944729,9.310299
-0.42114258,5.810974,7.335205,0.33986664,-0.12368202,-0.26985645,-0.0147128105,0.3071643,9.476403
-0.41156006,5.8349,7.122238,0.051428676,-0.2346406,-0.3310213,-0.01292944,0.0023460314,9.397866
-0.40797424,5.893524,7.112671,-0.009040713,-0.25781822,-0.38715887,-0.039530277,-0.06164886,9.347216
-0.47737122,5.9736786,7.335205,0.39399278,-0.39656305,-0.4026265,0.117079735,0.3090932,9.202204
-0.5276184,6.011963,7.561325,0.26818883,-0.33632135,-0.36744165,0.07279873,0.197802,9.281651
-0.6316986,6.0179443,7.603195,-0.0039532185,-0.32156134,-0.44303608,-0.02543974,-0.06676926,9.2638855
-0.59820557,5.9306183,7.335205,-0.084575176,-0.30664492,-0.38776016,-0.014623642,-0.14291424,9.326125
-0.4630127,5.888733,7.2346954,-0.14599216,-0.24697638,-0.11053753,0.10199404,-0.19070822,9.588118
-0.45942688,5.91626,7.1533356,-0.30962563,-0.3336048,-0.1498251,-0.31497478,-0.22534037,9.524481
-0.4175415,5.9772644,7.022934,-0.21945047,-0.36715508,-0.26589537,0.090022564,-0.28549072,9.401616
-0.4247284,5.991623,7.1940155,0.07418525,-0.38587236,-0.49959183,0.004898548,1.2128055E-4,9.171065
-0.4355011,5.9605255,7.6223297,0.29491687,-0.23469591,-0.5941,-0.14046383,0.24572432,9.162521
-0.49291992,5.9557343,7.8759766,0.2590376,-0.25397873,-0.57952166,-0.12390518,0.2077717,9.167175
-0.5036926,5.947357,7.706085,0.12450755,-0.36326075,-0.4209485,0.040066242,0.057139482,9.241152
-0.4857483,5.9234314,7.1641083,0.06608105,-0.5860629,-0.15863085,0.07236755,-0.36288166,9.32077
-0.53240967,5.909073,6.8398895,0.07927072,-0.6615143,-0.15025043,0.4350891,-0.03652449,9.281462
-0.65682983,5.7966156,7.429718,0.06967056,-0.6969657,-0.35660648,0.33671522,-0.052027937,9.098342
-0.6424713,5.8097687,7.625931,0.0066717863,-0.45993614,-0.5972247,-0.07279801,-0.018272877,9.056564
-0.5886383,5.970093,7.290924,-0.05490899,-0.21379375,-0.734045,-0.28666687,-0.094836414,9.102113
-0.5252228,6.0131683,7.056427,-0.28536916,-0.15870237,-0.6598468,-0.31419754,-0.31372786,9.219389
-0.5168457,5.9641113,7.249054,-0.30189323,-0.26920414,-0.3964486,-0.35519254,-0.022397518,9.366062
-0.5132599,5.7176514,7.4811554,-0.04809463,-0.4008355,-0.28038597,0.14641285,-0.1256668,9.354578
-0.56829834,5.7798615,7.0372925,0.039746523,-0.52331924,-0.094329834,0.3708496,-0.063049525,9.428714
-0.6927185,5.7846527,7.076767,0.10011506,-0.6195102,0.120238304,0.58531,-0.02206996,9.551312
-0.66041565,5.760727,7.692932,0.12544346,-0.53988886,-0.058963776,0.42648268,0.017527241,9.448185
-0.66760254,5.802597,7.831711,0.33580673,-0.31898594,-0.16603851,0.2214508,0.2668394,9.457591
-0.55752563,5.9078827,7.154541,0.3014878,-0.17865229,-0.33360386,0.00946188,0.26008123,9.398765
-0.5144501,5.8504486,6.754944,-0.2730974,-0.13316202,-0.32742977,-0.112856865,-0.29531825,9.491096
-0.5024872,5.7260284,7.1617126,0.0024416447,-0.14781857,-0.28472042,-0.033135414,-0.027071163,9.488703
-0.4857483,5.79422,7.4572296,-0.068520546,-0.48669147,-0.3928318,-0.10149264,-0.21873355,9.2255
-0.5407715,5.95932,7.433304,-0.083137155,-0.5056095,-0.31273365,0.23659849,-0.18008783,9.285167
-0.5539398,5.9736786,7.5421753,0.27333152,-0.12071562,0.2712555,0.2899313,0.24626713,9.941387
-0.5252228,5.860016,7.660614,-0.056803703,-0.22185946,0.42964077,0.4069624,-0.09501407,10.056437
-0.5240326,5.8133698,7.4201355,-0.0022708178,-0.1704073,0.4747572,0.3988948,-0.030433834,10.113888
-0.54914856,5.8420715,6.9152527,0.16076791,-0.18430948,0.24877739,0.21614945,-0.25875998,9.896258
-0.7262268,5.831314,7.105484,-0.027064323,-0.19061184,-0.1535883,0.06511021,-0.061430164,9.577212
-0.8231354,5.929413,7.4237366,-0.040660262,-0.27706623,-0.26243877,0.069344044,-0.090461984,9.440179
-0.830307,5.988037,7.5302124,0.014826775,-0.32907152,-0.28087807,0.102508545,-0.043876126,9.38836
-0.8446655,5.97847,7.628311,0.06170082,-0.21652317,-0.72436047,-0.24728823,0.017225794,9.089754
-0.8661957,5.9569244,7.603195,0.06507254,-0.1774025,-0.8379736,-0.051139355,0.35602045,9.026561
-0.78125,5.9844513,7.3339996,-0.01778078,-0.19516039,-0.842021,-0.36591148,-0.05938737,9.025635
-0.707077,5.9150543,7.1030884,-0.15622258,-0.35330486,-0.5482893,-0.08643818,-0.2194394,9.178777
-0.6699829,5.8815613,7.2873383,-0.18183517,-0.42918968,-0.54965353,-0.034994125,-0.25743106,9.134422
-0.6316986,5.8899384,7.6869354,-0.036335945,-0.49384737,-0.43745422,0.1006484,-0.12307386,9.165328
-0.5922241,5.8947144,7.5469666,0.18915725,-0.5942464,-0.3887596,0.23206997,0.08575666,9.114674
-0.5742798,5.8743744,7.482361,0.22289717,-0.43971062,-0.666307,-0.061478138,0.1411286,8.99222
-0.5539398,5.81456,7.613968,0.25815415,-0.4391446,-0.70667744,-0.090528965,0.17668515,8.958434
-0.60658264,5.904297,7.5266266,0.32195246,-0.55357885,-0.62719727,0.050700665,0.22485766,8.940424
-0.63768005,5.9329987,7.338791,0.11629534,-0.5406842,-0.5887003,0.04138279,0.025823116,9.000391
-0.66041565,5.9365997,7.10907,0.09405136,-0.49935007,-0.62599134,-0.017352104,0.009799011,9.000633
-0.7405853,5.851654,7.475174,0.20497727,-0.333014,-0.73530054,-0.20302296,0.14357942,9.011826
-0.776474,5.7918243,7.7742767,0.053673863,-0.26680517,-0.5300474,-0.13647318,0.0070583,9.226701
-0.79800415,5.8217316,7.6917267,0.037863016,-0.2536726,-0.3517871,-0.032057762,-0.004396878,9.372495
-0.77168274,5.799011,7.4404755,-0.052612066,-0.1862793,-0.098155975,-0.06480682,-0.086788654,9.618581
-0.7465668,5.7846527,7.441681,-0.083961606,-0.22108841,0.122677326,0.23753738,-0.11462892,9.769026
-0.68196106,5.81575,7.4249268,-0.17470872,-0.21385384,0.34149504,0.36245108,-0.20078123,9.952222
-0.5886383,5.9198456,7.191635,-0.049566627,-0.3664112,0.3293786,0.48414612,-0.10008588,9.834749
-0.5814514,5.8456726,7.3088837,0.26001096,-0.41597605,-0.091303825,0.28751373,0.19470006,9.448314
-0.5431671,5.7463684,7.3986053,0.1955105,-0.44895267,-0.1414423,0.27396297,0.12626898,9.39581
-0.5024872,5.8336945,7.2179565,0.165779,-0.33288193,-0.11508179,0.19904518,0.11391731,9.492102
-0.51086426,5.880356,7.12941,-0.15120065,-0.08404398,0.07755995,0.09739733,-0.16102788,9.829552
-0.58384705,5.883957,7.3220367,-0.29560888,-0.020339489,0.236732,0.13252878,-0.2924997,10.008444
-0.5001068,5.703293,7.6247253,-0.29078436,-0.001493454,0.25717115,0.1304698,-0.28449625,10.036289
-0.41156006,5.8133698,7.2323,-0.68049586,0.01803255,-0.083081245,-0.68251586,-0.062217712,9.831211
-0.41993713,5.8408813,6.9068756,-0.37896407,-0.33541727,-0.30506897,0.013103962,-0.43343186,9.405214
-0.45942688,5.69252,7.097107,0.11655235,-0.4148035,-0.41020155,0.065317154,0.040380254,9.216723
-0.48214722,5.6685944,7.361511,0.31023288,-0.35651922,-0.5150175,-0.027619362,0.24144512,9.15126
-0.47976685,5.757126,7.368698,0.3254373,-0.31694794,-0.40523767,0.012982845,0.2652489,9.258875
-0.48812866,5.8133698,7.5673065,0.3083415,-0.3002324,-0.38479376,0.24385929,0.06435919,9.287353
-0.53359985,5.638687,7.811371,0.18750155,-0.36697865,-0.42106247,0.02073431,0.1224965,9.230726
-0.4905243,5.6147614,7.771881,0.23199773,-0.44829893,-0.6013708,-0.0331192,0.15214083,9.037106
-0.5312042,5.803787,7.0707855,0.19953978,-0.49682283,-0.7393203,-0.0918355,0.11084843,8.905251
-0.55752563,5.79303,7.122238,0.124263525,-0.46432114,-1.1619897,-0.4025674,0.033937603,8.615833
-0.6460571,5.696121,7.779068,0.13982975,-0.42080545,-1.2055221,-0.06412959,0.46237063,8.6099825
-0.63290405,5.71286,7.983658,0.10517669,-0.46161366,-1.1327033,-0.38719463,0.012257129,8.6417055
-0.54556274,5.7870483,7.372284,-0.4404955,-0.706676,-0.6815319,0.0337224,-0.56243294,8.889893
-0.47976685,5.81456,7.269394,-0.46334922,-0.8201103,-0.32727146,0.35072803,-0.6075943,9.097989
-0.501297,5.77388,7.3172455,-0.3686608,-0.78194666,-0.15543747,0.4457631,-0.5105417,9.247942
-0.5479584,5.803787,7.360321,-0.019129992,-0.5296836,0.30521345,0.5951128,-0.11484608,9.724574
-0.5898285,5.7678986,7.404587,0.12204206,-0.3805437,0.36698103,0.5381532,0.054007143,9.849741
-0.673584,5.7798615,7.9214325,0.18128526,-0.388875,0.40600634,0.57611465,0.113112986,9.871662
-0.5886383,5.8815613,7.9166565,0.20984924,-0.23767328,0.42804527,0.47457552,0.1706139,9.978162
-0.5659027,5.91626,7.709671,0.08854365,-0.030893326,0.09450674,0.0932641,0.08346705,9.852048
-0.5036926,5.8002014,7.178467,0.094863415,-0.019296646,-0.017058372,0.016407967,0.089723766,9.770006
-0.43788147,5.79303,7.257431,0.22842765,0.042178154,-0.25627995,-0.1632905,0.22706293,9.603141
-0.42114258,5.83609,7.3579254,0.25089598,-0.047911167,-0.35963202,-0.15731621,0.23230094,9.466258
-0.5431671,5.89592,7.500305,0.24305665,-0.061477184,-0.34808826,-0.14283991,0.22258316,9.468901
-0.5479584,5.81456,7.6223297,-0.3300693,-0.21768475,-0.30805683,-0.063130856,-0.36698043,9.471133
-0.49650574,5.740387,7.672592,-0.70015025,-0.10446739,0.07021904,-0.6533146,-0.27217197,9.878458
-0.43788147,5.7846527,7.299301,-0.57804585,-0.4625101,0.10510731,0.35233498,-0.64555395,9.671667
-0.5659027,5.790634,7.122238,-0.43542314,-0.3176155,0.038015366,0.21394491,-0.48278618,9.692357
-0.5778656,5.7583313,7.301697,-0.20353031,-0.2008338,-0.41701078,-0.13474846,-0.24124041,9.383207
-0.5515442,5.77388,7.451248,-0.15252423,-0.19968271,-0.48212528,-0.17370749,-0.19053909,9.328004
-0.53479004,5.781067,7.2921295,0.1210525,-0.21581984,-0.6265297,0.017191648,0.23721218,9.176408
-0.53240967,5.6757813,7.586441,0.20659673,-0.16984987,-0.583776,0.110710025,0.26106215,9.23053
-0.53479004,5.600403,7.775482,0.16416156,-0.23786926,-0.5511551,-0.16483974,0.11866446,9.218391
-0.44506836,5.6578217,7.4189453,0.09238577,-0.28428698,-0.51877975,-0.1188159,0.041962013,9.221321
-0.46061707,5.662613,7.130615,0.09346366,-0.40804005,-0.47555637,-4.8398972E-4,0.02729579,9.17369
-0.44506836,5.5549316,7.512268,0.14483202,-0.5698643,-0.36082888,0.20012903,0.058332257,9.14903
-0.37806702,5.5369873,7.750351,0.1505692,-0.56141615,-0.20182848,0.2999587,0.0684067,9.27379
-0.36012268,5.654236,7.112671,0.114825845,-0.45542955,-0.1977129,0.22103167,0.047886252,9.349985
-0.33140564,5.679367,6.8530426,0.10982078,-0.39984608,-0.10985279,0.23754883,0.052289046,9.4533205
-0.44506836,5.6566315,7.3375854,0.11307418,-0.3433175,0.029029846,0.28716612,0.06571989,9.595198
-0.5132599,5.64946,7.6582336,0.12517458,-0.17587662,0.04427147,0.17286396,0.100766905,9.714317
-0.5886383,5.8205414,7.812561,0.22911155,0.11889553,-0.24141693,-0.22573566,0.23924679,9.677365
-0.5419769,5.8181458,7.380661,0.23844093,0.13699722,-0.3076992,-0.2823534,0.24955788,9.63843
-0.50727844,5.7021027,7.343567,0.19472855,0.12929869,-0.31621552,-0.2865405,0.20503779,9.632055
-0.5120697,5.6638184,7.392624,0.048646092,0.057031155,-0.24046516,-0.1957593,0.052066907,9.656951
-0.5036926,5.748749,7.112671,-0.15787435,0.04136896,-0.16995668,-0.15670109,-0.15340424,9.720436
-0.48812866,5.8349,6.8566284,-0.32658982,-0.049275875,-0.17849874,-0.11116648,-0.3327008,9.672848
-0.5144501,5.8624115,7.204788,-0.39960325,0.02773714,-0.23306274,-0.2129631,-0.39467856,9.689835
-0.51805115,5.7224426,8.000397,-0.34621215,0.0120129585,-0.27370787,-0.39170325,0.12349367,9.644659
-0.50608826,5.6554413,7.795822,-0.15256214,0.043294907,-0.31357956,-0.2541523,-0.1490453,9.615147
-0.48335266,5.6781616,7.483551,0.022985816,-0.087191105,-0.3376894,-0.1567645,0.005684778,9.494307
-0.5204315,5.7595215,6.8853455,0.07415748,-0.17938519,-0.3332863,-0.081635,0.043449037,9.432209
-0.4905243,5.7762756,7.158127,0.26245552,-0.40321445,-0.27532387,0.1384573,0.20167936,9.309233
-0.5252228,5.761917,7.35553,0.38357526,-0.45344496,-0.17902422,0.3785498,-0.14264297,9.3363905
-0.62094116,5.8097687,7.5840454,0.37040627,-0.5378947,-0.16779804,0.37790227,-0.21505356,9.291258
-0.55633545,5.8181458,7.6917267,0.2601365,-0.69015694,-0.1463108,0.4368472,0.1722211,9.21937
-0.5204315,5.79541,7.749161,0.19057202,-0.63979435,-0.17724895,0.21267664,-0.32640886,9.236301
-0.38046265,5.7798615,7.5469666,0.037248135,-0.4998436,-0.30196095,0.17646313,-0.029271528,9.2495
-0.32781982,5.8097687,7.112671,-0.08926469,-0.38212538,-0.37467432,0.030614376,-0.14344995,9.284296
-0.35653687,5.7643127,7.0468597,-0.2508191,-0.37654495,-0.47794008,-0.055646896,-0.3068709,9.2271185
-0.43070984,5.7559357,7.3531494,-0.18805039,-0.36337662,-0.53184843,-0.097797394,-0.24488625,9.189613
-0.44506836,5.8121643,7.573288,-0.06923711,-0.23321581,-0.6091757,-0.23750067,-0.11258736,9.205654
-0.47616577,5.8492584,7.6414795,0.055746675,-0.20348644,-0.7322998,-0.33424044,0.012202993,9.121878
-0.5467529,5.852844,7.5110626,0.12255812,-0.20050621,-0.7816906,-0.3666954,0.07758744,9.081545
-0.49412537,5.8013916,7.4321136,0.10396588,-0.15024376,-0.72444487,-0.36938572,0.06642999,9.160629
-0.4857483,5.8133698,7.442871,0.06894934,-0.20526886,-0.5743513,-0.23078823,0.028061643,9.238567
-0.48095703,5.7966156,7.430908,0.07142472,-0.28483438,-0.28011227,0.027302742,0.027641162,9.402688
-0.40797424,5.7379913,7.348358,0.15139139,-0.34114218,-0.1696372,0.15021753,0.10251059,9.439226
-0.40318298,5.7224426,7.363907,0.23063385,-0.45021963,-0.039033413,0.32565165,0.17050828,9.456948
-0.39601135,5.8420715,7.441681,0.26275074,-0.38849926,-0.031872272,0.2888651,0.21008037,9.501022
-0.44267273,5.873184,7.5792694,0.13532686,-0.3305874,-0.0035991669,0.2556734,0.09100723,9.57435
-0.45224,5.7547455,7.706085,0.11068761,-0.20737791,-0.1720519,0.052437782,0.07670687,9.530561
-0.4402771,5.6853485,7.5708923,0.2975831,-0.14407396,-0.23031044,-0.014590263,0.2681337,9.506239
-0.47018433,5.6602173,7.5170593,-0.07483482,-0.17970085,-0.16832018,0.019553185,-0.10501082,9.572523
-0.46180725,5.6446686,7.585251,-0.40498972,-0.09598303,-0.0049881935,0.025257587,-0.41513634,9.789973
-0.46180725,5.6733856,7.6199493,-0.5689167,-0.101685524,0.28807354,0.19174004,-0.5729588,10.034567
-0.44148254,5.8456726,7.1210327,-0.5351503,-0.08862162,0.35885906,0.22533655,-0.5369187,10.096412
-0.5048828,5.807373,7.281357,-0.6058372,-0.008774757,0.16209984,0.026492596,-0.59482574,10.003811
-0.51086426,5.67218,7.7934265,-0.522774,0.0135650635,0.023377419,-0.068825245,-0.51062536,9.899106
-0.51805115,5.6698,7.811371,-0.30318952,-0.18060875,0.16816092,0.20085144,-0.3297386,9.8679085
-0.5036926,5.7092743,7.593628,-0.16507566,-0.25862026,0.081884384,0.22812033,-0.20938697,9.736239
-0.4857483,5.6398773,7.3124695,0.023985386,-0.25634766,-0.0509243,0.17181873,-0.023713462,9.609677
-0.45703125,5.64946,7.525421,0.29710007,-0.10015488,-0.29614782,0.23866642,0.1424694,9.476888
-0.3098755,5.7355957,7.356735,0.34868145,-0.07863617,-0.38020515,-0.12802982,0.3238254,9.41798
-0.34934998,5.8085785,7.137787,0.47371376,-0.15319872,-0.49996042,-0.13035202,0.43350568,9.265433
-0.4402771,5.765503,7.500305,0.54510176,-0.2214818,-0.58449936,0.44026244,0.25113964,9.1502
-0.39601135,5.67218,7.9657135,0.34579706,-0.5198703,-0.6563425,0.24994636,0.020805359,8.936179
-0.29431152,5.7547455,7.7024994,0.21815705,-0.6769476,-0.5225439,0.2386427,0.099110305,8.962771
-0.3529358,5.8827515,7.0408783,-0.06700909,-0.37611198,-0.38283873,0.056752205,-0.13369656,9.285669
-0.46061707,5.699707,7.368698,-0.11395824,-0.103643894,-0.46903658,-0.21544123,-0.13927424,9.384855
-0.46061707,5.6243286,7.648651,-0.021174788,-0.021950722,-0.46191502,-0.26483822,-0.033287972,9.428434
-0.3756714,5.7678986,7.4117737,-0.45994008,0.029155254,-0.83550787,-0.59452343,-0.46065897,9.219451
-0.36968994,5.9150543,7.124634,-0.6077963,-0.08049631,-1.1376233,-0.7259555,-0.6289636,8.942082
-0.41156006,5.9365997,7.2263184,-0.50505054,-0.11899519,-1.1247749,-0.6796652,0.52704906,8.91523
-0.54556274,5.8336945,7.883148,-0.2216748,-0.29448462,-0.37152672,-0.28894734,-0.036746025,9.371848
-0.46780396,5.6985016,7.795822,-0.011065006,-0.30562925,-0.06330776,0.2021966,-0.084546,9.5841465
-0.37088013,5.741577,7.442871,0.06927669,-0.34634733,-0.057878494,0.2553339,-0.016715772,9.556389
-0.37327576,5.7391815,7.2885437,0.010311365,-0.4280696,0.07380772,0.38573742,-0.09147773,9.628785
-0.4139557,5.724823,7.227524,-0.1258471,-0.29814053,0.0074863434,0.2191,-0.19255996,9.666305
-0.36849976,5.79303,7.207184,-0.13858318,-0.22612524,-0.05388069,-0.1579566,-0.16027594,9.65631
-0.31225586,5.8049927,7.306488,0.46890604,-0.0242095,-0.5387535,0.3954236,0.29548216,9.289886
-0.31225586,5.736786,7.8018036,0.84327674,0.107889175,-0.7424512,0.745592,0.54149103,9.154831
-0.38763428,5.67099,7.7934265,0.15132916,-0.046269417,-0.8600559,-0.44714403,0.123592526,9.0653515
-0.4019928,5.601593,7.5505524,-0.5868982,-0.17849731,0.49442196,0.35219765,-0.6003272,10.175877
-0.41874695,5.6039886,7.257431,0.2625686,-0.2891035,-0.016128063,0.25493145,0.20590207,9.593584
-0.3409729,5.5824585,7.105484,-0.29387498,0.378747,-0.29398346,-0.51279545,-0.22955331,9.830831
-0.43788147,5.6865387,7.199997,1.5162305,-0.64207125,0.25603056,0.8434315,1.392632,9.451742
-0.4737854,5.799011,7.4033966,-0.42132652,-0.123194695,0.06371641,0.09124279,-0.43350995,9.828935
-0.4905243,5.7762756,7.628311,-0.6947694,0.2187233,0.11715746,-0.15947962,-0.65464133,10.1071205
-0.39482117,5.6075745,7.7946167,-0.16196024,-0.19571257,0.06934261,0.17873335,-0.18563595,9.7524605
-0.28833008,5.6243286,7.5146637,-0.124138,-0.31152058,-0.39656973,-0.041598797,-0.17570949,9.319702
-0.33380127,5.654236,7.203598,0.0023180246,-0.4752736,-0.76613855,-0.16629362,-0.08258523,8.924389
-0.36968994,5.647064,7.1892395,0.10283768,-0.4712181,-0.7640457,-0.16925526,0.01741618,8.919273
-0.33021545,5.571686,7.523041,0.34100556,-0.3792963,-0.7495308,-0.2173276,0.26610762,8.967662
-0.32302856,5.67218,7.545761,0.46041703,-0.54929495,-0.62250423,-0.0028715134,0.36450064,8.930094
-0.3529358,5.765503,7.3088837,0.11776197,-0.40349245,-0.3161292,0.07537651,0.051799953,9.288725
-0.44148254,5.7834473,7.2418823,-0.24721408,-0.040547848,-0.15275145,-0.09835434,-0.2547903,9.699411
-0.44148254,5.777466,7.5194397,-0.36684465,0.07412195,-0.56675196,-0.48075008,-0.36887646,9.499914
-0.3397827,5.7260284,7.5888367,-0.34750187,0.083436966,-0.5953336,-0.505672,-0.34938252,9.483589
-0.3014984,5.6865387,7.379471,0.19131649,-0.4707036,-0.7586565,-0.18443537,0.09999226,8.917995
-0.38883972,5.69014,7.3160553,0.14810824,-0.278996,-0.78387594,-0.3395896,0.08388847,9.037315
-0.3625183,5.75235,7.412964,0.07682991,-0.49477148,-0.8722477,-0.2501788,-0.01834555,8.832693
-0.27397156,5.8707886,7.4811554,-0.31097007,-0.82174873,-0.37400007,-0.33934224,-0.4018922,9.009669
-0.3481598,5.91745,7.5086823,-0.09821546,-0.60577345,-0.07961798,0.37551928,-0.17442852,9.34675
-0.4091797,5.8947144,7.4990997,0.15003681,-0.3420949,-0.1499381,0.15468979,0.103600726,9.449776
-0.5312042,5.802597,7.679764,0.11580801,-0.4715724,-0.40491772,0.07322502,0.0471787,9.180422
-0.501297,5.824127,7.721634,0.009709954,-0.4857297,-0.63397884,-0.07758236,-0.06632103,9.014477
-0.43669128,5.831314,7.495514,0.18795061,-0.31705475,-0.40288353,-0.032383442,0.13901705,9.2795925
-0.39242554,5.826523,7.1521454,0.28675056,-0.38049555,-0.17756367,0.2737441,-0.11324167,9.393405
-0.38046265,5.868393,7.032501,0.1332168,-0.39480162,-0.29966164,0.093518734,0.08347607,9.308958
-0.4139557,5.81456,7.4943237,0.0019442439,-0.31659794,-0.5917568,-0.16681528,-0.050386027,9.158539
-0.33499146,5.7511444,8.146362,-0.056598604,-0.2915225,-0.825758,-0.3449564,-0.11469561,9.007956
-0.31704712,5.8097687,8.0686035,0.04889089,-0.13852406,-0.61417913,-0.3072071,0.012990579,9.255061
-0.27757263,5.826523,7.8173523,0.1384213,-0.044713974,-0.57595205,-0.3457632,0.112433806,9.336878
-0.20936584,5.8791656,7.310074,-0.13161528,-0.24327517,-0.05418825,-0.12379646,-0.16956758,9.6186
-0.2141571,5.8492584,7.0181427,-0.3531778,-0.17197561,0.08441162,-0.32262635,-0.23908663,9.79303
-0.2416687,5.8372955,7.064804,-0.26131535,-0.17314291,0.29652166,0.30645323,-0.26922467,9.947342
-0.38883972,5.71167,7.4943237,0.017408907,-0.21507978,0.2958088,0.07834947,-0.346457,9.895499
-0.48214722,5.6638184,7.7515564,0.17881083,-0.1939063,0.24046278,0.31602,0.15994596,9.85074
-0.44386292,5.765503,7.7240295,0.09684956,-0.25414276,0.2521696,0.36324167,0.070860624,9.830983
-0.41874695,5.803787,7.590027,0.025520444,-0.06412649,0.13048458,0.1343708,0.020717502,9.86414
-0.4008026,5.6578217,7.6953125,0.1709621,-0.054419518,-0.1330986,-0.029010773,0.15826672,9.651684
-0.28953552,5.601593,7.5194397,0.13324773,-0.19535637,-0.19660473,0.034292698,0.09950869,9.517695
-0.21057129,5.67218,7.003784,-0.022615433,-0.25516415,-0.46214056,-0.106025696,-0.07147688,9.293968
-0.27397156,5.694916,7.1102753,0.040854216,-0.13996744,-0.7630491,-0.38536978,-0.0011428744,9.132119
-0.28115845,5.674576,7.4117737,0.0364635,-0.13004589,-0.789124,-0.41150665,-0.0038561076,9.119915
-0.32661438,5.617157,7.771881,-0.076755166,-0.24324226,-0.59571457,-0.21081829,-0.12712324,9.20721
-0.33738708,5.6482544,7.458435,-0.16853964,-0.30640793,-0.24856806,-0.19100916,-0.11983156,9.441639
-0.30747986,5.674576,7.3627167,-0.07775557,-0.3611412,-0.14332962,0.17302132,-0.13598154,9.477129
-0.20817566,5.621933,7.540985,-0.022678733,-0.32809114,-0.29521418,0.056832314,-0.08132084,9.375993
-0.27278137,5.56929,7.348358,-0.07863283,-0.32584524,-0.44469738,-0.04695463,-0.1406934,9.269888
-0.26679993,5.749954,6.9391785,-0.08611095,-0.19212627,-0.5930257,-0.24519444,-0.13096175,9.2420845
-0.32063293,5.7272186,7.2095795,0.034653783,-0.15664434,-0.79056406,-0.386559,-0.010462567,9.0987
-0.34695435,5.50589,7.8233337,0.2840985,-0.3405509,-0.7795477,-0.2125392,0.20618924,8.9600725
-0.44865417,5.67218,7.692932,0.47910368,-0.42443943,-0.74686,-0.10453844,0.38813362,8.908923
-0.40797424,5.721237,7.5350037,0.5063151,-0.43787336,-0.7084775,-0.06414032,0.41589147,8.927474
-0.26200867,5.77388,7.361511,0.36452186,-0.4084158,-0.6595144,0.25829935,0.13450527,9.00053
-0.19740295,5.868393,7.2717896,0.25513256,-0.30852556,-0.57533264,-0.101905346,0.19184658,9.140243
-0.2141571,5.81456,7.1593323,0.096505046,-0.022538185,-0.4782915,-0.27671432,0.0825689,9.412703
-0.30389404,5.7714844,7.294525,-0.24457526,0.1272583,-0.3025546,-0.3205862,-0.22412546,9.686054
-0.35533142,5.7021027,7.7611237,-0.27187335,0.10972643,-0.24418926,-0.2746873,-0.25210965,9.72559
-0.35772705,5.7355957,7.767105,-0.024016619,0.111551285,-0.14601612,-0.04665351,0.17567062,9.770532
-0.275177,5.8349,7.4189453,-0.08474457,0.019937992,-0.06929684,-0.07086897,-0.08096787,9.778313
-0.31106567,5.87558,7.356735,-0.25913262,-0.19243717,0.425282,-0.1836325,-0.4441123,10.039223
-0.3098755,5.8827515,7.454834,-0.22542632,-0.24117184,0.5095339,0.48366356,-0.25764257,10.0679865
-0.22732544,5.9066772,7.5134583,-0.088652134,-0.41047716,0.27882147,0.47683573,-0.15840447,9.766304
-0.20698547,5.9306183,7.422531,-0.10706937,-0.4223423,-0.12750244,0.2156105,-0.18514791,9.452637
-0.34695435,5.883957,7.4273224,-0.15026402,-0.43237638,-0.26365328,0.12580967,-0.2317396,9.3489275
-0.41156006,5.8336945,7.208374,-0.08692223,-0.17880678,-0.5320926,-0.17625213,0.11889458,9.279916
-0.34576416,5.8049927,7.174881,-0.019131094,-0.2247777,-0.5520568,0.0,0.0,0.0
-0.19979858,5.7463684,7.208374,0.12295365,-0.29042912,-0.51323795,0.0,0.0,0.0
-0.16151428,5.7152557,7.3986053,0.15585893,-0.32438326,-0.32100725,0.0,0.0,0.0
-0.20219421,5.64946,7.4440765,0.11393392,-0.38507128,-0.2795806,0.0,0.0,0.0
-0.18424988,5.6937256,7.598404,0.13002437,-0.3315673,-0.13253784,0.0,0.0,0.0
-0.13998413,5.67218,7.6450653,0.16848823,-0.35005713,-0.08849096,0.0,0.0,0.0
-0.07298279,5.749954,7.5625153,0.22144538,-0.2747202,-0.16968966,0.0,0.0,0.0
-0.15194702,5.785843,7.235901,0.13142079,-0.24690533,-0.49041986,0.0,0.0,0.0
-0.21534729,5.8097687,6.949951,0.06383407,-0.23708153,-0.765491,0.0,0.0,0.0
-0.41156006,5.720047,7.154541,-0.12857652,-0.33743954,-0.5524149,0.0,0.0,0.0
-0.46180725,5.5453644,7.655838,-0.17999038,-0.49913836,-0.061347485,0.0,0.0,0.0
-0.38523865,5.69252,7.5625153,-0.104825884,-0.33266735,-0.16981125,0.0,0.0,0.0
-0.42114258,5.760727,7.3698883,-0.13450748,-0.26860476,-0.35897923,0.0,0.0,0.0
-0.33380127,5.6889343,7.466797,-0.04183027,-0.34722996,-0.25653505,0.0,0.0,0.0
-0.27876282,5.6267242,7.704895,0.012160003,-0.4038477,-0.022844791,0.0,0.0,0.0
-0.18544006,5.7427673,7.4727783,0.10051638,-0.2783041,-0.26255083,0.0,0.0,0.0
-0.16989136,5.868393,7.1186523,0.112808526,-0.15510607,-0.6149063,0.0,0.0,0.0
-0.26919556,5.7678986,7.3962097,0.0126261115,-0.2595706,-0.33428717,0.0,0.0,0.0
-0.32781982,5.777466,7.660614,-0.047537804,-0.26234055,-0.060303688,0.0,0.0,0.0
-0.2524414,5.7834473,7.885544,0.029848695,-0.25478268,0.16346645,0.0,0.0,0.0
-0.2715912,5.868393,7.479965,0.008014381,-0.15253639,-0.2557068,0.0,0.0,0.0
-0.27397156,5.83609,7.3363953,0.009813249,-0.20083284,-0.38664913,0.0,0.0,0.0
-0.31106567,5.7762756,7.532608,-0.024570495,-0.26149654,-0.189672,0.0,0.0,0.0
-0.22732544,5.8456726,7.5637054,0.053962797,-0.18912888,-0.16108799,0.0,0.0,0.0
-0.2596283,5.8899384,7.3914337,0.020222336,-0.15123749,-0.3284278,0.0,0.0,0.0
-0.31944275,5.8336945,7.523041,-0.03553599,-0.21320677,-0.19218874,0.0,0.0,0.0
-0.27757263,5.8289185,7.7479553,0.0052109957,-0.21121788,0.027386665,0.0,0.0,0.0
-0.31704712,5.8576355,7.6534424,-0.03948167,-0.17836809,-0.07054663,0.0,0.0,0.0
-0.3409729,5.873184,7.451248,-0.063751966,-0.17081833,-0.2664957,0.0,0.0,0.0
-0.45703125,5.863617,7.4321136,-0.17861012,-0.18791294,-0.27968645,0.0,0.0,0.0
-0.47018433,5.827713,7.414154,-0.18675861,-0.22803259,-0.2941532,0.0,0.0,0.0
-0.45822144,5.8253326,7.421341,-0.1706627,-0.23417759,-0.28385448,0.0,0.0,0.0
-0.4091797,5.8659973,7.4775696,-0.11815512,-0.19762087,-0.22426319,0.0,0.0,0.0
-0.45942688,5.864807,7.540985,-0.16254234,-0.19996262,-0.1597166,0.0,0.0,0.0
-0.36610413,5.848053,7.507477,-0.06386724,-0.2163496,-0.19330645,0.0,0.0,0.0
-0.2033844,5.822937,7.3531494,0.096337736,-0.24593925,-0.3442068,0.0,0.0,0.0
-0.102890015,5.8791656,7.351944,0.19019109,-0.19443321,-0.3419423,0.0,0.0,0.0
-0.19621277,5.8121643,7.4775696,0.09020752,-0.2618723,-0.21622229,0.0,0.0,0.0
-0.26200867,5.7882385,7.6127625,0.022278696,-0.28005075,-0.08564234,0.0,0.0,0.0
-0.18902588,5.8420715,7.3531494,0.09037426,-0.22537279,-0.34610033,0.0,0.0,0.0
-0.1375885,5.864807,7.2885437,0.13622501,-0.20804548,-0.40664148,0.0,0.0,0.0
-0.15074158,5.760727,7.286148,0.11313149,-0.324893,-0.39929152,0.0,0.0,0.0
-0.1651001,5.7475586,7.270584,0.09020391,-0.34132338,-0.41256142,0.0,0.0,0.0
-0.19262695,5.736786,7.227524,0.057050154,-0.35607815,-0.45264912,0.0,0.0,0.0
-0.18424988,5.8707886,7.1641083,0.061871707,-0.22528458,-0.5136328,0.0,0.0,0.0
-0.26919556,5.7667084,7.2227325,-0.032644585,-0.33882046,-0.44779205,0.0,0.0,0.0
-0.4402771,5.806183,7.4691925,-0.20493135,-0.29732943,-0.20297432,0.0,0.0,0.0
-0.5252228,5.802597,7.574478,-0.2825437,-0.29414845,-0.102838516,0.0,0.0,0.0
-0.46540833,5.7308044,7.533798,-0.21798027,-0.36287546,-0.14580059,0.0,0.0,0.0
-0.4390869,5.7140656,7.487137,-0.18490893,-0.377954,-0.19355774,0.0,0.0,0.0
-0.41036987,5.7547455,7.401001,-0.15061215,-0.33660126,-0.28004122,0.0,0.0,0.0
-0.23330688,5.827713,7.0863495,0.02872476,-0.27575636,-0.58498573,0.0,0.0,0.0
-0.17945862,5.79541,7.176071,0.07807633,-0.3144269,-0.49034595,0.0,0.0,0.0
0.034698486,5.8743744,7.381851,0.28079113,-0.23634481,-0.2842393,0.0,0.0,0.0
-0.04547119,5.8983,7.4644165,0.19645184,-0.21053791,-0.20330572,0.0,0.0,0.0
-0.059814453,5.8408813,7.643875,0.18040542,-0.26552773,-0.025835037,0.0,0.0,0.0
-0.0657959,5.85524,7.6833496,0.17194454,-0.24843025,0.01138258,0.0,0.0,0.0
-0.10169983,5.91864,7.343567,0.12747885,-0.17741966,-0.3347087,0.0,0.0,0.0
-0.33738708,5.9306183,7.2682037,-0.12169118,-0.16696692,-0.4092517,0.0,0.0,0.0
-0.46540833,5.839691,7.688141,-0.24730182,-0.27155638,0.021624565,0.0,0.0,0.0
-0.49172974,5.803787,7.741974,-0.27050668,-0.3001547,0.06972933,0.0,0.0,0.0
-0.4008026,5.8504486,7.490738,-0.17451397,-0.23815918,-0.19353437,0.0,0.0,0.0
-0.33380127,5.8504486,7.5062866,-0.10355134,-0.24204779,-0.17478514,0.0,0.0,0.0
-0.279953,5.9198456,7.524231,-0.046097085,-0.17641735,-0.15374279,0.0,0.0,0.0
-0.22492981,5.883957,7.3423767,0.013096005,-0.21333551,-0.33465147,0.0,0.0,0.0
-0.122039795,5.91626,7.3459625,0.11025502,-0.19060087,-0.32363224,0.0,0.0,0.0
-0.119644165,5.9533386,7.463211,0.10684021,-0.15838766,-0.20268059,0.0,0.0,0.0
-0.2979126,5.9234314,7.5170593,-0.06478126,-0.19112492,-0.14637566,0.0,0.0,0.0
-0.38165283,5.9078827,7.7563324,-0.1429975,-0.20217752,0.08948183,0.0,0.0,0.0
-0.25483704,5.949753,7.473984,-0.018112183,-0.15964985,-0.19345045,0.0,0.0,0.0
-0.19023132,5.925827,7.076767,0.044534132,-0.20779085,-0.5713706,0.0,0.0,0.0
-0.23449707,5.8384857,7.2143555,0.0025660545,-0.31328344,-0.4191184,0.0,0.0,0.0
-0.21296692,5.8289185,7.473984,0.02136837,-0.32271624,-0.15968275,0.0,0.0,0.0
-0.23091125,5.8612213,7.1856537,0.0034060031,-0.29794788,-0.44193506,0.0,0.0,0.0
-0.14955139,5.95813,7.227524,0.08627544,-0.21435547,-0.38924694,0.0,0.0,0.0
-0.10647583,5.976074,7.3531494,0.12671258,-0.20473242,-0.2569518,0.0,0.0,0.0
-0.18902588,5.913864,7.4165497,0.040784866,-0.26918983,-0.19182873,0.0,0.0,0.0
-0.2644043,5.8911285,7.414154,-0.037667632,-0.289351,-0.1964078,0.0,0.0,0.0
-0.21774292,5.9150543,7.380661,0.008386508,-0.26118374,-0.23336124,0.0,0.0,0.0
-0.26560974,5.904297,7.361511,-0.041375607,-0.27149248,-0.25293112,0.0,0.0,0.0
-0.33738708,5.888733,7.3292084,-0.11339931,-0.28939056,-0.28334713,0.0,0.0,0.0
-0.324234,5.846863,7.2012024,-0.09665434,-0.33308554,-0.40976572,0.0,0.0,0.0
-0.24645996,5.927017,7.269394,-0.016501307,-0.25461674,-0.34013367,0.0,0.0,0.0
-0.24047852,5.9246216,7.326828,-0.01040405,-0.25506783,-0.28427553,0.0,0.0,0.0
-0.2679901,5.93779,7.5385895,-0.03737642,-0.23372221,-0.07913017,0.0,0.0,0.0
-0.20817566,5.929413,7.4847565,0.021276966,-0.23015833,-0.14265585,0.0,0.0,0.0
-0.19262695,5.860016,7.4979095,0.032453388,-0.29555702,-0.1328597,0.0,0.0,0.0
-0.19381714,5.7762756,7.5385895,0.023176596,-0.3690977,-0.10063124,0.0,0.0,0.0
-0.22851563,5.7631073,7.4967194,-0.016922832,-0.37321234,-0.14992666,0.0,0.0,0.0
-0.21057129,5.781067,7.274185,-0.0034873039,-0.3528247,-0.37453222,0.0,0.0,0.0
-0.27757263,5.87558,7.188034,-0.069839135,-0.2624097,-0.45737743,0.0,0.0,0.0
-0.33380127,5.85643,7.462021,-0.123466045,-0.28227806,-0.1827426,0.0,0.0,0.0
-0.41156006,5.844467,7.5673065,-0.19733556,-0.27841806,-0.09002781,0.0,0.0,0.0
-0.34217834,5.7918243,7.7001038,-0.12863764,-0.31734085,0.031799316,0.0,0.0,0.0
-0.24287415,5.8181458,7.404587,-0.028876275,-0.2896557,-0.264791,0.0,0.0,0.0
-0.27038574,5.8372955,7.307678,-0.052715465,-0.281806,-0.35258293,0.0,0.0,0.0
-0.24526978,5.8408813,7.491928,-0.029536933,-0.27837753,-0.16826248,0.0,0.0,0.0
-0.19142151,5.807373,7.4165497,0.021319509,-0.31063986,-0.24471998,0.0,0.0,0.0
-0.21894836,5.81456,7.2550354,-0.00853318,-0.30893278,-0.4019189,0.0,0.0,0.0
-0.18544006,5.824127,7.253845,0.023745283,-0.30912256,-0.39532995,0.0,0.0,0.0
-0.22253418,5.913864,7.35553,-0.014569998,-0.22319365,-0.29062366,0.0,0.0,0.0
-0.2871399,5.9329987,7.380661,-0.07459876,-0.20452023,-0.26499605,0.0,0.0,0.0
-0.31704712,5.89711,7.554138,-0.10162777,-0.2369113,-0.09424496,0.0,0.0,0.0
-0.15553284,5.87677,7.421341,0.058890536,-0.25516033,-0.22874689,0.0,0.0,0.0
-0.15672302,5.893524,7.2598267,0.054486647,-0.24751854,-0.38303757,0.0,0.0,0.0
-0.21774292,5.9521484,7.176071,-0.0059303045,-0.20004702,-0.45780182,0.0,0.0,0.0
-0.17468262,5.986847,7.368698,0.039367124,-0.1706109,-0.26086855,0.0,0.0,0.0
-0.124420166,5.9772644,7.328018,0.08737737,-0.18519545,-0.29757118,0.0,0.0,0.0
-0.16270447,5.949753,7.4572296,0.042344302,-0.21828175,-0.16403627,0.0,0.0,0.0
-0.13639832,5.905487,7.4560394,0.067059726,-0.2627735,-0.16508579,0.0,0.0,0.0
-0.20458984,5.921036,7.2837524,-5.694926E-4,-0.24954462,-0.3354802,0.0,0.0,0.0
-0.3361969,6.008377,7.35553,-0.13045052,-0.16384792,-0.26232386,0.0,0.0,0.0
-0.31944275,5.95932,7.6199493,-0.11271031,-0.20569468,-0.0037140846,0.0,0.0,0.0
-0.34457397,5.8612213,7.4608154,-0.13485524,-0.30049706,-0.16543055,0.0,0.0,0.0
-0.3481598,5.8672028,7.2634125,-0.13316937,-0.29666233,-0.3609519,0.0,0.0,0.0
-0.2859497,5.8983,7.3208466,-0.06704652,-0.2689619,-0.30065918,0.0,0.0,0.0
-0.1651001,5.93898,7.3627167,0.04826477,-0.22959805,-0.2578807,0.0,0.0,0.0
-0.18544006,6.0,7.3328094,0.025960237,-0.16725874,-0.28891087,0.0,0.0,0.0
-0.17826843,5.9772644,7.556534,0.032199353,-0.18281698,-0.07101345,0.0,0.0,0.0
-0.12562561,5.8408813,7.672592,0.08040507,-0.3098197,0.037356853,0.0,0.0,0.0
-0.11126709,5.8372955,7.483551,0.088057116,-0.3064661,-0.15744686,0.0,0.0,0.0
-0.12562561,5.8743744,7.2346954,0.06500971,-0.27310514,-0.40353394,0.0,0.0,0.0
-0.2979126,5.8384857,7.2717896,-0.108112365,-0.31216764,-0.36390448,0.0,0.0,0.0
-0.35891724,5.860016,7.2646027,-0.16673592,-0.29040003,-0.37122345,0.0,0.0,0.0
-0.39840698,5.8707886,7.399811,-0.20150714,-0.27901363,-0.23638916,0.0,0.0,0.0
-0.3756714,5.83609,7.5876465,-0.17472105,-0.30570555,-0.054889202,0.0,0.0,0.0
-0.3254242,5.7643127,7.6426697,-0.1258222,-0.36952734,-0.006287575,0.0,0.0,0.0
-0.24885559,5.888733,7.083954,-0.049238324,-0.24852228,-0.562263,0.0,0.0,0.0
-0.21894836,5.8349,7.0695953,-0.019018322,-0.31633186,-0.5653739,0.0,0.0,0.0
-0.17706299,5.7882385,7.392624,0.019031227,-0.36095667,-0.24408579,0.0,0.0,0.0
-0.18066406,5.8002014,7.421341,0.010727569,-0.33826923,-0.22411108,0.0,0.0,0.0
-0.20578003,5.8384857,7.290924,-0.01324375,-0.2991042,-0.355206,0.0,0.0,0.0
-0.23928833,5.8253326,7.379471,-0.047173753,-0.31063938,-0.26796865,0.0,0.0,0.0
-0.16630554,5.8947144,7.356735,0.021753117,-0.23952484,-0.29219532,0.0,0.0,0.0
-0.24645996,5.9437714,7.25264,-0.060427383,-0.19382572,-0.3936453,0.0,0.0,0.0
-0.3361969,5.904297,7.3208466,-0.14477602,-0.23353386,-0.32511854,0.0,0.0,0.0
-0.28474426,5.748749,7.6115723,-0.09128533,-0.3768654,-0.044131756,0.0,0.0,0.0
-0.18424988,5.8133698,7.4572296,0.0047647953,-0.30847263,-0.20160246,0.0,0.0,0.0
-0.11843872,5.885147,7.1653137,0.0645123,-0.24662447,-0.48571873,0.0,0.0,0.0
-0.13160706,5.8995056,7.1724854,0.04777491,-0.2389226,-0.4732914,0.0,0.0,0.0
-0.19740295,5.9078827,7.5756836,-0.020573303,-0.22830248,-0.0719533,0.0,0.0,0.0
-0.16870117,5.9234314,7.6091766,0.003883645,-0.20020771,-0.04860735,0.0,0.0,0.0
-0.13400269,5.885147,7.647461,0.035422593,-0.23276567,-0.014968872,0.0,0.0,0.0
-0.2033844,5.8815613,7.3052826,-0.034897655,-0.24047327,-0.35387468,0.0,0.0,0.0
-0.25723267,5.913864,7.3005066,-0.085413575,-0.21251965,-0.35509872,0.0,0.0,0.0
-0.28833008,5.99881,7.3866425,-0.11253525,-0.1290536,-0.26768732,0.0,0.0,0.0
-0.26919556,5.9736786,7.495514,-0.09370686,-0.15247965,-0.1601882,0.0,0.0,0.0
-0.27397156,5.9449615,7.523041,-0.09675075,-0.17738962,-0.13566637,0.0,0.0,0.0
-0.30508423,5.971283,7.453644,-0.12218909,-0.14906359,-0.20653152,0.0,0.0,0.0
-0.14117432,5.8863373,7.368698,0.040923357,-0.23583078,-0.29004097,0.0,0.0,0.0
-0.08973694,5.9102783,7.430908,0.08860879,-0.21309805,-0.22695303,0.0,0.0,0.0
-0.17228699,5.9437714,7.512268,0.004566103,-0.17385674,-0.1502204,0.0,0.0,0.0
-0.12921143,5.9844513,7.446457,0.04822184,-0.12892008,-0.21941519,0.0,0.0,0.0
-0.15553284,5.8983,7.363907,0.019335449,-0.2222147,-0.29632187,0.0,0.0,0.0
-0.13040161,5.8791656,7.290924,0.04266545,-0.24808216,-0.36396074,0.0,0.0,0.0
-0.21057129,5.9569244,7.056427,-0.03772457,-0.17662525,-0.5934148,0.0,0.0,0.0
-0.30389404,5.9114685,7.2669983,-0.12509933,-0.22779751,-0.37812042,0.0,0.0,0.0
-0.36012268,5.9521484,7.677368,-0.17419854,-0.1798687,0.026604652,0.0,0.0,0.0
-0.2679901,5.9449615,7.7658997,-0.07439971,-0.16949081,0.101281166,0.0,0.0,0.0
-0.2416687,5.8923187,7.523041,-0.045153707,-0.22155285,-0.1419673,0.0,0.0,0.0
-0.22013855,5.8588257,7.301697,-0.023671597,-0.26394796,-0.35620308,0.0,0.0,0.0
-0.1603241,5.8995056,7.2107697,0.032879263,-0.22787285,-0.44352913,0.0,0.0,0.0
-0.117248535,5.91626,7.134201,0.07465495,-0.21634483,-0.5159445,0.0,0.0,0.0
-0.13040161,5.8791656,7.208374,0.06262717,-0.25958443,-0.4368124,0.0,0.0,0.0
-0.21655273,5.81575,7.5266266,-0.023345053,-0.31680012,-0.123529434,0.0,0.0,0.0
-0.27397156,5.8624115,7.540985,-0.08003895,-0.2590108,-0.118059635,0.0,0.0,0.0
-0.20698547,5.8456726,7.4201355,-0.012573525,-0.2710576,-0.24264479,0.0,0.0,0.0
-0.22013855,5.8336945,7.399811,-0.028822213,-0.28320456,-0.26291275,0.0,0.0,0.0
-0.29193115,5.8456726,7.4153595,-0.099909425,-0.266984,-0.250731,0.0,0.0,0.0
-0.28355408,5.8169556,7.450058,-0.09079854,-0.2931218,-0.21807003,0.0,0.0,0.0
-0.3529358,5.7690887,7.503891,-0.15206192,-0.33549118,-0.16840601,0.0,0.0,0.0
-0.27278137,5.7068787,7.6079865,-0.07236825,-0.3891735,-0.07109976,0.0,0.0,0.0
-0.2632141,5.839691,7.392624,-0.06605321,-0.2513833,-0.2904954,0.0,0.0,0.0
-0.23808289,5.9114685,7.0863495,-0.03858781,-0.18708086,-0.5907779,0.0,0.0,0.0
-0.17945862,5.757126,7.668991,0.019814387,-0.33851433,-0.0104522705,0.0,0.0,0.0
-0.17347717,5.7798615,7.8137665,0.020260647,-0.2996707,0.12142372,0.0,0.0,0.0
-0.08494568,5.913864,7.552948,0.10254358,-0.1594472,-0.14446259,0.0,0.0,0.0
-0.13877869,5.844467,7.1282196,0.045859113,-0.24771595,-0.55433226,0.0,0.0,0.0
-0.1878357,5.7678986,7.2957153,-0.003988549,-0.32554245,-0.38585806,0.0,0.0,0.0
-0.2715912,5.851654,7.6211395,-0.09117925,-0.22787714,-0.07152891,0.0,0.0,0.0
-0.22253418,5.83609,7.3734894,-0.042789444,-0.24515009,-0.31784296,0.0,0.0,0.0
-0.22612,5.806183,7.286148,-0.043852672,-0.28079414,-0.40058565,0.0,0.0,0.0
-0.21296692,5.748749,7.552948,-0.034662917,-0.33045864,-0.14002466,0.0,0.0,0.0
-0.13639832,5.7643127,7.5266266,0.03750302,-0.31088066,-0.1696167,0.0,0.0,0.0
-0.107681274,5.8336945,7.1808624,0.06525001,-0.2574191,-0.5028095,0.0,0.0,0.0
-0.22612,5.929413,7.2753754,-0.045363247,-0.17075825,-0.40092802,0.0,0.0,0.0
-0.19262695,5.8911285,7.4356995,-0.015584275,-0.20935631,-0.24044037,0.0,0.0,0.0
-0.17468262,6.008377,7.4440765,-0.0033237934,-0.09119129,-0.23292112,0.0,0.0,0.0
-0.14715576,5.9724884,7.1318054,0.027476564,-0.13787842,-0.5365257,0.0,0.0,0.0
-0.19381714,5.8911285,7.335205,-0.014895767,-0.22367239,-0.32949257,0.0,0.0,0.0
-0.24287415,5.9306183,7.566101,-0.06365314,-0.17283821,-0.10762596,0.0,0.0,0.0
-0.20458984,5.950943,7.434494,-0.02357988,-0.15482616,-0.23735046,0.0,0.0,0.0
-0.16630554,5.9078827,7.482361,0.016412988,-0.20397949,-0.18459034,0.0,0.0,0.0
-0.19142151,5.909073,7.679764,-0.009011894,-0.19411945,0.0059018135,0.0,0.0,0.0
-0.19621277,5.927017,7.627121,-0.013683468,-0.1708479,-0.050971985,0.0,0.0,0.0
-0.19621277,5.91745,7.204788,-0.011417508,-0.19301891,-0.46322393,0.0,0.0,0.0
-0.119644165,5.9126587,7.377075,0.062365875,-0.20249796,-0.28726578,0.0,0.0,0.0
-0.21774292,5.8995056,7.598404,-0.040283754,-0.21115685,-0.069627285,0.0,0.0,0.0
-0.26919556,5.9413757,7.5589294,-0.08982819,-0.16228628,-0.1146307,0.0,0.0,0.0
-0.19023132,5.942581,7.4967194,-0.008384958,-0.16265965,-0.17552662,0.0,0.0,0.0
-0.13160706,5.995224,7.5589294,0.045801133,-0.11187744,-0.11193943,0.0,0.0,0.0
-0.13639832,6.0059814,7.5960083,0.036356658,-0.10212231,-0.074168205,0.0,0.0,0.0
0.028717041,5.8420715,7.491928,0.19058934,-0.27139568,-0.17421198,0.0,0.0,0.0
-0.008377075,5.851654,7.4656067,0.14525034,-0.26553774,-0.19773197,0.0,0.0,0.0
-0.07777405,5.966507,7.227524,0.06540528,-0.1643877,-0.42505836,0.0,0.0,0.0
-0.1878357,5.954544,7.0624084,-0.044201523,-0.19068146,-0.57866144,0.0,0.0,0.0
-0.18424988,5.883957,7.3005066,-0.03883183,-0.26928282,-0.33407784,0.0,0.0,0.0
-0.19621277,5.852844,7.713257,-0.05409041,-0.29086065,0.07093477,0.0,0.0,0.0
-0.20578003,5.8133698,7.6462708,-0.06531601,-0.32329035,-0.001739502,0.0,0.0,0.0
-0.16870117,5.8420715,7.3005066,-0.025829762,-0.30521774,-0.33891773,0.0,0.0,0.0
-0.12322998,5.9306183,7.237091,0.017015368,-0.22598457,-0.3948784,0.0,0.0,0.0
-0.06819153,5.9976044,7.235901,0.063202575,-0.1672492,-0.38956356,0.0,0.0,0.0
-0.044265747,5.988037,7.158127,0.08286713,-0.18550062,-0.46038055,0.0,0.0,0.0
-0.13519287,5.9078827,7.3986053,-0.009081274,-0.27054405,-0.21595478,0.0,0.0,0.0
-0.16989136,5.8947144,7.574478,-0.04163438,-0.2774291,-0.045140266,0.0,0.0,0.0
-0.14955139,6.0,7.3866425,-0.021341383,-0.16782236,-0.23647451,0.0,0.0,0.0
-0.055038452,6.0059814,7.227524,0.075876325,-0.1746254,-0.3851862,0.0,0.0,0.0
-0.100494385,5.9928284,7.2107697,0.031997293,-0.19970942,-0.39221048,0.0,0.0,0.0
-0.0382843,5.8743744,7.4189453,0.09250118,-0.32112503,-0.18165112,0.0,0.0,0.0
-0.056228638,5.807373,7.3627167,0.06975055,-0.385108,-0.24042082,0.0,0.0,0.0
-0.010772705,5.9150543,7.298111,0.10963665,-0.2767682,-0.3056531,0.0,0.0,0.0
0.017944336,6.04187,7.2012024,0.12745395,-0.15574121,-0.39800882,0.0,0.0,0.0
-0.17706299,6.0514526,7.154541,-0.06439569,-0.1520195,-0.43983984,0.0,0.0,0.0
-0.20458984,5.91626,7.500305,-0.08401203,-0.28127575,-0.09880018,0.0,0.0,0.0
-0.16749573,5.983246,7.6223297,-0.046122015,-0.20593834,0.016433716,0.0,0.0,0.0
-0.18185425,5.974884,7.6426697,-0.057976753,-0.20818329,0.031840324,0.0,0.0,0.0
-0.098098755,5.9282227,7.5014954,0.027041078,-0.25011826,-0.1131506,0.0,0.0,0.0
0.0059814453,5.983246,7.178467,0.1224481,-0.20006609,-0.43228102,0.0,0.0,0.0
0.052642822,6.06221,6.9966125,0.15715565,-0.13461399,-0.6033106,0.0,0.0,0.0
-0.07298279,5.9808655,7.7036896,0.027961075,-0.21164513,0.10020256,0.0,0.0,0.0
-0.07058716,5.9557343,7.856827,0.025485262,-0.20769739,0.22968626,0.0,0.0,0.0
-0.08734131,5.966507,7.7862396,0.005307667,-0.18702555,0.15106773,0.0,0.0,0.0
-0.13519287,6.0215454,7.240677,-0.04201982,-0.14016819,-0.38788652,0.0,0.0,0.0
-0.13160706,5.966507,7.307678,-0.040767863,-0.2073617,-0.31107998,0.0,0.0,0.0
-0.21296692,5.9557343,7.426132,-0.12563106,-0.21744251,-0.19322777,0.0,0.0,0.0
-0.30029297,5.9617157,7.3734894,-0.20602104,-0.21464586,-0.24320602,0.0,0.0,0.0
-0.2524414,5.934204,7.4691925,-0.15209153,-0.24246168,-0.14717913,0.0,0.0,0.0
-0.20100403,5.95813,7.6450653,-0.09742943,-0.2129817,0.024236202,0.0,0.0,0.0
-0.07777405,5.995224,7.4249268,0.025213942,-0.17296124,-0.19827938,0.0,0.0,0.0
-0.0011901855,6.003586,7.2550354,0.09930551,-0.17198706,-0.36222076,0.0,0.0,0.0
0.0382843,5.9844513,7.4524536,0.12877613,-0.19101667,-0.16501284,0.0,0.0,0.0
0.12083435,6.0143585,7.520645,0.20069706,-0.15632296,-0.10081816,0.0,0.0,0.0
0.015548706,6.003586,7.310074,0.09014216,-0.1694808,-0.3095107,0.0,0.0,0.0
-0.027511597,5.9533386,7.360321,0.044051647,-0.22423697,-0.25563765,0.0,0.0,0.0
-0.07777405,6.016754,7.4033966,-0.010155186,-0.1585865,-0.2144103,0.0,0.0,0.0
-0.090927124,6.070587,7.1736755,-0.028166175,-0.11096144,-0.4391365,0.0,0.0,0.0
-0.117248535,6.0538483,7.1533356,-0.05289679,-0.13615131,-0.45259285,0.0,0.0,0.0
-0.124420166,5.83609,7.4165497,-0.059371255,-0.35228348,-0.19069624,0.0,0.0,0.0
-0.11605835,5.9318085,7.4201355,-0.050723873,-0.25184917,-0.19094133,0.0,0.0,0.0
-0.0011901855,6.094513,7.1653137,0.065740906,-0.0934186,-0.44227505,0.0,0.0,0.0
0.025131226,5.976074,6.960724,0.08910769,-0.23464584,-0.6282973,0.0,0.0,0.0
-0.07537842,5.868393,7.330414,-0.011467539,-0.34219456,-0.25871658,0.0,0.0,0.0
-0.1651001,5.9641113,7.458435,-0.096827485,-0.23730326,-0.13815546,0.0,0.0,0.0
-0.046661377,6.0131683,7.2825623,0.022754468,-0.18393135,-0.31753826,0.0,0.0,0.0
-0.0035858154,5.8791656,7.3208466,0.05940897,-0.32313204,-0.2750678,0.0,0.0,0.0
