6.7010956,6.3182526,4.1312103,0.50513893,-0.45461082,0.010566711,0.4914051,-0.35977745,9.50494
6.6257324,6.196213,3.9792633,0.4313513,-0.38847065,-0.09814596,0.4136265,-0.24338341,9.465647
6.5599213,6.0478516,3.8129578,0.3162378,-0.32379103,-0.20529842,0.29268962,-0.13098907,9.426952
6.4582214,5.880356,3.7304077,-0.029644012,-0.20273638,-0.2737589,-0.054001987,-0.0027079582,9.46901
6.528824,5.822937,3.677765,-0.17365575,-0.13556957,-0.41758394,-0.20670754,0.1334877,9.403706
6.8566284,5.89711,3.8620148,-0.19662601,-0.13984346,-0.49706936,-0.23576874,0.17793322,9.339693
6.9379883,5.89592,3.940979,-0.21883005,-0.18686056,-0.6406212,-0.26993835,0.22825336,9.199828
6.9475555,5.929413,4.085739,-0.1624251,-0.18697262,-0.6501093,-0.2150675,0.23644781,9.188734
6.879364,5.9114685,3.994812,-0.07418066,-0.20304346,-0.6771035,-0.12983316,0.24322176,9.151528
6.6017914,5.7882385,3.8476563,-0.020006537,-0.28402805,-0.5863428,-0.07181722,0.12652636,9.171272
6.3589325,5.69014,3.8045807,-0.05829972,-0.32587624,-0.40998268,-0.09859431,-0.013501167,9.289179
6.324234,5.8013916,3.8488617,-0.038213074,-0.30103397,-0.36214685,-0.074644804,-0.022072792,9.3406315
6.4319,5.95813,3.9792633,-1.02341175E-4,-0.26796007,-0.31211329,0.025995612,0.031770706,9.397345
6.51326,6.04187,4.217346,0.057076156,-0.37012815,-0.2837739,0.023078918,-0.12344551,9.353871
6.6388855,6.0634155,4.2879333,0.057076156,-0.37012815,-0.2837739,0.023078918,-0.12344551,9.353871
6.7872467,6.0394897,4.3585205,-0.075137496,-0.29262877,-0.27664042,-0.106081724,-0.067788124,9.416831
6.8973083,6.003586,4.35614,-0.075137496,-0.29262877,-0.27664042,-0.106081724,-0.067788124,9.416831
6.908081,5.9126587,4.146759,-0.075137496,-0.29262877,-0.27664042,-0.106081724,-0.067788124,9.416831
6.8231354,5.888733,4.106079,-0.0952453,-0.20503998,-0.35340548,-0.13062507,0.05003643,9.411123
6.867401,5.9689026,4.0343018,-0.13446712,-0.19389343,-0.48702526,-0.17906815,0.14107895,9.315834
7.0253296,6.1052856,3.9565277,-0.05461842,-0.22884655,-0.44671345,-0.098762274,0.08953476,9.319684
7.0695953,6.171097,3.9182434,0.0029491782,-0.25481367,-0.5204997,0.07705414,-0.097976685,9.240681
6.7872467,6.099304,3.7411804,0.014829814,-0.2562251,-0.564569,-0.039905906,0.14147568,9.204155
6.6269226,6.0358887,3.5772705,-0.028422236,-0.28649187,-0.55399275,-0.08395147,0.11162186,9.198139
6.6137543,6.0514526,3.4791565,0.07519531,-0.38440323,-0.49070263,0.01879239,-0.0035061836,9.179081
6.644867,6.22493,3.357132,0.076560736,-0.29815435,-0.3921423,-0.029597163,-0.012847424,9.309165
6.690338,6.3062897,3.4073792,0.14535362,-0.3549285,-0.4167943,-0.098989725,-8.5258484E-4,9.248958
6.789627,6.344574,3.4528503,0.16847485,-0.34657383,-0.46977806,0.11547968,0.014649391,9.210297
6.866211,6.3684998,3.6622162,0.10691249,-0.38531113,-0.35818863,0.059655547,-0.08424759,9.279831
6.911667,6.34816,3.7722778,0.10582286,-0.34538603,-0.28855228,0.06544036,-0.095632076,9.359074
6.8685913,6.32901,3.7172546,-0.016798854,-0.19969273,-0.24980116,-0.04632306,-0.004676342,9.489803
6.6759796,6.192627,3.542572,-0.021344721,-0.23761559,-0.27740145,-0.055808067,-0.017279148,9.445464
6.623337,6.217743,3.5605164,0.019117832,-0.2496872,-0.3068447,0.015963078,0.0132956505,9.411136
6.6269226,6.2895355,3.5473633,0.17656946,-0.35938025,-0.4049716,0.122969985,-0.033940315,9.25162
6.611374,6.34816,3.5270233,0.1806199,-0.3487482,-0.4737773,0.12238881,0.017095566,9.203789
6.459427,6.2656097,3.505478,0.1525678,-0.32346344,-0.46592712,0.096514285,0.032802105,9.228203
6.2799683,6.1256256,3.4085693,0.09230596,-0.32124758,-0.3917384,0.041828215,-0.010750294,9.293509
6.3026886,6.1256256,3.2207336,-0.03260106,-0.26942062,-0.36643267,-0.07787919,0.015252113,9.357624
6.180664,6.1411743,3.0783691,-0.08456844,-0.2631235,-0.47910166,0.15736842,-0.049158573,9.278689
6.1208344,6.2033997,3.1178436,-0.07946414,-0.2770877,-0.44874763,-0.13195944,0.061522007,9.293552
6.361313,6.435501,3.3391876,-0.08858788,-0.25052738,-0.40069628,-0.13610375,0.053166866,9.348593
6.90329,6.686737,3.7591248,-0.05564201,-0.22703075,-0.36991262,-0.09966749,0.052421093,9.383811
6.8817596,6.447464,3.9421692,0.040436268,-0.29343987,-0.42766142,-0.013486981,0.036015034,9.287848
6.8039856,6.06102,4.001999,0.0057532787,-0.25862217,-0.4159069,-0.044472337,0.05653715,9.322168
6.6927185,5.7966156,3.974472,0.05739081,-0.2610278,-0.2839465,0.01696217,-0.02789545,9.4180765
6.5946198,5.7332,3.9349976,0.13744318,-0.30093575,-0.35245943,-0.09004688,-0.008077145,9.331775
6.5443726,5.807373,3.879959,-0.020424247,-0.25939178,-0.5063286,-0.0772357,0.11333418,9.254147
6.5276184,5.93779,3.871582,0.01644361,-0.23641539,-0.5952678,-0.046028197,0.18729973,9.195662
6.6185455,6.1986084,3.7579346,0.050287127,-0.2951727,-0.57125807,-0.014845014,0.12674713,9.174427
6.4295197,6.2368927,3.7423706,0.047135115,-0.272254,-0.44843054,-0.0069928765,0.06796503,9.28438
6.3589325,6.299103,3.8022003,0.028746724,-0.2282052,-0.5129633,-0.027400553,0.14316988,9.263708
6.6592255,6.4366913,3.7662964,0.10904741,-0.26511526,-0.5600791,0.04564631,0.14336777,9.195726
6.591034,6.4426727,3.784256,0.08040857,-0.2928834,-0.46842146,-0.0033849478,-0.06826019,9.252581
6.443878,6.3469543,3.7734833,0.10956991,-0.30670452,-0.21217251,0.0688723,-0.10765219,9.439557
6.439087,6.320648,3.826126,0.12798107,-0.32954073,-0.10788536,0.09379825,-0.19160986,9.504818
6.5730896,6.3732758,3.8572235,0.11187923,-0.32457352,-0.1191411,0.07699904,-0.18101215,9.501093
6.7202454,6.5192413,3.981659,0.01790464,-0.29721403,-0.21028042,-0.021567047,-0.10160446,9.457242
6.768097,6.693924,3.994812,0.037959695,-0.32553768,-0.32021093,-0.0122567415,-0.055556774,9.351992
6.731003,6.7010956,4.0211334,0.03372693,-0.2936244,-0.29255676,-0.011876762,-0.047682762,9.393702
6.6305084,6.5862427,3.929016,0.036929727,-0.27197695,-0.40820646,-0.015651345,0.041601658,9.31676
6.4043884,6.3720856,3.628708,0.041957498,-0.2713008,-0.5317707,-0.019949973,0.11978912,9.220649
6.3110657,6.32782,3.5880432,0.055945158,-0.27497482,-0.61708593,0.058921933,-0.16030836,9.150628
6.2285156,6.2368927,3.6957092,0.06095636,-0.3050065,-0.5205097,0.027544737,-0.08289242,9.206613
6.5168457,6.45224,4.030716,0.02464211,-0.31455994,-0.43339014,-0.033809125,0.026102543,9.272274
6.5563354,6.526428,4.067795,0.022976518,-0.3039465,-0.34270763,-0.027887583,-0.022621632,9.349408
6.317047,6.28714,3.9146576,0.06424129,-0.32513046,-0.41157818,0.006210506,0.0029764175,9.27827
6.0466614,6.0538483,3.7698975,0.038324475,-0.32359743,-0.4101119,-0.01933235,0.0035600662,9.283211
6.12204,5.9318085,3.6490479,0.022783637,-0.35804272,-0.31762695,-0.030768454,-0.08111572,9.3354025
6.3182526,5.9437714,3.6430664,-0.011727095,-0.30601406,-0.25474644,-0.055981755,-0.079592705,9.420375
6.3792725,5.9353943,3.7627106,0.033983707,-0.3369112,-0.2986617,-0.0164209,-0.077310085,9.36211
6.4630127,6.06102,3.9804535,0.034633875,-0.30216646,-0.42909622,-0.02253449,0.03133869,9.282114
6.520447,6.2572327,4.085739,-1.1956692E-4,-0.3235798,-0.47358894,-0.062427938,0.043555737,9.238147
6.406784,6.1794586,3.986435,-0.0066592693,-0.32232666,-0.4699216,-0.068778336,0.0425992,9.242541
6.229721,6.0059814,3.846466,0.03170097,-0.32891607,-0.39508057,0.022106528,0.016727924,9.292344
6.147156,6.0311127,3.7184448,0.12942386,-0.3182454,-0.32689095,0.07738966,-0.0467,9.341122
6.337387,6.2979126,3.8368835,0.11682093,-0.32566452,-0.33691406,0.063446015,-0.046112537,9.330137
6.447464,6.376877,4.006775,0.0071561337,-0.28304625,-0.44611216,-0.05004126,0.057969093,9.283852
6.5240326,6.357727,4.0713806,0.026765227,-0.31662846,-0.4530244,-0.034309566,0.035987377,9.255535
6.4366913,6.192627,4.0713806,0.0966202,-0.28713894,-0.39381504,-0.034707785,-0.031093597,9.3119755
6.3338013,5.954544,4.0079803,0.10910225,-0.32196474,-0.36145306,0.0537014,-0.027431011,9.31413
6.2823486,5.846863,3.9146576,-0.005184889,-0.26354933,-0.413383,-0.05866164,0.05347252,9.322844
6.2823486,5.846863,3.9146576,-0.01937139,-0.2673025,-0.44532776,-0.07563579,0.07111263,9.297371
6.9176483,6.2596283,4.2915344,0.07043624,-0.29977083,-0.41778755,0.012527823,0.026520729,9.288471
6.8949127,6.148361,4.244873,0.09793103,-0.319901,-0.3364029,-0.05386448,0.02705574,9.336053
6.7118683,6.028717,4.080963,0.03288734,-0.33793926,-0.33722162,-0.0220474,-0.053246498,9.331591
6.43071,5.9928284,3.871582,0.019488335,-0.30770302,-0.3681302,-0.034875393,-0.010163307,9.327839
6.356537,6.1172485,3.7495575,0.16725838,-0.3441391,-0.39770222,0.10653305,-0.023754597,9.265669
6.4546356,6.291931,3.735199,0.20097518,-0.40885115,-0.4633808,-0.13378513,-0.003821373,9.170758
6.661621,6.551544,3.9098663,0.10511267,-0.25939465,-0.48718596,0.04549557,0.100036144,9.255645
6.674774,6.628113,4.0462646,-0.006226301,-0.21958542,-0.40526915,-0.05601394,0.08307791,9.356695
6.65683,6.59581,4.0917206,-0.057808995,-0.21277714,-0.36394644,-0.10391319,0.063985825,9.398998
6.6628113,6.6137543,4.045059,-0.0038040876,-0.33035183,-0.26627398,-0.054861724,-0.09057903,9.395756
6.488144,6.4462585,3.9026947,-0.023070335,-0.3411684,-0.21375561,0.030306578,0.14670372,9.432245
6.4043884,6.320648,3.8201447,-0.01020968,-0.32902098,-0.25789976,-0.06091255,-0.09517288,9.40403
6.273987,6.007187,3.7220306,-0.050586462,-0.28095865,-0.32883072,-0.10156423,-0.012026787,9.383369
6.423538,6.0646057,3.8153534,0.038469434,-0.2827506,-0.44415712,-0.02186793,0.05604458,9.282166
6.5192413,6.2105713,4.035492,0.075270295,-0.30567646,-0.487298,0.009091556,0.064210415,9.230145
6.6305084,6.283554,4.191025,0.09417963,-0.3103447,-0.49465847,0.026574075,0.064918995,9.219326
6.623337,6.3505554,4.2053833,0.014937162,-0.28975153,-0.4490633,-0.046809852,0.05514288,9.276928
6.541977,6.406784,3.9840546,0.021762013,-0.2788639,-0.36563492,-0.033111632,0.011013031,9.34762
6.2775726,6.2907257,3.6717834,0.06352055,-0.31671953,-0.36280155,0.0044531226,-0.021805763,9.321392
6.0753784,6.0885315,3.3643036,0.09653783,-0.30950832,-0.34052038,0.038896322,-0.031300068,9.3391285
6.0,5.947357,3.336792,0.015802622,-0.2626052,-0.6661029,-0.060600728,0.2143135,9.125988
6.2321014,6.0586243,3.5389862,0.041221738,-0.26898193,-0.67336655,-0.037702233,0.2142334,9.113718
6.440277,6.171097,4.0343018,0.15455925,-0.3380437,-0.36258173,-0.0965029,0.009029388,9.29652
6.47139,6.070587,4.204193,0.2103101,-0.3705964,-0.1836195,0.15301949,-0.18028784,9.40744
6.4163513,5.929413,4.1623077,0.20188165,-0.37470388,-0.11254215,0.14965624,-0.22853804,9.4614
6.3433685,5.8923187,3.9062805,0.093609214,-0.33316135,-0.15069962,0.044177294,-0.1680088,9.471552
6.3026886,6.0107727,3.7363892,0.026491046,-0.33652735,-0.42508173,-0.044019103,0.0047926903,9.265644
6.34816,6.0969086,3.6311035,0.0031210184,-0.28084326,-0.41927004,-0.060610652,0.0458436,9.307758
6.4737854,6.18425,3.674179,0.007928848,-0.29335928,-0.39970493,-0.057162642,0.024559498,9.3147
6.652054,6.357727,3.9254303,0.052291512,-0.2984047,-0.39652252,-0.013899922,0.016852856,9.308119
6.6759796,6.30867,4.006775,0.04968655,-0.2796197,-0.40961552,0.028873682,-0.0318141,9.310066
6.4259186,6.032303,3.8907318,0.084825635,-0.31245518,-0.51066446,0.0072855353,0.07719278,9.206993
6.366104,6.10289,3.8189392,0.0974555,-0.3153739,-0.43796825,0.024657488,0.028645992,9.259525
6.4378967,6.3182526,3.8189392,0.08955288,-0.2819395,-0.38455868,0.024785817,0.021107674,9.322568
6.5348053,6.522827,3.8656006,0.02614355,-0.28620577,-0.29434967,-0.031704903,-0.036427975,9.3981085
6.661621,6.644867,3.9553375,0.05051589,-0.28011703,-0.31578112,-0.0087323785,-0.019402027,9.382053
6.623337,6.6508484,4.023529,0.044067144,-0.2968607,-0.32579136,0.007178545,0.03061533,9.364815
6.476181,6.518051,3.9960175,0.03484249,-0.2994151,-0.34910154,-0.02955556,-0.012374401,9.346533
6.3505554,6.3469543,3.907486,-0.03318703,-0.27760124,-0.36129713,-0.0952099,0.0155649185,9.360116
6.2859497,6.262024,3.8979034,0.079977274,-0.29833603,-0.40492153,0.010648608,0.021909714,9.297956
6.312271,6.3385925,3.9996033,0.04859793,-0.30248356,-0.47701836,-0.026626408,0.06631899,9.244247
6.386444,6.415161,4.1240234,0.05756116,-0.2965312,-0.56611156,-0.024254203,0.12744045,9.178241
6.4498596,6.448654,4.195816,0.0027204752,-0.27801657,-0.44071627,-0.06653261,0.06489754,9.293919
6.5156555,6.5886383,4.3238373,-0.001131773,-0.3007388,-0.31566572,-0.0632081,-0.032113075,9.376461
6.51326,6.551544,4.2424774,0.102023125,-0.32339478,-0.24051857,0.04230243,-0.10247946,9.405963
6.3421783,6.417557,4.170685,0.089215994,-0.31843185,-0.28560162,0.026676536,-0.06977272,9.376132
6.0466614,6.1770782,3.784256,-0.04847896,-0.304039,-0.40561914,-0.11754966,0.023461819,9.311728
5.9856415,6.155533,3.694519,-0.003083825,-0.28212118,-0.32396555,-0.06371194,-0.013061047,9.382002
6.049057,6.2608185,3.7088776,0.08265662,-0.39883137,-0.25864744,0.011992335,-0.14863634,9.347781
6.1663055,6.385254,3.8739777,0.27746713,-0.32430172,-0.29762316,-0.22381258,-0.0056352615,9.336952
6.2979126,6.464203,4.065399,0.44987333,-0.43114614,-0.24168968,-0.4200127,0.05359316,9.289539
6.4941254,6.579071,4.1766663,0.38329387,-0.5048461,0.15075827,0.32916504,-0.5028615,9.555069
6.479767,6.567108,4.1479645,1.3655385,-0.99595165,0.9588008,1.2877821,-1.4529564,9.726345
6.262024,6.2368927,3.9050903,1.7268895,-1.2727995,0.7328024,1.5631863,-1.5589528,9.291596
6.1914215,6.1363983,3.8009949,1.186022,-0.9436002,0.60958385,0.963791,-1.2544103,9.398994
6.118454,6.052643,3.7040863,0.60072684,-0.7052417,0.5314822,0.42999643,-0.9469576,9.563576
6.2033997,6.1088715,3.789032,0.3676288,-0.5429168,0.017957687,0.14704302,-0.4204688,9.325177
6.2608185,6.1447754,3.887146,0.41780257,-0.473701,-0.30747175,0.16848978,-0.10489464,9.132782
6.4008026,6.2153625,4.0582275,0.5159769,-0.6281967,-0.07222557,0.18672329,-0.35622168,9.096496
6.3936157,6.2656097,4.2006073,-0.5434785,-0.37569904,-1.3776717,1.3283539,-0.38744926,9.158687
6.3589325,6.2727814,4.1611176,-0.8366475,-0.25738478,-2.6901994,-1.1126097,2.467349,8.983433
6.1375885,6.242874,3.994812,-0.6823554,-0.20969725,-2.6152854,-0.9415862,2.446641,9.116244
6.173477,6.2883453,3.777069,-0.6122103,-0.12873268,-1.9545212,-0.75326145,1.8784516,9.466734
6.221344,6.3625183,3.755539,-0.49335766,-0.26586103,-1.0875571,-0.6465882,1.0100486,9.564595
6.3385925,6.3888397,3.8332977,-0.13260031,-0.47956228,-0.16999602,0.3189956,0.23251045,9.459316
6.3804626,6.364914,3.9589233,-0.24409056,-0.66106606,0.14016318,-0.5678076,-0.27898097,9.466065
6.364914,6.3026886,4.0378876,-0.49611282,-0.31007576,-0.93578005,-0.63500315,0.8840724,9.62459
6.2680054,6.2524414,4.064209,-0.43618965,-0.27091932,-0.9948027,-0.5627275,0.9511421,9.627884
6.209381,6.340973,4.0390778,-0.47054625,-0.30013418,-1.0129061,-0.60333854,0.97285575,9.642312
6.22612,6.440277,3.9673004,-0.77583075,-0.29124928,-0.9457935,1.2499743,-0.119089305,9.874817
6.2440643,6.4965057,3.9601288,-0.7011328,-0.2645936,-0.87930834,-0.7447384,0.8805761,9.875433
6.3828583,6.6711884,3.9637146,-0.20934153,-0.43154192,-0.5696589,-0.44698885,0.51348567,9.5048275
6.4211426,6.661621,4.0175476,-0.84069014,-0.17227507,-5.9358287,4.698496,-3.6805146,9.216353
6.3960114,6.501297,3.9828491,-1.0788941,-0.26947594,-3.4557006,3.1661081,-1.774885,9.743071
6.2309113,6.385254,3.8955078,-0.8796644,-0.22547436,-2.4748268,2.3409464,-1.2119882,9.784944
6.1591187,6.32901,3.7962189,-1.0910635,-0.15544319,-1.5974398,-0.9764244,1.6560122,10.072385
6.150757,6.4546356,3.760315,-1.328196,0.018150806,-1.1968391,-1.0552012,1.309782,10.41318
6.2895355,6.5982056,3.7950134,-1.7078366,0.2068162,-0.17609978,-1.2145635,0.3762673,10.978719
6.422333,6.7992096,3.8692017,-1.5526948,-0.05823517,0.2265997,0.8519633,0.9172287,10.754517
6.447464,6.8350983,3.9385834,-1.1593671,-0.20340252,-0.323673,1.0340557,0.46609497,10.2580385
6.4115753,6.7860413,3.990036,-0.8122759,-0.47988653,-0.33345413,-0.9627702,0.2724011,9.7946005
6.305084,6.550354,3.920639,-0.22953224,-0.8078122,-0.24793363,-0.6531582,0.0033478737,9.223477
6.1447754,6.2392883,3.7328033,0.43168068,-1.0435243,-0.279665,-0.20030373,-0.19990087,8.67819
5.9019012,6.0717926,3.5258179,0.7189641,-1.0428257,-0.27421618,0.104742914,-0.3386836,8.560091
5.8205414,6.0155487,3.5533447,0.8767562,-0.95366716,-0.29077196,0.32044378,-0.37313557,8.573436
5.8456726,6.070587,3.5760803,0.89401174,-0.8215637,-0.6925006,0.41289562,-0.03365445,8.471672
5.909073,6.366104,3.826126,0.86400366,-0.78001165,-0.45378733,0.44239435,-0.24059963,8.663304
6.0107727,6.580261,3.9577332,0.68245125,-0.62152386,-0.17932606,-0.5137656,0.10550904,9.0262
6.086151,6.6963196,4.0283203,0.5619683,-0.6195226,-0.19307375,0.278345,-0.34271383,9.070468
6.22493,6.6807556,3.899109,0.24312067,-0.56572294,-0.08984566,0.02199471,-0.34230852,9.287456
6.196213,6.520447,3.714859,0.063426256,-0.4286785,0.23326254,-0.07172635,-0.46438313,9.660353
6.135193,6.394821,3.632309,-0.17276335,-0.28897715,0.24079323,-0.23928836,-0.336627,9.834213
6.1040955,6.303894,3.604782,-0.2167046,-0.31506205,0.14428759,-0.29424244,-0.28033447,9.763321
6.253647,6.2309113,3.7866364,-0.13788795,-0.39879942,0.23353386,-0.23547524,-0.41789913,9.756613
6.3110657,6.24527,3.9278107,-0.13946295,-0.315197,0.16551733,-0.2086125,-0.31765127,9.76454
6.509674,6.399597,4.1611176,-0.07680917,-0.31217337,-0.048687458,-0.15992445,-0.18593025,9.593164
6.5359955,6.4139557,4.241272,0.06847453,-0.4017067,-0.24878216,-0.0139606,0.15697551,9.355968
6.4665985,6.340973,4.035492,0.09213996,-0.38995504,-0.30690145,-0.024558514,-0.109447,9.31455
6.221344,6.16391,3.8057861,0.23692298,-0.35112524,-0.24870968,0.13427901,-0.13948727,9.355217
6.1997986,6.172287,3.6418762,0.29102552,-0.3455658,-0.3655963,0.1826694,-0.06904125,9.259258
6.2440643,6.2201385,3.6143646,0.23856008,-0.27346373,-0.35458612,-0.14509892,-0.04472065,9.322533
6.3134613,6.2596283,3.789032,0.25961912,-0.26743317,-0.25346756,0.18158245,-0.076796055,9.401313
6.4091797,6.3517456,3.9756775,0.32391536,-0.25160313,-0.23109245,0.25010645,-0.08594704,9.417177
6.4055786,6.3397827,4.118042,0.32229495,-0.27007675,-0.42759466,0.23137644,0.024429798,9.253912
6.3302155,6.320648,4.088135,0.20963109,-0.25545168,-0.45344687,0.122284025,0.0651803,9.262947
6.148361,6.3589325,3.8225403,0.1957016,-0.2182064,-0.45427275,-0.06933069,-0.1346221,9.287664
6.147156,6.394821,3.7423706,0.19666135,-0.2451315,-0.44128275,0.112407565,0.06910133,9.281212
6.253647,6.5647125,3.6909332,0.11688316,-0.21853685,-0.45064878,0.039218366,0.104748726,9.304661
6.3302155,6.5730896,3.7304077,0.08909011,-0.22963905,-0.48588228,0.007648498,0.12214613,9.2758255
6.3314056,6.4426727,3.8045807,0.054393172,-0.21888256,-0.4652896,-0.022248626,0.12122774,9.304483
6.2703857,6.3098755,3.8476563,0.035191417,-0.23108435,-0.3750167,-0.037041098,0.0567832,9.369982
6.271591,6.263214,3.8955078,0.028646827,-0.25755835,-0.44015455,-0.05335468,0.07897949,9.304846
6.2608185,6.3684998,3.9828491,-0.02166295,-0.24124384,-0.4742365,-0.10188842,0.11959934,9.297845
6.2775726,6.4043884,4.0079803,-0.100782156,-0.20046377,-0.52257156,-0.17431721,0.19092607,9.300108
6.3314056,6.467804,4.0055847,-0.0574013,-0.21986866,-0.40629673,-0.12803501,0.098049164,9.369948
6.361313,6.4737854,3.9421692,-0.058764458,-0.23417807,-0.41122103,-0.13261575,0.09105396,9.357744
6.354141,6.455841,3.879959,-0.05462289,-0.20630264,-0.52863216,0.1967156,-0.11746764,9.284635
6.2727814,6.357727,3.7005005,-0.022309065,-0.23389196,-0.55076504,-0.10687438,0.17857265,9.2451935
6.2404785,6.336197,3.6598206,-0.0064662695,-0.2616248,-0.5212884,-0.095071316,0.13709259,9.247725
6.2392883,6.332611,3.7088776,0.040289164,-0.2757311,-0.50009346,-0.050928354,0.107616425,9.246678
6.2404785,6.28714,3.7854462,0.020007133,-0.27627754,-0.5102973,-0.07161108,0.116351604,9.242321
6.2392883,6.254837,3.8943176,0.015354633,-0.2486782,-0.455853,-0.06695777,0.10295391,9.301877
6.275177,6.3433685,4.0486603,0.08779621,-0.22401142,-0.40528727,0.012001097,0.08077526,9.342454
6.3098755,6.49292,4.065399,0.06610143,-0.28211784,-0.41328812,-0.022190154,0.044524193,9.304363
6.22612,6.4570313,3.9637146,0.048779845,-0.26384258,-0.37055397,-0.032489687,0.032687664,9.351481
6.20578,6.422333,3.9086761,0.020126462,-0.20636415,-0.32466984,0.061508417,-0.02776575,9.427378
6.20578,6.4450684,3.784256,0.017481089,-0.2824564,-0.32100964,-0.06358999,-0.009804726,9.383573
6.1004944,6.3194427,3.7662964,0.08596325,-0.3080759,-0.39605808,-0.0070296824,0.011143208,9.297742
6.0969086,6.2596283,3.706482,0.08101237,-0.2506857,-0.39373207,3.1739473E-4,0.053884506,9.335983
6.1447754,6.1447754,3.8476563,0.046164036,-0.2507801,-0.4691167,-0.038728535,0.10649395,9.284873
6.2883453,6.2680054,3.9888306,0.06165254,-0.23744345,-0.40530062,0.043912172,-0.06163931,9.338974
6.3433685,6.3385925,4.063019,0.0919013,-0.27356434,-0.3745699,0.008046538,0.023234367,9.334441
6.3397827,6.4127655,4.1683044,0.07361233,-0.33786058,-0.37763834,-0.023056686,-0.021549702,9.295589
6.2656097,6.354141,4.045059,0.04491055,-0.27750587,-0.41384363,-0.04105082,0.050691605,9.310629
6.1615143,6.278763,3.9170532,0.09905076,-0.21425056,-0.4927845,0.019536138,0.14325666,9.279728
6.0873413,6.303894,3.809372,0.07707918,-0.23282623,-0.46964502,-0.0038324594,0.11696482,9.289911
6.0681915,6.238083,3.735199,0.08031976,-0.280344,-0.4531951,-0.009167165,0.07009745,9.272393
6.0765686,6.221344,3.7531433,0.055983067,-0.29595947,-0.41289425,-0.033507705,0.035131454,9.297876
6.202194,6.2165527,3.8931274,-0.012688875,-0.27597952,-0.39387512,-0.09548646,0.045691013,9.337334
6.337387,6.4378967,4.1778717,0.041026354,-0.30532122,-0.37175083,-0.04767528,0.003121376,9.326212
6.3266296,6.4654083,4.240082,0.06068659,-0.30378485,-0.3830595,0.03045082,0.0021891594,9.314949
6.089737,6.36969,4.0079803,0.105700016,-0.3074398,-0.43187952,0.010734558,0.032784462,9.267186
6.029907,6.3517456,3.8548431,0.07120323,-0.1990161,-0.36862803,0.0036329627,0.0781641,9.388989
6.0837555,6.4426727,3.7830505,0.03360057,-0.21092701,-0.32005167,-0.03194478,0.04199505,9.42551
6.0969086,6.41037,3.7854462,0.11945033,-0.2648096,-0.30486822,0.042135328,-0.01832056,9.38805
6.1052856,6.291931,3.8237305,0.1467551,-0.31646585,-0.2636757,-0.090114355,0.05779791,9.382678
6.1794586,6.2847443,3.9338074,0.10818148,-0.29522657,-0.22840357,0.031221986,-0.0898633,9.429849
6.2680054,6.3876343,4.0749817,0.10184145,-0.3005433,-0.2464261,0.023294866,-0.08195305,9.414012
6.2404785,6.4618225,4.1575317,0.10726476,-0.3264737,-0.3546791,0.016251832,-0.033006668,9.314172
6.2033997,6.4654083,4.138382,0.10126376,-0.28018284,-0.4942317,0.010061115,0.092567444,9.237132
6.1770782,6.623337,4.146759,0.079116225,-0.23862219,-0.52056694,-0.004999399,0.14409304,9.246828
6.1567383,6.705887,4.055832,0.16083467,-0.2640648,-0.4288149,0.07683337,0.057737827,9.286802
6.1040955,6.7333984,4.0127563,0.20533049,-0.30093575,-0.46458817,-0.08520818,-0.08624005,9.228838
6.147156,6.710678,3.9314117,0.20017898,-0.32711267,-0.45039082,-0.08896303,-0.056791306,9.224597
6.1591187,6.69751,3.9242249,0.08478761,-0.2924676,-0.43814754,0.019671679,-0.045360565,9.275373
6.1770782,6.6436768,3.9960175,0.071998,-0.30150747,-0.42591333,-0.014072359,0.035607338,9.281269
6.197403,6.562317,4.027115,0.22893977,-0.3148408,-0.33691216,0.14480662,-0.04646778,9.314796
5.9653015,6.3936157,4.022339,0.24668908,-0.34251976,-0.29863644,0.16188103,-0.09381819,9.324621
5.946167,6.4941254,3.9349976,0.28564346,-0.34774446,-0.3333063,0.19773817,-0.07897377,9.288698
5.9844513,6.550354,3.9302063,0.19566524,-0.35726547,-0.32859516,-0.1309017,0.0382576,9.30138
6.070587,6.5850525,3.8931274,0.20332825,-0.29182863,-0.40389204,0.12272978,0.016142845,9.282902
6.0430756,6.543167,3.891922,0.20988286,-0.3789649,-0.4939947,0.109244406,0.0064969063,9.158793
6.016754,6.476181,3.8129578,0.22083724,-0.36398554,-0.4873252,0.12352085,0.013147354,9.171583
5.9114685,6.2596283,3.6813507,0.32507658,-0.35195732,-0.4457569,0.23198289,-0.011518955,9.194851
5.868393,6.111267,3.6957092,0.33956087,-0.30124378,-0.43563223,0.25634474,0.02070713,9.232469
6.008377,6.20459,3.8273163,0.4232831,-0.35693264,-0.41858387,0.33330452,-0.03802204,9.198995
6.0346985,6.258423,3.8739777,0.47596502,-0.35465097,-0.44822693,0.3856297,-0.019031525,9.170919
6.172287,6.374481,3.969696,0.4374299,-0.31793213,-0.3718753,0.3602091,-0.035526276,9.259197
6.202194,6.417557,3.9062805,0.4650786,-0.35019732,-0.32198572,0.3888241,-0.093176365,9.274912
6.20578,6.3517456,3.871582,0.48116016,-0.30502224,-0.3260808,-0.40822077,-0.082742214,9.299312
6.130417,6.1997986,3.637085,0.49384546,-0.32454205,-0.28101063,0.42772293,-0.0975194,9.32114
6.050247,6.0753784,3.5377808,0.41419363,-0.3030162,-0.25574732,0.35528672,-0.091673374,9.366027
6.1244354,6.0753784,3.6693878,0.42007136,-0.2532978,-0.24672985,0.36945653,-0.057911873,9.404602
6.2524414,6.14357,3.8356934,0.4489435,-0.256505,-0.23640299,0.40089625,-0.06672287,9.40908
6.1950226,6.4259186,3.8201447,-0.070626736,-0.032529354,-0.0786345,-0.050616026,-0.0100438595,9.708841
6.3601227,6.525223,4.1443634,0.09334421,0.06602335,0.24864483,0.0,0.0,0.0
6.4247284,6.4953156,4.2520447,0.15790987,0.03949356,0.35079694,0.0,0.0,0.0
6.3936157,6.484543,4.2640076,0.12921906,0.030246258,0.35635066,0.0,0.0,0.0
6.2691956,6.5025024,4.035492,0.008049488,0.04727745,0.12416124,0.0,0.0,0.0
6.2668,6.5491486,3.8560333,0.010148048,0.090126514,-0.056221247,0.0,0.0,0.0
6.253647,6.4905243,3.7328033,0.0015878677,0.02362299,-0.17377257,0.0,0.0,0.0
6.2668,6.4366913,3.714859,0.015031338,-0.036287308,-0.18210506,0.0,0.0,0.0
6.3672943,6.3553314,3.9254303,0.11241245,-0.117331505,0.032940626,0.0,0.0,0.0
6.374481,6.3637085,4.027115,0.11342049,-0.10367823,0.13579011,0.0,0.0,0.0
6.2033997,6.2596283,4.114456,-0.060141563,-0.20379162,0.22053218,0.0,0.0,0.0
6.032303,6.1914215,4.0247345,-0.22896814,-0.26986933,0.123631954,0.0,0.0,0.0
6.0012054,6.192627,4.030716,-0.25674486,-0.26795912,0.1231246,0.0,0.0,0.0
6.0478516,6.435501,3.9266205,-0.20596695,-0.025839329,0.013665676,0.0,0.0,0.0
6.074173,6.5682983,3.9170532,-0.17724562,0.10619831,0.0015180111,0.0,0.0,0.0
6.0346985,6.5108643,3.8620148,-0.20765924,0.04395485,-0.0600307,0.0,0.0,0.0
6.04187,6.4211426,3.8679962,-0.19505215,-0.049984455,-0.055740118,0.0,0.0,0.0
6.1208344,6.399597,3.891922,-0.11314535,-0.07396746,-0.032468796,0.0,0.0,0.0
6.0670013,6.336197,3.8727875,-0.16721344,-0.1366229,-0.052459955,0.0,0.0,0.0
5.970093,6.1914215,3.8703918,-0.2639804,-0.28045607,-0.056632996,0.0,0.0,0.0
6.007187,6.1423798,3.8739777,-0.22716475,-0.32611036,-0.05818343,0.0,0.0,0.0
6.049057,6.2727814,3.9266205,-0.18605185,-0.19232464,-0.009902239,0.0,0.0,0.0
6.180664,6.5443726,4.065399,-0.05419016,0.08066273,0.12618256,0.0,0.0,0.0
6.139984,6.562317,4.0163574,-0.090818405,0.100669384,0.06735706,0.0,0.0,0.0
6.175873,6.5192413,3.9230347,-0.047190666,0.0519948,-0.02900076,0.0,0.0,0.0
6.2524414,6.504883,3.8129578,0.032087803,0.03385067,-0.13714743,0.0,0.0,0.0
6.258423,6.455841,3.780655,0.035613537,-0.018004417,-0.16096306,0.0,0.0,0.0
6.2368927,6.3505554,3.8033905,0.006231785,-0.122238636,-0.1275363,0.0,0.0,0.0
6.1770782,6.2105713,3.8440704,-0.060613155,-0.25922632,-0.08063412,0.0,0.0,0.0
6.2368927,6.34935,4.125229,-0.0070381165,-0.115130424,0.2016828,0.0,0.0,0.0
6.263214,6.4259186,4.217346,0.014043808,-0.028903008,0.28624773,0.0,0.0,0.0
6.2081757,6.509674,4.241272,-0.040964127,0.058735847,0.30375695,0.0,0.0,0.0
6.1674957,6.611374,4.143173,-0.07249403,0.1570468,0.19670868,0.0,0.0,0.0
6.099304,6.6436768,4.013962,-0.13372517,0.1833868,0.06625557,0.0,0.0,0.0
6.0957184,6.6999054,3.9517517,-0.13101721,0.23339796,0.0042939186,0.0,0.0,0.0
6.0646057,6.673584,3.9278107,-0.1522665,0.19636822,-0.01763773,0.0,0.0,0.0
6.025131,6.5730896,3.9015045,-0.18592834,0.08903122,-0.041858435,0.0,0.0,0.0
5.967697,6.4342957,3.9278107,-0.2384677,-0.05599928,-0.012998819,0.0,0.0,0.0
5.9820557,6.394821,3.9768677,-0.21982336,-0.09926319,0.035553694,0.0,0.0,0.0
6.0753784,6.423538,4.0690002,-0.1211462,-0.072209835,0.122009516,0.0,0.0,0.0
6.08255,6.422333,4.0163574,-0.10838938,-0.07401991,0.061605453,0.0,0.0,0.0
6.0753784,6.418747,3.9517517,-0.111703396,-0.07940912,-0.0060732365,0.0,0.0,0.0
6.2033997,6.4857483,3.8679962,0.018886566,-0.013887882,-0.09141183,0.0,0.0,0.0
6.2883453,6.528824,3.858429,0.103671074,0.028829575,-0.1001389,0.0,0.0,0.0
6.340973,6.5336,3.826126,0.15396404,0.033168316,-0.12807393,0.0,0.0,0.0
6.1567383,6.2979126,3.809372,-0.03603983,-0.20224714,-0.13623476,0.0,0.0,0.0
6.0957184,6.197403,3.797409,-0.1023798,-0.30101156,-0.14271379,0.0,0.0,0.0
5.925827,6.069397,3.7316132,-0.27759457,-0.42665577,-0.20402384,0.0,0.0,0.0
5.971283,6.2285156,3.8452606,-0.23948002,-0.26053667,-0.09034777,0.0,0.0,0.0
6.065811,6.3266296,3.912262,-0.14882469,-0.15639591,-0.027162075,0.0,0.0,0.0
6.303894,6.690338,4.143173,0.08815193,0.21178389,0.19814157,0.0,0.0,0.0
6.34816,6.751343,4.1288147,0.13368034,0.27404022,0.17974162,0.0,0.0,0.0
6.3026886,6.5814514,4.022339,0.08765459,0.1033349,0.07547474,0.0,0.0,0.0
6.16391,6.428314,3.8440704,-0.05376339,-0.051650047,-0.09559846,0.0,0.0,0.0
5.995224,6.2847443,3.6825562,-0.22550964,-0.1964016,-0.25033164,0.0,0.0,0.0
5.905487,6.1088715,3.5904236,-0.31979513,-0.3719778,-0.33575082,0.0,0.0,0.0
5.95813,6.065811,3.6969147,-0.2760582,-0.40987873,-0.22363758,0.0,0.0,0.0
6.283554,6.34816,4.0905304,0.043472767,-0.12041807,0.1676135,0.0,0.0,0.0
6.354141,6.477371,4.266403,0.10961008,0.021020412,0.33044672,0.0,0.0,0.0
6.423538,6.582657,4.3034973,0.17955923,0.13045883,0.35986304,0.0,0.0,0.0
6.222534,6.4701996,4.003189,-0.017731667,0.016225815,0.05658388,0.0,0.0,0.0
6.0873413,6.4079742,3.7016907,-0.15152645,-0.050101757,-0.24041295,0.0,0.0,0.0
5.9772644,6.3230286,3.5473633,-0.2616248,-0.13863468,-0.38882184,0.0,0.0,0.0
5.9724884,6.241684,3.4636078,-0.27045918,-0.22336578,-0.46056414,0.0,0.0,0.0
6.0765686,6.18544,3.596405,-0.17157507,-0.27855444,-0.32122946,0.0,0.0,0.0
6.2368927,6.20578,3.8452606,-0.017417908,-0.25492334,-0.0679605,0.0,0.0,0.0
6.3708954,6.3338013,4.1575317,0.10790062,-0.11619139,0.24053288,0.0,0.0,0.0
6.386444,6.3672943,4.228119,0.11963272,-0.07515669,0.30481744,0.0,0.0,0.0
6.295517,6.376877,4.150345,0.028977394,-0.060476303,0.21825218,0.0,0.0,0.0
6.1411743,6.2931213,3.920639,-0.12329674,-0.14423752,-0.014739275,0.0,0.0,0.0
6.1280212,6.419937,3.7591248,-0.13444471,-0.019824982,-0.17551303,0.0,0.0,0.0
6.1052856,6.4941254,3.739975,-0.15469503,0.049209118,-0.19017673,0.0,0.0,0.0
6.1782684,6.500107,3.8045807,-0.08003664,0.050674915,-0.12082791,0.0,0.0,0.0
6.3194427,6.398407,4.0713806,0.06050825,-0.05492115,0.15338564,0.0,0.0,0.0
6.3397827,6.3517456,4.1694946,0.078540325,-0.099354744,0.25151825,0.0,0.0,0.0
6.3385925,6.374481,4.2269287,0.07502365,-0.0715065,0.30426025,0.0,0.0,0.0
6.1459656,6.3756714,4.0917206,-0.11496878,-0.070476055,0.16511035,0.0,0.0,0.0
6.0753784,6.337387,4.0211334,-0.18055582,-0.11005974,0.08869076,0.0,0.0,0.0
6.1052856,6.5144653,3.8225403,-0.14143944,0.06448269,-0.12037015,0.0,0.0,0.0
6.276367,6.7214355,3.903885,0.038042545,0.2666974,-0.04453826,0.0,0.0,0.0
6.337387,6.752548,4.1491547,0.10902119,0.2938738,0.19145656,0.0,0.0,0.0
6.401993,6.752548,4.3381805,0.18255186,0.28766584,0.376585,0.0,0.0,0.0
5.904297,6.3026886,4.1898346,-0.3134508,-0.17153597,0.2408576,0.0,0.0,0.0
5.79422,6.2811584,4.055832,-0.4259715,-0.20779276,0.13497448,0.0,0.0,0.0
5.91864,6.2680054,3.7196503,-0.31206894,-0.22773838,-0.17315984,0.0,0.0,0.0
6.1615143,6.381653,3.4540405,-0.08782768,-0.11398506,-0.40896416,0.0,0.0,0.0
6.2691956,6.417557,3.5282135,0.0029101372,-0.06363726,-0.33160138,0.0,0.0,0.0
6.5814514,6.727417,3.9026947,0.30010128,0.26589298,0.034396887,0.0,0.0,0.0
6.6185455,6.8147583,4.0534363,0.316638,0.38733053,0.16183949,0.0,0.0,0.0
6.49292,6.6915283,4.1850433,0.1839776,0.28048992,0.2778418,0.0,0.0,0.0
6.4079742,6.4857483,4.1204376,0.09629011,0.084050655,0.20236468,0.0,0.0,0.0
6.3134613,6.253647,3.899109,4.2247772E-4,-0.14255285,-0.025754452,0.0,0.0,0.0
6.0933228,6.0107727,3.5952148,-0.22027683,-0.38168383,-0.334841,0.0,0.0,0.0
5.9892426,5.927017,3.4827576,-0.32177687,-0.4625764,-0.4560902,0.0,0.0,0.0
6.173477,6.0466614,3.6598206,-0.13431215,-0.34084415,-0.28757763,0.0,0.0,0.0
6.332611,6.36969,4.030716,0.035750866,-0.02054596,0.07030797,0.0,0.0,0.0
6.3421783,6.3960114,4.1204376,0.057745457,-0.0010061264,0.1512506,0.0,0.0,0.0
6.168701,6.417557,4.179062,-0.0995636,0.01208353,0.19796228,0.0,0.0,0.0
5.9306183,6.324234,4.022339,-0.30973816,-0.10000944,0.027662516,0.0,0.0,0.0
5.843277,6.1866455,3.878769,-0.38073397,-0.2493782,-0.122439384,0.0,0.0,0.0
5.6267242,5.913864,3.5042877,-0.5839071,-0.5323181,-0.50135565,0.0,0.0,0.0
5.7355957,5.9521484,3.5078735,-0.4671421,-0.49924517,-0.5016093,0.0,0.0,0.0
6.0215454,6.241684,3.7208405,-0.18198442,-0.20754051,-0.29090643,0.0,0.0,0.0
6.2847443,6.4342957,4.064209,0.080163,-0.009297848,0.045045853,0.0,0.0,0.0
6.4115753,6.508484,4.3166504,0.20869112,0.06877756,0.2886486,0.0,0.0,0.0
6.197403,6.47139,4.3788605,3.7622452E-4,0.032033443,0.34129572,0.0,0.0,0.0
5.9413757,6.3098755,4.2831573,-0.23779249,-0.13435555,0.22604513,0.0,0.0,0.0
5.7344055,6.294327,4.0055847,-0.43247366,-0.15595198,-0.060604095,0.0,0.0,0.0
5.7391815,6.34816,3.9732819,-0.41615343,-0.10886192,-0.09969187,0.0,0.0,0.0
5.77507,6.4953156,3.940979,-0.36598158,0.029723644,-0.13995218,0.0,0.0,0.0
5.8983,6.541977,4.088135,-0.2338605,0.07053709,0.003107071,0.0,0.0,0.0
5.9533386,6.5898285,4.179062,-0.16837645,0.11014891,0.09142923,0.0,0.0,0.0
6.16391,6.6676025,4.332199,0.04949951,0.18055153,0.24532461,0.0,0.0,0.0
6.1770782,6.600601,4.290329,0.07221317,0.101418495,0.20846319,0.0,0.0,0.0
6.1076813,6.4366913,4.1276245,0.009218693,-0.07191038,0.051199913,0.0,0.0,0.0
6.0155487,6.3601227,3.9086761,-0.07846975,-0.15542889,-0.16329098,0.0,0.0,0.0
5.996414,6.4091797,3.8895264,-0.09858847,-0.10277414,-0.18671942,0.0,0.0,0.0
5.9844513,6.4462585,3.900299,-0.12048674,-0.05328369,-0.18088627,0.0,0.0,0.0
6.0,6.3888397,4.001999,-0.115260124,-0.10020828,-0.08043146,0.0,0.0,0.0
6.086151,6.2524414,4.1288147,-0.044950485,-0.22246313,0.04768896,0.0,0.0,0.0
6.098114,6.241684,4.1766663,-0.06129837,-0.20831823,0.09873915,0.0,0.0,0.0
6.069397,6.2572327,4.216156,-0.11272478,-0.17216444,0.14005423,0.0,0.0,0.0
6.027527,6.217743,4.174286,-0.17596483,-0.19091558,0.09799242,0.0,0.0,0.0
6.1040955,6.3349915,4.1694946,-0.12830687,-0.044709682,0.09187889,0.0,0.0,0.0
6.275177,6.5491486,4.2029877,0.025880337,0.1869545,0.12387514,0.0,0.0,0.0
6.378067,6.7094727,4.2759705,0.11029816,0.36513948,0.19738007,0.0,0.0,0.0
6.45105,6.6795654,4.229309,0.17593718,0.3394208,0.15550089,0.0,0.0,0.0
6.4211426,6.612564,4.1192474,0.13869381,0.27108192,0.058849335,0.0,0.0,0.0
6.34935,6.305084,3.9062805,0.06094551,-0.037531853,-0.14311123,0.0,0.0,0.0
6.3469543,6.1674957,3.8022003,0.04989338,-0.17402983,-0.23543072,0.0,0.0,0.0
6.3397827,6.1256256,3.8022003,0.031770706,-0.21245241,-0.22373247,0.0,0.0,0.0
6.3385925,5.9724884,3.858429,0.0101566315,-0.35350132,-0.15444231,0.0,0.0,0.0
6.479767,6.0646057,4.1324005,0.1322546,-0.2437253,0.12185955,0.0,0.0,0.0
6.5348053,6.111267,4.2053833,0.17730284,-0.18513441,0.19192123,0.0,0.0,0.0
6.632904,6.357727,4.339386,0.26970434,0.07160854,0.31883955,0.0,0.0,0.0
6.41037,6.3302155,4.1898346,0.050893307,0.04216957,0.16641283,0.0,0.0,0.0
6.2368927,6.2644043,4.0043945,-0.11668873,-0.029376507,-0.019373894,0.0,0.0,0.0
6.130417,6.22612,3.8249207,-0.2120452,-0.08138895,-0.19489098,0.0,0.0,0.0
6.025131,6.1997986,3.7005005,-0.31021166,-0.11739254,-0.3153324,0.0,0.0,0.0
6.0,6.1615143,3.6765747,-0.32670307,-0.16878843,-0.3322258,0.0,0.0,0.0
6.0442657,6.1591187,3.871582,-0.27748632,-0.17835999,-0.13369036,0.0,0.0,0.0
6.2907257,6.2979126,4.141983,-0.026812553,-0.042337894,0.13445044,0.0,0.0,0.0
6.294327,6.3397827,4.220932,-0.016302586,-0.0033392906,0.20706224,0.0,0.0,0.0
6.214157,6.34935,4.179062,-0.08839321,0.0018730164,0.15938711,0.0,0.0,0.0
6.1017,6.2680054,4.0091705,-0.19136906,-0.08681488,-0.0137553215,0.0,0.0,0.0
6.050247,6.2668,3.9266205,-0.23191166,-0.09800482,-0.09757376,0.0,0.0,0.0
6.0837555,6.3672943,3.8332977,-0.18111849,-0.014997482,-0.19014454,0.0,0.0,0.0
6.1292114,6.443878,3.900299,-0.1282568,0.053897858,-0.12246418,0.0,0.0,0.0
6.0681915,6.399597,3.9302063,-0.17684937,-0.0045928955,-0.089271545,0.0,0.0,0.0
5.962921,6.2596283,3.994812,-0.2740121,-0.15227938,-0.024950981,0.0,0.0,0.0
6.0047913,6.2727814,4.0534363,-0.22520876,-0.14414597,0.030934334,0.0,0.0,0.0
6.08136,6.3888397,4.0690002,-0.14597416,-0.029639244,0.044844627,0.0,0.0,0.0
6.192627,6.4450684,4.0343018,-0.029417992,0.024593353,0.0051527023,0.0,0.0,0.0
6.3014984,6.3888397,4.0007935,0.08146286,-0.033682346,-0.028196335,0.0,0.0,0.0
6.366104,6.3589325,4.052246,0.1425848,-0.061802387,0.025788784,0.0,0.0,0.0
6.4295197,6.357727,4.0486603,0.20219135,-0.06069565,0.024405956,0.0,0.0,0.0
6.222534,6.1615143,3.9445648,-0.011547089,-0.2546196,-0.07287741,0.0,0.0,0.0
6.078964,5.934204,3.9146576,-0.160038,-0.48063326,-0.097212315,0.0,0.0,0.0
6.1878357,6.016754,3.9780731,-0.061836243,-0.3885584,-0.03240919,0.0,0.0,0.0
6.273987,6.305084,4.145569,0.01800394,-0.09227991,0.13224077,0.0,0.0,0.0
6.32782,6.5479584,4.269989,0.070195675,0.15542126,0.25153303,0.0,0.0,0.0
6.36969,6.641281,4.3058777,0.11539364,0.24990082,0.28040695,0.0,0.0,0.0
6.3637085,6.6628113,4.1730804,0.11205053,0.2678461,0.14920425,0.0,0.0,0.0
6.2895355,6.6352997,4.072586,0.039224625,0.23810625,0.050159454,0.0,0.0,0.0
6.18544,6.528824,3.875183,-0.06067276,0.118225574,-0.13239622,0.0,0.0,0.0
6.1375885,6.305084,3.7710876,-0.10835934,-0.10820246,-0.23244476,0.0,0.0,0.0
6.20459,6.254837,3.7985992,-0.04712391,-0.1606288,-0.1924231,0.0,0.0,0.0
6.276367,6.2656097,3.9756775,0.018701553,-0.14756107,-0.009701252,0.0,0.0,0.0
6.3266296,6.3182526,4.116852,0.060256004,-0.08736038,0.1329999,0.0,0.0,0.0
6.361313,6.3732758,4.2149506,0.09238529,-0.02646017,0.22567677,0.0,0.0,0.0
6.3912354,6.4737854,4.1850433,0.122684956,0.07667971,0.19096017,0.0,0.0,0.0
6.356537,6.464203,4.0737762,0.090768814,0.06617737,0.07680035,0.0,0.0,0.0
6.291931,6.4008026,3.866806,0.028020859,-5.0640106E-4,-0.12782288,0.0,0.0,0.0
6.250046,6.356537,3.6897278,-0.012164593,-0.051921368,-0.29609227,0.0,0.0,0.0
6.1794586,6.2572327,3.6299133,-0.08432484,-0.1540699,-0.3488567,0.0,0.0,0.0
6.168701,6.1914215,3.6646118,-0.09777832,-0.22088051,-0.30829644,0.0,0.0,0.0
6.151947,6.1698914,3.6765747,-0.12175655,-0.24068499,-0.2877078,0.0,0.0,0.0
6.2440643,6.2285156,3.887146,-0.03444767,-0.17899323,-0.074483395,0.0,0.0,0.0
6.41037,6.3625183,4.08934,0.12639427,-0.03686714,0.12324619,0.0,0.0,0.0
6.422333,6.3840485,4.1240234,0.13634157,-0.010850906,0.15388942,0.0,0.0,0.0
6.30748,6.276367,4.0570374,0.022035122,-0.1157856,0.08161926,0.0,0.0,0.0
6.1495514,6.1830597,3.9397888,-0.13393879,-0.20924616,-0.038472414,0.0,0.0,0.0
6.028717,6.118454,3.760315,-0.2539959,-0.27351522,-0.21971488,0.0,0.0,0.0
6.0012054,6.119644,3.6993103,-0.28163958,-0.2720623,-0.2809329,0.0,0.0,0.0
6.090927,6.2668,3.8117676,-0.19294643,-0.12412405,-0.1681087,0.0,0.0,0.0
6.155533,6.3385925,3.891922,-0.12874079,-0.05091858,-0.08959031,0.0,0.0,0.0
6.30748,6.4534454,4.146759,0.023524761,0.06444979,0.16391826,0.0,0.0,0.0
6.3182526,6.3732758,4.118042,0.03607273,-0.01621437,0.1331935,0.0,0.0,0.0
6.2859497,6.3433685,4.094116,0.0069918633,-0.049195766,0.10911989,0.0,0.0,0.0
6.12204,6.1663055,3.8620148,-0.15519333,-0.22854424,-0.12203288,0.0,0.0,0.0
6.212967,6.1124725,3.7507477,-0.06706381,-0.28228474,-0.22903681,0.0,0.0,0.0
6.263214,6.1004944,3.7495575,-0.021849632,-0.29219675,-0.2255981,0.0,0.0,0.0
6.3338013,6.217743,3.8679962,0.042883873,-0.17089176,-0.104420185,0.0,0.0,0.0
6.480957,6.320648,4.067795,0.18324804,-0.060624123,0.09430671,0.0,0.0,0.0
6.546768,6.3912354,4.1718903,0.24501133,0.015236855,0.1963532,0.0,0.0,0.0
6.423538,6.415161,4.2221375,0.1209898,0.04219389,0.2429967,0.0,0.0,0.0
6.217743,6.479767,4.1288147,-0.080323696,0.10472298,0.14590645,0.0,0.0,0.0
6.193817,6.5348053,4.063019,-0.09393358,0.15210867,0.07607007,0.0,0.0,0.0
6.1986084,6.631714,3.998413,-0.08089352,0.24074364,0.0117173195,0.0,0.0,0.0
6.052643,6.5982056,3.9242249,-0.21756697,0.19658375,-0.060007572,0.0,0.0,0.0
6.0538483,6.488144,3.9457703,-0.2063837,0.07540512,-0.036272526,0.0,0.0,0.0
6.202194,6.467804,3.9421692,-0.049442768,0.046015263,-0.03879094,0.0,0.0,0.0
6.417557,6.4654083,4.0390778,0.17005539,0.03710127,0.06214714,0.0,0.0,0.0
6.3230286,6.381653,4.0953217,0.07698202,-0.049171925,0.120176315,0.0,0.0,0.0
6.2823486,6.3218384,4.101303,0.037580967,-0.10908985,0.12431598,0.0,0.0,0.0
6.3756714,6.3338013,4.1288147,0.13056612,-0.09444618,0.14802504,0.0,0.0,0.0
6.3397827,6.378067,4.113266,0.094861984,-0.04912138,0.13047719,0.0,0.0,0.0
6.18425,6.32782,3.9960175,-0.059484005,-0.09930754,0.011270523,0.0,0.0,0.0
6.130417,6.3134613,3.9218292,-0.10881376,-0.11744499,-0.06387329,0.0,0.0,0.0
6.2488556,6.4115753,3.9134674,0.011145592,-0.02051258,-0.07270956,0.0,0.0,0.0
6.3708954,6.546768,3.9708862,0.13319921,0.114106655,-0.014386177,0.0,0.0,0.0
6.344574,6.5336,4.0247345,0.10752535,0.099746704,0.040371418,0.0,0.0,0.0
6.197403,6.3708954,4.08934,-0.037483215,-0.0657897,0.10616636,0.0,0.0,0.0
6.1914215,6.3589325,4.0498505,-0.042452335,-0.078816414,0.066812515,0.0,0.0,0.0
6.18425,6.357727,4.0330963,-0.049267292,-0.08015442,0.049715042,0.0,0.0,0.0
6.090927,6.36969,4.0390778,-0.14000702,-0.06949663,0.05376315,0.0,0.0,0.0
6.12204,6.4031982,4.030716,-0.10505724,-0.03789234,0.042482376,0.0,0.0,0.0
6.234497,6.435501,4.0330963,0.011025429,-0.007724285,0.04265213,0.0,0.0,0.0
6.2703857,6.443878,4.0211334,0.04851675,1.3494492E-4,0.029028177,0.0,0.0,0.0
6.238083,6.401993,3.9349976,0.017653942,-0.042282104,-0.058493376,0.0,0.0,0.0
6.196213,6.320648,3.8739777,-0.023826122,-0.12449455,-0.11872077,0.0,0.0,0.0
6.172287,6.1986084,3.8332977,-0.051088333,-0.2463646,-0.15447211,0.0,0.0,0.0
6.111267,6.1950226,3.8955078,-0.11813021,-0.24759388,-0.086664915,0.0,0.0,0.0
6.1172485,6.276367,4.019943,-0.11402559,-0.16436815,0.037665606,0.0,0.0,0.0
6.202194,6.4546356,4.1934204,-0.028479576,0.017341614,0.20464349,0.0,0.0,0.0
6.1830597,6.460617,4.158722,-0.044514656,0.023250103,0.16522527,0.0,0.0,0.0
6.01915,6.4079742,3.9708862,-0.20073175,-0.03506708,-0.025446415,0.0,0.0,0.0
5.996414,6.3828583,3.8081818,-0.21670055,-0.06803846,-0.1860044,0.0,0.0,0.0
6.0263214,6.3792725,3.723236,-0.18601751,-0.07559061,-0.26574683,0.0,0.0,0.0
6.155533,6.3876343,3.7926178,-0.057638645,-0.068067074,-0.19370914,0.0,0.0,0.0
6.1770782,6.3553314,3.9373932,-0.039102077,-0.10081291,-0.043522596,0.0,0.0,0.0
6.1878357,6.291931,4.1228333,-0.031826973,-0.16144705,0.14287162,0.0,0.0,0.0
6.2727814,6.2691956,4.2317047,0.050203323,-0.17822838,0.24665236,0.0,0.0,0.0
6.114853,6.2476654,4.191025,-0.10857487,-0.19581127,0.20091915,0.0,0.0,0.0
5.970093,6.2644043,4.0259247,-0.24892282,-0.1787467,0.028420925,0.0,0.0,0.0
5.954544,6.337387,3.900299,-0.26009655,-0.10708666,-0.101873875,0.0,0.0,0.0
6.2596283,6.6185455,3.9015045,0.050160885,0.17075062,-0.10334873,0.0,0.0,0.0
6.3708954,6.7369995,4.022339,0.16354322,0.2862215,0.019011497,0.0,0.0,0.0
6.3302155,6.7130585,4.092926,0.12639236,0.25733948,0.09209442,0.0,0.0,0.0
6.2823486,6.602997,4.072586,0.080617905,0.1434226,0.07473326,0.0,0.0,0.0
6.160324,6.4570313,3.9720917,-0.04157543,-0.006102085,-0.019742489,0.0,0.0,0.0
6.0358887,6.3720856,3.899109,-0.16535378,-0.09692764,-0.0842123,0.0,0.0,0.0
6.0430756,6.477371,3.866806,-0.15664434,0.0058045387,-0.11473584,0.0,0.0,0.0
6.276367,6.5766754,3.9589233,0.0779109,0.10383177,-0.022510767,0.0,0.0,0.0
6.3672943,6.591034,3.9649048,0.16991234,0.11748028,-0.017047167,0.0,0.0,0.0
6.4737854,6.6676025,4.1647034,0.27634048,0.19301748,0.18452644,0.0,0.0,0.0
6.489334,6.710678,4.1479645,0.29107475,0.23668432,0.16809201,0.0,0.0,0.0
6.3756714,6.63649,4.019943,0.1754036,0.16154432,0.044751644,0.0,0.0,0.0
6.1459656,6.4295197,3.8416748,-0.054986954,-0.04796648,-0.12830544,0.0,0.0,0.0
6.099304,6.3912354,3.8153534,-0.103229046,-0.088896275,-0.14783525,0.0,0.0,0.0
6.106476,6.419937,3.8703918,-0.098001,-0.06341791,-0.084474325,0.0,0.0,0.0
6.1447754,6.4546356,4.0486603,-0.059827328,-0.029527664,0.095317364,0.0,0.0,0.0
6.135193,6.460617,4.094116,-0.06693888,-0.023832798,0.13736677,0.0,0.0,0.0
6.135193,6.5108643,4.1814575,-0.062030315,0.02700615,0.21605611,0.0,0.0,0.0
6.2596283,6.5611267,4.1276245,0.065861225,0.07766676,0.156178,0.0,0.0,0.0
6.2117615,6.5120697,4.010376,0.020765305,0.02761364,0.03623748,0.0,0.0,0.0
