-0.9403839,6.768097,6.5036926,-0.06862378,-0.49263096,-0.38968658,0.0902853,-0.073451996,9.1856
-1.0815582,6.57428,7.071991,0.048488855,-0.6107559,-0.60370827,-0.070408344,-0.01390934,8.9495125
-0.89372253,6.838684,6.7920227,0.09179026,-0.5042772,-0.7185731,-0.19143248,-0.12873101,8.954681
-0.82432556,6.921234,6.468994,0.05678916,-0.39121866,-0.7810807,-0.26305413,-0.23440099,9.005262
-0.982254,6.546768,6.7992096,-0.09251517,-0.41080475,-0.6871371,-0.10444641,-0.28878832,9.061553
-0.95474243,6.4905243,7.150955,-0.06599349,-0.40354967,-0.6210513,-0.09000945,-0.23668003,9.107513
-0.899704,6.6352997,6.9655,0.049205065,-0.42964268,-0.6158705,-0.150599,-0.13894749,9.082548
-0.90927124,6.8362885,6.497711,0.18928522,-0.3934803,-0.602088,-0.2548566,-0.04077363,9.109119
-1.1868439,6.5120697,6.916458,0.086717665,-0.3437686,-0.46750546,-0.13904476,-0.063599825,9.240187
-1.0695953,6.5730896,6.8889313,0.06518221,-0.2239623,-0.41877222,-0.15930557,-0.098097086,9.3653145
-0.98464966,6.847061,6.12204,-0.09067339,-0.17571831,-0.29136372,-0.01108408,-0.16305113,9.494748
-0.9188385,6.8231354,5.8049927,-0.13991737,-0.32306337,-0.24558687,0.020087242,-0.17103082,9.413452
-1.0109711,6.5072784,6.795624,-0.16925651,-0.38715792,-0.2290616,0.1837728,-0.11153269,9.376771
-0.96310425,6.55513,6.982254,-0.009396672,-0.21430969,-0.15789604,0.029458523,-0.016388655,9.542431
-0.9140625,6.7489624,6.504883,0.03240925,-0.15023041,-0.2120409,-0.06096053,-0.038670063,9.554916
-1.0061798,6.4833527,6.634094,0.03389448,0.038981915,-0.22337103,-0.16584373,-0.112394094,9.695177
-0.97387695,6.385254,6.7992096,0.16013724,-0.03411293,-0.15703964,-0.17436504,0.044925928,9.668637
-0.8805542,6.6484528,6.2273254,0.2891171,-0.10261536,-0.09229231,-0.18808436,0.20178151,9.643725
-0.85783386,6.7609253,5.9736786,0.29353946,-0.106877804,-0.010896206,-0.1437757,0.2519033,9.690117
-0.88175964,6.479767,6.459427,0.1008597,-0.054702282,0.013920307,-0.030240297,0.10259318,9.762844
-0.9798584,6.439087,6.8817596,0.033334196,-0.08116531,0.013971806,0.02769494,0.0608778,9.748159
-1.0157471,6.7250214,6.6221313,0.04357481,-0.12541485,-0.07766533,-0.0071794987,0.031039953,9.65617
-1.0480499,6.754944,6.518051,-0.06507611,-0.004858494,-0.085718155,-0.003278017,-0.09617376,9.758216
-1.0923309,6.5479584,6.9583282,-0.052789927,-0.19018221,0.056709766,0.16406512,0.05405307,9.695597
-1.0935211,6.5778656,6.8243256,0.13923323,-0.22145557,0.036099434,0.04496336,0.1958251,9.635295
-1.0791626,6.653244,6.619751,0.30549693,-0.15947056,-0.16286802,-0.20591998,0.18415451,9.544029
-1.0289154,6.5898285,6.809967,-0.04082954,-0.22345495,-0.260314,-0.07474375,-0.09411633,9.48274
-0.93559265,6.4857483,6.9678955,-0.084537625,-0.25999212,-0.392354,-0.035853624,-0.2272563,9.387421
-0.87815857,6.571884,6.8446655,0.10886967,-0.2470522,-0.36156893,-0.14862251,-0.07483673,9.387209
-0.8494568,6.7453613,6.30748,-0.17078412,-0.24455357,-0.29105473,0.065526485,-0.24959826,9.479399
-0.9032898,6.612564,6.8243256,-0.21777952,-0.2616682,-0.24472237,0.12890601,-0.25792742,9.502275
-0.91166687,6.5730896,7.0576324,-0.16008162,-0.24030495,0.20906019,0.32160473,-0.14356863,9.751539
-0.88175964,6.681961,6.686737,0.028320313,-0.28043938,0.26370287,0.28674746,0.23838949,9.706984
-0.8901367,6.69751,6.422333,-0.28192568,-0.28486252,0.1865902,0.43276072,-0.047670126,9.7299
-0.9714813,6.600601,6.8123627,-0.4122188,-0.395257,8.9645386E-5,0.4581554,-0.25020432,9.575038
-0.9786682,6.5659027,6.941574,-1.7181294,0.43305206,-4.6432595,-1.9831209,-4.302988,8.306353
-0.97387695,6.7130585,6.4031982,-1.7003834,0.5628147,-2.6076436,-2.2973528,-2.1480649,9.466278
-1.056427,6.6592255,6.4259186,-0.49075317,-0.4044361,-0.3426361,0.296947,-0.5361481,9.424323
-1.0612183,6.4953156,6.7621155,-1.0007057,-0.17320728,0.28688717,0.8631828,-0.5569539,10.048384
-1.0157471,6.5599213,6.509674,-0.8057387,-0.060077667,-0.23205662,0.3753693,-0.75146055,9.839501
-0.98583984,6.6891327,6.1902313,-0.5188494,-0.27523994,-0.8507571,-0.052954912,-0.88906336,9.281758
-0.9678955,6.612564,6.4534454,-0.41939783,-0.37680817,-0.7282424,0.015049219,-0.7178695,9.229891
-0.95832825,6.518051,6.8817596,-0.21140814,-0.45126152,-0.5071626,0.064058065,-0.392159,9.2170315
-0.8769684,6.550354,6.6460724,0.32219172,-0.6785717,-0.184134,0.048906803,0.25719357,9.078892
-0.7884369,6.6723785,6.1866455,0.30263317,-0.798666,-0.23884249,0.21679735,0.16345096,8.962385
-0.825531,6.649658,6.2883453,0.41582894,-0.5845108,-0.15371132,0.17100143,0.31655693,9.167319
-0.8841553,6.5862427,6.6592255,0.3429594,-0.49419212,-0.38807058,-0.17777944,0.15877438,9.131646
-0.8721771,6.702301,6.5455627,0.4238819,-0.5369816,-0.37057495,-0.19748521,0.25232434,9.09765
-1.0014038,6.6676025,6.357727,0.2686888,-0.4411664,-0.280509,-0.09591651,0.1701479,9.252253
-1.0540314,6.579071,6.7740784,0.07143092,-0.5364013,-0.10695267,0.1781857,0.1557796,9.308403
-1.0959167,6.607773,6.734604,0.076051116,-0.4055934,-0.12997389,0.094848156,0.11103368,9.399393
-1.1521454,6.6257324,6.3553314,0.1319753,-0.28367567,-0.18137074,-0.0342052,0.08724761,9.457361
-1.2263184,6.6101685,6.24646,0.13356686,-0.28609657,-0.13301992,-0.0071394444,0.11893988,9.485421
-1.2227325,6.591034,6.5348053,-0.017534971,-0.34780216,0.16987467,0.28893924,0.20084524,9.644457
-1.0301056,6.607773,6.57428,0.1639111,-0.10661173,0.30724669,0.11591816,0.33319998,9.897062
-0.97746277,6.620941,6.354141,0.22386122,0.04945278,0.2352109,-0.045779943,0.2830348,9.966897
-1.022934,6.624527,6.4582214,-0.09326267,0.026060581,0.31497192,0.21528983,0.09755468,10.036253
-0.91285706,6.7214355,6.928421,-0.3662963,-0.14134645,0.48931837,0.57605577,0.048633814,10.050329
-0.8183441,6.71904,6.933197,-0.109746814,-0.1547718,0.4070816,0.37215042,0.199996,9.959032
-0.85543823,6.746567,6.8159485,0.18061018,-0.0010304451,-0.017798424,-0.1269157,0.12563777,9.774315
-0.88534546,6.78006,6.6783752,0.12007487,-0.06508827,-0.13427305,-0.056699276,0.107538775,9.658651
-0.91645813,6.784851,6.86261,0.12103248,-0.14815617,-0.2013588,-0.10852575,0.029326677,9.552668
-0.9020996,6.690338,6.9188538,0.22561038,-0.061560154,-0.32062626,-0.28773355,0.009151697,9.53349
-0.9415741,6.705887,6.7812653,0.115700364,-0.2355814,-0.31361246,-0.12098026,-0.008614302,9.416103
-1.0755768,6.6508484,6.7202454,0.08256054,-0.33963585,-0.33306265,-0.055673838,-0.008806467,9.327148
-1.1724854,6.644867,6.8279266,-0.2397362,-0.24684191,-0.2992034,0.12470579,-0.2639556,9.456361
-1.2167511,6.6556396,6.722641,-0.27439928,-0.13680792,-0.3122611,0.08145666,-0.33601236,9.5383625
-1.1090698,6.703491,6.4366913,-0.14302778,-0.111308575,-0.31125355,-0.017868757,-0.24670362,9.544844
-1.022934,6.6556396,6.6053925,-0.013736725,-0.13216686,-0.3946972,-0.13819623,-0.1908691,9.463265
-0.8877411,6.710678,6.9930267,0.009519339,-0.22378731,-0.59527683,-0.21677232,-0.2581072,9.2672825
-0.8338928,6.69751,6.7740784,0.05484426,-0.24352884,-0.5740986,-0.30630016,-0.011374176,9.260798
-0.80519104,6.6436768,6.705887,0.09261608,-0.24465227,-0.50901556,-0.21492028,-0.14132309,9.29541
-0.81355286,6.604187,6.953537,0.0012683868,-0.27534914,-0.32999706,-0.040766716,-0.096708536,9.389874
-0.7537384,6.681961,6.8566284,-0.09254396,-0.35451412,-0.32068062,0.06674242,-0.13542557,9.34374
-0.7800598,6.6269226,6.541977,-0.040917158,-0.45306826,-0.27083778,0.11185956,-0.035562754,9.290395
-0.91645813,6.592224,6.423538,0.020068645,-0.44631338,-0.247221,0.08181095,0.021563292,9.303103
-0.9834442,6.5455627,6.731003,-0.078579664,-0.46754265,-0.198627,0.18444777,-0.017439127,9.327173
-1.0372925,6.599411,6.969101,-0.05032432,-0.5881839,-0.24294758,0.20470476,0.018190622,9.202264
-0.9954071,6.592224,6.7908325,0.16152012,-0.44439888,-0.29476213,-0.037047863,0.09947491,9.259662
-1.0014038,6.51326,6.5108643,0.03048563,-0.2863598,-0.32579517,-0.050838947,-0.06916237,9.380382
-0.9906311,6.4295197,6.591034,-0.1945076,-0.33368206,-0.25354815,0.019769192,-0.2413283,9.413162
-0.9607239,6.531204,6.673584,-0.13922632,-0.33949423,-0.25379467,0.12760329,-0.13843298,9.402167
-0.8494568,6.6580353,6.3194427,0.014243841,-0.20336628,-0.3017335,-0.06975865,-0.095856905,9.462341
-0.8458557,6.5886383,6.5371857,-0.10344875,-0.12014246,-0.28834772,-0.02941227,-0.20395279,9.550098
-0.93440247,6.479767,6.751343,-0.20920837,-0.2836337,-0.30336905,0.11633921,-0.23910141,9.425148
-0.86260986,6.600601,6.8075867,-0.11091626,-0.35019064,-0.3067789,0.085648775,-0.14566207,9.358882
-0.7992096,6.6053925,6.504883,0.13762522,-0.33495998,-0.33273506,-0.09816122,0.021185398,9.325228
-0.94636536,6.4749756,6.591034,0.056572795,-0.23923826,-0.2492919,-0.049547434,-0.022864103,9.460812
-1.0241241,6.364914,6.84227,-0.01041472,-0.16208315,-0.17062998,-0.0027608871,-0.052992344,9.577133
-1.1114655,6.484543,6.6759796,0.13339782,-0.156044,-0.23262453,-0.1336801,0.017363787,9.527209
-1.0528412,6.6173553,6.4139557,0.17171729,-0.17189407,-0.37969208,-0.20156956,0.11940259,9.421536
-0.9906311,6.4378967,6.6580353,-0.051526785,-0.19965458,-0.3785329,-0.071659565,-0.19140363,9.427134
-1.036087,6.4366913,6.9188538,-0.18372297,-0.24593115,-0.19241619,0.14128757,-0.1685803,9.518764
-1.0420685,6.509674,6.9176483,-0.26728725,-0.1973648,-0.0950017,0.22425842,-0.19110847,9.626077
-0.93559265,6.6711884,6.579071,-0.21140873,-0.070643425,-0.17513037,0.07744694,-0.23646355,9.67085
-0.9056854,6.6376953,6.5647125,-0.176041,-0.013358116,-0.30564785,-0.04744363,-0.30361223,9.632988
-0.8901367,6.4917297,6.9044952,-0.16933167,-0.17073059,-0.2759633,0.04688263,-0.23016477,9.5259285
-0.8458557,6.6065826,6.8685913,-0.09642446,-0.1508441,-0.3214569,-0.0358119,-0.20783329,9.505138
-0.8279114,6.715454,6.509674,-0.124596,-0.10283804,-0.36334562,-0.06505036,-0.2682147,9.520382
-0.83509827,6.6640167,6.5491486,-0.22530878,-0.039049625,-0.48006296,-0.09595442,-0.4313333,9.510859
-0.9415741,6.5108643,6.854233,-0.14687395,-0.09871435,-0.12675905,-0.037187576,-0.16370669,9.668081
-0.9451599,6.567108,6.9559326,-0.048512697,-0.15841246,-0.07559252,0.07361388,-0.02365303,9.641774
-0.99661255,6.6640167,6.7298126,-0.26293302,-0.17923641,-0.2707467,0.12224078,-0.28408575,9.525731
-1.0444641,6.6101685,6.59581,-0.18787038,-0.31892633,-0.40206003,0.078672886,-0.2447846,9.324412
-1.0612183,6.5898285,6.8195496,0.047468185,-0.4315524,-0.17081404,0.103891134,0.107596874,9.364725
-1.0899353,6.6185455,6.833908,0.16295236,-0.5458455,-0.08533478,0.2923751,0.14153367,9.330975
-0.9870453,6.7836456,6.5324097,0.37885344,-0.5323367,0.047742844,0.039707184,0.5292399,9.422567
-0.90927124,6.788437,6.4462585,0.39897597,-0.48501015,-0.14111376,-0.09418845,0.43133116,9.338235
-0.8566284,6.7094727,6.5575256,0.29915088,-0.41235542,-0.2500596,-0.11961913,0.27354026,9.324026
-0.9523468,6.654434,6.936798,0.28717765,-0.60267115,-0.039634705,0.08813238,0.47082877,9.339952
-0.8913269,6.8602295,6.5575256,0.29813796,-0.49351025,-0.05737734,0.30596876,0.2938676,9.41199
-0.88175964,6.854233,6.4630127,0.29215264,-0.49254274,0.022022724,0.054718733,0.46340013,9.47393
-0.88534546,6.632904,6.674774,0.10873969,-0.58918476,-0.051318645,0.20256424,0.3523159,9.363437
-0.928421,6.6795654,6.67717,0.07621677,-0.5409045,-0.07893181,0.18722129,0.2940905,9.378777
-0.9224396,6.747757,6.5527496,0.18103881,-0.3290944,-0.33151913,-0.11473131,0.13203263,9.337196
-0.9559326,6.8243256,6.34935,0.31749436,-0.28906965,-0.5028329,-0.3143165,0.12086582,9.237615
-1.0014038,6.7046814,6.673584,0.31255445,-0.3221717,-0.6024976,-0.34069657,0.085743904,9.142526
-1.0217285,6.6831512,6.801605,0.36012554,-0.34613037,-0.5252733,-0.32826972,0.17045832,9.183279
-1.0468597,6.7453613,6.5072784,0.3247517,-0.27537966,-0.31602764,-0.24222255,0.21296859,9.385766
-1.0576324,6.7836456,6.2572327,0.1419102,-0.20331764,0.10269737,0.046734095,0.25695872,9.744911
-1.0325012,6.751343,6.336197,-0.26639903,-0.38643026,-0.23770666,0.118917465,-0.2724242,9.372548
-0.9571228,6.722641,6.4857483,0.17641182,-0.44298935,-1.0088391,-0.36582875,-0.14644265,8.762696
-0.9559326,6.78006,6.4857483,0.42713073,-0.46584034,-0.76789856,-0.42662787,0.15611672,8.921929
-0.92362976,6.8350983,6.4414825,0.31491712,-0.41955423,-0.030387878,-0.028749943,0.4237523,9.497249
-0.9224396,6.768097,6.4989014,0.11413918,-0.4616723,0.33777952,0.30874062,0.49086022,9.74341
-0.94636536,6.6053925,6.7118683,0.25053748,-0.32048273,0.043468,0.0017266273,0.36403394,9.619986
-0.9152527,6.7286224,6.45105,0.25053748,-0.32048273,0.043468,0.0017266273,0.36403394,9.619986
-0.850647,6.8207397,6.180664,-0.14126262,-0.013642788,-0.38276196,-0.2570243,-0.13068952,9.517674
-0.86260986,6.7202454,6.3505554,-0.28185427,-0.22092056,-0.09997511,0.2722578,-0.12771678,9.588002
-1.051651,6.705887,6.900894,-0.09548189,-0.32120466,-0.0802536,0.19732356,0.06105256,9.530849
-1.0576324,6.7704926,6.9439697,0.012516692,-0.26677895,-0.3126173,-0.015062571,-0.011599541,9.395924
-1.0731812,6.777664,6.6807556,0.015792295,-0.17376804,-0.4764328,-0.14186549,-0.13961005,9.339943
-1.0528412,6.6711884,6.582657,0.031551182,-0.13377953,-0.485929,-0.23618746,0.033347398,9.36154
-1.0348969,6.6927185,6.567108,0.20575199,-0.106808186,-0.41307068,-0.28522754,-0.013852358,9.428732
-1.105484,6.7453613,6.4211426,0.17012528,-0.18518591,-0.3225336,-0.17768979,0.046702385,9.44126
-1.1078796,6.8027954,6.4211426,0.110907584,-0.18591976,-0.25106335,-0.10123038,0.04195428,9.493774
-1.0803528,6.7633057,6.7812653,-0.04921004,-0.18924236,-0.097607136,0.087231636,0.008987665,9.606472
-1.0289154,6.6891327,7.075577,-0.012680799,-0.11266184,-0.21545935,-0.034546614,-0.06401563,9.574306
-1.036087,6.6556396,6.8949127,-0.059672534,-0.1464634,-0.27952576,-0.014731646,-0.11434293,9.506891
-0.9990082,6.746567,6.520447,-0.038642973,-0.19825792,-0.5786743,-0.25805855,-0.09252566,9.258464
-0.90927124,6.7920227,6.361313,0.083070815,-0.08048868,-0.5151057,-0.31418228,0.022141516,9.382961
-0.88534546,6.7621155,6.61615,-0.043432593,-0.24347544,-0.17603636,0.07184243,-0.008038521,9.511812
-0.8530426,6.768097,6.685547,-0.056969106,-0.34746695,-0.11165714,0.16723275,0.06370497,9.483507
-0.94755554,6.7417755,6.6927185,0.15484425,-0.202497,0.009510517,0.0017354488,0.2095077,9.661133
-0.9559326,6.805191,6.665207,-0.015150011,-0.2954836,-0.19526815,0.0703361,0.022694588,9.459942
-0.95832825,6.695114,6.764511,0.0028799772,-0.29944372,-0.28662062,0.005797386,-0.020472884,9.392677
-0.9750824,6.5850525,6.7166595,-0.007437408,-0.31071854,-0.25350857,0.044493437,-0.0013656616,9.408045
-1.0791626,6.6604156,6.4833527,0.10887247,-0.33170986,-0.15217257,0.023917913,0.14340734,9.454651
-1.1090698,6.7417755,6.4079742,0.19880068,-0.37745523,0.013995647,0.066919565,0.3171575,9.52894
-1.1150513,6.6879425,6.789627,0.14978194,-0.34095383,0.06929922,0.10943556,0.295362,9.596241
-1.0660095,6.5072784,6.921234,-0.09919006,-0.34928226,0.08573532,0.32122898,-0.02700162,9.618846
-0.9882355,6.4582214,6.6185455,-0.37133652,-0.31733847,-0.09344721,0.37940764,-0.18139243,9.541182
-1.0001984,6.6185455,6.2392883,-0.28173286,-0.27098894,-0.34329987,0.1696744,-0.27643442,9.399885
-0.90927124,6.6759796,6.386444,-0.16071057,-0.21428347,-0.50644684,-0.026256561,-0.30520558,9.322508
-0.86260986,6.63649,6.705887,-0.13085902,-0.30427313,-0.7935748,-0.14339566,-0.40654683,9.062591
-0.8674011,6.558731,6.7082825,-0.4007582,-0.39559698,-1.012033,-0.3309381,-0.6038872,8.875461
-0.9056854,6.661621,6.5455627,-0.097524285,-0.15536833,-0.72451353,-0.21256447,-0.40948176,9.218679
-0.94636536,6.714264,6.6927185,-0.33994365,-0.03157568,-0.043094635,0.2278347,-0.2570362,9.785688
-0.8949127,6.666397,6.8410797,-0.40768653,-0.059932232,0.11462021,0.36849117,-0.20578861,9.8759575
-0.9068756,6.5443726,6.6400757,0.051326096,-0.07531738,-0.14052248,-0.06508398,-0.009997129,9.652645
-0.9690857,6.500107,6.2285156,0.17410117,-0.35647392,-0.36937952,-0.08010578,0.10943174,9.281833
-1.0803528,6.654434,6.2488556,0.21936506,-0.4923091,-0.42473555,-0.107723475,0.12644792,9.140844
-1.0683899,6.587448,6.796814,0.25830245,-0.52226305,-0.5146222,-0.16726756,0.11508131,9.056253
-1.0289154,6.5395813,6.795624,0.3190173,-0.30197334,-0.5027528,-0.31861615,0.069300175,9.224069
-1.051651,6.587448,6.538391,0.14913803,-0.37626314,-0.42251205,-0.122475386,0.025881052,9.235107
-1.0600128,6.693924,6.504883,0.037423015,-0.60152864,-0.3344369,0.11416936,0.09429145,9.133479
-0.93559265,6.6963196,6.654434,0.23385888,-0.46588802,-0.27643967,-0.06566858,0.20702314,9.258025
-0.87457275,6.6460724,6.5934296,0.12723583,-0.22570992,-0.23018408,-0.0887599,0.05543399,9.476245
-0.8650055,6.6484528,6.3924255,-0.015610278,-0.14315939,-0.19438934,-0.010959148,-0.05959463,9.572441
-0.9379883,6.6987,6.5108643,0.0013847947,-0.1405015,-0.10525179,0.018980265,0.0020763874,9.6321335
-0.92123413,6.7405853,6.5778656,0.10118908,-0.055978775,-0.11411238,-0.09934187,0.029482365,9.681525
-0.95474243,6.6484528,6.735794,-0.06865537,0.033917427,-0.10153437,-0.01692009,-0.12054825,9.76984
-0.9559326,6.632904,6.440277,-0.1666975,-0.1347394,-0.040424824,0.16781402,-0.0796659,9.692331
-1.0325012,6.5611267,6.6460724,-0.14305556,-0.16310883,-0.024101734,0.1731515,-0.041142702,9.680254
-1.1676941,6.6388855,6.599411,-0.10194945,-0.17466116,-0.15954971,0.084261894,-0.08516717,9.578609
-1.146164,6.63649,6.7010956,-0.11834681,-0.28884077,-0.19000387,0.09316635,-0.12078357,9.474585
-1.0743713,6.563507,6.7118683,-9.88245E-5,-0.32859325,-0.075817585,0.12792897,0.10150647,9.511604
-1.0253296,6.6089783,6.5060883,0.19861096,-0.18916416,-0.11245775,-0.10344052,0.15542316,9.576391
-1.0073853,6.685547,6.4665985,0.1015439,-0.23973942,-0.18423796,-0.04272151,0.069909334,9.498401
-1.0073853,6.690338,6.801605,0.10776466,-0.27569294,-0.1631031,-0.0197649,0.102422,9.485182
-0.9607239,6.632904,7.0540466,0.20448542,-0.22276068,-0.23465109,-0.15089321,0.10320401,9.47038
-0.933197,6.5599213,6.896118,-0.05494213,-0.30137253,-0.27758455,0.056212187,-0.06323624,9.402004
-0.9260254,6.599411,6.5144653,-0.17672837,-0.3934903,-0.297894,0.18086672,-0.11697793,9.328726
-0.9798584,6.723831,6.418747,-0.14347231,-0.4650774,-0.2481761,0.2158525,-0.033715725,9.305906
-0.982254,6.7693024,6.6101685,0.051188886,-0.18044662,-0.3353839,-0.13296366,-0.015803576,9.446465
-1.031311,6.61615,6.813568,0.023457408,-0.16212511,-0.45327663,-0.15281677,-0.17551517,9.384588
-1.071991,6.518051,6.9260254,-0.16161239,-0.30665636,-0.50597954,0.028179884,-0.26769662,9.255546
-0.99302673,6.611374,6.5359955,-0.033947945,-0.24870634,-0.33594656,-0.012599945,-0.107295275,9.401438
-1.0384827,6.6759796,6.4366913,0.09183979,-0.11109209,-0.24047041,-0.1266706,-0.027822733,9.55809
-0.99780273,6.649658,6.587448,-0.08331442,-0.1371975,-0.15407372,0.055550337,-0.08344579,9.608021
-0.9798584,6.6795654,6.49292,-0.21401912,-0.33925676,-0.22558308,0.21680069,-0.12085414,9.419122
-0.9176483,6.735794,6.30867,-0.10754895,-0.4467926,-0.4041214,0.10795593,-0.10162711,9.2129135
-0.88653564,6.752548,6.518051,0.20917189,-0.3251562,-0.62053967,-0.2871971,-0.06895161,9.137836
-0.8757782,6.7417755,6.813568,0.20073521,-0.492177,-0.57171106,-0.17899513,0.034743547,9.047611
-0.85543823,6.746567,6.795624,0.058424354,-0.5891547,-0.69110394,-0.10790682,-0.017798543,8.903223
-0.84706116,6.6687927,6.497711,0.13616714,-0.5215955,-0.7012615,-0.1734047,-0.055783987,8.941093
-0.9296112,6.8243256,6.278763,0.27605465,-0.30329323,-0.2822423,-0.18913174,0.17589211,9.381039
-1.051651,6.878174,6.5850525,0.12538165,-0.40381765,-0.15195322,0.03153181,0.20419765,9.407666
-1.0875397,6.8075867,6.715454,-0.28845975,-0.5174122,0.13633156,0.52862144,0.15606737,9.550304
-1.1282196,6.65683,6.5886383,-0.055970848,-0.27198982,-0.15521288,0.10261631,-0.0393281,9.508112
-1.0253296,6.7369995,6.2727814,0.25631762,-0.11290407,-0.12877035,-0.1955781,0.1568675,9.627292
-1.0839539,6.7369995,6.3888397,-0.1269013,-0.37157917,-0.024913788,0.26724267,0.10522771,9.537756
-1.0995026,6.6436768,6.714264,0.06477764,-0.28262615,0.17437696,0.16160679,0.28978872,9.7404175
-1.0827484,6.669998,6.6687927,0.3483826,-0.008868694,0.19119596,-0.18291974,0.32920718,9.933802
-0.9415741,6.7920227,6.448654,0.02411054,-0.044919968,0.1302309,0.05749464,0.109398365,9.872116
-0.8638153,6.789627,6.43071,-0.10882476,-0.32015657,-0.83341646,-0.10919714,-0.33552957,8.979351
-0.8829498,6.75972,6.612564,0.18131919,-0.45954657,-0.057785988,0.057772636,0.3404343,9.448648
-0.9188385,6.8207397,6.5970154,0.1690541,-0.30836058,0.38883734,0.18074608,0.4861753,9.882969
-0.84347534,6.825531,6.4127655,0.09106229,-0.29066992,0.3532009,0.21686268,0.40776682,9.871678
-0.95114136,6.7657013,6.522827,0.32496327,-0.3297429,-0.4364109,-0.272784,0.15852594,9.254161
-1.1030884,6.798004,6.63649,0.46255177,-0.12994432,-0.90899086,-0.6711242,-0.11654663,9.036512
-1.138977,6.7657013,6.723831,0.38613486,-0.13551807,-0.8818469,-0.5999303,-0.15624475,9.057791
-1.1497498,6.7130585,6.5814514,0.23304227,-0.153409,-0.5161772,-0.32117772,-0.048992872,9.318054
-1.1018982,6.726227,6.467804,0.18786511,-0.25340843,-0.0054540634,-0.022338629,0.25287032,9.619308
-0.9786682,6.8111725,6.3026886,0.22876352,-0.16619158,0.10624027,-0.045875072,0.29425216,9.756148
-1.002594,6.789627,6.5647125,0.32237035,-0.24735832,-0.5809393,-0.3660276,0.010399342,9.199596
-0.98106384,6.7178497,6.886551,-0.021956086,-0.545908,-0.7799649,-0.045657873,-0.19537663,8.875744
-0.88534546,6.795624,6.777664,0.16592324,-0.3919487,-0.64894104,-0.2184453,0.045007586,9.063325
-0.78723145,6.8398895,6.4701996,0.26662403,-0.4831977,-0.55284405,-0.11968279,0.17322242,9.054403
-0.85902405,6.8434753,6.5563354,0.29244113,-0.51539135,-1.1226134,-0.44519424,-0.21904707,8.638219
-0.928421,6.8279266,6.8721924,-0.039378047,-0.7155819,-0.93924904,-0.013605356,-0.24044609,8.650019
-0.850647,6.795624,6.69751,-0.35208768,-0.5848837,0.07776737,0.5979328,0.078475,9.477378
-0.87338257,6.756134,6.6017914,-0.32166278,-0.33518887,-0.036298275,0.30816078,-0.26545787,9.579263
-0.9750824,6.653244,6.6628113,-0.47060072,-0.27493286,-0.4658618,0.2924645,-0.45237398,9.333466
-1.056427,6.7094727,6.69751,-0.3836152,-0.44500923,-0.07578993,0.48877668,-0.092440605,9.48495
-1.0552368,6.757324,6.6592255,-0.44843745,-0.45815706,0.03978157,0.5931437,-0.062354803,9.568158
-0.9654999,6.715454,6.59581,-0.13222408,-0.49300003,0.21371078,0.45616126,0.2666099,9.64221
-0.9104614,6.6999054,6.59581,-0.05042404,-0.3805127,0.3523078,0.39205885,0.34304333,9.814675
-0.95114136,6.722641,6.67717,-0.0074748397,-0.3716936,0.4096017,0.38006258,0.3982141,9.86109
-0.933197,6.7094727,6.756134,-0.20199251,-0.50840425,0.5688739,0.662467,0.41845465,9.901131
-0.90089417,6.6472626,6.8937225,0.25491655,-0.5494871,-0.14166927,0.06492567,0.3568499,9.301248
-0.87457275,6.6089783,6.6149597,-0.79401195,0.19511986,-0.04833603,0.4462304,-0.6589904,10.000229
-0.89611816,6.5946198,6.39003,-0.32373238,-0.16661644,-0.7150254,0.005563736,-0.55719113,9.2293
-1.0528412,6.612564,6.2081757,-0.16413593,-0.14009476,-0.82058716,-0.43484735,-0.34182286,9.163225
-1.1294098,6.632904,6.504883,-0.23963964,-0.0045757294,-1.013783,-0.28857183,-0.75830984,9.153277
-1.0492554,6.600601,6.777664,-0.030838728,-0.023728848,-1.3162093,-0.5767472,-0.78513837,8.920738
-0.9068756,6.4917297,6.5850525,-0.12662148,-0.015363693,-1.2557054,-0.4900291,-0.82641816,8.988132
-0.94755554,6.546768,6.489334,-0.19551766,0.055145264,-1.1871104,-0.4518149,-0.862252,9.097507
-0.9750824,6.5527496,6.5371857,-0.5472002,0.1679759,-0.9463458,-0.6403372,-0.79750466,9.3857355
-0.9762726,6.6065826,6.541977,-0.2767148,0.016784668,-0.56997633,-0.08463764,-0.5361502,9.479382
-0.9176483,6.6843567,6.51326,-0.23477948,-0.09187603,-0.1735425,0.13322043,-0.22733665,9.650927
-0.87457275,6.7166595,6.5324097,-0.13863361,0.017374992,0.9348817,0.5200536,0.4226935,10.473284
-0.89849854,6.7094727,6.6376953,-0.07111645,-0.21510172,1.0252018,0.6348276,0.6216409,10.366044
-0.9690857,6.6508484,6.775284,0.104658484,-0.1921668,0.4304948,0.22402906,0.40048027,9.957094
-0.98106384,6.6472626,6.7740784,0.07577276,-0.062156677,-0.03224182,-0.03646159,0.06257343,9.733169
-1.0612183,6.631714,6.7214355,-0.1475907,-0.02295494,-0.20020342,0.026932955,-0.20389032,9.664893
-1.105484,6.57547,6.477371,-0.18033451,-0.1493063,-0.46133852,-0.0046560764,-0.31607604,9.397112
-1.071991,6.5946198,6.4665985,-0.16299653,-0.291749,-0.19952345,0.17492342,-0.08958912,9.470689
-1.1150513,6.6592255,6.5336,0.022061288,-0.29737902,-0.06688166,0.10290718,0.11576295,9.543205
-1.3962097,6.9798584,6.5970154,-0.020016909,-0.27152538,-0.16330862,0.075282335,0.021136284,9.498945
-1.3435669,7.0959167,6.9260254,-0.046184182,-0.21124744,-0.16504478,0.06285286,-0.025648355,9.54323
-1.3339996,7.0085754,7.3052826,0.010063529,-0.14704514,-0.23509216,-0.043394327,-0.05796933,9.538792
-1.5098724,7.068405,7.5960083,-0.12986797,-0.24817371,-0.37241602,0.04543066,-0.1834724,9.380712
-1.6618195,7.3854523,7.5062866,-0.15264046,-0.33609295,-0.47189045,0.05865264,-0.21476388,9.250436
-1.4811554,7.527817,7.1437683,-0.14065564,-0.3114009,-0.5038085,0.021753073,-0.23562574,9.245771
-1.1976013,7.2514496,7.4081726,-0.01990074,-0.34521008,-0.3705473,0.009511948,-0.06086445,9.303585
-0.928421,7.4524536,6.151947,-0.12911713,0.053385258,-0.2343893,-0.23319602,0.09853029,9.704813
-0.707077,7.463211,5.8659973,0.05408746,-0.028553486,-0.41607857,0.0,0.0,0.0
-0.6269226,7.4285126,5.510666,0.039449632,-0.25578356,-0.5455651,0.0,0.0,0.0
-0.52282715,7.454834,5.515457,0.099374294,-0.27678776,-0.4849825,0.0,0.0,0.0
-0.34576416,7.471588,5.913864,0.20693022,-0.32389307,-0.010272026,0.0,0.0,0.0
-0.6269226,7.4811554,6.217743,-0.12408805,-0.34861708,0.33452892,0.0,0.0,0.0
-0.4247284,7.905884,5.97847,-0.0066236854,0.017316818,0.16761065,0.0,0.0,0.0
0.26200867,7.9417725,5.75354,0.63725686,0.0033807755,0.0079751015,0.0,0.0,0.0
0.22253418,7.9286194,5.50589,0.574301,-0.07131243,-0.15518284,0.0,0.0,0.0
-0.43190002,8.146362,5.19841,-0.11288059,0.04436302,-0.31758595,0.0,0.0,0.0
-0.31225586,8.301895,5.34198,-0.03007844,0.13758087,-0.08339834,0.0,0.0,0.0
0.020339966,8.432312,5.659027,0.23219693,0.18678379,0.35461712,0.0,0.0,0.0
-0.10169983,8.219345,5.5657043,0.06262101,-0.07895756,0.34252882,0.0,0.0,0.0
-0.22732544,7.9908295,5.108673,-0.13841519,-0.3856182,0.009888649,0.0,0.0,0.0
0.2033844,7.8999023,4.864609,0.23837262,-0.52599525,-0.15270233,0.0,0.0,0.0
0.46899414,7.8508453,4.857437,0.45090365,-0.65569115,-0.02199936,0.0,0.0,0.0
0.34934998,7.791031,4.783249,0.32470155,-0.7770958,0.012820244,0.0,0.0,0.0
0.4175415,7.4811554,4.35614,0.39839005,-1.150837,-0.2977538,0.0,0.0,0.0
0.44267273,7.3866425,3.9828491,0.43464652,-1.346899,-0.47759724,0.0,0.0,0.0
0.5276184,7.3124695,3.8153534,0.5180275,-1.4713812,-0.54518175,0.0,0.0,0.0
0.4247284,7.0133667,3.9768677,0.4053421,-1.8298874,-0.26186657,0.0,0.0,0.0
0.33140564,6.8817596,3.8548431,0.30805817,-1.9831896,-0.33830786,0.0,0.0,0.0
1.0863342,6.8817596,3.4301147,1.055775,-2.0062933,-0.71379423,0.0,0.0,0.0
0.77049255,7.083954,3.1298065,0.7420986,-1.8316813,-0.9544363,0.0,0.0,0.0
0.53718567,7.4608154,3.3020935,0.5224281,-1.4675951,-0.7542162,0.0,0.0,0.0
0.57069397,7.610367,3.016159,0.5719555,-1.3264503,-1.0216236,0.0,0.0,0.0
0.43788147,7.643875,2.848648,0.4444307,-1.2918653,-1.1915112,0.0,0.0,0.0
0.38523865,8.014755,3.1669006,0.4003889,-0.902051,-0.914855,0.0,0.0,0.0
0.1375885,8.2456665,3.3020935,0.17006497,-0.6477995,-0.8301692,0.0,0.0,0.0
-0.11366272,8.517258,3.3236237,-0.056450494,-0.35242653,-0.85917616,0.0,0.0,0.0
-0.33021545,8.947968,3.5306091,-0.23303425,0.11248207,-0.7232299,0.0,0.0,0.0
-0.3672943,9.025726,3.829712,-0.24352956,0.2234621,-0.49177122,0.0,0.0,0.0
-0.13400269,8.867798,4.1934204,0.008219704,0.10328007,-0.20355558,0.0,0.0,0.0
-0.3756714,8.829514,4.2927246,-0.21845919,0.12642574,-0.22412586,0.0,0.0,0.0
-0.3397827,8.853439,4.5511475,-0.18602829,0.1931982,-0.047436237,0.0,0.0,0.0
-0.39959717,8.812759,4.8095703,-0.2531076,0.19455814,0.132442,0.0,0.0,0.0
-0.35891724,8.745773,4.8466644,-0.23416731,0.18180752,0.070335865,0.0,0.0,0.0
-0.098098755,8.751755,4.7677,0.004666187,0.21265984,-0.053470135,0.0,0.0,0.0
0.122039795,8.891724,4.967499,0.19858491,0.3872242,0.08507919,0.0,0.0,0.0
0.18304443,8.738586,5.419739,0.25214833,0.25996017,0.49241638,0.0,0.0,0.0
0.30747986,8.372482,5.827713,0.36293322,-0.061766624,0.82463837,0.0,0.0,0.0
0.47138977,8.306686,5.950943,0.5147931,-0.10334492,0.90714645,0.0,0.0,0.0
0.35891724,8.487335,5.392227,0.3936403,0.09257698,0.32298613,0.0,0.0,0.0
0.39601135,8.535202,4.638489,0.43219098,0.14638138,-0.4405632,0.0,0.0,0.0
0.47737122,8.483749,4.491333,0.51313055,0.10046768,-0.5968585,0.0,0.0,0.0
0.35891724,8.3198395,4.7605133,0.38557178,-0.038477898,-0.36863947,0.0,0.0,0.0
0.53359985,8.226517,5.0931244,0.5557906,-0.11970806,-0.055704117,0.0,0.0,0.0
0.57188416,8.330612,4.9411774,0.5910614,0.0172472,-0.2605524,0.0,0.0,0.0
0.15194702,8.184647,4.680359,0.20259589,-0.096803665,-0.5718217,0.0,0.0,0.0
-0.057434082,7.8233337,4.833496,0.01941976,-0.43572617,-0.45350838,0.0,0.0,0.0
-0.0657959,7.8771667,4.919647,0.06886752,-0.3336506,-0.44083166,0.0,0.0,0.0
-0.13160706,7.726425,5.065613,0.047380105,-0.44992733,-0.346004,0.0,0.0,0.0
-0.54914856,7.593628,5.173279,-0.27921993,-0.51142406,-0.3408537,0.0,0.0,0.0
-0.57188416,7.4979095,5.2881317,-0.2525341,-0.56517696,-0.28457355,0.0,0.0,0.0
-0.7154541,7.5421753,5.613556,-0.31814796,-0.4542594,-0.04944372,0.0,0.0,0.0
-0.7429657,7.5397797,5.6578217,-0.30297777,-0.42202997,-0.05062723,0.0,0.0,0.0
-0.9056854,7.6941223,5.46521,-0.41612533,-0.22927523,-0.2924366,0.0,0.0,0.0
-0.92362976,7.7814636,5.5166473,-0.3838392,-0.08872318,-0.30908632,0.0,0.0,0.0
-0.71066284,7.7898407,5.8504486,-0.16047782,-0.04859352,-0.016973019,0.0,0.0,0.0
-0.39482117,7.6618195,6.0023956,0.15593839,-0.14517832,0.09326458,0.0,0.0,0.0
-0.4510498,7.524231,5.946167,0.09722209,-0.24156284,-0.017240047,0.0,0.0,0.0
-0.3134613,7.4452667,5.983246,0.22805327,-0.2905903,-0.01955843,0.0,0.0,0.0
-0.31704712,7.4859467,6.050247,0.19198012,-0.20604992,-0.011473656,0.0,0.0,0.0
-0.24885559,7.4990997,6.0969086,0.2321614,-0.16422272,-0.0032963753,0.0,0.0,0.0
-0.21296692,7.2107697,6.111267,0.24754229,-0.43046427,-0.018158436,0.0,0.0,0.0
0.0,7.502701,6.008377,0.44342124,-0.10642719,-0.16211176,0.0,0.0,0.0
-0.071777344,7.505081,6.0586243,0.36272115,-0.08387184,-0.13729286,0.0,0.0,0.0
-0.15434265,7.4608154,5.9605255,0.28387785,-0.10058737,-0.268723,0.0,0.0,0.0
-0.25602722,7.5469666,6.12323,0.20633027,0.004837036,-0.12760162,0.0,0.0,0.0
-0.42591858,7.356735,6.36969,0.0778355,-0.14529085,0.07395983,0.0,0.0,0.0
-0.6149597,7.3986053,6.5348053,-0.08585721,-0.07653856,0.2092495,0.0,0.0,0.0
-0.7166443,7.3962097,6.312271,-0.160564,-0.06416941,-0.028384209,0.0,0.0,0.0
-0.82432556,7.176071,5.810974,-0.21242851,-0.29144287,-0.51612663,0.0,0.0,0.0
-0.93917847,7.302887,5.909073,-0.28688663,-0.17347336,-0.40352917,0.0,0.0,0.0
-0.7010956,7.5517426,6.2859497,-0.021050513,0.077172756,-0.02584362,0.0,0.0,0.0
-0.47018433,7.556534,6.072983,0.23983663,0.091171265,-0.24640131,0.0,0.0,0.0
-0.5240326,7.5756836,5.946167,0.20402622,0.11177111,-0.3728776,0.0,0.0,0.0
-0.5790558,7.4979095,5.93898,0.18237019,0.035442352,-0.3778386,0.0,0.0,0.0
-0.5623169,7.529022,6.050247,0.21871221,0.06705713,-0.2647705,0.0,0.0,0.0
-0.5790558,7.4727783,6.1447754,0.22070086,0.01570034,-0.17367029,0.0,0.0,0.0
-0.69869995,7.441681,6.2189484,0.13175243,0.0019640923,-0.11598253,0.0,0.0,0.0
-0.825531,7.3986053,6.222534,0.026329279,-0.027850151,-0.12510204,0.0,0.0,0.0
-1.071991,7.3005066,6.6065826,-0.15900856,-0.09713316,0.23384619,0.0,0.0,0.0
-1.2095642,7.253845,6.4211426,-0.242293,-0.13197994,0.042713165,0.0,0.0,0.0
-1.4021912,7.0983124,6.2309113,-0.37059116,-0.27946138,-0.14675617,0.0,0.0,0.0
-1.3950195,7.2753754,6.1818542,-0.2853403,-0.09427452,-0.19209719,0.0,0.0,0.0
-1.5613098,7.113861,6.4043884,-0.40221298,-0.25000525,0.032547474,0.0,0.0,0.0
-1.8101654,7.093521,6.3589325,-0.5641502,-0.26716375,-1.6736984E-4,0.0,0.0,0.0
-1.4309082,6.880554,6.2368927,-0.14760756,-0.49003077,-0.10329676,0.0,0.0,0.0
-1.3591309,7.014557,5.8384857,-0.05829656,-0.37849617,-0.47190094,0.0,0.0,0.0
-1.3423767,7.083954,5.8097687,-0.049902797,-0.3422408,-0.46331167,0.0,0.0,0.0
-1.2311096,7.1401825,5.991623,0.03748083,-0.30115652,-0.26837206,0.0,0.0,0.0
-0.9942169,7.081558,6.0179443,0.2334913,-0.36779737,-0.24066734,0.0,0.0,0.0
-0.8267212,7.093521,5.9019012,0.3870964,-0.35508156,-0.36031532,0.0,0.0,0.0
-0.8374939,7.1653137,5.8995056,0.33557498,-0.27193213,-0.3839383,0.0,0.0,0.0
-0.9882355,7.003784,6.0358887,0.14751816,-0.40786362,-0.28454924,0.0,0.0,0.0
-0.8386841,7.0695953,6.1627197,0.2611041,-0.31938744,-0.19053078,0.0,0.0,0.0
-0.8075714,6.9667053,5.9904327,0.27199197,-0.41383696,-0.3760829,0.0,0.0,0.0
-1.071991,6.9966125,5.761917,-0.0013531446,-0.38001585,-0.6106391,0.0,0.0,0.0
-1.1174469,7.0588226,5.6398773,-0.059988976,-0.31325626,-0.74013996,0.0,0.0,0.0
-1.0480499,6.981064,5.6147614,0.0020772219,-0.38493156,-0.7734885,0.0,0.0,0.0
-1.183258,6.8949127,5.621933,-0.13992274,-0.4625392,-0.7772646,0.0,0.0,0.0
-1.5026855,6.75972,5.81456,-0.44199657,-0.5693908,-0.6142397,0.0,0.0,0.0
-1.429718,6.8518524,6.050247,-0.36710918,-0.44993067,-0.40925837,0.0,0.0,0.0
-1.0337067,6.961914,6.3266296,0.019906878,-0.31236315,-0.1653018,0.0,0.0,0.0
-1.1353912,6.796814,6.118454,-0.08980024,-0.44980764,-0.40562534,0.0,0.0,0.0
-1.2107697,6.669998,6.1411743,-0.15478027,-0.5663061,-0.3926735,0.0,0.0,0.0
-0.8003998,7.204788,6.644867,0.24612558,-0.031624794,0.10961628,0.0,0.0,0.0
-0.74894714,7.5098724,6.455841,0.2681253,0.2540493,-0.06251621,0.0,0.0,0.0
-0.7082825,7.4201355,6.16391,0.27708077,0.13331842,-0.32467604,0.0,0.0,0.0
-0.58743286,7.2502594,5.942581,0.38706243,-0.052090168,-0.53016424,0.0,0.0,0.0
-0.850647,7.3866425,6.0562286,0.116169035,0.07996178,-0.41278028,0.0,0.0,0.0
-0.86260986,7.3986053,6.258423,0.07918352,0.11961317,-0.24539804,0.0,0.0,0.0
-1.1377869,7.270584,6.6185455,-0.21131039,0.0315485,0.06809616,0.0,0.0,0.0
-1.4560394,7.0361023,6.8685913,-0.5324064,-0.12711477,0.23491907,0.0,0.0,0.0
-1.3842468,6.953537,6.8446655,-0.47338688,-0.16728926,0.1637559,0.0,0.0,0.0
-1.076767,6.9966125,6.592224,-0.20921618,-0.08539152,-0.13555145,0.0,0.0,0.0
-1.0612183,6.866211,6.652054,-0.2317431,-0.19686413,-0.10037708,0.0,0.0,0.0
-0.83628845,6.5563354,6.826721,-0.03757,-0.4864192,0.04940319,0.0,0.0,0.0
-0.67477417,6.3517456,6.8685913,0.06775987,-0.6413741,0.03373146,0.0,0.0,0.0
-0.8003998,6.386444,6.9918213,-0.08020741,-0.56636,0.11357784,0.0,0.0,0.0
-0.7082825,6.3840485,6.838684,1.9609928E-5,-0.5301318,-0.079610825,0.0,0.0,0.0
-0.39959717,6.5982056,6.6963196,0.2984751,-0.29300117,-0.24589539,0.0,0.0,0.0
-0.31585693,6.7453613,6.808777,0.38327545,-0.14574099,-0.13343525,0.0,0.0,0.0
-0.44267273,6.6987,6.837494,0.26576447,-0.19954872,-0.09667301,0.0,0.0,0.0
-0.68315125,6.5766754,6.9547424,0.059102,-0.3377161,0.040218353,0.0,0.0,0.0
-0.88653564,6.5682983,7.1210327,-0.11794013,-0.35534525,0.21865606,0.0,0.0,0.0
-1.0683899,6.5694885,7.215561,-0.21426862,-0.3672514,0.33642578,0.0,0.0,0.0
-0.99661255,6.7740784,6.9140625,-0.06808978,-0.19343662,0.07578993,0.0,0.0,0.0
-1.036087,7.0492554,6.4008026,-0.0528993,0.036584377,-0.38345718,0.0,0.0,0.0
-1.1736755,7.0660095,6.0873413,-0.11742115,-0.02688551,-0.60187006,0.0,0.0,0.0
-1.1928253,7.10907,6.0921326,-0.09318638,-0.032206535,-0.5383544,0.0,0.0,0.0
-1.1533356,7.0779724,6.180664,-0.027786255,-0.09167528,-0.41476393,0.0,0.0,0.0
-1.188034,6.921234,6.2033997,-0.04099393,-0.26528835,-0.3699236,0.0,0.0,0.0
-1.1844482,6.952347,6.2357025,-0.02682507,-0.2332778,-0.33674717,0.0,0.0,0.0
-1.1988068,7.0157623,6.1256256,-0.019862771,-0.16649628,-0.44671345,0.0,0.0,0.0
-1.105484,7.1150513,5.9569244,0.09253991,-0.06875324,-0.6102729,0.0,0.0,0.0
-1.2538452,6.941574,6.10289,-0.033601046,-0.23233414,-0.4710307,0.0,0.0,0.0
-1.6115723,6.9954224,6.4378967,-0.381657,-0.168921,-0.14464617,0.0,0.0,0.0
-0.89372253,6.4869385,6.5025024,0.35218465,-0.6351328,-0.122767925,0.0,0.0,0.0
-1.4129639,7.001404,6.222534,-0.13023233,-0.0978508,-0.42017365,0.0,0.0,0.0
-1.4787598,6.933197,6.148361,-0.17348564,-0.15184927,-0.50511646,0.0,0.0,0.0
-1.5218353,6.806381,6.315857,-0.19914794,-0.25733805,-0.3568306,0.0,0.0,0.0
-1.5361938,6.8482513,6.4701996,-0.20327437,-0.2000494,-0.21674061,0.0,0.0,0.0
-1.7479553,7.1940155,6.4247284,-0.40312016,0.16119576,-0.2761116,0.0,0.0,0.0
-1.2658081,6.936798,6.6783752,0.08022487,-0.096713066,-0.021498203,0.0,0.0,0.0
-1.5050812,6.9930267,6.55394,-0.17848504,-0.038231373,-0.15217209,0.0,0.0,0.0
-1.4644012,6.845871,6.570694,-0.16029549,-0.18402004,-0.14126015,0.0,0.0,0.0
-1.3531342,6.8650055,6.591034,-0.06611252,-0.16560364,-0.12346506,0.0,0.0,0.0
-1.2335052,6.8327026,6.5108643,0.037832737,-0.20367241,-0.20058203,0.0,0.0,0.0
-1.1210327,6.8243256,6.378067,0.13577175,-0.22312641,-0.32448816,0.0,0.0,0.0
-1.2885284,6.8721924,6.196213,-0.029261112,-0.1915536,-0.48870564,0.0,0.0,0.0
-1.2885284,6.8518524,6.18544,-0.024028063,-0.22793245,-0.48149872,0.0,0.0,0.0
-1.1629181,6.972687,6.2309113,0.096203804,-0.12438345,-0.41864443,0.0,0.0,0.0
-1.159317,6.9475555,6.3828583,0.093474865,-0.15237617,-0.26483822,0.0,0.0,0.0
-1.1569366,6.9511566,6.4630127,0.08740866,-0.14797878,-0.18712044,0.0,0.0,0.0
-1.2526398,6.945175,6.401993,-0.010104656,-0.15622759,-0.24605751,0.0,0.0,0.0
-1.1784668,6.970291,6.36969,0.06693864,-0.14203548,-0.26613522,0.0,0.0,0.0
-1.1760712,6.989441,6.3553314,0.07151556,-0.13074446,-0.27164936,0.0,0.0,0.0
-1.2167511,6.994217,6.315857,0.030566216,-0.13560724,-0.30080318,0.0,0.0,0.0
-1.2131653,6.945175,6.299103,0.029078722,-0.19000483,-0.312737,0.0,0.0,0.0
-1.2239227,6.891327,6.299103,0.014187336,-0.249403,-0.30751896,0.0,0.0,0.0
-1.1760712,6.982254,6.151947,0.058983207,-0.17017794,-0.4425769,0.0,0.0,0.0
-1.0959167,7.027725,6.099304,0.13439035,-0.13503218,-0.4848919,0.0,0.0,0.0
-1.1497498,7.024124,6.1280212,0.07636988,-0.14854193,-0.44616222,0.0,0.0,0.0
-1.195221,7.0049896,6.36969,0.026935339,-0.16771173,-0.20519257,0.0,0.0,0.0
-1.306488,6.9188538,6.401993,-0.091118336,-0.24742603,-0.18114471,0.0,0.0,0.0
-1.2047882,6.9595184,6.6305084,0.0038077831,-0.20010376,0.038885593,0.0,0.0,0.0
-1.1760712,6.940384,6.3505554,0.022167921,-0.2030201,-0.2605257,0.0,0.0,0.0
-1.1916199,6.9547424,6.192627,0.0066814423,-0.19518805,-0.41138363,0.0,0.0,0.0
-1.1712799,6.9463654,6.2321014,0.025382876,-0.20752954,-0.36791182,0.0,0.0,0.0
-1.2586212,6.9068756,6.325424,-0.05970311,-0.24349833,-0.27799463,0.0,0.0,0.0
-1.2370911,6.9308167,6.374481,-0.03589666,-0.21511316,-0.23333263,0.0,0.0,0.0
-1.2358856,6.9344025,6.3433685,-0.030875206,-0.21090412,-0.26442432,0.0,0.0,0.0
-1.249054,6.961914,6.312271,-0.03698349,-0.18685675,-0.29048157,0.0,0.0,0.0
-1.0971069,6.898514,6.3469543,0.11819732,-0.2521515,-0.2531519,0.0,0.0,0.0
-1.1210327,6.929611,6.484543,0.08982611,-0.21490908,-0.12303114,0.0,0.0,0.0
-1.1892395,6.933197,6.501297,0.020868063,-0.2062664,-0.111878395,0.0,0.0,0.0
-1.2646027,6.8638153,6.4031982,-0.051071405,-0.27504635,-0.20999956,0.0,0.0,0.0
-1.2191467,6.8243256,6.3553314,7.531643E-4,-0.3161378,-0.25496483,0.0,0.0,0.0
-1.1641083,6.833908,6.320648,0.05660522,-0.30725336,-0.28874397,0.0,0.0,0.0
-1.0707855,6.928421,6.2033997,0.14468443,-0.21503115,-0.40448332,0.0,0.0,0.0
-1.1318054,6.8949127,6.2691956,0.081599355,-0.24878597,-0.33879995,0.0,0.0,0.0
-1.1581268,6.8697968,6.340973,0.05518031,-0.2724476,-0.26861238,0.0,0.0,0.0
-1.1641083,6.928421,6.4498596,0.04683602,-0.20561695,-0.16901493,0.0,0.0,0.0
-1.1234283,6.952347,6.422333,0.085107565,-0.17682076,-0.20222759,0.0,0.0,0.0
-1.1353912,6.9344025,6.4414825,0.071819186,-0.19215679,-0.18612528,0.0,0.0,0.0
-1.1700897,6.818344,6.4378967,0.03850746,-0.30583525,-0.1920166,0.0,0.0,0.0
-1.1473541,6.849457,6.4055786,0.0611341,-0.2742505,-0.22486162,0.0,0.0,0.0
-1.1246338,6.8721924,6.47139,0.08116579,-0.24679708,-0.16460466,0.0,0.0,0.0
-1.1329956,6.8195496,6.562317,0.06891298,-0.29375458,-0.08047676,0.0,0.0,0.0
-1.1652985,6.8602295,6.418747,0.034849167,-0.2489543,-0.22877407,0.0,0.0,0.0
-1.1928253,6.857834,6.3792725,0.0106396675,-0.25368547,-0.26515007,0.0,0.0,0.0
-1.1497498,6.857834,6.3218384,0.05497074,-0.25565338,-0.32025003,0.0,0.0,0.0
-1.1138611,6.8925323,6.344574,0.088496804,-0.21935081,-0.29965973,0.0,0.0,0.0
-1.134201,6.8925323,6.435501,0.066544175,-0.21644115,-0.2121377,0.0,0.0,0.0
-1.1808624,6.855438,6.508484,0.023134828,-0.25021887,-0.1421113,0.0,0.0,0.0
-1.1784668,6.806381,6.459427,0.028015018,-0.2974515,-0.192667,0.0,0.0,0.0
-1.1856384,6.867401,6.4737854,0.022633672,-0.23180628,-0.1829195,0.0,0.0,0.0
-1.1904297,6.847061,6.526428,0.019539475,-0.24783325,-0.13456583,0.0,0.0,0.0
-1.2203369,6.772888,6.4546356,-0.005661726,-0.3190503,-0.2086482,0.0,0.0,0.0
-1.1904297,6.795624,6.36969,0.029729724,-0.29992628,-0.28874588,0.0,0.0,0.0
-1.1844482,6.887741,6.2404785,0.038457513,-0.2123766,-0.4125824,0.0,0.0,0.0
-1.1964111,6.789627,6.5060883,0.027466536,-0.30759382,-0.14988327,0.0,0.0,0.0
-1.2598267,6.7322083,6.5850525,-0.034855247,-0.35832262,-0.07784462,0.0,0.0,0.0
-1.2466583,6.7621155,6.546768,-0.017481208,-0.32562304,-0.11832523,0.0,0.0,0.0
-1.154541,6.845871,6.2392883,0.0798341,-0.24832487,-0.4179697,0.0,0.0,0.0
-1.1473541,6.8482513,6.34935,0.08613908,-0.24717188,-0.30676413,0.0,0.0,0.0
-1.1509552,6.8159485,6.4821625,0.07650542,-0.274961,-0.17987394,0.0,0.0,0.0
-1.1413727,6.8027954,6.3708954,0.08435166,-0.28995657,-0.2894988,0.0,0.0,0.0
-1.1485596,6.7992096,6.3146515,0.07805085,-0.29921627,-0.33953238,0.0,0.0,0.0
-1.1521454,6.7836456,6.3828583,0.0733304,-0.31807327,-0.26802015,0.0,0.0,0.0
-1.1413727,6.8027954,6.5168457,0.08029294,-0.2924676,-0.14161968,0.0,0.0,0.0
-1.1425781,6.8518524,6.406784,0.074270844,-0.23888636,-0.25738096,0.0,0.0,0.0
-1.1126556,6.880554,6.312271,0.103211164,-0.21790504,-0.3438487,0.0,0.0,0.0
-1.0815582,6.899704,6.10289,0.13192773,-0.21149969,-0.54004765,0.0,0.0,0.0
-1.0839539,6.891327,6.3098755,0.11745691,-0.2301135,-0.32428503,0.0,0.0,0.0
-1.0923309,6.8350983,6.4031982,0.100802064,-0.28470802,-0.23420906,0.0,0.0,0.0
-1.2191467,6.8159485,6.521637,-0.02868843,-0.29711008,-0.1234808,0.0,0.0,0.0
-1.208374,6.8901367,6.551544,-0.016378641,-0.21902847,-0.097464085,0.0,0.0,0.0
-1.2107697,6.9308167,6.5348053,-0.01747489,-0.17562914,-0.11687565,0.0,0.0,0.0
-1.2538452,6.9559326,6.5407867,-0.05712223,-0.1483798,-0.11255741,0.0,0.0,0.0
-1.179657,6.9188538,6.5766754,0.016368866,-0.1836791,-0.07869339,0.0,0.0,0.0
-1.134201,6.879364,6.448654,0.057598233,-0.22444582,-0.20611048,0.0,0.0,0.0
-1.056427,6.8889313,6.3421783,0.13255835,-0.2200346,-0.30758142,0.0,0.0,0.0
-1.105484,6.8482513,6.352951,0.08008194,-0.2657776,-0.29200363,0.0,0.0,0.0
-1.105484,6.8697968,6.428314,0.077004194,-0.2438097,-0.21764088,0.0,0.0,0.0
-1.1497498,6.9391785,6.3517456,0.029488087,-0.17520761,-0.29395247,0.0,0.0,0.0
-1.1425781,6.9236298,6.3014984,0.038176775,-0.19303322,-0.34149122,0.0,0.0,0.0
-1.199997,6.8937225,6.3912354,-0.017976046,-0.22203493,-0.2524991,0.0,0.0,0.0
-1.1892395,6.911667,6.525223,-0.007346511,-0.19661379,-0.12653399,0.0,0.0,0.0
-1.1473541,6.8207397,6.4654083,0.034547925,-0.28337812,-0.19079208,0.0,0.0,0.0
-1.154541,6.8027954,6.41037,0.02945888,-0.30143738,-0.2453351,0.0,0.0,0.0
-1.1676941,6.8518524,6.3194427,0.01786828,-0.25324154,-0.33506536,0.0,0.0,0.0
-1.2454681,6.867401,6.476181,-0.055121064,-0.23270178,-0.18279791,0.0,0.0,0.0
-1.2191467,6.8889313,6.476181,-0.025539994,-0.20873499,-0.18481159,0.0,0.0,0.0
-1.1377869,6.8853455,6.340973,0.060053587,-0.21162796,-0.3199978,0.0,0.0,0.0
-1.1126556,6.900894,6.3936157,0.08598423,-0.19616461,-0.26712036,0.0,0.0,0.0
-1.1282196,6.886551,6.520447,0.06808007,-0.20816469,-0.14320612,0.0,0.0,0.0
-1.146164,6.82193,6.5168457,0.047671437,-0.26684523,-0.15356731,0.0,0.0,0.0
-1.1485596,6.8039856,6.397217,0.04583299,-0.28576708,-0.272058,0.0,0.0,0.0
-1.1641083,6.8350983,6.3601227,0.029182553,-0.2583151,-0.30545568,0.0,0.0,0.0
-1.1497498,6.8853455,6.312271,0.04359734,-0.20832586,-0.35302258,0.0,0.0,0.0
-1.1521454,6.899704,6.344574,0.041116953,-0.19654655,-0.31798887,0.0,0.0,0.0
-1.1270142,6.8841553,6.4259186,0.06574571,-0.21274424,-0.23604298,0.0,0.0,0.0
-1.0947113,6.8530426,6.5156555,0.09427619,-0.24152756,-0.14946079,0.0,0.0,0.0
-1.1234283,6.8111725,6.520447,0.06326163,-0.2813549,-0.1472516,0.0,0.0,0.0
-1.1401825,6.8159485,6.34935,0.03959477,-0.2747593,-0.32151031,0.0,0.0,0.0
-1.2059784,6.8315125,6.4905243,-0.02603519,-0.25593853,-0.18376684,0.0,0.0,0.0
-1.146164,6.86261,6.5575256,0.03230858,-0.21737719,-0.12494278,0.0,0.0,0.0
-1.1509552,6.830307,6.4618225,0.028264642,-0.24808407,-0.22220421,0.0,0.0,0.0
-1.071991,6.8231354,6.39003,0.11086559,-0.26077223,-0.28750658,0.0,0.0,0.0
-1.0983124,6.8123627,6.443878,0.085375786,-0.27606297,-0.22871447,0.0,0.0,0.0
-1.1138611,6.8123627,6.291931,0.06892562,-0.2809868,-0.375587,0.0,0.0,0.0
-1.1186371,6.8566284,6.3230286,0.06530917,-0.24475098,-0.33573008,0.0,0.0,0.0
-1.0815582,6.899704,6.3840485,0.10270512,-0.20143986,-0.2749052,0.0,0.0,0.0
