-0.9954071,6.857834,6.4247284,-0.06862378,-0.49263096,-0.38968658,0.0902853,-0.073451996,9.1856
-0.982254,6.825531,6.467804,0.048488855,-0.6107559,-0.60370827,-0.070408344,-0.01390934,8.9495125
-0.92481995,6.805191,6.5025024,0.09179026,-0.5042772,-0.7185731,-0.19143248,-0.12873101,8.954681
-0.8566284,6.8482513,6.4618225,0.05678916,-0.39121866,-0.7810807,-0.26305413,-0.23440099,9.005262
-0.8661957,6.8482513,6.376877,-0.09251517,-0.41080475,-0.6871371,-0.10444641,-0.28878832,9.061553
-0.93200684,6.8446655,6.4127655,-0.06599349,-0.40354967,-0.6210513,-0.09000945,-0.23668003,9.107513
-0.9296112,6.8327026,6.4366913,0.049205065,-0.42964268,-0.6158705,-0.150599,-0.13894749,9.082548
-0.8769684,6.837494,6.406784,0.18928522,-0.3934803,-0.602088,-0.2548566,-0.04077363,9.109119
-0.9451599,6.8638153,6.3756714,0.086717665,-0.3437686,-0.46750546,-0.13904476,-0.063599825,9.240187
-0.9308014,6.8614197,6.386444,0.06518221,-0.2239623,-0.41877222,-0.15930557,-0.098097086,9.3653145
-0.90448,6.8350983,6.6436768,-0.09067339,-0.17571831,-0.29136372,-0.01108408,-0.16305113,9.494748
-0.9020996,6.8195496,6.6173553,-0.13991737,-0.32306337,-0.24558687,0.020087242,-0.17103082,9.413452
-0.9104614,6.8434753,6.541977,-0.16925651,-0.38715792,-0.2290616,0.1837728,-0.11153269,9.376771
-0.9104614,6.896118,6.6089783,-0.009396672,-0.21430969,-0.15789604,0.029458523,-0.016388655,9.542431
-0.9439697,6.908081,6.5611267,0.03240925,-0.15023041,-0.2120409,-0.06096053,-0.038670063,9.554916
-0.8877411,6.855438,6.344574,0.03389448,0.038981915,-0.22337103,-0.16584373,-0.112394094,9.695177
-0.8721771,6.8889313,6.3182526,0.16013724,-0.03411293,-0.15703964,-0.17436504,0.044925928,9.668637
-0.8530426,6.8566284,6.340973,0.2891171,-0.10261536,-0.09229231,-0.18808436,0.20178151,9.643725
-0.98583984,6.8925323,6.3804626,0.29353946,-0.106877804,-0.010896206,-0.1437757,0.2519033,9.690117
-0.98106384,6.857834,6.398407,0.1008597,-0.054702282,0.013920307,-0.030240297,0.10259318,9.762844
-0.8877411,6.866211,6.5036926,0.033334196,-0.08116531,0.013971806,0.02769494,0.0608778,9.748159
-0.98583984,6.878174,6.4618225,0.04357481,-0.12541485,-0.07766533,-0.0071794987,0.031039953,9.65617
-0.93678284,6.8482513,6.448654,-0.06507611,-0.004858494,-0.085718155,-0.003278017,-0.09617376,9.758216
-0.97387695,6.875778,6.422333,-0.052789927,-0.19018221,0.056709766,0.16406512,0.05405307,9.695597
-0.8291168,6.900894,6.3302155,0.13923323,-0.22145557,0.036099434,0.04496336,0.1958251,9.635295
-0.8422699,6.8745728,6.386444,0.30549693,-0.15947056,-0.16286802,-0.20591998,0.18415451,9.544029
-0.9188385,6.789627,6.39003,-0.04082954,-0.22345495,-0.260314,-0.07474375,-0.09411633,9.48274
-1.022934,6.9176483,6.361313,-0.084537625,-0.25999212,-0.392354,-0.035853624,-0.2272563,9.387421
-1.0899353,6.9344025,6.378067,0.10886967,-0.2470522,-0.36156893,-0.14862251,-0.07483673,9.387209
-0.9750824,6.806381,6.591034,-0.17078412,-0.24455357,-0.29105473,0.065526485,-0.24959826,9.479399
-0.9499512,6.7836456,6.674774,-0.21777952,-0.2616682,-0.24472237,0.12890601,-0.25792742,9.502275
-0.9798584,6.82193,6.5563354,-0.16008162,-0.24030495,0.20906019,0.32160473,-0.14356863,9.751539
-0.933197,6.8769684,6.45224,0.028320313,-0.28043938,0.26370287,0.28674746,0.23838949,9.706984
-0.9272156,6.911667,6.45224,-0.28192568,-0.28486252,0.1865902,0.43276072,-0.047670126,9.7299
-0.91166687,6.8769684,6.3960114,-0.4122188,-0.395257,8.9645386E-5,0.4581554,-0.25020432,9.575038
-0.95474243,6.837494,6.376877,-1.7181294,0.43305206,-4.6432595,-1.9831209,-4.302988,8.306353
-0.9954071,6.8434753,6.4055786,-1.7003834,0.5628147,-2.6076436,-2.2973528,-2.1480649,9.466278
-0.9607239,6.896118,6.4319,-0.49075317,-0.4044361,-0.3426361,0.296947,-0.5361481,9.424323
-0.9451599,6.857834,6.4426727,-1.0007057,-0.17320728,0.28688717,0.8631828,-0.5569539,10.048384
-0.93917847,6.817154,6.3625183,-0.8057387,-0.060077667,-0.23205662,0.3753693,-0.75146055,9.839501
-0.93559265,6.8721924,6.3792725,-0.5188494,-0.27523994,-0.8507571,-0.052954912,-0.88906336,9.281758
-0.9451599,6.8853455,6.4534454,-0.41939783,-0.37680817,-0.7282424,0.015049219,-0.7178695,9.229891
-0.94636536,6.8925323,6.5814514,-0.21140814,-0.45126152,-0.5071626,0.064058065,-0.392159,9.2170315
-0.98942566,6.850647,6.4737854,0.32219172,-0.6785717,-0.184134,0.048906803,0.25719357,9.078892
-1.0001984,6.891327,6.447464,0.30263317,-0.798666,-0.23884249,0.21679735,0.16345096,8.962385
-0.982254,6.867401,6.448654,0.41582894,-0.5845108,-0.15371132,0.17100143,0.31655693,9.167319
-0.9523468,6.9176483,6.3230286,0.3429594,-0.49419212,-0.38807058,-0.17777944,0.15877438,9.131646
-0.928421,6.887741,6.320648,0.4238819,-0.5369816,-0.37057495,-0.19748521,0.25232434,9.09765
-0.9690857,6.859024,6.43071,0.2686888,-0.4411664,-0.280509,-0.09591651,0.1701479,9.252253
-0.9415741,6.8530426,6.4091797,0.07143092,-0.5364013,-0.10695267,0.1781857,0.1557796,9.308403
-0.9523468,6.8075867,6.356537,0.076051116,-0.4055934,-0.12997389,0.094848156,0.11103368,9.399393
-0.9415741,6.866211,6.356537,0.1319753,-0.28367567,-0.18137074,-0.0342052,0.08724761,9.457361
-0.9786682,6.9044952,6.45224,0.13356686,-0.28609657,-0.13301992,-0.0071394444,0.11893988,9.485421
-0.98583984,6.899704,6.5025024,-0.017534971,-0.34780216,0.16987467,0.28893924,0.20084524,9.644457
-0.9439697,6.8925323,6.520447,0.1639111,-0.10661173,0.30724669,0.11591816,0.33319998,9.897062
-0.84825134,6.8889313,6.49292,0.22386122,0.04945278,0.2352109,-0.045779943,0.2830348,9.966897
-0.93678284,6.8817596,6.4163513,-0.09326267,0.026060581,0.31497192,0.21528983,0.09755468,10.036253
-0.99661255,6.849457,6.3637085,-0.3662963,-0.14134645,0.48931837,0.57605577,0.048633814,10.050329
-1.0037842,6.875778,6.295517,-0.109746814,-0.1547718,0.4070816,0.37215042,0.199996,9.959032
-1.0169525,6.9020996,6.2811584,0.18061018,-0.0010304451,-0.017798424,-0.1269157,0.12563777,9.774315
-0.95951843,6.825531,6.2979126,0.12007487,-0.06508827,-0.13427305,-0.056699276,0.107538775,9.658651
-0.982254,6.801605,6.439087,0.12103248,-0.14815617,-0.2013588,-0.10852575,0.029326677,9.552668
-1.0001984,6.8398895,6.45224,0.22561038,-0.061560154,-0.32062626,-0.28773355,0.009151697,9.53349
-0.95114136,6.8937225,6.501297,0.115700364,-0.2355814,-0.31361246,-0.12098026,-0.008614302,9.416103
-0.9020996,6.8745728,6.4905243,0.08256054,-0.33963585,-0.33306265,-0.055673838,-0.008806467,9.327148
-0.9607239,6.8614197,6.4319,-0.2397362,-0.24684191,-0.2992034,0.12470579,-0.2639556,9.456361
-0.9523468,6.875778,6.417557,-0.27439928,-0.13680792,-0.3122611,0.08145666,-0.33601236,9.5383625
-0.9439697,6.8949127,6.4630127,-0.14302778,-0.111308575,-0.31125355,-0.017868757,-0.24670362,9.544844
-0.89849854,6.8650055,6.5108643,-0.013736725,-0.13216686,-0.3946972,-0.13819623,-0.1908691,9.463265
-0.92362976,6.8075867,6.464203,0.009519339,-0.22378731,-0.59527683,-0.21677232,-0.2581072,9.2672825
-0.99780273,6.833908,6.386444,0.05484426,-0.24352884,-0.5740986,-0.30630016,-0.011374176,9.260798
-0.97268677,6.880554,6.3888397,0.09261608,-0.24465227,-0.50901556,-0.21492028,-0.14132309,9.29541
-0.9188385,6.8925323,6.4043884,0.0012683868,-0.27534914,-0.32999706,-0.040766716,-0.096708536,9.389874
-0.8925171,6.84227,6.435501,-0.09254396,-0.35451412,-0.32068062,0.06674242,-0.13542557,9.34374
-0.98583984,6.870987,6.4654083,-0.040917158,-0.45306826,-0.27083778,0.11185956,-0.035562754,9.290395
-0.9523468,6.8638153,6.488144,0.020068645,-0.44631338,-0.247221,0.08181095,0.021563292,9.303103
-0.89372253,6.899704,6.5060883,-0.078579664,-0.46754265,-0.198627,0.18444777,-0.017439127,9.327173
-0.94636536,6.854233,6.4426727,-0.05032432,-0.5881839,-0.24294758,0.20470476,0.018190622,9.202264
-0.97268677,6.854233,6.4462585,0.16152012,-0.44439888,-0.29476213,-0.037047863,0.09947491,9.259662
-0.96191406,6.898514,6.415161,0.03048563,-0.2863598,-0.32579517,-0.050838947,-0.06916237,9.380382
-0.89372253,6.8973083,6.336197,-0.1945076,-0.33368206,-0.25354815,0.019769192,-0.2413283,9.413162
-0.928421,6.854233,6.36969,-0.13922632,-0.33949423,-0.25379467,0.12760329,-0.13843298,9.402167
-0.953537,6.8434753,6.4989014,0.014243841,-0.20336628,-0.3017335,-0.06975865,-0.095856905,9.462341
-0.98106384,6.8901367,6.435501,-0.10344875,-0.12014246,-0.28834772,-0.02941227,-0.20395279,9.550098
-1.0001984,6.875778,6.4247284,-0.20920837,-0.2836337,-0.30336905,0.11633921,-0.23910141,9.425148
-0.89849854,6.875778,6.3876343,-0.11091626,-0.35019064,-0.3067789,0.085648775,-0.14566207,9.358882
-0.90927124,6.8614197,6.4259186,0.13762522,-0.33495998,-0.33273506,-0.09816122,0.021185398,9.325228
-0.9379883,6.86261,6.448654,0.056572795,-0.23923826,-0.2492919,-0.049547434,-0.022864103,9.460812
-0.9918213,6.850647,6.45224,-0.01041472,-0.16208315,-0.17062998,-0.0027608871,-0.052992344,9.577133
-0.9188385,6.898514,6.4701996,0.13339782,-0.156044,-0.23262453,-0.1336801,0.017363787,9.527209
-0.8925171,6.886551,6.4654083,0.17171729,-0.17189407,-0.37969208,-0.20156956,0.11940259,9.421536
-0.92362976,6.806381,6.4857483,-0.051526785,-0.19965458,-0.3785329,-0.071659565,-0.19140363,9.427134
-0.9834442,6.8638153,6.4331055,-0.18372297,-0.24593115,-0.19241619,0.14128757,-0.1685803,9.518764
-0.9942169,6.880554,6.4091797,-0.26728725,-0.1973648,-0.0950017,0.22425842,-0.19110847,9.626077
-0.8542328,6.837494,6.352951,-0.21140873,-0.070643425,-0.17513037,0.07744694,-0.23646355,9.67085
-0.96191406,6.830307,6.4115753,-0.176041,-0.013358116,-0.30564785,-0.04744363,-0.30361223,9.632988
-0.93678284,6.86261,6.3266296,-0.16933167,-0.17073059,-0.2759633,0.04688263,-0.23016477,9.5259285
-0.99661255,6.8685913,6.344574,-0.09642446,-0.1508441,-0.3214569,-0.0358119,-0.20783329,9.505138
-0.8685913,6.870987,6.4031982,-0.124596,-0.10283804,-0.36334562,-0.06505036,-0.2682147,9.520382
-0.92362976,6.857834,6.4163513,-0.22530878,-0.039049625,-0.48006296,-0.09595442,-0.4313333,9.510859
-0.948761,6.8446655,6.5060883,-0.14687395,-0.09871435,-0.12675905,-0.037187576,-0.16370669,9.668081
-0.9523468,6.867401,6.710678,-0.048512697,-0.15841246,-0.07559252,0.07361388,-0.02365303,9.641774
-0.94755554,6.8566284,6.591034,-0.26293302,-0.17923641,-0.2707467,0.12224078,-0.28408575,9.525731
-0.9104614,6.850647,6.324234,-0.18787038,-0.31892633,-0.40206003,0.078672886,-0.2447846,9.324412
-0.95114136,6.855438,6.497711,0.047468185,-0.4315524,-0.17081404,0.103891134,0.107596874,9.364725
-1.0001984,6.8350983,6.570694,0.16295236,-0.5458455,-0.08533478,0.2923751,0.14153367,9.330975
-0.9403839,6.78006,6.4941254,0.37885344,-0.5323367,0.047742844,0.039707184,0.5292399,9.422567
-0.9176483,6.8530426,6.295517,0.39897597,-0.48501015,-0.14111376,-0.09418845,0.43133116,9.338235
-0.9714813,6.8350983,6.4259186,0.29915088,-0.41235542,-0.2500596,-0.11961913,0.27354026,9.324026
-0.9559326,6.8398895,6.501297,0.28717765,-0.60267115,-0.039634705,0.08813238,0.47082877,9.339952
-0.9439697,6.818344,6.47139,0.29813796,-0.49351025,-0.05737734,0.30596876,0.2938676,9.41199
-0.90448,6.830307,6.5060883,0.29215264,-0.49254274,0.022022724,0.054718733,0.46340013,9.47393
-0.9379883,6.86261,6.5682983,0.10873969,-0.58918476,-0.051318645,0.20256424,0.3523159,9.363437
-0.95114136,6.8530426,6.5348053,0.07621677,-0.5409045,-0.07893181,0.18722129,0.2940905,9.378777
-0.93917847,6.8410797,6.5120697,0.18103881,-0.3290944,-0.33151913,-0.11473131,0.13203263,9.337196
-0.933197,6.8231354,6.4941254,0.31749436,-0.28906965,-0.5028329,-0.3143165,0.12086582,9.237615
-0.90448,6.8123627,6.4331055,0.31255445,-0.3221717,-0.6024976,-0.34069657,0.085743904,9.142526
-0.9571228,6.82193,6.4139557,0.36012554,-0.34613037,-0.5252733,-0.32826972,0.17045832,9.183279
-1.0085754,6.813568,6.3625183,0.3247517,-0.27537966,-0.31602764,-0.24222255,0.21296859,9.385766
-0.95474243,6.7944183,6.4127655,0.1419102,-0.20331764,0.10269737,0.046734095,0.25695872,9.744911
-0.9224396,6.8410797,6.5479584,-0.26639903,-0.38643026,-0.23770666,0.118917465,-0.2724242,9.372548
-0.9714813,6.8231354,6.61615,0.17641182,-0.44298935,-1.0088391,-0.36582875,-0.14644265,8.762696
-0.9690857,6.817154,6.579071,0.42713073,-0.46584034,-0.76789856,-0.42662787,0.15611672,8.921929
-0.9643097,6.826721,6.504883,0.31491712,-0.41955423,-0.030387878,-0.028749943,0.4237523,9.497249
-0.9260254,6.8159485,6.4737854,0.11413918,-0.4616723,0.33777952,0.30874062,0.49086022,9.74341
-0.94755554,6.825531,6.418747,0.25053748,-0.32048273,0.043468,0.0017266273,0.36403394,9.619986
-0.9296112,6.7537384,6.5659027,0.25053748,-0.32048273,0.043468,0.0017266273,0.36403394,9.619986
-0.9451599,6.744171,6.592224,-0.14126262,-0.013642788,-0.38276196,-0.2570243,-0.13068952,9.517674
-0.9499512,6.825531,6.381653,-0.28185427,-0.22092056,-0.09997511,0.2722578,-0.12771678,9.588002
-0.89372253,6.8602295,6.3924255,-0.09548189,-0.32120466,-0.0802536,0.19732356,0.06105256,9.530849
-0.88534546,6.7824554,6.4534454,0.012516692,-0.26677895,-0.3126173,-0.015062571,-0.011599541,9.395924
-0.9690857,6.7944183,6.5611267,0.015792295,-0.17376804,-0.4764328,-0.14186549,-0.13961005,9.339943
-0.97029114,6.8159485,6.6053925,0.031551182,-0.13377953,-0.485929,-0.23618746,0.033347398,9.36154
-0.9559326,6.8566284,6.5192413,0.20575199,-0.106808186,-0.41307068,-0.28522754,-0.013852358,9.428732
-0.9152527,6.8482513,6.422333,0.17012528,-0.18518591,-0.3225336,-0.17768979,0.046702385,9.44126
-0.9451599,6.8027954,6.49292,0.110907584,-0.18591976,-0.25106335,-0.10123038,0.04195428,9.493774
-0.9379883,6.795624,6.518051,-0.04921004,-0.18924236,-0.097607136,0.087231636,0.008987665,9.606472
-0.90808105,6.8279266,6.4785614,-0.012680799,-0.11266184,-0.21545935,-0.034546614,-0.06401563,9.574306
-0.87457275,6.866211,6.5060883,-0.059672534,-0.1464634,-0.27952576,-0.014731646,-0.11434293,9.506891
-0.93440247,6.8004,6.5455627,-0.038642973,-0.19825792,-0.5786743,-0.25805855,-0.09252566,9.258464
-0.9523468,6.7908325,6.538391,0.083070815,-0.08048868,-0.5151057,-0.31418228,0.022141516,9.382961
-0.98106384,6.801605,6.518051,-0.043432593,-0.24347544,-0.17603636,0.07184243,-0.008038521,9.511812
-0.9559326,6.8614197,6.4534454,-0.056969106,-0.34746695,-0.11165714,0.16723275,0.06370497,9.483507
-0.933197,6.8279266,6.464203,0.15484425,-0.202497,0.009510517,0.0017354488,0.2095077,9.661133
-0.953537,6.798004,6.489334,-0.015150011,-0.2954836,-0.19526815,0.0703361,0.022694588,9.459942
-0.89849854,6.8207397,6.459427,0.0028799772,-0.29944372,-0.28662062,0.005797386,-0.020472884,9.392677
-0.87098694,6.798004,6.4965057,-0.007437408,-0.31071854,-0.25350857,0.044493437,-0.0013656616,9.408045
-0.90808105,6.8279266,6.488144,0.10887247,-0.33170986,-0.15217257,0.023917913,0.14340734,9.454651
-0.9906311,6.859024,6.602997,0.19880068,-0.37745523,0.013995647,0.066919565,0.3171575,9.52894
-0.94277954,6.8327026,6.6089783,0.14978194,-0.34095383,0.06929922,0.10943556,0.295362,9.596241
-0.9056854,6.8817596,6.4378967,-0.09919006,-0.34928226,0.08573532,0.32122898,-0.02700162,9.618846
-0.8949127,6.82193,6.4043884,-0.37133652,-0.31733847,-0.09344721,0.37940764,-0.18139243,9.541182
-0.8901367,6.8075867,6.4331055,-0.28173286,-0.27098894,-0.34329987,0.1696744,-0.27643442,9.399885
-0.93440247,6.805191,6.51326,-0.16071057,-0.21428347,-0.50644684,-0.026256561,-0.30520558,9.322508
-0.95951843,6.8398895,6.567108,-0.13085902,-0.30427313,-0.7935748,-0.14339566,-0.40654683,9.062591
-0.8829498,6.8482513,6.497711,-0.4007582,-0.39559698,-1.012033,-0.3309381,-0.6038872,8.875461
-0.89730835,6.8518524,6.4259186,-0.097524285,-0.15536833,-0.72451353,-0.21256447,-0.40948176,9.218679
-0.948761,6.8362885,6.4654083,-0.33994365,-0.03157568,-0.043094635,0.2278347,-0.2570362,9.785688
-0.9188385,6.880554,6.5060883,-0.40768653,-0.059932232,0.11462021,0.36849117,-0.20578861,9.8759575
-0.9176483,6.8638153,6.4534454,0.051326096,-0.07531738,-0.14052248,-0.06508398,-0.009997129,9.652645
-0.9272156,6.8602295,6.415161,0.17410117,-0.35647392,-0.36937952,-0.08010578,0.10943174,9.281833
-0.90927124,6.86261,6.4331055,0.21936506,-0.4923091,-0.42473555,-0.107723475,0.12644792,9.140844
-0.96191406,6.847061,6.509674,0.25830245,-0.52226305,-0.5146222,-0.16726756,0.11508131,9.056253
-0.9379883,6.8745728,6.55394,0.3190173,-0.30197334,-0.5027528,-0.31861615,0.069300175,9.224069
-0.9296112,6.891327,6.5108643,0.14913803,-0.37626314,-0.42251205,-0.122475386,0.025881052,9.235107
-0.91285706,6.8362885,6.43071,0.037423015,-0.60152864,-0.3344369,0.11416936,0.09429145,9.133479
-0.95474243,6.8446655,6.3828583,0.23385888,-0.46588802,-0.27643967,-0.06566858,0.20702314,9.258025
-0.9272156,6.845871,6.386444,0.12723583,-0.22570992,-0.23018408,-0.0887599,0.05543399,9.476245
-0.87815857,6.829117,6.406784,-0.015610278,-0.14315939,-0.19438934,-0.010959148,-0.05959463,9.572441
-0.91645813,6.850647,6.4618225,0.0013847947,-0.1405015,-0.10525179,0.018980265,0.0020763874,9.6321335
-0.9678955,6.8614197,6.3625183,0.10118908,-0.055978775,-0.11411238,-0.09934187,0.029482365,9.681525
-0.9954071,6.854233,6.4091797,-0.06865537,0.033917427,-0.10153437,-0.01692009,-0.12054825,9.76984
-1.0193481,6.8697968,6.5072784,-0.1666975,-0.1347394,-0.040424824,0.16781402,-0.0796659,9.692331
-0.92004395,6.8518524,6.455841,-0.14305556,-0.16310883,-0.024101734,0.1731515,-0.041142702,9.680254
-0.92123413,6.854233,6.4127655,-0.10194945,-0.17466116,-0.15954971,0.084261894,-0.08516717,9.578609
-0.9750824,6.8518524,6.4366913,-0.11834681,-0.28884077,-0.19000387,0.09316635,-0.12078357,9.474585
-0.9990082,6.8889313,6.4450684,-9.88245E-5,-0.32859325,-0.075817585,0.12792897,0.10150647,9.511604
-0.9750824,6.8530426,6.428314,0.19861096,-0.18916416,-0.11245775,-0.10344052,0.15542316,9.576391
-0.948761,6.838684,6.4295197,0.1015439,-0.23973942,-0.18423796,-0.04272151,0.069909334,9.498401
-1.0061798,6.8614197,6.4414825,0.10776466,-0.27569294,-0.1631031,-0.0197649,0.102422,9.485182
-1.0396881,6.8566284,6.3230286,0.20448542,-0.22276068,-0.23465109,-0.15089321,0.10320401,9.47038
-0.99780273,6.880554,6.315857,-0.05494213,-0.30137253,-0.27758455,0.056212187,-0.06323624,9.402004
-0.94277954,6.878174,6.381653,-0.17672837,-0.3934903,-0.297894,0.18086672,-0.11697793,9.328726
-0.92362976,6.8434753,6.4414825,-0.14347231,-0.4650774,-0.2481761,0.2158525,-0.033715725,9.305906
-0.9559326,6.8518524,6.4737854,0.051188886,-0.18044662,-0.3353839,-0.13296366,-0.015803576,9.446465
-0.94277954,6.8949127,6.4869385,0.023457408,-0.16212511,-0.45327663,-0.15281677,-0.17551517,9.384588
-0.93200684,6.8733826,6.477371,-0.16161239,-0.30665636,-0.50597954,0.028179884,-0.26769662,9.255546
-0.95832825,6.8518524,6.439087,-0.033947945,-0.24870634,-0.33594656,-0.012599945,-0.107295275,9.401438
-1.0061798,6.859024,6.484543,0.09183979,-0.11109209,-0.24047041,-0.1266706,-0.027822733,9.55809
-0.9990082,6.8949127,6.4008026,-0.08331442,-0.1371975,-0.15407372,0.055550337,-0.08344579,9.608021
-0.9654999,6.924835,6.4498596,-0.21401912,-0.33925676,-0.22558308,0.21680069,-0.12085414,9.419122
-0.91166687,6.8650055,6.4534454,-0.10754895,-0.4467926,-0.4041214,0.10795593,-0.10162711,9.2129135
-0.95951843,6.8518524,6.448654,0.20917189,-0.3251562,-0.62053967,-0.2871971,-0.06895161,9.137836
-1.0325012,6.878174,6.4031982,0.20073521,-0.492177,-0.57171106,-0.17899513,0.034743547,9.047611
-0.9834442,6.870987,6.3684998,0.058424354,-0.5891547,-0.69110394,-0.10790682,-0.017798543,8.903223
-0.9678955,6.90329,6.356537,0.13616714,-0.5215955,-0.7012615,-0.1734047,-0.055783987,8.941093
-0.93440247,6.870987,6.385254,0.27605465,-0.30329323,-0.2822423,-0.18913174,0.17589211,9.381039
-1.0205383,6.866211,6.4749756,0.12538165,-0.40381765,-0.15195322,0.03153181,0.20419765,9.407666
-1.0301056,6.9176483,6.4654083,-0.28845975,-0.5174122,0.13633156,0.52862144,0.15606737,9.550304
-0.9906311,6.898514,6.385254,-0.055970848,-0.27198982,-0.15521288,0.10261631,-0.0393281,9.508112
-0.97387695,6.84227,6.3888397,0.25631762,-0.11290407,-0.12877035,-0.1955781,0.1568675,9.627292
-0.982254,6.837494,6.3338013,-0.1269013,-0.37157917,-0.024913788,0.26724267,0.10522771,9.537756
-0.97268677,6.8817596,6.3014984,0.06477764,-0.28262615,0.17437696,0.16160679,0.28978872,9.7404175
-0.97746277,6.90329,6.354141,0.3483826,-0.008868694,0.19119596,-0.18291974,0.32920718,9.933802
-0.94277954,6.8602295,6.4008026,0.02411054,-0.044919968,0.1302309,0.05749464,0.109398365,9.872116
-1.0325012,6.880554,6.4618225,-0.10882476,-0.32015657,-0.83341646,-0.10919714,-0.33552957,8.979351
-1.0145569,6.8937225,6.5324097,0.18131919,-0.45954657,-0.057785988,0.057772636,0.3404343,9.448648
-0.9870453,6.8769684,6.47139,0.1690541,-0.30836058,0.38883734,0.18074608,0.4861753,9.882969
-0.9870453,6.8769684,6.401993,0.09106229,-0.29066992,0.3532009,0.21686268,0.40776682,9.871678
-0.899704,6.9188538,6.303894,0.32496327,-0.3297429,-0.4364109,-0.272784,0.15852594,9.254161
-0.96191406,6.900894,6.2823486,0.46255177,-0.12994432,-0.90899086,-0.6711242,-0.11654663,9.036512
-0.96310425,6.9152527,6.3026886,0.38613486,-0.13551807,-0.8818469,-0.5999303,-0.15624475,9.057791
-0.9690857,6.90329,6.30867,0.23304227,-0.153409,-0.5161772,-0.32117772,-0.048992872,9.318054
-0.95951843,6.8566284,6.3912354,0.18786511,-0.25340843,-0.0054540634,-0.022338629,0.25287032,9.619308
-0.93440247,6.8159485,6.47258,0.22876352,-0.16619158,0.10624027,-0.045875072,0.29425216,9.756148
-1.0301056,6.8410797,6.673584,0.32237035,-0.24735832,-0.5809393,-0.3660276,0.010399342,9.199596
-1.0061798,6.8362885,6.558731,-0.021956086,-0.545908,-0.7799649,-0.045657873,-0.19537663,8.875744
-0.98942566,6.870987,6.5168457,0.16592324,-0.3919487,-0.64894104,-0.2184453,0.045007586,9.063325
-0.9559326,6.847061,6.530014,0.26662403,-0.4831977,-0.55284405,-0.11968279,0.17322242,9.054403
-0.98106384,6.859024,6.55394,0.29244113,-0.51539135,-1.1226134,-0.44519424,-0.21904707,8.638219
-0.9260254,6.838684,6.427124,-0.039378047,-0.7155819,-0.93924904,-0.013605356,-0.24044609,8.650019
-0.91285706,6.833908,6.422333,-0.35208768,-0.5848837,0.07776737,0.5979328,0.078475,9.477378
-0.93200684,6.8327026,6.5324097,-0.32166278,-0.33518887,-0.036298275,0.30816078,-0.26545787,9.579263
-0.98583984,6.8697968,6.488144,-0.47060072,-0.27493286,-0.4658618,0.2924645,-0.45237398,9.333466
-1.0085754,6.866211,6.455841,-0.3836152,-0.44500923,-0.07578993,0.48877668,-0.092440605,9.48495
-0.94755554,6.855438,6.366104,-0.44843745,-0.45815706,0.03978157,0.5931437,-0.062354803,9.568158
-0.9415741,6.899704,6.4295197,-0.13222408,-0.49300003,0.21371078,0.45616126,0.2666099,9.64221
-0.92123413,6.86261,6.399597,-0.05042404,-0.3805127,0.3523078,0.39205885,0.34304333,9.814675
-0.95114136,6.845871,6.4630127,-0.0074748397,-0.3716936,0.4096017,0.38006258,0.3982141,9.86109
-0.9020996,6.8937225,6.479767,-0.20199251,-0.50840425,0.5688739,0.662467,0.41845465,9.901131
-0.8518524,6.8973083,6.41037,0.25491655,-0.5494871,-0.14166927,0.06492567,0.3568499,9.301248
-0.899704,6.9092712,6.3589325,-0.79401195,0.19511986,-0.04833603,0.4462304,-0.6589904,10.000229
-0.97029114,6.8697968,6.406784,-0.32373238,-0.16661644,-0.7150254,0.005563736,-0.55719113,9.2293
-0.9379883,6.857834,6.489334,-0.16413593,-0.14009476,-0.82058716,-0.43484735,-0.34182286,9.163225
-0.87338257,6.857834,6.378067,-0.23963964,-0.0045757294,-1.013783,-0.28857183,-0.75830984,9.153277
-0.9224396,6.8243256,6.3601227,-0.030838728,-0.023728848,-1.3162093,-0.5767472,-0.78513837,8.920738
-0.9571228,6.829117,6.4211426,-0.12662148,-0.015363693,-1.2557054,-0.4900291,-0.82641816,8.988132
-0.9906311,6.847061,6.47139,-0.19551766,0.055145264,-1.1871104,-0.4518149,-0.862252,9.097507
-0.92362976,6.806381,6.439087,-0.5472002,0.1679759,-0.9463458,-0.6403372,-0.79750466,9.3857355
-0.90927124,6.870987,6.374481,-0.2767148,0.016784668,-0.56997633,-0.08463764,-0.5361502,9.479382
-0.9654999,6.8685913,6.361313,-0.23477948,-0.09187603,-0.1735425,0.13322043,-0.22733665,9.650927
-1.0181427,6.8697968,6.4953156,-0.13863361,0.017374992,0.9348817,0.5200536,0.4226935,10.473284
-0.97746277,6.8733826,6.4905243,-0.07111645,-0.21510172,1.0252018,0.6348276,0.6216409,10.366044
-0.9403839,6.8434753,6.5036926,0.104658484,-0.1921668,0.4304948,0.22402906,0.40048027,9.957094
-0.93678284,6.8482513,6.4582214,0.07577276,-0.062156677,-0.03224182,-0.03646159,0.06257343,9.733169
-0.93200684,6.849457,6.423538,-0.1475907,-0.02295494,-0.20020342,0.026932955,-0.20389032,9.664893
-0.91166687,6.88295,6.4043884,-0.18033451,-0.1493063,-0.46133852,-0.0046560764,-0.31607604,9.397112
-0.92481995,6.8889313,6.399597,-0.16299653,-0.291749,-0.19952345,0.17492342,-0.08958912,9.470689
-1.0049896,6.8841553,6.47258,0.022061288,-0.29737902,-0.06688166,0.10290718,0.11576295,9.543205
-1.0169525,6.8327026,6.489334,-0.020016909,-0.27152538,-0.16330862,0.075282335,0.021136284,9.498945
-0.97746277,6.845871,6.427124,-0.046184182,-0.21124744,-0.16504478,0.06285286,-0.025648355,9.54323
-0.9152527,6.86261,6.3266296,0.010063529,-0.14704514,-0.23509216,-0.043394327,-0.05796933,9.538792
-0.9667053,6.8602295,6.2895355,-0.12986797,-0.24817371,-0.37241602,0.04543066,-0.1834724,9.380712
-0.98464966,6.8075867,6.3469543,-0.15264046,-0.33609295,-0.47189045,0.05865264,-0.21476388,9.250436
-0.9415741,6.8147583,6.644867,-0.14065564,-0.3114009,-0.5038085,0.021753073,-0.23562574,9.245771
-0.94755554,6.8279266,6.747757,-0.01990074,-0.34521008,-0.3705473,0.009511948,-0.06086445,9.303585
-0.9750824,6.817154,6.4665985,0.012661636,-0.25212955,-0.25798225,-0.02711296,1.3160706E-4,9.446721
-1.0133667,6.793228,6.5156555,-0.025001824,-0.27289057,-0.21215916,0.0,0.0,0.0
-0.9678955,6.806381,6.5527496,0.020287216,-0.25539112,-0.17965364,0.0,0.0,0.0
-0.9499512,6.826721,6.4163513,0.038764656,-0.2320242,-0.3191471,0.0,0.0,0.0
-0.93917847,6.7992096,6.3840485,0.049724877,-0.25948048,-0.35148048,0.0,0.0,0.0
-0.9308014,6.8279266,6.5025024,0.057568014,-0.22800016,-0.23599863,0.0,0.0,0.0
-0.95832825,6.825531,6.583847,0.029063106,-0.22518206,-0.160254,0.0,0.0,0.0
-0.9415741,6.813568,6.538391,0.04602605,-0.23321247,-0.20978785,0.0,0.0,0.0
-0.89849854,6.84227,6.5144653,0.0876624,-0.20469522,-0.23373127,0.0,0.0,0.0
-0.9607239,6.805191,6.5276184,0.02393347,-0.24178982,-0.22078133,0.0,0.0,0.0
-1.002594,6.8075867,6.509674,-0.016540349,-0.23890257,-0.23903513,0.0,0.0,0.0
-0.98106384,6.746567,6.5072784,0.005502522,-0.29964495,-0.24164534,0.0,0.0,0.0
-0.9152527,6.798004,6.5682983,0.07067287,-0.2473278,-0.18163729,0.0,0.0,0.0
-1.0014038,6.8004,6.501297,-0.013786197,-0.2463417,-0.24691963,0.0,0.0,0.0
-0.98106384,6.788437,6.484543,0.008113563,-0.2607417,-0.26090002,0.0,0.0,0.0
-0.9439697,6.7633057,6.4737854,0.04526663,-0.28804398,-0.26937866,0.0,0.0,0.0
-0.95474243,6.855438,6.45224,0.035447538,-0.19753361,-0.28908777,0.0,0.0,0.0
-0.953537,6.8602295,6.4665985,0.036039114,-0.19516039,-0.27228832,0.0,0.0,0.0
-0.99302673,6.8039856,6.51326,-0.0035841465,-0.25223827,-0.22477388,0.0,0.0,0.0
-1.0049896,6.7704926,6.5491486,-0.014012337,-0.2846713,-0.18976879,0.0,0.0,0.0
-0.9667053,6.808777,6.571884,0.025947869,-0.24342203,-0.16988993,0.0,0.0,0.0
-0.933197,6.8434753,6.571884,0.05910647,-0.20818996,-0.1704998,0.0,0.0,0.0
-0.93678284,6.847061,6.5371857,0.055690467,-0.20631933,-0.20337868,0.0,0.0,0.0
-0.9750824,6.8327026,6.5144653,0.019340396,-0.225564,-0.22069502,0.0,0.0,0.0
-0.97268677,6.8004,6.520447,0.023988664,-0.26055622,-0.21156073,0.0,0.0,0.0
-0.9415741,6.8195496,6.3720856,0.053561687,-0.25012016,-0.35099888,0.0,0.0,0.0
-0.953537,6.84227,6.3625183,0.042284846,-0.2359786,-0.35143185,0.0,0.0,0.0
-0.94277954,6.8039856,6.4378967,0.052840352,-0.28202152,-0.2678938,0.0,0.0,0.0
-0.92481995,6.850647,6.47258,0.070014656,-0.23800945,-0.23052692,0.0,0.0,0.0
-0.9104614,6.8398895,6.4127655,0.08104396,-0.256135,-0.2830348,0.0,0.0,0.0
-0.9499512,6.849457,6.4163513,0.040727854,-0.25160742,-0.27422667,0.0,0.0,0.0
-0.98583984,6.847061,6.4857483,0.0048285127,-0.25653934,-0.20213842,0.0,0.0,0.0
-0.9643097,6.854233,6.508484,0.02703154,-0.2510953,-0.17746687,0.0,0.0,0.0
-0.9798584,6.8853455,6.443878,0.011718154,-0.22178268,-0.24012423,0.0,0.0,0.0
-1.0492554,6.8614197,6.3912354,-0.0532279,-0.2520032,-0.28540564,0.0,0.0,0.0
-1.0265198,6.870987,6.34935,-0.02791804,-0.24741077,-0.32160187,0.0,0.0,0.0
-0.9762726,6.830307,6.4139557,0.024371982,-0.29187346,-0.25265074,0.0,0.0,0.0
-0.9020996,6.8566284,6.3672943,0.10012007,-0.26796818,-0.296494,0.0,0.0,0.0
-0.9188385,6.8841553,6.3314056,0.08365691,-0.24591255,-0.3264861,0.0,0.0,0.0
-0.93917847,6.900894,6.3912354,0.062336802,-0.23234558,-0.2634058,0.0,0.0,0.0
-0.90448,6.899704,6.480957,0.0955354,-0.23324871,-0.17421722,0.0,0.0,0.0
-0.9032898,6.9188538,6.447464,0.09345579,-0.21394682,-0.20836353,0.0,0.0,0.0
-0.92362976,6.8973083,6.4498596,0.07154006,-0.23615313,-0.20549583,0.0,0.0,0.0
-1.022934,6.8650055,6.41037,-0.02583903,-0.2698636,-0.2431879,0.0,0.0,0.0
-0.9906311,6.8925323,6.4414825,0.0086919665,-0.24417353,-0.20977068,0.0,0.0,0.0
-0.9990082,6.921234,6.4450684,0.003669858,-0.21757317,-0.20342398,0.0,0.0,0.0
-0.9762726,6.9152527,6.477371,0.026957989,-0.22456503,-0.16995335,0.0,0.0,0.0
-1.0181427,6.8817596,6.45105,-0.012552023,-0.26027155,-0.19353914,0.0,0.0,0.0
-0.9523468,6.875778,6.3828583,0.055147648,-0.27007818,-0.2573285,0.0,0.0,0.0
-0.89849854,6.9272156,6.24646,0.10875642,-0.22401619,-0.3879738,0.0,0.0,0.0
-0.9654999,6.9140625,6.3349915,0.041618347,-0.24292326,-0.29325533,0.0,0.0,0.0
-0.9607239,6.88295,6.47139,0.043825865,-0.27419806,-0.15707159,0.0,0.0,0.0
-0.9678955,6.9236298,6.440277,0.03659022,-0.2329979,-0.18875599,0.0,0.0,0.0
-0.98942566,6.9308167,6.32901,0.020285726,-0.2296195,-0.29511452,0.0,0.0,0.0
-0.982254,6.9260254,6.3230286,0.029486656,-0.23718357,-0.29778814,0.0,0.0,0.0
-1.0253296,6.899704,6.361313,-0.011848807,-0.26480246,-0.25783348,0.0,0.0,0.0
-1.0085754,6.891327,6.356537,0.007461071,-0.27416658,-0.26114893,0.0,0.0,0.0
-1.0037842,6.911667,6.4534454,0.013994336,-0.2532258,-0.16462326,0.0,0.0,0.0
-1.0061798,6.911667,6.4498596,0.01323688,-0.25077057,-0.17061377,0.0,0.0,0.0
-0.97746277,6.8853455,6.3756714,0.044100642,-0.27837372,-0.24308395,0.0,0.0,0.0
-0.9942169,6.880554,6.324234,0.029116869,-0.28527832,-0.29195976,0.0,0.0,0.0
-0.99302673,6.887741,6.4163513,0.031500936,-0.27796364,-0.1997962,0.0,0.0,0.0
-0.8841553,6.9092712,6.4163513,0.14003742,-0.25529337,-0.20108223,0.0,0.0,0.0
-0.87338257,6.9188538,6.3553314,0.14203107,-0.24598932,-0.26315355,0.0,0.0,0.0
-0.9260254,6.898514,6.354141,0.085597396,-0.26704788,-0.26414633,0.0,0.0,0.0
-0.98106384,6.928421,6.344574,0.030702472,-0.23737049,-0.27344322,0.0,0.0,0.0
-0.9451599,6.90329,6.357727,0.065420985,-0.26204777,-0.2609625,0.0,0.0,0.0
-0.88175964,6.8925323,6.4031982,0.123354554,-0.2702737,-0.2190628,0.0,0.0,0.0
-1.0169525,6.900894,6.4366913,-0.012555361,-0.26083755,-0.18684053,0.0,0.0,0.0
-1.0444641,6.8817596,6.447464,-0.038284898,-0.27849388,-0.17739487,0.0,0.0,0.0
-1.0576324,6.875778,6.3589325,-0.048803926,-0.28512955,-0.26481676,0.0,0.0,0.0
-0.9762726,6.9140625,6.2524414,0.033557773,-0.25060368,-0.36708975,0.0,0.0,0.0
-0.9308014,6.9152527,6.34935,0.077785015,-0.25178576,-0.26780128,0.0,0.0,0.0
-0.93917847,6.924835,6.509674,0.068766475,-0.2387886,-0.111272335,0.0,0.0,0.0
-0.9224396,6.932007,6.51326,0.08371687,-0.22718716,-0.112748146,0.0,0.0,0.0
-0.8889313,6.9559326,6.427124,0.11119151,-0.2035737,-0.19946003,0.0,0.0,0.0
-0.83987427,6.9092712,6.24646,0.15362579,-0.2544551,-0.37655783,0.0,0.0,0.0
-0.9260254,6.9260254,6.296707,0.064804554,-0.24259615,-0.32141256,0.0,0.0,0.0
-0.9152527,6.90329,6.36969,0.07292694,-0.26300907,-0.25134087,0.0,0.0,0.0
-0.83987427,6.9092712,6.55394,0.14409101,-0.2523651,-0.072761536,0.0,0.0,0.0
-0.83987427,6.9379883,6.4941254,0.13552547,-0.22067499,-0.13705254,0.0,0.0,0.0
-0.87098694,6.9260254,6.4127655,0.10114032,-0.23376179,-0.21767998,0.0,0.0,0.0
-0.9667053,6.857834,6.3517456,0.0010026693,-0.30481148,-0.27625895,0.0,0.0,0.0
-0.83987427,6.845871,6.214157,0.124691546,-0.32076597,-0.40998936,0.0,0.0,0.0
-0.7010956,6.929611,6.1698914,0.25644112,-0.2431655,-0.448627,0.0,0.0,0.0
-0.63290405,6.9224396,6.2907257,0.3094139,-0.2543664,-0.32560825,0.0,0.0,0.0
-0.61016846,6.9020996,6.4426727,0.32000095,-0.2712798,-0.17909431,0.0,0.0,0.0
-0.71784973,6.912857,6.5276184,0.1985004,-0.2514882,-0.10584593,0.0,0.0,0.0
-0.76091003,6.948761,6.5060883,0.14843094,-0.21060991,-0.133708,0.0,0.0,0.0
-0.79441833,6.9152527,6.4534454,0.11043346,-0.24299288,-0.18817759,0.0,0.0,0.0
-0.8757782,6.8446655,6.2105713,0.028246641,-0.3166604,-0.42784262,0.0,0.0,0.0
-0.8925171,6.8398895,6.254837,0.0150260925,-0.32534266,-0.37888002,0.0,0.0,0.0
-0.850647,6.9044952,6.366104,0.059045374,-0.25854397,-0.26968622,0.0,0.0,0.0
-0.73579407,6.887741,6.5898285,0.17038077,-0.26637173,-0.056065083,0.0,0.0,0.0
-0.73220825,6.886551,6.5850525,0.16994268,-0.2635231,-0.065732956,0.0,0.0,0.0
-0.6927185,6.916458,6.500107,0.20302957,-0.23374891,-0.15140152,0.0,0.0,0.0
-0.6089783,6.8853455,6.4055786,0.2803163,-0.26779985,-0.24363613,0.0,0.0,0.0
-0.5024872,6.911667,6.332611,0.374175,-0.24680853,-0.3125434,0.0,0.0,0.0
-0.45463562,6.9344025,6.3098755,0.4117486,-0.22704029,-0.3334298,0.0,0.0,0.0
-0.5132599,6.9439697,6.30867,0.3427602,-0.21973562,-0.3335395,0.0,0.0,0.0
-0.47138977,6.949951,6.3397827,0.3690781,-0.21445513,-0.30365658,0.0,0.0,0.0
-0.43190002,6.982254,6.3672943,0.3970675,-0.18141365,-0.27838564,0.0,0.0,0.0
-0.48454285,6.970291,6.340973,0.32351524,-0.19191504,-0.30885696,0.0,0.0,0.0
-0.51924133,6.924835,6.3553314,0.28019422,-0.23575592,-0.29727936,0.0,0.0,0.0
-0.58265686,6.933197,6.849457,0.2071029,-0.21236277,0.17955065,0.0,0.0,0.0
-0.58743286,7.0181427,6.9595184,0.19545901,-0.11225748,0.27260065,0.0,0.0,0.0
-0.64845276,6.989441,6.6879425,0.12881339,-0.13572311,-0.005209446,0.0,0.0,0.0
-0.69511414,6.9176483,6.4618225,0.07730842,-0.21708345,-0.22169113,0.0,0.0,0.0
-0.6197357,6.878174,6.3708954,0.14885598,-0.2631035,-0.30606604,0.0,0.0,0.0
-0.5587311,6.8733826,6.2644043,0.20259911,-0.27775288,-0.40283108,0.0,0.0,0.0
-0.49650574,6.920044,6.1878357,0.25956464,-0.23665094,-0.47403097,0.0,0.0,0.0
-0.5132599,6.969101,6.4055786,0.23673028,-0.18903828,-0.25542307,0.0,0.0,0.0
-0.50727844,6.972687,6.4821625,0.23411798,-0.18238544,-0.18309546,0.0,0.0,0.0
-0.45703125,6.9379883,6.526428,0.27720356,-0.21353292,-0.14343214,0.0,0.0,0.0
-0.37208557,6.891327,6.5036926,0.34781814,-0.2574129,-0.17070961,0.0,0.0,0.0
-0.3912201,6.9236298,6.4139557,0.3194101,-0.22683764,-0.25958967,0.0,0.0,0.0
-0.4008026,6.9236298,6.3230286,0.29860026,-0.22962666,-0.34871435,0.0,0.0,0.0
-0.39840698,6.948761,6.4450684,0.29325736,-0.20354223,-0.22850275,0.0,0.0,0.0
-0.37806702,6.9044952,6.522827,0.3037269,-0.24343109,-0.15644646,0.0,0.0,0.0
-0.38883972,6.9583282,6.5898285,0.27857536,-0.18464279,-0.09619522,0.0,0.0,0.0
-0.41156006,6.970291,6.423538,0.24824446,-0.17317057,-0.2627163,0.0,0.0,0.0
-0.35055542,6.8745728,6.488144,0.30070227,-0.27070665,-0.19700575,0.0,0.0,0.0
-0.32063293,6.870987,6.480957,0.3166846,-0.27301073,-0.20690584,0.0,0.0,0.0
-0.3864441,6.9391785,6.45224,0.2426666,-0.20293427,-0.23841238,0.0,0.0,0.0
-0.4749756,6.9595184,6.4043884,0.14717555,-0.1808958,-0.28872728,0.0,0.0,0.0
-0.43070984,6.899704,6.4701996,0.18621683,-0.24063253,-0.22348261,0.0,0.0,0.0
-0.4737854,6.837494,6.440277,0.13730615,-0.30146074,-0.255414,0.0,0.0,0.0
-0.3912201,6.886551,6.439087,0.21571922,-0.2522173,-0.2571807,0.0,0.0,0.0
-0.35653687,6.9344025,6.45224,0.24418461,-0.20271444,-0.24634838,0.0,0.0,0.0
-0.35653687,6.9559326,6.550354,0.233468,-0.17773724,-0.1528573,0.0,0.0,0.0
-0.3397827,6.924835,6.5778656,0.24274623,-0.20565176,-0.129385,0.0,0.0,0.0
-0.33259583,6.887741,6.5694885,0.24017948,-0.2387495,-0.14284611,0.0,0.0,0.0
-0.2859497,6.896118,6.5814514,0.27736706,-0.22788191,-0.13432789,0.0,0.0,0.0
-0.2536316,6.8925323,6.4941254,0.29967862,-0.23058176,-0.22342491,0.0,0.0,0.0
-0.22372437,6.9260254,6.439087,0.32525337,-0.19745636,-0.27842903,0.0,0.0,0.0
-0.18185425,6.929611,6.397217,0.348045,-0.20136404,-0.31387758,0.0,0.0,0.0
-0.1483612,6.941574,6.55394,0.3601781,-0.18885994,-0.15938139,0.0,0.0,0.0
-0.13519287,6.948761,6.6305084,0.358839,-0.17738819,-0.088443756,0.0,0.0,0.0
-0.12562561,6.9427795,6.624527,0.34801447,-0.17702103,-0.102618694,0.0,0.0,0.0
-0.10647583,6.8901367,6.6472626,0.35273698,-0.22591019,-0.08485365,0.0,0.0,0.0
-0.01675415,6.9559326,6.570694,0.42723048,-0.15918064,-0.16343021,0.0,0.0,0.0
0.0382843,6.90329,6.538391,0.45776063,-0.2141614,-0.19483376,0.0,0.0,0.0
0.026321411,6.9188538,6.467804,0.4312198,-0.20143223,-0.26331615,0.0,0.0,0.0
-0.017944336,6.9355927,6.4582214,0.37335554,-0.18863773,-0.2695279,0.0,0.0,0.0
-0.088531494,6.9595184,6.4008026,0.29619625,-0.16747665,-0.3243966,0.0,0.0,0.0
0.027511597,6.9834595,6.6149597,0.40009868,-0.14183903,-0.11272097,0.0,0.0,0.0
0.062210083,7.0133667,6.6472626,0.42430174,-0.10934639,-0.08372784,0.0,0.0,0.0
-0.0657959,6.9152527,6.705887,0.29111493,-0.20548105,-0.027474403,0.0,0.0,0.0
0.0035858154,6.9595184,6.796814,0.34847,-0.15349293,0.054668903,0.0,0.0,0.0
0.044265747,6.940384,6.7166595,0.37817428,-0.16990376,-0.028909683,0.0,0.0,0.0
0.058624268,6.9595184,6.522827,0.37763244,-0.157938,-0.21589947,0.0,0.0,0.0
0.044265747,6.9224396,6.428314,0.35610786,-0.20371342,-0.30155087,0.0,0.0,0.0
-0.026321411,6.936798,6.418747,0.28163543,-0.19474983,-0.30557966,0.0,0.0,0.0
0.0011901855,6.9631195,6.3625183,0.30634078,-0.17409325,-0.35592365,0.0,0.0,0.0
-0.06819153,6.9463654,6.4701996,0.23171872,-0.19783115,-0.24105167,0.0,0.0,0.0
-0.06460571,6.9308167,6.631714,0.23174626,-0.21362686,-0.079432964,0.0,0.0,0.0
-0.13279724,6.8853455,6.669998,0.15894231,-0.25671434,-0.04388666,0.0,0.0,0.0
-0.15911865,6.8602295,6.5599213,0.1317884,-0.2818575,-0.15397167,0.0,0.0,0.0
-0.2536316,6.9559326,6.4498596,0.04201913,-0.19045448,-0.25924826,0.0,0.0,0.0
-0.21296692,6.948761,6.45224,0.08381319,-0.20038128,-0.2538824,0.0,0.0,0.0
-0.122039795,6.833908,6.4534454,0.17196134,-0.31766462,-0.25020742,0.0,0.0,0.0
-0.114852905,6.898514,6.4426727,0.17569637,-0.25504684,-0.25900936,0.0,0.0,0.0
-0.06341553,6.990631,6.4869385,0.22217906,-0.1642437,-0.21355295,0.0,0.0,0.0
-0.08255005,6.9583282,6.538391,0.19383815,-0.1970849,-0.16191196,0.0,0.0,0.0
-0.095718384,6.8937225,6.5659027,0.17491525,-0.26156712,-0.13476706,0.0,0.0,0.0
-0.15074158,6.945175,6.5072784,0.116411,-0.21092129,-0.19266939,0.0,0.0,0.0
-0.07537842,6.9643097,6.4414825,0.18402812,-0.19596004,-0.25430965,0.0,0.0,0.0
-0.122039795,7.00618,6.4414825,0.13197926,-0.15772438,-0.25062752,0.0,0.0,0.0
-0.08135986,6.9966125,6.4821625,0.1648961,-0.1701684,-0.20715714,0.0,0.0,0.0
-0.13160706,6.9056854,6.583847,0.110761076,-0.25967932,-0.10713148,0.0,0.0,0.0
-0.11366272,6.973877,6.723831,0.124160394,-0.18247318,0.023049355,0.0,0.0,0.0
-0.1483612,6.9595184,6.600601,0.08744405,-0.19622135,-0.10090399,0.0,0.0,0.0
-0.095718384,6.921234,6.4989014,0.13741784,-0.23776484,-0.19921494,0.0,0.0,0.0
-0.090927124,6.8745728,6.5336,0.13587928,-0.2899866,-0.1587863,0.0,0.0,0.0
-0.061019897,6.879364,6.501297,0.16102447,-0.2876315,-0.1886406,0.0,0.0,0.0
-0.041870117,6.9655,6.2979126,0.17143473,-0.21194935,-0.38109255,0.0,0.0,0.0
-0.049057007,6.9918213,6.3062897,0.15817946,-0.19132757,-0.366776,0.0,0.0,0.0
-0.07058716,6.9547424,6.546768,0.13245067,-0.23087406,-0.12377024,0.0,0.0,0.0
-0.053833008,6.9798584,6.5946198,0.14467448,-0.2027173,-0.07932854,0.0,0.0,0.0
-0.08015442,6.981064,6.6137543,0.11494896,-0.20048857,-0.061395645,0.0,0.0,0.0
-0.105285645,6.9966125,6.5144653,0.088739544,-0.18795443,-0.15747118,0.0,0.0,0.0
-0.08973694,7.009781,6.447464,0.10505512,-0.178617,-0.22032213,0.0,0.0,0.0
-0.007171631,6.9379883,6.4043884,0.1857495,-0.25339794,-0.2602291,0.0,0.0,0.0
-0.062210083,6.9068756,6.3936157,0.12999107,-0.28819847,-0.26704168,0.0,0.0,0.0
-0.12083435,6.953537,6.4043884,0.07357524,-0.24296665,-0.25466013,0.0,0.0,0.0
-0.17826843,6.9918213,6.501297,0.020530641,-0.2038393,-0.15853262,0.0,0.0,0.0
-0.1603241,6.989441,6.604187,0.039525926,-0.20436001,-0.057620525,0.0,0.0,0.0
-0.13400269,6.98584,6.5886383,0.065277725,-0.20608616,-0.075210094,0.0,0.0,0.0
-0.15792847,7.010971,6.5025024,0.042979717,-0.18252325,-0.15960407,0.0,0.0,0.0
-0.20936584,7.022934,6.4618225,-0.0062930733,-0.17402363,-0.19647646,0.0,0.0,0.0
-0.20817566,6.9870453,6.5072784,-0.002470091,-0.21339226,-0.14717674,0.0,0.0,0.0
-0.15672302,6.9439697,6.5778656,0.05073525,-0.25661516,-0.076375484,0.0,0.0,0.0
-0.08015442,7.010971,6.5479584,0.12791696,-0.18944883,-0.10644245,0.0,0.0,0.0
-0.12921143,7.0361023,6.508484,0.081146136,-0.16819954,-0.14164162,0.0,0.0,0.0
-0.105285645,6.9750824,6.422333,0.10516456,-0.23374033,-0.22288895,0.0,0.0,0.0
-0.16151428,6.9930267,6.299103,0.050678015,-0.22216558,-0.33914757,0.0,0.0,0.0
-0.1651001,6.989441,6.3110657,0.05087672,-0.2351036,-0.3168831,0.0,0.0,0.0
-0.17228699,6.9954224,6.3876343,0.047518834,-0.23073006,-0.23843527,0.0,0.0,0.0
-0.24047852,6.9714813,6.443878,-0.010578036,-0.25363445,-0.1829791,0.0,0.0,0.0
-0.19381714,6.9966125,6.439087,0.041386902,-0.2271576,-0.18905115,0.0,0.0,0.0
-0.07896423,7.0301056,6.398407,0.15841123,-0.19371271,-0.2296009,0.0,0.0,0.0
-0.0765686,7.0671997,6.2847443,0.15911143,-0.1602683,-0.3393445,0.0,0.0,0.0
-0.055038452,7.027725,6.3505554,0.17804703,-0.20316839,-0.26988506,0.0,0.0,0.0
-0.051452637,7.02652,6.4462585,0.17641883,-0.20237494,-0.17654562,0.0,0.0,0.0
-0.055038452,6.9918213,6.518051,0.1696896,-0.23207235,-0.1103158,0.0,0.0,0.0
-0.23210144,7.0492554,6.3792725,-0.003787741,-0.17545271,-0.24808455,0.0,0.0,0.0
-0.23330688,7.039688,6.366104,-2.6412308E-4,-0.18757534,-0.25830078,0.0,0.0,0.0
-0.29193115,7.044464,6.4833527,-0.05330637,-0.18261862,-0.14105034,0.0,0.0,0.0
-0.2859497,7.010971,6.500107,-0.04110092,-0.21405888,-0.12630844,0.0,0.0,0.0
-0.3625183,6.9176483,6.315857,-0.11306211,-0.30963802,-0.30792522,0.0,0.0,0.0
-0.34934998,6.9750824,6.262024,-0.09586799,-0.25683975,-0.35654354,0.0,0.0,0.0
-0.21655273,6.9678955,6.317047,0.03530571,-0.2648816,-0.30064774,0.0,0.0,0.0
-0.14596558,6.973877,6.3637085,0.09740855,-0.25766087,-0.25565863,0.0,0.0,0.0
-0.090927124,6.994217,6.2895355,0.1437267,-0.23609018,-0.33149052,0.0,0.0,0.0
-0.21176147,6.9978027,6.2524414,0.01245223,-0.23216343,-0.36931896,0.0,0.0,0.0
-0.2416687,7.022934,6.3026886,-0.02271241,-0.20494318,-0.321527,0.0,0.0,0.0
-0.2596283,7.0372925,6.5025024,-0.047627255,-0.18473625,-0.12831497,0.0,0.0,0.0
-0.24047852,7.02652,6.4917297,-0.034916267,-0.18592405,-0.14971447,0.0,0.0,0.0
-0.30508423,7.0408783,6.3397827,-0.1014964,-0.16811323,-0.30547047,0.0,0.0,0.0
-0.25483704,6.9583282,6.337387,-0.05120386,-0.24197006,-0.31728268,0.0,0.0,0.0
-0.29910278,6.9547424,6.337387,-0.09662902,-0.24032784,-0.32296944,0.0,0.0,0.0
-0.18664551,6.9272156,6.4091797,0.0077302754,-0.25080442,-0.26979065,0.0,0.0,0.0
-0.051452637,6.90329,6.460617,0.13376342,-0.25724936,-0.23734951,0.0,0.0,0.0
-0.04067993,6.970291,6.356537,0.14011148,-0.18236256,-0.3499713,0.0,0.0,0.0
-0.1483612,6.952347,6.690338,-0.01037094,-0.13646984,-0.08461714,0.0,0.0,0.0
0.13040161,6.8518524,6.961914,0.24700396,-0.21135521,0.15986347,0.0,0.0,0.0
-0.053833008,6.9834595,6.705887,0.048224352,-0.060057163,-0.116784096,0.0,0.0,0.0
0.10169983,6.8004,6.8925323,0.17386591,-0.21751928,0.043153286,0.0,0.0,0.0
0.12083435,6.808777,6.768097,0.17843606,-0.19334698,-0.09756613,0.0,0.0,0.0
0.061019897,6.806381,6.669998,0.105738685,-0.18541956,-0.20627356,0.0,0.0,0.0
0.026321411,6.8446655,6.7669067,0.06681481,-0.14325857,-0.113330364,0.0,0.0,0.0
0.028717041,6.7693024,6.8327026,0.06276188,-0.20915031,-0.057176113,0.0,0.0,0.0
0.049057007,6.78006,6.7621155,0.07513013,-0.19004583,-0.13624144,0.0,0.0,0.0
0.095718384,6.855438,6.525223,0.11470982,-0.11467075,-0.37315464,0.0,0.0,0.0
0.055038452,6.887741,6.4079742,0.07191255,-0.087510586,-0.4852085,0.0,0.0,0.0
0.059814453,6.8614197,6.620941,0.072952725,-0.11708021,-0.26896095,0.0,0.0,0.0
0.08973694,6.793228,6.830307,0.092070684,-0.17686033,-0.068116665,0.0,0.0,0.0
0.07777405,6.746567,6.7489624,0.07603095,-0.21882582,-0.15420294,0.0,0.0,0.0
0.0143585205,6.7381897,6.623337,0.010208147,-0.22713423,-0.27989626,0.0,0.0,0.0
0.03111267,6.7405853,6.583847,0.025252631,-0.2265997,-0.31750727,0.0,0.0,0.0
-0.027511597,6.798004,6.6831512,-0.034699414,-0.17138433,-0.21597624,0.0,0.0,0.0
-0.020339966,6.764511,6.754944,-0.027119078,-0.20431042,-0.14475632,0.0,0.0,0.0
0.026321411,6.757324,6.8075867,0.021589763,-0.20948648,-0.094145775,0.0,0.0,0.0
0.0047912598,6.7836456,6.7118683,4.014317E-4,-0.18498373,-0.18802834,0.0,0.0,0.0
0.04307556,6.8147583,6.705887,0.038051825,-0.15964794,-0.18817043,0.0,0.0,0.0
0.06460571,6.7992096,6.6149597,0.05723863,-0.1849103,-0.2692542,0.0,0.0,0.0
0.052642822,6.7633057,6.628113,0.044766992,-0.22795296,-0.24885082,0.0,0.0,0.0
0.026321411,6.788437,6.6580353,0.018998068,-0.20946407,-0.21216965,0.0,0.0,0.0
0.04547119,6.8434753,6.631714,0.03827946,-0.16016626,-0.23263884,0.0,0.0,0.0
0.028717041,6.8207397,6.550354,0.020759445,-0.18910551,-0.3076625,0.0,0.0,0.0
0.027511597,6.8159485,6.570694,0.019471362,-0.2031312,-0.27787066,0.0,0.0,0.0
0.06460571,6.8315125,6.5659027,0.055576753,-0.19295311,-0.2771368,0.0,0.0,0.0
-0.0047912598,6.8279266,6.6089783,-0.01327672,-0.20101929,-0.22945976,0.0,0.0,0.0
-0.0382843,6.830307,6.6460724,-0.046088483,-0.20137358,-0.18955374,0.0,0.0,0.0
-0.0143585205,6.808777,6.509674,-0.018976346,-0.22758198,-0.3211403,0.0,0.0,0.0
-0.06341553,6.849457,6.5120697,-0.064866275,-0.19463778,-0.3107686,0.0,0.0,0.0
