-0.3062744,6.448654,5.3407745,-0.06862378,-0.49263096,-0.38968658,0.0902853,-0.073451996,9.1856
-0.32901,6.6173553,5.0321045,0.048488855,-0.6107559,-0.60370827,-0.070408344,-0.01390934,8.9495125
-0.4737854,6.999008,6.0346985,0.09179026,-0.5042772,-0.7185731,-0.19143248,-0.12873101,8.954681
-0.6006012,7.133011,6.4749756,0.05678916,-0.39121866,-0.7810807,-0.26305413,-0.23440099,9.005262
-0.55752563,6.8973083,6.900894,-0.09251517,-0.41080475,-0.6871371,-0.10444641,-0.28878832,9.061553
-0.5659027,6.727417,7.083954,-0.06599349,-0.40354967,-0.6210513,-0.09000945,-0.23668003,9.107513
-0.41635132,6.649658,6.530014,0.049205065,-0.42964268,-0.6158705,-0.150599,-0.13894749,9.082548
-0.34934998,6.924835,5.551346,0.18928522,-0.3934803,-0.602088,-0.2548566,-0.04077363,9.109119
-0.39720154,7.064804,5.8384857,0.086717665,-0.3437686,-0.46750546,-0.13904476,-0.063599825,9.240187
-0.41874695,6.981064,6.6987,0.06518221,-0.2239623,-0.41877222,-0.15930557,-0.098097086,9.3653145
-0.3529358,7.1808624,6.8004,-0.09067339,-0.17571831,-0.29136372,-0.01108408,-0.16305113,9.494748
-0.2979126,7.2418823,6.788437,-0.13991737,-0.32306337,-0.24558687,0.020087242,-0.17103082,9.413452
-0.25004578,7.130615,7.014557,-0.16925651,-0.38715792,-0.2290616,0.1837728,-0.11153269,9.376771
-0.29431152,6.9595184,7.097107,-0.009396672,-0.21430969,-0.15789604,0.029458523,-0.016388655,9.542431
-0.3014984,6.9092712,6.973877,0.03240925,-0.15023041,-0.2120409,-0.06096053,-0.038670063,9.554916
-0.3625183,6.9224396,6.2680054,0.03389448,0.038981915,-0.22337103,-0.16584373,-0.112394094,9.695177
-0.30389404,7.071991,6.180664,0.16013724,-0.03411293,-0.15703964,-0.17436504,0.044925928,9.668637
-0.2859497,7.1736755,6.423538,0.2891171,-0.10261536,-0.09229231,-0.18808436,0.20178151,9.643725
-0.2871399,7.117447,6.818344,0.29353946,-0.106877804,-0.010896206,-0.1437757,0.2519033,9.690117
-0.2679901,7.010971,7.064804,0.1008597,-0.054702282,0.013920307,-0.030240297,0.10259318,9.762844
-0.28953552,6.9236298,6.9643097,0.033334196,-0.08116531,0.013971806,0.02769494,0.0608778,9.748159
-0.31106567,6.911667,6.796814,0.04357481,-0.12541485,-0.07766533,-0.0071794987,0.031039953,9.65617
-0.52163696,7.0049896,6.283554,-0.06507611,-0.004858494,-0.085718155,-0.003278017,-0.09617376,9.758216
-0.40318298,7.0468597,6.037094,-0.052789927,-0.19018221,0.056709766,0.16406512,0.05405307,9.695597
-0.38763428,7.0947266,6.099304,0.13923323,-0.22145557,0.036099434,0.04496336,0.1958251,9.635295
-0.38165283,7.034897,6.504883,0.30549693,-0.15947056,-0.16286802,-0.20591998,0.18415451,9.544029
-0.3912201,7.039688,6.3912354,-0.04082954,-0.22345495,-0.260314,-0.07474375,-0.09411633,9.48274
-0.36849976,7.00618,6.3338013,-0.084537625,-0.25999212,-0.392354,-0.035853624,-0.2272563,9.387421
-0.43669128,6.7405853,6.57428,0.10886967,-0.2470522,-0.36156893,-0.14862251,-0.07483673,9.387209
-0.38404846,6.693924,6.361313,-0.17078412,-0.24455357,-0.29105473,0.065526485,-0.24959826,9.479399
-0.29193115,6.9750824,5.728424,-0.21777952,-0.2616682,-0.24472237,0.12890601,-0.25792742,9.502275
-0.24526978,7.220337,5.7762756,-0.16008162,-0.24030495,0.20906019,0.32160473,-0.14356863,9.751539
-0.42352295,7.0588226,6.9978027,0.028320313,-0.28043938,0.26370287,0.28674746,0.23838949,9.706984
-0.4749756,6.9355927,7.080368,-0.28192568,-0.28486252,0.1865902,0.43276072,-0.047670126,9.7299
-0.41874695,6.7178497,6.599411,-0.4122188,-0.395257,8.9645386E-5,0.4581554,-0.25020432,9.575038
-0.3900299,6.5359955,5.9856415,-1.7181294,0.43305206,-4.6432595,-1.9831209,-4.302988,8.306353
-0.4737854,6.6628113,5.720047,-1.7003834,0.5628147,-2.6076436,-2.2973528,-2.1480649,9.466278
-0.40797424,7.1688995,5.5860443,-0.49075317,-0.4044361,-0.3426361,0.296947,-0.5361481,9.424323
-0.49650574,7.1030884,6.9224396,-1.0007057,-0.17320728,0.28688717,0.8631828,-0.5569539,10.048384
-0.49531555,6.9308167,7.500305,-0.8057387,-0.060077667,-0.23205662,0.3753693,-0.75146055,9.839501
-0.3517456,6.7010956,7.02652,-0.5188494,-0.27523994,-0.8507571,-0.052954912,-0.88906336,9.281758
-0.31585693,6.7908325,6.1423798,-0.41939783,-0.37680817,-0.7282424,0.015049219,-0.7178695,9.229891
-0.3625183,6.928421,6.1591187,-0.21140814,-0.45126152,-0.5071626,0.064058065,-0.392159,9.2170315
-0.34336853,7.068405,6.20459,0.32219172,-0.6785717,-0.184134,0.048906803,0.25719357,9.078892
-0.28833008,7.1102753,6.1004944,0.30263317,-0.798666,-0.23884249,0.21679735,0.16345096,8.962385
-0.29193115,6.990631,6.571884,0.41582894,-0.5845108,-0.15371132,0.17100143,0.31655693,9.167319
-0.26081848,6.838684,6.969101,0.3429594,-0.49419212,-0.38807058,-0.17777944,0.15877438,9.131646
-0.28234863,6.9798584,6.418747,0.4238819,-0.5369816,-0.37057495,-0.19748521,0.25232434,9.09765
-0.3625183,7.176071,6.1004944,0.2686888,-0.4411664,-0.280509,-0.09591651,0.1701479,9.252253
-0.3912201,7.244278,6.147156,0.07143092,-0.5364013,-0.10695267,0.1781857,0.1557796,9.308403
-0.44148254,7.207184,6.6352997,0.076051116,-0.4055934,-0.12997389,0.094848156,0.11103368,9.399393
-0.40797424,7.0420837,6.7693024,0.1319753,-0.28367567,-0.18137074,-0.0342052,0.08724761,9.457361
-0.33021545,6.9918213,6.4953156,0.13356686,-0.28609657,-0.13301992,-0.0071394444,0.11893988,9.485421
-0.28234863,7.031311,5.947357,-0.017534971,-0.34780216,0.16987467,0.28893924,0.20084524,9.644457
-0.30508423,7.1724854,5.694916,0.1639111,-0.10661173,0.30724669,0.11591816,0.33319998,9.897062
-0.32302856,7.207184,6.0382843,0.22386122,0.04945278,0.2352109,-0.045779943,0.2830348,9.966897
-0.36012268,7.0899353,6.666397,-0.09326267,0.026060581,0.31497192,0.21528983,0.09755468,10.036253
-0.32063293,6.936798,6.9595184,-0.3662963,-0.14134645,0.48931837,0.57605577,0.048633814,10.050329
-0.3026886,6.9643097,6.9044952,-0.109746814,-0.1547718,0.4070816,0.37215042,0.199996,9.959032
-0.2644043,7.031311,6.460617,0.18061018,-0.0010304451,-0.017798424,-0.1269157,0.12563777,9.774315
-0.29551697,6.994217,6.3397827,0.12007487,-0.06508827,-0.13427305,-0.056699276,0.107538775,9.658651
-0.3529358,6.9152527,6.386444,0.12103248,-0.14815617,-0.2013588,-0.10852575,0.029326677,9.552668
-0.42352295,6.796814,6.520447,0.22561038,-0.061560154,-0.32062626,-0.28773355,0.009151697,9.53349
-0.37088013,6.75972,6.3828583,0.115700364,-0.2355814,-0.31361246,-0.12098026,-0.008614302,9.416103
-0.4091797,6.793228,6.4654083,0.08256054,-0.33963585,-0.33306265,-0.055673838,-0.008806467,9.327148
-0.39720154,6.715454,6.5898285,-0.2397362,-0.24684191,-0.2992034,0.12470579,-0.2639556,9.456361
-0.40678406,6.7824554,6.6053925,-0.27439928,-0.13680792,-0.3122611,0.08145666,-0.33601236,9.5383625
-0.39601135,6.8949127,6.579071,-0.14302778,-0.111308575,-0.31125355,-0.017868757,-0.24670362,9.544844
-0.43310547,6.8350983,6.685547,-0.013736725,-0.13216686,-0.3946972,-0.13819623,-0.1908691,9.463265
-0.40318298,6.67717,6.7405853,0.009519339,-0.22378731,-0.59527683,-0.21677232,-0.2581072,9.2672825
-0.24406433,6.6687927,6.5025024,0.05484426,-0.24352884,-0.5740986,-0.30630016,-0.011374176,9.260798
-0.31106567,6.8327026,6.312271,0.09261608,-0.24465227,-0.50901556,-0.21492028,-0.14132309,9.29541
-0.38046265,6.9631195,6.5168457,0.0012683868,-0.27534914,-0.32999706,-0.040766716,-0.096708536,9.389874
-0.38883972,7.0073853,6.3601227,-0.09254396,-0.35451412,-0.32068062,0.06674242,-0.13542557,9.34374
-0.38285828,6.855438,6.443878,-0.040917158,-0.45306826,-0.27083778,0.11185956,-0.035562754,9.290395
-0.5048828,6.722641,6.6963196,0.020068645,-0.44631338,-0.247221,0.08181095,0.021563292,9.303103
-0.48812866,6.833908,6.5192413,-0.078579664,-0.46754265,-0.198627,0.18444777,-0.017439127,9.327173
-0.46899414,7.076767,6.2357025,-0.05032432,-0.5881839,-0.24294758,0.20470476,0.018190622,9.202264
-0.47737122,7.2215424,6.600601,0.16152012,-0.44439888,-0.29476213,-0.037047863,0.09947491,9.259662
-0.48335266,7.1389923,6.653244,0.03048563,-0.2863598,-0.32579517,-0.050838947,-0.06916237,9.380382
-0.37327576,6.949951,6.538391,-0.1945076,-0.33368206,-0.25354815,0.019769192,-0.2413283,9.413162
-0.22132874,6.859024,6.386444,-0.13922632,-0.33949423,-0.25379467,0.12760329,-0.13843298,9.402167
-0.19023132,7.02652,6.3960114,0.014243841,-0.20336628,-0.3017335,-0.06975865,-0.095856905,9.462341
-0.30508423,7.150955,6.6592255,-0.10344875,-0.12014246,-0.28834772,-0.02941227,-0.20395279,9.550098
-0.40678406,7.1736755,6.859024,-0.20920837,-0.2836337,-0.30336905,0.11633921,-0.23910141,9.425148
-0.34934998,7.0791626,6.727417,-0.11091626,-0.35019064,-0.3067789,0.085648775,-0.14566207,9.358882
-0.27278137,6.9439697,6.5120697,0.13762522,-0.33495998,-0.33273506,-0.09816122,0.021185398,9.325228
-0.27038574,6.86261,6.520447,0.056572795,-0.23923826,-0.2492919,-0.049547434,-0.022864103,9.460812
-0.30389404,6.8446655,6.5766754,-0.01041472,-0.16208315,-0.17062998,-0.0027608871,-0.052992344,9.577133
-0.45703125,6.879364,6.669998,0.13339782,-0.156044,-0.23262453,-0.1336801,0.017363787,9.527209
-0.48214722,6.879364,6.57547,0.17171729,-0.17189407,-0.37969208,-0.20156956,0.11940259,9.421536
-0.38046265,6.8075867,6.111267,-0.051526785,-0.19965458,-0.3785329,-0.071659565,-0.19140363,9.427134
-0.3481598,6.75972,6.0047913,-0.18372297,-0.24593115,-0.19241619,0.14128757,-0.1685803,9.518764
-0.33140564,6.8350983,6.189041,-0.26728725,-0.1973648,-0.0950017,0.22425842,-0.19110847,9.626077
-0.37687683,6.879364,6.5575256,-0.21140873,-0.070643425,-0.17513037,0.07744694,-0.23646355,9.67085
-0.36849976,6.8889313,6.78006,-0.176041,-0.013358116,-0.30564785,-0.04744363,-0.30361223,9.632988
-0.4510498,6.8243256,7.0791626,-0.16933167,-0.17073059,-0.2759633,0.04688263,-0.23016477,9.5259285
-0.41156006,6.768097,6.6269226,-0.09642446,-0.1508441,-0.3214569,-0.0358119,-0.20783329,9.505138
-0.38763428,6.7669067,6.0478516,-0.124596,-0.10283804,-0.36334562,-0.06505036,-0.2682147,9.520382
-0.38285828,6.8207397,5.699707,-0.22530878,-0.039049625,-0.48006296,-0.09595442,-0.4313333,9.510859
-0.44386292,6.9152527,6.049057,-0.14687395,-0.09871435,-0.12675905,-0.037187576,-0.16370669,9.668081
-0.51924133,6.9427795,6.401993,-0.048512697,-0.15841246,-0.07559252,0.07361388,-0.02365303,9.641774
-0.5790558,6.908081,7.124634,-0.26293302,-0.17923641,-0.2707467,0.12224078,-0.28408575,9.525731
-0.57307434,6.8350983,7.1593323,-0.18787038,-0.31892633,-0.40206003,0.078672886,-0.2447846,9.324412
-0.5312042,6.855438,6.9595184,0.047468185,-0.4315524,-0.17081404,0.103891134,0.107596874,9.364725
-0.35533142,6.949951,6.0514526,0.16295236,-0.5458455,-0.08533478,0.2923751,0.14153367,9.330975
-0.2763672,6.9104767,5.9605255,0.37885344,-0.5323367,0.047742844,0.039707184,0.5292399,9.422567
-0.2715912,6.8518524,6.253647,0.39897597,-0.48501015,-0.14111376,-0.09418845,0.43133116,9.338235
-0.2644043,6.878174,6.5036926,0.29915088,-0.41235542,-0.2500596,-0.11961913,0.27354026,9.324026
-0.31825256,6.857834,6.6101685,0.28717765,-0.60267115,-0.039634705,0.08813238,0.47082877,9.339952
-0.33857727,6.833908,6.8207397,0.29813796,-0.49351025,-0.05737734,0.30596876,0.2938676,9.41199
-0.36849976,6.88295,6.5730896,0.29215264,-0.49254274,0.022022724,0.054718733,0.46340013,9.47393
-0.43788147,7.0301056,6.295517,0.10873969,-0.58918476,-0.051318645,0.20256424,0.3523159,9.363437
-0.44506836,7.0384827,6.480957,0.07621677,-0.5409045,-0.07893181,0.18722129,0.2940905,9.378777
-0.55513,6.9678955,6.8434753,0.18103881,-0.3290944,-0.33151913,-0.11473131,0.13203263,9.337196
-0.5204315,6.8973083,6.75972,0.31749436,-0.28906965,-0.5028329,-0.3143165,0.12086582,9.237615
-0.5096741,6.817154,6.619751,0.31255445,-0.3221717,-0.6024976,-0.34069657,0.085743904,9.142526
-0.34336853,6.7501526,6.1746826,0.36012554,-0.34613037,-0.5252733,-0.32826972,0.17045832,9.183279
-0.24526978,6.912857,5.5956116,0.3247517,-0.27537966,-0.31602764,-0.24222255,0.21296859,9.385766
-0.31106567,7.276581,5.720047,0.1419102,-0.20331764,0.10269737,0.046734095,0.25695872,9.744911
-0.44506836,7.4656067,6.6352997,-0.26639903,-0.38643026,-0.23770666,0.118917465,-0.2724242,9.372548
-0.45703125,7.4452667,7.490738,0.17641182,-0.44298935,-1.0088391,-0.36582875,-0.14644265,8.762696
-0.39482117,7.0289154,7.3040924,0.42713073,-0.46584034,-0.76789856,-0.42662787,0.15611672,8.921929
-0.36489868,6.921234,6.8685913,0.31491712,-0.41955423,-0.030387878,-0.028749943,0.4237523,9.497249
-0.28234863,6.8566284,5.802597,0.11413918,-0.4616723,0.33777952,0.30874062,0.49086022,9.74341
-0.33021545,7.022934,5.3862457,0.25053748,-0.32048273,0.043468,0.0017266273,0.36403394,9.619986
-0.41635132,7.0959167,6.153137,0.25053748,-0.32048273,0.043468,0.0017266273,0.36403394,9.619986
-0.6006012,7.0899353,6.8745728,-0.14126262,-0.013642788,-0.38276196,-0.2570243,-0.13068952,9.517674
-0.66760254,7.0085754,7.2179565,-0.28185427,-0.22092056,-0.09997511,0.2722578,-0.12771678,9.588002
-0.624527,6.8327026,7.0995026,-0.09548189,-0.32120466,-0.0802536,0.19732356,0.06105256,9.530849
-0.48812866,6.7166595,6.501297,0.012516692,-0.26677895,-0.3126173,-0.015062571,-0.011599541,9.395924
-0.33259583,6.6999054,5.6362915,0.015792295,-0.17376804,-0.4764328,-0.14186549,-0.13961005,9.339943
-0.3409729,6.714264,5.81575,0.031551182,-0.13377953,-0.485929,-0.23618746,0.033347398,9.36154
-0.4019928,6.644867,6.541977,0.20575199,-0.106808186,-0.41307068,-0.28522754,-0.013852358,9.428732
-0.54556274,6.7322083,6.723831,0.17012528,-0.18518591,-0.3225336,-0.17768979,0.046702385,9.44126
-0.58026123,6.8410797,6.5611267,0.110907584,-0.18591976,-0.25106335,-0.10123038,0.04195428,9.493774
-0.5048828,6.8147583,6.7046814,-0.04921004,-0.18924236,-0.097607136,0.087231636,0.008987665,9.606472
-0.39959717,6.6927185,6.6424713,-0.012680799,-0.11266184,-0.21545935,-0.034546614,-0.06401563,9.574306
-0.37088013,6.702301,6.480957,-0.059672534,-0.1464634,-0.27952576,-0.014731646,-0.11434293,9.506891
-0.2859497,6.751343,6.317047,-0.038642973,-0.19825792,-0.5786743,-0.25805855,-0.09252566,9.258464
-0.33857727,6.9846497,6.2033997,0.083070815,-0.08048868,-0.5151057,-0.31418228,0.022141516,9.382961
-0.39840698,7.1808624,6.24646,-0.043432593,-0.24347544,-0.17603636,0.07184243,-0.008038521,9.511812
-0.40797424,7.1688995,6.731003,-0.056969106,-0.34746695,-0.11165714,0.16723275,0.06370497,9.483507
-0.40678406,6.981064,6.84227,0.15484425,-0.202497,0.009510517,0.0017354488,0.2095077,9.661133
-0.279953,6.9678955,6.16391,-0.015150011,-0.2954836,-0.19526815,0.0703361,0.022694588,9.459942
-0.2033844,7.1102753,5.7966156,0.0028799772,-0.29944372,-0.28662062,0.005797386,-0.020472884,9.392677
-0.33857727,7.277771,6.2823486,-0.007437408,-0.31071854,-0.25350857,0.044493437,-0.0013656616,9.408045
-0.41156006,7.3220367,6.518051,0.10887247,-0.33170986,-0.15217257,0.023917913,0.14340734,9.454651
-0.49412537,7.326828,6.57547,0.19880068,-0.37745523,0.013995647,0.066919565,0.3171575,9.52894
-0.4175415,7.0085754,6.541977,0.14978194,-0.34095383,0.06929922,0.10943556,0.295362,9.596241
-0.36968994,6.945175,6.0681915,-0.09919006,-0.34928226,0.08573532,0.32122898,-0.02700162,9.618846
-0.29312134,7.0408783,5.7224426,-0.37133652,-0.31733847,-0.09344721,0.37940764,-0.18139243,9.541182
-0.32661438,7.0408783,6.271591,-0.28173286,-0.27098894,-0.34329987,0.1696744,-0.27643442,9.399885
-0.4893341,7.00618,7.014557,-0.16071057,-0.21428347,-0.50644684,-0.026256561,-0.30520558,9.322508
-0.55752563,6.960724,7.133011,-0.13085902,-0.30427313,-0.7935748,-0.14339566,-0.40654683,9.062591
-0.48454285,6.8697968,6.9583282,-0.4007582,-0.39559698,-1.012033,-0.3309381,-0.6038872,8.875461
-0.42712402,6.6963196,6.5156555,-0.097524285,-0.15536833,-0.72451353,-0.21256447,-0.40948176,9.218679
-0.34934998,6.702301,6.1615143,-0.33994365,-0.03157568,-0.043094635,0.2278347,-0.2570362,9.785688
-0.32781982,6.7704926,6.242874,-0.40768653,-0.059932232,0.11462021,0.36849117,-0.20578861,9.8759575
-0.4857483,6.7609253,6.742981,0.051326096,-0.07531738,-0.14052248,-0.06508398,-0.009997129,9.652645
-0.48693848,6.8159485,6.7704926,0.17410117,-0.35647392,-0.36937952,-0.08010578,0.10943174,9.281833
-0.4785614,6.8315125,6.8111725,0.21936506,-0.4923091,-0.42473555,-0.107723475,0.12644792,9.140844
-0.4857483,6.788437,6.84227,0.25830245,-0.52226305,-0.5146222,-0.16726756,0.11508131,9.056253
-0.4127655,6.789627,6.5407867,0.3190173,-0.30197334,-0.5027528,-0.31861615,0.069300175,9.224069
-0.4127655,6.9188538,6.2823486,0.14913803,-0.37626314,-0.42251205,-0.122475386,0.025881052,9.235107
-0.39482117,6.952347,6.3421783,0.037423015,-0.60152864,-0.3344369,0.11416936,0.09429145,9.133479
-0.4019928,6.973877,6.275177,0.23385888,-0.46588802,-0.27643967,-0.06566858,0.20702314,9.258025
-0.4127655,6.928421,6.24527,0.12723583,-0.22570992,-0.23018408,-0.0887599,0.05543399,9.476245
-0.49412537,6.830307,6.8697968,-0.015610278,-0.14315939,-0.19438934,-0.010959148,-0.05959463,9.572441
-0.53359985,6.801605,6.957138,0.0013847947,-0.1405015,-0.10525179,0.018980265,0.0020763874,9.6321335
-0.48693848,7.068405,6.24527,0.10118908,-0.055978775,-0.11411238,-0.09934187,0.029482365,9.681525
-0.45703125,7.2514496,6.12204,-0.06865537,0.033917427,-0.10153437,-0.01692009,-0.12054825,9.76984
-0.46540833,7.1736755,6.273987,-0.1666975,-0.1347394,-0.040424824,0.16781402,-0.0796659,9.692331
-0.43310547,6.886551,6.423538,-0.14305556,-0.16310883,-0.024101734,0.1731515,-0.041142702,9.680254
-0.4247284,6.793228,6.6400757,-0.10194945,-0.17466116,-0.15954971,0.084261894,-0.08516717,9.578609
-0.38883972,6.833908,6.866211,-0.11834681,-0.28884077,-0.19000387,0.09316635,-0.12078357,9.474585
-0.3254242,7.1150513,6.467804,-9.88245E-5,-0.32859325,-0.075817585,0.12792897,0.10150647,9.511604
-0.4283142,7.335205,6.30748,0.19861096,-0.18916416,-0.11245775,-0.10344052,0.15542316,9.576391
-0.46180725,7.176071,7.0612183,0.1015439,-0.23973942,-0.18423796,-0.04272151,0.069909334,9.498401
-0.39482117,6.826721,7.1365967,0.10776466,-0.27569294,-0.1631031,-0.0197649,0.102422,9.485182
-0.34336853,6.695114,6.394821,0.20448542,-0.22276068,-0.23465109,-0.15089321,0.10320401,9.47038
-0.3756714,6.7669067,6.3098755,-0.05494213,-0.30137253,-0.27758455,0.056212187,-0.06323624,9.402004
-0.5587311,6.8243256,6.381653,-0.17672837,-0.3934903,-0.297894,0.18086672,-0.11697793,9.328726
-0.5359955,6.875778,6.6388855,-0.14347231,-0.4650774,-0.2481761,0.2158525,-0.033715725,9.305906
-0.5276184,6.71904,6.813568,0.051188886,-0.18044662,-0.3353839,-0.13296366,-0.015803576,9.446465
-0.4905243,6.580261,6.7716827,0.023457408,-0.16212511,-0.45327663,-0.15281677,-0.17551517,9.384588
-0.43310547,6.582657,6.262024,-0.16161239,-0.30665636,-0.50597954,0.028179884,-0.26769662,9.255546
-0.31944275,6.5946198,5.9353943,-0.033947945,-0.24870634,-0.33594656,-0.012599945,-0.107295275,9.401438
-0.41036987,6.6927185,6.2165527,0.09183979,-0.11109209,-0.24047041,-0.1266706,-0.027822733,9.55809
-0.49771118,6.838684,6.6927185,-0.08331442,-0.1371975,-0.15407372,0.055550337,-0.08344579,9.608021
-0.4665985,6.7405853,6.6807556,-0.21401912,-0.33925676,-0.22558308,0.21680069,-0.12085414,9.419122
-0.41156006,6.6388855,6.5407867,-0.10754895,-0.4467926,-0.4041214,0.10795593,-0.10162711,9.2129135
-0.40318298,6.654434,5.7966156,0.20917189,-0.3251562,-0.62053967,-0.2871971,-0.06895161,9.137836
-0.45463562,6.891327,5.6434784,0.20073521,-0.492177,-0.57171106,-0.17899513,0.034743547,9.047611
-0.6616211,7.1413727,6.0765686,0.058424354,-0.5891547,-0.69110394,-0.10790682,-0.017798543,8.903223
-0.7082825,7.2191467,6.6221313,0.13616714,-0.5215955,-0.7012615,-0.1734047,-0.055783987,8.941093
-0.6544342,6.9475555,7.071991,0.27605465,-0.30329323,-0.2822423,-0.18913174,0.17589211,9.381039
-0.5395813,6.8111725,7.027725,0.12538165,-0.40381765,-0.15195322,0.03153181,0.20419765,9.407666
-0.40797424,6.7992096,6.501297,-0.28845975,-0.5174122,0.13633156,0.52862144,0.15606737,9.550304
-0.52163696,7.2502594,5.97847,-0.055970848,-0.27198982,-0.15521288,0.10261631,-0.0393281,9.508112
-0.58026123,7.404587,6.241684,0.25631762,-0.11290407,-0.12877035,-0.1955781,0.1568675,9.627292
-0.69869995,7.487137,6.8434753,-0.1269013,-0.37157917,-0.024913788,0.26724267,0.10522771,9.537756
-0.47018433,7.2382813,6.994217,0.06477764,-0.28262615,0.17437696,0.16160679,0.28978872,9.7404175
-0.29910278,6.949951,6.972687,0.3483826,-0.008868694,0.19119596,-0.18291974,0.32920718,9.933802
-0.22372437,6.788437,6.8039856,0.02411054,-0.044919968,0.1302309,0.05749464,0.109398365,9.872116
-0.25125122,6.8362885,6.3840485,-0.10882476,-0.32015657,-0.83341646,-0.10919714,-0.33552957,8.979351
-0.45703125,7.093521,6.22612,0.18131919,-0.45954657,-0.057785988,0.057772636,0.3404343,9.448648
-0.6029968,7.1270294,6.6687927,0.1690541,-0.30836058,0.38883734,0.18074608,0.4861753,9.882969
-0.54437256,7.0253296,7.228714,0.09106229,-0.29066992,0.3532009,0.21686268,0.40776682,9.871678
-0.61135864,6.7501526,7.433304,0.32496327,-0.3297429,-0.4364109,-0.272784,0.15852594,9.254161
-0.5623169,6.5455627,6.9056854,0.46255177,-0.12994432,-0.90899086,-0.6711242,-0.11654663,9.036512
-0.56829834,6.538391,6.18544,0.38613486,-0.13551807,-0.8818469,-0.5999303,-0.15624475,9.057791
-0.47018433,6.526428,5.5740814,0.23304227,-0.153409,-0.5161772,-0.32117772,-0.048992872,9.318054
-0.41993713,6.5563354,5.6853485,0.18786511,-0.25340843,-0.0054540634,-0.022338629,0.25287032,9.619308
-0.52163696,6.78006,6.28714,0.22876352,-0.16619158,0.10624027,-0.045875072,0.29425216,9.756148
-0.6077728,6.9834595,6.887741,0.32237035,-0.24735832,-0.5809393,-0.3660276,0.010399342,9.199596
-0.5766754,7.0181427,7.137787,-0.021956086,-0.545908,-0.7799649,-0.045657873,-0.19537663,8.875744
-0.47616577,6.583847,6.830307,0.16592324,-0.3919487,-0.64894104,-0.2184453,0.045007586,9.063325
-0.38763428,6.418747,6.1411743,0.26662403,-0.4831977,-0.55284405,-0.11968279,0.17322242,9.054403
-0.3672943,6.4462585,5.8013916,0.29244113,-0.51539135,-1.1226134,-0.44519424,-0.21904707,8.638219
-0.5204315,6.7740784,5.5704956,-0.039378047,-0.7155819,-0.93924904,-0.013605356,-0.24044609,8.650019
-0.57547,6.8841553,5.8659973,-0.35208768,-0.5848837,0.07776737,0.5979328,0.078475,9.477378
-0.6999054,6.9308167,6.6711884,-0.32166278,-0.33518887,-0.036298275,0.30816078,-0.26545787,9.579263
-0.58384705,6.818344,6.6592255,-0.47060072,-0.27493286,-0.4658618,0.2924645,-0.45237398,9.333466
-0.53240967,6.84227,6.171097,-0.3836152,-0.44500923,-0.07578993,0.48877668,-0.092440605,9.48495
-0.5276184,6.978668,6.2476654,-0.44843745,-0.45815706,0.03978157,0.5931437,-0.062354803,9.568158
-0.58026123,7.022934,6.5694885,-0.13222408,-0.49300003,0.21371078,0.45616126,0.2666099,9.64221
-0.59103394,7.0827484,6.7788696,-0.05042404,-0.3805127,0.3523078,0.39205885,0.34304333,9.814675
-0.5934143,7.1808624,6.9475555,-0.0074748397,-0.3716936,0.4096017,0.38006258,0.3982141,9.86109
-0.4390869,7.076767,6.528824,-0.20199251,-0.50840425,0.5688739,0.662467,0.41845465,9.901131
-0.43070984,7.1270294,5.9102783,0.25491655,-0.5494871,-0.14166927,0.06492567,0.3568499,9.301248
-0.39361572,7.1437683,5.925827,-0.79401195,0.19511986,-0.04833603,0.4462304,-0.6589904,10.000229
-0.6137543,7.1114655,6.777664,-0.32373238,-0.16661644,-0.7150254,0.005563736,-0.55719113,9.2293
-0.63768005,7.100708,7.2682037,-0.16413593,-0.14009476,-0.82058716,-0.43484735,-0.34182286,9.163225
-0.6855469,7.0827484,7.2837524,-0.23963964,-0.0045757294,-1.013783,-0.28857183,-0.75830984,9.153277
-0.60658264,6.9308167,6.9978027,-0.030838728,-0.023728848,-1.3162093,-0.5767472,-0.78513837,8.920738
-0.49650574,6.849457,6.325424,-0.12662148,-0.015363693,-1.2557054,-0.4900291,-0.82641816,8.988132
-0.5084686,6.911667,5.740387,-0.19551766,0.055145264,-1.1871104,-0.4518149,-0.862252,9.097507
-0.6233368,6.9918213,5.8133698,-0.5472002,0.1679759,-0.9463458,-0.6403372,-0.79750466,9.3857355
-0.7118683,6.9978027,6.4498596,-0.2767148,0.016784668,-0.56997633,-0.08463764,-0.5361502,9.479382
-0.8063812,6.8566284,7.073181,-0.23477948,-0.09187603,-0.1735425,0.13322043,-0.22733665,9.650927
-0.7034912,6.6807556,6.9176483,-0.13863361,0.017374992,0.9348817,0.5200536,0.4226935,10.473284
-0.7046814,6.695114,6.4821625,-0.07111645,-0.21510172,1.0252018,0.6348276,0.6216409,10.366044
-0.6807556,6.8147583,5.9365997,0.104658484,-0.1921668,0.4304948,0.22402906,0.40048027,9.957094
-0.74894714,6.8614197,5.9689026,0.07577276,-0.062156677,-0.03224182,-0.03646159,0.06257343,9.733169
-0.8386841,6.891327,6.381653,-0.1475907,-0.02295494,-0.20020342,0.026932955,-0.20389032,9.664893
-0.80519104,6.7633057,6.61615,-0.18033451,-0.1493063,-0.46133852,-0.0046560764,-0.31607604,9.397112
-0.8003998,6.707077,6.6065826,-0.16299653,-0.291749,-0.19952345,0.17492342,-0.08958912,9.470689
-0.71066284,6.6556396,6.30867,0.022061288,-0.29737902,-0.06688166,0.10290718,0.11576295,9.543205
-0.653244,6.7250214,6.12204,-0.020016909,-0.27152538,-0.16330862,0.075282335,0.021136284,9.498945
-0.9654999,6.619751,6.1615143,-0.046184182,-0.21124744,-0.16504478,0.06285286,-0.025648355,9.54323
-1.0444641,7.124634,6.241684,0.010063529,-0.14704514,-0.23509216,-0.043394327,-0.05796933,9.538792
-1.02771,7.002594,6.912857,-0.12986797,-0.24817371,-0.37241602,0.04543066,-0.1834724,9.380712
-1.0456696,6.977478,7.0959167,-0.15264046,-0.33609295,-0.47189045,0.05865264,-0.21476388,9.250436
-0.9607239,6.8279266,6.7046814,-0.14065564,-0.3114009,-0.5038085,0.021753073,-0.23562574,9.245771
-0.7657013,6.7537384,5.5034943,-0.01990074,-0.34521008,-0.3705473,0.009511948,-0.06086445,9.303585
-1.1246338,6.999008,6.51326,-0.2980026,-0.15404177,-0.14413738,-0.18910122,-0.25158024,9.621561
-1.0648041,6.899704,6.3684998,-0.22456014,-0.2566223,-0.28367043,0.0,0.0,0.0
-1.022934,6.8638153,6.3182526,-0.1649633,-0.2936597,-0.3304181,0.0,0.0,0.0
-1.1449585,6.929611,6.2691956,-0.27205718,-0.2254672,-0.3801117,0.0,0.0,0.0
-1.2681885,7.142578,6.464203,-0.3770861,-0.008153439,-0.18736601,0.0,0.0,0.0
-1.2921295,7.1688995,6.5599213,-0.37222415,0.033366203,-0.104035854,0.0,0.0,0.0
-1.331604,7.1078796,6.693924,-0.39350128,-0.014933109,0.018904686,0.0,0.0,0.0
-1.2789612,6.84227,6.710678,-0.32465416,-0.26871347,0.025351048,0.0,0.0,0.0
-1.2131653,6.764511,6.55513,-0.23915803,-0.3330822,-0.14157581,0.0,0.0,0.0
-1.1760712,6.7621155,6.479767,-0.18866986,-0.33063745,-0.2201047,0.0,0.0,0.0
-1.2717896,6.8039856,6.3876343,-0.26755786,-0.2845664,-0.31418085,0.0,0.0,0.0
-1.4285126,6.818344,6.521637,-0.3877747,-0.2619605,-0.1833272,0.0,0.0,0.0
-1.4727783,6.754944,6.385254,-0.39545846,-0.31874418,-0.32091475,0.0,0.0,0.0
-1.4021912,6.6640167,6.1986084,-0.30686438,-0.4128704,-0.5012655,0.0,0.0,0.0
-1.2741852,6.6592255,5.9605255,-0.1657989,-0.42821312,-0.72603416,0.0,0.0,0.0
-1.3244324,6.73938,5.9976044,-0.19865155,-0.36210203,-0.6711254,0.0,0.0,0.0
-1.3734741,6.7944183,6.337387,-0.23780334,-0.30346394,-0.333498,0.0,0.0,0.0
-1.4129639,6.6795654,6.6053925,-0.26901543,-0.4047823,-0.07845259,0.0,0.0,0.0
-1.3842468,6.7405853,6.504883,-0.2235514,-0.32945204,-0.19121695,0.0,0.0,0.0
-1.3220367,6.7094727,6.28714,-0.15375507,-0.36394358,-0.40407038,0.0,0.0,0.0
-1.4680023,6.8650055,5.8492584,-0.2891668,-0.21904564,-0.82883644,0.0,0.0,0.0
-1.2705841,6.870987,5.8923187,-0.0776788,-0.23368454,-0.76132774,0.0,0.0,0.0
-1.2263184,6.686737,6.3553314,-0.03531277,-0.41833687,-0.2982254,0.0,0.0,0.0
-1.3411713,6.772888,6.652054,-0.14823174,-0.3196845,-0.0144815445,0.0,0.0,0.0
-1.4715881,6.850647,6.7633057,-0.27401376,-0.22592163,0.08061361,0.0,0.0,0.0
-1.475174,6.75972,6.813568,-0.26656723,-0.29853487,0.113515854,0.0,0.0,0.0
-1.2059784,6.6472626,6.624527,0.0037493706,-0.40210915,-0.08466816,0.0,0.0,0.0
-1.1509552,6.65683,6.4570313,0.05373645,-0.39604378,-0.24938965,0.0,0.0,0.0
-1.1629181,6.703491,6.415161,0.039231777,-0.35366058,-0.2872138,0.0,0.0,0.0
-1.2693939,6.7417755,6.875778,-0.069744825,-0.30201054,0.1589117,0.0,0.0,0.0
-1.3244324,6.788437,6.9140625,-0.124764204,-0.23924255,0.18034792,0.0,0.0,0.0
-1.3220367,6.8949127,6.772888,-0.12008321,-0.12086153,0.027177334,0.0,0.0,0.0
-1.3495483,6.7908325,6.924835,-0.14602661,-0.21565056,0.16975403,0.0,0.0,0.0
-1.3997955,6.86261,6.5898285,-0.19389975,-0.13304138,-0.17604733,0.0,0.0,0.0
-1.3746796,6.9260254,6.1124725,-0.16784549,-0.07943249,-0.6430807,0.0,0.0,0.0
-1.3842468,6.8243256,6.5970154,-0.18249035,-0.18680239,-0.15355873,0.0,0.0,0.0
-1.401001,6.78006,6.833908,-0.2095424,-0.20898438,0.058653355,0.0,0.0,0.0
-1.282547,6.751343,6.932007,-0.09766519,-0.2160697,0.13335943,0.0,0.0,0.0
-1.125824,6.8398895,6.51326,0.050767303,-0.119668484,-0.2948656,0.0,0.0,0.0
-1.1306152,6.891327,6.2596283,0.04150057,-0.079295635,-0.537941,0.0,0.0,0.0
-1.1964111,6.854233,6.440277,-0.028716803,-0.12743187,-0.34671307,0.0,0.0,0.0
-1.1988068,6.7369995,6.669998,-0.036774993,-0.24126482,-0.121459484,0.0,0.0,0.0
-1.1629181,6.703491,6.3720856,-0.004333377,-0.27837038,-0.41626358,0.0,0.0,0.0
-1.0133667,6.7788696,5.871994,0.14129841,-0.23315716,-0.8858614,0.0,0.0,0.0
-0.95832825,6.796814,5.7714844,0.1937797,-0.23833323,-0.9627371,0.0,0.0,0.0
-1.0193481,6.777664,6.3266296,0.13250554,-0.26014423,-0.4048543,0.0,0.0,0.0
-1.0660095,6.5862427,6.705887,0.08586419,-0.43463993,-0.04324484,0.0,0.0,0.0
-1.0971069,6.6305084,6.4031982,0.055814862,-0.38213348,-0.3543172,0.0,0.0,0.0
-1.1605225,6.7369995,6.065811,-0.0026689768,-0.27972174,-0.6866245,0.0,0.0,0.0
-1.2215424,6.847061,6.089737,-0.048949957,-0.18595695,-0.64317274,0.0,0.0,0.0
-1.3052826,6.7322083,6.7740784,-0.12298834,-0.29644775,0.038311005,0.0,0.0,0.0
-1.4081726,6.727417,6.8315125,-0.21252453,-0.27493477,0.070752144,0.0,0.0,0.0
-1.405777,6.746567,6.7537384,-0.20484114,-0.24612856,-0.016073704,0.0,0.0,0.0
-1.208374,6.6687927,6.3828583,-0.0073828697,-0.32554007,-0.385252,0.0,0.0,0.0
-1.1066742,6.59581,6.2895355,0.09406376,-0.40628767,-0.47058582,0.0,0.0,0.0
-1.2969055,6.6460724,6.3625183,-0.08771396,-0.35965967,-0.39232874,0.0,0.0,0.0
-1.3758698,6.7322083,6.5862427,-0.15422678,-0.2640791,-0.17614889,0.0,0.0,0.0
-1.2610168,6.727417,6.9140625,-0.02876985,-0.2565322,0.14085007,0.0,0.0,0.0
-1.1485596,6.6508484,6.9762726,0.090821385,-0.30850077,0.17908382,0.0,0.0,0.0
-1.1306152,6.484543,6.793228,0.1093725,-0.4607973,-0.018164158,0.0,0.0,0.0
-1.2251282,6.6137543,6.3421783,0.020388722,-0.3349738,-0.46474838,0.0,0.0,0.0
-1.3016968,6.6843567,6.2153625,-0.05129993,-0.276484,-0.5782809,0.0,0.0,0.0
-1.3005066,6.8410797,6.55513,-0.05009067,-0.12091398,-0.23732805,0.0,0.0,0.0
-1.3375854,6.7992096,6.891327,-0.08714068,-0.14648199,0.08220482,0.0,0.0,0.0
-1.2346954,6.644867,6.8638153,0.012167096,-0.28644085,0.039396286,0.0,0.0,0.0
-1.1605225,6.4534454,6.5970154,0.075675845,-0.47318602,-0.23408842,0.0,0.0,0.0
-1.1329956,6.641281,6.2979126,0.09551144,-0.2921672,-0.5276613,0.0,0.0,0.0
-1.1641083,6.6843567,6.3266296,0.06046319,-0.24929142,-0.4994483,0.0,0.0,0.0
-1.1270142,6.5647125,6.9678955,0.09078562,-0.34650898,0.11790562,0.0,0.0,0.0
-1.4033966,6.5324097,6.84227,-0.18014503,-0.36036634,-0.025311947,0.0,0.0,0.0
-1.2107697,6.5240326,6.558731,0.0140872,-0.36717415,-0.31013918,0.0,0.0,0.0
-1.1641083,6.7214355,6.2081757,0.06118703,-0.18219614,-0.648129,0.0,0.0,0.0
-1.2275238,6.8231354,6.6676025,4.87566E-5,-0.07395744,-0.19487238,0.0,0.0,0.0
-1.3938141,6.775284,7.0121613,-0.16498125,-0.10288668,0.13094568,0.0,0.0,0.0
-1.2993011,6.6436768,7.0420837,-0.063052535,-0.21261692,0.14039469,0.0,0.0,0.0
-1.1760712,6.4869385,6.6221313,0.06401348,-0.36566162,-0.28253698,0.0,0.0,0.0
-1.105484,6.4833527,6.160324,0.14884245,-0.38412142,-0.7269726,0.0,0.0,0.0
-1.1497498,6.805191,5.962921,0.11757827,-0.07364082,-0.9106469,0.0,0.0,0.0
-1.3842468,6.8398895,6.526428,-0.1090107,-0.040254593,-0.3443637,0.0,0.0,0.0
-1.2179413,6.8973083,6.5694885,0.09447348,0.030368328,-0.30750847,0.0,0.0,0.0
-1.4847412,6.674774,6.8195496,-0.14524102,-0.17502213,-0.069312096,0.0,0.0,0.0
-1.4117584,6.6065826,6.7537384,-0.054733038,-0.23674297,-0.13812351,0.0,0.0,0.0
-1.4129639,6.6472626,6.4785614,-0.03890431,-0.2006445,-0.40537024,0.0,0.0,0.0
-1.3986053,6.710678,6.221344,-7.9476833E-4,-0.15350676,-0.641562,0.0,0.0,0.0
-1.4249268,6.764511,6.2189484,-0.011224389,-0.11371803,-0.6266184,0.0,0.0,0.0
-1.5062866,6.777664,6.4654083,-0.075900435,-0.10706234,-0.37015486,0.0,0.0,0.0
-1.5170441,6.693924,6.7381897,-0.07676482,-0.18746042,-0.09866142,0.0,0.0,0.0
-1.5074768,6.521637,6.847061,-0.057118416,-0.3534789,0.0060362816,0.0,0.0,0.0
-1.552948,6.4749756,6.722641,-0.0820812,-0.39708567,-0.11707497,0.0,0.0,0.0
-1.573288,6.4546356,6.67717,-0.083948255,-0.4197812,-0.15617847,0.0,0.0,0.0
-1.6247253,6.6089783,6.6137543,-0.114703655,-0.2708521,-0.2095995,0.0,0.0,0.0
-1.5589294,6.7453613,6.5527496,-0.019732714,-0.1426568,-0.25580883,0.0,0.0,0.0
-1.5661011,6.788437,6.5599213,-0.01559329,-0.10537195,-0.24020433,0.0,0.0,0.0
-1.5134583,6.591034,6.7202454,0.046910286,-0.30467367,-0.07569885,0.0,0.0,0.0
-1.5361938,6.634094,6.71904,0.032609224,-0.2605157,-0.076075554,0.0,0.0,0.0
-1.5625153,6.734604,6.855438,0.01857543,-0.1580739,0.061210632,0.0,0.0,0.0
-1.4990997,6.693924,6.8398895,0.09695053,-0.20027351,0.05070305,0.0,0.0,0.0
-1.4428711,6.6460724,6.607773,0.15783775,-0.25696564,-0.17132664,0.0,0.0,0.0
-1.4488525,6.71904,6.4079742,0.15853572,-0.20545197,-0.34762383,0.0,0.0,0.0
-1.5409851,6.5647125,6.5060883,0.07450092,-0.36545706,-0.2417512,0.0,0.0,0.0
-1.5912323,6.418747,6.3589325,0.03339839,-0.51035786,-0.38780594,0.0,0.0,0.0
-1.5278168,6.521637,6.20578,0.10718441,-0.41652107,-0.5291376,0.0,0.0,0.0
-1.5254211,6.5970154,5.803787,0.11336386,-0.35802364,-0.91277456,0.0,0.0,0.0
-1.5661011,7.0133667,6.029907,0.070079684,0.03438902,-0.66241455,0.0,0.0,0.0
-1.6534424,7.0468597,6.3134613,-0.01403892,0.072972775,-0.38337708,0.0,0.0,0.0
-1.7348022,6.6508484,6.886551,-0.09285414,-0.30467224,0.17126036,0.0,0.0,0.0
-1.696518,6.5659027,6.5850525,-0.05155015,-0.3740902,-0.14554691,0.0,0.0,0.0
-1.6151581,6.591034,6.364914,0.039723396,-0.36176872,-0.3500166,0.0,0.0,0.0
-1.7467651,6.751343,5.9724884,-0.06836462,-0.23176432,-0.7050538,0.0,0.0,0.0
-1.7479553,6.809967,6.1208344,-0.05677557,-0.18073416,-0.5455289,0.0,0.0,0.0
-1.730011,6.754944,6.366104,-0.032559514,-0.23694515,-0.2974186,0.0,0.0,0.0
-1.7132568,6.7286224,6.5491486,-0.012977123,-0.25344896,-0.12394047,0.0,0.0,0.0
-1.7371826,6.705887,6.6795654,-0.035816073,-0.26447868,-0.005473137,0.0,0.0,0.0
-1.6510468,6.6484528,6.6376953,0.050598025,-0.3099594,-0.059714317,0.0,0.0,0.0
-1.5637054,6.6305084,6.3924255,0.13709736,-0.32902622,-0.30403185,0.0,0.0,0.0
-1.5014954,6.722641,6.118454,0.19876099,-0.2467823,-0.56784964,0.0,0.0,0.0
-1.5684967,6.8123627,6.2727814,0.13194191,-0.15883112,-0.4116292,0.0,0.0,0.0
-1.6534424,6.7693024,6.7202454,0.04606414,-0.18561268,0.018661976,0.0,0.0,0.0
-1.7718811,6.67717,6.9714813,-0.06828499,-0.2559433,0.2483797,0.0,0.0,0.0
-1.8424683,6.695114,6.818344,-0.1299901,-0.22377348,0.0828557,0.0,0.0,0.0
-1.680954,6.8231354,6.385254,0.047133207,-0.096179485,-0.3458066,0.0,0.0,0.0
-1.6941223,6.8434753,6.294327,0.026748538,-0.09851074,-0.415205,0.0,0.0,0.0
-1.7898254,6.746567,6.3924255,-0.072187066,-0.21070004,-0.30209017,0.0,0.0,0.0
-1.6845398,6.710678,6.2117615,0.0320251,-0.2650261,-0.46381664,0.0,0.0,0.0
-1.6534424,6.801605,6.0969086,0.063717246,-0.18874168,-0.5631814,0.0,0.0,0.0
-1.6438751,6.929611,6.3840485,0.07238543,-0.07463741,-0.26165247,0.0,0.0,0.0
-1.7060852,6.777664,6.7908325,0.005286336,-0.22658396,0.14387083,0.0,0.0,0.0
-1.6773682,6.747757,6.8207397,0.026320577,-0.2422328,0.15681648,0.0,0.0,0.0
-1.5804596,6.7286224,6.55513,0.11607659,-0.26172543,-0.11024284,0.0,0.0,0.0
-1.4895325,6.6352997,6.2656097,0.20279682,-0.3641472,-0.39127827,0.0,0.0,0.0
-1.429718,6.6137543,5.79303,0.25851285,-0.40111542,-0.84864664,0.0,0.0,0.0
-1.4416809,6.7214355,5.654236,0.24033773,-0.32210255,-0.9586129,0.0,0.0,0.0
-1.5098724,6.727417,6.447464,0.16591978,-0.3111992,-0.17220306,0.0,0.0,0.0
-1.5876312,6.5575256,7.02652,0.07696593,-0.44134188,0.36203527,0.0,0.0,0.0
-1.5900269,6.5862427,6.7166595,0.07060671,-0.4004283,0.038403034,0.0,0.0,0.0
-1.6055908,6.705887,6.0430756,0.05029905,-0.29590178,-0.6205106,0.0,0.0,0.0
-1.6259155,6.703491,6.139984,0.027254581,-0.30403233,-0.5182462,0.0,0.0,0.0
-1.7551422,6.3601227,6.9044952,-0.10432434,-0.6375165,0.23529482,0.0,0.0,0.0
-1.7706909,6.2799683,6.727417,-0.115650654,-0.6883602,0.02863884,0.0,0.0,0.0
-1.7467651,6.3433685,6.32901,-0.08319414,-0.6313548,-0.36099386,0.0,0.0,0.0
-1.5744781,6.8638153,5.338394,0.0984174,-0.15236616,-1.3057766,0.0,0.0,0.0
-1.6773682,7.0253296,5.970093,-0.0020723343,-0.0018572807,-0.6618314,0.0,0.0,0.0
-1.7335968,6.999008,6.751343,-0.058427453,-0.0071401596,0.09716511,0.0,0.0,0.0
-1.7778625,6.8614197,6.7992096,-0.10355389,-0.13302565,0.13251543,0.0,0.0,0.0
-1.655838,6.8398895,6.5168457,0.017754316,-0.13678885,-0.16861916,0.0,0.0,0.0
-1.5266266,6.899704,6.2321014,0.1421783,-0.09571123,-0.4349556,0.0,0.0,0.0
-1.4739838,6.994217,6.0753784,0.19418037,-0.014724255,-0.5776181,0.0,0.0,0.0
-1.6043854,7.0384827,6.6604156,0.06344855,0.030489445,0.0063385963,0.0,0.0,0.0
-1.660614,6.9355927,6.850647,0.005364895,-0.058991432,0.18201208,0.0,0.0,0.0
-1.6331024,6.8685913,6.813568,0.031252146,-0.117157936,0.13527346,0.0,0.0,0.0
-1.5912323,6.722641,6.378067,0.07106793,-0.26700068,-0.29666615,0.0,0.0,0.0
-1.6546326,6.8482513,6.415161,0.007951736,-0.14251375,-0.25832415,0.0,0.0,0.0
-1.7491608,6.9427795,6.6053925,-0.08659232,-0.041998863,-0.07436228,0.0,0.0,0.0
-1.799408,7.051651,6.7046814,-0.13715327,0.086687565,0.004190445,0.0,0.0,0.0
-1.7132568,6.768097,6.8973083,-0.05709958,-0.18436003,0.18233442,0.0,0.0,0.0
-1.5948181,6.5946198,6.5647125,0.05416417,-0.35110426,-0.15898895,0.0,0.0,0.0
-1.4584198,6.580261,6.1017,0.1783793,-0.37942648,-0.6105294,0.0,0.0,0.0
-1.4715881,6.8362885,5.8672028,0.16122234,-0.14050245,-0.8282213,0.0,0.0,0.0
-1.6594238,6.896118,6.3349915,-0.030300736,-0.08211136,-0.3598318,0.0,0.0,0.0
-1.7814636,6.833908,6.9870453,-0.15810692,-0.122647285,0.2683077,0.0,0.0,0.0
-1.7359924,6.7669067,7.188034,-0.118618965,-0.16567898,0.44312906,0.0,0.0,0.0
-1.606781,6.5371857,6.936798,0.0023310184,-0.37967634,0.17379808,0.0,0.0,0.0
-1.4680023,6.3840485,6.376877,0.13523424,-0.5430975,-0.37698603,0.0,0.0,0.0
-1.3686981,6.6484528,5.827713,0.22552752,-0.30841637,-0.8976722,0.0,0.0,0.0
-1.5122681,6.7812653,5.806183,0.08392751,-0.19078255,-0.9029975,0.0,0.0,0.0
-1.4691925,6.7082825,6.3505554,0.122656345,-0.26633263,-0.35698843,0.0,0.0,0.0
-1.3471527,6.599411,6.2285156,0.238922,-0.37353468,-0.482131,0.0,0.0,0.0
-1.3351898,6.6388855,6.0,0.24534607,-0.34035492,-0.7054081,0.0,0.0,0.0
-1.5230255,6.707077,6.571884,0.05247605,-0.26229763,-0.1449604,0.0,0.0,0.0
-1.6654053,6.632904,7.1365967,-0.08912814,-0.3084917,0.39102364,0.0,0.0,0.0
-1.6749725,6.592224,6.796814,-0.09328675,-0.33105612,0.033911705,0.0,0.0,0.0
-1.5254211,6.5647125,6.1794586,0.05988884,-0.3694458,-0.5714402,0.0,0.0,0.0
-1.3698883,6.509674,5.760727,0.21369493,-0.44565964,-0.96875954,0.0,0.0,0.0
-1.3495483,6.57428,5.7966156,0.23108613,-0.39569473,-0.9184003,0.0,0.0,0.0
-1.4476624,6.6460724,6.1878357,0.12799358,-0.31579018,-0.53675795,0.0,0.0,0.0
-1.5589294,6.59581,7.0181427,0.007880211,-0.32845545,0.25278616,0.0,0.0,0.0
-1.6139526,6.5575256,6.8123627,-0.04707086,-0.343431,0.02324915,0.0,0.0,0.0
-1.5756683,6.4701996,6.3433685,-0.008516312,-0.42873335,-0.44773912,0.0,0.0,0.0
-1.2466583,6.826721,6.385254,0.31244946,-0.08463335,-0.39506674,0.0,0.0,0.0
-1.529007,6.7010956,6.5336,0.032836795,-0.20199394,-0.2545061,0.0,0.0,0.0
-1.6223297,6.6604156,6.6137543,-0.057334065,-0.23161173,-0.18485785,0.0,0.0,0.0
-1.655838,6.6592255,6.8243256,-0.08899832,-0.2180543,0.011219025,0.0,0.0,0.0
-1.640274,6.522827,6.7633057,-0.072763205,-0.34920263,-0.054942608,0.0,0.0,0.0
-1.6331024,6.480957,6.4366913,-0.06323099,-0.39829683,-0.37372446,0.0,0.0,0.0
-1.8017883,6.4091797,6.364914,-0.23245871,-0.47549295,-0.44014835,0.0,0.0,0.0
-1.2394867,7.2107697,6.5479584,0.30831885,0.32291698,-0.25881577,0.0,0.0,0.0
-1.6749725,6.9475555,6.5407867,-0.12157738,0.06470585,-0.26977348,0.0,0.0,0.0
-1.6630096,6.754944,7.055237,-0.10493553,-0.112710476,0.23042011,0.0,0.0,0.0
-1.5302124,6.6484528,7.0420837,0.021838307,-0.19236183,0.18899822,0.0,0.0,0.0
-1.2669983,6.632904,6.722641,0.27736604,-0.20251942,-0.13755703,0.0,0.0,0.0
-1.3005066,6.5934296,6.5946198,0.23713088,-0.24189854,-0.26718378,0.0,0.0,0.0
-1.3172455,6.703491,6.55513,0.21908998,-0.13025045,-0.3085451,0.0,0.0,0.0
-1.3495483,6.7501526,6.649658,0.18468332,-0.079054356,-0.21899891,0.0,0.0,0.0
-1.4608154,6.693924,6.870987,0.07137287,-0.12649393,-0.0068531036,0.0,0.0,0.0
-1.5493469,6.522827,6.911667,-0.014658213,-0.28263855,0.019587517,0.0,0.0,0.0
-1.524231,6.4450684,6.7788696,0.013507247,-0.3474264,-0.12531471,0.0,0.0,0.0
-1.5110626,6.3385925,6.6484528,0.02910328,-0.45204258,-0.25701952,0.0,0.0,0.0
-1.6115723,6.2644043,6.710678,-0.062099934,-0.5146613,-0.20407343,0.0,0.0,0.0
-1.6043854,6.320648,6.631714,-0.047872305,-0.45387745,-0.28590488,0.0,0.0,0.0
-1.4584198,6.418747,6.3960114,0.10120511,-0.3586216,-0.5181217,0.0,0.0,0.0
-1.454834,6.2823486,6.521637,0.10426271,-0.49689293,-0.39077854,0.0,0.0,0.0
-1.4990997,6.4139557,6.448654,0.06210637,-0.36200142,-0.46650505,0.0,0.0,0.0
-1.4871368,6.551544,6.518051,0.08158374,-0.22067118,-0.39907265,0.0,0.0,0.0
-1.5852509,6.5060883,6.795624,-0.0115504265,-0.2577896,-0.12852335,0.0,0.0,0.0
-1.6474609,6.406784,6.8889313,-0.061924934,-0.3326702,-0.056298733,0.0,0.0,0.0
-1.4285126,6.354141,6.867401,0.15638566,-0.37717438,-0.08586264,0.0,0.0,0.0
-1.2693939,6.2105713,6.6149597,0.3160379,-0.5188203,-0.3400445,0.0,0.0,0.0
-1.2885284,6.271591,6.501297,0.29663825,-0.45929527,-0.45232058,0.0,0.0,0.0
-1.3974152,6.567108,6.1004944,0.18814039,-0.16635847,-0.85053635,0.0,0.0,0.0
-1.4907227,6.681961,6.4295197,0.09804571,-0.0643878,-0.5082741,0.0,0.0,0.0
-1.5936127,6.7082825,7.0372925,-0.004792094,-0.01969862,0.081697464,0.0,0.0,0.0
-1.696518,6.7286224,7.500305,-0.108635664,0.043426514,0.50336456,0.0,0.0,0.0
-1.6007996,6.604187,7.564911,-0.018008947,-0.056300163,0.54329634,0.0,0.0,0.0
-1.3304138,6.4331055,7.1102753,0.23860478,-0.22767782,0.08585119,0.0,0.0,0.0
-1.3304138,6.3684998,6.294327,0.22826505,-0.32834673,-0.6980376,0.0,0.0,0.0
-1.401001,6.521637,5.8420715,0.15855956,-0.21907473,-1.1078181,0.0,0.0,0.0
-1.6462555,6.9439697,6.2895355,-0.07901108,0.15947342,-0.6158781,0.0,0.0,0.0
-1.7048798,6.9978027,6.497711,-0.12825155,0.2024436,-0.3948741,0.0,0.0,0.0
-1.7479553,6.911667,6.941574,-0.16233015,0.113648415,0.053677082,0.0,0.0,0.0
-1.6342926,6.6089783,7.060028,-0.042633057,-0.18902302,0.17350626,0.0,0.0,0.0
-1.5984039,6.4654083,6.9655,-0.0037487745,-0.339283,0.08628225,0.0,0.0,0.0
-1.5625153,6.4953156,6.3936157,0.0376637,-0.32564497,-0.46818542,0.0,0.0,0.0
-1.5960083,6.7178497,6.0442657,0.016850948,-0.14783621,-0.7697954,0.0,0.0,0.0
-1.6725769,6.7836456,6.0023956,-0.05091214,-0.10741329,-0.78390646,0.0,0.0,0.0
-1.7718811,6.8243256,6.4426727,-0.13465321,-0.0851655,-0.3211136,0.0,0.0,0.0
-1.660614,6.707077,6.744171,-0.015041828,-0.20186377,-0.018152237,0.0,0.0,0.0
-1.6007996,6.6879425,6.8362885,0.05050862,-0.216959,0.07123852,0.0,0.0,0.0
-1.6091766,6.669998,6.8434753,0.049355507,-0.22987223,0.07505989,0.0,0.0,0.0
-1.6007996,6.674774,6.752548,0.061990023,-0.22358942,-0.016358376,0.0,0.0,0.0
-1.6223297,6.624527,6.9834595,0.04353428,-0.26318073,0.20446491,0.0,0.0,0.0
-1.6259155,6.500107,6.932007,0.042946815,-0.38084364,0.14689016,0.0,0.0,0.0
-1.4979095,6.5359955,6.2440643,0.17500877,-0.3534398,-0.53143644,0.0,0.0,0.0
-1.4356995,6.6400757,5.988037,0.23965442,-0.28406048,-0.75139236,0.0,0.0,0.0
-1.414154,6.6891327,6.0394897,0.2584337,-0.25124693,-0.6838994,0.0,0.0,0.0
-1.6522369,6.8721924,6.217743,0.021150231,-0.0802331,-0.4929905,0.0,0.0,0.0
-1.6701965,6.8697968,6.4211426,0.006133437,-0.085084915,-0.28631067,0.0,0.0,0.0
-1.8113708,6.8315125,7.0827484,-0.13224101,-0.11066675,0.3628478,0.0,0.0,0.0
-1.758728,6.69751,6.981064,-0.07228994,-0.22863626,0.2464652,0.0,0.0,0.0
-1.573288,6.49292,6.4965057,0.11294663,-0.44463634,-0.22638941,0.0,0.0,0.0
-1.454834,6.3828583,5.9102783,0.23265886,-0.5951042,-0.7703495,0.0,0.0,0.0
-1.3196411,6.3684998,5.2785645,0.367509,-0.6551676,-1.3540826,0.0,0.0,0.0
-1.3387909,6.583847,4.893326,0.35045743,-0.5029192,-1.6713195,0.0,0.0,0.0
-1.6474609,6.8602295,5.684143,0.045940876,-0.2313571,-0.8742237,0.0,0.0,0.0
-1.9010925,6.818344,7.1150513,-0.2014978,-0.24506474,0.5279412,0.0,0.0,0.0
-2.0159454,6.7178497,7.3459625,-0.30487418,-0.3046751,0.7182355,0.0,0.0,0.0
-1.9680939,6.6173553,7.2669983,-0.24007177,-0.36529636,0.6016474,0.0,0.0,0.0
-1.5708923,6.583847,6.0969086,0.16280794,-0.4017744,-0.5638542,0.0,0.0,0.0
-1.4488525,6.543167,5.4915314,0.28889537,-0.47318125,-1.1357965,0.0,0.0,0.0
-1.5134583,6.5120697,5.345566,0.22929275,-0.5584936,-1.2225652,0.0,0.0,0.0
-1.696518,6.7381897,5.777466,0.056954622,-0.3525958,-0.7659645,0.0,0.0,0.0
-1.7730865,6.9176483,6.607773,-0.013163805,-0.15788937,0.049585342,0.0,0.0,0.0
-1.8460693,7.1078796,7.076767,-0.081772804,0.05926466,0.49082184,0.0,0.0,0.0
-1.9609222,7.174881,7.2682037,-0.18678701,0.16120863,0.64768744,0.0,0.0,0.0
-1.8508453,6.9379883,7.3950195,-0.07159865,-0.061045647,0.7603979,0.0,0.0,0.0
-1.6582336,6.809967,7.171295,0.11818826,-0.18999386,0.5368962,0.0,0.0,0.0
-1.4691925,6.7501526,6.1878357,0.30693388,-0.26736116,-0.42807436,0.0,0.0,0.0
