-1.1066742,5.950943,7.240677,0.10309088,-0.4751072,-0.62790775,0.035235405,0.007940529,9.013355
-0.99302673,5.852844,6.649658,0.15523016,-0.5449295,-0.65393305,0.07854462,0.0465705,8.946222
-1.0014038,5.760727,6.6137543,0.16174316,-0.40085602,-0.5932617,-0.0055980682,0.08124109,9.0771475
-1.1377869,5.761917,7.031311,0.07321,-0.07636452,-0.46895027,-0.2057333,0.056923665,9.375908
-1.257431,5.799011,7.525421,-0.13234067,-0.03609705,-0.31502914,-0.17485595,0.14360142,9.548069
-1.3292084,5.6195374,8.038681,-0.23036051,-0.081737995,-0.36473703,-0.19106293,-0.24155293,9.493718
-1.2753754,5.63031,8.126022,-0.03546524,-0.39228582,-0.513082,-0.009232521,-0.11040834,9.169371
-1.3172455,5.6315155,7.6917267,0.17354202,-0.4822154,-0.5322571,0.078157425,0.07941009,9.076219
-1.331604,5.8995056,6.620941,0.18953216,-0.4899726,-0.5581975,0.06838989,0.09521606,9.04913
-1.2969055,5.970093,6.45224,0.17873812,-0.2700901,-0.52351665,0.10482103,0.10983467,9.210066
-1.409378,5.991623,6.71904,0.012125254,-0.17690945,-0.3477087,-0.07462168,-0.02127482,9.424126
-1.3244324,5.883957,7.188034,-0.09903872,-0.25827932,-0.014809608,0.17637062,-0.14666444,9.651348
-1.1473541,5.893524,7.463211,-0.13664532,-0.37400723,0.12632656,0.34638357,-0.20723957,9.699033
-0.9571228,5.91626,7.3244324,-0.026220083,-0.51111364,-0.008112431,0.38836718,-0.12681428,9.498302
-0.82432556,5.9030914,7.0827484,-0.101408005,-0.5136237,-0.017293453,0.37337208,-0.20233475,9.499982
-0.6771698,5.844467,6.9750824,0.037956357,-0.4053192,-0.046295166,0.29406977,-0.04506628,9.524942
-0.6460571,5.7355957,7.0001984,0.09902656,-0.17711258,-0.08670521,0.102015495,0.061045133,9.62075
-0.7238312,5.7846527,7.0121613,0.025428057,-0.15402079,-0.10517597,0.06103325,-0.00643616,9.628707
-0.776474,5.87558,6.837494,9.5939636E-4,-0.16166973,-0.11226463,0.05871296,-0.032187767,9.621561
-0.8721771,5.966507,6.726227,0.046517134,-0.23368502,-0.3371663,-0.0056626797,0.012963295,9.394032
-1.2227325,5.827713,7.188034,0.055583358,-0.24866915,-0.43991804,-0.012672424,0.06307125,9.302354
-1.3435669,5.7188416,7.831711,-0.026643038,-0.19786406,-0.5258045,-0.17225122,-0.06750065,9.2755165
-1.421341,5.605194,7.932205,-0.046732545,-0.11591339,-0.5125017,-0.2321701,-0.06974781,9.338132
-1.6007996,5.58963,7.7479553,-0.20718825,-0.056045055,-0.55978537,-0.33548975,-0.21362622,9.358055
-1.6438751,5.5991974,7.421341,-0.029516459,-0.24926853,-0.44417048,-0.10195935,0.05944729,9.310299
-1.5541382,5.645859,7.2059784,0.33986664,-0.12368202,-0.26985645,-0.0147128105,0.3071643,9.476403
-1.4644012,5.704483,7.0779724,0.051428676,-0.2346406,-0.3310213,-0.01292944,0.0023460314,9.397866
-1.3124695,5.873184,7.0253296,-0.009040713,-0.25781822,-0.38715887,-0.039530277,-0.06164886,9.347216
-1.159317,6.0227356,7.0540466,0.39399278,-0.39656305,-0.4026265,0.117079735,0.3090932,9.202204
-1.0863342,6.0023956,7.397415,0.26818883,-0.33632135,-0.36744165,0.07279873,0.197802,9.281651
-0.7453613,5.7870483,7.730011,-0.0039532185,-0.32156134,-0.44303608,-0.02543974,-0.06676926,9.2638855
-0.624527,5.75354,7.636688,-0.084575176,-0.30664492,-0.38776016,-0.014623642,-0.14291424,9.326125
-0.53240967,5.8181458,7.2801666,-0.14599216,-0.24697638,-0.11053753,0.10199404,-0.19070822,9.588118
-0.57547,5.8624115,7.294525,-0.30962563,-0.3336048,-0.1498251,-0.31497478,-0.22534037,9.524481
-0.57307434,5.8947144,7.392624,-0.21945047,-0.36715508,-0.26589537,0.090022564,-0.28549072,9.401616
-0.7166443,5.929413,7.0504456,0.07418525,-0.38587236,-0.49959183,0.004898548,1.2128055E-4,9.171065
-0.92123413,5.9449615,6.665207,0.29491687,-0.23469591,-0.5941,-0.14046383,0.24572432,9.162521
-1.0552368,5.8659973,6.6257324,0.2590376,-0.25397873,-0.57952166,-0.12390518,0.2077717,9.167175
-1.1665039,5.721237,6.7992096,0.12450755,-0.36326075,-0.4209485,0.040066242,0.057139482,9.241152
-1.3698883,5.699707,6.859024,0.06608105,-0.5860629,-0.15863085,0.07236755,-0.36288166,9.32077
-1.3196411,5.7332,6.900894,0.07927072,-0.6615143,-0.15025043,0.4350891,-0.03652449,9.281462
-1.154541,5.703293,6.969101,0.06967056,-0.6969657,-0.35660648,0.33671522,-0.052027937,9.098342
-0.8757782,5.7559357,6.6915283,0.0066717863,-0.45993614,-0.5972247,-0.07279801,-0.018272877,9.056564
-0.87457275,5.73201,6.61615,-0.05490899,-0.21379375,-0.734045,-0.28666687,-0.094836414,9.102113
-0.77407837,5.806183,6.8697968,-0.28536916,-0.15870237,-0.6598468,-0.31419754,-0.31372786,9.219389
-0.6795654,5.8336945,7.1904297,-0.30189323,-0.26920414,-0.3964486,-0.35519254,-0.022397518,9.366062
-0.67118835,5.8013916,7.483551,-0.04809463,-0.4008355,-0.28038597,0.14641285,-0.1256668,9.354578
-0.7154541,5.674576,7.5194397,0.039746523,-0.52331924,-0.094329834,0.3708496,-0.063049525,9.428714
-0.80877686,5.7583313,7.414154,0.10011506,-0.6195102,0.120238304,0.58531,-0.02206996,9.551312
-0.90808105,5.8420715,7.4356995,0.12544346,-0.53988886,-0.058963776,0.42648268,0.017527241,9.448185
-0.9834442,5.8779755,7.618744,0.33580673,-0.31898594,-0.16603851,0.2214508,0.2668394,9.457591
-0.93200684,5.9569244,7.923828,0.3014878,-0.17865229,-0.33360386,0.00946188,0.26008123,9.398765
-0.8231354,5.9234314,7.9908295,-0.2730974,-0.13316202,-0.32742977,-0.112856865,-0.29531825,9.491096
-0.7621155,5.9521484,7.709671,0.0024416447,-0.14781857,-0.28472042,-0.033135414,-0.027071163,9.488703
-0.75971985,5.97847,7.0899353,-0.068520546,-0.48669147,-0.3928318,-0.10149264,-0.21873355,9.2255
-0.8494568,5.9892426,6.961914,-0.083137155,-0.5056095,-0.31273365,0.23659849,-0.18008783,9.285167
-0.93559265,5.9617157,7.022934,0.27333152,-0.12071562,0.2712555,0.2899313,0.24626713,9.941387
-0.9870453,5.9126587,7.4440765,-0.056803703,-0.22185946,0.42964077,0.4069624,-0.09501407,10.056437
-1.1102753,5.8911285,7.5170593,-0.0022708178,-0.1704073,0.4747572,0.3988948,-0.030433834,10.113888
-1.0935211,5.852844,7.3292084,0.16076791,-0.18430948,0.24877739,0.21614945,-0.25875998,9.896258
-1.1018982,5.8289185,6.9092712,-0.027064323,-0.19061184,-0.1535883,0.06511021,-0.061430164,9.577212
-1.1665039,5.6602173,6.710678,-0.040660262,-0.27706623,-0.26243877,0.069344044,-0.090461984,9.440179
-1.1102753,5.638687,6.6999054,0.014826775,-0.32907152,-0.28087807,0.102508545,-0.043876126,9.38836
-0.9918213,5.620743,6.9092712,0.06170082,-0.21652317,-0.72436047,-0.24728823,0.017225794,9.089754
-0.8685913,5.760727,7.034897,0.06507254,-0.1774025,-0.8379736,-0.051139355,0.35602045,9.026561
-0.7046814,5.7918243,6.8327026,-0.01778078,-0.19516039,-0.842021,-0.36591148,-0.05938737,9.025635
-0.69750977,5.9066772,6.7417755,-0.15622258,-0.35330486,-0.5482893,-0.08643818,-0.2194394,9.178777
-0.7956085,5.942581,6.859024,-0.18183517,-0.42918968,-0.54965353,-0.034994125,-0.25743106,9.134422
-0.83987427,5.934204,7.083954,-0.036335945,-0.49384737,-0.43745422,0.1006484,-0.12307386,9.165328
-0.8123627,5.9126587,7.195221,0.18915725,-0.5942464,-0.3887596,0.23206997,0.08575666,9.114674
-0.79441833,5.8289185,7.162918,0.22289717,-0.43971062,-0.666307,-0.061478138,0.1411286,8.99222
-0.80996704,5.79541,7.056427,0.25815415,-0.4391446,-0.70667744,-0.090528965,0.17668515,8.958434
-0.88653564,5.8899384,6.7621155,0.32195246,-0.55357885,-0.62719727,0.050700665,0.22485766,8.940424
-0.99780273,6.0311127,6.7621155,0.11629534,-0.5406842,-0.5887003,0.04138279,0.025823116,9.000391
-1.0181427,5.983246,6.8901367,0.09405136,-0.49935007,-0.62599134,-0.017352104,0.009799011,9.000633
-1.0408783,5.8624115,7.167694,0.20497727,-0.333014,-0.73530054,-0.20302296,0.14357942,9.011826
-1.0348969,5.8420715,7.113861,0.053673863,-0.26680517,-0.5300474,-0.13647318,0.0070583,9.226701
-0.98583984,5.8169556,7.113861,0.037863016,-0.2536726,-0.3517871,-0.032057762,-0.004396878,9.372495
-0.8889313,5.922241,7.244278,-0.052612066,-0.1862793,-0.098155975,-0.06480682,-0.086788654,9.618581
-0.86979675,5.927017,7.2143555,-0.083961606,-0.22108841,0.122677326,0.23753738,-0.11462892,9.769026
-0.86260986,5.7882385,7.3040924,-0.17470872,-0.21385384,0.34149504,0.36245108,-0.20078123,9.952222
-0.82432556,5.6889343,7.6043854,-0.049566627,-0.3664112,0.3293786,0.48414612,-0.10008588,9.834749
-0.7393799,5.724823,7.7120667,0.26001096,-0.41597605,-0.091303825,0.28751373,0.19470006,9.448314
-0.77526855,5.7595215,7.659424,0.1955105,-0.44895267,-0.1414423,0.27396297,0.12626898,9.39581
-0.7788696,6.0215454,7.2753754,0.165779,-0.33288193,-0.11508179,0.19904518,0.11391731,9.492102
-0.82432556,6.151947,7.1162567,-0.15120065,-0.08404398,0.07755995,0.09739733,-0.16102788,9.829552
-0.82192993,6.0586243,7.137787,-0.29560888,-0.020339489,0.236732,0.13252878,-0.2924997,10.008444
-0.9104614,5.8983,7.586441,-0.29078436,-0.001493454,0.25717115,0.1304698,-0.28449625,10.036289
-1.0420685,5.9126587,7.6546326,-0.68049586,0.01803255,-0.083081245,-0.68251586,-0.062217712,9.831211
-1.0695953,5.9365997,7.733597,-0.37896407,-0.33541727,-0.30506897,0.013103962,-0.43343186,9.405214
-1.0432739,5.983246,7.660614,0.11655235,-0.4148035,-0.41020155,0.065317154,0.040380254,9.216723
-0.9678955,5.970093,7.35553,0.31023288,-0.35651922,-0.5150175,-0.027619362,0.24144512,9.15126
-0.98942566,5.9246216,6.982254,0.3254373,-0.31694794,-0.40523767,0.012982845,0.2652489,9.258875
-0.8638153,5.91745,6.9044952,0.3083415,-0.3002324,-0.38479376,0.24385929,0.06435919,9.287353
-0.7429657,5.974884,7.244278,0.18750155,-0.36697865,-0.42106247,0.02073431,0.1224965,9.230726
-0.7465668,6.01915,7.318451,0.23199773,-0.44829893,-0.6013708,-0.0331192,0.15214083,9.037106
-0.6161499,6.0586243,7.225128,0.19953978,-0.49682283,-0.7393203,-0.0918355,0.11084843,8.905251
-0.6412811,6.072983,7.1449738,0.124263525,-0.46432114,-1.1619897,-0.4025674,0.033937603,8.615833
-0.79322815,5.8875427,7.0779724,0.13982975,-0.42080545,-1.2055221,-0.06412959,0.46237063,8.6099825
-0.7525482,5.7379913,6.9714813,0.10517669,-0.46161366,-1.1327033,-0.38719463,0.012257129,8.6417055
-0.83270264,5.63031,6.809967,-0.4404955,-0.706676,-0.6815319,0.0337224,-0.56243294,8.889893
-0.9188385,5.5537415,6.6831512,-0.46334922,-0.8201103,-0.32727146,0.35072803,-0.6075943,9.097989
-0.93440247,5.5537415,6.5862427,-0.3686608,-0.78194666,-0.15543747,0.4457631,-0.5105417,9.247942
-1.0181427,5.77269,6.5025024,-0.019129992,-0.5296836,0.30521345,0.5951128,-0.11484608,9.724574
-1.0683899,5.8420715,6.71904,0.12204206,-0.3805437,0.36698103,0.5381532,0.054007143,9.849741
-1.0815582,5.79303,6.989441,0.18128526,-0.388875,0.40600634,0.57611465,0.113112986,9.871662
-0.8829498,5.564514,7.4081726,0.20984924,-0.23767328,0.42804527,0.47457552,0.1706139,9.978162
-0.7525482,5.556137,7.2873383,0.08854365,-0.030893326,0.09450674,0.0932641,0.08346705,9.852048
-0.68196106,5.633896,7.1617126,0.094863415,-0.019296646,-0.017058372,0.016407967,0.089723766,9.770006
-0.6903229,5.782257,7.2215424,0.22842765,0.042178154,-0.25627995,-0.1632905,0.22706293,9.603141
-0.7405853,5.976074,7.3172455,0.25089598,-0.047911167,-0.35963202,-0.15731621,0.23230094,9.466258
-0.79800415,6.0442657,7.3914337,0.24305665,-0.061477184,-0.34808826,-0.14283991,0.22258316,9.468901
-0.7692871,5.9928284,7.4368896,-0.3300693,-0.21768475,-0.30805683,-0.063130856,-0.36698043,9.471133
-0.8614197,5.934204,7.442871,-0.70015025,-0.10446739,0.07021904,-0.6533146,-0.27217197,9.878458
-0.92481995,5.970093,7.4321136,-0.57804585,-0.4625101,0.10510731,0.35233498,-0.64555395,9.671667
-1.0492554,6.1088715,7.426132,-0.43542314,-0.3176155,0.038015366,0.21394491,-0.48278618,9.692357
-1.1066742,6.201004,7.613968,-0.20353031,-0.2008338,-0.41701078,-0.13474846,-0.24124041,9.383207
-1.1198425,6.1878357,7.7431793,-0.15252423,-0.19968271,-0.48212528,-0.17370749,-0.19053909,9.328004
-0.91645813,5.991623,7.677368,0.1210525,-0.21581984,-0.6265297,0.017191648,0.23721218,9.176408
-0.8338928,5.946167,7.167694,0.20659673,-0.16984987,-0.583776,0.110710025,0.26106215,9.23053
-0.75613403,5.9605255,6.957138,0.16416156,-0.23786926,-0.5511551,-0.16483974,0.11866446,9.218391
-0.6915283,6.069397,6.891327,0.09238577,-0.28428698,-0.51877975,-0.1188159,0.041962013,9.221321
-0.79681396,6.1208344,7.1437683,0.09346366,-0.40804005,-0.47555637,-4.8398972E-4,0.02729579,9.17369
-0.83509827,6.06102,7.4979095,0.14483202,-0.5698643,-0.36082888,0.20012903,0.058332257,9.14903
-0.8913269,5.819351,7.7563324,0.1505692,-0.56141615,-0.20182848,0.2999587,0.0684067,9.27379
-0.80996704,5.6267242,7.7395782,0.114825845,-0.45542955,-0.1977129,0.22103167,0.047886252,9.349985
-0.830307,5.598007,7.343567,0.10982078,-0.39984608,-0.10985279,0.23754883,0.052289046,9.4533205
-0.93678284,5.54657,7.063614,0.11307418,-0.3433175,0.029029846,0.28716612,0.06571989,9.595198
-1.0253296,5.44606,7.328018,0.12517458,-0.17587662,0.04427147,0.17286396,0.100766905,9.714317
-1.0384827,5.4628143,7.463211,0.22911155,0.11889553,-0.24141693,-0.22573566,0.23924679,9.677365
-1.022934,5.6123657,7.4117737,0.23844093,0.13699722,-0.3076992,-0.2823534,0.24955788,9.63843
-0.8661957,5.7870483,6.9930267,0.19472855,0.12929869,-0.31621552,-0.2865405,0.20503779,9.632055
-0.7884369,5.93779,6.6604156,0.048646092,0.057031155,-0.24046516,-0.1957593,0.052066907,9.656951
-0.78364563,5.9413757,6.602997,-0.15787435,0.04136896,-0.16995668,-0.15670109,-0.15340424,9.720436
-0.8123627,5.9437714,6.8279266,-0.32658982,-0.049275875,-0.17849874,-0.11116648,-0.3327008,9.672848
-0.8075714,5.8863373,7.274185,-0.39960325,0.02773714,-0.23306274,-0.2129631,-0.39467856,9.689835
-0.76091003,5.807373,7.660614,-0.34621215,0.0120129585,-0.27370787,-0.39170325,0.12349367,9.644659
-0.6472626,5.7786713,7.5146637,-0.15256214,0.043294907,-0.31357956,-0.2541523,-0.1490453,9.615147
-0.5168457,5.873184,6.751343,0.022985816,-0.087191105,-0.3376894,-0.1567645,0.005684778,9.494307
-0.5312042,6.0215454,6.583847,0.07415748,-0.17938519,-0.3332863,-0.081635,0.043449037,9.432209
-0.7417755,6.0765686,6.9834595,0.26245552,-0.40321445,-0.27532387,0.1384573,0.20167936,9.309233
-0.90448,6.106476,7.270584,0.38357526,-0.45344496,-0.17902422,0.3785498,-0.14264297,9.3363905
-0.99302673,6.070587,7.8173523,0.37040627,-0.5378947,-0.16779804,0.37790227,-0.21505356,9.291258
-0.9918213,5.974884,7.9214325,0.2601365,-0.69015694,-0.1463108,0.4368472,0.1722211,9.21937
-0.9415741,5.934204,7.2598267,0.19057202,-0.63979435,-0.17724895,0.21267664,-0.32640886,9.236301
-0.99780273,5.947357,7.0133667,0.037248135,-0.4998436,-0.30196095,0.17646313,-0.029271528,9.2495
-1.1018982,5.9413757,7.1808624,-0.08926469,-0.38212538,-0.37467432,0.030614376,-0.14344995,9.284296
-1.1030884,6.0155487,7.4895325,-0.2508191,-0.37654495,-0.47794008,-0.055646896,-0.3068709,9.2271185
-1.0540314,5.9365997,7.462021,-0.18805039,-0.36337662,-0.53184843,-0.097797394,-0.24488625,9.189613
-0.9798584,5.781067,7.2418823,-0.06923711,-0.23321581,-0.6091757,-0.23750067,-0.11258736,9.205654
-0.91166687,5.5585327,6.933197,0.055746675,-0.20348644,-0.7322998,-0.33424044,0.012202993,9.121878
-0.9308014,5.5417786,6.8925323,0.12255812,-0.20050621,-0.7816906,-0.3666954,0.07758744,9.081545
-0.8829498,5.659027,7.0827484,0.10396588,-0.15024376,-0.72444487,-0.36938572,0.06642999,9.160629
-0.8614197,5.9114685,7.1605225,0.06894934,-0.20526886,-0.5743513,-0.23078823,0.028061643,9.238567
-0.88653564,6.02034,7.2215424,0.07142472,-0.28483438,-0.28011227,0.027302742,0.027641162,9.402688
-0.90808105,6.180664,7.3040924,0.15139139,-0.34114218,-0.1696372,0.15021753,0.10251059,9.439226
-0.7513428,6.1088715,7.2801666,0.23063385,-0.45021963,-0.039033413,0.32565165,0.17050828,9.456948
-0.68434143,5.9653015,7.2107697,0.26275074,-0.38849926,-0.031872272,0.2888651,0.21008037,9.501022
-0.73698425,5.909073,7.2346954,0.13532686,-0.3305874,-0.0035991669,0.2556734,0.09100723,9.57435
-0.71784973,5.9078827,7.2801666,0.11068761,-0.20737791,-0.1720519,0.052437782,0.07670687,9.530561
-0.77168274,6.01915,7.2502594,0.2975831,-0.14407396,-0.23031044,-0.014590263,0.2681337,9.506239
-0.8291168,6.1136627,7.3375854,-0.07483482,-0.17970085,-0.16832018,0.019553185,-0.10501082,9.572523
-0.850647,6.069397,7.3698883,-0.40498972,-0.09598303,-0.0049881935,0.025257587,-0.41513634,9.789973
-0.8913269,6.007187,7.281357,-0.5689167,-0.101685524,0.28807354,0.19174004,-0.5729588,10.034567
-1.0971069,5.7846527,7.507477,-0.5351503,-0.08862162,0.35885906,0.22533655,-0.5369187,10.096412
-1.0253296,5.79422,7.676178,-0.6058372,-0.008774757,0.16209984,0.026492596,-0.59482574,10.003811
-0.982254,5.9198456,7.606781,-0.522774,0.0135650635,0.023377419,-0.068825245,-0.51062536,9.899106
-0.899704,6.2847443,7.0361023,-0.30318952,-0.18060875,0.16816092,0.20085144,-0.3297386,9.8679085
-0.89730835,6.1914215,7.240677,-0.16507566,-0.25862026,0.081884384,0.22812033,-0.20938697,9.736239
-0.76091003,5.95932,7.603195,0.023985386,-0.25634766,-0.0509243,0.17181873,-0.023713462,9.609677
-0.7190399,5.8588257,7.655838,0.29710007,-0.10015488,-0.29614782,0.23866642,0.1424694,9.476888
-0.7166443,5.9318085,7.318451,0.34868145,-0.07863617,-0.38020515,-0.12802982,0.3238254,9.41798
-0.72502136,5.9844513,7.0253296,0.47371376,-0.15319872,-0.49996042,-0.13035202,0.43350568,9.265433
-0.7573242,6.032303,6.8159485,0.54510176,-0.2214818,-0.58449936,0.44026244,0.25113964,9.1502
-0.86021423,5.9246216,6.932007,0.34579706,-0.5198703,-0.6563425,0.24994636,0.020805359,8.936179
-0.9990082,5.868393,7.207184,0.21815705,-0.6769476,-0.5225439,0.2386427,0.099110305,8.962771
-1.0432739,5.8707886,7.311264,-0.06700909,-0.37611198,-0.38283873,0.056752205,-0.13369656,9.285669
-1.002594,6.0047913,7.1078796,-0.11395824,-0.103643894,-0.46903658,-0.21544123,-0.13927424,9.384855
-0.8757782,6.074173,6.6783752,-0.021174788,-0.021950722,-0.46191502,-0.26483822,-0.033287972,9.428434
-0.90808105,6.1076813,6.4618225,-0.45994008,0.029155254,-0.83550787,-0.59452343,-0.46065897,9.219451
-0.8650055,6.111267,6.5168457,-0.6077963,-0.08049631,-1.1376233,-0.7259555,-0.6289636,8.942082
-0.7728882,6.0586243,6.8075867,-0.50505054,-0.11899519,-1.1247749,-0.6796652,0.52704906,8.91523
-0.7405853,6.0215454,6.932007,-0.2216748,-0.29448462,-0.37152672,-0.28894734,-0.036746025,9.371848
-0.73220825,5.97847,7.002594,-0.011065006,-0.30562925,-0.06330776,0.2021966,-0.084546,9.5841465
-0.7346039,6.0059814,7.2682037,0.06927669,-0.34634733,-0.057878494,0.2553339,-0.016715772,9.556389
-0.75852966,5.991623,7.585251,0.010311365,-0.4280696,0.07380772,0.38573742,-0.09147773,9.628785
-0.80996704,5.9437714,7.6737823,-0.1258471,-0.29814053,0.0074863434,0.2191,-0.19255996,9.666305
-0.87098694,5.7140656,7.6462708,-0.13858318,-0.22612524,-0.05388069,-0.1579566,-0.16027594,9.65631
-0.8757782,5.63031,7.6295166,0.46890604,-0.0242095,-0.5387535,0.3954236,0.29548216,9.289886
-0.85783386,5.5824585,7.5302124,0.84327674,0.107889175,-0.7424512,0.745592,0.54149103,9.154831
-0.9188385,5.720047,7.404587,0.15132916,-0.046269417,-0.8600559,-0.44714403,0.123592526,9.0653515
-0.97387695,5.8325043,7.3914337,-0.5868982,-0.17849731,0.49442196,0.35219765,-0.6003272,10.175877
-1.0001984,6.0550385,7.3579254,0.2625686,-0.2891035,-0.016128063,0.25493145,0.20590207,9.593584
-1.031311,6.072983,7.450058,-0.29387498,0.378747,-0.29398346,-0.51279545,-0.22955331,9.830831
-1.0253296,6.007187,7.533798,1.5162305,-0.64207125,0.25603056,0.8434315,1.392632,9.451742
-0.8889313,5.7846527,7.339981,-0.42132652,-0.123194695,0.06371641,0.09124279,-0.43350995,9.828935
-0.8685913,5.781067,7.068405,-0.6947694,0.2187233,0.11715746,-0.15947962,-0.65464133,10.1071205
-0.9140625,5.87677,6.9834595,-0.16196024,-0.19571257,0.06934261,0.17873335,-0.18563595,9.7524605
-0.93917847,5.9365997,7.2873383,-0.124138,-0.31152058,-0.39656973,-0.041598797,-0.17570949,9.319702
-0.8949127,5.8349,7.647461,0.0023180246,-0.4752736,-0.76613855,-0.16629362,-0.08258523,8.924389
-0.7034912,5.781067,7.5756836,0.10283768,-0.4712181,-0.7640457,-0.16925526,0.01741618,8.919273
-0.6412811,5.839691,7.0707855,0.34100556,-0.3792963,-0.7495308,-0.2173276,0.26610762,8.967662
-0.7238312,5.9617157,6.734604,0.46041703,-0.54929495,-0.62250423,-0.0028715134,0.36450064,8.930094
-0.82192993,6.0382843,6.9152527,0.11776197,-0.40349245,-0.3161292,0.07537651,0.051799953,9.288725
-0.850647,5.9808655,7.048065,-0.24721408,-0.040547848,-0.15275145,-0.09835434,-0.2547903,9.699411
-0.96310425,5.871994,7.1772766,-0.36684465,0.07412195,-0.56675196,-0.48075008,-0.36887646,9.499914
-0.9068756,5.871994,7.245468,-0.34750187,0.083436966,-0.5953336,-0.505672,-0.34938252,9.483589
-0.830307,5.8217316,7.2382813,0.19131649,-0.4707036,-0.7586565,-0.18443537,0.09999226,8.917995
-0.82192993,5.682953,7.0983124,0.14810824,-0.278996,-0.78387594,-0.3395896,0.08388847,9.037315
-0.95474243,5.79541,6.8482513,0.07682991,-0.49477148,-0.8722477,-0.2501788,-0.01834555,8.832693
-0.8721771,6.045471,6.583847,-0.31097007,-0.82174873,-0.37400007,-0.33934224,-0.4018922,9.009669
-0.9906311,6.172287,6.6759796,-0.09821546,-0.60577345,-0.07961798,0.37551928,-0.17442852,9.34675
-0.99780273,6.0634155,7.635498,0.15003681,-0.3420949,-0.1499381,0.15468979,0.103600726,9.449776
-0.9571228,6.0107727,7.8711853,0.11580801,-0.4715724,-0.40491772,0.07322502,0.0471787,9.180422
-0.8075714,6.0478516,7.8891296,0.009709954,-0.4857297,-0.63397884,-0.07758236,-0.06632103,9.014477
-0.75852966,6.08255,7.2466583,0.18795061,-0.31705475,-0.40288353,-0.032383442,0.13901705,9.2795925
-0.7405853,6.1244354,7.1688995,0.28675056,-0.38049555,-0.17756367,0.2737441,-0.11324167,9.393405
-0.776474,6.18544,7.3495483,0.1332168,-0.39480162,-0.29966164,0.093518734,0.08347607,9.308958
-0.8027954,6.189041,7.4249268,0.0019442439,-0.31659794,-0.5917568,-0.16681528,-0.050386027,9.158539
-0.7692871,6.1280212,7.4967194,-0.056598604,-0.2915225,-0.825758,-0.3449564,-0.11469561,9.007956
-0.776474,6.0670013,7.0049896,0.04889089,-0.13852406,-0.61417913,-0.3072071,0.012990579,9.255061
-0.92004395,5.988037,6.916458,0.1384213,-0.044713974,-0.57595205,-0.3457632,0.112433806,9.336878
-1.02771,5.9282227,7.3005066,-0.13161528,-0.24327517,-0.05418825,-0.12379646,-0.16956758,9.6186
-1.0480499,5.8947144,7.767105,-0.3531778,-0.17197561,0.08441162,-0.32262635,-0.23908663,9.79303
-1.0432739,5.880356,7.934601,-0.26131535,-0.17314291,0.29652166,0.30645323,-0.26922467,9.947342
-0.9403839,5.8325043,7.832901,0.017408907,-0.21507978,0.2958088,0.07834947,-0.346457,9.895499
-0.825531,5.7379913,7.6127625,0.17881083,-0.1939063,0.24046278,0.31602,0.15994596,9.85074
-0.7800598,5.7894287,6.870987,0.09684956,-0.25414276,0.2521696,0.36324167,0.070860624,9.830983
-0.7848511,5.8779755,6.6400757,0.025520444,-0.06412649,0.13048458,0.1343708,0.020717502,9.86414
-0.8542328,6.0837555,6.5060883,0.1709621,-0.054419518,-0.1330986,-0.029010773,0.15826672,9.651684
-0.85902405,5.9617157,6.9379883,0.13324773,-0.19535637,-0.19660473,0.034292698,0.09950869,9.517695
-0.899704,5.8540344,7.240677,-0.022615433,-0.25516415,-0.46214056,-0.106025696,-0.07147688,9.293968
-0.83151245,5.724823,7.463211,0.040854216,-0.13996744,-0.7630491,-0.38536978,-0.0011428744,9.132119
-0.830307,5.893524,7.034897,0.0364635,-0.13004589,-0.789124,-0.41150665,-0.0038561076,9.119915
-0.83509827,5.946167,6.8697968,-0.076755166,-0.24324226,-0.59571457,-0.21081829,-0.12712324,9.20721
-0.74894714,5.8659973,6.8901367,-0.16853964,-0.30640793,-0.24856806,-0.19100916,-0.11983156,9.441639
-0.7082825,5.8205414,6.916458,-0.07775557,-0.3611412,-0.14332962,0.17302132,-0.13598154,9.477129
-0.68315125,5.888733,6.808777,-0.022678733,-0.32809114,-0.29521418,0.056832314,-0.08132084,9.375993
-0.6759796,5.9605255,6.703491,-0.07863283,-0.32584524,-0.44469738,-0.04695463,-0.1406934,9.269888
-0.6879425,6.0382843,6.7537384,-0.08611095,-0.19212627,-0.5930257,-0.24519444,-0.13096175,9.2420845
-0.7728882,6.032303,6.845871,0.034653783,-0.15664434,-0.79056406,-0.386559,-0.010462567,9.0987
-0.88534546,5.996414,7.2418823,0.2840985,-0.3405509,-0.7795477,-0.2125392,0.20618924,8.9600725
-1.0384827,5.9820557,7.932205,0.47910368,-0.42443943,-0.74686,-0.10453844,0.38813362,8.908923
-1.0743713,5.971283,8.047058,0.5063151,-0.43787336,-0.7084775,-0.06414032,0.41589147,8.927474
-1.0049896,5.988037,7.986038,0.36452186,-0.4084158,-0.6595144,0.25829935,0.13450527,9.00053
-0.7776642,5.91745,7.6378937,0.25513256,-0.30852556,-0.57533264,-0.101905346,0.19184658,9.140243
-0.7513428,5.8815613,7.4608154,0.096505046,-0.022538185,-0.4782915,-0.27671432,0.0825689,9.412703
-0.6963043,5.91864,7.0779724,-0.24457526,0.1272583,-0.3025546,-0.3205862,-0.22412546,9.686054
-0.69511414,6.090927,7.4321136,-0.27187335,0.10972643,-0.24418926,-0.2746873,-0.25210965,9.72559
-0.7776642,6.089737,7.618744,-0.024016619,0.111551285,-0.14601612,-0.04665351,0.17567062,9.770532
-0.87338257,6.111267,7.5517426,-0.08474457,0.019937992,-0.06929684,-0.07086897,-0.08096787,9.778313
-0.948761,6.078964,7.523041,-0.25913262,-0.19243717,0.425282,-0.1836325,-0.4441123,10.039223
-0.933197,5.9019012,7.5170593,-0.22542632,-0.24117184,0.5095339,0.48366356,-0.25764257,10.0679865
-0.9607239,5.87558,7.318451,-0.088652134,-0.41047716,0.27882147,0.47683573,-0.15840447,9.766304
-1.0097656,5.852844,6.8769684,-0.10706937,-0.4223423,-0.12750244,0.2156105,-0.18514791,9.452637
-1.0612183,5.8002014,7.08873,-0.15026402,-0.43237638,-0.26365328,0.12580967,-0.2317396,9.3489275
-0.6125641,5.71167,7.1844482,0.2370305,-0.4236722,-0.41858768,-0.1958499,0.016927242,9.196525
-0.5587311,5.7463684,6.61615,0.2857964,-0.39750576,-0.9805584,0.0,0.0,0.0
-0.6089783,5.7798615,6.522827,0.22824287,-0.39214373,-1.0518541,0.0,0.0,0.0
-0.76330566,5.996414,6.715454,0.07312286,-0.18913841,-0.8482561,0.0,0.0,0.0
-0.92004395,5.9557343,7.2729797,-0.079856455,-0.22637606,-0.29312754,0.0,0.0,0.0
-0.92362976,5.9078827,7.657028,-0.08115369,-0.23522472,0.05947256,0.0,0.0,0.0
-0.8147583,5.79541,8.062622,0.020367146,-0.31969547,0.44170094,0.0,0.0,0.0
-0.76690674,5.8205414,7.1808624,0.057964146,-0.29509068,-0.44075298,0.0,0.0,0.0
-0.82192993,5.8612213,6.8279266,0.003627956,-0.2787366,-0.77403116,0.0,0.0,0.0
-0.8374939,5.8325043,6.9762726,-0.0113710165,-0.32097816,-0.6146803,0.0,0.0,0.0
-0.83987427,5.873184,7.2179565,-0.016192615,-0.27571583,-0.37697363,0.0,0.0,0.0
-0.850647,5.954544,7.3363953,-0.025606215,-0.18889475,-0.26280546,0.0,0.0,0.0
-0.83151245,5.97966,7.3950195,-0.0019648075,-0.15757132,-0.20870543,0.0,0.0,0.0
-0.9020996,5.927017,7.618744,-0.07096219,-0.20232582,0.008831978,0.0,0.0,0.0
-0.8757782,5.91745,7.636688,-0.041604042,-0.19662619,0.014836788,0.0,0.0,0.0
-0.9260254,5.947357,7.603195,-0.08902162,-0.16169071,-0.022377014,0.0,0.0,0.0
-0.83270264,5.7631073,7.7395782,0.003648758,-0.33590937,0.105909824,0.0,0.0,0.0
-0.88653564,5.645859,7.804184,-0.048140764,-0.44024706,0.1604414,0.0,0.0,0.0
-0.8661957,5.6937256,7.4237366,-0.023213148,-0.38392258,-0.22622824,0.0,0.0,0.0
-0.9140625,5.810974,7.0301056,-0.06624603,-0.28120184,-0.6077595,0.0,0.0,0.0
-0.95951843,5.826523,6.9918213,-0.11024517,-0.27370787,-0.63945055,0.0,0.0,0.0
-0.9571228,5.704483,7.105484,-0.101216495,-0.4072709,-0.51582,0.0,0.0,0.0
-0.90927124,5.6602173,7.1533356,-0.044776797,-0.44741392,-0.4703045,0.0,0.0,0.0
-0.95114136,5.708084,7.009781,-0.08137238,-0.40026617,-0.61268234,0.0,0.0,0.0
-0.94755554,5.79303,6.9104767,-0.06833261,-0.32876682,-0.70010567,0.0,0.0,0.0
-0.90089417,5.8707886,6.8745728,-0.016224742,-0.25746632,-0.73017883,0.0,0.0,0.0
-0.95832825,5.8384857,7.286148,-0.06811571,-0.28511,-0.32170868,0.0,0.0,0.0
-0.93559265,5.807373,7.377075,-0.042578697,-0.3092394,-0.23606873,0.0,0.0,0.0
-0.7848511,5.8672028,7.2753754,0.10975194,-0.24628258,-0.3400941,0.0,0.0,0.0
-0.80877686,5.922241,7.381851,0.08372694,-0.19218302,-0.23311043,0.0,0.0,0.0
-0.7776642,5.929413,7.3986053,0.10878825,-0.18557358,-0.21661139,0.0,0.0,0.0
-0.68196106,5.9282227,7.124634,0.19100547,-0.1955204,-0.48510313,0.0,0.0,0.0
-0.79441833,5.9533386,6.837494,0.07140839,-0.1897564,-0.7574463,0.0,0.0,0.0
-0.899704,5.900696,7.12941,-0.035933852,-0.26063013,-0.4509821,0.0,0.0,0.0
-0.92481995,5.8576355,7.780258,-0.06215155,-0.29003096,0.18865871,0.0,0.0,0.0
-0.8123627,5.83609,7.9609222,0.044508874,-0.27191734,0.33672428,0.0,0.0,0.0
-0.8183441,5.8863373,7.7359924,0.034359872,-0.21365452,0.10491228,0.0,0.0,0.0
-0.8530426,5.803787,7.301697,-0.0015363693,-0.30431557,-0.32302618,0.0,0.0,0.0
-0.87098694,5.761917,7.529022,-0.015862465,-0.3429432,-0.09789276,0.0,0.0,0.0
-0.9188385,5.7966156,7.6426697,-0.061199844,-0.29186153,0.0029520988,0.0,0.0,0.0
-0.87815857,5.97966,7.505081,-0.01693803,-0.097913265,-0.14291143,0.0,0.0,0.0
-0.77526855,6.0753784,7.2921295,0.08745229,-0.009213924,-0.35011005,0.0,0.0,0.0
-0.81715393,6.153137,7.1820526,0.043596804,0.057929993,-0.4519472,0.0,0.0,0.0
-0.90927124,6.130417,7.105484,-0.048461974,0.02970457,-0.5241103,0.0,0.0,0.0
-0.9571228,6.0634155,7.2957153,-0.092127204,-0.05136919,-0.32213068,0.0,0.0,0.0
-0.92481995,5.9844513,7.6582336,-0.05770248,-0.12807369,0.0388155,0.0,0.0,0.0
-0.7010956,5.7391815,7.807785,0.1594137,-0.35478735,0.17277002,0.0,0.0,0.0
-0.60658264,5.7068787,7.0588226,0.2372176,-0.39671516,-0.57036686,0.0,0.0,0.0
-0.63290405,5.728424,6.5850525,0.20383596,-0.4097829,-1.017097,0.0,0.0,0.0
-0.78245544,5.827713,5.9353943,0.052659214,-0.34746218,-1.6369362,0.0,0.0,0.0
-0.8769684,5.925827,6.440277,-0.03254801,-0.27108383,-1.1132412,0.0,0.0,0.0
-0.97387695,5.7834473,7.2430725,-0.124284804,-0.3990941,-0.32163334,0.0,0.0,0.0
-0.8889313,5.60997,7.5218353,-0.03496027,-0.52805567,-0.07854366,0.0,0.0,0.0
-0.84825134,5.6937256,7.2107697,0.011271238,-0.43038607,-0.40020037,0.0,0.0,0.0
-0.9260254,5.790634,7.044464,-0.055627525,-0.33448458,-0.56445885,0.0,0.0,0.0
-1.0014038,5.7714844,7.401001,-0.12804294,-0.34750605,-0.2125125,0.0,0.0,0.0
-0.8147583,5.71286,7.4979095,0.05795592,-0.39453554,-0.12498188,0.0,0.0,0.0
-0.77526855,5.6937256,7.335205,0.0927102,-0.41202307,-0.289546,0.0,0.0,0.0
-0.70588684,5.749954,7.1593323,0.1580494,-0.36357975,-0.45963812,0.0,0.0,0.0
-0.66760254,5.8097687,7.245468,0.1888529,-0.31131983,-0.36827946,0.0,0.0,0.0
-0.7896271,5.9019012,7.330414,0.064837635,-0.21792746,-0.28456974,0.0,0.0,0.0
-0.9032898,5.9533386,7.410568,-0.05109209,-0.16356707,-0.20701742,0.0,0.0,0.0
-0.91645813,5.991623,7.328018,-0.06413996,-0.12623644,-0.28878832,0.0,0.0,0.0
-0.9607239,5.927017,7.2622223,-0.10390204,-0.19611359,-0.34984112,0.0,0.0,0.0
-0.97746277,5.8325043,7.532608,-0.11167574,-0.29037905,-0.07864046,0.0,0.0,0.0
-0.95474243,5.7547455,7.7515564,-0.0885582,-0.35688782,0.13131666,0.0,0.0,0.0
-0.933197,5.8695984,7.5505524,-0.06802714,-0.23742437,-0.07349777,0.0,0.0,0.0
-0.99661255,6.0059814,7.227524,-0.12805831,-0.114040375,-0.38571024,0.0,0.0,0.0
-0.9714813,5.983246,7.367508,-0.101359844,-0.14774942,-0.23671293,0.0,0.0,0.0
-0.9140625,5.922241,7.450058,-0.04401046,-0.21019363,-0.15300989,0.0,0.0,0.0
-0.8291168,5.723633,7.561325,0.04234439,-0.40623283,-0.04365301,0.0,0.0,0.0
-0.72502136,5.777466,7.348358,0.14318407,-0.3550563,-0.2548504,0.0,0.0,0.0
-0.71784973,5.87677,7.0420837,0.14500958,-0.26983976,-0.5503502,0.0,0.0,0.0
-0.84825134,5.9617157,7.0001984,0.012470245,-0.20602417,-0.5753226,0.0,0.0,0.0
-0.92123413,5.9019012,7.351944,-0.059419513,-0.2677288,-0.22191429,0.0,0.0,0.0
-0.9176483,5.846863,7.849655,-0.05571258,-0.29745674,0.25526333,0.0,0.0,0.0
-0.84825134,5.797806,7.8221436,0.014899552,-0.33127737,0.21558762,0.0,0.0,0.0
-0.7405853,5.79422,7.188034,0.12198007,-0.33235884,-0.42060566,0.0,0.0,0.0
-0.7405853,5.844467,6.875778,0.11703169,-0.30041838,-0.7186446,0.0,0.0,0.0
-0.9188385,5.822937,6.9152527,-0.06201881,-0.3341298,-0.6693883,0.0,0.0,0.0
-0.95114136,5.846863,7.178467,-0.08994198,-0.3106265,-0.40533495,0.0,0.0,0.0
-0.9272156,5.8743744,7.3160553,-0.065601945,-0.27629757,-0.2732296,0.0,0.0,0.0
-0.9188385,5.97847,7.1653137,-0.05170554,-0.17201042,-0.42349815,0.0,0.0,0.0
-0.85783386,5.995224,7.142578,0.012823343,-0.16025305,-0.44177723,0.0,0.0,0.0
-0.81715393,5.9114685,7.4165497,0.050866783,-0.24133158,-0.17027903,0.0,0.0,0.0
-0.7573242,5.827713,7.545761,0.10118157,-0.31464052,-0.05060911,0.0,0.0,0.0
-0.8111725,5.803787,7.1270294,0.044462502,-0.34580994,-0.46380186,0.0,0.0,0.0
-0.88175964,5.8612213,6.7669067,-0.02435416,-0.30699492,-0.8086028,0.0,0.0,0.0
-0.86021423,5.844467,6.8482513,-0.0016337037,-0.34440517,-0.7102599,0.0,0.0,0.0
-0.8159485,5.9808655,7.554138,0.04905176,-0.18814182,-0.019864082,0.0,0.0,0.0
-0.78723145,5.9413757,7.515854,0.07496446,-0.21395731,-0.06958485,0.0,0.0,0.0
-0.86021423,5.8097687,7.471588,0.0013495088,-0.34089565,-0.11770868,0.0,0.0,0.0
-0.7680969,5.721237,7.3459625,0.08728403,-0.42554092,-0.24718094,0.0,0.0,0.0
-0.7513428,5.682953,7.073181,0.10403818,-0.46382523,-0.5199623,0.0,0.0,0.0
-0.8159485,5.700897,6.817154,0.0377506,-0.45663834,-0.76745796,0.0,0.0,0.0
-0.8650055,5.6781616,6.6783752,-0.01001364,-0.49445724,-0.89382076,0.0,0.0,0.0
-0.8566284,5.7643127,6.649658,0.0011667609,-0.4273305,-0.906672,0.0,0.0,0.0
-1.0181427,5.9126587,7.1808624,-0.14849436,-0.2776537,-0.37520313,0.0,0.0,0.0
-1.0468597,5.93779,7.692932,-0.17104763,-0.23130226,0.120241165,0.0,0.0,0.0
-0.90808105,5.8253326,7.8891296,-0.03126818,-0.3101735,0.28931665,0.0,0.0,0.0
-0.8195343,5.7391815,7.630707,0.05500263,-0.38804722,0.023956776,0.0,0.0,0.0
-0.72262573,5.7104645,7.0612183,0.14753205,-0.42752695,-0.5373521,0.0,0.0,0.0
-0.7238312,5.7379913,6.826721,0.14341378,-0.42016888,-0.755847,0.0,0.0,0.0
-0.82192993,5.8923187,7.060028,0.045169592,-0.26581144,-0.5225811,0.0,0.0,0.0
-0.79322815,6.0885315,7.3363953,0.07229644,-0.060743332,-0.25357628,0.0,0.0,0.0
-0.9056854,6.147156,7.5302124,-0.040487528,0.011817932,-0.07106686,0.0,0.0,0.0
-0.9690857,5.95932,7.753937,-0.101046324,-0.1629653,0.14246368,0.0,0.0,0.0
-0.87098694,5.822937,7.6331024,-0.0015522838,-0.28536272,0.010560513,0.0,0.0,0.0
-0.8530426,5.810974,7.470398,0.0128901005,-0.29347134,-0.15562916,0.0,0.0,0.0
-0.77526855,5.900696,6.8721924,0.08813119,-0.21750116,-0.74309444,0.0,0.0,0.0
-0.8003998,5.9856415,6.929611,0.059087873,-0.15812445,-0.66550636,0.0,0.0,0.0
-0.89372253,6.02034,7.071991,-0.030506134,-0.12742949,-0.51946306,0.0,0.0,0.0
-1.0109711,6.1579285,7.782654,-0.13977623,0.025418758,0.17977715,0.0,0.0,0.0
-0.9834442,6.171097,7.9573364,-0.10868633,0.054164886,0.34232998,0.0,0.0,0.0
-0.80877686,6.070587,7.749161,0.06616652,-0.0388422,0.12815428,0.0,0.0,0.0
-0.727417,5.9401855,7.276581,0.13726568,-0.18231583,-0.3350997,0.0,0.0,0.0
-0.6891327,5.8013916,6.8889313,0.16701275,-0.3401518,-0.7083607,0.0,0.0,0.0
-0.75613403,5.79541,6.7657013,0.09426153,-0.36460686,-0.81726646,0.0,0.0,0.0
-0.94755554,5.810974,6.952347,-0.09400225,-0.36214018,-0.6196079,0.0,0.0,0.0
-0.948761,5.704483,7.6498566,-0.08896035,-0.4615903,0.07287359,0.0,0.0,0.0
-0.97268677,5.62912,7.7946167,-0.10680187,-0.50293255,0.1907649,0.0,0.0,0.0
-0.84706116,5.6279144,7.4572296,0.022430062,-0.48813725,-0.15908766,0.0,0.0,0.0
-0.78604126,5.674576,7.216751,0.08519971,-0.43997145,-0.40057325,0.0,0.0,0.0
-0.77049255,5.745163,7.0911255,0.098359466,-0.37524748,-0.5217624,0.0,0.0,0.0
-0.78364563,5.87558,6.961914,0.08281267,-0.25406122,-0.643816,0.0,0.0,0.0
-0.8027954,5.848053,6.9547424,0.061748564,-0.28523493,-0.64826584,0.0,0.0,0.0
-0.7537384,5.703293,7.104294,0.10871291,-0.43065166,-0.49842215,0.0,0.0,0.0
-0.8650055,5.6889343,7.137787,-0.0035287738,-0.4443717,-0.4655547,0.0,0.0,0.0
-0.9415741,5.7463684,7.1736755,-0.074321926,-0.38184595,-0.43311453,0.0,0.0,0.0
-0.9714813,5.8983,7.124634,-0.099270165,-0.23049498,-0.48112106,0.0,0.0,0.0
-0.9954071,5.9617157,7.0779724,-0.12114841,-0.17201757,-0.5235653,0.0,0.0,0.0
-1.031311,5.8624115,7.225128,-0.15352416,-0.27648497,-0.37183332,0.0,0.0,0.0
-0.953537,5.8002014,7.3244324,-0.06981361,-0.33435154,-0.27534962,0.0,0.0,0.0
-0.9104614,5.7260284,7.471588,-0.024263918,-0.40134335,-0.13369656,0.0,0.0,0.0
-0.83628845,5.77388,7.438095,0.050867915,-0.34642887,-0.17276287,0.0,0.0,0.0
-0.8183441,5.9102783,7.1724854,0.067095816,-0.2140441,-0.43534327,0.0,0.0,0.0
-0.8422699,6.045471,6.850647,0.04089582,-0.09032059,-0.74819946,0.0,0.0,0.0
-0.92481995,6.0478516,6.7872467,-0.037635088,-0.11271,-0.79106236,0.0,0.0,0.0
-0.97029114,5.9569244,7.105484,-0.077120185,-0.2065463,-0.46975613,0.0,0.0,0.0
-1.056427,5.8863373,7.4189453,-0.15352374,-0.2650547,-0.16495419,0.0,0.0,0.0
-1.0121613,5.803787,7.4775696,-0.10470313,-0.34037066,-0.11164856,0.0,0.0,0.0
-0.92004395,5.9521484,6.9044952,-0.011933625,-0.1937375,-0.6832452,0.0,0.0,0.0
-0.9176483,6.0215454,6.8039856,-0.008413076,-0.14956951,-0.7631154,0.0,0.0,0.0
-1.0600128,6.0346985,7.1102753,-0.14680201,-0.14395952,-0.45018864,0.0,0.0,0.0
-0.93440247,5.7667084,8.291138,-0.022682369,-0.37143612,0.69756556,0.0,0.0,0.0
-0.85783386,5.6578217,8.466995,0.047984123,-0.44063902,0.84081316,0.0,0.0,0.0
-0.6472626,5.684143,7.820938,0.25016987,-0.38975954,0.1741929,0.0,0.0,0.0
-0.6352997,5.848053,7.0049896,0.2527061,-0.24576187,-0.6269989,0.0,0.0,0.0
-0.65802,6.0155487,6.6592255,0.22329342,-0.10342932,-0.95338154,0.0,0.0,0.0
-0.8446655,6.278763,6.809967,0.031036913,0.13863707,-0.786242,0.0,0.0,0.0
-0.98464966,6.366104,7.2263184,-0.10613966,0.22774744,-0.370996,0.0,0.0,0.0
-1.0695953,6.271591,7.7850494,-0.18645501,0.14399481,0.17959023,0.0,0.0,0.0
-1.0743713,5.9736786,8.151154,-0.18607825,-0.12099123,0.5198808,0.0,0.0,0.0
-1.0014038,5.6781616,8.117645,-0.11433053,-0.39408588,0.4683771,0.0,0.0,0.0
-1.0253296,5.7021027,7.992035,-0.1363517,-0.35177183,0.32843876,0.0,0.0,0.0
-0.9224396,5.8863373,7.615158,-0.034252107,-0.16987276,-0.046684265,0.0,0.0,0.0
-0.8183441,6.0382843,7.0085754,0.06778097,-0.045719147,-0.6314554,0.0,0.0,0.0
-0.77526855,6.016754,6.838684,0.11013436,-0.08878231,-0.7842331,0.0,0.0,0.0
-0.58026123,5.824127,6.837494,0.29950517,-0.29793406,-0.77281237,0.0,0.0,0.0
-0.7190399,5.621933,6.960724,0.15097195,-0.5103731,-0.64245224,0.0,0.0,0.0
-0.82192993,5.581253,7.0085754,0.046970487,-0.552197,-0.5938053,0.0,0.0,0.0
-0.8685913,5.682953,6.921234,0.002320528,-0.45233822,-0.67943,0.0,0.0,0.0
-0.9654999,5.790634,6.945175,-0.09161228,-0.3494506,-0.6512761,0.0,0.0,0.0
-0.97746277,5.71286,7.215561,-0.100034535,-0.42733574,-0.38039207,0.0,0.0,0.0
-0.78245544,5.6027985,7.198807,0.09385252,-0.533288,-0.40059566,0.0,0.0,0.0
-0.8183441,5.65065,6.6687927,0.052476346,-0.4919896,-0.9259448,0.0,0.0,0.0
-0.8638153,5.682953,6.500107,0.007858872,-0.49362183,-1.0669599,0.0,0.0,0.0
-0.9176483,5.75354,6.4737854,-0.042037845,-0.44197464,-1.0773258,0.0,0.0,0.0
-0.8757782,5.77269,7.2646027,0.0033257008,-0.41420364,-0.29316902,0.0,0.0,0.0
-0.87457275,5.785843,7.5182495,0.0057480335,-0.38084698,-0.055874825,0.0,0.0,0.0
-0.707077,5.9282227,7.1856537,0.17439127,-0.22977781,-0.3954034,0.0,0.0,0.0
-0.63648987,6.007187,6.7657013,0.2383613,-0.17292118,-0.79811287,0.0,0.0,0.0
-0.8027954,5.91626,6.8327026,0.06858915,-0.28172016,-0.71687555,0.0,0.0,0.0
-0.9152527,5.913864,7.261017,-0.046058,-0.28786755,-0.2857318,0.0,0.0,0.0
-1.0037842,5.921036,7.5110626,-0.13375336,-0.27090073,-0.043628216,0.0,0.0,0.0
-1.0779724,5.9150543,7.6127625,-0.19962806,-0.26631975,0.050387383,0.0,0.0,0.0
-1.0145569,5.9617157,7.5517426,-0.13158202,-0.21793747,-0.011498928,0.0,0.0,0.0
-1.0061798,5.950943,7.318451,-0.115789354,-0.23540974,-0.23844194,0.0,0.0,0.0
-1.0432739,5.9318085,7.3411865,-0.14545244,-0.25681925,-0.21296406,0.0,0.0,0.0
-0.928421,5.904297,7.639084,-0.0261271,-0.2814355,0.08309507,0.0,0.0,0.0
-0.78245544,5.9437714,7.6414795,0.1163578,-0.229455,0.074855804,0.0,0.0,0.0
-0.7848511,5.9724884,7.540985,0.110446155,-0.19983578,-0.026791573,0.0,0.0,0.0
-0.77049255,5.9449615,7.450058,0.11809403,-0.23200655,-0.114720345,0.0,0.0,0.0
-0.75852966,6.057434,7.1736755,0.122994184,-0.12920713,-0.3840208,0.0,0.0,0.0
-0.9882355,5.954544,7.2753754,-0.10710651,-0.24474669,-0.27199507,0.0,0.0,0.0
-1.0432739,5.85524,7.6163483,-0.15771884,-0.3374462,0.06407547,0.0,0.0,0.0
-0.96310425,5.761917,8.092529,-0.08120406,-0.40275955,0.51695013,0.0,0.0,0.0
-0.86021423,5.913864,7.4069824,0.016040683,-0.23572206,-0.18150568,0.0,0.0,0.0
-0.86021423,5.9641113,6.9678955,0.014705002,-0.21132326,-0.5997267,0.0,0.0,0.0
-0.7465668,6.1615143,6.570694,0.1244306,-0.044162273,-0.9726033,0.0,0.0,0.0
-0.776474,6.1004944,6.837494,0.08440095,-0.12709141,-0.68889,0.0,0.0,0.0
-0.8494568,5.9605255,7.051651,0.008785546,-0.2649374,-0.47678995,0.0,0.0,0.0
-0.9954071,5.9246216,7.2717896,-0.13171315,-0.2939601,-0.2617135,0.0,0.0,0.0
-0.9882355,5.9653015,7.1449738,-0.1169641,-0.25318527,-0.3877344,0.0,0.0,0.0
-1.02771,5.8301086,7.1736755,-0.14957112,-0.389668,-0.35716963,0.0,0.0,0.0
-0.81355286,5.7690887,7.0372925,0.066347,-0.45157623,-0.49261427,0.0,0.0,0.0
-0.7621155,5.880356,6.5371857,0.11135441,-0.36179733,-0.9756675,0.0,0.0,0.0
-0.86021423,5.988037,6.364914,0.016789913,-0.29200983,-1.115879,0.0,0.0,0.0
-0.9056854,5.8947144,6.9427795,-0.024752438,-0.3867917,-0.5363264,0.0,0.0,0.0
-0.71784973,5.760727,7.718048,0.15959674,-0.4939599,0.21609116,0.0,0.0,0.0
-0.63409424,5.831314,7.585251,0.23250192,-0.39356852,0.057287216,0.0,0.0,0.0
-0.604187,5.9844513,6.9475555,0.25619572,-0.24570417,-0.5767584,0.0,0.0,0.0
-0.5934143,6.094513,6.751343,0.2544256,-0.15864706,-0.7552905,0.0,0.0,0.0
-0.7298126,6.217743,6.777664,0.111407995,-0.046260357,-0.72066927,0.0,0.0,0.0
-0.87815857,6.3026886,6.9870453,-0.037998557,0.028992176,-0.50329876,0.0,0.0,0.0
-0.9786682,6.32782,7.228714,-0.13347709,0.05578327,-0.26245403,0.0,0.0,0.0
-1.0600128,6.234497,7.672592,-0.20630789,-0.021876812,0.16930199,0.0,0.0,0.0
-1.1353912,6.151947,8.108078,-0.27026075,-0.067579746,0.575521,0.0,0.0,0.0
-1.0133667,6.1340027,8.204987,-0.14496756,-0.061671734,0.65317297,0.0,0.0,0.0
-0.92362976,6.052643,7.8927307,-0.057156205,-0.13176775,0.33146906,0.0,0.0,0.0
-0.8757782,5.9198456,7.399811,-0.009922504,-0.2728982,-0.1546979,0.0,0.0,0.0
-0.8267212,5.723633,7.1066895,0.039327145,-0.47650146,-0.44173288,0.0,0.0,0.0
-0.84347534,5.848053,6.9391785,0.025678158,-0.35975552,-0.60257673,0.0,0.0,0.0
-0.8913269,5.95813,6.9068756,-0.016203701,-0.25436926,-0.6303258,0.0,0.0,0.0
-0.92004395,5.9078827,7.470398,-0.037570417,-0.30061817,-0.06924009,0.0,0.0,0.0
-0.7884369,5.831314,7.6043854,0.09040278,-0.3471632,0.039700985,0.0,0.0,0.0
-0.78723145,5.8133698,7.0001984,0.08643538,-0.35917807,-0.5699234,0.0,0.0,0.0
-0.88534546,5.760727,6.4869385,-0.009474516,-0.44719696,-1.0539451,0.0,0.0,0.0
-0.89730835,5.7140656,6.4163513,-0.01857078,-0.5135703,-1.1079264,0.0,0.0,0.0
-0.8889313,5.498703,6.933197,-0.009264529,-0.726284,-0.59316397,0.0,0.0,0.0
-0.75852966,5.490326,6.953537,0.119134426,-0.7278695,-0.57867,0.0,0.0,0.0
-0.71784973,5.8947144,6.4163513,0.15574831,-0.3332219,-1.1082764,0.0,0.0,0.0
-0.7896271,6.0107727,6.361313,0.08301759,-0.24753046,-1.1381884,0.0,0.0,0.0
-0.9798584,5.8707886,7.0504456,-0.103194356,-0.39555073,-0.4418726,0.0,0.0,0.0
-0.8410797,5.8672028,7.422531,0.03504175,-0.3774948,-0.087898254,0.0,0.0,0.0
-0.80996704,5.844467,7.4069824,0.06365365,-0.3877058,-0.114133835,0.0,0.0,0.0
-0.76091003,5.7391815,7.101898,0.1135208,-0.49103308,-0.42074633,0.0,0.0,0.0
-0.850647,5.7152557,7.208374,0.02582401,-0.51100683,-0.3173046,0.0,0.0,0.0
-0.89372253,5.7631073,7.281357,-0.014430404,-0.45305824,-0.25233603,0.0,0.0,0.0
-0.9451599,5.95932,7.4440765,-0.06436157,-0.23937273,-0.103823185,0.0,0.0,0.0
-0.8841553,6.02034,7.363907,-0.0031865835,-0.17613602,-0.18579292,0.0,0.0,0.0
-0.85543823,6.110077,7.335205,0.025827587,-0.0863924,-0.21446514,0.0,0.0,0.0
-0.84825134,6.214157,7.2418823,0.034668505,0.019360542,-0.3089671,0.0,0.0,0.0
-0.90927124,6.3110657,7.2729797,-0.02532804,0.10946798,-0.27216578,0.0,0.0,0.0
-0.9918213,6.2357025,7.430908,-0.10606992,0.034201145,-0.11410427,0.0,0.0,0.0
-1.1162567,5.893524,8.001602,-0.22820306,-0.29649115,0.44743443,0.0,0.0,0.0
-1.134201,5.7786713,8.05304,-0.23855215,-0.38217545,0.47595787,0.0,0.0,0.0
-1.1365967,5.7559357,7.9298096,-0.23292112,-0.39357948,0.34448004,0.0,0.0,0.0
-1.0325012,5.77269,7.6630096,-0.118772864,-0.3705964,0.073838234,0.0,0.0,0.0
-0.899704,5.8205414,7.405792,0.0133885145,-0.32467794,-0.18189001,0.0,0.0,0.0
-0.85902405,5.9605255,6.9954224,0.051080644,-0.19756365,-0.5821786,0.0,0.0,0.0
-0.8542328,6.1674957,6.6592255,0.057239473,-0.018146992,-0.89573526,0.0,0.0,0.0
-1.002594,6.1375885,7.310074,-0.087038875,-0.05830002,-0.23599195,0.0,0.0,0.0
-1.0157471,5.9892426,7.7324066,-0.094909966,-0.1773634,0.16303301,0.0,0.0,0.0
-0.96310425,5.73201,8.231308,-0.041216373,-0.41567945,0.64669037,0.0,0.0,0.0
-0.8195343,5.81575,7.4237366,0.09806311,-0.29557848,-0.19072771,0.0,0.0,0.0
-0.8458557,5.95932,6.9714813,0.07331431,-0.17801619,-0.6218457,0.0,0.0,0.0
-0.92123413,6.1327972,6.67717,0.0020993352,-0.033424377,-0.8922124,0.0,0.0,0.0
-0.85902405,6.0179443,7.2263184,0.061054945,-0.15392685,-0.3388548,0.0,0.0,0.0
-0.79681396,6.029907,7.2885437,0.116280735,-0.13253736,-0.28515577,0.0,0.0,0.0
-0.83509827,6.003586,6.932007,0.07464218,-0.17176819,-0.63157463,0.0,0.0,0.0
-0.8374939,5.934204,6.7836456,0.071772575,-0.25035715,-0.77246666,0.0,0.0,0.0
-0.8075714,5.89592,6.7704926,0.09538752,-0.30940533,-0.7693343,0.0,0.0,0.0
-0.91166687,5.9126587,6.6879425,-0.012046337,-0.3087716,-0.8390002,0.0,0.0,0.0
-1.0540314,5.844467,7.0947266,-0.1506561,-0.38345242,-0.42639875,0.0,0.0,0.0
-0.9523468,5.7176514,7.402191,-0.046921134,-0.49796724,-0.12885666,0.0,0.0,0.0
