0.419,9.174,4.316,0.065699816,0.1733141,0.043522835,0.041097444,0.118974276,9.949494
0.488,9.167,4.413,0.047234178,0.14200068,-0.005166054,0.011643291,0.119288616,9.89641
0.486,9.146,4.44,-0.13628507,0.049729824,-0.08749151,-0.16678903,0.029282767,9.801609
0.276,9.057,4.386,0.009934902,0.16361666,-0.38539648,-0.1771922,0.34769812,9.654635
0.413,9.093,4.425,-0.024063468,0.25298166,-0.30086374,-0.19157375,0.34313962,9.781099
0.481,9.081,4.466,-0.0277884,0.17359924,0.36133337,0.084078714,-0.1113749,10.1834755
0.45,9.061,4.361,-0.092181444,0.057384014,0.44727516,0.083473794,-0.26899183,10.170685
0.516,9.074,4.364,-0.17387903,0.029729366,0.34085608,-0.02648974,-0.25769675,10.089833
0.517,9.063,4.442,-0.20157743,0.11607885,-0.055558205,-0.22563623,0.028553512,9.880592
0.394,9.038,4.355,-0.2007612,0.46931314,-0.11966944,-0.31917712,0.30907243,10.085003
0.349,9.109,4.237,-0.07005012,0.537395,0.63988876,0.0849641,-0.046852957,10.639563
0.419,9.193,4.241,-0.002513051,0.36975956,0.7653799,0.22797857,-0.20918767,10.598357
0.419,9.181,4.289,-0.06212616,0.1548438,0.4741783,0.101499565,-0.20548986,10.254032
0.442,9.132,4.375,-0.059063554,0.18818617,0.51603365,0.1146085,-0.20656428,10.30604
0.423,9.069,4.434,-0.25077474,0.34018755,-0.13979769,-0.34675148,0.2125081,9.987655
0.441,9.023,4.408,-0.21941698,0.40270662,-0.10896683,-0.3188287,0.24962868,10.047947
0.442,9.002,4.449,-0.090860486,0.43537855,0.46843338,0.018095186,-0.02159476,10.451976
0.456,9.036,4.504,-0.030150414,0.39864826,0.7605796,0.19502985,-0.19703786,10.6199465
0.508,9.112,4.485,0.03436637,0.40912676,0.3110385,0.072882704,0.106707856,10.305262
0.441,9.105,4.412,0.040629506,0.4686308,0.14358902,2.6451817E-4,0.2505286,10.229873
0.474,9.076,4.379,0.03821957,0.4404273,0.42403936,0.1146413,0.06190684,10.405208
0.526,9.094,4.458,0.025370836,0.30303,0.2918334,0.07799432,0.04205533,10.218702
0.481,9.091,4.513,0.023320317,0.21457672,0.36758566,0.12359175,-0.064459495,10.209484
0.343,9.032,4.452,0.008256316,0.22950792,0.65202904,0.21967188,-0.23095305,10.4200735
0.555,9.001,4.353,-0.0139917135,0.31592464,0.39123678,0.07946255,-0.024911636,10.302771
0.627,9.045,4.333,0.011117697,0.4153924,0.16314697,-0.008381034,0.19025798,10.210411
0.382,9.02,4.278,0.020956278,0.4203925,0.37789536,0.084440105,0.06891424,10.361712
0.295,9.016,4.212,-0.007758975,0.35371208,0.33028316,0.053343464,0.040026836,10.286037
0.496,9.098,4.301,-0.08036399,0.24594879,0.28401184,-0.008417541,-0.03602736,10.189068
0.46,9.137,4.455,-0.112976074,0.16602421,0.17771006,-0.063768744,-0.04040227,10.063962
0.287,9.124,4.571,-0.11359739,0.08768654,0.04858446,-0.099934496,-0.01655399,9.9193125
0.39,9.094,4.474,-0.12731409,0.15809345,-0.048901558,-0.16468218,0.0844794,9.903277
0.436,9.025,4.369,-0.046366096,0.26304102,0.274652,0.015239281,-0.0044548684,10.189432
0.474,8.968,4.422,0.0027222633,0.23910427,0.38873482,0.108983845,-0.06895786,10.244439
0.517,8.98,4.47,0.03480208,0.2633257,0.26243877,0.08280618,0.036738094,10.168893
0.517,9.04,4.477,-0.0011073351,0.3125353,0.39586735,0.093652844,-0.024503237,10.301643
0.465,9.098,4.31,-0.15731394,0.21832037,0.27725697,-0.07437403,-0.08250534,10.17671
0.423,9.112,4.209,-0.2571491,0.16688347,-0.19989586,-0.34241217,0.12792198,9.824644
0.402,9.129,4.259,-0.22913122,0.11860561,-0.26685524,-0.334299,0.14682797,9.739822
0.365,9.149,4.349,-0.1867578,0.08260536,0.009346962,-0.18007909,-0.026417365,9.899725
0.348,9.151,4.553,-0.122175336,0.17492914,-0.09199715,-0.18033567,0.12429318,9.884242
0.479,9.131,4.355,-0.056390405,0.32055712,0.12072039,-0.0663281,0.12350351,10.124231
0.501,9.144,4.269,-0.013577938,0.3842106,0.5686822,0.13568054,-0.08354034,10.474342
0.471,9.142,4.272,-0.123492,0.2882061,0.6121917,0.07293569,-0.22103772,10.453887
0.383,9.097,4.713,-0.20975268,0.0674448,0.57239103,0.024250746,-0.38452503,10.283859
0.329,9.106,4.672,-0.21361291,0.021152496,-0.07890034,-0.22696747,-0.027004179,9.798918
0.329,9.106,4.672,-0.1867522,0.16723585,-0.6127882,-0.44331142,0.40427038,9.526663
0.416,9.191,3.881,-0.1489557,0.45357466,-0.50985956,-0.4261338,0.5532721,9.793404
0.432,9.144,4.03,-0.09270668,0.58828354,0.035954,-0.18790704,0.3414472,10.25839
0.354,9.088,4.212,0.0049717426,0.50247765,0.6766019,0.16844094,-0.058950506,10.630331
0.326,9.085,4.254,-0.016939402,0.36410093,0.78926563,0.2208424,-0.22988467,10.615462
0.419,9.063,4.07,-0.09072614,0.27050972,0.72044563,0.14677234,-0.283839,10.512584
0.399,9.033,3.984,-0.09283948,0.24714518,0.30923033,-0.0122398585,-0.055463012,10.209263
0.356,9.05,4.26,-0.12961113,0.30156803,-0.29753637,-0.29647192,0.32839972,9.829641
0.404,9.003,4.274,-0.06692302,0.44546652,-0.19394302,-0.22991835,0.39070633,9.993785
0.397,9.003,4.237,-0.009565353,0.5794158,-0.043875217,-0.14812076,0.4161972,10.184247
0.346,9.055,4.316,-0.0021344423,0.6150603,-0.08707857,-0.1670886,0.4689969,10.178147
0.289,9.097,4.412,-0.02647698,0.62523365,0.17824316,-0.08698855,0.30678403,10.373841
0.344,9.127,4.352,-0.06337118,0.60239744,0.5582442,0.033961087,0.049610555,10.628186
0.357,9.118,4.334,-0.040572524,0.4946766,0.8117137,0.17647256,-0.16403309,10.727075
0.303,9.115,4.41,-0.16868865,0.34611225,0.8250551,0.09931621,-0.3273857,10.650405
0.359,9.154,4.41,-0.409294,0.2283907,0.6412549,-0.16243336,-0.40047163,10.473081
0.419,9.194,4.331,-0.3092116,0.27537727,0.42388391,-0.1682922,-0.19669534,10.339672
0.384,9.234,4.111,-0.15983975,0.28944254,0.043301105,-0.1878882,0.10280006,10.062249
0.453,9.232,4.237,-0.027516484,0.26625633,-0.07503986,-0.11174661,0.213834,9.944737
0.34,9.218,4.582,0.18881512,0.37857914,0.09251785,0.12270976,0.28288254,10.11071
0.389,9.236,4.492,0.4329142,0.37701178,0.15932465,0.36689004,0.34685567,10.1229105
0.389,9.236,4.492,0.618265,0.32347584,0.29171467,0.5968614,0.3104583,10.152132
0.449,9.086,4.282,0.6730046,0.35488224,0.55042744,0.7426651,0.19851746,10.345989
0.425,9.064,4.31,0.12055457,0.26875448,0.63634634,0.30155486,-0.14749528,10.422288
0.362,9.049,4.318,0.103946686,-0.0443058,-0.25156355,0.0037704243,0.16438213,9.585253
0.382,9.001,4.274,-0.47882164,0.53781605,-0.27909803,-0.6457223,0.338587,10.061236
0.448,9.019,4.236,-0.089613676,0.10413885,-0.02955389,-0.112348795,0.05259582,9.872682
0.332,9.085,4.287,-0.3543675,0.07030153,-0.094341755,-0.36959624,-0.038026508,9.843686
0.228,9.137,4.291,-0.50050974,0.052444458,0.10265303,-0.42222798,-0.22868346,9.988929
0.303,9.152,4.279,-0.7290524,0.30650377,0.41792965,-0.5578023,-0.3453621,10.414687
0.311,9.152,4.291,-0.7514529,0.5901518,0.37023115,-0.65870136,-0.14674732,10.57776
0.235,9.125,4.316,-0.88875175,0.7196264,0.26276064,-0.8588413,-0.0706442,10.603007
0.315,9.104,4.367,-0.77998173,0.95731735,0.0119485855,-0.92501456,0.26102468,10.58201
0.449,9.064,4.38,-0.49804044,1.1784115,-0.08497715,-0.78733087,0.55709,10.651446
0.562,9.03,4.41,-0.3128656,1.4154787,0.09004831,-0.634659,0.65943736,10.934446
0.494,9.006,4.408,-0.34239703,1.3474736,0.7965307,-0.40513083,0.10268941,11.353488
0.423,9.046,4.388,0.6546544,1.2338796,1.0907569,0.5838139,0.27760836,11.456765
0.345,9.095,4.298,0.7370268,0.97225857,0.9447684,0.6625517,0.20986736,11.184353
0.407,9.177,4.33,0.2554419,0.6606002,0.67558336,0.24834257,-0.01974345,10.753219
0.366,9.179,4.359,-0.054189205,0.1177721,0.5757947,0.1267046,-0.39614597,10.225411
0.46,9.168,4.208,-0.17015862,-0.07960987,0.4475999,0.04637427,-0.4530682,9.974628
0.425,9.201,4.345,-0.2703758,-0.11709213,0.3498745,-0.06431024,-0.4486517,9.868305
0.31,9.21,4.358,0.010680079,-0.18004894,0.6936145,0.32536945,-0.6032306,10.016127
0.363,9.24,4.301,-0.2375722,-0.25012493,0.35234165,0.008432211,-0.48886925,9.742746
0.393,9.146,4.391,-0.43043286,-0.30080128,0.27946424,-0.16973647,-0.5427095,9.63198
0.371,9.088,4.506,-0.25873494,-0.22937965,0.447196,0.0150397755,-0.56482846,9.789752
0.408,9.018,4.67,-0.33183074,-0.34213352,0.5145006,0.012256355,-0.6936157,9.70357
0.469,9.024,4.615,-0.5978718,-0.41996288,-0.11628771,-0.42421627,-0.33009788,9.298302
0.528,9.067,4.31,-0.60362405,-0.26506424,-0.4475503,-0.6017532,-0.0013145134,9.284335
0.489,9.093,4.251,-0.5406328,-0.26239967,-0.5692172,-0.5922632,0.13371454,9.244076
0.358,9.119,4.408,-0.29975927,-0.030265808,-0.76937485,-0.5323496,0.48699397,9.403971
0.281,9.177,4.473,0.30262864,0.23680592,-0.55164695,-0.019589921,0.6714618,9.833681
0.306,9.191,4.394,0.41444933,0.16818142,0.12254572,0.34677994,0.14444591,10.0785885
0.348,9.174,4.217,-0.070246935,-0.10307598,0.01823616,-0.018804736,-0.07868567,9.70997
0.35,9.139,4.246,-0.5685036,-0.17080688,-0.9637599,-0.7892815,0.4857978,9.156852
0.354,9.079,4.336,-0.6102264,0.077599525,-1.8814054,-1.2531347,1.3040489,9.002165
0.332,9.081,4.311,-0.18785644,0.40680122,-2.5398943,-1.2553756,2.1435637,9.113104
0.262,9.08,4.33,0.16629314,0.14215088,-1.6557281,-0.5304575,1.498597,9.294676
0.328,9.113,4.424,0.10586047,-0.028305054,-0.09175992,0.0660198,0.11991987,9.765566
0.335,9.112,4.425,-0.018831491,0.2378931,0.6907878,0.15056969,-0.5166921,10.301112
0.388,9.125,4.385,1.335141,0.68550396,1.1211939,1.271478,-0.084811635,11.179874
0.357,9.122,4.399,1.8513768,0.686985,1.0415597,1.6667076,0.24320142,11.272029
0.417,9.086,4.465,0.9407351,0.62267685,0.2616601,0.63998455,0.41993645,10.6757
0.429,9.063,4.564,0.46899366,0.08080864,0.545269,0.5656669,-0.19198371,10.215266
0.402,9.046,4.544,-0.16852498,-0.25764465,0.23939991,0.044859294,-0.35779265,9.658104
0.371,9.067,4.479,-0.012896419,0.058470726,-0.9463787,-0.38168454,0.7674443,9.400984
0.434,9.103,4.397,0.33355558,-0.024365425,-0.85817504,-0.021812519,0.8360425,9.420807
0.414,9.067,4.248,0.20792687,-0.2695341,-0.1397891,0.22512117,0.108906455,9.53668
0.408,9.016,4.286,-0.44832838,-0.23963451,0.41147804,-0.15591832,-0.63372374,9.763981
0.342,9.043,4.407,-0.7644151,-0.08883381,0.78639555,-0.36085093,-0.997903,10.097539
0.326,9.089,4.319,-0.9676908,-0.17822886,0.6540437,-0.5617694,-1.0291299,9.9524975
0.444,9.112,4.096,-0.6326093,0.24289417,0.19352102,-0.563995,-0.31603584,10.087138
0.463,9.119,4.004,-0.1603947,0.56541634,0.12379265,-0.25822446,0.13133036,10.332787
0.33,9.199,4.254,-0.24030456,0.7281742,0.41431808,-0.25900555,-0.006001347,10.63883
0.214,9.252,4.43,-0.19300422,0.87638426,0.5938754,-0.17772974,-0.010564145,10.867917
0.285,9.276,4.51,0.057661235,1.0920234,0.527513,-0.014104439,0.28113097,10.9876995
0.322,9.153,4.384,-0.128762,1.0566969,-0.09041214,-0.3833704,0.62218076,10.585931
0.402,9.095,4.459,-0.22981817,1.0951223,-0.4426241,-0.59893686,0.85548604,10.404515
0.402,9.095,4.459,-0.23348546,1.1563907,-0.3553295,-0.5723517,0.8371893,10.506323
0.402,9.095,4.459,-0.21238995,0.95295286,-0.15412378,-0.43186972,0.59180266,10.470157
0.402,9.095,4.459,-0.055425286,0.90520954,0.082722664,-0.1871143,0.46794626,10.56516
0.552,9.067,4.285,-0.012054682,0.8982258,0.52683353,0.022243984,0.17970255,10.832186
0.429,9.068,4.362,0.22201669,0.8280277,0.8706784,0.38120168,-0.005543184,10.967536
0.275,9.111,4.542,0.19302404,0.5870385,0.4301591,0.2410271,0.13839705,10.50641
0.34,9.106,4.547,-0.045399904,0.57282495,-0.01458025,-0.13220778,0.34631363,10.245957
0.47,9.097,4.213,-0.029270291,0.49526453,0.24785662,-0.0032163258,0.12455003,10.347071
0.428,9.11,4.115,-0.38749683,0.24879313,-0.0059304237,-0.38978437,0.018361393,10.051229
0.367,9.115,4.209,-0.4559245,0.16967583,-0.21190071,-0.5180331,0.09037359,9.877594
0.384,9.116,4.285,-0.4768089,0.23490477,-0.38975334,-0.6097895,0.24939136,9.826538
0.357,9.135,4.394,-0.46305537,0.35683155,-0.74264765,-0.74203014,0.5768275,9.706977
0.349,9.143,4.313,-0.31430137,0.403718,-0.9276371,-0.68055165,0.78742313,9.608917
0.338,9.113,4.439,-0.16439283,0.3068285,-0.792665,-0.4830398,0.68560255,9.591921
0.389,9.095,4.548,-0.061798573,0.29143858,-0.68067455,-0.3458119,0.6338427,9.631345
0.427,9.085,4.488,0.119235516,0.3587036,-0.5240607,-0.1282441,0.6306988,9.7492285
0.41,9.1,4.387,0.23441541,0.3291049,-0.30352306,0.06327432,0.5001401,9.841917
0.369,9.121,4.326,0.32071102,0.3741684,-0.271976,0.14730853,0.53772444,9.883987
0.389,9.137,4.34,0.43740654,0.45450878,-0.3326583,0.22137864,0.672496,9.892115
0.353,9.13,4.366,0.25878584,0.47818375,-0.47255707,8.797862E-4,0.7188066,9.854146
0.34,9.109,4.367,0.08664942,0.4129901,-0.37126255,-0.11145285,0.5439986,9.893531
0.355,9.125,4.286,0.016988873,0.39980078,-0.17797852,-0.21525879,-0.32236502,10.010488
0.348,9.129,4.195,0.11662996,0.4276595,0.0057635307,0.06000681,0.3007312,10.126788
0.465,9.144,4.248,0.12711024,0.4619832,-0.0019931793,0.063377365,0.33161637,10.146655
0.462,9.137,4.237,0.10461354,0.49497652,-0.11089897,-0.002887145,0.41965613,10.110171
0.338,9.103,4.27,0.22819614,0.54876566,-0.20928526,0.06569374,0.5669639,10.073585
0.316,9.098,4.334,0.348848,0.5460386,0.41000223,0.41764757,0.17859152,10.424413
0.392,9.117,4.325,0.012742162,0.5011196,0.56247616,0.023250898,0.19172035,10.534914
0.358,9.105,4.227,-0.18693995,0.5595646,0.27392626,-0.12192231,0.087413825,10.43957
0.457,9.133,4.179,-0.2621621,0.5744071,0.064136505,0.019568896,-0.3469158,10.337736
0.471,9.111,4.221,-0.31410825,0.6038065,-0.08250141,-0.37829778,0.3180043,10.281852
0.42,9.101,4.263,-0.39273155,0.69983435,-0.3020048,0.050918434,-0.73889816,10.23868
0.387,9.151,4.423,-0.22205389,0.76940775,-0.23964357,-0.372945,0.56248933,10.299846
0.395,9.2,4.449,0.17572951,0.8169937,-0.124231815,-0.46277162,-0.4699871,10.334616
0.369,9.164,4.367,0.15907836,0.840281,-0.2209096,-0.026532022,0.7345937,10.296393
0.419,9.149,4.364,0.044655323,0.8562274,-0.27050734,-0.3668341,-0.6571415,10.298474
0.35,9.148,4.435,0.14428914,0.813077,-0.27304888,-0.061153624,0.7480126,10.246204
0.223,9.091,4.381,0.26190114,0.77946854,-0.19171476,-0.52240616,-0.4931682,10.250264
0.504,9.092,4.087,0.4007343,0.69985867,0.20359468,0.37100804,0.44604847,10.402666
0.362,9.198,4.202,0.417817,0.66952133,0.45292187,0.4913297,0.2648263,10.52528
0.251,9.226,4.239,0.34648466,0.67035866,0.30025053,0.36393785,0.34341136,10.446338
0.365,9.195,4.441,0.40245223,0.60940266,-0.14500666,-0.67318964,-0.04676095,10.121285
0.402,9.098,4.505,0.5325953,0.48378754,-0.3524971,0.282412,0.7465326,9.876615
0.294,8.982,4.514,0.5913274,0.35831022,-0.3649478,-0.47660506,0.61806333,9.760979
0.363,8.945,4.527,0.6289432,0.34347725,-0.23916721,0.43104178,0.62035185,9.817308
0.572,8.974,4.646,0.57198226,0.3443408,-0.12087774,-0.28895456,0.6067657,9.899853
0.438,8.989,4.657,0.39369857,0.31248713,-0.083180904,0.28443974,0.40398842,9.93096
0.301,9.016,4.553,0.3234192,0.3831606,-0.13897467,-0.45554036,0.19394718,9.966627
0.4,9.111,4.485,0.46741438,0.48483324,0.07266474,0.3924024,0.43326837,10.148876
0.387,9.149,4.476,0.4572661,0.5453377,0.1217823,-0.4565118,0.36687857,10.228923
0.314,9.097,4.436,0.2220484,0.46150064,-0.099552155,0.09969793,0.4377389,10.072439
0.452,9.065,4.458,-0.16609251,0.3442526,-0.31222343,-0.1361646,-0.46047863,9.920661
0.53,9.053,4.425,-0.26466846,0.30328608,-0.5304718,-0.49922937,0.43963528,9.776263
0.407,9.031,4.316,-0.27694273,0.35477924,-0.74133825,-0.16873531,-0.8431388,9.693541
0.363,9.049,4.245,-0.18079841,0.48755074,-0.5583215,-0.4586764,0.6042417,9.888044
0.471,9.126,4.31,0.17119849,0.5311794,-0.1873498,-0.517362,0.064246096,10.080093
0.496,9.119,4.388,0.35426617,0.5171685,0.019638062,0.26100865,0.447564,10.160084
0.365,9.073,4.412,0.3698964,0.51617527,0.078240395,0.29979166,0.41470385,10.190743
0.302,9.063,4.477,0.04515612,0.49025297,0.025982857,-0.009954678,0.30331534,10.195189
0.433,9.074,4.48,-0.09480381,0.54274607,-0.25424528,-0.5043305,-0.18224102,10.090626
0.487,9.077,4.471,-0.014164805,0.71319866,-0.52013063,-0.3231736,0.7858905,10.046074
0.438,9.059,4.47,0.17285848,0.8644366,-0.42038155,-0.8963621,0.0697945,10.188111
0.395,9.071,4.458,0.14522743,0.8334389,-0.19258022,-0.05916412,0.7073655,10.305581
0.411,9.084,4.532,-0.11528957,0.6768031,-0.1808734,-0.55669564,-0.08963104,10.238072
0.388,9.062,4.544,-0.35077155,0.54183245,-0.1070838,-0.43144345,0.26686656,10.219842
0.329,9.053,4.503,-0.31294703,0.6026387,0.0077695847,-0.3589967,0.24267572,10.329526
0.363,9.062,4.476,-0.13732684,0.6782255,-0.21706629,-0.31115088,0.5092119,10.218784
0.45,9.08,4.485,0.23183048,0.8691597,-0.69024515,-0.21593654,1.0935537,10.014338
0.474,9.067,4.39,0.4386214,0.9375324,-0.63563824,-0.024192367,1.1867803,10.064251
0.526,9.097,4.301,0.6265476,0.79969263,-0.15795803,0.36484918,0.8678111,10.219939
0.486,9.092,4.363,0.31448698,0.68314314,0.039417267,0.18731774,0.53513134,10.302319
0.268,9.082,4.473,0.04614389,0.5528116,0.10553312,-0.004331246,0.2978211,10.286389
0.208,9.089,4.54,-0.081166625,0.48131323,-0.04131031,-0.16981462,0.2949907,10.15893
0.266,9.137,4.525,-0.15893853,0.38830662,-0.35518074,-0.35766125,0.40671566,9.900764
0.326,9.15,4.383,-0.2951876,0.26291943,-0.4680333,-0.5058053,0.34165552,9.754208
0.421,9.11,4.37,-0.59077287,0.16508293,-0.6843996,-0.8438416,0.29061356,9.587236
0.447,9.074,4.357,-0.5496305,0.20883226,-0.9359703,-0.92191494,0.4931784,9.448052
0.384,9.028,4.409,-0.11590397,0.45569706,-0.5492916,-0.42115852,0.5877302,9.810316
0.372,9.044,4.561,0.63251096,0.8340502,-0.20435,0.30603743,0.94070756,10.205245
0.46,9.034,4.564,1.1850338,1.1624932,0.3240013,0.93880373,1.0718327,10.717964
0.451,9.009,4.371,1.0088836,1.1927853,0.89218235,1.006178,0.6663326,11.140884
0.467,9.062,4.336,0.56505615,1.15242,1.1591139,0.7313873,0.27859017,11.3488455
0.397,9.058,4.367,-0.076014996,1.0738955,0.4152832,-0.12721838,0.39828405,10.882139
0.377,9.018,4.413,-0.6767049,0.90239334,-0.24462652,-0.89436334,0.42530474,10.399368
0.362,9.018,4.494,-0.8282993,0.82707024,-0.55926657,-1.1432663,0.5027586,10.15748
0.307,9.092,4.602,-0.8397198,0.7627907,-0.72697115,-1.210618,0.55857867,10.001225
0.3,9.095,4.577,-0.9542122,0.8668995,-0.6221652,-1.2922277,0.5038285,10.1608095
0.393,9.067,4.393,-0.7972567,1.0123463,-0.06938934,-0.957803,0.3199472,10.610098
0.451,9.077,4.354,-0.15922844,0.90592194,0.5024681,-0.13788134,0.18971369,10.8281765
0.359,9.079,4.422,0.15919936,0.6486192,0.20131207,0.06838255,0.35950816,10.400499
0.539,9.043,4.313,0.050168753,0.4107461,-0.24327135,-0.16251084,0.43012825,9.944454
0.638,9.045,4.289,-0.26760232,0.20149851,-0.242311,-0.38715118,0.14364499,9.826832
0.494,9.048,4.298,-0.7207689,-0.07998228,0.53817415,-0.36741322,-0.7326845,10.18575
0.366,9.098,4.382,-0.76995945,-0.0929575,0.4908309,-0.42206943,-0.7398276,10.148565
0.436,9.14,4.395,-0.59305394,0.2567706,-0.2515459,-0.6875691,0.0099563105,9.896481
0.469,9.122,4.333,-0.11781943,0.65215683,-0.59024525,-0.5428659,0.694177,9.911507
0.474,9.071,4.294,0.036047935,0.8811207,-0.50998735,-0.4456906,0.8634163,10.112646
0.472,9.077,4.373,0.059236765,0.99579287,0.009938717,-0.23156548,0.6377084,10.538031
0.446,9.109,4.486,0.42711318,1.0856986,0.47919703,0.25655115,0.6140821,10.878043
0.275,9.198,4.687,0.8233314,1.1903958,0.4432521,0.53161,0.91485465,10.889157
0.14,9.23,4.625,0.9958405,1.2324739,0.23220015,0.5573146,1.1599365,10.759832
0.378,9.152,4.199,1.017809,1.1732764,0.13471222,0.54382306,1.1953729,10.646891
0.382,9.091,4.507,0.83709437,1.0209742,-0.08544254,0.33510014,1.1317929,10.404284
0.413,9.089,4.545,0.69153285,1.003314,-0.3793459,0.07888631,1.2094406,10.2063875
0.506,9.01,4.394,0.726367,1.1040063,-0.38473606,0.070007384,1.2948444,10.268105
0.459,9.022,4.421,0.81604266,0.9368596,0.036842823,0.3938881,1.007905,10.418179
0.367,9.082,4.546,0.38092238,0.5583439,0.2798028,0.26893714,0.4009904,10.356213
0.367,9.082,4.546,-0.26539207,0.36217117,0.28376436,-0.20265734,-0.075531274,10.291777
0.285,9.176,4.667,-0.13615596,0.4797349,0.35640526,-0.10144957,0.03244815,10.4102745
0.285,9.176,4.667,0.3120759,0.62896633,0.5807066,0.32264507,0.25461286,10.619843
0.344,9.138,4.581,0.13932526,0.59357166,0.3337493,0.07656142,0.27722156,10.439433
0.351,9.229,3.952,-0.3452022,0.4632721,0.37323284,-0.26796067,-0.08450982,10.434458
0.351,9.229,3.952,-0.3691827,0.39721918,0.961391,-0.0044645374,-0.44502637,10.81674
0.351,9.229,3.952,-0.15043175,0.42161512,1.0165067,0.19157004,-0.33444598,10.848342
0.351,9.229,3.952,0.38327658,0.5298724,0.6877341,0.44823962,0.20140974,10.618537
0.351,9.229,3.952,0.7642766,0.44987202,0.2747345,0.3939713,0.7334132,10.217594
0.351,9.229,3.952,0.08204138,0.14562416,0.13844681,0.08009399,0.06951591,9.996011
0.351,9.229,3.952,-0.20260012,-0.26977682,-0.025599957,-0.085406646,-0.27589664,9.630387
0.351,9.229,3.952,0.1036728,-0.5757098,-0.12416172,0.23352207,-0.2544085,9.3184395
0.351,9.229,3.952,0.7449685,-0.65731,0.11737633,0.9014174,-0.06266927,9.377312
0.351,9.229,3.952,0.9387307,-0.6858382,0.2932992,1.1516528,-0.048764795,9.476602
0.351,9.229,3.952,0.9017755,-0.67028856,0.11286402,1.0380868,0.0409273,9.364017
0.351,9.229,3.952,0.8540424,-0.8339343,-0.60674334,0.74760896,0.28092405,8.731878
0.351,9.229,3.952,0.72205037,-1.0633888,-0.8096552,0.6491751,0.16289851,8.442931
0.351,9.229,3.952,0.44175112,-1.4343596,-0.03482437,0.92117983,-0.62949526,8.802204
0.351,9.229,3.952,0.23671553,-1.6886992,1.0669928,1.3423932,-1.4645048,9.4913435
0.351,9.229,3.952,0.33001685,-1.5391736,1.1814909,1.4065156,-1.3712401,9.682953
0.351,9.229,3.952,0.4342373,-1.0616322,0.5639372,1.0300995,-0.701596,9.523263
0.323,9.186,4.303,0.79053247,-0.44802618,0.25622702,0.9318121,0.04977663,9.663229
0.274,9.185,4.317,1.1479261,0.048531055,0.24868631,1.012591,0.5794587,9.950949
0.346,9.21,4.294,0.7956709,0.32900667,0.31659698,0.64285624,0.5205941,10.203249
0.348,9.197,4.206,0.3429949,0.32440948,0.52955675,0.36634737,0.15327789,10.39454
0.245,9.182,3.972,-0.20505634,0.24437332,-0.038817644,-0.25233045,0.02496789,10.004083
0.457,9.112,4.19,0.00958696,0.17835426,0.17002821,0.0,0.0,0.0
0.267,9.064,4.58,-0.17464796,0.13503933,0.548995,0.0,0.0,0.0
0.162,9.053,4.672,-0.27137,0.12076187,0.6473665,0.0,0.0,0.0
0.251,9.201,4.185,-0.17932847,0.26541996,0.16746426,0.0,0.0,0.0
0.369,9.333,3.833,-0.049601704,0.38414764,-0.15613413,0.0,0.0,0.0
0.374,9.333,3.607,-0.033910513,0.38043308,-0.37489963,0.0,0.0,0.0
0.392,9.207,3.876,-0.004516989,0.2603855,-0.120402575,0.0,0.0,0.0
0.463,9.149,4.411,0.08147305,0.20922947,0.3978572,0.0,0.0,0.0
0.478,9.162,4.547,0.1259436,0.22051239,0.5349879,0.0,0.0,0.0
0.05,9.122,4.151,-0.26906595,0.17540455,0.14762497,0.0,0.0,0.0
-0.216,9.203,4.013,-0.52146584,0.25429058,0.01328969,0.0,0.0,0.0
0.048,9.352,4.266,-0.25446063,0.40391922,0.26465845,0.0,0.0,0.0
0.135,9.35,4.502,-0.16173021,0.40053082,0.50333023,0.0,0.0,0.0
-0.102,9.231,4.368,-0.39344013,0.27729988,0.3784244,0.0,0.0,0.0
-0.128,9.232,4.245,-0.4157797,0.2726326,0.26790023,0.0,0.0,0.0
0.046,9.244,4.086,-0.24366811,0.2791996,0.12130141,0.0,0.0,0.0
0.176,9.213,3.978,-0.11805132,0.2441225,0.022858143,0.0,0.0,0.0
0.232,9.198,3.873,-0.0651789,0.22647095,-0.07589197,0.0,0.0,0.0
0.201,9.24,3.865,-0.09654307,0.26403332,-0.073765755,0.0,0.0,0.0
0.165,9.275,3.917,-0.1321476,0.296031,-0.01494956,0.0,0.0,0.0
0.211,9.28,4.033,-0.08636552,0.30183125,0.09924054,0.0,0.0,0.0
0.095,9.277,4.309,-0.20507538,0.3027029,0.36662483,0.0,0.0,0.0
-0.007,9.262,4.522,-0.31069514,0.2889595,0.5770433,0.0,0.0,0.0
0.016,9.249,4.446,-0.29366964,0.27160645,0.5114229,0.0,0.0,0.0
0.129,9.238,4.127,-0.18698888,0.2534027,0.2094078,0.0,0.0,0.0
0.274,9.286,3.918,-0.048585385,0.2951374,0.015348196,0.0,0.0,0.0
0.22,9.255,3.822,-0.1080136,0.2605343,-0.071891785,0.0,0.0,0.0
0.203,9.237,3.888,-0.12969886,0.24212646,-0.004545927,0.0,0.0,0.0
0.22,9.262,4.027,-0.115775734,0.2654953,0.13848805,0.0,0.0,0.0
0.179,9.244,4.006,-0.16198914,0.24650574,0.12022996,0.0,0.0,0.0
0.253,9.22,3.95,-0.09335819,0.22282791,0.063956976,0.0,0.0,0.0
0.341,9.229,4.055,-0.011575401,0.23431778,0.16375637,0.0,0.0,0.0
0.118,9.222,4.298,-0.23679018,0.22999573,0.40077615,0.0,0.0,0.0
0.118,9.222,4.298,-0.23770323,0.22999477,0.40086007,0.0,0.0,0.0
0.118,9.222,4.298,-0.23770323,0.22999477,0.40086007,0.0,0.0,0.0
0.118,9.222,4.298,-0.23770323,0.22999477,0.40086007,0.0,0.0,0.0
0.175,9.285,4.062,-0.19856374,0.29112434,0.17085028,0.0,0.0,0.0
0.215,9.323,4.333,-0.16516095,0.33146954,0.43707085,0.0,0.0,0.0
0.289,9.304,4.345,-0.09685379,0.31137657,0.45215487,0.0,0.0,0.0
0.323,9.234,4.087,-0.06878412,0.23707676,0.2046988,0.0,0.0,0.0
0.204,9.195,3.973,-0.19461077,0.19484234,0.09890103,0.0,0.0,0.0
0.381,9.315,4.145,-0.025924504,0.31390476,0.2739439,0.0,0.0,0.0
0.375,9.417,4.273,-0.034674317,0.41299915,0.4089954,0.0,0.0,0.0
0.181,9.455,4.092,-0.22924003,0.4453144,0.24133372,0.0,0.0,0.0
0.226,9.296,3.869,-0.19177718,0.28135014,0.030774355,0.0,0.0,0.0
0.43,9.038,3.901,-0.0037529469,0.023638725,0.063872576,0.0,0.0,0.0
0.511,8.952,4.154,0.063553095,-0.060713768,0.3145802,0.0,0.0,0.0
0.487,9.01,4.204,0.033569366,-0.005422592,0.3716426,0.0,0.0,0.0
0.442,9.243,3.796,-0.010774136,0.2188158,-0.015752316,0.0,0.0,0.0
0.397,9.318,3.576,-0.054959327,0.28564358,-0.21645117,0.0,0.0,0.0
0.302,9.361,3.569,-0.15222093,0.32846928,-0.2227664,0.0,0.0,0.0
0.152,9.289,3.785,-0.30752873,0.2589512,-0.012028933,0.0,0.0,0.0
0.165,9.195,3.875,-0.30133712,0.16471481,0.079360485,0.0,0.0,0.0
0.251,9.173,3.823,-0.22120282,0.14108944,0.03195381,0.0,0.0,0.0
0.261,9.223,3.783,-0.2112028,0.19108868,-0.00804615,0.0,0.0,0.0
0.268,9.298,3.73,-0.20443192,0.26574326,-0.060189962,0.0,0.0,0.0
0.295,9.456,3.601,-0.17585212,0.42349625,-0.18879533,0.0,0.0,0.0
0.234,9.31,3.857,-0.2396867,0.28508472,0.04952407,0.0,0.0,0.0
0.31,9.186,4.1,-0.16661909,0.17271996,0.2654202,0.0,0.0,0.0
0.38,9.123,4.431,-0.09661919,0.119306564,0.5739677,0.0,0.0,0.0
0.204,9.21,4.519,-0.2701323,0.21144867,0.64967847,0.0,0.0,0.0
0.331,9.401,4.377,-0.14218354,0.40669727,0.49769425,0.0,0.0,0.0
0.624,9.553,4.492,0.1475285,0.56544876,0.5974834,0.0,0.0,0.0
0.462,9.431,4.834,-0.018202633,0.44995975,0.92494535,0.0,0.0,0.0
0.32,9.121,5.034,-0.16924322,0.14083385,1.1240602,0.0,0.0,0.0
0.509,8.867,5.033,0.012318552,-0.12263775,1.1458278,0.0,0.0,0.0
0.417,8.833,4.748,-0.07443151,-0.17696095,0.90749574,0.0,0.0,0.0
0.061,9.032,4.245,-0.4189907,-0.003742218,0.46407723,0.0,0.0,0.0
-0.09,9.268,3.754,-0.56019056,0.20787525,0.030636072,0.0,0.0,0.0
0.097,9.367,3.399,-0.36983302,0.28868008,-0.28020644,0.0,0.0,0.0
0.509,9.522,3.322,0.041232914,0.43181324,-0.32766438,0.0,0.0,0.0
0.528,9.413,3.259,0.05824092,0.31619835,-0.37389612,0.0,0.0,0.0
0.479,9.186,3.273,0.0018518567,0.08703327,-0.35350275,0.0,0.0,0.0
0.529,9.061,3.232,0.04184535,-0.03554058,-0.3992567,0.0,0.0,0.0
0.579,9.158,3.414,0.08735958,0.067887306,-0.23271656,0.0,0.0,0.0
0.6,9.496,3.745,0.11115152,0.41295052,0.08035922,0.0,0.0,0.0
0.484,9.597,3.849,0.0014092028,0.52077293,0.16666555,0.0,0.0,0.0
0.391,9.2,4.046,-0.086904824,0.1312666,0.34464192,0.0,0.0,0.0
0.298,9.188,4.203,-0.17288479,0.12474632,0.48734212,0.0,0.0,0.0
0.041,9.575,4.519,-0.4225843,0.5133333,0.7985604,0.0,0.0,0.0
0.076,9.705,4.404,-0.3866361,0.63680077,0.69939446,0.0,0.0,0.0
0.359,9.644,3.94,-0.108861744,0.56557274,0.26118922,0.0,0.0,0.0
0.42,9.067,3.734,-0.05258563,-0.016553879,0.068470955,0.0,0.0,0.0
0.265,8.796,3.905,-0.21780157,-0.3010025,0.2743175,0.0,0.0,0.0
0.471,9.07,4.049,-0.013092995,-0.032910347,0.4333303,0.0,0.0,0.0
0.8,9.45,3.616,0.31658673,0.3217106,0.06479931,0.0,0.0,0.0
0.785,9.723,3.195,0.30753252,0.58715343,-0.3375194,0.0,0.0,0.0
0.698,10.051,2.901,0.2543781,0.9110594,-0.6253376,0.0,0.0,0.0
0.587,10.343,3.038,0.15625322,1.2094822,-0.50652766,0.0,0.0,0.0
0.497,10.81,4.275,0.11316943,1.7328606,0.58330894,0.0,0.0,0.0
0.071,11.141,5.454,-0.2958319,2.0857248,1.7072942,0.0,0.0,0.0
-0.267,10.898,5.443,-0.59710604,1.8926744,1.5744674,0.0,0.0,0.0
-0.271,10.26,4.994,-0.5928509,1.2685623,1.092612,0.0,0.0,0.0
-0.215,9.472,4.741,-0.52244866,0.52717876,0.73275423,0.0,0.0,0.0
-0.095,9.106,4.756,-0.40520307,0.1796608,0.706974,0.0,0.0,0.0
-0.04,7.991,4.899,-0.36054355,-0.8983965,0.7702875,0.0,0.0,0.0
-0.381,7.624,5.024,-0.7066558,-1.2387786,0.8388519,0.0,0.0,0.0
-0.968,7.71,4.719,-1.296399,-1.1462393,0.5202427,0.0,0.0,0.0
-1.33,7.607,3.924,-1.6938132,-1.2594533,-0.25021148,0.0,0.0,0.0
-0.334,7.51,3.396,-0.7585864,-1.3714848,-0.74034214,0.0,0.0,0.0
0.675,7.504,2.989,0.19310862,-1.3945365,-1.1041896,0.0,0.0,0.0
0.996,7.901,2.7,0.48025095,-1.0121708,-1.3570645,0.0,0.0,0.0
1.009,8.765,2.946,0.48335344,-0.15359592,-1.0978503,0.0,0.0,0.0
1.3,9.502,3.436,0.7790087,0.5875473,-0.61757493,0.0,0.0,0.0
1.901,10.457,4.02,1.3983645,1.5519819,-0.05656624,0.0,0.0,0.0
1.701,10.855,4.105,1.2540683,1.9723482,-0.026481628,0.0,0.0,0.0
0.707,10.805,4.35,0.3288488,1.9572287,0.13759899,0.0,0.0,0.0
0.296,10.332,4.726,-0.018676579,1.5418701,0.38952875,0.0,0.0,0.0
-0.25,9.016,5.688,-0.5069795,0.29018593,1.2198334,0.0,0.0,0.0
-0.638,8.127,6.035,-0.8466975,-0.54448986,1.4598384,0.0,0.0,0.0
-0.613,7.545,6.186,-0.78096753,-1.0894737,1.5397062,0.0,0.0,0.0
-0.866,7.584,5.737,-1.0016389,-1.0426316,1.0751128,0.0,0.0,0.0
-1.073,7.676,4.714,-1.2009937,-0.9627156,0.07432556,0.0,0.0,0.0
-0.354,7.679,3.602,-0.4986751,-0.97300434,-1.0123556,0.0,0.0,0.0
0.544,7.758,3.117,0.37009734,-0.88986444,-1.5041037,0.0,0.0,0.0
0.96,8.089,3.524,0.7549263,-0.53773403,-1.1351621,0.0,0.0,0.0
0.677,8.402,3.851,0.43249568,-0.18998146,-0.87006545,0.0,0.0,0.0
0.644,8.719,4.203,0.34514987,0.17771435,-0.60610676,0.0,0.0,0.0
0.797,8.873,4.679,0.47343752,0.3628397,-0.18339205,0.0,0.0,0.0
0.603,8.826,5.303,0.26529297,0.35362625,0.37601328,0.0,0.0,0.0
0.274,8.868,6.113,-0.08795717,0.47586918,1.052218,0.0,0.0,0.0
-0.352,8.745,6.638,-0.7418866,0.42525864,1.4611006,0.0,0.0,0.0
-0.399,8.511,6.94,-0.84708154,0.27358627,1.6376786,0.0,0.0,0.0
0.384,8.385,6.712,-0.08119628,0.16373825,1.3861356,0.0,0.0,0.0
0.775,8.489,6.27,0.31062755,0.2888422,0.9116287,0.0,0.0,0.0
0.55,8.719,5.913,0.11417514,0.52793026,0.5383539,0.0,0.0,0.0
0.21,8.898,5.679,-0.18242459,0.7246523,0.27411413,0.0,0.0,0.0
-0.064,8.864,5.773,-0.43135253,0.70403385,0.346179,0.0,0.0,0.0
-0.481,8.67,6.241,-0.7950264,0.5420675,0.763,0.0,0.0,0.0
-0.878,8.43,6.772,-1.1429284,0.3281374,1.2529397,0.0,0.0,0.0
-0.87,8.108,6.865,-1.1088513,0.0029907227,1.349371,0.0,0.0,0.0
0.073,7.783,6.032,-0.14932491,-0.3463726,0.55164814,0.0,0.0,0.0
0.869,7.815,5.283,0.6466751,-0.31437254,-0.19735193,0.0,0.0,0.0
1.12,8.135,4.432,0.9595777,-0.06900787,-0.9381838,0.0,0.0,0.0
0.671,8.365,4.351,0.55613714,0.15083027,-1.0048018,0.0,0.0,0.0
0.363,8.62,4.54,0.26499155,0.41019154,-0.8228178,0.0,0.0,0.0
0.6,8.832,5.118,0.52743405,0.67115116,-0.31943035,0.0,0.0,0.0
0.532,8.852,5.821,0.4739102,0.7345171,0.3188672,0.0,0.0,0.0
0.14,8.569,6.287,0.0867286,0.47200584,0.75471115,0.0,0.0,0.0
0.246,8.162,6.506,0.2016291,0.104543686,0.9162035,0.0,0.0,0.0
0.76,7.895,6.56,0.7222026,-0.13710546,0.93378973,0.0,0.0,0.0
0.975,7.825,6.501,0.9499919,-0.18673038,0.84574175,0.0,0.0,0.0
0.374,7.715,6.382,0.3836557,-0.28511715,0.7102804,0.0,0.0,0.0
-0.068,7.73,6.528,-0.015852008,-0.26335907,0.84698963,0.0,0.0,0.0
-0.169,7.907,6.747,-0.07879847,-0.09240055,1.0749764,0.0,0.0,0.0
-0.838,7.924,6.471,-0.70923513,-0.09397507,0.8260126,0.0,0.0,0.0
-1.127,8.012,6.319,-0.9700653,-0.033115387,0.71347713,0.0,0.0,0.0
-0.652,8.451,5.876,-0.47824362,0.37278366,0.31878853,0.0,0.0,0.0
-0.52,8.494,5.696,-0.31972557,0.38282013,0.18791246,0.0,0.0,0.0
-0.992,8.592,5.515,-0.7556194,0.45308685,0.04941511,0.0,0.0,0.0
-1.084,8.651,5.516,-0.80792314,0.4903202,0.08484316,0.0,0.0,0.0
-1.232,8.994,5.269,-0.9257941,0.8218231,-0.14321947,0.0,0.0,0.0
-1.037,9.066,5.414,-0.7224865,0.8939915,0.0020017624,0.0,0.0,0.0
-0.679,8.842,6.006,-0.3606492,0.6804123,0.5785179,0.0,0.0,0.0
-0.778,8.487,6.455,-0.46244842,0.33688164,1.0101509,0.0,0.0,0.0
-0.649,8.138,6.46,-0.34995395,-0.013793945,1.0167289,0.0,0.0,0.0
-0.267,8.016,6.192,0.00839141,-0.14886189,0.7670984,0.0,0.0,0.0
0.074,8.035,5.587,0.32423317,-0.153471,0.1965723,0.0,0.0,0.0
0.082,8.071,5.189,0.31017408,-0.13802242,-0.17106342,0.0,0.0,0.0
-0.101,8.084,5.338,0.105236895,-0.13268757,-0.01119709,0.0,0.0,0.0
-0.083,8.224,5.591,0.105776794,0.0014896393,0.25011444,0.0,0.0,0.0
-0.28,8.511,5.725,-0.09223959,0.28133392,0.39510965,0.0,0.0,0.0
-0.499,8.679,5.518,-0.3060531,0.4395113,0.20349455,0.0,0.0,0.0
-0.523,8.804,5.248,-0.32247442,0.5558977,-0.05284977,0.0,0.0,0.0
-0.216,8.53,5.502,-0.011391103,0.28361797,0.19863129,0.0,0.0,0.0
-0.414,8.45,5.744,-0.217468,0.22216034,0.4116068,0.0,0.0,0.0
-0.521,8.123,6.125,-0.3289593,-0.09881401,0.7831578,0.0,0.0,0.0
-0.271,8.04,6.305,-0.08323848,-0.18111324,0.96192646,0.0,0.0,0.0
-0.091,8.175,5.879,0.108200155,-0.06367111,0.56345797,0.0,0.0,0.0
-0.109,8.298,5.321,0.10960838,0.03869152,0.03834629,0.0,0.0,0.0
0.097,8.664,5.304,0.3301795,0.39737415,0.033429146,0.0,0.0,0.0
-0.058,8.821,5.607,0.18990587,0.55293274,0.33936453,0.0,0.0,0.0
-0.804,8.667,5.621,-0.5437037,0.39530468,0.3596592,0.0,0.0,0.0
-0.6,8.472,5.487,-0.3351065,0.19535637,0.2336812,0.0,0.0,0.0
-0.779,8.186,5.512,-0.52111423,-0.09440994,0.26426935,0.0,0.0,0.0
-0.331,8.177,5.71,-0.09587668,-0.10848141,0.46920776,0.0,0.0,0.0
0.176,8.351,5.6,0.39024237,0.056462288,0.37265348,0.0,0.0,0.0
0.071,8.59,5.245,0.2788275,0.28794765,0.029338837,0.0,0.0,0.0
-0.312,8.588,5.111,-0.10014233,0.28378296,-0.10105038,0.0,0.0,0.0
-0.547,8.612,5.214,-0.3324169,0.30814648,0.001481533,0.0,0.0,0.0
-0.467,8.585,5.032,-0.24720246,0.28413868,-0.18506575,0.0,0.0,0.0
-0.613,8.727,5.114,-0.3888772,0.43692017,-0.11999655,0.0,0.0,0.0
-0.902,8.772,5.532,-0.67810524,0.4894638,0.28606606,0.0,0.0,0.0
-0.421,8.585,5.692,-0.20955683,0.30894852,0.43532133,0.0,0.0,0.0
0.064,8.327,5.568,0.27324423,0.05436611,0.3058591,0.0,0.0,0.0
-0.171,8.265,5.56,0.043188542,0.0036306381,0.28038836,0.0,0.0,0.0
-0.568,8.342,5.561,-0.35428965,0.08928013,0.26786137,0.0,0.0,0.0
-0.388,8.406,5.652,-0.18094964,0.1614542,0.34587145,0.0,0.0,0.0
-0.122,8.497,5.715,0.08258746,0.25536823,0.40425348,0.0,0.0,0.0
-0.254,8.49,5.666,-0.049549088,0.2527237,0.34849453,0.0,0.0,0.0
-0.138,8.434,5.694,0.06556843,0.20004368,0.37132025,0.0,0.0,0.0
-0.066,8.372,5.707,0.1368694,0.14210415,0.37801647,0.0,0.0,0.0
-0.436,8.37,5.785,-0.23209074,0.14352036,0.4507861,0.0,0.0,0.0
-0.517,8.456,5.889,-0.31352565,0.23734379,0.5427213,0.0,0.0,0.0
-0.389,8.558,5.866,-0.19042705,0.34227085,0.5150404,0.0,0.0,0.0
-0.427,8.548,5.759,-0.2284266,0.33227158,0.40804005,0.0,0.0,0.0
-0.393,8.508,5.764,-0.19269489,0.28845024,0.41897678,0.0,0.0,0.0
-0.39,8.277,5.694,-0.18569869,0.053798676,0.35474873,0.0,0.0,0.0
-0.283,8.316,5.593,-0.07426974,0.08967686,0.25872946,0.0,0.0,0.0
-0.422,8.345,5.555,-0.20940673,0.11871338,0.22082567,0.0,0.0,0.0
-0.463,8.421,5.672,-0.25311047,0.19620514,0.33542013,0.0,0.0,0.0
-0.59,8.489,5.935,-0.38183615,0.2643633,0.5981083,0.0,0.0,0.0
-0.566,8.516,5.953,-0.36253566,0.28616714,0.6239414,0.0,0.0,0.0
-0.396,8.46,5.874,-0.20160985,0.22160721,0.557848,0.0,0.0,0.0
-0.289,8.39,5.717,-0.102184236,0.14151287,0.41625214,0.0,0.0,0.0
-0.199,8.445,5.53,-0.019448727,0.18745708,0.24311829,0.0,0.0,0.0
-0.152,8.348,5.303,0.023724332,0.086232185,0.022592545,0.0,0.0,0.0
-0.257,8.366,5.341,-0.08701298,0.104231834,0.0604043,0.0,0.0,0.0
-0.412,8.452,5.444,-0.24731588,0.1913681,0.16146088,0.0,0.0,0.0
-0.503,8.481,5.446,-0.34395772,0.21939659,0.16480541,0.0,0.0,0.0
-0.263,8.427,5.499,-0.11174293,0.16663742,0.21563768,0.0,0.0,0.0
-0.152,8.423,5.609,-0.0074064136,0.16647816,0.31945276,0.0,0.0,0.0
-0.189,8.36,5.613,-0.047935754,0.107354164,0.31731224,0.0,0.0,0.0
-0.364,8.314,5.472,-0.22203551,0.06426144,0.17180586,0.0,0.0,0.0
-0.479,8.452,5.471,-0.33725363,0.20573425,0.16539955,0.0,0.0,0.0
-0.523,8.504,5.43,-0.3892537,0.2617216,0.118000984,0.0,0.0,0.0
-0.164,8.523,5.435,-0.048657753,0.28847122,0.110563755,0.0,0.0,0.0
0.062,8.569,5.855,0.15732351,0.3477192,0.50973606,0.0,0.0,0.0
-0.01,8.45,6.22,0.07188843,0.23994827,0.85728216,0.0,0.0,0.0
-0.087,8.338,6.268,-0.011353187,0.13248253,0.8982582,0.0,0.0,0.0
-0.115,8.254,6.231,-0.03935319,0.04848194,0.86125803,0.0,0.0,0.0
-0.302,8.334,5.958,-0.23360091,0.11198521,0.61345387,0.0,0.0,0.0
-0.063,8.175,5.338,0.0053990707,-0.047014236,-0.0065464973,0.0,0.0,0.0
-0.376,7.89,5.54,-0.30760092,-0.33201456,0.19545364,0.0,0.0,0.0
-0.495,7.756,5.775,-0.42660093,-0.4660144,0.43045378,0.0,0.0,0.0
-0.605,7.704,6.002,-0.53660095,-0.51801443,0.65745354,0.0,0.0,0.0
-0.346,8.342,6.632,-0.2776009,0.11998558,1.2874537,0.0,0.0,0.0
-0.196,8.579,6.516,-0.12760092,0.35698605,1.1714535,0.0,0.0,0.0
-0.24,8.481,6.326,-0.17160092,0.25898552,0.9814539,0.0,0.0,0.0
-0.24,8.481,6.326,-0.15291458,0.25316334,0.99069214,0.0,0.0,0.0
-0.552,8.371,6.307,-0.40871736,0.11267567,1.0202327,0.0,0.0,0.0
-0.68,8.517,5.91,-0.5123049,0.23301315,0.6642556,0.0,0.0,0.0
-0.645,8.548,5.714,-0.4711046,0.24186134,0.5036068,0.0,0.0,0.0
-0.421,8.563,5.744,-0.25733107,0.24132347,0.558125,0.0,0.0,0.0
-0.259,8.45,5.863,-0.10996559,0.116918564,0.6950283,0.0,0.0,0.0
-0.311,8.251,5.966,-0.16196558,-0.08208084,0.79802847,0.0,0.0,0.0
-0.458,8.053,5.871,-0.32400084,-0.30489063,0.7428341,0.0,0.0,0.0
-0.428,7.978,5.725,-0.29824987,-0.3999753,0.62960196,0.0,0.0,0.0
-0.43,8.12,5.801,-0.29371542,-0.28029728,0.74265957,0.0,0.0,0.0
-0.638,8.163,5.639,-0.47404492,-0.25844002,0.616766,0.0,0.0,0.0
-0.872,8.233,4.904,-0.6734911,-0.21587944,-0.07067728,0.0,0.0,0.0
-0.827,8.465,4.401,-0.60351396,-0.0016212463,-0.542356,0.0,0.0,0.0
-0.918,8.697,4.693,-0.67068756,0.22661877,-0.24277449,0.0,0.0,0.0
-1.143,8.745,5.278,-0.8756871,0.2830267,0.32886744,0.0,0.0,0.0
-1.346,8.561,5.794,-1.0636096,0.11248684,0.82275915,0.0,0.0,0.0
-1.17,8.564,6.085,-0.8815191,0.12487793,1.0981793,0.0,0.0,0.0
-0.996,8.584,5.954,-0.7015073,0.14627552,0.9651661,0.0,0.0,0.0
-0.995,8.533,5.616,-0.70001626,0.09470272,0.62816143,0.0,0.0,0.0
-0.914,8.423,5.424,-0.62312436,-0.012803078,0.43170595,0.0,0.0,0.0
-1.049,8.686,5.478,-0.7640425,0.26028156,0.46836376,0.0,0.0,0.0
-1.03,8.528,5.892,-0.75391763,0.11340141,0.8632145,0.0,0.0,0.0
-0.948,8.425,6.11,-0.69311994,0.010424614,1.0800562,0.0,0.0,0.0
-0.888,8.453,6.015,-0.65632963,0.032639503,0.9936209,0.0,0.0,0.0
-0.714,8.51,5.958,-0.49773872,0.07712746,0.95697355,0.0,0.0,0.0
-0.704,8.512,5.69,-0.4846378,0.07388878,0.6979513,0.0,0.0,0.0
