-1.7467651,5.456833,6.715454,0.50513893,-0.45461082,0.010566711,0.4914051,-0.35977745,9.50494
-1.6546326,5.4556427,6.6305084,0.4313513,-0.38847065,-0.09814596,0.4136265,-0.24338341,9.465647
-1.4967041,5.5202484,6.612564,0.3162378,-0.32379103,-0.20529842,0.29268962,-0.13098907,9.426952
-1.4225311,5.5010986,6.9678955,-0.029644012,-0.20273638,-0.2737589,-0.054001987,-0.0027079582,9.46901
-1.4153595,5.4400787,7.3627167,-0.17365575,-0.13556957,-0.41758394,-0.20670754,0.1334877,9.403706
-1.4033966,5.3491516,7.463211,-0.19662601,-0.13984346,-0.49706936,-0.23576874,0.17793322,9.339693
-1.6319122,5.2857513,7.105484,-0.21883005,-0.18686056,-0.6406212,-0.26993835,0.22825336,9.199828
-1.6654053,5.3479614,7.0361023,-0.1624251,-0.18697262,-0.6501093,-0.2150675,0.23644781,9.188734
-1.7671051,5.394623,7.361511,-0.07418066,-0.20304346,-0.6771035,-0.12983316,0.24322176,9.151528
-1.8317108,5.412567,7.635498,-0.020006537,-0.28402805,-0.5863428,-0.07181722,0.12652636,9.171272
-1.8999023,5.4137573,7.648651,-0.05829972,-0.32587624,-0.40998268,-0.09859431,-0.013501167,9.289179
-1.9896393,5.493927,7.606781,-0.038213074,-0.30103397,-0.36214685,-0.074644804,-0.022072792,9.3406315
-1.8855438,5.52861,7.791031,-1.02341175E-4,-0.26796007,-0.31211329,0.025995612,0.031770706,9.397345
-1.7802582,5.490326,7.8687897,0.057076156,-0.37012815,-0.2837739,0.023078918,-0.12344551,9.353871
-1.557724,5.399399,7.6869354,0.057076156,-0.37012815,-0.2837739,0.023078918,-0.12344551,9.353871
-1.475174,5.449646,7.191635,-0.075137496,-0.29262877,-0.27664042,-0.106081724,-0.067788124,9.416831
-1.4943237,5.6063843,6.928421,-0.075137496,-0.29262877,-0.27664042,-0.106081724,-0.067788124,9.416831
-1.6319122,5.7176514,7.1234283,-0.075137496,-0.29262877,-0.27664042,-0.106081724,-0.067788124,9.416831
-1.807785,5.79422,7.4404755,-0.0952453,-0.20503998,-0.35340548,-0.13062507,0.05003643,9.411123
-1.9178467,5.6650085,7.799408,-0.13446712,-0.19389343,-0.48702526,-0.17906815,0.14107895,9.315834
-1.8400879,5.4436646,7.9609222,-0.05461842,-0.22884655,-0.44671345,-0.098762274,0.08953476,9.319684
-1.8017883,5.42334,7.4081726,0.0029491782,-0.25481367,-0.5204997,0.07705414,-0.097976685,9.240681
-1.7802582,5.449646,7.183258,0.014829814,-0.2562251,-0.564569,-0.039905906,0.14147568,9.204155
-1.8101654,5.645859,7.0707855,-0.028422236,-0.28649187,-0.55399275,-0.08395147,0.11162186,9.198139
-1.7144623,5.6027985,7.2598267,0.07519531,-0.38440323,-0.49070263,0.01879239,-0.0035061836,9.179081
-1.6785583,5.515457,7.361511,0.076560736,-0.29815435,-0.3921423,-0.029597163,-0.012847424,9.309165
-1.5684967,5.42572,7.409378,0.14535362,-0.3549285,-0.4167943,-0.098989725,-8.5258484E-4,9.248958
-1.4775696,5.46521,7.573288,0.16847485,-0.34657383,-0.46977806,0.11547968,0.014649391,9.210297
-1.4225311,5.4676056,7.865204,0.10691249,-0.38531113,-0.35818863,0.059655547,-0.08424759,9.279831
-1.5170441,5.517853,8.067398,0.10582286,-0.34538603,-0.28855228,0.06544036,-0.095632076,9.359074
-1.6737823,5.420944,7.935791,-0.016798854,-0.19969273,-0.24980116,-0.04632306,-0.004676342,9.489803
-1.8305054,5.3575287,7.215561,-0.021344721,-0.23761559,-0.27740145,-0.055808067,-0.017279148,9.445464
-1.902298,5.4795685,6.6436768,0.019117832,-0.2496872,-0.3068447,0.015963078,0.0132956505,9.411136
-1.9633179,5.618347,6.801605,0.17656946,-0.35938025,-0.4049716,0.122969985,-0.033940315,9.25162
-1.9034882,5.6039886,7.5098724,0.1806199,-0.3487482,-0.4737773,0.12238881,0.017095566,9.203789
-1.9369965,5.4831543,7.708481,0.1525678,-0.32346344,-0.46592712,0.096514285,0.032802105,9.228203
-1.9776611,5.2989044,7.5182495,0.09230596,-0.32124758,-0.3917384,0.041828215,-0.010750294,9.293509
-1.931015,5.3204346,6.9511566,-0.03260106,-0.26942062,-0.36643267,-0.07787919,0.015252113,9.357624
-1.8460693,5.4113617,6.703491,-0.08456844,-0.2631235,-0.47910166,0.15736842,-0.049158573,9.278689
-1.475174,5.395813,6.6963196,-0.07946414,-0.2770877,-0.44874763,-0.13195944,0.061522007,9.293552
-1.503891,5.5429688,7.2717896,-0.08858788,-0.25052738,-0.40069628,-0.13610375,0.053166866,9.348593
-1.7371826,5.6111755,7.35553,-0.05564201,-0.22703075,-0.36991262,-0.09966749,0.052421093,9.383811
-1.8233337,5.551346,7.495514,0.040436268,-0.29343987,-0.42766142,-0.013486981,0.036015034,9.287848
-1.9776611,5.572891,7.5756836,0.0057532787,-0.25862217,-0.4159069,-0.044472337,0.05653715,9.322168
-2.650055,5.6757813,7.3411865,0.05739081,-0.2610278,-0.2839465,0.01696217,-0.02789545,9.4180765
-2.7720795,5.7834473,7.294525,0.13744318,-0.30093575,-0.35245943,-0.09004688,-0.008077145,9.331775
-2.8570251,5.8995056,7.3651123,-0.020424247,-0.25939178,-0.5063286,-0.0772357,0.11333418,9.254147
-2.8510437,5.873184,7.2669983,0.01644361,-0.23641539,-0.5952678,-0.046028197,0.18729973,9.195662
-2.7924194,5.9449615,6.4247284,0.050287127,-0.2951727,-0.57125807,-0.014845014,0.12674713,9.174427
-2.930008,6.1698914,6.0430756,0.047135115,-0.272254,-0.44843054,-0.0069928765,0.06796503,9.28438
-2.7900238,6.126816,6.443878,0.028746724,-0.2282052,-0.5129633,-0.027400553,0.14316988,9.263708
-2.8534393,5.9198456,6.5970154,0.10904741,-0.26511526,-0.5600791,0.04564631,0.14336777,9.195726
-3.0915222,5.8875427,6.192627,0.08040857,-0.2928834,-0.46842146,-0.0033849478,-0.06826019,9.252581
-3.7866364,6.345764,5.523834,0.10956991,-0.30670452,-0.21217251,0.0688723,-0.10765219,9.439557
-3.8165588,6.5108643,5.152939,0.12798107,-0.32954073,-0.10788536,0.09379825,-0.19160986,9.504818
-2.9623108,6.2596283,5.864807,0.11187923,-0.32457352,-0.1191411,0.07699904,-0.18101215,9.501093
-2.602188,6.3421783,6.4247284,0.01790464,-0.29721403,-0.21028042,-0.021567047,-0.10160446,9.457242
-2.778061,6.209381,6.777664,0.037959695,-0.32553768,-0.32021093,-0.0122567415,-0.055556774,9.351992
-2.8606262,5.9114685,6.695114,0.03372693,-0.2936244,-0.29255676,-0.011876762,-0.047682762,9.393702
-2.938385,5.904297,6.5324097,0.036929727,-0.27197695,-0.40820646,-0.015651345,0.041601658,9.31676
-3.1501465,6.130417,6.4031982,0.041957498,-0.2713008,-0.5317707,-0.019949973,0.11978912,9.220649
-3.1166534,6.099304,6.7920227,0.055945158,-0.27497482,-0.61708593,0.058921933,-0.16030836,9.150628
-3.1286163,5.929413,7.176071,0.06095636,-0.3050065,-0.5205097,0.027544737,-0.08289242,9.206613
-3.041275,5.8013916,7.4979095,0.02464211,-0.31455994,-0.43339014,-0.033809125,0.026102543,9.272274
-2.8390808,5.6578217,7.3866425,0.022976518,-0.3039465,-0.34270763,-0.027887583,-0.022621632,9.349408
-2.7469635,5.69014,6.9978027,0.06424129,-0.32513046,-0.41157818,0.006210506,0.0029764175,9.27827
-2.7218323,5.69252,6.8841553,0.038324475,-0.32359743,-0.4101119,-0.01933235,0.0035600662,9.283211
-2.6081696,5.6327057,6.916458,0.022783637,-0.35804272,-0.31762695,-0.030768454,-0.08111572,9.3354025
-2.5256195,5.667404,6.900894,-0.011727095,-0.30601406,-0.25474644,-0.055981755,-0.079592705,9.420375
-2.683548,5.6039886,7.064804,0.033983707,-0.3369112,-0.2986617,-0.0164209,-0.077310085,9.36211
-2.745758,5.6267242,6.9655,0.034633875,-0.30216646,-0.42909622,-0.02253449,0.03133869,9.282114
-2.8450623,5.684143,6.801605,-1.1956692E-4,-0.3235798,-0.47358894,-0.062427938,0.043555737,9.238147
-2.7984009,5.5740814,6.818344,-0.0066592693,-0.32232666,-0.4699216,-0.068778336,0.0425992,9.242541
-2.7673035,5.4927216,6.879364,0.03170097,-0.32891607,-0.39508057,0.022106528,0.016727924,9.292344
-2.7098694,5.593216,6.629318,0.12942386,-0.3182454,-0.32689095,0.07738966,-0.0467,9.341122
-2.8869476,5.728424,6.530014,0.11682093,-0.32566452,-0.33691406,0.063446015,-0.046112537,9.330137
-2.9778748,5.743973,6.754944,0.0071561337,-0.28304625,-0.44611216,-0.05004126,0.057969093,9.283852
-2.9395752,5.7559357,6.9463654,0.026765227,-0.31662846,-0.4530244,-0.034309566,0.035987377,9.255535
-3.1477509,5.6757813,7.076767,0.0966202,-0.28713894,-0.39381504,-0.034707785,-0.031093597,9.3119755
-3.1860504,5.6482544,7.0372925,0.10910225,-0.32196474,-0.36145306,0.0537014,-0.027431011,9.31413
-3.0149536,5.7260284,6.7118683,-0.005184889,-0.26354933,-0.413383,-0.05866164,0.05347252,9.322844
-2.8570251,5.760727,6.5168457,-0.01937139,-0.2673025,-0.44532776,-0.07563579,0.07111263,9.297371
-2.7014923,5.79541,6.541977,0.07043624,-0.29977083,-0.41778755,0.012527823,0.026520729,9.288471
-2.720642,5.77507,6.707077,0.09793103,-0.319901,-0.3364029,-0.05386448,0.02705574,9.336053
-2.987442,5.846863,6.7920227,0.03288734,-0.33793926,-0.33722162,-0.0220474,-0.053246498,9.331591
-3.0688019,5.8205414,6.838684,0.019488335,-0.30770302,-0.3681302,-0.034875393,-0.010163307,9.327839
-3.1011047,5.7714844,7.0085754,0.16725838,-0.3441391,-0.39770222,0.10653305,-0.023754597,9.265669
-3.122635,5.7260284,7.3208466,0.20097518,-0.40885115,-0.4633808,-0.13378513,-0.003821373,9.170758
-3.0652008,5.7068787,7.245468,0.10511267,-0.25939465,-0.48718596,0.04549557,0.100036144,9.255645
-2.938385,5.694916,7.0791626,-0.006226301,-0.21958542,-0.40526915,-0.05601394,0.08307791,9.356695
-2.8510437,5.6985016,6.703491,-0.057808995,-0.21277714,-0.36394644,-0.10391319,0.063985825,9.398998
-2.9144592,5.600403,6.47139,-0.0038040876,-0.33035183,-0.26627398,-0.054861724,-0.09057903,9.395756
-2.8043823,5.5417786,6.6101685,-0.023070335,-0.3411684,-0.21375561,0.030306578,0.14670372,9.432245
-2.9946136,5.4640045,7.0911255,-0.01020968,-0.32902098,-0.25789976,-0.06091255,-0.09517288,9.40403
-2.864212,5.2211456,6.9236298,-0.050586462,-0.28095865,-0.32883072,-0.10156423,-0.012026787,9.383369
-3.0568237,5.326416,6.629318,0.038469434,-0.2827506,-0.44415712,-0.02186793,0.05604458,9.282166
-2.6141663,5.4544373,7.0899353,0.075270295,-0.30567646,-0.487298,0.009091556,0.064210415,9.230145
-2.4669952,5.338394,7.704895,0.09417963,-0.3103447,-0.49465847,0.026574075,0.064918995,9.219326
-2.244461,5.5166473,6.8745728,0.014937162,-0.28975153,-0.4490633,-0.046809852,0.05514288,9.276928
-1.6175537,5.0847473,5.50708,0.021762013,-0.2788639,-0.36563492,-0.033111632,0.011013031,9.34762
-1.8173523,4.9292145,5.2163544,0.06352055,-0.31671953,-0.36280155,0.0044531226,-0.021805763,9.321392
-3.8141632,5.62912,3.2147522,0.09653783,-0.30950832,-0.34052038,0.038896322,-0.031300068,9.3391285
-5.5202484,5.8420715,1.4524384,0.015802622,-0.2626052,-0.6661029,-0.060600728,0.2143135,9.125988
-7.2382813,6.027527,1.1712799,0.041221738,-0.26898193,-0.67336655,-0.037702233,0.2142334,9.113718
-5.40419,4.651642,5.7870483,0.15455925,-0.3380437,-0.36258173,-0.0965029,0.009029388,9.29652
-1.8987122,3.9242249,6.9954224,0.2103101,-0.3705964,-0.1836195,0.15301949,-0.18028784,9.40744
-1.0049896,4.4614105,7.0169525,0.20188165,-0.37470388,-0.11254215,0.14965624,-0.22853804,9.4614
-3.0927277,3.7208405,8.866608,0.093609214,-0.33316135,-0.15069962,0.044177294,-0.1680088,9.471552
-4.8670044,2.8426666,9.023331,0.026491046,-0.33652735,-0.42508173,-0.044019103,0.0047926903,9.265644
-4.4650116,2.099701,8.828323,0.0031210184,-0.28084326,-0.41927004,-0.060610652,0.0458436,9.307758
-2.9527435,1.7850494,8.565109,0.007928848,-0.29335928,-0.39970493,-0.057162642,0.024559498,9.3147
-0.66400146,2.3270264,7.741974,0.052291512,-0.2984047,-0.39652252,-0.013899922,0.016852856,9.308119
-0.48095703,3.0723877,11.069199,0.04968655,-0.2796197,-0.40961552,0.028873682,-0.0318141,9.310066
-1.5158539,4.6037903,9.958923,0.084825635,-0.31245518,-0.51066446,0.0072855353,0.07719278,9.206993
-0.7645111,5.6554413,12.460617,0.0974555,-0.3153739,-0.43796825,0.024657488,0.028645992,9.259525
-1.6199341,2.428711,10.441086,0.08955288,-0.2819395,-0.38455868,0.024785817,0.021107674,9.322568
-2.2217407,0.41516113,11.810974,0.02614355,-0.28620577,-0.29434967,-0.031704903,-0.036427975,9.3981085
-2.1595154,0.90089417,11.52623,0.05051589,-0.28011703,-0.31578112,-0.0087323785,-0.019402027,9.382053
-1.3411713,2.8319092,11.005783,0.044067144,-0.2968607,-0.32579136,0.007178545,0.03061533,9.364815
-1.7108612,2.4311066,10.529617,0.03484249,-0.2994151,-0.34910154,-0.02955556,-0.012374401,9.346533
-1.9956207,2.1583252,9.276978,-0.03318703,-0.27760124,-0.36129713,-0.0952099,0.0155649185,9.360116
-2.2337036,2.5591278,8.347366,0.079977274,-0.29833603,-0.40492153,0.010648608,0.021909714,9.297956
-2.2959137,3.4959106,6.859024,0.04859793,-0.30248356,-0.47701836,-0.026626408,0.06631899,9.244247
-3.6131592,2.9276123,6.5527496,0.05756116,-0.2965312,-0.56611156,-0.024254203,0.12744045,9.178241
-2.918045,3.9577332,6.320648,0.0027204752,-0.27801657,-0.44071627,-0.06653261,0.06489754,9.293919
-1.6737823,4.7270203,4.533203,-0.001131773,-0.3007388,-0.31566572,-0.0632081,-0.032113075,9.376461
-1.5924225,4.319046,4.618149,0.102023125,-0.32339478,-0.24051857,0.04230243,-0.10247946,9.405963
-1.6713867,4.1276245,5.203186,0.089215994,-0.31843185,-0.28560162,0.026676536,-0.06977272,9.376132
-2.2348938,3.8285217,5.28096,-0.04847896,-0.304039,-0.40561914,-0.11754966,0.023461819,9.311728
-4.065399,3.2291107,7.6247253,-0.003083825,-0.28212118,-0.32396555,-0.06371194,-0.013061047,9.382002
-1.6247253,4.6336975,11.648254,0.08265662,-0.39883137,-0.25864744,0.011992335,-0.14863634,9.347781
-1.5146637,5.046463,12.14357,0.27746713,-0.32430172,-0.29762316,-0.22381258,-0.0056352615,9.336952
-0.61854553,3.4121704,12.230911,0.44987333,-0.43114614,-0.24168968,-0.4200127,0.05359316,9.289539
-0.04307556,2.967102,11.041687,0.38329387,-0.5048461,0.15075827,0.32916504,-0.5028615,9.555069
0.88175964,2.6356964,10.083359,1.3655385,-0.99595165,0.9588008,1.2877821,-1.4529564,9.726345
1.1485596,2.6105652,8.873779,1.7268895,-1.2727995,0.7328024,1.5631863,-1.5589528,9.291596
0.2524414,3.0269165,8.495712,1.186022,-0.9436002,0.60958385,0.963791,-1.2544103,9.398994
-0.24406433,3.1369934,8.310272,0.60072684,-0.7052417,0.5314822,0.42999643,-0.9469576,9.563576
-1.0791626,3.6849518,8.051849,0.3676288,-0.5429168,0.017957687,0.14704302,-0.4204688,9.325177
-1.3686981,3.611969,7.7946167,0.41780257,-0.473701,-0.30747175,0.16848978,-0.10489464,9.132782
-1.4943237,3.7531433,7.9298096,0.5159769,-0.6281967,-0.07222557,0.18672329,-0.35622168,9.096496
-1.8436737,3.932602,8.323441,-0.5434785,-0.37569904,-1.3776717,1.3283539,-0.38744926,9.158687
-2.399994,4.045059,8.611771,-0.8366475,-0.25738478,-2.6901994,-1.1126097,2.467349,8.983433
-2.297104,3.9720917,8.416748,-0.6823554,-0.20969725,-2.6152854,-0.9415862,2.446641,9.116244
-2.1439667,4.0905304,7.5110626,-0.6122103,-0.12873268,-1.9545212,-0.75326145,1.8784516,9.466734
-1.8879395,4.4530487,7.253845,-0.49335766,-0.26586103,-1.0875571,-0.6465882,1.0100486,9.564595
-1.8520508,4.6241302,7.473984,-0.13260031,-0.47956228,-0.16999602,0.3189956,0.23251045,9.459316
-1.7455597,4.8394775,7.6582336,-0.24409056,-0.66106606,0.14016318,-0.5678076,-0.27898097,9.466065
-1.5948181,4.700699,7.610367,-0.49611282,-0.31007576,-0.93578005,-0.63500315,0.8840724,9.62459
-1.4165497,4.482956,8.148758,-0.43618965,-0.27091932,-0.9948027,-0.5627275,0.9511421,9.627884
-1.5768738,4.4614105,8.291138,-0.47054625,-0.30013418,-1.0129061,-0.60333854,0.97285575,9.642312
-1.5900269,4.7641144,7.7658997,-0.77583075,-0.29124928,-0.9457935,1.2499743,-0.119089305,9.874817
-1.5505524,4.9124603,7.635498,-0.7011328,-0.2645936,-0.87930834,-0.7447384,0.8805761,9.875433
-1.6857452,4.8095703,8.056641,-0.20934153,-0.43154192,-0.5696589,-0.44698885,0.51348567,9.5048275
-1.6594238,4.8263245,7.915451,-0.84069014,-0.17227507,-5.9358287,4.698496,-3.6805146,9.216353
-1.4979095,4.4937134,7.4404755,-1.0788941,-0.26947594,-3.4557006,3.1661081,-1.774885,9.743071
-2.8223267,4.1778717,7.5182495,-0.8796644,-0.22547436,-2.4748268,2.3409464,-1.2119882,9.784944
-1.3184509,4.939987,7.628311,-1.0910635,-0.15544319,-1.5974398,-0.9764244,1.6560122,10.072385
-0.9224396,5.564514,7.630707,-1.328196,0.018150806,-1.1968391,-1.0552012,1.309782,10.41318
-0.7513428,5.3611145,8.298309,-1.7078366,0.2068162,-0.17609978,-1.2145635,0.3762673,10.978719
-1.5948181,4.5679016,8.415558,-1.5526948,-0.05823517,0.2265997,0.8519633,0.9172287,10.754517
-1.3782654,4.4075775,7.566101,-1.1593671,-0.20340252,-0.323673,1.0340557,0.46609497,10.2580385
-0.65563965,4.87059,7.1700897,-0.8122759,-0.47988653,-0.33345413,-0.9627702,0.2724011,9.7946005
-0.9152527,5.0309143,7.7862396,-0.22953224,-0.8078122,-0.24793363,-0.6531582,0.0033478737,9.223477
-0.9068756,5.0285187,7.8687897,0.43168068,-1.0435243,-0.279665,-0.20030373,-0.19990087,8.67819
-0.9272156,4.902893,6.9930267,0.7189641,-1.0428257,-0.27421618,0.104742914,-0.3386836,8.560091
-0.62931824,5.32164,6.579071,0.8767562,-0.95366716,-0.29077196,0.32044378,-0.37313557,8.573436
-1.2322998,4.852646,7.105484,0.89401174,-0.8215637,-0.6925006,0.41289562,-0.03365445,8.471672
-1.6821594,5.132599,7.430908,0.86400366,-0.78001165,-0.45378733,0.44239435,-0.24059963,8.663304
-1.6510468,5.0931244,8.551941,0.68245125,-0.62152386,-0.17932606,-0.5137656,0.10550904,9.0262
-2.0374908,4.8155518,9.072388,0.5619683,-0.6195226,-0.19307375,0.278345,-0.34271383,9.070468
-2.2001953,4.975876,9.407379,0.24312067,-0.56572294,-0.08984566,0.02199471,-0.34230852,9.287456
-2.1846466,4.8550415,9.249451,0.063426256,-0.4286785,0.23326254,-0.07172635,-0.46438313,9.660353
-1.8580322,4.939987,8.557938,-0.17276335,-0.28897715,0.24079323,-0.23928836,-0.336627,9.834213
-1.7443695,5.11705,7.713257,-0.2167046,-0.31506205,0.14428759,-0.29424244,-0.28033447,9.763321
-1.7443695,4.8382874,7.0959167,-0.13788795,-0.39879942,0.23353386,-0.23547524,-0.41789913,9.756613
-1.6701965,5.203186,6.9355927,-0.13946295,-0.315197,0.16551733,-0.2086125,-0.31765127,9.76454
-1.7359924,5.2701874,6.957138,-0.07680917,-0.31217337,-0.048687458,-0.15992445,-0.18593025,9.593164
-1.9369965,5.272583,7.1605225,0.06847453,-0.4017067,-0.24878216,-0.0139606,0.15697551,9.355968
-1.9058838,5.1349945,7.1653137,0.09213996,-0.38995504,-0.30690145,-0.024558514,-0.109447,9.31455
-1.5792694,5.3910217,7.0157623,0.23692298,-0.35112524,-0.24870968,0.13427901,-0.13948727,9.355217
-1.401001,5.6039886,7.1569366,0.29102552,-0.3455658,-0.3655963,0.1826694,-0.06904125,9.259258
-1.1270142,5.437683,8.0686035,0.23856008,-0.27346373,-0.35458612,-0.14509892,-0.04472065,9.322533
-1.0576324,5.353943,8.210968,0.25961912,-0.26743317,-0.25346756,0.18158245,-0.076796055,9.401313
-1.0779724,5.3730774,7.8341064,0.32391536,-0.25160313,-0.23109245,0.25010645,-0.08594704,9.417177
-1.146164,5.3395844,7.5481567,0.32229495,-0.27007675,-0.42759466,0.23137644,0.024429798,9.253912
-1.1712799,5.4089813,7.515854,0.20963109,-0.25545168,-0.45344687,0.122284025,0.0651803,9.262947
-1.2813568,5.6805573,7.8999023,0.1957016,-0.2182064,-0.45427275,-0.06933069,-0.1346221,9.287664
-1.4249268,5.4999084,8.184647,0.19666135,-0.2451315,-0.44128275,0.112407565,0.06910133,9.281212
-1.4979095,5.2450714,8.092529,0.11688316,-0.21853685,-0.45064878,0.039218366,0.104748726,9.304661
-1.2227325,5.3395844,7.8675995,0.08909011,-0.22963905,-0.48588228,0.007648498,0.12214613,9.2758255
-0.92123413,5.46521,7.311264,0.054393172,-0.21888256,-0.4652896,-0.022248626,0.12122774,9.304483
-0.85902405,5.5668945,7.216751,0.035191417,-0.23108435,-0.3750167,-0.037041098,0.0567832,9.369982
-0.77526855,5.584854,7.302887,0.028646827,-0.25755835,-0.44015455,-0.05335468,0.07897949,9.304846
-0.55633545,5.365906,7.430908,-0.02166295,-0.24124384,-0.4742365,-0.10188842,0.11959934,9.297845
-0.4247284,5.4604187,7.775482,-0.100782156,-0.20046377,-0.52257156,-0.17431721,0.19092607,9.300108
-0.59939575,5.4604187,8.288742,-0.0574013,-0.21986866,-0.40629673,-0.12803501,0.098049164,9.369948
-0.85543823,5.2989044,8.021942,-0.058764458,-0.23417807,-0.41122103,-0.13261575,0.09105396,9.357744
-0.83270264,5.4879456,7.688141,-0.05462289,-0.20630264,-0.52863216,0.1967156,-0.11746764,9.284635
-1.0265198,5.3611145,6.9344025,-0.022309065,-0.23389196,-0.55076504,-0.10687438,0.17857265,9.2451935
-1.7288208,5.3647156,6.857834,-0.0064662695,-0.2616248,-0.5212884,-0.095071316,0.13709259,9.247725
-1.9752808,5.4843445,7.3651123,0.040289164,-0.2757311,-0.50009346,-0.050928354,0.107616425,9.246678
-2.2049866,5.596817,7.6510468,0.020007133,-0.27627754,-0.5102973,-0.07161108,0.116351604,9.242321
-1.9381866,5.3288116,7.5601196,0.015354633,-0.2486782,-0.455853,-0.06695777,0.10295391,9.301877
-1.7623138,5.3156586,7.253845,0.08779621,-0.22401142,-0.40528727,0.012001097,0.08077526,9.342454
-1.4045868,5.461624,7.4524536,0.06610143,-0.28211784,-0.41328812,-0.022190154,0.044524193,9.304363
-1.2969055,5.326416,7.7431793,0.048779845,-0.26384258,-0.37055397,-0.032489687,0.032687664,9.351481
-1.1413727,5.36232,7.799408,0.020126462,-0.20636415,-0.32466984,0.061508417,-0.02776575,9.427378
-1.2167511,5.2749786,7.753937,0.017481089,-0.2824564,-0.32100964,-0.06358999,-0.009804726,9.383573
-1.2550354,5.242676,7.672592,0.08596325,-0.3080759,-0.39605808,-0.0070296824,0.011143208,9.297742
-1.1449585,5.1768646,7.7359924,0.08101237,-0.2506857,-0.39373207,3.1739473E-4,0.053884506,9.335983
-1.1377869,5.1625214,7.942978,0.046164036,-0.2507801,-0.4691167,-0.038728535,0.10649395,9.284873
-0.7848511,5.071594,8.266006,0.06165254,-0.23744345,-0.40530062,0.043912172,-0.06163931,9.338974
-0.8279114,4.997406,8.237289,0.0919013,-0.27356434,-0.3745699,0.008046538,0.023234367,9.334441
-0.8674011,5.070389,8.01236,0.07361233,-0.33786058,-0.37763834,-0.023056686,-0.021549702,9.295589
-1.2765656,4.965103,7.162918,0.04491055,-0.27750587,-0.41384363,-0.04105082,0.050691605,9.310629
-1.3363953,5.132599,7.2502594,0.09905076,-0.21425056,-0.4927845,0.019536138,0.14325666,9.279728
-1.1198425,5.2342987,7.331604,0.07707918,-0.23282623,-0.46964502,-0.0038324594,0.11696482,9.289911
-0.99302673,5.28096,7.4656067,0.08031976,-0.280344,-0.4531951,-0.009167165,0.07009745,9.272393
-0.9607239,5.2283173,7.5014954,0.055983067,-0.29595947,-0.41289425,-0.033507705,0.035131454,9.297876
-1.0636139,5.099106,7.4165497,-0.012688875,-0.27597952,-0.39387512,-0.09548646,0.045691013,9.337334
-1.1964111,5.191223,7.2682037,0.041026354,-0.30532122,-0.37175083,-0.04767528,0.003121376,9.326212
-1.9381866,5.721237,8.343765,0.06068659,-0.30378485,-0.3830595,0.03045082,0.0021891594,9.314949
-1.8891296,5.7068787,8.895325,0.105700016,-0.3074398,-0.43187952,0.010734558,0.032784462,9.267186
-1.7778625,5.6937256,8.688339,0.07120323,-0.1990161,-0.36862803,0.0036329627,0.0781641,9.388989
-1.5074768,5.414963,7.7766724,0.03360057,-0.21092701,-0.32005167,-0.03194478,0.04199505,9.42551
-1.3507538,5.4424744,6.8039856,0.11945033,-0.2648096,-0.30486822,0.042135328,-0.01832056,9.38805
-1.2322998,5.52742,6.7250214,0.1467551,-0.31646585,-0.2636757,-0.090114355,0.05779791,9.382678
-1.2358856,5.620743,6.86261,0.10818148,-0.29522657,-0.22840357,0.031221986,-0.0898633,9.429849
-1.4476624,5.4269257,7.898712,0.10184145,-0.3005433,-0.2464261,0.023294866,-0.08195305,9.414012
-1.5565338,5.296509,8.127228,0.10726476,-0.3264737,-0.3546791,0.016251832,-0.033006668,9.314172
-1.8592224,5.4963074,7.951355,0.10126376,-0.28018284,-0.4942317,0.010061115,0.092567444,9.237132
-1.9956207,5.6075745,7.5792694,0.079116225,-0.23862219,-0.52056694,-0.004999399,0.14409304,9.246828
-1.7826538,5.5991974,7.4069824,0.16083467,-0.2640648,-0.4288149,0.07683337,0.057737827,9.286802
-1.5194397,5.5920258,7.3866425,0.20533049,-0.30093575,-0.46458817,-0.08520818,-0.08624005,9.228838
-1.4608154,5.2785645,7.2969055,0.20017898,-0.32711267,-0.45039082,-0.08896303,-0.056791306,9.224597
-1.4237366,5.4520416,7.158127,0.08478761,-0.2924676,-0.43814754,0.019671679,-0.045360565,9.275373
-1.3160553,5.2857513,7.3878326,0.071998,-0.30150747,-0.42591333,-0.014072359,0.035607338,9.281269
-1.463211,5.358719,7.3543396,0.22893977,-0.3148408,-0.33691216,0.14480662,-0.04646778,9.314796
-1.6988983,5.4053802,7.537384,0.24668908,-0.34251976,-0.29863644,0.16188103,-0.09381819,9.324621
-1.7144623,5.3611145,7.9369965,0.28564346,-0.34774446,-0.3333063,0.19773817,-0.07897377,9.288698
-1.4979095,5.19841,7.836487,0.19566524,-0.35726547,-0.32859516,-0.1309017,0.0382576,9.30138
-1.5278168,5.4963074,6.591034,0.20332825,-0.29182863,-0.40389204,0.12272978,0.016142845,9.282902
-1.2634125,5.243866,7.0612183,0.20988286,-0.3789649,-0.4939947,0.109244406,0.0064969063,9.158793
-1.1605225,5.5322113,7.749161,0.22083724,-0.36398554,-0.4873252,0.12352085,0.013147354,9.171583
-1.4165497,5.6446686,7.7120667,0.32507658,-0.35195732,-0.4457569,0.23198289,-0.011518955,9.194851
-1.2885284,5.6315155,7.631912,0.33956087,-0.30124378,-0.43563223,0.25634474,0.02070713,9.232469
-1.1916199,5.5214386,7.208374,0.4232831,-0.35693264,-0.41858387,0.33330452,-0.03802204,9.198995
-1.0049896,5.4604187,6.67717,0.47596502,-0.35465097,-0.44822693,0.3856297,-0.019031525,9.170919
-1.1581268,5.3766785,6.705887,0.4374299,-0.31793213,-0.3718753,0.3602091,-0.035526276,9.259197
-1.7694855,5.7667084,7.1485596,0.4650786,-0.35019732,-0.32198572,0.3888241,-0.093176365,9.274912
-1.311264,5.8205414,6.9044952,0.48116016,-0.30502224,-0.3260808,-0.40822077,-0.082742214,9.299312
-1.524231,5.73201,7.1449738,0.49384546,-0.32454205,-0.28101063,0.42772293,-0.0975194,9.32114
-1.9118652,5.7021027,8.926422,0.41419363,-0.3030162,-0.25574732,0.35528672,-0.091673374,9.366027
-1.7718811,5.571686,9.163315,0.42007136,-0.2532978,-0.24672985,0.36945653,-0.057911873,9.404602
-1.7240295,5.5740814,8.884552,0.4489435,-0.256505,-0.23640299,0.40089625,-0.06672287,9.40908
-1.3100739,5.8672028,6.317047,0.03840196,-0.2187233,-1.253521,-0.010375321,-0.62551737,8.697935
-1.1150513,6.0155487,6.61615,0.1589768,-0.15656853,-0.89731884,0.0,0.0,0.0
-0.9990082,5.9820557,6.818344,0.23684716,-0.23034573,-0.6682515,0.0,0.0,0.0
-0.9654999,5.942581,7.361511,0.25684106,-0.28362894,-0.11582613,0.0,0.0,0.0
-0.94636536,6.0179443,7.3423767,0.25647068,-0.23587751,-0.11505461,0.0,0.0,0.0
-1.0540314,6.0263214,7.258621,0.14057243,-0.265481,-0.16812277,0.0,0.0,0.0
-1.179657,6.0969086,7.1808624,-0.0010304451,-0.23019266,-0.21839523,0.0,0.0,0.0
-1.4069824,6.2237244,7.2598267,-0.25954902,-0.15025139,-0.10401869,0.0,0.0,0.0
-1.4416809,6.241684,7.3244324,-0.3196869,-0.16667223,-0.013447762,0.0,0.0,0.0
-1.3292084,6.1567383,6.8650055,-0.25285876,-0.31568336,-0.42331505,0.0,0.0,0.0
-1.1605225,6.098114,6.5060883,-0.120568514,-0.4186859,-0.74789,0.0,0.0,0.0
-1.0552368,6.1124725,6.3553314,-0.04915464,-0.439919,-0.8713107,0.0,0.0,0.0
-0.9020996,6.305084,6.2883453,0.059370816,-0.28772926,-0.9075408,0.0,0.0,0.0
-0.71066284,6.520447,6.4665985,0.22737926,-0.0928545,-0.713562,0.0,0.0,0.0
-0.67237854,6.5575256,6.6580353,0.24465048,-0.06586027,-0.51554155,0.0,0.0,0.0
-0.6197357,6.4295197,7.003784,0.2872579,-0.19470215,-0.17029619,0.0,0.0,0.0
-0.65802,6.4043884,7.0707855,0.21376872,-0.20938635,-0.117284775,0.0,0.0,0.0
-0.5742798,6.398407,6.9667053,0.28373146,-0.21370745,-0.22454977,0.0,0.0,0.0
-0.67237854,6.381653,7.0157623,0.18397516,-0.22978115,-0.17631531,0.0,0.0,0.0
-0.74775696,6.4498596,7.104294,0.104703724,-0.15338945,-0.09576225,0.0,0.0,0.0
-0.85783386,6.4462585,7.1198425,-0.009174168,-0.15312433,-0.08420563,0.0,0.0,0.0
-0.8757782,6.45105,6.9344025,-0.03379357,-0.15073061,-0.26823235,0.0,0.0,0.0
-0.8159485,6.2644043,6.933197,0.024456024,-0.3419652,-0.2654128,0.0,0.0,0.0
-0.9020996,6.3218384,7.0456696,-0.06425965,-0.2822647,-0.15531874,0.0,0.0,0.0
-0.982254,6.3732758,7.0408783,-0.15016156,-0.2307229,-0.16087246,0.0,0.0,0.0
-0.88653564,6.464203,6.887741,-0.06333017,-0.15373993,-0.30222082,0.0,0.0,0.0
-0.8123627,6.3098755,6.6305084,-0.0032944083,-0.32682037,-0.54375553,0.0,0.0,0.0
-0.8195343,6.332611,6.580261,-0.046450734,-0.33473253,-0.5695114,0.0,0.0,0.0
-0.75613403,6.3589325,6.690338,-0.0136835575,-0.31958628,-0.45224857,0.0,0.0,0.0
-0.8518524,6.715454,7.0827484,-0.14875138,0.020581722,-0.048500538,0.0,0.0,0.0
-0.6903229,5.5991974,6.854233,-0.008329093,-1.0993476,-0.2756176,0.0,0.0,0.0
0.13400269,6.357727,5.77269,0.7525977,-0.40389395,-1.3031993,0.0,0.0,0.0
-0.8446655,6.4031982,6.428314,-0.20572025,-0.36056185,-0.6437211,0.0,0.0,0.0
-0.8721771,6.4701996,7.1437683,-0.20042908,-0.25195456,0.035197258,0.0,0.0,0.0
-0.68196106,6.278763,7.367508,0.028198302,-0.36255693,0.18705273,0.0,0.0,0.0
-0.14356995,6.2285156,6.7704926,0.5703132,-0.3838582,-0.4362588,0.0,0.0,0.0
0.13519287,6.4331055,6.5970154,0.83639824,-0.15513325,-0.63304806,0.0,0.0,0.0
0.55992126,6.399597,6.5324097,1.2756749,-0.119083405,-0.75901604,0.0,0.0,0.0
-1.262207,5.852844,7.083954,-0.47600442,-0.5801048,-0.2760358,0.0,0.0,0.0
-1.2813568,5.905487,7.1641083,-0.34869587,-0.39649153,-0.2914667,0.0,0.0,0.0
-1.4249268,5.9329987,7.335205,-0.4053718,-0.30050325,-0.16641808,0.0,0.0,0.0
-1.5170441,5.8384857,7.4775696,-0.39895022,-0.32010126,-0.07173967,0.0,0.0,0.0
-1.6127625,5.79422,7.463211,-0.42779088,-0.31485796,-0.11606312,0.0,0.0,0.0
-1.7910309,5.6075745,6.9834595,-0.5477847,-0.4598112,-0.6199317,0.0,0.0,0.0
-1.6498566,5.694916,6.30867,-0.35155678,-0.3550539,-1.2993956,0.0,0.0,0.0
-1.7312012,6.202194,6.428314,-0.36427116,0.15589476,-1.1706433,0.0,0.0,0.0
-1.5517426,5.991623,7.713257,-0.17915237,-0.054875374,0.11547804,0.0,0.0,0.0
-1.6797638,5.9234314,9.159729,-0.32686567,-0.0877018,1.5304217,0.0,0.0,0.0
-1.2957153,5.860016,8.895325,0.039892912,-0.123892784,1.2416086,0.0,0.0,0.0
-1.3016968,5.7846527,7.919052,0.032256484,-0.19708109,0.26334763,0.0,0.0,0.0
-1.4512482,5.760727,7.5086823,-0.1349932,-0.25845432,-0.12068987,0.0,0.0,0.0
-1.3818512,5.654236,7.2191467,-0.11927009,-0.39946985,-0.3919587,0.0,0.0,0.0
-1.056427,5.8217316,7.0875397,0.19312656,-0.24211359,-0.517642,0.0,0.0,0.0
-0.8195343,6.1172485,6.8075867,0.40878642,0.018550873,-0.77314615,0.0,0.0,0.0
-0.9750824,6.0801697,7.265808,0.25382245,-0.06348705,-0.27843857,0.0,0.0,0.0
-1.1425781,5.873184,7.135391,0.09544742,-0.28709793,-0.39379263,0.0,0.0,0.0
-1.331604,5.5681,7.4321136,-0.107254624,-0.5970745,-0.09530163,0.0,0.0,0.0
-1.0504456,6.324234,7.130615,0.11096442,0.09856129,-0.35687542,0.0,0.0,0.0
-1.1868439,6.2644043,7.2921295,-0.031264544,-0.012537003,-0.1533413,0.0,0.0,0.0
-1.4512482,5.9569244,7.4356995,-0.2588464,-0.32721996,0.0021204948,0.0,0.0,0.0
-1.3555298,5.87558,6.9918213,-0.13406932,-0.4116478,-0.43442822,0.0,0.0,0.0
-1.2837524,5.6530457,6.3684998,-0.032001495,-0.6385031,-1.0490422,0.0,0.0,0.0
-1.3878326,6.0562286,6.0179443,-0.088665485,-0.22652292,-1.3989005,0.0,0.0,0.0
-0.9439697,6.337387,7.135391,0.37968898,0.07799053,-0.29685402,0.0,0.0,0.0
-1.405777,5.62912,8.0937195,-0.05625701,-0.55676556,0.60479355,0.0,0.0,0.0
-1.696518,5.56929,7.487137,-0.34619975,-0.5754733,-0.035422802,0.0,0.0,0.0
-1.5003052,5.97966,6.3314056,-0.17827284,-0.210011,-1.1592951,0.0,0.0,0.0
-1.6845398,6.0634155,6.320648,-0.3889644,-0.17856741,-1.131165,0.0,0.0,0.0
-1.5218353,6.222534,7.105484,-0.24689972,-0.052559853,-0.32204056,0.0,0.0,0.0
-1.3758698,6.2357025,7.8101654,-0.10072601,-0.024837017,0.37040424,0.0,0.0,0.0
-1.085144,6.099304,7.7611237,0.19122374,-0.13270712,0.29765892,0.0,0.0,0.0
-1.146164,5.9306183,7.404587,0.12624359,-0.3011346,-0.059770107,0.0,0.0,0.0
-1.1629181,5.6805573,7.361511,0.11657512,-0.55771303,-0.096187115,0.0,0.0,0.0
-1.1353912,5.740387,7.147354,0.20593667,-0.49108887,-0.30515766,0.0,0.0,0.0
-1.5708923,5.9126587,6.1986084,-0.14569855,-0.32987452,-1.229042,0.0,0.0,0.0
-1.4979095,6.0885315,6.06102,-0.011693835,-0.22518587,-1.2941499,0.0,0.0,0.0
-1.3387909,6.283554,6.32782,0.14067781,-0.05909586,-1.0037794,0.0,0.0,0.0
-1.3471527,6.131607,7.1389923,0.11921072,-0.19691658,-0.20743227,0.0,0.0,0.0
-1.4990997,5.8923187,7.554138,-0.024091959,-0.38411856,0.16488361,0.0,0.0,0.0
-1.7431641,5.8659973,7.721634,-0.24174571,-0.35450888,0.29052114,0.0,0.0,0.0
-1.8005981,5.77507,7.47876,-0.26776004,-0.3946333,0.011795521,0.0,0.0,0.0
-1.730011,5.687744,6.9068756,-0.18297184,-0.4734826,-0.56415796,0.0,0.0,0.0
-1.7276154,5.667404,6.1567383,-0.14877105,-0.51300144,-1.2917662,0.0,0.0,0.0
-1.7910309,5.741577,6.2907257,-0.17989147,-0.44802094,-1.1432161,0.0,0.0,0.0
-1.9740753,6.08136,6.1794586,-0.31104934,-0.10148144,-1.2486777,0.0,0.0,0.0
-2.1523438,5.7188416,6.551544,-0.4002428,-0.44800615,-0.8694072,0.0,0.0,0.0
-1.635498,6.078964,6.8973083,0.21127427,-0.09072113,-0.4982853,0.0,0.0,0.0
-1.8053894,5.983246,8.334198,0.105385065,-0.16972017,0.94093466,0.0,0.0,0.0
-2.018341,5.694916,9.265015,-0.15716231,-0.32250738,1.7485647,0.0,0.0,0.0
-1.8759766,5.69252,9.324829,-0.113482356,-0.21012068,1.6944399,0.0,0.0,0.0
-1.7886353,5.7104645,9.1250305,-0.09512639,-0.17547655,1.4661717,0.0,0.0,0.0
-1.6366882,5.6638184,8.736191,0.0043030977,-0.24876976,1.0864305,0.0,0.0,0.0
-1.5421753,5.5118713,6.921234,0.075488806,-0.53384924,-0.62878656,0.0,0.0,0.0
-2.288742,6.023926,5.8205414,-0.6470746,-0.14540958,-1.6235585,0.0,0.0,0.0
-2.5172424,6.1495514,5.403,-0.8300507,-0.21517324,-1.8643279,0.0,0.0,0.0
-2.1762695,5.846863,6.0538483,-0.51568484,-0.57507324,-1.1691422,0.0,0.0,0.0
-1.7252197,6.3062897,7.586441,-0.12863255,-0.113499165,0.34713078,0.0,0.0,0.0
-1.2466583,6.1950226,7.6630096,0.27940524,-0.20450449,0.39062548,0.0,0.0,0.0
-1.4572296,6.1447754,6.8434753,0.048769474,-0.28538132,-0.40603733,0.0,0.0,0.0
-1.199997,6.197403,6.4498596,0.2717259,-0.28960514,-0.7559118,0.0,0.0,0.0
-1.2322998,6.2117615,6.6783752,0.21967232,-0.30235672,-0.5069175,0.0,0.0,0.0
-1.2502441,6.202194,6.6843567,0.18563724,-0.32836914,-0.48923206,0.0,0.0,0.0
-1.5062866,6.1663055,6.8362885,-0.087570906,-0.3830247,-0.32359362,0.0,0.0,0.0
-1.5553284,6.189041,6.849457,-0.13801718,-0.36862326,-0.30307102,0.0,0.0,0.0
-1.8209381,6.256027,6.8937225,-0.39928293,-0.31725597,-0.24358988,0.0,0.0,0.0
-1.9405823,6.300308,6.826721,-0.52176404,-0.28170156,-0.30310917,0.0,0.0,0.0
-1.8257294,6.2847443,6.2201385,-0.4129585,-0.30709457,-0.9018078,0.0,0.0,0.0
-1.5840454,6.315857,6.1997986,-0.184026,-0.30117655,-0.9012718,0.0,0.0,0.0
-1.1988068,6.4462585,6.726227,0.17800093,-0.2063384,-0.34609556,0.0,0.0,0.0
-1.1210327,6.5240326,7.021744,0.2267617,-0.13693285,-0.0482893,0.0,0.0,0.0
-1.1246338,6.4534454,7.08873,0.21027112,-0.20120287,0.010306358,0.0,0.0,0.0
-1.1006927,6.299103,7.101898,0.21771538,-0.3494215,0.014634132,0.0,0.0,0.0
-1.1318054,6.2368927,6.9344025,0.18340826,-0.41634893,-0.14902735,0.0,0.0,0.0
-1.3579254,6.2680054,6.653244,-0.039115548,-0.3996501,-0.41594934,0.0,0.0,0.0
-1.4536438,6.4247284,6.4008026,-0.13299227,-0.25219965,-0.65928936,0.0,0.0,0.0
-1.351944,6.520447,6.7812653,-0.032179475,-0.20088387,-0.23673487,0.0,0.0,0.0
-1.2993011,6.521637,7.034897,0.014737248,-0.20225525,0.018276215,0.0,0.0,0.0
-1.2669983,6.531204,7.3830566,0.039803028,-0.18673325,0.35938406,0.0,0.0,0.0
-1.2717896,6.45105,7.3698883,0.029732347,-0.26470566,0.34314966,0.0,0.0,0.0
-1.3926239,6.4965057,6.1997986,-0.1715858,-0.2771387,-0.78569984,0.0,0.0,0.0
-1.3220367,6.5934296,6.857834,-0.12610888,-0.18332815,-0.1289897,0.0,0.0,0.0
-1.4069824,6.20578,6.2117615,-0.23852551,-0.5586486,-0.7916379,0.0,0.0,0.0
-0.948761,6.522827,6.4498596,0.17353499,-0.2562585,-0.5469136,0.0,0.0,0.0
-0.6628113,6.6999054,6.5491486,0.44040024,-0.11616993,-0.4146452,0.0,0.0,0.0
-1.0014038,6.332611,6.7405853,0.12332606,-0.47066212,-0.2322793,0.0,0.0,0.0
-0.93678284,6.686737,6.8027954,0.2159071,-0.08002472,-0.20096254,0.0,0.0,0.0
-0.72143555,6.562317,6.693924,0.46541345,-0.18224525,-0.3255248,0.0,0.0,0.0
-1.2143555,6.172287,5.962921,0.02874732,-0.5596647,-1.0588951,0.0,0.0,0.0
-1.6019897,6.172287,5.6398773,-0.23932838,-0.53271484,-1.38554,0.0,0.0,0.0
-1.660614,6.173477,5.757126,-0.19838893,-0.50075436,-1.2775679,0.0,0.0,0.0
-1.812561,6.1543427,6.757324,-0.25982368,-0.47923326,-0.29640293,0.0,0.0,0.0
-1.7395782,6.563507,7.799408,-0.096699,3.156662E-4,0.7004037,0.0,0.0,0.0
-1.8520508,6.3266296,8.377274,-0.1877774,-0.15987682,1.2130694,0.0,0.0,0.0
-1.758728,6.023926,8.506485,-0.0837419,-0.3479786,1.2426262,0.0,0.0,0.0
-1.454834,5.822937,7.779068,0.22560239,-0.5216117,0.49255848,0.0,0.0,0.0
-1.4763641,5.8672028,7.0361023,0.22752798,-0.5019765,-0.22342253,0.0,0.0,0.0
-1.627121,6.049057,6.6484528,0.103845,-0.35766077,-0.571527,0.0,0.0,0.0
-1.5708923,6.150757,5.967697,0.19096994,-0.29235315,-1.2123141,0.0,0.0,0.0
-1.8460693,6.050247,5.5250244,-0.016235232,-0.44451284,-1.5911674,0.0,0.0,0.0
-1.701294,6.049057,6.1878357,0.16634667,-0.4656949,-0.9002037,0.0,0.0,0.0
-2.4957123,6.6687927,7.6378937,-0.62806356,0.17189455,0.53348684,0.0,0.0,0.0
-2.099701,6.5682983,7.7862396,-0.29279876,0.12873411,0.61424494,0.0,0.0,0.0
-1.6905365,6.01915,7.696518,0.01171267,-0.31633854,0.4071889,0.0,0.0,0.0
-1.4596252,5.7332,8.0686035,0.11541569,-0.49974346,0.66319656,0.0,0.0,0.0
-0.89372253,5.77388,7.582855,0.63866234,-0.42998838,0.14415884,0.0,0.0,0.0
-0.3744812,5.8013916,6.4857483,1.0787946,-0.36716318,-0.998055,0.0,0.0,0.0
-0.57069397,5.7104645,5.7021027,0.89099693,-0.4964924,-1.7482352,0.0,0.0,0.0
-1.4189453,6.131607,5.888733,0.08591008,-0.11035824,-1.5236669,0.0,0.0,0.0
-1.1353912,5.883957,6.9092712,0.3810016,-0.3581009,-0.50069857,0.0,0.0,0.0
-1.2430725,5.947357,7.8891296,0.26254582,-0.23507833,0.4271598,0.0,0.0,0.0
-1.2969055,5.8588257,8.329422,0.21170974,-0.2661357,0.82080555,0.0,0.0,0.0
-1.6749725,5.7762756,7.804184,-0.1358161,-0.32416677,0.2818179,0.0,0.0,0.0
-1.7814636,6.1208344,6.768097,-0.16575646,-0.015352726,-0.7090068,0.0,0.0,0.0
-1.5684967,6.0646057,6.3936157,0.11624503,-0.117646694,-1.0301156,0.0,0.0,0.0
-2.0123596,5.807373,5.8002014,-0.20865524,-0.43989086,-1.5406933,0.0,0.0,0.0
-1.6295166,6.3840485,6.653244,0.23912191,0.09445906,-0.6350789,0.0,0.0,0.0
-1.421341,6.3026886,7.2143555,0.43804026,-0.0045781136,-0.061046124,0.0,0.0,0.0
-1.8233337,6.1830597,8.215759,0.002635479,-0.08854151,0.90116787,0.0,0.0,0.0
-1.7958069,5.846863,8.400009,-0.027439237,-0.32803965,0.98962116,0.0,0.0,0.0
-1.537384,6.011963,7.473984,0.21272111,-0.14753914,0.046463966,0.0,0.0,0.0
-1.0253296,5.8576355,6.5407867,0.6661689,-0.29387665,-0.9069052,0.0,0.0,0.0
-0.97746277,5.819351,6.757324,0.6273241,-0.3480096,-0.6964474,0.0,0.0,0.0
-0.8267212,5.8217316,7.381851,0.6872699,-0.31493902,-0.11611462,0.0,0.0,0.0
-0.7082825,5.6195374,7.9202423,0.78621495,-0.46669006,0.37738466,0.0,0.0,0.0
-1.1353912,5.481964,7.314865,0.3913002,-0.602746,-0.22276688,0.0,0.0,0.0
-1.866394,5.831314,6.295517,-0.29112077,-0.28582907,-1.2057805,0.0,0.0,0.0
-2.2061768,6.0107727,6.057434,-0.57576525,-0.18808508,-1.3645811,0.0,0.0,0.0
-1.7766724,5.89711,6.6628113,-0.1365478,-0.33589172,-0.72840405,0.0,0.0,0.0
-1.6630096,6.1698914,7.412964,-0.03391695,-0.03901434,-9.36985E-4,0.0,0.0,0.0
-1.529007,6.0598297,7.6833496,0.09210873,-0.11774063,0.2415762,0.0,0.0,0.0
-1.5409851,5.839691,7.767105,0.08362031,-0.32676125,0.31687593,0.0,0.0,0.0
-1.5158539,6.003586,7.3172455,0.12266755,-0.1861763,-0.11057186,0.0,0.0,0.0
-1.401001,5.9772644,6.849457,0.26380968,-0.2522955,-0.5391407,0.0,0.0,0.0
-1.1377869,6.0921326,6.0801697,0.5669317,-0.17703724,-1.2657022,0.0,0.0,0.0
-1.3615112,5.9772644,6.6173553,0.36399496,-0.29516935,-0.7208724,0.0,0.0,0.0
-1.2849426,5.8695984,7.2634125,0.3917662,-0.31295967,-0.16188288,0.0,0.0,0.0
-1.4955139,6.0885315,7.9046936,0.1594665,-0.052051544,0.43979836,0.0,0.0,0.0
-1.5804596,5.991623,8.076965,0.039500237,-0.077775955,0.54646015,0.0,0.0,0.0
-1.5170441,5.9437714,7.8747864,0.08233261,-0.07598972,0.30016708,0.0,0.0,0.0
-1.3196411,5.947357,7.402191,0.26510108,-0.070869446,-0.17672205,0.0,0.0,0.0
-1.4356995,5.87677,7.360321,0.14956558,-0.17475891,-0.1919179,0.0,0.0,0.0
-1.5158539,5.893524,7.3363953,0.060330153,-0.18059635,-0.19959116,0.0,0.0,0.0
-1.4907227,5.9234314,7.125824,0.06821072,-0.17235851,-0.3962407,0.0,0.0,0.0
-1.5481567,6.074173,6.8350983,-0.0060884953,-0.050564766,-0.6669016,0.0,0.0,0.0
-1.7324066,6.2357025,6.921234,-0.20123017,0.05464697,-0.5366769,0.0,0.0,0.0
-1.7216339,6.2069855,7.178467,-0.20524931,-0.019294739,-0.24476719,0.0,0.0,0.0
-1.4620209,6.1543427,7.2143555,0.0272758,-0.102608204,-0.18854618,0.0,0.0,0.0
-1.1162567,6.0921326,7.0660095,0.33636284,-0.19522858,-0.31839132,0.0,0.0,0.0
-0.8674011,6.201004,6.896118,0.54200745,-0.11773157,-0.4698534,0.0,0.0,0.0
-0.73579407,6.242874,6.9092712,0.6087787,-0.11917353,-0.43149567,0.0,0.0,0.0
-0.71066284,6.294327,7.0492554,0.5948547,-0.08530283,-0.28329802,0.0,0.0,0.0
-0.97746277,6.3194427,7.21196,0.30149508,-0.07187605,-0.115092754,0.0,0.0,0.0
-1.2119598,6.24646,7.2323,0.05008173,-0.16542673,-0.07969999,0.0,0.0,0.0
-1.3435669,6.1794586,7.274185,-0.089714885,-0.25251722,-0.0215621,0.0,0.0,0.0
-1.3423767,6.151947,6.7824554,-0.11224568,-0.33443117,-0.46903133,0.0,0.0,0.0
-1.2263184,6.345764,6.0753784,-0.021175385,-0.19055748,-1.135344,0.0,0.0,0.0
-0.8386841,6.376877,6.0550385,0.31121683,-0.23067951,-1.0995626,0.0,0.0,0.0
-0.76690674,6.3708954,6.0681915,0.35137475,-0.2669387,-1.0633578,0.0,0.0,0.0
-0.65922546,6.305084,6.3421783,0.43799365,-0.348557,-0.7779026,0.0,0.0,0.0
-0.6628113,6.2656097,6.649658,0.4036535,-0.38540173,-0.47754955,0.0,0.0,0.0
-0.7130585,6.1340027,6.945175,0.33846235,-0.4980502,-0.2018919,0.0,0.0,0.0
-0.8542328,6.119644,7.133011,0.18990815,-0.4778533,-0.047043324,0.0,0.0,0.0
-0.99661255,6.201004,6.9020996,0.04869342,-0.3880043,-0.28557682,0.0,0.0,0.0
-1.0947113,6.3421783,6.6759796,-0.048695087,-0.25409698,-0.5049248,0.0,0.0,0.0
-1.0612183,6.3840485,6.742981,-0.019711733,-0.22093582,-0.43056965,0.0,0.0,0.0
-0.9056854,6.242874,7.022934,0.1273216,-0.35496855,-0.15841436,0.0,0.0,0.0
-0.87457275,6.24646,7.0576324,0.14627123,-0.3386693,-0.13711071,0.0,0.0,0.0
-0.73698425,6.2847443,6.9272156,0.26232266,-0.28677607,-0.28297853,0.0,0.0,0.0
-0.47138977,6.39003,6.9224396,0.503642,-0.1739254,-0.2979617,0.0,0.0,0.0
-0.55513,6.3828583,6.830307,0.41206992,-0.17028666,-0.40095854,0.0,0.0,0.0
-0.72262573,6.271591,7.051651,0.24276847,-0.26550055,-0.19437075,0.0,0.0,0.0
-0.8757782,6.3397827,7.2059784,0.08824527,-0.16478634,-0.069434166,0.0,0.0,0.0
-0.91645813,6.32782,7.122238,0.050878525,-0.16269588,-0.1652751,0.0,0.0,0.0
-0.73339844,6.364914,7.0504456,0.23059219,-0.119709015,-0.24275494,0.0,0.0,0.0
-0.79800415,6.3912354,7.0253296,0.15255725,-0.084335804,-0.27766895,0.0,0.0,0.0
-0.7238312,6.3672943,7.301697,0.21848899,-0.09223509,-0.016561508,0.0,0.0,0.0
-0.6652069,6.234497,7.4452667,0.26296383,-0.18903589,0.09359312,0.0,0.0,0.0
-0.6388855,6.0335083,7.0576324,0.27677244,-0.3726673,-0.3107376,0.0,0.0,0.0
-0.6269226,6.028717,6.757324,0.2785539,-0.3707695,-0.6181135,0.0,0.0,0.0
-0.6628113,6.10289,6.6149597,0.2445162,-0.30488014,-0.75305414,0.0,0.0,0.0
-0.7645111,6.256027,6.805191,0.15231133,-0.16534805,-0.54979134,0.0,0.0,0.0
-0.96191406,6.303894,7.2311096,-0.026369154,-0.12646246,-0.11366081,0.0,0.0,0.0
-1.002594,6.241684,7.3160553,-0.06079781,-0.1875186,-0.028926373,0.0,0.0,0.0
-0.8446655,6.1495514,7.1892395,0.091392696,-0.2782631,-0.157691,0.0,0.0,0.0
-0.6616211,6.0442657,6.936798,0.26442695,-0.38464928,-0.4104371,0.0,0.0,0.0
-0.5204315,6.0155487,6.775284,0.38491708,-0.41022158,-0.577281,0.0,0.0,0.0
-0.45703125,6.086151,6.727417,0.43498194,-0.33345318,-0.6321602,0.0,0.0,0.0
-0.67477417,6.258423,6.994217,0.21386325,-0.15719557,-0.36924362,0.0,0.0,0.0
-0.6807556,6.214157,7.08873,0.21560717,-0.20000982,-0.27505875,0.0,0.0,0.0
-0.8518524,6.011963,7.2311096,0.055047452,-0.39231348,-0.13999367,0.0,0.0,0.0
-0.9762726,5.9485626,7.125824,-0.057874143,-0.43208647,-0.26432133,0.0,0.0,0.0
-0.99661255,5.9844513,6.9391785,-0.07204509,-0.3878231,-0.45742083,0.0,0.0,0.0
-0.8614197,6.1076813,6.9056854,0.07380432,-0.26777744,-0.4868288,0.0,0.0,0.0
-0.82432556,6.1160583,6.592224,0.120382965,-0.26249886,-0.79641056,0.0,0.0,0.0
-0.9056854,6.2081757,6.6508484,0.06429213,-0.1701355,-0.73472357,0.0,0.0,0.0
-1.174881,6.3828583,7.7001038,-0.1468091,0.019450188,0.30953598,0.0,0.0,0.0
-1.1078796,6.202194,7.6869354,-0.075680256,-0.15913296,0.2951517,0.0,0.0,0.0
-1.0468597,6.238083,7.6247253,-0.04043269,-0.11275053,0.22037458,0.0,0.0,0.0
-1.0384827,6.027527,7.2323,-0.032886267,-0.31526613,-0.17905188,0.0,0.0,0.0
-1.2418823,5.962921,6.6137543,-0.22282088,-0.38958454,-0.78743315,0.0,0.0,0.0
-1.1042938,6.078964,6.735794,-0.07987809,-0.30415583,-0.6382642,0.0,0.0,0.0
-1.0588226,6.0969086,6.2069855,-0.041176677,-0.30457926,-1.1520729,0.0,0.0,0.0
-0.95951843,6.04187,6.3601227,0.060978055,-0.36001635,-0.99819374,0.0,0.0,0.0
-1.1676941,6.175873,6.805191,-0.11095786,-0.20911646,-0.5626855,0.0,0.0,0.0
-1.0839539,6.18544,7.2957153,0.0018662214,-0.18899393,-0.07707071,0.0,0.0,0.0
-1.0372925,6.099304,7.759918,0.038802028,-0.24483871,0.35963058,0.0,0.0,0.0
-1.0420685,6.0012054,8.149948,0.014241457,-0.27975702,0.6931319,0.0,0.0,0.0
-1.0779724,5.9102783,8.166702,-0.028131723,-0.3410201,0.68408966,0.0,0.0,0.0
-1.105484,5.864807,7.1210327,-0.06376624,-0.335495,-0.40501976,0.0,0.0,0.0
-1.1114655,5.9318085,6.02034,-0.06327176,-0.3126893,-1.4681797,0.0,0.0,0.0
-1.0456696,5.9940186,6.1902313,0.014446139,-0.28677464,-1.2661872,0.0,0.0,0.0
-1.0875397,6.0514526,6.8614197,-0.017987609,-0.22184134,-0.5999632,0.0,0.0,0.0
-1.0432739,5.946167,7.310074,0.061425805,-0.2813654,-0.18444872,0.0,0.0,0.0
-1.2789612,5.9617157,7.7312164,-0.14024448,-0.23524904,0.21647501,0.0,0.0,0.0
-1.3938141,5.9820557,7.8149567,-0.23342288,-0.18739128,0.28091383,0.0,0.0,0.0
-1.4895325,5.950943,7.6905365,-0.32350242,-0.20627308,0.14736414,0.0,0.0,0.0
