0.020339966,6.065811,6.945175,0.05893576,-0.124574184,-0.27910614,0.025012255,-0.06273937,9.502791
0.09690857,6.072983,6.8817596,0.15365553,-0.23511696,-0.14730167,0.10977507,-0.09868717,9.52594
0.17347717,6.0646057,6.789627,0.1798042,-0.23199797,-0.1990509,0.12855709,-0.06408882,9.482398
0.1603241,6.0634155,6.7633057,0.18140793,-0.25598478,-0.44343662,0.09310031,0.06470251,9.275407
0.39242554,6.1136627,6.735794,0.17267287,-0.21495533,-0.62721014,0.061258256,0.21138716,9.157823
0.4295044,6.0466614,6.7417755,0.16678321,-0.23288298,-0.52347136,0.06886107,0.13620138,9.229779
0.324234,6.12323,6.8685913,0.2510624,-0.28018427,-0.5045557,0.15112448,0.090706825,9.202461
0.23330688,5.974884,7.0289154,0.32851994,-0.27988768,-0.5742221,0.2180509,0.13855839,9.136391
0.15194702,6.1340027,7.1772766,0.3817563,-0.23986435,-0.7342696,0.25027287,0.27273846,9.028575
0.04067993,6.238083,7.360321,0.22606087,-0.28864717,-0.71903515,0.017638683,-0.24249554,9.03703
-0.102890015,6.2823486,7.4763794,0.13961434,-0.28293037,-0.43369484,-0.024110794,-0.06855035,9.275282
-0.16870117,6.3134613,7.4656067,0.107904315,-0.1974492,-0.25068712,0.05485308,0.0032143593,9.474303
-0.2644043,6.423538,7.4392853,0.16445935,-0.22776556,-0.32770538,0.09723592,0.02944231,9.3871355
-0.37806702,6.3338013,7.5840454,0.22780967,-0.22397518,-0.39164877,0.1506477,0.07553244,9.3301525
-0.39720154,6.4115753,7.5972137,0.18786466,-0.2649026,-0.40594864,0.10661042,0.05187559,9.300484
-0.44386292,6.1615143,7.310074,0.19670546,-0.2836547,-0.30133295,-0.12752557,-0.037047386,9.368109
-0.22851563,6.2847443,7.166504,0.15795124,-0.28572226,-0.40529156,0.076313734,0.035577774,9.293076
-0.29312134,6.110077,7.1521454,0.17164898,-0.29948616,-0.5751643,0.06327927,0.13265371,9.152151
-0.090927124,6.1363983,7.1605225,0.14168942,-0.27270365,-0.5741515,0.03535855,0.15271616,9.174574
-0.105285645,6.04187,6.9379883,0.05096078,-0.31858826,-0.4144516,-0.0330801,0.013784409,9.282645
0.050247192,5.9892426,6.818344,0.066034794,-0.35666895,-0.32926702,-0.024029493,0.064704895,9.32165
-0.0023956299,5.9102783,6.878174,0.09053552,-0.3195691,-0.45188427,-3.0338764E-4,0.03821802,9.247133
0.0382843,5.962921,6.9056854,0.06924713,-0.25760603,-0.5760107,-0.036462784,0.16435003,9.194601
0.08973694,6.0012054,6.7322083,0.032639146,-0.25781155,-0.45610523,-0.054698706,0.08796692,9.292031
0.08135986,5.95813,6.5455627,0.030828834,-0.2903576,-0.2870655,0.009280205,0.054222822,9.400893
0.086135864,5.9306183,6.5359955,0.061144352,-0.33955622,-0.27715874,-0.005419731,-0.08721638,9.372809
0.14117432,5.946167,6.6723785,0.057482123,-0.3489232,-0.39809608,-0.028233647,-0.018530369,9.275246
0.11843872,5.8408813,6.772888,0.041014075,-0.32035828,-0.52384424,-0.0618577,0.08250713,9.199946
0.17706299,5.8791656,6.9260254,0.120150805,-0.2937193,-0.6206784,0.0032104254,0.16769695,9.13003
0.21894836,5.9928284,6.9272156,0.13814735,-0.36243868,-0.43095207,0.045924067,-0.0053544044,9.228699
0.22013855,6.0311127,6.9355927,0.11770105,-0.33954668,-0.35297632,0.039642215,-0.03854227,9.30597
0.06939697,5.967697,7.010971,0.07381487,-0.38518953,-0.32973337,-0.0029536486,-0.09133816,9.302476
0.062210083,6.16391,7.3292084,0.09917307,-0.36300325,-0.2486844,0.03576672,-0.12391949,9.37443
0.0657959,6.16391,7.258621,0.0998044,-0.38778496,-0.24598122,0.03498435,-0.1452837,9.361102
0.0765686,6.2404785,7.3124695,0.10744047,-0.34631872,-0.22935724,0.047540903,-0.12374067,9.39859
-0.051452637,6.271591,7.4476624,0.12113452,-0.30362415,-0.4387579,0.031971216,0.0407362,9.261959
-0.034698486,6.3110657,7.277771,0.07020676,-0.34949112,-0.47078466,-0.02636993,0.023293495,9.217181
0.0011901855,6.3026886,7.056427,0.104138374,-0.28681946,-0.29984522,0.037175417,-0.032419205,9.381699
0.0657959,6.233307,7.1078796,0.14011204,-0.24610901,-0.24531221,0.08373642,-0.033166885,9.442965
0.16390991,6.276367,7.220337,0.19215214,-0.2629323,-0.361907,0.11602342,0.028787613,9.334694
0.22970581,6.241684,7.1641083,0.14556015,-0.35298347,-0.5175514,-0.011288166,-0.06669927,9.167066
0.14237976,6.2823486,7.1808624,0.15072656,-0.28808594,-0.48910666,0.053886056,0.08840132,9.228534
0.110076904,6.209381,7.3088837,0.16644657,-0.30665112,-0.4066081,0.0808202,0.023575306,9.277518
-0.0035858154,6.1327972,7.3710938,0.22829854,-0.3861971,-0.2765789,0.15695655,-0.1169405,9.31731
-0.086135864,6.189041,7.3052826,0.17185879,-0.40108395,-0.34546328,-0.11960101,0.03995657,9.264573
-0.18424988,6.175873,7.256241,0.18608236,-0.31476784,-0.39918184,0.101163745,0.013373375,9.275013
-0.26560974,6.251251,7.124634,0.15890372,-0.32598877,-0.38219357,0.07621181,-0.0071001053,9.28537
-0.24765015,6.153137,7.021744,0.12919772,-0.3350706,-0.28248549,0.061703086,-0.07801247,9.360702
-0.28474426,6.14357,7.063614,0.14432776,-0.31689072,-0.27616024,0.07868266,-0.067522526,9.374489
-0.32781982,6.0801697,7.195221,0.11322987,-0.2657442,-0.30946302,0.046257854,-0.008449078,9.385941
-0.37088013,5.93779,7.3531494,0.1649375,-0.20796633,-0.3302269,0.09775829,0.052307606,9.397736
-0.32183838,5.9653015,7.525421,0.18253362,-0.21938086,-0.3488593,0.1114943,0.056263924,9.373577
-0.37806702,5.9976044,7.482361,0.22770584,-0.2947631,-0.3374896,0.15321589,-0.0073332787,9.328
-0.26560974,6.1447754,7.290924,0.15754318,-0.28684473,-0.35680056,0.08187568,0.00719738,9.329522
-0.21296692,6.3960114,6.916458,0.13000453,-0.28569984,-0.36323643,0.053909898,0.010726929,9.329739
-0.25004578,6.0957184,6.84227,0.115986586,-0.29650497,-0.2970786,-0.06239724,0.0123775005,9.375863
-0.08135986,6.160324,6.7166595,0.17770827,-0.33042526,-0.3392148,0.10183215,-0.03686714,9.312588
-0.09211731,5.9844513,6.742981,0.15458453,-0.35029984,-0.3889532,0.070067406,-0.022398472,9.265837
0.049057007,6.007187,6.754944,0.13770592,-0.33406878,-0.42554665,0.048685074,0.012722969,9.250662
0.026321411,6.0346985,6.735794,0.09014559,-0.36841583,-0.35483885,0.010655642,-0.060245037,9.290875
0.055038452,6.201004,6.833908,0.12760377,-0.36681318,-0.3057809,0.05527103,-0.08780956,9.323359
0.13160706,6.28714,7.043274,0.19113994,-0.2942567,-0.41931963,0.104643226,0.04296589,9.271716
-0.009567261,6.34935,7.368698,0.18409038,-0.33038664,-0.5821028,0.07002652,0.11742449,9.126066
0.04547119,6.300308,7.598404,0.13404953,-0.35538483,-0.568038,0.020925522,0.08736086,9.129254
-0.0011901855,6.3014984,7.668991,0.10619056,-0.35181284,-0.27458668,0.03882134,-0.09565592,9.359673
0.16630554,6.3601227,7.556534,0.13432562,-0.33131933,-0.28957367,0.06515324,-0.06900406,9.356469
0.100494385,6.3014984,7.117447,0.09908974,-0.3500414,-0.35469055,0.018474221,-0.044168472,9.300822
0.093322754,6.394821,7.0049896,0.075624466,-0.30581188,-0.44046545,-0.015508413,0.043435574,9.267092
-0.037094116,6.3912354,7.075577,0.06502962,-0.34246588,-0.2778201,-0.0032173395,-0.08749342,9.36958
0.0059814453,6.406784,7.166504,0.07515812,-0.39714622,-0.28797483,-0.056238413,0.10957551,9.325887
-0.11605835,6.24527,7.2299194,0.0966388,-0.38801813,-0.35730934,0.01154685,-0.071801186,9.2753525
-0.21894836,6.296707,7.2263184,0.12834811,-0.3516922,-0.4654808,-0.012851715,-0.036230564,9.210533
-0.035888672,6.253647,7.2095795,0.14138341,-0.3078084,-0.47021818,0.042960525,0.06444836,9.232332
-0.12921143,6.110077,7.1700897,0.07932389,-0.36460114,-0.29092026,0.0057965517,-0.095528126,9.343291
-0.17706299,6.0646057,7.0456696,0.10746944,-0.35620308,-0.29613352,0.033077836,-0.0848465,9.339925
-0.2368927,6.1017,6.8279266,0.12966752,-0.3201542,-0.39947653,0.04105425,0.009094715,9.280224
-0.20936584,6.1327972,6.7621155,0.11923051,-0.29299784,-0.4649434,0.0123353,-0.07368517,9.249287
-0.19502258,6.04187,6.7453613,0.14452505,-0.34953833,-0.19908428,0.08491695,-0.13919401,9.411539
-0.23210144,5.9928284,6.8638153,0.14834988,-0.3667369,-0.14180899,0.09644568,-0.18863201,9.443705
-0.2033844,6.0012054,6.837494,0.19678926,-0.34665108,-0.33808947,0.11459005,-0.047700405,9.298919
-0.22372437,6.0,6.948761,0.23104739,-0.30297995,-0.44751978,0.1343627,0.056804657,9.237288
-0.16270447,6.045471,7.1904297,0.17865574,-0.28985214,-0.44533348,0.0841918,0.06417227,9.256152
-0.18544006,6.0095673,7.2394867,0.13799441,-0.21169472,-0.44126558,0.050478816,0.12121439,9.315395
-0.14715576,6.130417,7.2394867,0.2505716,-0.29588795,-0.4011364,0.16193527,0.036233902,9.274006
-0.20100403,6.10289,7.2514496,0.2601241,-0.32427788,-0.44313717,0.16295165,0.04116583,9.222747
-0.1040802,6.222534,7.2729797,0.22371697,-0.29485416,-0.33789396,-0.13366127,-0.059306145,9.3273
-0.16749573,6.222534,7.274185,0.14315248,-0.33820438,-0.20095015,-0.13232493,0.07864857,9.417344
-0.10169983,6.2680054,7.0576324,0.15466464,-0.27145386,-0.074807644,0.12135744,-0.15571642,9.553217
-0.06700134,6.217743,6.9834595,0.24934018,-0.25321436,-0.20337296,0.19571269,-0.056104183,9.4514065
-0.12083435,6.18425,6.9236298,0.5214069,-0.46644878,-0.3787179,0.42158532,-0.096461296,9.138947
-0.046661377,6.193817,7.0540466,0.58846855,-0.7254944,0.102375984,0.5427271,-0.5984392,9.326614
0.14237976,6.12323,7.1700897,1.8774446,-1.1619334,0.541451,1.827867,-1.1808083,9.14889
0.27278137,6.209381,7.434494,1.0118737,-1.0684881,0.6526141,0.9943261,-1.2068267,9.424099
0.07537842,6.1866455,7.3040924,1.1258607,-1.0599647,0.48975992,1.0171227,-1.1246123,9.230751
0.04307556,6.098114,7.2012024,0.75158834,-0.7305622,-0.16920996,0.58126885,-0.41505814,9.021099
-0.037094116,6.0957184,7.1736755,0.6491387,-0.5559764,-0.83363247,-0.19106936,-0.36789608,8.6870165
-0.08494568,6.065811,7.2514496,0.06913638,-0.30767202,-1.5231533,-0.29929537,0.94187,8.605509
-0.11126709,6.18425,7.247864,-0.71908116,0.11376381,-1.9790401,-1.0083653,1.6537278,8.972981
-0.22013855,6.1160583,7.117447,-1.3190482,0.377985,-2.179089,-1.5259744,2.0176854,9.325466
-0.34576416,6.214157,7.1078796,-1.3311286,0.33331013,-1.8507929,-1.4805067,1.7431886,9.527673
-0.41036987,6.0586243,7.1401825,-1.2218201,0.30463934,-1.2791476,-1.2706896,1.2675767,9.7850485
-0.33140564,6.1136627,7.117447,-1.1511822,0.18206882,-0.69484377,-1.1299517,0.7287352,9.9892235
-0.3864441,6.050247,6.8685913,-1.5568473,0.31519604,-0.4144311,-1.4016763,0.61850643,10.396252
-0.40678406,6.130417,6.6269226,-1.0757487,0.23445511,-0.83874416,-1.0589144,0.88470674,9.914774
-0.2679901,6.072983,6.55513,-0.5306163,0.06344414,-1.2222414,1.1353986,-0.5485096,9.371381
-0.3098755,5.9246216,6.886551,-0.39922333,-0.045420647,-1.1160455,-0.58334213,0.9020591,9.303658
-0.22253418,5.95813,7.051651,0.136662,-0.42376614,-0.34398603,-0.08408189,0.02234602,9.250761
-0.19262695,6.023926,7.0707855,0.37638092,-0.5778775,-0.09355354,0.12728643,-0.28669405,9.185392
-0.0993042,6.0227356,7.056427,0.2761488,-0.53045225,-0.06754923,0.055423737,-0.2742324,9.273804
-0.093322754,5.986847,7.2430725,0.05443263,-0.32879114,-0.16199923,-0.095439374,-0.0649333,9.4545355
-0.17468262,6.0,7.347168,-0.15416908,-0.19565582,-0.4264288,-0.28696656,0.24154377,9.485406
-0.13998413,6.0023956,7.276581,-0.077785015,-0.10011196,-0.59663916,-0.21331507,0.43146396,9.431969
-0.17468262,6.168701,7.3005066,-0.11180782,-0.10479164,-0.66804934,-0.25879496,0.49074197,9.404196
-0.10647583,6.1997986,7.278961,-0.27336383,-0.047227383,-0.52388763,-0.3595844,0.4192655,9.5914
-0.11843872,6.275177,7.261017,-0.24856782,-0.14375973,-0.24897385,-0.3235675,0.13837194,9.66313
-0.06341553,6.2524414,7.421341,-0.106058836,-0.21768093,-0.2125845,-0.21405405,0.056058884,9.572421
-0.110076904,6.2392883,7.3830566,0.041867495,-0.3512535,-0.35890484,-0.15383172,0.088897705,9.335081
0.027511597,6.30867,7.2837524,-0.01884818,-0.37050247,-0.4330635,-0.22961515,0.14401054,9.304944
-0.04307556,6.254837,7.277771,-0.10561371,-0.25079393,-0.5396004,-0.28296405,0.30721498,9.369876
-0.013153076,6.2237244,7.3986053,0.091804504,-0.21969652,-1.2095985,-0.20738888,0.85893893,8.946978
-0.16630554,6.119644,7.502701,-0.1516757,-0.25240755,-0.29151487,-0.28214276,0.106954575,9.522657
-0.07298279,6.233307,7.3459625,-0.21793008,-0.22743654,-0.011165142,0.17816806,0.24524617,9.720302
0.021530151,6.2404785,7.3531494,-0.051599026,-0.17575693,-0.30581522,-0.16280597,0.15256834,9.528635
-0.010772705,6.148361,7.3447723,-0.123259544,-0.1832757,-0.5181966,-0.2644353,0.32742548,9.432247
-0.0059814453,6.1040955,7.392624,-0.1878171,-0.14797926,-0.6302247,-0.32743055,0.44399524,9.419334
-0.117248535,5.9689026,7.4081726,-0.16952968,-0.14839888,-0.85108423,0.63297033,-0.32384324,9.287439
-0.051452637,6.04187,7.2598267,-0.06492281,-0.22957659,-0.85955715,0.5426674,-0.32190633,9.176058
-0.033493042,5.9533386,7.158127,-0.15580463,-0.31208372,-0.31063747,-0.3021642,0.08109999,9.459826
0.0382843,5.97966,7.0301056,-0.25106382,-0.28290606,-0.2263813,-0.3647346,0.037548542,9.561954
-0.034698486,5.8301086,7.010971,-0.3693421,-0.16016483,-0.5287523,-0.47369534,0.3593526,9.509794
-0.10887146,5.8815613,6.9044952,-0.079027414,-0.18784666,-0.55379677,-0.21633768,0.32618046,9.365033
-0.12322998,5.807373,6.845871,-0.042924643,-0.25564814,-0.49357748,-0.19541156,0.22497654,9.3354645
-0.13160706,5.8217316,6.8350983,7.491112E-4,-0.29777193,-0.16879511,-0.121982455,-0.05851841,9.492234
-0.13519287,5.7068787,6.8817596,-0.024288416,-0.33413458,-0.08488989,-0.14125144,-0.1505084,9.529455
-0.06460571,5.7834473,6.867401,0.09610081,-0.37215424,-0.034776688,-0.031537414,-0.23056555,9.498774
0.04067993,5.822937,6.7417755,0.20661592,-0.3744111,-0.14921236,0.06511378,-0.17162085,9.3925905
0.09690857,5.91745,6.752548,0.13599205,-0.3272004,-0.24154139,0.007646978,-0.07364607,9.384261
0.13040161,5.8743744,6.9439697,0.16101027,-0.360466,-0.112222195,0.04029286,-0.19554234,9.448051
0.10647583,5.883957,7.0995026,0.097049,-0.31017637,-0.16003036,-0.008449316,-0.12322426,9.466089
0.12802124,5.85643,7.1102753,0.09952426,-0.2893567,-0.19822836,-0.043705225,0.07536292,9.452621
0.052642822,5.8863373,7.1485596,0.23104215,-0.3170309,-0.17599249,-0.17786288,0.05777645,9.419497
0.07058716,5.9030914,6.9655,0.27141428,-0.33604574,-0.3687067,0.14207524,-0.030570507,9.257635
0.21296692,5.8899384,6.957138,0.37574458,-0.36475277,-0.48585224,0.2285375,0.013900757,9.129997
0.19502258,5.962921,6.9643097,0.4074142,-0.32359314,-0.49646616,0.2698536,0.047281265,9.141729
0.29312134,5.8815613,7.031311,0.3808837,-0.43655062,-0.23934937,0.2540717,-0.20393753,9.271118
0.18544006,5.848053,7.2430725,0.3728056,-0.44241762,-0.25859642,0.24607939,-0.19855309,9.25746
0.20698547,5.9234314,7.495514,0.4947889,-0.41595936,-0.28114462,0.36955643,-0.1741147,9.2322
0.061019897,5.9653015,7.628311,0.58953595,-0.3817215,-0.40212822,-0.4385383,-0.1485517,9.142882
0.017944336,6.1591187,7.610367,0.5299282,-0.3642273,-0.36075068,0.40741384,-0.086381435,9.198228
-0.14715576,6.1375885,7.603195,0.5425539,-0.34096813,-0.26314497,0.4354391,-0.13275623,9.284503
-0.0657959,6.1997986,7.688141,0.5003786,-0.3388853,-0.30754852,0.38961828,-0.10036659,9.260818
-0.21176147,6.1818542,7.610367,0.4133792,-0.32904768,-0.38402605,0.29779178,-0.03825569,9.226576
-0.13877869,6.233307,7.544571,0.12952137,-0.23684406,-0.23726416,0.054711282,-0.040558815,9.453767
-0.01914978,6.0933228,7.3411865,0.07090497,-0.15502119,-0.12850237,0.025221884,-0.042642593,9.599002
-0.023925781,6.074173,7.265808,0.13969088,-0.21660328,-0.31019783,-0.039227724,-0.048884153,9.408247
-0.07417297,6.0514526,7.247864,0.15686083,-0.26379204,-0.45441103,-0.0018799305,-0.090289116,9.265795
-0.08973694,6.0562286,7.381851,0.1054728,-0.23448229,-0.31024122,0.02184391,0.010037422,9.404434
-0.037094116,6.0885315,7.532608,0.14750028,-0.2568221,-0.21272135,0.06965488,-0.07250738,9.456143
-0.013153076,6.027527,7.4967194,0.22678876,-0.27888632,-0.37633228,0.123734474,0.009072781,9.301235
0.09690857,6.0311127,7.4356995,0.22170901,-0.3046074,-0.5572429,0.09296042,0.105679035,9.148889
0.046661377,5.9329987,7.3375854,0.1889255,-0.27797413,-0.5303569,0.069565356,0.112112045,9.192784
0.034698486,5.976074,7.204788,0.23102593,-0.2957468,-0.30865908,0.13336653,-0.046148777,9.341685
-0.051452637,5.9808655,7.2502594,0.22318888,-0.34783983,-0.37822008,0.107791126,-0.041301727,9.258444
-0.058624268,6.0478516,7.167694,0.21763325,-0.30944777,-0.46143246,0.09979904,0.0419755,9.219862
-0.14955139,5.9976044,7.083954,0.17903638,-0.26959038,-0.45403957,0.07045156,0.07088661,9.25811
-0.15553284,5.9904327,7.076767,0.1264255,-0.24984169,-0.2893138,0.04226923,-0.0154418945,9.406548
-0.16390991,6.027527,7.1318054,0.13043594,-0.31777143,-0.071174145,0.059150636,-0.20723248,9.529858
-0.09211731,6.150757,7.113861,0.20820618,-0.34753084,-0.17634392,-0.18761802,0.08260512,9.415241
-0.18424988,6.0107727,7.2849426,0.25174236,-0.2762556,-0.5119834,-0.06222248,-0.15315676,9.194694
-0.41874695,6.016754,7.5601196,0.36442232,-0.28615046,-0.5963712,-0.124464035,-0.23880124,9.101082
-0.33021545,6.1447754,7.426132,0.32571435,-0.31481838,-0.49471283,0.20049524,0.0552454,9.168926
-0.3756714,6.0311127,7.310074,0.27608228,-0.36692953,-0.20512295,0.17756683,-0.16673899,9.366647
-0.18424988,6.011963,7.142578,0.29519963,-0.41795254,-0.28246737,-0.23331475,0.04041004,9.272285
-0.17468262,5.95813,7.0169525,0.36042142,-0.35209417,-0.40259886,-0.2185905,-0.09718394,9.207707
-0.10169983,5.996414,6.961914,0.3909223,-0.268373,-0.37116337,0.28559268,0.008139133,9.276578
-0.035888672,5.9844513,6.7381897,0.046863317,-0.11694956,-0.51982737,-0.039378345,0.244277,9.332443
-0.050247192,6.0047913,6.806381,0.033080578,-0.12666607,-0.60922194,-0.064748764,0.29856968,9.263555
0.059814453,6.0382843,7.039688,0.037871838,-0.09196758,-0.8365474,-0.0812186,0.47223425,9.113756
0.13160706,5.9844513,7.034897,-0.09321928,-0.10332394,-0.6031108,-0.17846286,0.3382163,9.319959
0.009567261,6.0753784,7.003784,-0.10651994,-0.1467495,-0.36808872,-0.18230051,0.15525627,9.473434
-0.0765686,6.050247,7.122238,-0.22708344,-0.18769169,-0.042327404,0.17767859,0.2209382,9.71608
-0.007171631,6.08136,7.147354,-0.30488634,-0.13367939,-0.061371803,0.26438212,0.20756388,9.766506
0.027511597,6.0837555,7.055237,-0.3192582,-0.093605995,-0.35749435,-0.3824026,0.23311329,9.611929
0.037094116,6.0681915,7.019348,-0.37705016,0.010342598,-0.87765837,-0.4901235,0.7124789,9.4008045
0.07896423,6.1004944,7.071991,-0.37800336,0.027221203,-1.1562014,-0.5446148,0.9438529,9.265387
-0.010772705,6.151947,7.195221,-0.26079583,-0.06729078,-1.0605645,-0.44999957,0.8165786,9.233904
-0.029907227,6.130417,7.186844,-0.21092677,-0.031834602,-0.73678637,-0.33822972,0.579088,9.43434
0.022735596,6.2081757,7.2598267,-0.3422289,-0.0578413,-0.48114824,-0.42285144,0.3686328,9.613581
-0.09451294,6.18544,7.1928253,-0.20707417,-0.17830658,-0.5575323,-0.35092622,0.35145044,9.434025
-0.09451294,6.1997986,7.134201,0.008093834,-0.29407787,-0.72437,-0.21977633,0.40519738,9.175166
-0.1878357,6.1615143,7.12941,0.078959465,-0.31817198,-0.50094366,-0.12147164,0.20848131,9.258752
-0.17468262,6.2153625,7.188034,0.022236824,-0.3134489,-0.37284088,-0.14956069,0.11183834,9.35623
-0.1375885,6.12323,7.1928253,-0.023470163,-0.2977314,-0.5765114,-0.22351241,0.28799915,9.269381
-0.14237976,6.2069855,7.208374,-0.03596759,-0.27157116,-0.6436062,-0.23898822,0.3590858,9.2560005
-0.022735596,6.1950226,7.247864,-0.05595517,-0.2429285,-0.57015324,0.3711052,-0.13866186,9.326782
-0.095718384,6.2321014,7.2801666,-0.16005325,-0.2020464,-0.3894639,-0.28577942,0.20357132,9.498412
-0.12562561,6.1627197,7.2179565,-0.19130301,-0.1729393,-0.2687688,-0.28341,0.12546158,9.60006
-0.22253418,6.1651,7.183258,-0.053376913,-0.2539482,-0.29931116,-0.18876404,0.0948205,9.471534
-0.24526978,6.126816,7.137787,0.12504554,-0.26518774,-0.6241379,-0.08719486,0.3418851,9.214182
-0.23330688,6.196213,7.1365967,-0.11630964,-0.15692902,-0.75750065,-0.29892546,0.52695537,9.311753
-0.12562561,6.2524414,7.281357,-0.14577198,-0.20447111,-0.54655886,-0.30362332,0.3304894,9.406182
-0.1603241,6.1017,7.422531,-0.25466037,-0.31616402,0.09023094,-0.32550466,-0.2442832,9.721061
-0.25602722,6.135193,7.47876,-0.2905593,-0.22423077,0.25135565,-0.2985747,-0.31821156,9.893129
-0.40797424,6.0143585,7.426132,-0.30800986,-0.25059938,-0.16981363,-0.3996542,0.0070533752,9.6431465
-0.27038574,6.1543427,7.2346954,0.016731262,-0.06756401,-0.6671181,-0.1265856,0.4973755,9.374812
-0.1758728,6.049057,6.9798584,0.015797377,-0.11459923,-0.83402586,-0.17286026,0.6034689,9.245466
-0.093322754,6.090927,6.86261,0.013142586,-0.17866135,-0.80857515,-0.19010192,0.5429959,9.210914
-0.009567261,6.1160583,6.899704,0.095592976,-0.21310759,-0.6094141,-0.08678883,0.35504818,9.265959
0.09451294,6.089737,6.9882355,0.17964363,-0.2605095,-0.60178137,-0.019301414,0.31213045,9.202929
0.122039795,5.9449615,7.1808624,-0.06986213,-0.15476656,-0.46047115,-0.19110197,0.27188444,9.445506
0.06460571,5.983246,7.2502594,0.07489753,-0.34586573,-0.5793271,0.24009061,-0.115454674,9.182248
0.13400269,6.0394897,6.940384,0.11493111,-0.34450197,-0.31604385,-0.04077977,0.01266098,9.327119
0.04547119,5.9485626,6.8817596,0.15032053,-0.40387535,0.067697525,-0.21593261,0.24835396,9.520313
0.06939697,6.0586243,6.9631195,0.13081574,-0.34579277,0.1432414,-0.23862338,0.26147437,9.628063
0.056228638,6.045471,6.8482513,0.15616989,-0.29005623,-0.032598972,0.06952083,-0.19068289,9.545134
0.20936584,6.148361,7.0049896,0.09622455,-0.22204065,-0.21032,0.011326253,-0.018297195,9.486756
0.23210144,6.06102,7.1150513,0.16566992,-0.2249074,-0.202878,0.08116901,-0.0352726,9.47295
0.27278137,6.099304,7.3040924,0.17293572,-0.22289467,-0.3111663,0.08027601,0.034495354,9.395822
0.2632141,6.0753784,7.277771,0.11216235,-0.1548891,-0.3643055,0.032751024,0.12087965,9.414725
0.26919556,6.0921326,7.3124695,0.27086258,-0.30576515,-0.4554181,0.14859855,0.05286503,9.21556
0.23568726,6.111267,7.2095795,0.36329246,-0.3125434,-0.66290474,0.21788591,0.17302895,9.037434
0.22612,6.2476654,7.1270294,0.31023765,-0.28529167,-0.71552753,0.16781509,0.22813463,9.026003
0.19502258,6.3062897,7.1617126,0.44202757,-0.36613512,-0.7178378,0.2846828,0.15759134,8.947083
0.22013855,6.2476654,7.3160553,0.43041062,-0.3608241,-0.701488,0.2844246,0.14438534,8.966539
0.20578003,6.238083,7.343567,0.39188075,-0.36031055,-0.38909006,0.2864592,-0.053717136,9.2151785
0.25842285,6.299103,7.294525,0.16625726,-0.26625967,-0.15397692,-0.15503383,0.052723885,9.497734
0.28953552,6.209381,7.2873383,0.15958607,-0.30901527,-0.030570984,-0.2117014,0.14904809,9.572429
0.3014984,6.065811,7.2682037,0.22759843,-0.29873562,-0.031854153,-0.27083254,0.10951853,9.568502
0.25483704,6.1004944,7.1533356,0.3649361,-0.25367355,-0.23492193,0.30223227,-0.07953882,9.412891
0.08015442,6.114853,7.0289154,0.29436767,-0.3018446,-0.27065945,0.22394001,-0.095942974,9.3688545
0.04307556,6.1411743,7.1593323,0.23538232,-0.3538823,-0.103235245,0.177212,-0.2348361,9.483011
-0.100494385,6.1017,7.6462708,0.23677814,-0.30780792,-0.08906937,0.18623692,-0.20631504,9.521182
-0.08375549,6.0059814,7.330414,0.2407155,-0.2954378,-0.2885251,0.1707524,-0.08057928,9.367533
-0.1375885,6.06221,7.1186523,0.25988925,-0.17858744,-0.35273027,0.19697171,0.0511775,9.379523
-0.16270447,5.995224,6.952347,0.2799225,-0.2335844,-0.40150166,0.20498842,0.034570217,9.305744
-0.23330688,5.9904327,6.973877,0.29813635,-0.21639204,-0.42040205,0.22302431,0.059158325,9.297524
-0.3146515,5.9605255,6.9918213,0.008425713,-0.0681591,-0.4788661,-0.052389085,0.22257185,9.380332
-0.39959717,6.072983,6.899704,-0.2674172,0.03359413,-0.5376215,-0.31973904,0.3476944,9.434423
-0.39601135,6.0538483,7.021744,-0.21988523,-0.021965504,-0.4897666,-0.27412218,0.27339792,9.434073
-0.2644043,6.0263214,7.1485596,-0.22489512,-0.04972601,-0.48252583,-0.28245592,0.24627209,9.42527
-0.3062744,6.0215454,7.0181427,-0.27278125,-0.13735867,-0.46633863,-0.33790773,0.1675191,9.396157
-0.3361969,5.9114685,6.870987,-0.11090684,-0.2327795,-0.37458277,-0.1789015,0.0322361,9.389812
-0.28355408,5.966507,6.9092712,0.10011685,-0.2673807,-0.41707945,0.020652592,0.025074482,9.302254
-0.24047852,5.9641113,6.880554,0.21622479,-0.30939817,-0.49635124,-0.08905101,-0.090628624,9.196158
-0.044265747,6.1160583,6.8482513,0.46411955,-0.34382343,-0.7040167,0.338611,0.13057756,8.971454
-0.114852905,6.025131,6.9140625,0.511794,-0.33515787,-0.6965337,0.38768739,0.13673401,8.975732
-0.15792847,6.0478516,7.0995026,0.7184011,-0.35283613,-0.6144986,0.60173213,0.0797143,9.00057
-0.24406433,5.97966,7.1413727,0.89734447,-0.33157682,-0.6111746,0.7827752,0.10394907,8.9910755
-0.35414124,6.028717,7.240677,0.9854207,-0.26289558,-0.59374094,0.87828857,0.15531874,9.0338745
-0.3134613,6.029907,7.307678,0.92210674,-0.2296195,-0.52959776,0.82713443,0.14722776,9.115526
-0.25602722,6.0155487,7.3854523,0.84367883,-0.26102257,-0.4113779,0.7645011,0.05472088,9.205234
-0.1878357,6.0311127,7.5553436,0.6902039,-0.36767817,-0.2631545,0.62717223,-0.124752045,9.2852
-0.102890015,6.1411743,7.569687,0.4702928,-0.39071417,-0.025897026,-0.5254836,0.035428524,9.495017
0.071777344,6.138794,7.379471,0.33940256,-0.44472456,0.13272476,0.3271855,-0.43115425,9.612625
0.17108154,6.1280212,7.278961,-0.116898656,-0.45599937,-0.0022587776,-0.14489198,-0.376359,9.563822
0.31225586,6.106476,7.2622223,-0.17177832,-0.38718224,-0.13134241,-0.2138797,-0.24720192,9.506958
0.22492981,6.374481,7.1808624,0.30714,0.07689905,-0.3360572,0.23507404,0.3368864,9.595867
0.16989136,6.3302155,7.1162567,0.25880682,0.019803524,-0.38981962,0.0,0.0,0.0
0.050247192,6.275177,7.289734,0.14573234,-0.044729233,-0.2082696,0.0,0.0,0.0
-0.057434082,6.1902313,7.2502594,0.04706812,-0.1353507,-0.24283552,0.0,0.0,0.0
-0.08973694,6.2165527,7.021744,0.03179168,-0.12183237,-0.46026707,0.0,0.0,0.0
-0.18185425,6.172287,6.809967,-0.036899433,-0.1932888,-0.6485057,0.0,0.0,0.0
-0.32063293,6.263214,6.7944183,-0.15835804,-0.119978905,-0.6486254,0.0,0.0,0.0
-0.32901,6.3637085,6.7704926,-0.14221466,-0.041670322,-0.6528902,0.0,0.0,0.0
-0.3864441,6.4426727,6.789627,-0.19269314,0.030832767,-0.6279974,0.0,0.0,0.0
-0.46061707,6.376877,6.9188538,-0.24314797,-0.050271988,-0.48485184,0.0,0.0,0.0
-0.5084686,6.4426727,6.9391785,-0.2733733,0.010766029,-0.45985508,0.0,0.0,0.0
-0.7417755,6.3062897,6.8159485,-0.47954,-0.13664627,-0.5725694,0.0,0.0,0.0
-0.8566284,6.119644,6.7369995,-0.56490636,-0.33985615,-0.6359339,0.0,0.0,0.0
-0.78125,6.072983,6.7166595,-0.4708363,-0.39585876,-0.647315,0.0,0.0,0.0
-0.8829498,6.0801697,6.7094727,-0.5458722,-0.39759636,-0.6454787,0.0,0.0,0.0
-0.8877411,6.180664,6.674774,-0.53353024,-0.30225182,-0.67483234,0.0,0.0,0.0
-0.84825134,6.2572327,6.690338,-0.47805944,-0.23091221,-0.6538658,0.0,0.0,0.0
-0.6903229,6.2440643,6.7501526,-0.3060132,-0.25028133,-0.587842,0.0,0.0,0.0
-0.59580994,6.197403,6.7621155,-0.20957693,-0.30050325,-0.5726261,0.0,0.0,0.0
-0.5647125,6.173477,6.818344,-0.17886099,-0.323359,-0.5173645,0.0,0.0,0.0
-0.5096741,6.1292114,6.8039856,-0.12449381,-0.36355066,-0.5353651,0.0,0.0,0.0
-0.5850525,6.0047913,6.859024,-0.20359764,-0.48131323,-0.48640537,0.0,0.0,0.0
-0.624527,5.9617157,6.8638153,-0.24748975,-0.5103636,-0.49420214,0.0,0.0,0.0
-0.58743286,6.0670013,6.879364,-0.21504703,-0.3947749,-0.48793983,0.0,0.0,0.0
-0.38523865,6.14357,6.8279266,-0.023319632,-0.3080325,-0.54880905,0.0,0.0,0.0
-0.3026886,6.253647,6.833908,0.047166258,-0.19172525,-0.5488534,0.0,0.0,0.0
-0.26919556,6.106476,7.014557,0.070739865,-0.33067656,-0.37583494,0.0,0.0,0.0
-0.3481598,6.119644,7.2957153,-0.025965512,-0.2918744,-0.11771917,0.0,0.0,0.0
-0.28234863,6.1124725,7.384247,0.031955242,-0.27621937,-0.04920578,0.0,0.0,0.0
-0.22372437,6.2189484,7.3088837,0.085538685,-0.14994478,-0.14175034,0.0,0.0,0.0
-0.27038574,6.209381,7.2837524,0.037826687,-0.15146351,-0.17379713,0.0,0.0,0.0
-0.2859497,6.2081757,7.4368896,0.023669332,-0.14098835,-0.030548573,0.0,0.0,0.0
-0.33380127,6.1950226,7.5182495,-0.018397242,-0.13359165,0.033628464,0.0,0.0,0.0
-0.29670715,6.1160583,7.556534,0.01977536,-0.19802952,0.05970049,0.0,0.0,0.0
-0.24765015,6.2237244,7.4560394,0.0632512,-0.08302927,-0.047198772,0.0,0.0,0.0
-0.18544006,6.1830597,7.3447723,0.12331259,-0.12658405,-0.15612411,0.0,0.0,0.0
0.053833008,6.22612,7.1976166,0.35730428,-0.09086847,-0.29731178,0.0,0.0,0.0
0.07058716,6.168701,7.3423767,0.36268985,-0.15587473,-0.14660168,0.0,0.0,0.0
-0.11605835,6.295517,7.4165497,0.17653081,-0.03871727,-0.06424284,0.0,0.0,0.0
-0.0382843,6.2596283,7.0983124,0.25998983,-0.09122038,-0.36815548,0.0,0.0,0.0
-0.09211731,6.1495514,7.1641083,0.20663765,-0.21569443,-0.29007006,0.0,0.0,0.0
-0.06460571,6.1124725,7.220337,0.23570064,-0.26366997,-0.22446012,0.0,0.0,0.0
-0.2536316,6.2189484,7.0468597,0.055975586,-0.16628599,-0.38976002,0.0,0.0,0.0
-0.21894836,6.2476654,7.0301056,0.10349423,-0.15117455,-0.39426374,0.0,0.0,0.0
-0.35653687,6.150757,7.0301056,-0.032192945,-0.2509799,-0.39168358,0.0,0.0,0.0
-0.24406433,6.0849457,7.08873,0.0852676,-0.31966162,-0.3303628,0.0,0.0,0.0
-0.30389404,6.077774,7.0995026,0.02444169,-0.32526207,-0.3209901,0.0,0.0,0.0
-0.18424988,6.2668,6.952347,0.15051153,-0.13893127,-0.4655323,0.0,0.0,0.0
-0.32661438,6.098114,6.7417755,0.008863121,-0.31705332,-0.6679115,0.0,0.0,0.0
-0.3254242,6.20459,6.9188538,0.011535525,-0.21980762,-0.4827652,0.0,0.0,0.0
-0.43669128,6.126816,7.031311,-0.10035083,-0.29074526,-0.3762641,0.0,0.0,0.0
-0.3672943,6.1878357,7.064804,-0.03385982,-0.2240591,-0.34780836,0.0,0.0,0.0
-0.48095703,5.9904327,7.073181,-0.14984137,-0.41702032,-0.34337473,0.0,0.0,0.0
-0.44386292,6.0215454,7.0492554,-0.115535766,-0.37898397,-0.37339973,0.0,0.0,0.0
-0.48693848,6.1280212,6.9678955,-0.15813881,-0.27451515,-0.45300722,0.0,0.0,0.0
-0.38165283,6.0873413,6.775284,-0.055071086,-0.32672024,-0.6357584,0.0,0.0,0.0
-0.39242554,6.072983,6.8039856,-0.06631535,-0.34702873,-0.60192347,0.0,0.0,0.0
-0.46180725,6.2680054,6.8638153,-0.13756901,-0.15728664,-0.5375953,0.0,0.0,0.0
-0.26679993,6.1651,7.0169525,0.053910077,-0.2601967,-0.3846078,0.0,0.0,0.0
-0.33499146,6.2357025,7.2335052,-0.025406688,-0.18457317,-0.17288494,0.0,0.0,0.0
-0.23330688,6.1651,7.323227,0.06300971,-0.2465229,-0.091197014,0.0,0.0,0.0
-0.16870117,6.214157,7.2717896,0.11981955,-0.1959238,-0.14427471,0.0,0.0,0.0
-0.14715576,6.0586243,7.034897,0.13220176,-0.36002493,-0.37410402,0.0,0.0,0.0
-0.14955139,6.2596283,6.9427795,0.12826943,-0.16419744,-0.46179104,0.0,0.0,0.0
-0.2715912,6.2237244,6.929611,0.0052314997,-0.20533037,-0.47045755,0.0,0.0,0.0
-0.24885559,6.294327,6.981064,0.0341205,-0.1560359,-0.40020514,0.0,0.0,0.0
-0.19142151,6.2883453,6.9595184,0.09783238,-0.16940165,-0.41504717,0.0,0.0,0.0
-0.17706299,6.2931213,7.155731,0.111394465,-0.17612553,-0.20877981,0.0,0.0,0.0
-0.24047852,6.273987,7.1940155,0.051177442,-0.19723368,-0.16863537,0.0,0.0,0.0
-0.19502258,6.34935,7.0863495,0.10061759,-0.1256504,-0.27281857,0.0,0.0,0.0
-0.22732544,6.24646,7.019348,0.07309967,-0.23569632,-0.333323,0.0,0.0,0.0
-0.26679993,6.325424,7.10907,0.034782946,-0.15769672,-0.24270391,0.0,0.0,0.0
-0.40438843,6.32782,7.147354,-0.095760524,-0.15460253,-0.20474339,0.0,0.0,0.0
-0.2644043,6.3505554,7.1485596,0.050632,-0.12933874,-0.2054944,0.0,0.0,0.0
-0.3134613,6.36969,7.1078796,0.0026140213,-0.110296726,-0.24604845,0.0,0.0,0.0
-0.23449707,6.2680054,7.1688995,0.0797016,-0.2096343,-0.18717623,0.0,0.0,0.0
-0.30508423,6.2931213,7.1808624,0.007384658,-0.18204975,-0.17745972,0.0,0.0,0.0
-0.20578003,6.1423798,7.1210327,0.10126367,-0.32859468,-0.24120903,0.0,0.0,0.0
-0.36968994,6.234497,7.0337067,-0.06204158,-0.23560905,-0.32927275,0.0,0.0,0.0
-0.38763428,6.3517456,6.9966125,-0.07875794,-0.118989944,-0.36576223,0.0,0.0,0.0
-0.43788147,6.2847443,7.0384827,-0.124824375,-0.18816423,-0.32180548,0.0,0.0,0.0
-0.24765015,6.3385925,7.1736755,0.064224035,-0.13388872,-0.18703842,0.0,0.0,0.0
-0.21296692,6.3014984,7.21196,0.09638953,-0.16966248,-0.15002108,0.0,0.0,0.0
0.06700134,6.2440643,6.9475555,0.37206194,-0.22796583,-0.4138403,0.0,0.0,0.0
0.5252228,6.070587,6.106476,0.8171748,-0.4054842,-1.2518969,0.0,0.0,0.0
0.4055786,5.9150543,6.2357025,0.6835418,-0.54805374,-1.1346002,0.0,0.0,0.0
-0.77407837,6.271591,8.556732,-0.4980511,-0.096643925,1.1042309,0.0,0.0,0.0
-0.19023132,5.831314,8.761322,0.05050023,-0.4704628,1.2513256,0.0,0.0,0.0
0.54914856,5.1433716,7.9585266,0.7385962,-1.1130114,0.40921116,0.0,0.0,0.0
-0.19502258,6.1591187,6.43071,0.026594132,-0.1006217,-1.1149464,0.0,0.0,0.0
-0.23568726,6.361313,5.839691,0.038166553,-0.0055675507,-1.6140475,0.0,0.0,0.0
-0.2524414,6.324234,6.153137,0.011618793,-0.08361673,-1.2657652,0.0,0.0,0.0
-0.2536316,6.0849457,6.9020996,-0.029596075,-0.30701542,-0.53181124,0.0,0.0,0.0
-0.12562561,6.0717926,6.9595184,0.092817545,-0.30014467,-0.4917283,0.0,0.0,0.0
-0.42591858,6.1340027,6.6101685,-0.18865992,-0.23702955,-0.8412776,0.0,0.0,0.0
-0.5850525,6.1567383,6.8925323,-0.33517563,-0.21945906,-0.55408096,0.0,0.0,0.0
-0.6017914,6.0921326,7.0384827,-0.34139967,-0.27718353,-0.41365862,0.0,0.0,0.0
-0.36968994,6.150757,7.186844,-0.10298464,-0.21144009,-0.2711525,0.0,0.0,0.0
-0.3481598,6.271591,7.075577,-0.061793238,-0.08969164,-0.38247013,0.0,0.0,0.0
-0.45703125,6.2488556,7.1401825,-0.15619543,-0.11309099,-0.31672812,0.0,0.0,0.0
-0.44386292,6.08255,7.351944,-0.13369265,-0.27646208,-0.10708761,0.0,0.0,0.0
-0.324234,6.0095673,7.520645,-0.0123645365,-0.34030485,0.05390215,0.0,0.0,0.0
-0.23091125,5.983246,7.5110626,0.0812141,-0.36294413,0.041200638,0.0,0.0,0.0
0.090927124,6.050247,7.277771,0.40190294,-0.3002925,-0.18844128,0.0,0.0,0.0
-0.04547119,6.106476,7.0827484,0.26780698,-0.25236368,-0.37629986,0.0,0.0,0.0
-0.12083435,6.114853,7.08873,0.20016173,-0.25713348,-0.3587618,0.0,0.0,0.0
-0.29670715,6.2644043,7.092331,0.0282709,-0.11129093,-0.3518138,0.0,0.0,0.0
-0.53001404,6.258423,7.002594,-0.19336021,-0.12748861,-0.4322691,0.0,0.0,0.0
-0.45463562,6.275177,6.953537,-0.10888672,-0.120903015,-0.47216225,0.0,0.0,0.0
-0.46780396,6.28714,7.0181427,-0.117458194,-0.11309576,-0.40375948,0.0,0.0,0.0
-0.4247284,6.2775726,7.0073853,-0.0710378,-0.124744415,-0.41256285,0.0,0.0,0.0
-0.39959717,6.22493,7.027725,-0.044968933,-0.17762089,-0.39197683,0.0,0.0,0.0
-0.36610413,6.196213,7.1437683,-0.010290444,-0.20643234,-0.27579498,0.0,0.0,0.0
-0.26200867,6.2357025,7.1928253,0.09267667,-0.1656084,-0.22794294,0.0,0.0,0.0
-0.23449707,6.2668,7.147354,0.11700341,-0.13550186,-0.2727108,0.0,0.0,0.0
-0.3254242,6.196213,7.122238,0.02489829,-0.2086215,-0.2956972,0.0,0.0,0.0
-0.29551697,6.275177,7.1210327,0.051733196,-0.13067532,-0.29616785,0.0,0.0,0.0
-0.39242554,6.2608185,7.092331,-0.044155955,-0.14899826,-0.32139587,0.0,0.0,0.0
-0.4665985,6.2656097,7.08873,-0.114127755,-0.14805365,-0.32147074,0.0,0.0,0.0
-0.5144501,6.2105713,7.0289154,-0.15766206,-0.20952511,-0.37550545,0.0,0.0,0.0
-0.5647125,6.1543427,6.9966125,-0.20411673,-0.2688632,-0.40492725,0.0,0.0,0.0
-0.5395813,6.2069855,7.0827484,-0.17753735,-0.21695566,-0.31808233,0.0,0.0,0.0
-0.45463562,6.2392883,6.870987,-0.09013659,-0.18891573,-0.52602005,0.0,0.0,0.0
-0.43070984,6.1459656,6.936798,-0.06620428,-0.2981186,-0.4463787,0.0,0.0,0.0
-0.33380127,6.1256256,7.0181427,0.025703758,-0.3215418,-0.36258745,0.0,0.0,0.0
-0.23091125,6.118454,6.8937225,0.12110391,-0.33205128,-0.48445177,0.0,0.0,0.0
-0.1878357,6.10289,6.855438,0.15397409,-0.35552216,-0.5162959,0.0,0.0,0.0
-0.20698547,6.1651,6.9140625,0.12936229,-0.29677153,-0.45489073,0.0,0.0,0.0
-0.38404846,6.2165527,6.795624,-0.05087766,-0.25064802,-0.5687971,0.0,0.0,0.0
-0.4019928,6.251251,6.84227,-0.06598696,-0.22192574,-0.51677036,0.0,0.0,0.0
-0.4749756,6.2189484,6.867401,-0.13578239,-0.25832748,-0.48788548,0.0,0.0,0.0
-0.4091797,6.2165527,6.973877,-0.07108733,-0.2575407,-0.38426113,0.0,0.0,0.0
-0.28474426,6.150757,6.9595184,0.050207257,-0.3219838,-0.39995337,0.0,0.0,0.0
-0.20578003,6.1663055,6.9978027,0.12428558,-0.30501556,-0.36313772,0.0,0.0,0.0
-0.12083435,6.196213,7.1389923,0.19887683,-0.2703042,-0.22662544,0.0,0.0,0.0
0.0,6.173477,7.2131653,0.3044285,-0.2849579,-0.16018772,0.0,0.0,0.0
0.10887146,6.050247,7.1617126,0.39219883,-0.3982849,-0.22114229,0.0,0.0,0.0
0.11126709,6.0969086,7.134201,0.38232154,-0.34810114,-0.25218964,0.0,0.0,0.0
0.088531494,6.139984,7.142578,0.3481566,-0.303154,-0.24585581,0.0,0.0,0.0
0.053833008,6.2440643,7.1102753,0.29945236,-0.19973755,-0.27805853,0.0,0.0,0.0
-0.1040802,6.1280212,6.9595184,0.14181882,-0.318676,-0.42627954,0.0,0.0,0.0
-0.08734131,6.1997986,6.978668,0.15791877,-0.25226212,-0.4024663,0.0,0.0,0.0
-0.20578003,6.2321014,6.981064,0.041014925,-0.22168398,-0.3985114,0.0,0.0,0.0
-0.100494385,6.3218384,6.9762726,0.1513513,-0.13469219,-0.4007306,0.0,0.0,0.0
-0.22253418,6.2727814,6.8111725,0.03463176,-0.1891489,-0.56091785,0.0,0.0,0.0
-0.36489868,6.2799683,6.932007,-0.08937514,-0.18695498,-0.43504,0.0,0.0,0.0
-0.4175415,6.3338013,7.105484,-0.13312355,-0.12854338,-0.26524162,0.0,0.0,0.0
-0.49890137,6.2811584,7.1904297,-0.20619363,-0.17266941,-0.18743038,0.0,0.0,0.0
-0.4737854,6.2907257,7.1772766,-0.16672763,-0.1556921,-0.20647621,0.0,0.0,0.0
-0.45344543,6.2823486,7.0983124,-0.13824221,-0.16371536,-0.28540564,0.0,0.0,0.0
-0.41156006,6.36969,7.105484,-0.08976048,-0.079348564,-0.275352,0.0,0.0,0.0
-0.4510498,6.294327,7.056427,-0.12587366,-0.15580177,-0.323308,0.0,0.0,0.0
-0.22372437,6.2799683,7.2131653,0.0993312,-0.16602278,-0.17027712,0.0,0.0,0.0
-0.3672943,6.1543427,7.235901,-0.043609113,-0.28380203,-0.15435696,0.0,0.0,0.0
-0.16870117,6.175873,7.228714,0.14881545,-0.2561965,-0.167099,0.0,0.0,0.0
-0.15792847,6.1950226,7.1724854,0.1524817,-0.23731184,-0.22339869,0.0,0.0,0.0
0.008377075,6.089737,6.978668,0.30828658,-0.3451147,-0.41545916,0.0,0.0,0.0
0.010772705,6.0107727,6.936798,0.30487508,-0.42535925,-0.45644808,0.0,0.0,0.0
0.021530151,6.10289,6.809967,0.30183962,-0.33823395,-0.5794673,0.0,0.0,0.0
-0.08734131,6.1579285,6.8841553,0.18498272,-0.29173708,-0.49812317,0.0,0.0,0.0
-0.15194702,6.1567383,6.924835,0.12373665,-0.29360533,-0.45672655,0.0,0.0,0.0
-0.2416687,6.1950226,7.2059784,0.040442824,-0.24838066,-0.18139982,0.0,0.0,0.0
-0.25483704,6.180664,7.3459625,0.031683713,-0.2538762,-0.04896736,0.0,0.0,0.0
-0.37088013,6.138794,7.3758698,-0.07995731,-0.28764534,-0.025928974,0.0,0.0,0.0
-0.49172974,6.1567383,7.195221,-0.1883494,-0.26765728,-0.20785189,0.0,0.0,0.0
-0.5970154,6.3349915,6.8769684,-0.28366306,-0.09996605,-0.51651,0.0,0.0,0.0
-0.6903229,6.374481,6.7872467,-0.36260107,-0.075332165,-0.5926504,0.0,0.0,0.0
-0.7645111,6.3302155,6.7405853,-0.41109237,-0.14272738,-0.61784506,0.0,0.0,0.0
-0.7537384,6.312271,6.7860413,-0.383514,-0.1701374,-0.56322384,0.0,0.0,0.0
-0.80158997,6.4534454,6.9140625,-0.40586329,-0.03760004,-0.4262452,0.0,0.0,0.0
-0.8889313,6.3014984,6.972687,-0.47778806,-0.19028854,-0.36611748,0.0,0.0,0.0
-0.58743286,6.2979126,6.9678955,-0.17391008,-0.19319677,-0.3713746,0.0,0.0,0.0
-0.69750977,6.2081757,6.9188538,-0.28281632,-0.28644943,-0.4172392,0.0,0.0,0.0
-0.63409424,6.24646,6.847061,-0.21455169,-0.2573347,-0.480628,0.0,0.0,0.0
-0.49890137,6.1818542,6.8889313,-0.07878137,-0.3232832,-0.43753242,0.0,0.0,0.0
-0.40318298,6.150757,7.048065,0.0105673075,-0.35016966,-0.2824974,0.0,0.0,0.0
-0.3254242,6.2368927,7.112671,0.079615,-0.25635052,-0.22518492,0.0,0.0,0.0
-0.27876282,6.2656097,7.1401825,0.1227884,-0.22596836,-0.19933796,0.0,0.0,0.0
-0.22372437,6.12323,7.063614,0.16822425,-0.36483955,-0.2795272,0.0,0.0,0.0
-0.16390991,6.201004,7.1856537,0.2100878,-0.28209543,-0.1628108,0.0,0.0,0.0
-0.2536316,6.1794586,7.08873,0.11512947,-0.3003478,-0.2629032,0.0,0.0,0.0
-0.052642822,6.2691956,7.122238,0.2982135,-0.21178341,-0.22923851,0.0,0.0,0.0
-0.07896423,6.0538483,6.970291,0.25488296,-0.42886925,-0.38044453,0.0,0.0,0.0
0.061019897,6.275177,7.085144,0.3866528,-0.20809317,-0.26547194,0.0,0.0,0.0
-0.102890015,6.2440643,7.0743866,0.2102668,-0.23926067,-0.27672386,0.0,0.0,0.0
0.1040802,6.320648,7.063614,0.40356055,-0.16467237,-0.2863059,0.0,0.0,0.0
-0.1483612,6.2273254,7.117447,0.1461224,-0.25624704,-0.23421621,0.0,0.0,0.0
-0.032302856,6.300308,7.1856537,0.25694537,-0.18139601,-0.1678648,0.0,0.0,0.0
-0.18185425,6.2656097,7.1928253,0.10417727,-0.21584892,-0.16103506,0.0,0.0,0.0
-0.21176147,6.212967,7.2095795,0.07493913,-0.26818895,-0.14452219,0.0,0.0,0.0
-0.20578003,6.2201385,7.083954,0.08281711,-0.26215172,-0.2690735,0.0,0.0,0.0
-0.16151428,6.250046,7.0911255,0.12623104,-0.24438572,-0.25121403,0.0,0.0,0.0
-0.20698547,6.3302155,6.867401,0.07892215,-0.18177605,-0.4594407,0.0,0.0,0.0
-0.119644165,6.3517456,6.891327,0.16412893,-0.17115164,-0.42589045,0.0,0.0,0.0
-0.25004578,6.2680054,6.9224396,0.03408009,-0.26201773,-0.3884058,0.0,0.0,0.0
-0.17108154,6.324234,6.9714813,0.11484665,-0.21084785,-0.33477163,0.0,0.0,0.0
-0.42233276,6.24527,6.8518524,-0.13147885,-0.29572773,-0.4489112,0.0,0.0,0.0
-0.3062744,6.364914,6.754944,-0.0060002804,-0.18804407,-0.53470373,0.0,0.0,0.0
-0.4893341,6.2931213,6.6711884,-0.1824139,-0.26931667,-0.6096492,0.0,0.0,0.0
-0.3529358,6.357727,6.806381,-0.040810794,-0.2096591,-0.46977186,0.0,0.0,0.0
-0.36849976,6.464203,6.8566284,-0.053907543,-0.104935646,-0.41783667,0.0,0.0,0.0
-0.3529358,6.2572327,6.8721924,-0.03325811,-0.3108716,-0.40298462,0.0,0.0,0.0
-0.3517456,6.258423,6.9056854,-0.03348747,-0.3086648,-0.37047148,0.0,0.0,0.0
-0.20100403,6.222534,6.7872467,0.11847919,-0.34370232,-0.4896245,0.0,0.0,0.0
-0.086135864,6.2596283,6.899704,0.22281247,-0.30745506,-0.37685776,0.0,0.0,0.0
-0.01914978,6.0873413,7.043274,0.27598962,-0.47341633,-0.23956442,0.0,0.0,0.0
-0.01914978,6.148361,7.1270294,0.26147118,-0.39930058,-0.16815853,0.0,0.0,0.0
-0.08494568,5.9892426,7.0408783,0.18801025,-0.5482373,-0.26372623,0.0,0.0,0.0
-0.050247192,6.2189484,6.9846497,0.21665928,-0.3186946,-0.32003164,0.0,0.0,0.0
-0.1268158,6.180664,6.817154,0.13848612,-0.36227942,-0.48283815,0.0,0.0,0.0
-0.086135864,6.3194427,6.8901367,0.1763635,-0.22802687,-0.4058981,0.0,0.0,0.0
-0.22851563,6.3014984,6.990631,0.040256172,-0.24825811,-0.30312157,0.0,0.0,0.0
-0.1758728,6.340973,7.0671997,0.09610912,-0.20611668,-0.22882843,0.0,0.0,0.0
-0.31704712,6.320648,7.100708,-0.039280564,-0.22188187,-0.19919157,0.0,0.0,0.0
-0.40438843,6.3194427,7.0576324,-0.115786254,-0.2227149,-0.24218035,0.0,0.0,0.0
-0.5120697,6.276367,7.0983124,-0.21198037,-0.2642622,-0.20240688,0.0,0.0,0.0
-0.4283142,6.3888397,7.1593323,-0.118101925,-0.14973116,-0.14280748,0.0,0.0,0.0
-0.5024872,6.340973,7.0540466,-0.18598428,-0.199152,-0.24643087,0.0,0.0,0.0
-0.39361572,6.4450684,7.0253296,-0.07435784,-0.09932804,-0.27119923,0.0,0.0,0.0
-0.6053772,6.3385925,7.014557,-0.28332335,-0.20841312,-0.2795081,0.0,0.0,0.0
-0.55513,6.3672943,6.98584,-0.21480879,-0.18624067,-0.3015294,0.0,0.0,0.0
-0.53359985,6.3385925,6.948761,-0.18637133,-0.22123623,-0.3326168,0.0,0.0,0.0
-0.4283142,6.361313,6.866211,-0.08149457,-0.20123672,-0.4127345,0.0,0.0,0.0
-0.33140564,6.357727,6.751343,0.013497025,-0.21026754,-0.5227809,0.0,0.0,0.0
-0.23091125,6.497711,6.772888,0.10755807,-0.08411884,-0.48902178,0.0,0.0,0.0
-0.3397827,6.3146515,6.850647,-0.001041323,-0.2691846,-0.40943146,0.0,0.0,0.0
-0.2763672,6.3804626,7.043274,0.05980572,-0.19752884,-0.22221994,0.0,0.0,0.0
-0.49291992,6.222534,7.080368,-0.15158981,-0.34622383,-0.1932354,0.0,0.0,0.0
-0.26081848,6.440277,7.0133667,0.086811304,-0.12189865,-0.26587725,0.0,0.0,0.0
-0.5587311,6.253647,6.952347,-0.2025027,-0.30646753,-0.3283391,0.0,0.0,0.0
-0.40438843,6.2321014,7.2143555,-0.047022432,-0.31164646,-0.08098793,0.0,0.0,0.0
-0.40438843,6.221344,7.244278,-0.04754722,-0.30887938,-0.0632,0.0,0.0,0.0
-0.3014984,6.480957,6.9918213,0.051055193,-0.047343254,-0.31758308,0.0,0.0,0.0
-0.5623169,6.4127655,6.8566284,-0.20586035,-0.12021923,-0.44839954,0.0,0.0,0.0
-0.40797424,6.476181,6.857834,-0.04285586,-0.071712494,-0.4334054,0.0,0.0,0.0
-0.69750977,6.2572327,6.9020996,-0.32767168,-0.29266167,-0.38710356,0.0,0.0,0.0
-0.38404846,6.3385925,7.044464,-0.018516123,-0.20811796,-0.24781656,0.0,0.0,0.0
-0.33857727,6.238083,6.9439697,0.020438254,-0.3065586,-0.35049105,0.0,0.0,0.0
-0.08255005,6.294327,6.8937225,0.26067677,-0.25179958,-0.40016603,0.0,0.0,0.0
-0.12083435,6.150757,6.833908,0.20390445,-0.39826202,-0.4582305,0.0,0.0,0.0
0.061019897,6.2285156,6.8841553,0.37069294,-0.32048702,-0.40865326,0.0,0.0,0.0
0.03111267,6.1004944,6.754944,0.32548156,-0.44911098,-0.5379572,0.0,0.0,0.0
0.17108154,6.2201385,6.7716827,0.4591094,-0.3298726,-0.5211072,0.0,0.0,0.0
-0.06341553,6.1986084,6.808777,0.21006492,-0.35337877,-0.48279762,0.0,0.0,0.0
-0.037094116,6.222534,6.870987,0.22323927,-0.3300352,-0.42054605,0.0,0.0,0.0
-0.1375885,6.214157,6.723831,0.11588356,-0.3438697,-0.5630355,0.0,0.0,0.0
-0.07896423,6.312271,6.7489624,0.17512113,-0.2472701,-0.5365195,0.0,0.0,0.0
-0.09690857,6.3589325,6.9667053,0.15641081,-0.20089245,-0.31854773,0.0,0.0,0.0
0.015548706,6.3302155,7.1724854,0.261639,-0.21828032,-0.12320042,0.0,0.0,0.0
-0.13639832,6.20578,7.2059784,0.1046661,-0.3350029,-0.09679031,0.0,0.0,0.0
-0.015548706,6.22612,7.1724854,0.22505519,-0.30862093,-0.13570547,0.0,0.0,0.0
-0.1986084,6.234497,7.0911255,0.038721368,-0.29890585,-0.21836853,0.0,0.0,0.0
-0.15911865,6.2357025,6.9678955,0.07486342,-0.30391788,-0.3361454,0.0,0.0,0.0
-0.088531494,6.3338013,6.940384,0.1437336,-0.20844603,-0.36135864,0.0,0.0,0.0
-0.21655273,6.4869385,6.847061,0.02076599,-0.06676674,-0.44423628,0.0,0.0,0.0
-0.25483704,6.4833527,6.8434753,-0.010034144,-0.08150339,-0.43753576,0.0,0.0,0.0
