5.343559,-3.0557497,7.984962,-0.59241533,2.1354783,0.31019878,1.0876583,1.9460157,9.613032
5.2789154,-3.1156046,7.9562316,-0.59241533,2.1354783,0.34850597,1.092446,1.9531592,9.650362
5.202301,-3.1251814,7.9059534,-0.59241533,2.1354783,0.34850597,1.092446,1.9531592,9.650362
5.240608,-3.1227872,7.9777794,-0.59241533,2.1354783,0.34850597,1.092446,1.9531592,9.650362
5.3267994,-3.1371524,7.8604636,-0.59241533,2.1354783,0.34850597,1.092446,1.9531592,9.650362
5.298069,-3.1347582,7.903559,-0.59241533,2.1354783,0.34850597,1.092446,1.9531592,9.650362
5.357924,-3.0916626,7.9442606,-0.6145617,2.0857987,0.27518368,-1.5253271,-1.5613054,9.607397
5.271733,-3.2999582,8.004115,-0.571466,2.0618567,0.27039528,1.0429354,1.8773394,9.609538
5.19033,-3.0198364,7.9203186,-0.5624878,2.057517,0.2645588,1.0445238,1.8682928,9.611062
5.1711764,-3.0557497,7.877223,-0.5674258,1.9961656,0.25393486,0.9959647,1.8286752,9.619223
5.2310314,-3.0653265,7.7455416,-0.5482722,2.070386,0.31618404,1.068035,1.8778787,9.665433
5.2789154,-3.072509,7.7886376,-0.52507836,1.9903299,0.31798077,1.0284953,1.8074517,9.690142
5.312434,-3.1778538,7.927501,-0.5633856,2.0118778,0.22460651,1.0050142,1.8329834,9.592945
5.3651066,-3.1946132,7.9298954,-0.5633856,1.9951183,0.25573158,0.9971031,1.826687,9.626819
5.432144,-3.1970074,8.044817,-0.547524,1.9752164,0.20245934,0.987554,1.7938322,9.584837
5.331588,-3.1587002,7.996933,-0.54123926,1.9244893,0.2810192,0.9649765,1.7685405,9.6774845
5.2549734,-3.1347582,7.7862434,-0.55321026,1.979556,0.2163763,0.98689187,1.8044435,9.602752
5.26455,-3.0772974,7.7886376,-0.5660791,1.8863317,0.17537498,0.90764594,1.7426683,9.58581
5.2908864,-3.0653265,7.826945,-0.52298343,1.9390042,0.23523045,0.98145485,1.7595748,9.635616
5.343559,-3.0749032,7.934684,-0.49081135,1.912668,0.21817207,0.9837419,1.7169704,9.630422
5.192724,-3.0868742,7.970597,-0.53151274,1.9150622,0.28281593,0.9632536,1.7575327,9.691872
5.175965,-3.1347582,7.9442606,-0.5352537,1.893664,0.28760433,0.94525266,1.7468462,9.705535
5.1975126,-3.1515176,7.949049,-0.5472247,1.8864813,0.25408554,0.92806196,1.7446667,9.673627
5.180753,-3.1946132,7.8604636,-0.52896893,1.8369513,0.19901848,0.8997676,1.689572,9.634617
5.2094836,-3.132364,7.9203186,-0.4954501,1.8297687,0.26605606,0.9261919,1.6720439,9.702908
5.19033,-3.0892684,7.972991,-0.45415014,1.8715175,0.24226284,0.9810953,1.6698455,9.677827
5.250185,-3.1371524,7.898771,-0.511611,1.8451813,0.22071552,0.919359,1.6877027,9.6596775
5.2549734,-3.1395466,7.9442606,-0.48707044,1.836652,0.2377739,0.9320539,1.6682875,9.683473
5.298069,-3.1227872,7.994539,-0.50382984,1.8270752,0.18988991,0.90838766,1.6656542,9.637664
5.3172226,-3.1156046,7.8820114,-0.48826748,1.7875708,0.24765015,0.8970863,1.6371994,9.706812
5.226243,-3.1156046,7.850887,-0.4667197,1.7971478,0.15667057,0.90976566,1.615007,9.616368
5.1615996,-3.1060278,7.723994,-0.4902128,1.780089,0.24585533,0.8894915,1.6337303,9.710659
5.199907,-3.1371524,7.8460984,-0.5189432,1.7776948,0.17881775,0.86025184,1.641676,9.644273
5.283704,-3.1179988,7.984962,-0.4795885,1.745822,0.22251129,0.86983174,1.5997325,9.698527
5.331588,-3.108422,7.934684,-0.4724059,1.7170916,0.19138622,0.8522297,1.569762,9.673273
5.2813096,-3.1251814,7.879617,-0.51310736,1.7123032,0.1746273,0.8178518,1.5919585,9.656366
5.2813096,-3.1251814,7.879617,-0.4906617,1.7323546,0.17776966,0.84641135,1.5923879,9.660721
5.1735706,-3.1132104,7.79582,-0.45145667,1.7097592,0.26261425,0.86604124,1.5630679,9.753239
5.192724,-3.180248,7.8341274,-0.43709147,1.7001824,0.20515347,0.86423916,1.5379287,9.698791
5.175965,-3.1539118,7.901165,-0.42691612,1.6804303,0.18719673,0.85473204,1.5154685,9.688507
5.3172226,-3.2209494,7.925107,-0.48437697,1.6756419,0.17761993,0.80888075,1.5502199,9.678193
5.3172226,-3.1850364,8.001721,-0.45744216,1.6584336,0.18121147,0.81537414,1.5211413,9.689148
5.2932806,-3.2472856,7.84131,-0.44786537,1.6680104,0.22191334,0.83276826,1.5272177,9.727885
5.214272,-3.2377088,7.8700404,-0.4734534,1.638831,0.232687,0.79355866,1.5266654,9.7464075
5.2214546,-3.1706712,8.004115,-0.46866497,1.6555905,0.2542343,0.81049407,1.538384,9.764954
5.140052,-3.1347582,8.090307,-0.48273093,1.619827,0.17911625,0.76717335,1.5129532,9.699923
5.140052,-3.1754596,7.9921446,-0.43724108,1.6341923,0.17672253,0.8097966,1.491678,9.696452
5.1352634,-3.276016,7.9801736,-0.4798878,1.5837644,0.18764591,0.7438989,1.4874681,9.717907
5.128081,-3.2185552,7.865252,-0.42960957,1.6005238,0.10145378,0.78387564,1.4530766,9.631554
5.1328692,-3.2712276,7.889194,-0.43110597,1.5982794,0.14125824,0.7828147,1.4594724,9.674507
5.104139,-3.1850364,7.9562316,-0.44307697,1.583914,0.18435383,0.76829946,1.4632623,9.719025
5.163994,-3.1299698,8.013692,-0.45938742,1.5575778,0.17387867,0.73594284,1.4551566,9.715892
5.118504,-3.228132,8.054394,-0.4115034,1.5456069,0.17627335,0.7629943,1.4141773,9.721445
5.1017447,-3.2017958,7.984962,-0.45415014,1.6014217,0.14679432,0.76497483,1.4807149,9.685588
5.1017447,-3.2999582,7.874829,-0.49006313,1.5870565,0.2186203,0.73544407,1.5044755,9.757827
5.140052,-3.2137668,7.740753,-0.41045594,1.4870986,0.12449837,0.7156416,1.3670145,9.685976
5.11611,-3.1994016,7.8245506,-0.4559458,1.5278,0.16041183,0.7130383,1.4320486,9.713896
5.211878,-3.144335,8.109461,-0.41733927,1.5122375,0.17432785,0.73011225,1.3975317,9.73397
5.1975126,-3.240103,8.056788,-0.40297407,1.5289971,0.15996265,0.75069267,1.3979801,9.717544
5.140052,-3.2592566,7.867646,-0.45534724,1.5322891,0.118662834,0.70911837,1.4317744,9.678085
5.128081,-3.2305262,7.793426,-0.4002806,1.5251065,0.1402111,0.7465337,1.3919591,9.701815
5.0658317,-3.285593,7.874829,-0.42646718,1.4689924,0.14933872,0.68844247,1.3714819,9.72169
5.1232924,-3.2209494,8.011298,-0.40013096,1.4689924,0.15891552,0.70860386,1.3548393,9.731782
5.1017447,-3.2089784,8.092701,-0.38322192,1.4013562,0.17761993,0.675292,1.2978235,9.763711
5.204695,-3.1898248,8.037635,-0.40955812,1.3941736,0.16564846,0.65008473,1.308946,9.752336
5.247791,-3.2353146,7.958626,-0.41150343,1.4534302,0.15577316,0.685429,1.3532666,9.736465
5.082591,-3.3143234,7.862858,-0.3684078,1.4342765,0.119859695,0.7013245,1.3057632,9.704769
5.046678,-3.2377088,7.8604636,-0.4141969,1.4100351,0.16744518,0.6537351,1.3258853,9.7571
5.1615996,-3.132364,7.987356,-0.37349546,1.4411598,0.066887856,0.6963386,1.3087136,9.654012
5.1711764,-3.1467292,8.085519,-0.39728785,1.3953706,0.16011238,0.6536859,1.3040569,9.754968
5.2932806,-3.1754596,7.913136,-0.41404724,1.376217,0.081103325,0.6220654,1.2918195,9.679202
5.214272,-3.1754596,7.987356,-0.37559038,1.4073417,0.12405014,0.67273843,1.2950332,9.720674
5.163994,-3.2065842,8.013692,-0.37559038,1.3977648,0.05940628,0.66114616,1.2803029,9.65807
5.0730143,-3.1610944,7.8221564,-0.3728969,1.4127287,0.19108677,0.68120074,1.3065301,9.788839
5.058649,-3.132364,7.838916,-0.3944447,1.3744214,0.11207867,0.63341683,1.2836244,9.715586
5.0730143,-3.1539118,8.037635,-0.3776853,1.3388076,0.1526308,0.62321603,1.2522388,9.763676
5.1017447,-3.1347582,8.150162,-0.39683893,1.331625,0.11192894,0.6010319,1.2550538,9.723989
5.2430024,-3.1970074,8.071154,-0.42302552,1.3443443,0.14080906,0.590002,1.2864788,9.752626
5.1208982,-3.1874306,7.9083476,-0.42302552,1.3371617,0.26530743,0.5948711,1.2955779,9.876904
5.1352634,-3.20419,7.8844056,-0.38441902,1.3503298,0.12659359,0.61901474,1.2647916,9.740856
5.175965,-3.2233436,8.011298,-0.36526537,1.3575124,0.09068012,0.6352898,1.253199,9.704677
5.228637,-3.1587002,8.078336,-0.3748422,1.3292309,0.20560169,0.6158492,1.2530112,9.824689
5.1735706,-3.1467292,8.095096,-0.33174658,1.283741,0.13856411,0.6128105,1.1832128,9.765195
5.0993505,-3.1946132,8.011298,-0.37499183,1.2681787,0.028730392,0.5598913,1.1894096,9.659758
5.058649,-3.2448914,7.994539,-0.36302084,1.2945149,0.06943226,0.58927166,1.2054422,9.6968155
5.1592054,-3.2113726,7.9658084,-0.28670564,1.2722188,0.1415577,0.6348364,1.1474985,9.7747755
5.187936,-3.1275756,7.949049,-0.3513491,1.274613,0.15113449,0.58875763,1.1932002,9.782795
5.19033,-3.1970074,7.9442606,-0.36421794,1.2259809,0.06524181,0.5391534,1.1572015,9.705896
5.142446,-3.2065842,7.970597,-0.3474585,1.297807,0.14664459,0.60493463,1.2082001,9.777578
5.11611,-3.2424972,7.9777794,-0.37424365,1.2400469,0.12315178,0.54298764,1.1816244,9.763316
5.092168,-3.228132,7.901165,-0.31917703,1.2113165,0.13272858,0.5661135,1.1249206,9.777435
5.118504,-3.240103,7.8484926,-0.3700538,1.2398971,0.14275455,0.54543597,1.1818178,9.784874
5.1256866,-3.1539118,7.8604636,-0.35329437,1.1920131,0.09487057,0.5232097,1.1300517,9.74373
5.1376576,-3.2065842,7.922713,-0.34431612,1.2035352,0.07377148,0.5339689,1.1315769,9.723466
5.142446,-3.1898248,8.040029,-0.36825815,1.2083236,0.10250187,0.5211045,1.1539185,9.750978
5.094562,-3.2185552,8.025663,-0.3453636,1.1938088,0.122104645,0.5285788,1.1309044,9.774601
5.1113214,-3.2544682,7.84131,-0.338181,1.2057798,0.13646984,0.5428147,1.1366099,9.787487
5.163994,-3.1754596,7.8365216,-0.30556,1.2032361,0.1418562,0.56425494,1.1147925,9.7955265
5.1711764,-3.2137668,7.903559,-0.2959832,1.1170448,0.1418562,0.51524216,1.0440518,9.8062105
5.1113214,-3.1850364,7.7575126,-0.3230676,1.1867759,0.13048363,0.5373909,1.1138656,9.787853
5.180753,-3.0940568,7.958626,-0.3326444,1.1628338,0.08259964,0.5113152,1.0973529,9.743073
5.1496286,-3.144335,8.023269,-0.3429694,1.1082162,0.061650276,0.46457618,1.0620488,9.730501
5.1496286,-3.144335,8.023269,-0.32381576,1.1393408,0.07122707,0.49994472,1.0738608,9.736572
5.1711764,-3.2712276,7.855675,-0.32501286,1.1472715,0.1797142,0.50962555,1.0922302,9.845016
5.336376,-3.2065842,7.891588,-0.3465607,1.1544541,0.050427437,0.48938772,1.0989146,9.71549
5.166388,-3.2185552,7.814974,-0.30496144,1.1598412,0.024840355,0.52134866,1.0741814,9.69175
5.0634375,-3.1850364,7.972991,-0.32650924,1.1478702,0.13018513,0.50412846,1.0894653,9.7974615
5.020342,-3.1587002,8.068759,-0.34416652,1.101183,0.06868458,0.45431367,1.0608294,9.743265
5.2190604,-3.2831988,7.8844056,-0.3321955,1.0940005,0.15726948,0.46450064,1.0561755,9.832241
5.2190604,-3.2831988,7.8844056,-0.31408933,1.0808324,0.098311424,0.46393847,1.0297581,9.776958
5.271733,-3.2424972,7.826945,-0.35239655,1.1167454,0.10309982,0.45822188,1.0821738,9.777121
5.252579,-3.2113726,7.838916,-0.2864064,1.0676643,0.13497353,0.47693178,1.0062722,9.816903
5.252579,-3.2113726,7.838916,-0.3127426,1.0437223,0.029628754,0.43478802,0.9952538,9.714595
5.0538607,-3.2305262,8.03524,-0.3096002,1.0648211,0.14320278,0.45625508,1.0206063,9.82648
5.0538607,-3.2305262,8.03524,-0.29523498,1.0743979,0.0713768,0.4689004,1.0119209,9.754219
5.0035825,-3.2329204,7.867646,-0.327856,1.0423756,0.12255287,0.42488825,1.0141575,9.8097515
5.154417,-3.2185552,7.984962,-0.32067338,1.0830771,0.043543816,-1.0692948,-0.35782042,9.726836
5.1376576,-3.192219,7.8700404,-0.30256724,1.0821792,0.092326164,0.46574825,1.0263518,9.777222
5.2693386,-3.216161,7.8245506,-0.29777884,1.0366893,0.113874435,0.44164068,0.9906104,9.80364
5.2094836,-3.1778538,8.004115,-0.26515782,1.0333973,0.057311058,0.45888004,0.963165,9.749681
5.178359,-3.2664392,8.083124,-0.33219546,1.0190321,0.12674332,-1.0618465,-0.19277297,9.81949
5.168782,-3.2233436,7.9538374,-0.31917703,1.1050737,0.08230114,0.46245807,1.0556756,9.767714
5.240608,-3.1587002,7.946655,-0.26725277,1.013645,0.14320374,0.44530642,0.9591671,9.83994
5.156811,-3.1491234,7.8604636,-0.2888006,0.9992799,0.08095455,0.41593048,0.9564386,9.779316
5.156811,-3.1491234,7.8604636,-0.2911948,1.0327988,0.13602066,-1.0295868,-0.33068022,9.830535
5.1089272,-3.1060278,7.843704,-0.2617162,0.96082306,0.098911285,0.41173568,0.91209567,9.802668
5.163994,-3.1874306,7.934684,-0.3119944,1.0015244,0.1348238,0.40075728,0.9783801,9.8336525
5.1975126,-3.168277,7.987356,-0.3131915,0.9774329,0.023343086,0.37589622,0.9520079,9.7266445
5.2453966,-3.216161,7.9801736,-0.3179799,0.9989807,0.14065933,0.39251047,0.9816336,9.8410845
5.2310314,-3.1419408,7.850887,-0.24286184,0.9849147,0.1179142,0.4384853,0.9221926,9.821882
5.250185,-3.1419408,8.030452,-0.31364042,0.947206,0.04010296,0.3532802,0.93222165,9.748841
5.211878,-3.1515176,8.052,-0.2681506,0.98790747,0.13826561,0.41964033,0.9431697,9.842854
5.19033,-3.0988452,8.01848,-0.23089081,0.9457097,0.113126755,0.41821334,0.88616234,9.823632
5.1855416,-3.2305262,7.865252,-0.25722703,0.9504981,0.086790085,0.39925817,0.9042342,9.7967205
5.1855416,-3.2305262,7.865252,-0.28999767,0.9461586,0.12404919,0.37109026,0.92530084,9.835036
5.312434,-3.08448,7.91553,-0.27084407,0.9605238,0.13602066,0.3956387,0.9254179,9.845709
5.312434,-3.08448,7.91553,-0.22011691,0.9350854,0.1587658,0.41879004,0.8765371,9.87249
5.214272,-3.2257378,8.109461,-0.27757776,0.9207202,0.029478073,0.358004,0.8908692,9.744729
5.252579,-3.1970074,7.937078,-0.2789245,0.95019877,0.064344406,0.3747498,0.9184484,9.777702
5.252579,-3.1970074,7.937078,-0.25737667,0.9837176,0.057162285,0.41202325,0.9305507,9.767523
5.1113214,-3.1994016,7.987356,-0.2590227,0.9057565,0.13751698,0.36453858,0.87810045,9.856027
5.130475,-3.1730654,7.9203186,-0.24944589,0.9081507,0.065690994,0.36974138,0.86837584,9.784369
5.106533,-3.192219,7.9801736,-0.26515785,0.9165303,0.11970997,0.3629225,0.88991123,9.838356
5.1496286,-3.2209494,7.9921446,-0.23403323,0.95244336,0.10534477,0.40876684,0.8976192,9.820928
5.240608,-3.1826422,7.9777794,-0.2650082,0.8768764,0.075567245,0.3347746,0.8559926,9.7991705
5.156811,-3.1539118,7.8820114,-0.29134443,0.8912416,0.063596725,0.32227483,0.8825779,9.785746
5.2094836,-3.132364,7.84131,-0.25737667,0.8972271,0.009875298,0.34800115,0.8630424,9.733036
5.202301,-3.144335,7.8963766,-0.22625206,0.93074596,0.11522102,0.39844686,0.878169,9.835096
5.226243,-3.1012394,8.00651,-0.23074119,0.8508394,0.10474682,0.34350127,0.8182028,9.832821
5.2908864,-3.1060278,7.970597,-0.2546832,0.9106944,0.11671734,0.36180994,0.880838,9.839206
5.2908864,-3.1060278,7.970597,-0.240318,0.9106944,0.09517002,0.37206957,0.8704082,9.817838
5.2094836,-3.1395466,7.8604636,-0.2611176,0.8280945,0.09651661,0.30306223,0.8191165,9.827541
5.276521,-3.156306,7.925107,-0.2563292,0.84485394,0.036661148,0.31409854,0.8249606,9.766463
5.262156,-3.1826422,7.963414,-0.23178865,0.8632594,0.10758972,0.3459818,0.8306098,9.836576
5.199907,-3.180248,8.056788,-0.24136546,0.8369232,0.13871384,0.32391447,0.8179314,9.869838
5.0993505,-3.1850364,8.023269,-0.24361002,0.8267478,0.080355644,0.3113727,0.8076589,9.813506
5.0490723,-3.2305262,7.9059534,-0.24839842,0.8243536,0.08514404,0.3063516,0.80902183,9.818459
5.142446,-3.144335,7.759907,-0.2053028,0.8267478,0.1689415,0.3460809,0.79077303,9.901966
5.192724,-3.1251814,7.850887,-0.22909518,0.8264485,0.069880486,0.32036224,0.79859066,9.804105
5.199907,-3.1515176,8.030452,-0.24106617,0.79053545,0.108187675,0.2909777,0.78012556,9.845288
5.228637,-3.20419,8.03524,-0.23328502,0.81941557,0.057012558,0.30986527,0.7955542,9.792806
5.168782,-3.2353146,7.958626,-0.2069488,0.83856916,0.083348274,0.34363416,0.7967242,9.817551
5.168782,-3.2353146,7.958626,-0.2733879,0.80699563,0.010773659,0.26579857,0.8075087,9.748385
5.1113214,-3.1970074,7.898771,-0.2733879,0.80699563,0.010773659,0.26579857,0.8075087,9.748385
5.11611,-3.1275756,7.8365216,-0.21787235,0.7782652,0.072125435,0.29376695,0.75632405,9.813097
5.154417,-3.1658828,7.8604636,-0.28281507,0.768838,0.040252686,0.23307393,0.7860145,9.7825985
5.2310314,-3.1515176,7.9418664,-0.18405426,0.7763199,0.0682354,0.31561294,0.7359164,9.811053
5.271733,-3.1251814,8.052,-0.22714987,0.75716627,0.11372471,0.27166197,0.7492703,9.8577795
5.38426,-3.1395466,7.9083476,-0.20320788,0.75956047,0.07541752,0.29059973,0.7343688,9.819495
5.372289,-3.156306,7.8365216,-0.24615386,0.7790134,0.02439022,0.26330483,0.77279377,9.767693
5.288492,-3.1898248,7.7814546,-0.22221184,0.8053496,0.03875637,0.29879436,0.7806955,9.779991
5.324405,-3.1012394,7.771878,-0.20530279,0.7983166,0.090681076,0.30850238,0.7692835,9.833185
5.283704,-3.1060278,7.934684,-0.22685061,0.7480384,0.083498,0.2611858,0.7410997,9.8299265
5.3172226,-3.1012394,7.877223,-0.20530279,0.7528268,0.10504627,0.28234294,0.7336399,9.851099
5.2813096,-3.1227872,7.891588,-0.20530279,0.7528268,0.10504627,0.28234294,0.7336399,9.851099
5.238214,-3.1060278,7.874829,-0.20530279,0.7528268,0.10504627,0.28234294,0.7336399,9.851099
5.259762,-3.1132104,7.982568,-0.21727382,0.75252753,0.019153595,0.26268104,0.7371307,9.767669
5.259762,-3.1132104,7.982568,-0.25079262,0.75971013,0.05985546,0.24138254,0.76509655,9.807619
5.1137156,-3.2137668,8.01848,-0.21727382,0.71900874,0.045490265,0.24427964,0.71167254,9.796485
5.204695,-3.2448914,7.9682026,-0.22161329,0.7080852,0.059106827,0.2325095,0.7070394,9.811662
5.204695,-3.2448914,7.9682026,-0.21682489,0.729633,-0.015113831,0.24577774,0.7170899,9.736038
5.259762,-3.1419408,7.8700404,-0.17133506,0.6964134,0.010474205,0.262759,0.66608655,9.764906
5.259762,-3.1419408,7.8700404,-0.21203649,0.7667431,0.033818245,0.26893455,0.7490932,9.783551
5.4489036,-3.156306,7.838916,-0.20964229,0.7140707,0.045788765,0.24109884,0.7055228,9.799369
5.3986254,-3.192219,7.910742,-0.21158758,0.6971616,0.0041894913,0.22808304,0.6903218,9.759123
5.216666,-3.1730654,7.96102,-0.1925836,0.72469497,0.084994316,0.26070276,0.70747423,9.838364
5.1592054,-3.1658828,7.843704,-0.2021604,0.7127239,0.09457111,0.24639423,0.7037746,9.848771
5.2094836,-3.1156046,7.843704,-0.197372,0.696563,0.0341177,0.23643975,0.6849467,9.790293
5.2334256,-3.1347582,7.855675,-0.18764557,0.6860884,0.052672386,0.2368988,0.6727319,9.810199
5.252579,-3.1275756,7.9083476,-0.24989481,0.72439563,0.102950096,0.20940873,0.7425232,9.857567
5.2430024,-3.1395466,7.9538374,-0.18255787,0.6681319,-0.01496315,0.22585945,0.6520009,9.744638
5.262156,-3.1826422,7.8963766,-0.15382746,0.6370073,0.013767242,0.23311257,0.611821,9.775502
5.274127,-3.1299698,7.791032,-0.24720132,0.69925654,0.08559322,-0.7442017,0.047440387,9.842715
5.288492,-3.0796916,7.7982144,-0.18959084,0.676362,0.10414791,0.22689538,0.6704708,9.863518
5.180753,-3.0772974,7.850887,-0.18480244,0.68833303,0.09935951,0.2373884,0.67737424,9.857914
5.166388,-3.1227872,7.8006086,-0.18719664,0.66124856,0.0341177,0.21538846,0.6534043,9.795338
5.1831474,-3.1946132,7.913136,-0.18270752,0.6748656,0.02888012,0.22442952,0.66257626,9.789675
5.180753,-3.1994016,8.056788,-0.20425533,0.63655835,0.026486397,0.18515405,0.6427047,9.789877
5.2693386,-3.2688334,8.159739,-0.2021604,0.626383,0.06898308,0.18080394,0.63605386,9.833583
5.300463,-3.1970074,8.085519,-0.16624738,0.6359598,0.10010719,0.21714817,0.6258246,9.86399
5.3531356,-3.1419408,7.984962,-0.16624738,0.6239888,0.095318794,0.21034819,0.615618,9.860013
5.202301,-3.1610944,7.7982144,-0.20006548,0.62817866,0.06853485,0.1814406,0.636933,9.833491
5.1615996,-3.1658828,7.7575126,-0.2287959,0.63536125,0.037409782,0.1602871,0.6570528,9.801971
5.142446,-3.1515176,7.838916,-0.17133506,0.62578446,0.099658966,0.20522991,0.6207983,9.864695
5.2334256,-3.108422,7.819762,-0.14993688,0.65660983,0.07990646,0.23703334,0.63439095,9.843586
5.168782,-3.240103,8.004115,-0.18614918,0.60827684,0.09382248,0.17865416,0.61527467,9.861123
5.2453966,-3.2424972,8.042423,-0.18614918,0.60827684,0.09382248,0.17865416,0.61527467,9.861123
5.2813096,-3.2185552,7.9801736,-0.1985691,0.58418524,0.026335716,0.15079674,0.59878224,9.7958
5.298069,-3.1754596,7.850887,-0.12195466,0.6536171,0.052672386,0.25369027,0.6167517,9.817576
5.271733,-3.156306,7.843704,-0.19767128,0.6028899,0.015861511,0.15782587,0.61435604,9.785096
5.271733,-3.156306,7.843704,-0.15696985,0.5957073,0.08768749,0.19075873,0.5901202,9.857174
5.271733,-3.156306,7.843704,-0.18375498,0.5958569,0.09681511,0.16641293,0.6056905,9.866796
5.262156,-3.1970074,7.814974,-0.20530279,0.60782796,0.08484459,0.154197,0.62670565,9.854145
5.276521,-3.192219,7.913136,-0.19812019,0.62219316,0.056114197,0.16695328,0.6335031,9.824574
5.322011,-3.2185552,8.01848,-0.15278,0.63655835,0.074819565,0.211008,0.6231436,9.842807
5.23582,-3.1730654,7.937078,-0.18210897,0.62458736,0.021697998,0.1759619,0.62653077,9.791071
5.214272,-3.1108162,7.8245506,-0.19886838,0.60543376,0.040851593,0.15226805,0.620128,9.811374
5.187936,-3.1179988,7.805397,-0.14185646,0.5360019,0.038007736,0.16195858,0.5315956,9.813041
5.1113214,-3.1156046,7.6976576,-0.16340427,0.59106857,0.05476761,0.17309102,0.59051156,9.8265505
5.2190604,-3.1826422,7.862858,-0.19931729,0.59825116,0.038007736,0.14576255,0.6146719,9.809472
5.228637,-3.1610944,7.805397,-0.166397,0.57281274,0.05207348,0.15871705,0.57703674,9.825283
5.166388,-3.1634886,7.9083476,-0.18555063,0.5776012,0.023343086,0.14394793,0.58972263,9.796367
5.1615996,-3.1730654,7.9897504,-0.18629882,0.58313775,0.054019928,0.14522584,0.59679306,9.827157
5.1615996,-3.1730654,7.9897504,-0.15278,0.5496189,0.113874435,0.1583989,0.55366814,9.888771
5.204695,-3.132364,7.817368,-0.1678934,0.5858312,0.099209785,0.16179016,0.59220725,9.872419
5.1472344,-3.1658828,7.8101854,-0.13721769,0.5641338,0.10594368,0.17468493,0.5588136,9.88079
5.163994,-3.1371524,7.922713,-0.18270752,0.5090672,0.06763649,0.10622105,0.5331818,9.845793
5.2669444,-3.156306,8.044817,-0.18270752,0.5090672,0.06763649,0.10622105,0.5331818,9.845793
5.2932806,-3.132364,8.052,-0.15442601,0.5553052,0.07436943,0.1521516,0.5591826,9.85031
5.322011,-3.2065842,7.949049,-0.17357962,0.5457283,0.060004234,0.13035308,0.5600561,9.836562
5.3148284,-3.1539118,7.939472,-0.19303252,0.58194065,0.054917336,0.12918068,0.60141546,9.829889
5.228637,-3.1515176,7.934684,-0.15502456,0.53226095,-0.02917862,0.13175456,0.536195,9.748876
5.2430024,-3.1275756,8.042423,-0.11671734,0.52747256,0.061800957,0.16525438,0.5169615,9.839846
5.226243,-3.180248,8.023269,-0.14589667,0.5210381,0.04219818,0.13391411,0.5257389,9.821204
5.26455,-3.156306,7.958626,-0.15786767,0.5377976,0.032621384,0.13158219,0.54578507,9.810782
5.26455,-3.156306,7.958626,-0.16774374,0.48826754,0.022745132,0.09559932,0.5078526,9.8039465
5.214272,-3.1850364,7.949049,-0.14859015,0.5265748,0.013168335,0.13085762,0.5312296,9.792268
5.298069,-3.132364,8.032846,-0.1635539,0.52747256,0.07272339,0.117686324,0.54253256,9.852095
5.298069,-3.132364,8.032846,-0.13961188,0.51789576,0.015262604,0.1321802,0.51994056,9.795118
5.19033,-3.1036336,7.984962,-0.1635539,0.5155015,0.0344162,0.11070328,0.53043216,9.81447
5.333982,-3.156306,7.970597,-0.1635539,0.5155015,0.0344162,0.11070328,0.53043216,9.81447
5.2908864,-3.1515176,7.958626,-0.17178397,0.55096567,0.08170223,0.11697998,0.5684536,9.860594
5.2693386,-3.1754596,7.879617,-0.114323124,0.4504092,0.10085583,0.11948185,0.4535781,9.884626
5.2693386,-3.1754596,7.879617,-0.114323124,0.4504092,0.10085583,0.11948185,0.4535781,9.884626
5.2789154,-3.1587002,7.975385,-0.08155249,0.49963996,0.055067062,0.1685117,0.47961023,9.836544
5.211878,-3.156306,7.9418664,-0.1731307,0.5030816,0.0140657425,0.08601653,0.5251263,9.796194
5.2190604,-3.1251814,7.9059534,-0.1563713,0.4743512,0.076314926,0.08892239,0.49451748,9.859723
5.2214546,-3.1658828,7.783849,-0.1141735,0.4997896,0.07362175,0.13592654,0.4973278,9.855886
5.247791,-3.1946132,7.7790604,-0.15008652,0.5021838,0.028131485,0.10409655,0.51444536,9.8105135
5.238214,-3.1227872,7.7575126,-0.15786768,0.47195703,0.07092857,0.081834994,0.4935985,9.855126
5.226243,-3.1060278,7.7311764,-0.13392566,0.49829325,0.056563377,0.11487726,0.50513136,9.839366
5.2573676,-3.1012394,7.793426,-0.13946226,0.4424784,0.03711033,0.08126335,0.45797452,9.823009
5.240608,-3.1515176,7.898771,-0.13946226,0.4424784,0.03711033,0.08126335,0.45797452,9.823009
5.214272,-3.1467292,7.913136,-0.13946226,0.4424784,0.03711033,0.08126335,0.45797452,9.823009
5.240608,-3.144335,7.807791,-0.13946226,0.4424784,0.03711033,0.08126335,0.45797452,9.823009
5.2094836,-3.192219,7.807791,-0.13946226,0.4424784,0.03711033,0.08126335,0.45797452,9.823009
5.202301,-3.144335,7.9442606,0.08319855,-0.13991117,0.13796616,-0.08187091,0.01914735,10.002749
5.262156,-3.1227872,7.9442606,0.14559746,-0.12090731,0.1352725,0.0,0.0,0.0
5.283704,-3.1491234,7.927501,0.1687913,-0.14948797,0.11671734,0.0,0.0,0.0
5.163994,-3.132364,7.855675,0.049081326,-0.13272858,0.044891357,0.0,0.0,0.0
5.1855416,-3.1587002,7.937078,0.073322296,-0.15981293,0.12419939,0.0,0.0,0.0
5.2453966,-3.1658828,8.032846,0.13317728,-0.16699553,0.21996784,0.0,0.0,0.0
5.31004,-3.1395466,7.951443,0.19812012,-0.13796592,0.13931274,0.0,0.0,0.0
5.3890486,-3.2329204,8.020875,0.2771287,-0.2313397,0.20874453,0.0,0.0,0.0
5.298069,-3.1994016,8.078336,0.18435335,-0.1966238,0.26785135,0.0,0.0,0.0
5.259762,-3.1730654,7.970597,0.14604616,-0.17028761,0.16011238,0.0,0.0,0.0
5.252579,-3.1587002,7.949049,0.13886356,-0.15592241,0.13856459,0.0,0.0,0.0
5.2430024,-3.156306,7.877223,0.12928677,-0.15352821,0.066738605,0.0,0.0,0.0
5.2549734,-3.1419408,7.8844056,0.13991117,-0.14410114,0.07302332,0.0,0.0,0.0
5.216666,-3.1610944,7.984962,0.101005554,-0.16549921,0.17313099,0.0,0.0,0.0
5.276521,-3.1587002,8.013692,0.16086054,-0.16310501,0.2018609,0.0,0.0,0.0
5.3148284,-3.1371524,7.9059534,0.19812012,-0.13826513,0.09606743,0.0,0.0,0.0
5.1711764,-3.1610944,7.879617,0.05192423,-0.1675942,0.06928253,0.0,0.0,0.0
5.240608,-3.0701149,7.819762,0.12135601,-0.07661462,0.009427547,0.0,0.0,0.0
5.1855416,-3.0629323,7.838916,0.066289425,-0.07077861,0.027982235,0.0,0.0,0.0
5.226243,-3.1491234,7.7814546,0.106990814,-0.15696979,-0.029479027,0.0,0.0,0.0
5.2453966,-3.132364,7.9083476,0.12554598,-0.14050984,0.09771347,0.0,0.0,0.0
5.26455,-3.120393,7.913136,0.14469957,-0.12853885,0.10250187,0.0,0.0,0.0
5.204695,-3.1036336,7.9658084,0.084994316,-0.111031055,0.15547371,0.0,0.0,0.0
5.2573676,-3.1299698,7.8365216,0.1376667,-0.13736725,0.026186943,0.0,0.0,0.0
5.2214546,-3.2089784,7.838916,0.10654211,-0.21637583,0.025438786,0.0,0.0,0.0
5.118504,-3.1587002,7.865252,0.0035915375,-0.16609764,0.05177498,0.0,0.0,0.0
5.1232924,-3.1658828,8.032846,0.0095767975,-0.17013788,0.21981812,0.0,0.0,0.0
5.1975126,-3.1515176,7.9298954,0.08379698,-0.15577269,0.116867065,0.0,0.0,0.0
5.247791,-3.1347582,7.874829,0.1322794,-0.14095855,0.062099934,0.0,0.0,0.0
5.252579,-3.132364,7.805397,0.1370678,-0.13856435,-0.007331848,0.0,0.0,0.0
5.2693386,-3.1156046,7.874829,0.15292978,-0.12794018,0.06045389,0.0,0.0,0.0
5.2669444,-3.1395466,7.951443,0.15053558,-0.15188217,0.13706827,0.0,0.0,0.0
5.2214546,-3.1634886,8.013692,0.107589245,-0.17043734,0.19961596,0.0,0.0,0.0
5.23582,-3.120393,7.814974,0.12195444,-0.12734175,8.9788437E-4,0.0,0.0,0.0
5.19033,-3.144335,7.8820114,0.078110695,-0.15143323,0.06688833,0.0,0.0,0.0
5.1951184,-3.1036336,7.910742,0.08289909,-0.11073184,0.095618725,0.0,0.0,0.0
5.240608,-3.096451,7.901165,0.12883806,-0.1019032,0.086340904,0.0,0.0,0.0
5.31004,-3.1778538,7.9538374,0.19826984,-0.18330598,0.13901329,0.0,0.0,0.0
5.324405,-3.144335,7.9298954,0.21188688,-0.14933825,0.115670204,0.0,0.0,0.0
5.187936,-3.2017958,7.987356,0.07541752,-0.20679903,0.17313099,0.0,0.0,0.0
5.1711764,-3.1419408,7.975385,0.06075287,-0.14619589,0.16011238,0.0,0.0,0.0
5.228637,-3.2209494,7.939472,0.11821365,-0.22520447,0.12419939,0.0,0.0,0.0
5.1208982,-3.1587002,7.91553,0.009876251,-0.1652,0.099808216,0.0,0.0,0.0
5.226243,-3.1730654,7.946655,0.11522102,-0.17956519,0.13093281,0.0,0.0,0.0
5.3148284,-3.108422,7.9777794,0.20410538,-0.114472866,0.1620574,0.0,0.0,0.0
5.2190604,-3.1371524,7.984962,0.1083374,-0.14320326,0.16924,0.0,0.0,0.0
5.1951184,-3.1491234,7.9059534,0.0811038,-0.15652084,0.09187746,0.0,0.0,0.0
5.283704,-3.1251814,7.855675,0.16968918,-0.13257885,0.041599274,0.0,0.0,0.0
5.3028574,-3.108422,7.877223,0.18988991,-0.117016554,0.061950207,0.0,0.0,0.0
5.307646,-3.1347582,7.925107,0.1946783,-0.14335275,0.109834194,0.0,0.0,0.0
5.247791,-3.1347582,7.889194,0.1298852,-0.14634562,0.07601595,0.0,0.0,0.0
5.2669444,-3.1754596,7.877223,0.14903879,-0.187047,0.06404495,0.0,0.0,0.0
5.2214546,-3.120393,7.913136,0.10489607,-0.13198042,0.09906006,0.0,0.0,0.0
5.271733,-3.1036336,7.910742,0.15517426,-0.11522102,0.09666586,0.0,0.0,0.0
5.26455,-3.0749032,7.946655,0.14634562,-0.088585615,0.1328783,0.0,0.0,0.0
5.23582,-3.1467292,7.9059534,0.11761522,-0.1604116,0.092176914,0.0,0.0,0.0
5.130475,-3.1515176,7.972991,0.01167202,-0.1663971,0.1592145,0.0,0.0,0.0
5.1089272,-3.072509,7.91553,-0.009875774,-0.087388515,0.10175371,0.0,0.0,0.0
5.163994,-3.096451,7.8844056,0.049380302,-0.11073184,0.06808519,0.0,0.0,0.0
5.192724,-3.1347582,8.054394,0.078110695,-0.14903903,0.23807335,0.0,0.0,0.0
5.2430024,-3.1754596,8.092701,0.12494755,-0.18779516,0.27937317,0.0,0.0,0.0
5.331588,-3.156306,7.855675,0.21353292,-0.16864157,0.04234743,0.0,0.0,0.0
5.307646,-3.108422,7.803003,0.18540096,-0.1282394,-0.010474205,0.0,0.0,0.0
5.262156,-3.1132104,7.7096286,0.13991117,-0.13302779,-0.10384846,0.0,0.0,0.0
5.259762,-3.1036336,7.903559,0.13407516,-0.13198042,0.089184284,0.0,0.0,0.0
5.214272,-3.1371524,7.9897504,0.08858538,-0.16549921,0.17537546,0.0,0.0,0.0
5.2669444,-3.156306,7.975385,0.14395142,-0.17732048,0.1620574,0.0,0.0,0.0
5.187936,-3.1060278,7.8844056,0.06494284,-0.1270423,0.07107782,0.0,0.0,0.0
5.156811,-3.1108162,7.898771,0.033818245,-0.13542199,0.083946705,0.0,0.0,0.0
5.178359,-3.1060278,7.9682026,0.05536604,-0.1306336,0.15337849,0.0,0.0,0.0
5.2214546,-3.048567,7.975385,0.099808216,-0.07466936,0.15906477,0.0,0.0,0.0
5.19033,-3.1179988,7.8844056,0.068683624,-0.14410114,0.06808519,0.0,0.0,0.0
5.238214,-3.1227872,7.949049,0.11656761,-0.14769244,0.133327,0.0,0.0,0.0
5.238214,-3.1227872,7.949049,0.11656761,-0.14769244,0.133327,0.0,0.0,0.0
5.295675,-3.1347582,8.025663,0.1735797,-0.15547347,0.21173716,0.0,0.0,0.0
5.2334256,-3.1515176,7.8963766,0.11133051,-0.17223287,0.08245039,0.0,0.0,0.0
5.2430024,-3.1012394,7.903559,0.12090731,-0.12255335,0.08948326,0.0,0.0,0.0
5.2549734,-3.1132104,7.927501,0.1328783,-0.13452435,0.113425255,0.0,0.0,0.0
5.2334256,-3.144335,7.838916,0.11133051,-0.16534948,0.024839878,0.0,0.0,0.0
5.1951184,-3.1467292,7.934684,0.07302332,-0.16774368,0.12060785,0.0,0.0,0.0
5.240608,-3.1227872,7.996933,0.11716604,-0.14320326,0.18405437,0.0,0.0,0.0
5.2693386,-3.1036336,7.9298954,0.14589643,-0.12404966,0.11701679,0.0,0.0,0.0
5.26455,-3.1706712,7.963414,0.1405096,-0.1918354,0.15068531,0.0,0.0,0.0
5.2430024,-3.1515176,7.8868,0.11896181,-0.17268181,0.07407093,0.0,0.0,0.0
5.259762,-3.1371524,7.970597,0.13617039,-0.1568203,0.15801716,0.0,0.0,0.0
5.250185,-3.0868742,7.927501,0.12659359,-0.10654211,0.11492157,0.0,0.0,0.0
5.204695,-3.1587002,7.8341274,0.081552505,-0.17896652,0.02109909,0.0,0.0,0.0
5.154417,-3.132364,7.925107,0.03127432,-0.15263033,0.11207867,0.0,0.0,0.0
5.187936,-3.1227872,7.8939824,0.06524181,-0.14065933,0.081552505,0.0,0.0,0.0
5.238214,-3.1467292,7.949049,0.11552,-0.16460133,0.13661909,0.0,0.0,0.0
5.247791,-3.1898248,7.934684,0.12315178,-0.20605087,0.12404966,0.0,0.0,0.0
5.288492,-3.144335,7.951443,0.16385317,-0.16056108,0.14080906,0.0,0.0,0.0
5.262156,-3.1347582,7.9442606,0.13617039,-0.14948797,0.1352725,0.0,0.0,0.0
5.204695,-3.1299698,7.9298954,0.0787096,-0.14469957,0.12090731,0.0,0.0,0.0
5.192724,-3.1419408,7.9059534,0.063895226,-0.15876555,0.0978632,0.0,0.0,0.0
5.238214,-3.096451,7.764695,0.10938501,-0.11327577,-0.043395042,0.0,0.0,0.0
5.240608,-3.1299698,7.9298954,0.113425255,-0.15113401,0.11911154,0.0,0.0,0.0
5.1592054,-3.1491234,8.030452,0.032022476,-0.17028761,0.21966791,0.0,0.0,0.0
5.216666,-3.1754596,8.013692,0.08708906,-0.19213462,0.20620012,0.0,0.0,0.0
5.2932806,-3.1467292,7.879617,0.16370344,-0.16340423,0.072125435,0.0,0.0,0.0
5.223849,-3.180248,7.814974,0.09247589,-0.19856906,0.0080804825,0.0,0.0,0.0
5.240608,-3.156306,7.702446,0.10923529,-0.17462707,-0.104447365,0.0,0.0,0.0
5.202301,-3.132364,7.714417,0.0709281,-0.15068507,-0.09247637,0.0,0.0,0.0
5.163994,-3.1371524,7.8820114,0.02888012,-0.1652,0.0739212,0.0,0.0,0.0
5.163994,-3.1371524,7.8820114,0.02888012,-0.1652,0.0739212,0.0,0.0,0.0
5.192724,-3.1036336,7.934684,0.058059216,-0.12779045,0.12779045,0.0,0.0,0.0
5.2430024,-3.1132104,7.874829,0.110432625,-0.13661909,0.066738605,0.0,0.0,0.0
5.2214546,-3.156306,7.984962,0.08888483,-0.17971468,0.17687178,0.0,0.0,0.0
5.238214,-3.1347582,7.9418664,0.105195045,-0.15726924,0.13452435,0.0,0.0,0.0
5.259762,-3.144335,7.939472,0.12674284,-0.16684604,0.13213015,0.0,0.0,0.0
5.211878,-3.1587002,7.958626,0.07721281,-0.18375492,0.15128374,0.0,0.0,0.0
5.283704,-3.132364,7.9777794,0.14903879,-0.15741873,0.17043734,0.0,0.0,0.0
5.300463,-3.1060278,7.9203186,0.16490078,-0.1304841,0.113874435,0.0,0.0,0.0
5.2693386,-3.08448,7.8963766,0.13377619,-0.10893631,0.08993244,0.0,0.0,0.0
5.259762,-3.1132104,7.850887,0.123450756,-0.14350247,0.042646885,0.0,0.0,0.0
5.2693386,-3.1467292,7.927501,0.13302755,-0.17702127,0.119261265,0.0,0.0,0.0
5.2549734,-3.1539118,8.011298,0.12255335,-0.1822586,0.20126247,0.0,0.0,0.0
5.283704,-3.2017958,8.090307,0.15128374,-0.2301426,0.28027153,0.0,0.0,0.0
5.1975126,-3.1826422,8.054394,0.06778574,-0.20350718,0.24540567,0.0,0.0,0.0
5.2070894,-3.1395466,7.9777794,0.07736254,-0.1604116,0.1687913,0.0,0.0,0.0
5.211878,-3.1108162,7.9083476,0.08005619,-0.13811564,0.0983119,0.0,0.0,0.0
5.283704,-3.1132104,7.949049,0.15068483,-0.14829087,0.13676882,0.0,0.0,0.0
5.26455,-3.1108162,7.862858,0.13153124,-0.14589667,0.05057764,0.0,0.0,0.0
5.274127,-3.1634886,7.9322896,0.14110804,-0.19856906,0.12000942,0.0,0.0,0.0
5.288492,-3.2017958,7.9682026,0.15397692,-0.2352302,0.15756845,0.0,0.0,0.0
5.300463,-3.1658828,7.9562316,0.16430187,-0.20036483,0.14634562,0.0,0.0,0.0
5.271733,-3.1634886,7.9442606,0.13557148,-0.19797063,0.13437462,0.0,0.0,0.0
5.1951184,-3.132364,7.913136,0.0589571,-0.16684604,0.10325003,0.0,0.0,0.0
5.1975126,-3.0868742,7.8245506,0.05761051,-0.12764096,0.01466465,0.0,0.0,0.0
5.2310314,-3.108422,7.84131,0.08813667,-0.15397716,0.0317235,0.0,0.0,0.0
5.240608,-3.1132104,7.9322896,0.09771347,-0.15876555,0.122703075,0.0,0.0,0.0
5.180753,-3.0772974,7.9059534,0.040402412,-0.12000942,0.095618725,0.0,0.0,0.0
5.156811,-3.072509,7.9777794,0.016460419,-0.11522102,0.1674447,0.0,0.0,0.0
5.1592054,-3.1347582,7.8484926,0.025737762,-0.17492628,0.034566402,0.0,0.0,0.0
5.1592054,-3.1347582,7.8484926,0.025737762,-0.17492628,0.034566402,0.0,0.0,0.0
5.0730143,-3.1299698,7.9658084,-0.06000471,-0.16789341,0.15263033,0.0,0.0,0.0
5.283704,-3.1275756,7.922713,0.15068483,-0.16549921,0.10953474,0.0,0.0,0.0
5.2932806,-3.0581439,7.8724346,0.1568203,-0.09771347,0.060902596,0.0,0.0,0.0
5.274127,-3.0820858,7.764695,0.1376667,-0.121655464,-0.046836853,0.0,0.0,0.0
5.274127,-3.1395466,7.793426,0.1376667,-0.17911625,-0.018105984,0.0,0.0,0.0
5.3028574,-3.0988452,7.9059534,0.16100979,-0.14694428,0.09472084,0.0,0.0,0.0
5.2334256,-3.1132104,8.03524,0.09322405,-0.15502453,0.22520447,0.0,0.0,0.0
5.1376576,-3.1132104,7.9897504,-0.0025439262,-0.15502453,0.17971468,0.0,0.0,0.0
5.1855416,-3.120393,7.925107,0.047285557,-0.16190791,0.11402416,0.0,0.0,0.0
5.163994,-3.0892684,7.867646,0.025737762,-0.13078332,0.056563377,0.0,0.0,0.0
5.238214,-3.096451,7.999327,0.09891033,-0.13916302,0.1883936,0.0,0.0,0.0
5.286098,-3.108422,8.004115,0.14679432,-0.15113401,0.19318151,0.0,0.0,0.0
5.26455,-3.108422,7.9921446,0.1250968,-0.14948797,0.18195915,0.0,0.0,0.0
5.26455,-3.108422,7.9921446,0.1250968,-0.14948797,0.18195915,0.0,0.0,0.0
5.2789154,-3.156306,7.9801736,0.139462,-0.19737196,0.16998816,0.0,0.0,0.0
5.319617,-3.1371524,7.877223,0.17567444,-0.17836809,0.06988096,0.0,0.0,0.0
5.3651066,-3.1395466,7.9322896,0.21742344,-0.18240833,0.12674332,0.0,0.0,0.0
5.276521,-3.1299698,7.927501,0.12883806,-0.17283154,0.12195492,0.0,0.0,0.0
5.300463,-3.1275756,7.9538374,0.15113401,-0.17043734,0.14948797,0.0,0.0,0.0
5.214272,-3.1060278,8.011298,0.06494284,-0.14888954,0.20694876,0.0,0.0,0.0
5.214272,-3.1515176,7.8844056,0.063296795,-0.19363117,0.08125353,0.0,0.0,0.0
5.247791,-3.1108162,7.867646,0.09367323,-0.15472531,0.06599045,0.0,0.0,0.0
5.2214546,-3.1275756,7.994539,0.067337036,-0.17148471,0.19288301,0.0,0.0,0.0
5.286098,-3.096451,7.939472,0.1256957,-0.14335299,0.14080906,0.0,0.0,0.0
5.2789154,-3.0940568,7.975385,0.11851311,-0.14095879,0.17672205,0.0,0.0,0.0
5.331588,-3.1132104,7.8844056,0.1711855,-0.16011238,0.08574247,0.0,0.0,0.0
5.331588,-3.0868742,7.874829,0.16624737,-0.14065933,0.07691383,0.0,0.0,0.0
5.140052,-3.048567,7.791032,-0.025288582,-0.10235214,-0.0068831444,0.0,0.0,0.0
5.2430024,-3.156306,7.891588,0.08065462,-0.2145803,0.08993244,0.0,0.0,0.0
5.204695,-3.0796916,8.049605,0.04234743,-0.13796592,0.2479496,0.0,0.0,0.0
5.175965,-3.1347582,7.901165,0.017956734,-0.18330598,0.10040712,0.0,0.0,0.0
5.175965,-3.1347582,7.901165,0.017956734,-0.18330598,0.10040712,0.0,0.0,0.0
5.2190604,-3.1539118,7.951443,0.061052322,-0.20245957,0.15068531,0.0,0.0,0.0
5.1975126,-3.0533555,7.855675,0.04070139,-0.1019032,0.05401945,0.0,0.0,0.0
5.283704,-3.0294132,7.8365216,0.12599468,-0.08424592,0.033070087,0.0,0.0,0.0
5.319617,-3.0509613,7.8460984,0.16190767,-0.10579395,0.042646885,0.0,0.0,0.0
5.1831474,-3.1156046,7.994539,0.028131962,-0.17342997,0.18824434,0.0,0.0,0.0
5.152023,-3.0868742,8.049605,-0.00299263,-0.14469957,0.24331093,0.0,0.0,0.0
5.192724,-3.1108162,8.068759,0.036212444,-0.16265607,0.26560688,0.0,0.0,0.0
5.2932806,-3.0868742,7.958626,0.13676882,-0.13871408,0.15547371,0.0,0.0,0.0
5.312434,-3.1108162,7.829339,0.1553235,-0.16789341,0.024690628,0.0,0.0,0.0
5.2693386,-3.1227872,7.850887,0.11222792,-0.1798644,0.046238422,0.0,0.0,0.0
5.295675,-3.1227872,8.0089035,0.13661909,-0.18450332,0.20380592,0.0,0.0,0.0
5.2549734,-3.1227872,7.972991,0.0959177,-0.18450332,0.16789341,0.0,0.0,0.0
5.26455,-3.0581439,7.8700404,0.105644226,-0.11671734,0.066140175,0.0,0.0,0.0
5.238214,-3.0868742,7.877223,0.07930803,-0.14544773,0.07332277,0.0,0.0,0.0
5.252579,-3.1012394,7.9658084,0.09292507,-0.1663971,0.15981293,0.0,0.0,0.0
5.324405,-3.1419408,7.9203186,0.1625061,-0.20470428,0.11671734,0.0,0.0,0.0
5.298069,-3.144335,7.9203186,0.13616991,-0.20709848,0.11671734,0.0,0.0,0.0
5.259762,-3.1179988,8.030452,0.098162174,-0.17926598,0.22714996,0.0,0.0,0.0
5.295675,-3.0940568,8.08073,0.13407516,-0.15532398,0.27742863,0.0,0.0,0.0
5.276521,-3.0772974,7.934684,0.115819454,-0.13841486,0.13093281,0.0,0.0,0.0
5.2430024,-3.072509,7.867646,0.08230066,-0.13362646,0.063895226,0.0,0.0,0.0
5.1975126,-3.0772974,7.9538374,0.03725958,-0.14155722,0.14859009,0.0,0.0,0.0
5.2549734,-3.1227872,7.963414,0.09472036,-0.187047,0.15816689,0.0,0.0,0.0
5.2214546,-3.1467292,7.982568,0.06239891,-0.20754743,0.17776966,0.0,0.0,0.0
5.238214,-3.120393,7.994539,0.079158306,-0.18121123,0.18974066,0.0,0.0,0.0
5.3028574,-3.0796916,7.982568,0.14559746,-0.13961196,0.1770215,0.0,0.0,0.0
5.3028574,-3.0796916,7.982568,0.14559746,-0.13961196,0.1770215,0.0,0.0,0.0
5.3028574,-3.0796916,7.982568,0.14559746,-0.13961196,0.1770215,0.0,0.0,0.0
5.223849,-3.1036336,7.982568,0.0685339,-0.16415262,0.17537546,0.0,0.0,0.0
5.2334256,-3.1874306,7.958626,0.08125305,-0.2460041,0.1500864,0.0,0.0,0.0
5.295675,-3.192219,7.853281,0.14350224,-0.2507925,0.04474163,0.0,0.0,0.0
5.1496286,-3.1299698,7.879617,-8.9788437E-4,-0.18614912,0.07092857,0.0,0.0,0.0
5.247791,-3.0916626,7.925107,0.09726429,-0.14784193,0.11641836,0.0,0.0,0.0
5.2789154,-3.060538,7.867646,0.12868834,-0.11537075,0.059256554,0.0,0.0,0.0
5.2789154,-3.060538,7.867646,0.12868834,-0.11537075,0.059256554,0.0,0.0,0.0
5.3052516,-3.0557497,7.9298954,0.15502453,-0.11058235,0.12150574,0.0,0.0,0.0
5.2669444,-3.0988452,8.068759,0.116867065,-0.15038586,0.26156664,0.0,0.0,0.0
5.0849853,-3.1156046,7.910742,-0.064493656,-0.16310501,0.104596615,0.0,0.0,0.0
5.130475,-3.1156046,7.8820114,-0.019003868,-0.16310501,0.07586622,0.0,0.0,0.0
5.2549734,-3.096451,7.829339,0.10145426,-0.1472435,0.024690628,0.0,0.0,0.0
5.2813096,-3.0557497,7.889194,0.12779045,-0.10654211,0.08454561,0.0,0.0,0.0
5.324405,-3.1012394,7.9418664,0.16669607,-0.15188217,0.1400609,0.0,0.0,0.0
5.307646,-3.1371524,8.0089035,0.14993668,-0.18779516,0.207098,0.0,0.0,0.0
5.2908864,-3.168277,7.879617,0.1280899,-0.21667528,0.082001686,0.0,0.0,0.0
5.295675,-3.1179988,7.8341274,0.1328783,-0.1663971,0.036511898,0.0,0.0,0.0
5.276521,-3.0581439,7.898771,0.10714054,-0.11222839,0.10339975,0.0,0.0,0.0
5.3052516,-3.1036336,7.925107,0.13587093,-0.15771818,0.12973595,0.0,0.0,0.0
5.2453966,-3.1156046,7.91553,0.071676254,-0.16819263,0.12360096,0.0,0.0,0.0
5.250185,-3.1539118,7.8868,0.07646465,-0.20649981,0.09487057,0.0,0.0,0.0
5.250185,-3.1539118,7.8868,0.07646465,-0.20649981,0.09487057,0.0,0.0,0.0
5.211878,-3.0940568,7.9801736,0.04129982,-0.1376667,0.18959093,0.0,0.0,0.0
5.1592054,-3.1467292,7.9921446,-0.011372566,-0.19033909,0.20156193,0.0,0.0,0.0
5.247791,-3.0868742,7.9059534,0.07721281,-0.1304841,0.11537075,0.0,0.0,0.0
5.2573676,-3.0772974,7.8365216,0.08783722,-0.122852564,0.044442654,0.0,0.0,0.0
5.228637,-3.1251814,7.8341274,0.059106827,-0.17073655,0.042048454,0.0,0.0,0.0
5.2430024,-3.1419408,7.8939824,0.07003021,-0.18719673,0.10429764,0.0,0.0,0.0
5.3507414,-3.1179988,7.949049,0.17911625,-0.16026187,0.1596632,0.0,0.0,0.0
5.3267994,-3.096451,7.91553,0.15517426,-0.13871408,0.12614441,0.0,0.0,0.0
5.288492,-3.1587002,7.910742,0.116867065,-0.20096326,0.12135601,0.0,0.0,0.0
5.288492,-3.1587002,7.910742,0.116867065,-0.20096326,0.12135601,0.0,0.0,0.0
5.2070894,-3.192219,7.939472,0.038157463,-0.23118997,0.14948797,0.0,0.0,0.0
5.216666,-3.1347582,7.8580694,0.048482418,-0.17013788,0.06898308,0.0,0.0,0.0
5.2214546,-3.1299698,7.889194,0.053270817,-0.16534948,0.10010767,0.0,0.0,0.0
5.259762,-3.0749032,7.8460984,0.089782715,-0.11252761,0.057311535,0.0,0.0,0.0
5.276521,-3.1299698,7.8820114,0.10669136,-0.16774368,0.0930748,0.0,0.0,0.0
5.238214,-3.1156046,7.9322896,0.06838417,-0.15337849,0.14335299,0.0,0.0,0.0
5.2310314,-3.1778538,7.96102,0.062249184,-0.21158767,0.17298126,0.0,0.0,0.0
5.1735706,-3.1012394,7.9179244,0.0047883987,-0.13497329,0.12988567,0.0,0.0,0.0
5.2310314,-3.1299698,7.877223,0.06494284,-0.16175818,0.08813667,0.0,0.0,0.0
5.2310314,-3.1299698,7.877223,0.06494284,-0.16175818,0.08813667,0.0,0.0,0.0
5.2453966,-3.1132104,7.9538374,0.078110695,-0.14260459,0.1663971,0.0,0.0,0.0
5.250185,-3.1706712,7.8939824,0.08289909,-0.20006537,0.10654211,0.0,0.0,0.0
5.2693386,-3.1539118,7.9059534,0.10010767,-0.1834557,0.11970997,0.0,0.0,0.0
5.216666,-3.1156046,7.8580694,0.047435284,-0.14514852,0.07182598,0.0,0.0,0.0
5.271733,-3.156306,7.8820114,0.10429716,-0.18869305,0.0935235,0.0,0.0,0.0
5.178359,-3.1994016,7.951443,0.009277344,-0.22879577,0.16519976,0.0,0.0,0.0
5.178359,-3.1946132,7.958626,0.009277344,-0.22400737,0.17238235,0.0,0.0,0.0
5.2549734,-3.180248,8.0089035,0.08589172,-0.20964217,0.22266006,0.0,0.0,0.0
5.286098,-3.1299698,7.817368,0.114622116,-0.16026187,0.03232193,0.0,0.0,0.0
5.286098,-3.1299698,7.817368,0.114622116,-0.16026187,0.03232193,0.0,0.0,0.0
5.276521,-3.1419408,7.9538374,0.09906006,-0.18180966,0.16924,0.0,0.0,0.0
5.2908864,-3.1060278,7.8604636,0.113425255,-0.14589667,0.07586622,0.0,0.0,0.0
5.247791,-3.1515176,7.9059534,0.06913233,-0.1882441,0.123301506,0.0,0.0,0.0
5.274127,-3.1467292,7.922713,0.09561825,-0.18390465,0.13976145,0.0,0.0,0.0
5.295675,-3.1156046,7.8820114,0.11716604,-0.15278006,0.09906006,0.0,0.0,0.0
5.214272,-3.1395466,7.96102,0.033668518,-0.1786673,0.1788168,0.0,0.0,0.0
5.26455,-3.1179988,7.951443,0.083946705,-0.15711951,0.16924,0.0,0.0,0.0
5.226243,-3.1179988,7.946655,0.04593849,-0.15981293,0.16325474,0.0,0.0,0.0
5.2573676,-3.1060278,7.9658084,0.07706308,-0.14784193,0.18240833,0.0,0.0,0.0
