-0.056228638,6.940384,6.3589325,0.05893576,-0.124574184,-0.27910614,0.025012255,-0.06273937,9.502791
-0.037094116,6.932007,6.300308,0.15365553,-0.23511696,-0.14730167,0.10977507,-0.09868717,9.52594
0.01675415,6.9798584,6.234497,0.1798042,-0.23199797,-0.1990509,0.12855709,-0.06408882,9.482398
0.061019897,6.9798584,6.1651,0.18140793,-0.25598478,-0.44343662,0.09310031,0.06470251,9.275407
0.044265747,7.0085754,6.0514526,0.17267287,-0.21495533,-0.62721014,0.061258256,0.21138716,9.157823
0.007171631,6.9762726,6.025131,0.16678321,-0.23288298,-0.52347136,0.06886107,0.13620138,9.229779
0.01914978,6.933197,6.114853,0.2510624,-0.28018427,-0.5045557,0.15112448,0.090706825,9.202461
0.059814453,6.9678955,6.3433685,0.32851994,-0.27988768,-0.5742221,0.2180509,0.13855839,9.136391
0.062210083,6.9750824,6.3960114,0.3817563,-0.23986435,-0.7342696,0.25027287,0.27273846,9.028575
-0.026321411,6.960724,6.2883453,0.22606087,-0.28864717,-0.71903515,0.017638683,-0.24249554,9.03703
-0.062210083,6.921234,6.2703857,0.13961434,-0.28293037,-0.43369484,-0.024110794,-0.06855035,9.275282
-0.020339966,6.941574,6.4031982,0.107904315,-0.1974492,-0.25068712,0.05485308,0.0032143593,9.474303
0.04307556,6.9224396,6.4378967,0.16445935,-0.22776556,-0.32770538,0.09723592,0.02944231,9.3871355
0.023925781,6.912857,6.443878,0.22780967,-0.22397518,-0.39164877,0.1506477,0.07553244,9.3301525
-0.029907227,6.837494,6.497711,0.18786466,-0.2649026,-0.40594864,0.10661042,0.05187559,9.300484
-0.07058716,6.8434753,6.47139,0.19670546,-0.2836547,-0.30133295,-0.12752557,-0.037047386,9.368109
-0.16270447,6.867401,6.484543,0.15795124,-0.28572226,-0.40529156,0.076313734,0.035577774,9.293076
-0.14117432,6.8207397,6.693924,0.17164898,-0.29948616,-0.5751643,0.06327927,0.13265371,9.152151
-0.13877869,6.806381,6.78006,0.14168942,-0.27270365,-0.5741515,0.03535855,0.15271616,9.174574
-0.044265747,6.795624,6.624527,0.05096078,-0.31858826,-0.4144516,-0.0330801,0.013784409,9.282645
-0.059814453,6.8231354,6.587448,0.066034794,-0.35666895,-0.32926702,-0.024029493,0.064704895,9.32165
0.051452637,6.754944,6.5814514,0.09053552,-0.3195691,-0.45188427,-3.0338764E-4,0.03821802,9.247133
0.04547119,6.734604,6.634094,0.06924713,-0.25760603,-0.5760107,-0.036462784,0.16435003,9.194601
-0.010772705,6.796814,6.624527,0.032639146,-0.25781155,-0.45610523,-0.054698706,0.08796692,9.292031
-0.033493042,6.8027954,6.521637,0.030828834,-0.2903576,-0.2870655,0.009280205,0.054222822,9.400893
-0.062210083,6.8207397,6.501297,0.061144352,-0.33955622,-0.27715874,-0.005419731,-0.08721638,9.372809
0.008377075,6.731003,6.4378967,0.057482123,-0.3489232,-0.39809608,-0.028233647,-0.018530369,9.275246
-0.046661377,6.7501526,6.567108,0.041014075,-0.32035828,-0.52384424,-0.0618577,0.08250713,9.199946
0.0047912598,6.7740784,6.484543,0.120150805,-0.2937193,-0.6206784,0.0032104254,0.16769695,9.13003
0.025131226,6.8231354,6.4319,0.13814735,-0.36243868,-0.43095207,0.045924067,-0.0053544044,9.228699
-0.026321411,6.7633057,6.4630127,0.11770105,-0.33954668,-0.35297632,0.039642215,-0.03854227,9.30597
0.044265747,6.7369995,6.6221313,0.07381487,-0.38518953,-0.32973337,-0.0029536486,-0.09133816,9.302476
-0.008377075,6.727417,6.6221313,0.09917307,-0.36300325,-0.2486844,0.03576672,-0.12391949,9.37443
0.051452637,6.7657013,6.3601227,0.0998044,-0.38778496,-0.24598122,0.03498435,-0.1452837,9.361102
-0.11843872,6.829117,6.4534454,0.10744047,-0.34631872,-0.22935724,0.047540903,-0.12374067,9.39859
-0.15911865,6.845871,6.665207,0.12113452,-0.30362415,-0.4387579,0.031971216,0.0407362,9.261959
-0.1878357,6.8733826,6.6915283,0.07020676,-0.34949112,-0.47078466,-0.02636993,0.023293495,9.217181
-0.1651001,6.870987,6.5850525,0.104138374,-0.28681946,-0.29984522,0.037175417,-0.032419205,9.381699
-0.17347717,6.878174,6.5120697,0.14011204,-0.24610901,-0.24531221,0.08373642,-0.033166885,9.442965
-0.16630554,6.8697968,6.541977,0.19215214,-0.2629323,-0.361907,0.11602342,0.028787613,9.334694
-0.13160706,6.850647,6.4378967,0.14556015,-0.35298347,-0.5175514,-0.011288166,-0.06669927,9.167066
-0.14715576,6.847061,6.34816,0.15072656,-0.28808594,-0.48910666,0.053886056,0.08840132,9.228534
-0.07537842,6.849457,6.376877,0.16644657,-0.30665112,-0.4066081,0.0808202,0.023575306,9.277518
-0.062210083,6.805191,6.530014,0.22829854,-0.3861971,-0.2765789,0.15695655,-0.1169405,9.31731
-0.022735596,6.7633057,6.504883,0.17185879,-0.40108395,-0.34546328,-0.11960101,0.03995657,9.264573
-0.0657959,6.7860413,6.5479584,0.18608236,-0.31476784,-0.39918184,0.101163745,0.013373375,9.275013
-0.04547119,6.777664,6.5659027,0.15890372,-0.32598877,-0.38219357,0.07621181,-0.0071001053,9.28537
-0.047851563,6.764511,6.6424713,0.12919772,-0.3350706,-0.28248549,0.061703086,-0.07801247,9.360702
-0.052642822,6.768097,6.599411,0.14432776,-0.31689072,-0.27616024,0.07868266,-0.067522526,9.374489
-0.06460571,6.899704,6.477371,0.11322987,-0.2657442,-0.30946302,0.046257854,-0.008449078,9.385941
-0.13279724,6.8362885,6.4965057,0.1649375,-0.20796633,-0.3302269,0.09775829,0.052307606,9.397736
-0.107681274,6.8362885,6.5371857,0.18253362,-0.21938086,-0.3488593,0.1114943,0.056263924,9.373577
-0.090927124,6.833908,6.45105,0.22770584,-0.2947631,-0.3374896,0.15321589,-0.0073332787,9.328
-0.08494568,6.8195496,6.439087,0.15754318,-0.28684473,-0.35680056,0.08187568,0.00719738,9.329522
-0.053833008,6.8482513,6.501297,0.13000453,-0.28569984,-0.36323643,0.053909898,0.010726929,9.329739
0.03111267,6.8111725,6.464203,0.115986586,-0.29650497,-0.2970786,-0.06239724,0.0123775005,9.375863
0.007171631,6.850647,6.4414825,0.17770827,-0.33042526,-0.3392148,0.10183215,-0.03686714,9.312588
-0.046661377,6.813568,6.45224,0.15458453,-0.35029984,-0.3889532,0.070067406,-0.022398472,9.265837
-0.023925781,6.8362885,6.4582214,0.13770592,-0.33406878,-0.42554665,0.048685074,0.012722969,9.250662
-0.07058716,6.7812653,6.43071,0.09014559,-0.36841583,-0.35483885,0.010655642,-0.060245037,9.290875
-0.023925781,6.818344,6.604187,0.12760377,-0.36681318,-0.3057809,0.05527103,-0.08780956,9.323359
-0.049057007,6.7836456,6.583847,0.19113994,-0.2942567,-0.41931963,0.104643226,0.04296589,9.271716
-0.04307556,6.8733826,6.5192413,0.18409038,-0.33038664,-0.5821028,0.07002652,0.11742449,9.126066
-0.105285645,6.8518524,6.3708954,0.13404953,-0.35538483,-0.568038,0.020925522,0.08736086,9.129254
-0.053833008,6.8027954,6.36969,0.10619056,-0.35181284,-0.27458668,0.03882134,-0.09565592,9.359673
-0.09690857,6.8123627,6.4414825,0.13432562,-0.33131933,-0.28957367,0.06515324,-0.06900406,9.356469
-0.035888672,6.838684,6.440277,0.09908974,-0.3500414,-0.35469055,0.018474221,-0.044168472,9.300822
-0.037094116,6.8434753,6.4665985,0.075624466,-0.30581188,-0.44046545,-0.015508413,0.043435574,9.267092
0.009567261,6.838684,6.477371,0.06502962,-0.34246588,-0.2778201,-0.0032173395,-0.08749342,9.36958
-0.062210083,6.825531,6.582657,0.07515812,-0.39714622,-0.28797483,-0.056238413,0.10957551,9.325887
-0.06939697,6.8350983,6.6676025,0.0966388,-0.38801813,-0.35730934,0.01154685,-0.071801186,9.2753525
0.007171631,6.8638153,6.5778656,0.12834811,-0.3516922,-0.4654808,-0.012851715,-0.036230564,9.210533
-0.1040802,6.84227,6.5108643,0.14138341,-0.3078084,-0.47021818,0.042960525,0.06444836,9.232332
-0.07537842,6.7860413,6.587448,0.07932389,-0.36460114,-0.29092026,0.0057965517,-0.095528126,9.343291
-0.119644165,6.867401,6.521637,0.10746944,-0.35620308,-0.29613352,0.033077836,-0.0848465,9.339925
-0.032302856,6.746567,6.4821625,0.12966752,-0.3201542,-0.39947653,0.04105425,0.009094715,9.280224
-0.114852905,6.867401,6.484543,0.11923051,-0.29299784,-0.4649434,0.0123353,-0.07368517,9.249287
0.035888672,6.9355927,6.4450684,0.14452505,-0.34953833,-0.19908428,0.08491695,-0.13919401,9.411539
0.10887146,6.8566284,6.45105,0.14834988,-0.3667369,-0.14180899,0.09644568,-0.18863201,9.443705
-0.11366272,6.7657013,6.5108643,0.19678926,-0.34665108,-0.33808947,0.11459005,-0.047700405,9.298919
-0.0993042,6.867401,6.4953156,0.23104739,-0.30297995,-0.44751978,0.1343627,0.056804657,9.237288
0.041870117,6.8446655,6.479767,0.17865574,-0.28985214,-0.44533348,0.0841918,0.06417227,9.256152
0.062210083,6.747757,6.550354,0.13799441,-0.21169472,-0.44126558,0.050478816,0.12121439,9.315395
-0.13400269,6.9044952,6.602997,0.2505716,-0.29588795,-0.4011364,0.16193527,0.036233902,9.274006
-0.08015442,6.8446655,6.51326,0.2601241,-0.32427788,-0.44313717,0.16295165,0.04116583,9.222747
0.0382843,6.805191,6.401993,0.22371697,-0.29485416,-0.33789396,-0.13366127,-0.059306145,9.3273
-0.021530151,6.833908,6.5168457,0.14315248,-0.33820438,-0.20095015,-0.13232493,0.07864857,9.417344
-0.0011901855,6.8817596,6.5359955,0.15466464,-0.27145386,-0.074807644,0.12135744,-0.15571642,9.553217
-0.071777344,6.8446655,6.4618225,0.24934018,-0.25321436,-0.20337296,0.19571269,-0.056104183,9.4514065
-0.037094116,6.817154,6.4965057,0.5214069,-0.46644878,-0.3787179,0.42158532,-0.096461296,9.138947
-0.04547119,6.887741,6.4630127,0.58846855,-0.7254944,0.102375984,0.5427271,-0.5984392,9.326614
0.039474487,6.830307,6.3912354,1.8774446,-1.1619334,0.541451,1.827867,-1.1808083,9.14889
-0.10647583,6.8817596,6.440277,1.0118737,-1.0684881,0.6526141,0.9943261,-1.2068267,9.424099
-0.10647583,6.891327,6.4462585,1.1258607,-1.0599647,0.48975992,1.0171227,-1.1246123,9.230751
0.027511597,6.9427795,6.36969,0.75158834,-0.7305622,-0.16920996,0.58126885,-0.41505814,9.021099
0.10169983,6.9056854,6.3110657,0.6491387,-0.5559764,-0.83363247,-0.19106936,-0.36789608,8.6870165
0.09451294,6.9224396,6.2979126,0.06913638,-0.30767202,-1.5231533,-0.29929537,0.94187,8.605509
-0.034698486,6.886551,6.4785614,-0.71908116,0.11376381,-1.9790401,-1.0083653,1.6537278,8.972981
-0.0023956299,6.9391785,6.528824,-1.3190482,0.377985,-2.179089,-1.5259744,2.0176854,9.325466
-0.09451294,6.9176483,6.4917297,-1.3311286,0.33331013,-1.8507929,-1.4805067,1.7431886,9.527673
-0.07058716,6.8602295,6.4941254,-1.2218201,0.30463934,-1.2791476,-1.2706896,1.2675767,9.7850485
-0.07298279,6.899704,6.378067,-1.1511822,0.18206882,-0.69484377,-1.1299517,0.7287352,9.9892235
-0.06460571,6.911667,6.303894,-1.5568473,0.31519604,-0.4144311,-1.4016763,0.61850643,10.396252
-0.057434082,6.929611,6.296707,-1.0757487,0.23445511,-0.83874416,-1.0589144,0.88470674,9.914774
0.056228638,6.929611,6.3314056,-0.5306163,0.06344414,-1.2222414,1.1353986,-0.5485096,9.371381
0.011962891,6.9391785,6.3026886,-0.39922333,-0.045420647,-1.1160455,-0.58334213,0.9020591,9.303658
-0.090927124,6.8889313,6.2823486,0.136662,-0.42376614,-0.34398603,-0.08408189,0.02234602,9.250761
0.027511597,6.941574,6.3349915,0.37638092,-0.5778775,-0.09355354,0.12728643,-0.28669405,9.185392
0.039474487,6.898514,6.3433685,0.2761488,-0.53045225,-0.06754923,0.055423737,-0.2742324,9.273804
0.124420166,6.8685913,6.41037,0.05443263,-0.32879114,-0.16199923,-0.095439374,-0.0649333,9.4545355
0.0047912598,6.9272156,6.4534454,-0.15416908,-0.19565582,-0.4264288,-0.28696656,0.24154377,9.485406
-0.027511597,6.969101,6.5240326,-0.077785015,-0.10011196,-0.59663916,-0.21331507,0.43146396,9.431969
-0.110076904,6.9391785,6.5730896,-0.11180782,-0.10479164,-0.66804934,-0.25879496,0.49074197,9.404196
-0.07537842,6.8111725,6.600601,-0.27336383,-0.047227383,-0.52388763,-0.3595844,0.4192655,9.5914
-0.026321411,6.870987,6.520447,-0.24856782,-0.14375973,-0.24897385,-0.3235675,0.13837194,9.66313
-0.037094116,6.8901367,6.4618225,-0.106058836,-0.21768093,-0.2125845,-0.21405405,0.056058884,9.572421
-0.06700134,6.9152527,6.4701996,0.041867495,-0.3512535,-0.35890484,-0.15383172,0.088897705,9.335081
-0.023925781,6.8721924,6.3637085,-0.01884818,-0.37050247,-0.4330635,-0.22961515,0.14401054,9.304944
-0.049057007,6.879364,6.3469543,-0.10561371,-0.25079393,-0.5396004,-0.28296405,0.30721498,9.369876
-0.057434082,6.9308167,6.427124,0.091804504,-0.21969652,-1.2095985,-0.20738888,0.85893893,8.946978
-0.008377075,6.9379883,6.4905243,-0.1516757,-0.25240755,-0.29151487,-0.28214276,0.106954575,9.522657
0.037094116,6.86261,6.5359955,-0.21793008,-0.22743654,-0.011165142,0.17816806,0.24524617,9.720302
0.027511597,6.8566284,6.3888397,-0.051599026,-0.17575693,-0.30581522,-0.16280597,0.15256834,9.528635
0.039474487,6.8446655,6.3349915,-0.123259544,-0.1832757,-0.5181966,-0.2644353,0.32742548,9.432247
0.06939697,6.84227,6.3218384,-0.1878171,-0.14797926,-0.6302247,-0.32743055,0.44399524,9.419334
0.122039795,6.8518524,6.4331055,-0.16952968,-0.14839888,-0.85108423,0.63297033,-0.32384324,9.287439
0.13040161,6.886551,6.4319,-0.06492281,-0.22957659,-0.85955715,0.5426674,-0.32190633,9.176058
0.15792847,6.9583282,6.3637085,-0.15580463,-0.31208372,-0.31063747,-0.3021642,0.08109999,9.459826
0.07777405,6.8853455,6.2392883,-0.25106382,-0.28290606,-0.2263813,-0.3647346,0.037548542,9.561954
0.0382843,6.932007,6.2105713,-0.3693421,-0.16016483,-0.5287523,-0.47369534,0.3593526,9.509794
0.0035858154,6.9595184,6.303894,-0.079027414,-0.18784666,-0.55379677,-0.21633768,0.32618046,9.365033
0.0143585205,7.0372925,6.443878,-0.042924643,-0.25564814,-0.49357748,-0.19541156,0.22497654,9.3354645
-0.26560974,7.0624084,6.5862427,7.491112E-4,-0.29777193,-0.16879511,-0.121982455,-0.05851841,9.492234
-0.3014984,7.073181,6.5563354,-0.024288416,-0.33413458,-0.08488989,-0.14125144,-0.1505084,9.529455
-0.40318298,6.999008,6.3194427,0.09610081,-0.37215424,-0.034776688,-0.031537414,-0.23056555,9.498774
-0.275177,7.0588226,6.325424,0.20661592,-0.3744111,-0.14921236,0.06511378,-0.17162085,9.3925905
-0.36012268,7.1030884,6.2117615,0.13599205,-0.3272004,-0.24154139,0.007646978,-0.07364607,9.384261
-0.29670715,7.0660095,6.262024,0.16101027,-0.360466,-0.112222195,0.04029286,-0.19554234,9.448051
-0.3792572,7.276581,6.398407,0.097049,-0.31017637,-0.16003036,-0.008449316,-0.12322426,9.466089
-0.4139557,7.3950195,6.4749756,0.09952426,-0.2893567,-0.19822836,-0.043705225,0.07536292,9.452621
-0.5264282,7.3579254,6.077774,0.23104215,-0.3170309,-0.17599249,-0.17786288,0.05777645,9.419497
-0.64845276,7.429718,6.1256256,0.27141428,-0.33604574,-0.3687067,0.14207524,-0.030570507,9.257635
-0.62931824,7.363907,6.3912354,0.37574458,-0.36475277,-0.48585224,0.2285375,0.013900757,9.129997
-0.6125641,7.3663025,6.2895355,0.4074142,-0.32359314,-0.49646616,0.2698536,0.047281265,9.141729
-0.44148254,7.2299194,6.070587,0.3808837,-0.43655062,-0.23934937,0.2540717,-0.20393753,9.271118
-0.24765015,7.1772766,6.1160583,0.3728056,-0.44241762,-0.25859642,0.24607939,-0.19855309,9.25746
-0.15074158,7.0863495,6.2309113,0.4947889,-0.41595936,-0.28114462,0.36955643,-0.1741147,9.2322
-0.017944336,7.1700897,5.760727,0.58953595,-0.3817215,-0.40212822,-0.4385383,-0.1485517,9.142882
-0.022735596,7.2622223,5.5956116,0.5299282,-0.3642273,-0.36075068,0.40741384,-0.086381435,9.198228
0.14955139,7.3495483,5.5585327,0.5425539,-0.34096813,-0.26314497,0.4354391,-0.13275623,9.284503
0.34217834,7.417755,5.65065,0.5003786,-0.3388853,-0.30754852,0.38961828,-0.10036659,9.260818
0.3900299,7.412964,5.7631073,0.4133792,-0.32904768,-0.38402605,0.29779178,-0.03825569,9.226576
0.38883972,7.441681,5.9928284,0.12952137,-0.23684406,-0.23726416,0.054711282,-0.040558815,9.453767
0.3098755,7.430908,5.7260284,0.07090497,-0.15502119,-0.12850237,0.025221884,-0.042642593,9.599002
0.24645996,7.4321136,5.7308044,0.13969088,-0.21660328,-0.31019783,-0.039227724,-0.048884153,9.408247
0.39242554,7.2921295,5.9365997,0.15686083,-0.26379204,-0.45441103,-0.0018799305,-0.090289116,9.265795
0.5168457,7.338791,5.9605255,0.1054728,-0.23448229,-0.31024122,0.02184391,0.010037422,9.404434
0.5742798,7.3172455,5.868393,0.14750028,-0.2568221,-0.21272135,0.06965488,-0.07250738,9.456143
0.6053772,7.3698883,5.9078827,0.22678876,-0.27888632,-0.37633228,0.123734474,0.009072781,9.301235
0.57069397,7.3734894,5.986847,0.22170901,-0.3046074,-0.5572429,0.09296042,0.105679035,9.148889
0.550354,7.446457,5.900696,0.1889255,-0.27797413,-0.5303569,0.069565356,0.112112045,9.192784
0.40797424,7.5098724,5.7595215,0.23102593,-0.2957468,-0.30865908,0.13336653,-0.046148777,9.341685
-0.062210083,7.6163483,5.851654,0.22318888,-0.34783983,-0.37822008,0.107791126,-0.041301727,9.258444
-0.21176147,7.536194,5.966507,0.21763325,-0.30944777,-0.46143246,0.09979904,0.0419755,9.219862
-0.21296692,7.692932,5.97847,0.17903638,-0.26959038,-0.45403957,0.07045156,0.07088661,9.25811
-0.20698547,8.398804,5.6698,0.1264255,-0.24984169,-0.2893138,0.04226923,-0.0154418945,9.406548
-0.37687683,8.459824,5.2008057,0.13043594,-0.31777143,-0.071174145,0.059150636,-0.20723248,9.529858
-0.6544342,7.6821594,5.6159515,0.20820618,-0.34753084,-0.17634392,-0.18761802,0.08260512,9.415241
-0.88534546,7.1449738,6.4785614,0.25174236,-0.2762556,-0.5119834,-0.06222248,-0.15315676,9.194694
-0.8889313,7.319641,6.6400757,0.36442232,-0.28615046,-0.5963712,-0.124464035,-0.23880124,9.101082
-0.4283142,7.836487,5.449646,0.32571435,-0.31481838,-0.49471283,0.20049524,0.0552454,9.168926
-0.44386292,8.045868,3.5605164,0.27608228,-0.36692953,-0.20512295,0.17756683,-0.16673899,9.366647
-0.77407837,7.8999023,3.6646118,0.29519963,-0.41795254,-0.28246737,-0.23331475,0.04041004,9.272285
-1.036087,7.893921,4.430313,0.36042142,-0.35209417,-0.40259886,-0.2185905,-0.09718394,9.207707
-1.3591309,8.288742,4.5391846,0.3909223,-0.268373,-0.37116337,0.28559268,0.008139133,9.276578
-1.4428711,8.372482,4.615753,0.046863317,-0.11694956,-0.51982737,-0.039378345,0.244277,9.332443
-1.302887,8.036301,5.474777,0.033080578,-0.12666607,-0.60922194,-0.064748764,0.29856968,9.263555
-1.4680023,7.7001038,5.966507,0.037871838,-0.09196758,-0.8365474,-0.0812186,0.47223425,9.113756
-1.2550354,7.636688,6.47139,-0.09321928,-0.10332394,-0.6031108,-0.17846286,0.3382163,9.319959
-1.1318054,7.3914337,6.6807556,-0.10651994,-0.1467495,-0.36808872,-0.18230051,0.15525627,9.473434
-1.3005066,7.2849426,5.9114685,-0.22708344,-0.18769169,-0.042327404,0.17767859,0.2209382,9.71608
-1.5194397,7.071991,5.334793,-0.30488634,-0.13367939,-0.061371803,0.26438212,0.20756388,9.766506
-1.2203369,7.060028,5.271393,-0.3192582,-0.093605995,-0.35749435,-0.3824026,0.23311329,9.611929
-0.91166687,6.818344,5.9844513,-0.37705016,0.010342598,-0.87765837,-0.4901235,0.7124789,9.4008045
-0.58026123,6.4965057,6.681961,-0.37800336,0.027221203,-1.1562014,-0.5446148,0.9438529,9.265387
-0.2907257,6.631714,6.7501526,-0.26079583,-0.06729078,-1.0605645,-0.44999957,0.8165786,9.233904
0.057434082,6.9762726,6.6556396,-0.21092677,-0.031834602,-0.73678637,-0.33822972,0.579088,9.43434
0.49172974,7.135391,6.332611,-0.3422289,-0.0578413,-0.48114824,-0.42285144,0.3686328,9.613581
0.83987427,7.1437683,6.336197,-0.20707417,-0.17830658,-0.5575323,-0.35092622,0.35145044,9.434025
1.0995026,6.9595184,6.3888397,0.008093834,-0.29407787,-0.72437,-0.21977633,0.40519738,9.175166
0.89611816,6.6592255,6.591034,0.078959465,-0.31817198,-0.50094366,-0.12147164,0.20848131,9.258752
0.79681396,6.5443726,6.623337,0.022236824,-0.3134489,-0.37284088,-0.14956069,0.11183834,9.35623
0.61735535,6.394821,6.764511,-0.023470163,-0.2977314,-0.5765114,-0.22351241,0.28799915,9.269381
0.22732544,6.300308,7.5086823,-0.03596759,-0.27157116,-0.6436062,-0.23898822,0.3590858,9.2560005
0.25723267,6.336197,7.5996094,-0.05595517,-0.2429285,-0.57015324,0.3711052,-0.13866186,9.326782
0.83509827,6.3505554,7.0289154,-0.16005325,-0.2020464,-0.3894639,-0.28577942,0.20357132,9.498412
0.7082825,6.900894,6.6185455,-0.19130301,-0.1729393,-0.2687688,-0.28341,0.12546158,9.60006
0.8446655,6.855438,6.468994,-0.053376913,-0.2539482,-0.29931116,-0.18876404,0.0948205,9.471534
0.42352295,7.188034,6.599411,0.12504554,-0.26518774,-0.6241379,-0.08719486,0.3418851,9.214182
0.48214722,7.0169525,6.8111725,-0.11630964,-0.15692902,-0.75750065,-0.29892546,0.52695537,9.311753
0.59103394,6.957138,6.5682983,-0.14577198,-0.20447111,-0.54655886,-0.30362332,0.3304894,9.406182
0.87338257,6.788437,6.4749756,-0.25466037,-0.31616402,0.09023094,-0.32550466,-0.2442832,9.721061
0.86260986,6.63649,6.5934296,-0.2905593,-0.22423077,0.25135565,-0.2985747,-0.31821156,9.893129
0.73220825,6.855438,6.7621155,-0.30800986,-0.25059938,-0.16981363,-0.3996542,0.0070533752,9.6431465
0.78364563,6.924835,5.9449615,0.016731262,-0.06756401,-0.6671181,-0.1265856,0.4973755,9.374812
0.825531,6.98584,5.826523,0.015797377,-0.11459923,-0.83402586,-0.17286026,0.6034689,9.245466
0.6963043,6.857834,5.6159515,0.013142586,-0.17866135,-0.80857515,-0.19010192,0.5429959,9.210914
0.47018433,7.1030884,6.2153625,0.095592976,-0.21310759,-0.6094141,-0.08678883,0.35504818,9.265959
0.5479584,6.9511566,6.49292,0.17964363,-0.2605095,-0.60178137,-0.019301414,0.31213045,9.202929
0.48812866,6.8482513,6.5527496,-0.06986213,-0.15476656,-0.46047115,-0.19110197,0.27188444,9.445506
0.3637085,6.599411,6.69751,0.07489753,-0.34586573,-0.5793271,0.24009061,-0.115454674,9.182248
0.3361969,6.4163513,6.8925323,0.11493111,-0.34450197,-0.31604385,-0.04077977,0.01266098,9.327119
0.48812866,6.3960114,6.9870453,0.15032053,-0.40387535,0.067697525,-0.21593261,0.24835396,9.520313
0.18664551,6.34816,6.826721,0.13081574,-0.34579277,0.1432414,-0.23862338,0.26147437,9.628063
0.4785614,6.4414825,6.793228,0.15616989,-0.29005623,-0.032598972,0.06952083,-0.19068289,9.545134
0.604187,6.5025024,6.661621,0.09622455,-0.22204065,-0.21032,0.011326253,-0.018297195,9.486756
1.3555298,6.276367,6.837494,0.16566992,-0.2249074,-0.202878,0.08116901,-0.0352726,9.47295
1.0540314,6.10289,7.1700897,0.17293572,-0.22289467,-0.3111663,0.08027601,0.034495354,9.395822
0.80996704,6.2321014,7.1485596,0.11216235,-0.1548891,-0.3643055,0.032751024,0.12087965,9.414725
0.01675415,6.7788696,6.9463654,0.27086258,-0.30576515,-0.4554181,0.14859855,0.05286503,9.21556
-0.112457275,7.1844482,7.2107697,0.36329246,-0.3125434,-0.66290474,0.21788591,0.17302895,9.037434
-0.53479004,7.3710938,6.78006,0.31023765,-0.28529167,-0.71552753,0.16781509,0.22813463,9.026003
-0.6520386,7.2191467,6.3804626,0.44202757,-0.36613512,-0.7178378,0.2846828,0.15759134,8.947083
-0.27757263,6.6305084,6.784851,0.43041062,-0.3608241,-0.701488,0.2844246,0.14438534,8.966539
-0.01914978,6.06221,7.100708,0.39188075,-0.36031055,-0.38909006,0.2864592,-0.053717136,9.2151785
0.14356995,5.921036,6.809967,0.16625726,-0.26625967,-0.15397692,-0.15503383,0.052723885,9.497734
0.59580994,6.1986084,6.0335083,0.15958607,-0.30901527,-0.030570984,-0.2117014,0.14904809,9.572429
0.830307,6.376877,6.0442657,0.22759843,-0.29873562,-0.031854153,-0.27083254,0.10951853,9.568502
1.0061798,6.6640167,6.5036926,0.3649361,-0.25367355,-0.23492193,0.30223227,-0.07953882,9.412891
0.97746277,6.8111725,6.900894,0.29436767,-0.3018446,-0.27065945,0.22394001,-0.095942974,9.3688545
0.899704,6.669998,7.1270294,0.23538232,-0.3538823,-0.103235245,0.177212,-0.2348361,9.483011
0.65922546,6.4319,7.3495483,0.23677814,-0.30780792,-0.08906937,0.18623692,-0.20631504,9.521182
0.87338257,6.443878,7.7730865,0.2407155,-0.2954378,-0.2885251,0.1707524,-0.08057928,9.367533
0.9786682,6.3960114,7.9537354,0.25988925,-0.17858744,-0.35273027,0.19697171,0.0511775,9.379523
0.9020996,6.628113,7.6546326,0.2799225,-0.2335844,-0.40150166,0.20498842,0.034570217,9.305744
0.57069397,6.9224396,7.0695953,0.29813635,-0.21639204,-0.42040205,0.22302431,0.059158325,9.297524
0.5850525,7.269394,6.4295197,0.008425713,-0.0681591,-0.4788661,-0.052389085,0.22257185,9.380332
0.40797424,7.188034,6.072983,-0.2674172,0.03359413,-0.5376215,-0.31973904,0.3476944,9.434423
-0.32901,6.5036926,6.2524414,-0.21988523,-0.021965504,-0.4897666,-0.27412218,0.27339792,9.434073
-0.83987427,6.2153625,6.84227,-0.22489512,-0.04972601,-0.48252583,-0.28245592,0.24627209,9.42527
-1.0875397,6.118454,7.0995026,-0.27278125,-0.13735867,-0.46633863,-0.33790773,0.1675191,9.396157
-1.2957153,6.337387,6.90329,-0.11090684,-0.2327795,-0.37458277,-0.1789015,0.0322361,9.389812
-1.0492554,6.693924,6.217743,0.10011685,-0.2673807,-0.41707945,0.020652592,0.025074482,9.302254
-0.83509827,6.8518524,5.9246216,0.21622479,-0.30939817,-0.49635124,-0.08905101,-0.090628624,9.196158
-0.08015442,6.5886383,5.7260284,0.46411955,-0.34382343,-0.7040167,0.338611,0.13057756,8.971454
0.3481598,6.364914,6.16391,0.511794,-0.33515787,-0.6965337,0.38768739,0.13673401,8.975732
0.58743286,6.197403,6.2117615,0.7184011,-0.35283613,-0.6144986,0.60173213,0.0797143,9.00057
0.7453613,6.2907257,6.55513,0.89734447,-0.33157682,-0.6111746,0.7827752,0.10394907,8.9910755
0.5036926,6.5527496,6.78006,0.9854207,-0.26289558,-0.59374094,0.87828857,0.15531874,9.0338745
0.39242554,6.6687927,6.7669067,0.92210674,-0.2296195,-0.52959776,0.82713443,0.14722776,9.115526
-0.16989136,6.7920227,7.093521,0.84367883,-0.26102257,-0.4113779,0.7645011,0.05472088,9.205234
-0.44267273,6.9044952,6.886551,0.6902039,-0.36767817,-0.2631545,0.62717223,-0.124752045,9.2852
-0.5635071,6.9260254,6.850647,0.4702928,-0.39071417,-0.025897026,-0.5254836,0.035428524,9.495017
-0.6472626,6.9834595,6.7298126,0.33940256,-0.44472456,0.13272476,0.3271855,-0.43115425,9.612625
-0.5934143,7.0372925,6.628113,-0.116898656,-0.45599937,-0.0022587776,-0.14489198,-0.376359,9.563822
-0.45822144,7.027725,6.570694,-0.17177832,-0.38718224,-0.13134241,-0.2138797,-0.24720192,9.506958
0.59820557,6.6101685,6.8362885,0.3131579,-0.06924677,-0.3382883,-0.36116624,0.07293248,9.521095
0.4510498,6.5814514,6.84227,0.15635762,-0.08139515,-0.3473072,0.0,0.0,0.0
0.44267273,6.6460724,6.6711884,0.14182419,-0.002333641,-0.5314903,0.0,0.0,0.0
0.44267273,6.7130585,6.4665985,0.13979626,0.07108021,-0.7419224,0.0,0.0,0.0
0.27397156,6.654434,6.9152527,-0.03596443,0.01958561,-0.29953146,0.0,0.0,0.0
0.16151428,6.5647125,7.076767,-0.14459321,-0.050167084,-0.15649366,0.0,0.0,0.0
0.027511597,6.6269226,7.0576324,-0.26452997,0.020663261,-0.18408251,0.0,0.0,0.0
0.12921143,6.649658,6.867401,-0.13852462,0.042907238,-0.37480497,0.0,0.0,0.0
0.16749573,6.7082825,6.90329,-0.08123061,0.09314489,-0.3319354,0.0,0.0,0.0
0.023925781,6.518051,6.8841553,-0.18668553,-0.10876846,-0.34158278,0.0,0.0,0.0
-0.04547119,6.5599213,6.7286224,-0.21934347,-0.07742214,-0.4884286,0.0,0.0,0.0
0.16270447,6.4749756,6.9176483,0.027736157,-0.17623806,-0.28745604,0.0,0.0,0.0
0.25842285,6.45224,6.9750824,0.1438609,-0.19795036,-0.23131895,0.0,0.0,0.0
0.095718384,6.4031982,6.9834595,4.0102005E-4,-0.24944782,-0.22095585,0.0,0.0,0.0
0.124420166,6.4570313,6.8949127,0.05338239,-0.20890522,-0.2974882,0.0,0.0,0.0
0.16270447,6.439087,6.817154,0.10449488,-0.24078894,-0.36241865,0.0,0.0,0.0
0.3254242,6.6436768,6.5599213,0.2722516,-0.052982807,-0.60403776,0.0,0.0,0.0
0.32781982,6.6185455,6.5395813,0.27140945,-0.10060215,-0.6032653,0.0,0.0,0.0
0.20100403,6.6149597,6.703491,0.13859096,-0.11092806,-0.43295956,0.0,0.0,0.0
0.24047852,6.4546356,6.8841553,0.17041323,-0.265697,-0.25745535,0.0,0.0,0.0
0.15074158,6.57428,6.896118,0.07746869,-0.14340019,-0.2479558,0.0,0.0,0.0
0.057434082,6.5336,6.7621155,-0.012548216,-0.18902063,-0.37734318,0.0,0.0,0.0
0.07896423,6.6640167,6.826721,0.012292877,-0.064043045,-0.30764294,0.0,0.0,0.0
0.12083435,6.5407867,7.0420837,0.055796407,-0.18664122,-0.09289169,0.0,0.0,0.0
0.20578003,6.5778656,7.034897,0.13902298,-0.14816666,-0.101377964,0.0,0.0,0.0
0.27038574,6.5982056,6.6915283,0.19663627,-0.13697338,-0.43604565,0.0,0.0,0.0
0.43788147,6.746567,6.2703857,0.35442835,-0.02394247,-0.82352877,0.0,0.0,0.0
0.45463562,6.7046814,6.1160583,0.36134234,-0.09444332,-0.95031214,0.0,0.0,0.0
0.38046265,6.7633057,6.1459656,0.2686454,-0.060722828,-0.89608765,0.0,0.0,0.0
0.2763672,6.71904,6.3194427,0.15638033,-0.111671925,-0.7159934,0.0,0.0,0.0
0.24406433,6.7046814,6.4043884,0.12143565,-0.1250658,-0.63193893,0.0,0.0,0.0
0.22732544,6.735794,6.623337,0.105130404,-0.08393049,-0.4227128,0.0,0.0,0.0
0.18304443,6.7836456,6.845871,0.06176401,-0.020688534,-0.21505737,0.0,0.0,0.0
0.16630554,6.7944183,6.908081,0.046027258,3.6096573E-4,-0.16275406,0.0,0.0,0.0
0.25483704,6.9056854,6.945175,0.13642767,0.11481571,-0.12875223,0.0,0.0,0.0
0.20458984,6.796814,6.789627,0.08975012,0.0050735474,-0.28352356,0.0,0.0,0.0
0.17347717,6.8733826,6.7920227,0.06516696,0.07501507,-0.2748618,0.0,0.0,0.0
0.0047912598,6.8243256,6.6604156,-0.09604282,0.016631126,-0.39759493,0.0,0.0,0.0
0.053833008,7.0408783,6.5156555,-0.04052592,0.20882607,-0.5188699,0.0,0.0,0.0
-0.13639832,6.9391785,6.57547,-0.21895894,0.09225273,-0.4447279,0.0,0.0,0.0
-0.2715912,7.0337067,6.776474,-0.32604557,0.17556667,-0.23304367,0.0,0.0,0.0
-0.4295044,7.073181,6.8602295,-0.47411415,0.21201468,-0.1463952,0.0,0.0,0.0
-0.38763428,7.1365967,6.6628113,-0.40931302,0.25714493,-0.32597017,0.0,0.0,0.0
-0.45822144,7.0073853,6.4917297,-0.46488506,0.092163086,-0.46169043,0.0,0.0,0.0
-0.43788147,6.809967,6.397217,-0.4372522,-0.1253972,-0.5361166,0.0,0.0,0.0
-0.32901,6.8159485,6.1591187,-0.32903817,-0.14151621,-0.75203705,0.0,0.0,0.0
0.059814453,6.8973083,6.160324,0.04642041,-0.0962224,-0.7143202,0.0,0.0,0.0
0.38046265,7.0133667,6.099304,0.3307824,-0.02163744,-0.7327256,0.0,0.0,0.0
0.38404846,7.039688,6.0382843,0.3153922,-0.026479721,-0.76134396,0.0,0.0,0.0
0.13877869,7.3136597,5.7021027,0.0630529,0.20744038,-1.055582,0.0,0.0,0.0
-0.022735596,7.3543396,5.5740814,-0.09514694,0.2286129,-1.1630664,0.0,0.0,0.0
-0.18664551,7.3375854,5.6039886,-0.23595153,0.161901,-1.0801349,0.0,0.0,0.0
-0.14356995,7.350754,5.8408813,-0.16818808,0.13871622,-0.8041396,0.0,0.0,0.0
0.027511597,7.4691925,6.098114,0.0027403347,0.25605297,-0.5457096,0.0,0.0,0.0
0.059814453,7.2837524,6.3589325,0.02983609,0.07843733,-0.293355,0.0,0.0,0.0
0.119644165,7.2514496,6.4139557,0.08406906,0.066367626,-0.26015282,0.0,0.0,0.0
-0.015548706,7.104294,6.30867,-0.05325013,-0.07344532,-0.37332296,0.0,0.0,0.0
-0.33259583,7.122238,6.2404785,-0.3599878,-0.044137,-0.4537511,0.0,0.0,0.0
-0.6149597,7.1186523,6.106476,-0.6221721,-0.046765327,-0.5888305,0.0,0.0,0.0
-0.71784973,7.076767,5.9605255,-0.67853576,-0.09274912,-0.7302799,0.0,0.0,0.0
-0.77407837,7.032501,6.0155487,-0.6987329,-0.13420725,-0.6779556,0.0,0.0,0.0
-0.8338928,7.039688,6.250046,-0.7262877,-0.11911869,-0.45146847,0.0,0.0,0.0
-0.58384705,7.0205383,6.4737854,-0.44220895,-0.11795092,-0.2487359,0.0,0.0,0.0
-0.28953552,7.002594,6.5276184,-0.14066115,-0.11804581,-0.2136507,0.0,0.0,0.0
-0.047851563,6.982254,6.3936157,0.11010063,-0.12430143,-0.36229372,0.0,0.0,0.0
0.0059814453,7.0169525,6.3218384,0.17082042,-0.08305502,-0.4407878,0.0,0.0,0.0
0.044265747,7.076767,6.579071,0.20984825,-0.019667625,-0.18728542,0.0,0.0,0.0
-0.0035858154,7.176071,6.652054,0.1609486,0.0917058,-0.12696409,0.0,0.0,0.0
-0.37687683,7.0959167,6.4941254,-0.19705287,0.030171871,-0.30391073,0.0,0.0,0.0
-0.6652069,6.9308167,6.423538,-0.43831134,-0.12480068,-0.38360262,0.0,0.0,0.0
-0.6699829,6.8602295,6.480957,-0.4122051,-0.18537426,-0.33545017,0.0,0.0,0.0
-0.67477417,6.9427795,6.464203,-0.38867453,-0.09311056,-0.3611021,0.0,0.0,0.0
-0.66760254,6.9918213,6.39003,-0.33898193,-0.041465282,-0.43604374,0.0,0.0,0.0
-0.5024872,7.027725,6.4378967,-0.15624335,-0.004228115,-0.38867903,0.0,0.0,0.0
-0.39720154,7.02652,6.5850525,-0.039978176,-0.0034074783,-0.24304438,0.0,0.0,0.0
-0.34576416,7.003784,6.6460724,0.02972129,-0.025001526,-0.18221998,0.0,0.0,0.0
-0.33140564,6.8123627,6.4665985,0.054778636,-0.22176218,-0.3555956,0.0,0.0,0.0
-0.29551697,6.8937225,6.3469543,0.10697454,-0.1530652,-0.46121502,0.0,0.0,0.0
-0.24645996,6.9391785,6.488144,0.15901527,-0.1120038,-0.31529665,0.0,0.0,0.0
-0.24526978,6.9631195,6.579071,0.15835953,-0.07488155,-0.23811388,0.0,0.0,0.0
-0.10169983,6.6185455,7.2263184,0.29026154,-0.39263058,0.38086987,0.0,0.0,0.0
-0.22013855,6.5348053,7.3782654,0.12690988,-0.4296236,0.48285532,0.0,0.0,0.0
-0.31106567,6.443878,7.335205,0.005277723,-0.498693,0.416317,0.0,0.0,0.0
-0.3529358,6.5682983,6.9104767,-0.06721303,-0.36936045,-0.0146689415,0.0,0.0,0.0
-0.39242554,6.6843567,6.6388855,-0.14160734,-0.26482296,-0.27605295,0.0,0.0,0.0
-0.40797424,6.9678955,6.591034,-0.17665681,0.008272171,-0.31407452,0.0,0.0,0.0
-0.28355408,6.8973083,6.5443726,-0.07718176,-0.073820114,-0.34991264,0.0,0.0,0.0
-0.026321411,7.101898,6.550354,0.16533756,0.12293625,-0.33642673,0.0,0.0,0.0
0.11843872,6.7824554,6.5072784,0.30365467,-0.19952822,-0.37661457,0.0,0.0,0.0
0.23210144,6.4665985,6.571884,0.3927133,-0.5173111,-0.31067324,0.0,0.0,0.0
0.275177,6.428314,6.5862427,0.40582275,-0.5431614,-0.30954218,0.0,0.0,0.0
0.2871399,6.5240326,6.55513,0.39851597,-0.4368677,-0.3516674,0.0,0.0,0.0
0.11843872,6.583847,6.4582214,0.22580554,-0.36993742,-0.4558034,0.0,0.0,0.0
0.20698547,6.7669067,6.4079742,0.31170726,-0.18206644,-0.5109272,0.0,0.0,0.0
0.11605835,6.6269226,6.3505554,0.20937279,-0.31338167,-0.5772047,0.0,0.0,0.0
0.13519287,6.522827,6.4319,0.22280098,-0.39656162,-0.51682425,0.0,0.0,0.0
0.12562561,6.5025024,6.600601,0.21297888,-0.39215517,-0.37266636,0.0,0.0,0.0
0.1603241,6.55513,6.7633057,0.24948122,-0.30964565,-0.23935795,0.0,0.0,0.0
0.0993042,6.4917297,6.8410797,0.18891795,-0.36091805,-0.17344666,0.0,0.0,0.0
-0.028717041,6.6687927,7.429718,0.08184335,-0.05313158,0.29011726,0.0,0.0,0.0
-0.14596558,6.521637,7.235901,-0.027154207,-0.18915987,0.08597231,0.0,0.0,0.0
-0.07777405,6.5778656,6.9978027,0.046828754,-0.130517,-0.15429258,0.0,0.0,0.0
-0.058624268,6.567108,6.9092712,0.08316825,-0.14690638,-0.23721695,0.0,0.0,0.0
-0.023925781,6.604187,6.735794,0.124990344,-0.11941099,-0.4015336,0.0,0.0,0.0
-0.09211731,6.3912354,6.611374,0.07356024,-0.35700417,-0.5022888,0.0,0.0,0.0
0.025131226,6.3684998,6.6436768,0.18975008,-0.38415527,-0.46581984,0.0,0.0,0.0
-0.17468262,6.5060883,6.6592255,-0.008372277,-0.25079393,-0.44621372,0.0,0.0,0.0
-0.19979858,6.525223,6.484543,-0.016430885,-0.24876261,-0.6041727,0.0,0.0,0.0
-0.2524414,6.551544,6.5276184,-0.054158285,-0.23905325,-0.54478264,0.0,0.0,0.0
-0.011962891,6.75972,6.8685913,0.19598307,-0.03916979,-0.19556093,0.0,0.0,0.0
-0.7238312,7.056427,6.5479584,-0.4818605,0.21907806,-0.47788668,0.0,0.0,0.0
-0.4558258,7.0384827,6.3625183,-0.13757616,0.12755966,-0.5878949,0.0,0.0,0.0
-0.3517456,6.9583282,6.212967,0.02064243,-0.029114246,-0.657794,0.0,0.0,0.0
-0.15074158,6.8231354,6.5348053,0.23585638,-0.19137812,-0.30752754,0.0,0.0,0.0
-0.21894836,6.587448,6.6891327,0.17761424,-0.4399886,-0.13935566,0.0,0.0,0.0
-0.31225586,6.756134,6.726227,0.089693606,-0.27476883,-0.09837818,0.0,0.0,0.0
-0.4091797,6.9559326,6.423538,-0.0011039078,-0.08615875,-0.3891573,0.0,0.0,0.0
-0.3900299,6.9511566,6.2907257,0.021481723,-0.12266064,-0.4888134,0.0,0.0,0.0
-0.39482117,6.936798,6.212967,0.01436612,-0.17098618,-0.5310936,0.0,0.0,0.0
-0.3146515,6.948761,6.2979126,0.09270802,-0.16860914,-0.43614197,0.0,0.0,0.0
-0.3517456,6.9439697,6.364914,0.057438195,-0.17801523,-0.36414862,0.0,0.0,0.0
-0.53359985,7.009781,6.484543,-0.11161998,-0.11474085,-0.24104357,0.0,0.0,0.0
-0.6807556,6.9882355,6.4546356,-0.23337165,-0.14130068,-0.26399136,0.0,0.0,0.0
-0.6125641,6.9930267,6.150757,-0.10412967,-0.16540194,-0.5327139,0.0,0.0,0.0
-0.7728882,7.1653137,6.160324,-0.19512594,-0.036138058,-0.47109127,0.0,0.0,0.0
-0.7429657,7.1808624,6.1818542,-0.09616244,-0.05555868,-0.40496826,0.0,0.0,0.0
-0.65563965,7.034897,6.0837555,0.027081966,-0.22066402,-0.47834158,0.0,0.0,0.0
-0.43429565,6.7489624,5.966507,0.25962085,-0.51355505,-0.58671427,0.0,0.0,0.0
-0.59820557,6.8721924,6.1902313,0.1239993,-0.3961153,-0.35350704,0.0,0.0,0.0
-0.5922241,7.009781,6.5120697,0.15304923,-0.2307415,-0.059824467,0.0,0.0,0.0
-0.8458557,7.014557,6.5766754,-0.09235513,-0.20106411,-0.021614552,0.0,0.0,0.0
-0.83151245,7.044464,6.75972,-0.059845805,-0.13798189,0.1274209,0.0,0.0,0.0
-0.9607239,7.1820526,6.611374,-0.15669507,0.03417778,-0.054345608,0.0,0.0,0.0
-1.0695953,7.2323,6.8027954,-0.24444789,0.10293865,0.11985302,0.0,0.0,0.0
-0.7034912,7.409378,6.7704926,0.12567687,0.298666,0.06820631,0.0,0.0,0.0
-0.55633545,7.6223297,6.8147583,0.26009405,0.5130091,0.109433174,0.0,0.0,0.0
-0.3098755,7.8185425,6.9655,0.48470652,0.7091093,0.25766945,0.0,0.0,0.0
-0.5312042,7.5720825,7.261017,0.22928941,0.4751053,0.536067,0.0,0.0,0.0
-0.8446655,7.225128,7.2346954,-0.09205192,0.14049006,0.49586296,0.0,0.0,0.0
-0.97029114,6.9678955,7.0049896,-0.22334933,-0.11041355,0.25887918,0.0,0.0,0.0
-0.92123413,6.808777,6.5491486,-0.2091214,-0.27931595,-0.19045258,0.0,0.0,0.0
-0.4785614,6.674774,5.946167,0.21178186,-0.42305088,-0.7854519,0.0,0.0,0.0
-0.34336853,6.5850525,5.89711,0.22590894,-0.54538345,-0.8113322,0.0,0.0,0.0
-0.32183838,6.47139,5.9449615,0.18527591,-0.6575308,-0.77007484,0.0,0.0,0.0
-0.39601135,6.5970154,5.839691,0.025253654,-0.51899433,-0.8949456,0.0,0.0,0.0
-0.53479004,6.6795654,5.6398773,-0.15174693,-0.43121815,-1.1025572,0.0,0.0,0.0
-0.501297,6.7693024,5.7391815,-0.16535419,-0.32684135,-1.0211644,0.0,0.0,0.0
-0.7680969,6.752548,6.1280212,-0.4822989,-0.2977023,-0.6824608,0.0,0.0,0.0
-0.7776642,6.7908325,6.7812653,-0.5277103,-0.17194223,-0.12001562,0.0,0.0,0.0
-0.69511414,6.6795654,7.208374,-0.44858605,-0.22957659,0.2532773,0.0,0.0,0.0
-0.8458557,6.508484,7.412964,-0.5781073,-0.34845304,0.4071722,0.0,0.0,0.0
-0.8374939,6.4665985,7.4356995,-0.5322485,-0.3437066,0.38609314,0.0,0.0,0.0
-0.78723145,6.5036926,7.613968,-0.44378388,-0.2735777,0.5343466,0.0,0.0,0.0
-0.5587311,6.623337,7.3208466,-0.1708796,-0.14137983,0.23151875,0.0,0.0,0.0
-0.5395813,6.6185455,7.2335052,-0.11508423,-0.15515137,0.15485954,0.0,0.0,0.0
-0.49412537,6.641281,6.9559326,-0.058053523,-0.1383009,-0.116372585,0.0,0.0,0.0
-0.20936584,6.9559326,6.6927185,0.24426296,0.16351938,-0.36615753,0.0,0.0,0.0
-0.013153076,7.1401825,6.6173553,0.45842195,0.31671286,-0.41032267,0.0,0.0,0.0
-0.18544006,6.9846497,6.7621155,0.28770328,0.14227343,-0.24705029,0.0,0.0,0.0
-0.10647583,6.982254,6.916458,0.36077818,0.13674116,-0.09004021,0.0,0.0,0.0
-0.19740295,6.7693024,6.690338,0.24274963,-0.08616114,-0.3081813,0.0,0.0,0.0
-0.34457397,6.34935,6.4127655,0.0033581257,-0.51928234,-0.57802963,0.0,0.0,0.0
-0.55513,6.201004,7.171295,-0.27263996,-0.65036774,0.16063976,0.0,0.0,0.0
-0.92123413,6.1878357,6.8482513,-0.6599914,-0.6500759,-0.17635632,0.0,0.0,0.0
-1.2012024,6.2823486,6.4582214,-0.9039292,-0.5738311,-0.5471206,0.0,0.0,0.0
-1.2861481,6.2931213,6.253647,-0.91727066,-0.6034908,-0.7084689,0.0,0.0,0.0
-1.1629181,6.418747,6.221344,-0.77105117,-0.49593782,-0.7215638,0.0,0.0,0.0
-1.0157471,6.6628113,6.3960114,-0.5873192,-0.26355362,-0.5330796,0.0,0.0,0.0
-0.9714813,6.6723785,6.34935,-0.50999916,-0.26029062,-0.57130957,0.0,0.0,0.0
-0.8757782,6.921234,6.3732758,-0.39972165,-0.013204575,-0.5446229,0.0,0.0,0.0
-0.39959717,7.0671997,6.3756714,0.116078734,0.13061428,-0.5372329,0.0,0.0,0.0
-0.21774292,7.002594,6.28714,0.30357093,0.06305742,-0.6223788,0.0,0.0,0.0
-0.35772705,6.5348053,6.921234,0.1622225,-0.38533974,-0.0078082085,0.0,0.0,0.0
-0.50727844,6.4546356,7.0301056,0.025871277,-0.41580725,0.05277443,0.0,0.0,0.0
-0.6795654,6.378067,7.1318054,-0.12076771,-0.46097088,0.12568712,0.0,0.0,0.0
-0.7465668,6.34816,7.0372925,-0.14235306,-0.4603367,0.0052456856,0.0,0.0,0.0
-0.90089417,6.18425,7.384247,-0.27252352,-0.60031366,0.3312168,0.0,0.0,0.0
-0.8757782,6.2895355,7.281357,-0.2106576,-0.45569563,0.19405413,0.0,0.0,0.0
-0.45224,6.754944,6.784851,0.222143,0.0046634674,-0.29676676,0.0,0.0,0.0
-0.42233276,6.772888,6.6711884,0.2582615,3.5476685E-4,-0.38855457,0.0,0.0,0.0
-0.85783386,6.36969,7.183258,-0.15837145,-0.38959408,0.112669945,0.0,0.0,0.0
-1.0384827,6.4259186,7.150955,-0.30781442,-0.3094411,0.060719013,0.0,0.0,0.0
-1.02771,6.4785614,6.940384,-0.2609043,-0.24739361,-0.15496206,0.0,0.0,0.0
-0.9954071,6.011963,6.3433685,-0.19498152,-0.7292619,-0.7337489,0.0,0.0,0.0
-0.5407715,5.5298157,6.666397,0.22675693,-1.2165356,-0.4094801,0.0,0.0,0.0
1.8687897,6.3732758,6.859024,2.5601952,-0.36775112,-0.22976351,0.0,0.0,0.0
0.9607239,6.916458,5.95813,1.552778,0.14861917,-1.1140842,0.0,0.0,0.0
1.8293152,5.498703,7.2646027,2.3966107,-1.284616,0.20520115,0.0,0.0,0.0
2.5328064,5.807373,8.392822,3.0777276,-0.94921017,1.3060718,0.0,0.0,0.0
0.62931824,5.9449615,7.3005066,1.1793354,-0.8009267,0.20396805,0.0,0.0,0.0
-0.31944275,5.7595215,6.981064,0.2524987,-0.9929743,-0.10745287,0.0,0.0,0.0
-0.67477417,5.8289185,6.978668,-0.06080681,-0.94897556,-0.08203888,0.0,0.0,0.0
-1.2191467,6.2799683,6.764511,-0.56102544,-0.51109886,-0.27954102,0.0,0.0,0.0
-0.87815857,6.6927185,6.3840485,-0.19304544,-0.12149763,-0.63503027,0.0,0.0,0.0
-0.8279114,6.789627,6.394821,-0.127779,-0.062415123,-0.5858464,0.0,0.0,0.0
-0.8123627,6.7908325,6.604187,-0.107415736,-0.078225136,-0.35925245,0.0,0.0,0.0
-0.5934143,6.5324097,6.715454,0.111460805,-0.3442359,-0.24049902,0.0,0.0,0.0
-0.54556274,6.448654,6.727417,0.157767,-0.43045616,-0.22625494,0.0,0.0,0.0
-0.22612,6.6352997,6.8027954,0.47145557,-0.24690676,-0.14839172,0.0,0.0,0.0
-0.16151428,6.754944,6.710678,0.51372117,-0.13231039,-0.23771572,0.0,0.0,0.0
-0.18424988,6.7214355,6.7369995,0.46967405,-0.1652956,-0.21394968,0.0,0.0,0.0
-0.33259583,6.619751,6.86261,0.2983033,-0.25744343,-0.099900246,0.0,0.0,0.0
-0.3637085,6.562317,7.0157623,0.2603283,-0.30628395,0.04415655,0.0,0.0,0.0
-0.23449707,6.673584,7.104294,0.3885579,-0.190238,0.12789583,0.0,0.0,0.0
-0.2632141,6.681961,7.0540466,0.3638029,-0.18481684,0.08091259,0.0,0.0,0.0
-0.5467529,6.661621,6.9140625,0.08587158,-0.2116394,-0.052175045,0.0,0.0,0.0
-0.6460571,6.7836456,6.8721924,-0.0061236024,-0.098288536,-0.08480835,0.0,0.0,0.0
-0.72502136,6.8362885,6.8650055,-0.07214546,-0.06376648,-0.072817326,0.0,0.0,0.0
-0.6472626,6.754944,6.82193,0.008913219,-0.15121508,-0.10950518,0.0,0.0,0.0
-0.5467529,6.764511,6.789627,0.1138072,-0.15522242,-0.12783909,0.0,0.0,0.0
-0.44984436,6.742981,6.6927185,0.2074337,-0.20156431,-0.2001524,0.0,0.0,0.0
-0.41036987,6.8362885,6.710678,0.24100661,-0.13054514,-0.16022587,0.0,0.0,0.0
-0.45822144,6.7417755,6.6305084,0.19118369,-0.23816013,-0.22727203,0.0,0.0,0.0
-0.6077728,6.744171,6.4115753,0.04335493,-0.2550702,-0.4263363,0.0,0.0,0.0
-0.59820557,6.754944,6.110077,0.05407995,-0.26311064,-0.7084141,0.0,0.0,0.0
-0.3912201,6.829117,6.057434,0.25650793,-0.20847797,-0.7413225,0.0,0.0,0.0
-0.3637085,6.886551,6.1698914,0.27864313,-0.16249228,-0.617506,0.0,0.0,0.0
-0.5814514,6.784851,6.735794,0.056472182,-0.2595024,-0.05688715,0.0,0.0,0.0
-0.7130585,6.777664,6.7740784,-0.067875445,-0.24528408,-0.040049076,0.0,0.0,0.0
-0.8027954,6.867401,6.8147583,-0.14562917,-0.14906502,-0.004898548,0.0,0.0,0.0
-0.70588684,6.912857,6.8410797,-0.035334766,-0.10387659,0.023000717,0.0,0.0,0.0
-0.7130585,6.8638153,6.6759796,-0.02990079,-0.16335964,-0.13008404,0.0,0.0,0.0
-0.7154541,6.8901367,6.710678,-0.029684424,-0.14544296,-0.08643341,0.0,0.0,0.0
-0.7346039,6.8530426,6.6137543,-0.044231713,-0.19327164,-0.17176151,0.0,0.0,0.0
-0.6269226,6.9104767,6.4342957,0.06656796,-0.14316559,-0.3432846,0.0,0.0,0.0
-0.59939575,6.9104767,6.3876343,0.100773156,-0.17697811,-0.353889,0.0,0.0,0.0
-0.5898285,7.0205383,6.1017,0.10505462,-0.122330666,-0.58163357,0.0,0.0,0.0
-0.48693848,7.104294,5.9066772,0.19253874,-0.071205616,-0.7432027,0.0,0.0,0.0
-0.44625854,7.1282196,5.942581,0.20259845,-0.088618755,-0.6654911,0.0,0.0,0.0
-0.3744812,7.204788,5.9557343,0.25182718,-0.037168503,-0.6269846,0.0,0.0,0.0
-0.4355011,7.1437683,5.946167,0.17238867,-0.12590218,-0.6076679,0.0,0.0,0.0
-0.42591858,7.1940155,5.9329987,0.17533803,-0.09138346,-0.6039605,0.0,0.0,0.0
-0.50727844,7.223938,5.966507,0.09199363,-0.07125902,-0.55969906,0.0,0.0,0.0
-0.65563965,7.1102753,6.175873,-0.049731433,-0.1871934,-0.3471794,0.0,0.0,0.0
-0.6795654,7.044464,6.4582214,-0.0698902,-0.24980593,-0.06805706,0.0,0.0,0.0
-0.6412811,7.0001984,6.398407,-0.025859237,-0.28178406,-0.1410408,0.0,0.0,0.0
-0.5288086,7.022934,6.2691956,0.09006208,-0.25557947,-0.2737875,0.0,0.0,0.0
-0.4749756,7.0384827,6.1674957,0.14406973,-0.23743391,-0.37835884,0.0,0.0,0.0
-0.41993713,7.0911255,6.217743,0.19805545,-0.18230009,-0.3309784,0.0,0.0,0.0
-0.3744812,6.989441,6.2081757,0.23857886,-0.27533054,-0.35060787,0.0,0.0,0.0
-0.41993713,7.124634,6.1674957,0.19261605,-0.13352156,-0.3986559,0.0,0.0,0.0
-0.62094116,7.014557,6.20459,0.008123934,-0.23348808,-0.37116098,0.0,0.0,0.0
-0.6520386,7.039688,6.39003,-0.0151693225,-0.20006657,-0.19409704,0.0,0.0,0.0
-0.63290405,6.970291,6.5168457,0.008380294,-0.24310875,-0.095718384,0.0,0.0,0.0
-0.5623169,6.8937225,6.5659027,0.082478166,-0.30139112,-0.06621361,0.0,0.0,0.0
-0.59103394,6.8195496,6.734604,0.054389596,-0.34209967,0.0664258,0.0,0.0,0.0
-0.5694885,6.855438,6.8350983,0.07449585,-0.2850728,0.14415169,0.0,0.0,0.0
-0.5395813,6.7872467,6.7716827,0.10543585,-0.33652782,0.063017845,0.0,0.0,0.0
-0.46180725,6.726227,6.654434,0.1848144,-0.38545704,-0.06689119,0.0,0.0,0.0
-0.40678406,6.75972,6.59581,0.237198,-0.33786535,-0.14065456,0.0,0.0,0.0
-0.25483704,6.7669067,6.5611267,0.37886876,-0.3247676,-0.18253374,0.0,0.0,0.0
-0.2679901,6.7322083,6.602997,0.3544889,-0.35297203,-0.14853096,0.0,0.0,0.0
-0.36849976,6.8111725,6.65683,0.24792212,-0.26678228,-0.10282755,0.0,0.0,0.0
-0.38165283,6.726227,6.742981,0.22890371,-0.335783,-0.03386402,0.0,0.0,0.0
-0.38763428,6.7405853,6.838684,0.21348071,-0.30489635,0.04381609,0.0,0.0,0.0
-0.44267273,6.7740784,6.757324,0.15545076,-0.2655368,-0.043885708,0.0,0.0,0.0
