-1.0014038,5.9318085,7.6905365,0.50513893,-0.45461082,0.010566711,0.4914051,-0.35977745,9.50494
-0.9415741,5.9246216,7.174881,0.4313513,-0.38847065,-0.09814596,0.4136265,-0.24338341,9.465647
-0.95474243,6.1447754,6.5168457,0.3162378,-0.32379103,-0.20529842,0.29268962,-0.13098907,9.426952
-0.9296112,6.20459,6.6101685,-0.029644012,-0.20273638,-0.2737589,-0.054001987,-0.0027079582,9.46901
-0.84347534,6.119644,7.1856537,-0.17365575,-0.13556957,-0.41758394,-0.20670754,0.1334877,9.403706
-0.7884369,6.131607,7.4392853,-0.19662601,-0.13984346,-0.49706936,-0.23576874,0.17793322,9.339693
-0.8530426,6.02034,7.561325,-0.21883005,-0.18686056,-0.6406212,-0.26993835,0.22825336,9.199828
-1.036087,6.1567383,7.5708923,-0.1624251,-0.18697262,-0.6501093,-0.2150675,0.23644781,9.188734
-1.1820526,6.1615143,7.3136597,-0.07418066,-0.20304346,-0.6771035,-0.12983316,0.24322176,9.151528
-1.4847412,6.173477,6.8889313,-0.020006537,-0.28402805,-0.5863428,-0.07181722,0.12652636,9.171272
-1.5337982,6.06102,6.7824554,-0.05829972,-0.32587624,-0.40998268,-0.09859431,-0.013501167,9.289179
-1.4680023,6.045471,6.8482513,-0.038213074,-0.30103397,-0.36214685,-0.074644804,-0.022072792,9.3406315
-1.0803528,5.974884,7.034897,-1.02341175E-4,-0.26796007,-0.31211329,0.025995612,0.031770706,9.397345
-0.7525482,5.9234314,7.174881,0.057076156,-0.37012815,-0.2837739,0.023078918,-0.12344551,9.353871
-0.68434143,6.065811,7.399811,0.057076156,-0.37012815,-0.2837739,0.023078918,-0.12344551,9.353871
-0.8231354,5.8983,7.561325,-0.075137496,-0.29262877,-0.27664042,-0.106081724,-0.067788124,9.416831
-0.9750824,5.8002014,7.564911,-0.075137496,-0.29262877,-0.27664042,-0.106081724,-0.067788124,9.416831
-1.0935211,5.6733856,6.7130585,-0.075137496,-0.29262877,-0.27664042,-0.106081724,-0.067788124,9.416831
-0.8614197,5.8707886,6.3349915,-0.0952453,-0.20503998,-0.35340548,-0.13062507,0.05003643,9.411123
-0.850647,6.0921326,6.5527496,-0.13446712,-0.19389343,-0.48702526,-0.17906815,0.14107895,9.315834
-0.62213135,6.06102,6.898514,-0.05461842,-0.22884655,-0.44671345,-0.098762274,0.08953476,9.319684
-0.6161499,6.294327,7.2825623,0.0029491782,-0.25481367,-0.5204997,0.07705414,-0.097976685,9.240681
-0.80996704,5.8121643,7.244278,0.014829814,-0.2562251,-0.564569,-0.039905906,0.14147568,9.204155
-0.73579407,5.721237,6.887741,-0.028422236,-0.28649187,-0.55399275,-0.08395147,0.11162186,9.198139
-0.59580994,5.736786,6.8530426,0.07519531,-0.38440323,-0.49070263,0.01879239,-0.0035061836,9.179081
-0.42114258,5.7786713,6.4414825,0.076560736,-0.29815435,-0.3921423,-0.029597163,-0.012847424,9.309165
-1.0803528,6.0670013,5.824127,0.14535362,-0.3549285,-0.4167943,-0.098989725,-8.5258484E-4,9.248958
-1.7551422,6.077774,5.8408813,0.16847485,-0.34657383,-0.46977806,0.11547968,0.014649391,9.210297
-2.703888,6.2608185,6.3684998,0.10691249,-0.38531113,-0.35818863,0.059655547,-0.08424759,9.279831
-2.3353882,5.822937,7.6654053,0.10582286,-0.34538603,-0.28855228,0.06544036,-0.095632076,9.359074
-1.7455597,5.9234314,8.615356,-0.016798854,-0.19969273,-0.24980116,-0.04632306,-0.004676342,9.489803
-1.5206451,5.745163,8.489731,-0.021344721,-0.23761559,-0.27740145,-0.055808067,-0.017279148,9.445464
-1.0995026,5.846863,8.102097,0.019117832,-0.2496872,-0.3068447,0.015963078,0.0132956505,9.411136
-0.7417755,6.094513,7.2179565,0.17656946,-0.35938025,-0.4049716,0.122969985,-0.033940315,9.25162
-0.87815857,5.9569244,6.9954224,0.1806199,-0.3487482,-0.4737773,0.12238881,0.017095566,9.203789
-1.409378,5.551346,6.8482513,0.1525678,-0.32346344,-0.46592712,0.096514285,0.032802105,9.228203
-1.5026855,5.50708,6.8075867,0.09230596,-0.32124758,-0.3917384,0.041828215,-0.010750294,9.293509
-1.7216339,5.8121643,7.0420837,-0.03260106,-0.26942062,-0.36643267,-0.07787919,0.015252113,9.357624
-1.660614,5.8217316,7.852051,-0.08456844,-0.2631235,-0.47910166,0.15736842,-0.049158573,9.278689
-1.750351,5.54895,8.385651,-0.07946414,-0.2770877,-0.44874763,-0.13195944,0.061522007,9.293552
-1.8759766,5.514267,8.206192,-0.08858788,-0.25052738,-0.40069628,-0.13610375,0.053166866,9.348593
-1.7407837,5.551346,7.4285126,-0.05564201,-0.22703075,-0.36991262,-0.09966749,0.052421093,9.383811
-1.2969055,5.7021027,6.784851,0.040436268,-0.29343987,-0.42766142,-0.013486981,0.036015034,9.287848
-1.0492554,5.7427673,6.78006,0.0057532787,-0.25862217,-0.4159069,-0.044472337,0.05653715,9.322168
-0.7621155,5.7762756,7.2227325,0.05739081,-0.2610278,-0.2839465,0.01696217,-0.02789545,9.4180765
-0.8195343,5.6530457,7.964508,0.13744318,-0.30093575,-0.35245943,-0.09004688,-0.008077145,9.331775
-0.9906311,5.584854,7.963318,-0.020424247,-0.25939178,-0.5063286,-0.0772357,0.11333418,9.254147
-1.3890381,5.5429688,7.3710938,0.01644361,-0.23641539,-0.5952678,-0.046028197,0.18729973,9.195662
-1.4775696,5.551346,6.9678955,0.050287127,-0.2951727,-0.57125807,-0.014845014,0.12674713,9.174427
-1.4069824,5.6698,7.1030884,0.047135115,-0.272254,-0.44843054,-0.0069928765,0.06796503,9.28438
-1.3986053,5.5836487,7.0181427,0.028746724,-0.2282052,-0.5129633,-0.027400553,0.14316988,9.263708
-1.9884338,5.6650085,6.5982056,0.10904741,-0.26511526,-0.5600791,0.04564631,0.14336777,9.195726
-2.133194,5.7296143,6.3912354,0.08040857,-0.2928834,-0.46842146,-0.0033849478,-0.06826019,9.252581
-2.108078,6.0263214,6.3888397,0.10956991,-0.30670452,-0.21217251,0.0688723,-0.10765219,9.439557
-1.8843536,5.8743744,7.0289154,0.12798107,-0.32954073,-0.10788536,0.09379825,-0.19160986,9.504818
-1.8029938,5.846863,7.3710938,0.11187923,-0.32457352,-0.1191411,0.07699904,-0.18101215,9.501093
-1.6845398,5.674576,7.4847565,0.01790464,-0.29721403,-0.21028042,-0.021567047,-0.10160446,9.457242
-1.2873383,5.934204,7.4895325,0.037959695,-0.32553768,-0.32021093,-0.0122567415,-0.055556774,9.351992
-1.051651,5.962921,7.301697,0.03372693,-0.2936244,-0.29255676,-0.011876762,-0.047682762,9.393702
-0.7513428,6.209381,6.685547,0.036929727,-0.27197695,-0.40820646,-0.015651345,0.041601658,9.31676
-0.76091003,6.1567383,6.4618225,0.041957498,-0.2713008,-0.5317707,-0.019949973,0.11978912,9.220649
-0.8003998,6.1866455,6.567108,0.055945158,-0.27497482,-0.61708593,0.058921933,-0.16030836,9.150628
-0.75613403,6.222534,6.8817596,0.06095636,-0.3050065,-0.5205097,0.027544737,-0.08289242,9.206613
-0.6089783,6.1782684,6.9583282,0.02464211,-0.31455994,-0.43339014,-0.033809125,0.026102543,9.272274
-0.54437256,6.2105713,7.3579254,0.022976518,-0.3039465,-0.34270763,-0.027887583,-0.022621632,9.349408
-0.63768005,6.1579285,7.804184,0.06424129,-0.32513046,-0.41157818,0.006210506,0.0029764175,9.27827
-0.93440247,6.0873413,7.9944153,0.038324475,-0.32359743,-0.4101119,-0.01933235,0.0035600662,9.283211
-0.94277954,6.12204,7.536194,0.022783637,-0.35804272,-0.31762695,-0.030768454,-0.08111572,9.3354025
-1.1138611,6.1591187,7.310074,-0.011727095,-0.30601406,-0.25474644,-0.055981755,-0.079592705,9.420375
-0.9954071,6.110077,6.953537,0.033983707,-0.3369112,-0.2986617,-0.0164209,-0.077310085,9.36211
-0.97387695,5.9066772,6.7453613,0.034633875,-0.30216646,-0.42909622,-0.02253449,0.03133869,9.282114
-1.1186371,5.8899384,6.4701996,-1.1956692E-4,-0.3235798,-0.47358894,-0.062427938,0.043555737,9.238147
-1.4656067,5.9318085,6.7501526,-0.0066592693,-0.32232666,-0.4699216,-0.068778336,0.0425992,9.242541
-1.6665955,5.962921,6.8685913,0.03170097,-0.32891607,-0.39508057,0.022106528,0.016727924,9.292344
-1.1617126,5.995224,7.02652,0.12942386,-0.3182454,-0.32689095,0.07738966,-0.0467,9.341122
-1.4081726,6.111267,6.994217,0.11682093,-0.32566452,-0.33691406,0.063446015,-0.046112537,9.330137
-1.1473541,5.852844,6.67717,0.0071561337,-0.28304625,-0.44611216,-0.05004126,0.057969093,9.283852
-1.4476624,5.810974,7.0863495,0.026765227,-0.31662846,-0.4530244,-0.034309566,0.035987377,9.255535
-1.9752808,5.9928284,7.466797,0.0966202,-0.28713894,-0.39381504,-0.034707785,-0.031093597,9.3119755
-2.0446625,5.9318085,7.4775696,0.10910225,-0.32196474,-0.36145306,0.0537014,-0.027431011,9.31413
-1.8293152,5.77388,7.019348,-0.005184889,-0.26354933,-0.413383,-0.05866164,0.05347252,9.322844
-1.9453583,5.79303,6.604187,-0.01937139,-0.2673025,-0.44532776,-0.07563579,0.07111263,9.297371
-1.9441681,5.927017,6.5527496,0.07043624,-0.29977083,-0.41778755,0.012527823,0.026520729,9.288471
-2.0016022,5.971283,6.427124,0.09793103,-0.319901,-0.3364029,-0.05386448,0.02705574,9.336053
-2.2827454,6.36969,5.371887,0.03288734,-0.33793926,-0.33722162,-0.0220474,-0.053246498,9.331591
-2.4311066,5.71286,5.5334015,0.019488335,-0.30770302,-0.3681302,-0.034875393,-0.010163307,9.327839
-2.116455,5.91864,6.401993,0.16725838,-0.3441391,-0.39770222,0.10653305,-0.023754597,9.265669
-2.2468567,6.0012054,7.276581,0.20097518,-0.40885115,-0.4633808,-0.13378513,-0.003821373,9.170758
-1.8951111,5.9401855,7.6749725,0.10511267,-0.25939465,-0.48718596,0.04549557,0.100036144,9.255645
-1.6689911,5.8576355,7.7730865,-0.006226301,-0.21958542,-0.40526915,-0.05601394,0.08307791,9.356695
-1.0456696,5.6243286,8.021942,-0.057808995,-0.21277714,-0.36394644,-0.10391319,0.063985825,9.398998
-1.0384827,5.7379913,8.081757,-0.0038040876,-0.33035183,-0.26627398,-0.054861724,-0.09057903,9.395756
-1.1904297,5.71286,7.215561,-0.023070335,-0.3411684,-0.21375561,0.030306578,0.14670372,9.432245
-1.2741852,5.8827515,6.20459,-0.01020968,-0.32902098,-0.25789976,-0.06091255,-0.09517288,9.40403
-0.7645111,5.760727,6.300308,-0.050586462,-0.28095865,-0.32883072,-0.10156423,-0.012026787,9.383369
-0.7908325,5.7344055,6.6556396,0.038469434,-0.2827506,-0.44415712,-0.02186793,0.05604458,9.282166
-1.2215424,5.6446686,7.2873383,0.075270295,-0.30567646,-0.487298,0.009091556,0.064210415,9.230145
-1.2729797,5.723633,7.4680023,0.09417963,-0.3103447,-0.49465847,0.026574075,0.064918995,9.219326
-1.7240295,5.6817627,7.590027,0.014937162,-0.28975153,-0.4490633,-0.046809852,0.05514288,9.276928
-1.9800568,5.7631073,7.8352966,0.021762013,-0.2788639,-0.36563492,-0.033111632,0.011013031,9.34762
-2.2552338,5.6446686,8.027924,0.06352055,-0.31671953,-0.36280155,0.0044531226,-0.021805763,9.321392
-2.0853424,5.6327057,8.201401,0.09653783,-0.30950832,-0.34052038,0.038896322,-0.031300068,9.3391285
-1.8711853,5.6650085,8.289932,0.015802622,-0.2626052,-0.6661029,-0.060600728,0.2143135,9.125988
-1.9956207,5.73201,8.151154,0.041221738,-0.26898193,-0.67336655,-0.037702233,0.2142334,9.113718
-2.0602264,5.6937256,7.942978,0.15455925,-0.3380437,-0.36258173,-0.0965029,0.009029388,9.29652
-1.9058838,5.3000946,7.5637054,0.2103101,-0.3705964,-0.1836195,0.15301949,-0.18028784,9.40744
-1.8675995,5.227127,6.546768,0.20188165,-0.37470388,-0.11254215,0.14965624,-0.22853804,9.4614
-1.9381866,5.34198,6.32782,0.093609214,-0.33316135,-0.15069962,0.044177294,-0.1680088,9.471552
-1.8807526,5.5334015,6.069397,0.026491046,-0.33652735,-0.42508173,-0.044019103,0.0047926903,9.265644
-1.4811554,5.572891,7.203598,0.0031210184,-0.28084326,-0.41927004,-0.060610652,0.0458436,9.307758
-1.4452667,5.5429688,7.7443695,0.007928848,-0.29335928,-0.39970493,-0.057162642,0.024559498,9.3147
-1.6019897,5.374283,8.207382,0.052291512,-0.2984047,-0.39652252,-0.013899922,0.016852856,9.308119
-1.5625153,5.420944,7.922638,0.04968655,-0.2796197,-0.40961552,0.028873682,-0.0318141,9.310066
-1.5481567,5.4101715,7.7563324,0.084825635,-0.31245518,-0.51066446,0.0072855353,0.07719278,9.206993
-1.3304138,5.2666016,7.372284,0.0974555,-0.3153739,-0.43796825,0.024657488,0.028645992,9.259525
-1.3483582,5.2534485,6.8039856,0.08955288,-0.2819395,-0.38455868,0.024785817,0.021107674,9.322568
-1.4320984,5.3276215,6.3637085,0.02614355,-0.28620577,-0.29434967,-0.031704903,-0.036427975,9.3981085
-1.6486511,5.515457,6.521637,0.05051589,-0.28011703,-0.31578112,-0.0087323785,-0.019402027,9.382053
-1.701294,5.6195374,7.2849426,0.044067144,-0.2968607,-0.32579136,0.007178545,0.03061533,9.364815
-1.5637054,5.5130615,8.015961,0.03484249,-0.2994151,-0.34910154,-0.02955556,-0.012374401,9.346533
-1.2634125,5.333603,8.466995,-0.03318703,-0.27760124,-0.36129713,-0.0952099,0.0155649185,9.360116
-1.3280182,5.166107,7.5505524,0.079977274,-0.29833603,-0.40492153,0.010648608,0.021909714,9.297956
-1.4309082,5.3910217,6.777664,0.04859793,-0.30248356,-0.47701836,-0.026626408,0.06631899,9.244247
-1.463211,5.5537415,6.443878,0.05756116,-0.2965312,-0.56611156,-0.024254203,0.12744045,9.178241
-2.0578308,5.806183,6.0562286,0.0027204752,-0.27801657,-0.44071627,-0.06653261,0.06489754,9.293919
-1.9214325,5.8002014,7.573288,-0.001131773,-0.3007388,-0.31566572,-0.0632081,-0.032113075,9.376461
-1.7335968,5.6614227,8.852249,0.102023125,-0.32339478,-0.24051857,0.04230243,-0.10247946,9.405963
-1.9788666,5.4221344,8.938385,0.089215994,-0.31843185,-0.28560162,0.026676536,-0.06977272,9.376132
-1.8592224,5.4113617,8.301895,-0.04847896,-0.304039,-0.40561914,-0.11754966,0.023461819,9.311728
-1.5505524,5.4963074,7.4859467,-0.003083825,-0.28212118,-0.32396555,-0.06371194,-0.013061047,9.382002
-1.3208313,5.782257,6.898514,0.08265662,-0.39883137,-0.25864744,0.011992335,-0.14863634,9.347781
-1.2322998,5.790634,6.476181,0.27746713,-0.32430172,-0.29762316,-0.22381258,-0.0056352615,9.336952
-1.2023926,5.925827,6.2703857,0.44987333,-0.43114614,-0.24168968,-0.4200127,0.05359316,9.289539
-1.0408783,5.9318085,6.607773,0.38329387,-0.5048461,0.15075827,0.32916504,-0.5028615,9.555069
-0.7298126,5.7870483,7.759918,1.3655385,-0.99595165,0.9588008,1.2877821,-1.4529564,9.726345
-0.77526855,5.7056885,8.05304,1.7268895,-1.2727995,0.7328024,1.5631863,-1.5589528,9.291596
-1.3890381,5.65184,7.738388,1.186022,-0.9436002,0.60958385,0.963791,-1.2544103,9.398994
-1.676178,5.749954,7.0361023,0.60072684,-0.7052417,0.5314822,0.42999643,-0.9469576,9.563576
-1.9226379,5.824127,6.7669067,0.3676288,-0.5429168,0.017957687,0.14704302,-0.4204688,9.325177
-1.8065796,5.81456,6.981064,0.41780257,-0.473701,-0.30747175,0.16848978,-0.10489464,9.132782
-1.5637054,5.7870483,7.473984,0.5159769,-0.6281967,-0.07222557,0.18672329,-0.35622168,9.096496
-1.3866425,5.8085785,7.613968,-0.5434785,-0.37569904,-1.3776717,1.3283539,-0.38744926,9.158687
-1.2634125,5.806183,7.3459625,-0.8366475,-0.25738478,-2.6901994,-1.1126097,2.467349,8.983433
-1.3136597,5.7308044,6.817154,-0.6823554,-0.20969725,-2.6152854,-0.9415862,2.446641,9.116244
-1.2849426,5.679367,6.6987,-0.6122103,-0.12873268,-1.9545212,-0.75326145,1.8784516,9.466734
-1.0289154,5.6578217,6.82193,-0.49335766,-0.26586103,-1.0875571,-0.6465882,1.0100486,9.564595
-0.50608826,5.909073,6.928421,-0.13260031,-0.47956228,-0.16999602,0.3189956,0.23251045,9.459316
-0.4905243,5.9437714,6.9978027,-0.24409056,-0.66106606,0.14016318,-0.5678076,-0.27898097,9.466065
-0.58026123,5.91626,7.281357,-0.49611282,-0.31007576,-0.93578005,-0.63500315,0.8840724,9.62459
-0.93200684,5.7463684,7.8915253,-0.43618965,-0.27091932,-0.9948027,-0.5627275,0.9511421,9.627884
-0.9834442,5.6075745,7.397415,-0.47054625,-0.30013418,-1.0129061,-0.60333854,0.97285575,9.642312
-0.8027954,6.057434,5.922241,-0.77583075,-0.29124928,-0.9457935,1.2499743,-0.119089305,9.874817
-0.76690674,5.802597,7.093521,-0.7011328,-0.2645936,-0.87930834,-0.7447384,0.8805761,9.875433
-0.70947266,6.160324,7.634308,-0.20934153,-0.43154192,-0.5696589,-0.44698885,0.51348567,9.5048275
-0.78245544,6.086151,8.154739,-0.84069014,-0.17227507,-5.9358287,4.698496,-3.6805146,9.216353
-1.3232269,6.435501,7.0707855,-1.0788941,-0.26947594,-3.4557006,3.1661081,-1.774885,9.743071
-1.5816498,6.0131683,6.5359955,-0.8796644,-0.22547436,-2.4748268,2.3409464,-1.2119882,9.784944
-1.8376923,5.864807,6.546768,-1.0910635,-0.15544319,-1.5974398,-0.9764244,1.6560122,10.072385
-2.087738,5.7152557,6.795624,-1.328196,0.018150806,-1.1968391,-1.0552012,1.309782,10.41318
-1.7922211,5.67099,6.8004,-1.7078366,0.2068162,-0.17609978,-1.2145635,0.3762673,10.978719
-1.861618,6.1627197,6.305084,-1.5526948,-0.05823517,0.2265997,0.8519633,0.9172287,10.754517
-1.9118652,6.5348053,6.448654,-1.1593671,-0.20340252,-0.323673,1.0340557,0.46609497,10.2580385
-1.8209381,6.4331055,6.558731,-0.8122759,-0.47988653,-0.33345413,-0.9627702,0.2724011,9.7946005
-1.8652039,5.79541,7.360321,-0.22953224,-0.8078122,-0.24793363,-0.6531582,0.0033478737,9.223477
-1.8281097,5.60997,8.557938,0.43168068,-1.0435243,-0.279665,-0.20030373,-0.19990087,8.67819
-1.6259155,5.6566315,8.4717865,0.7189641,-1.0428257,-0.27421618,0.104742914,-0.3386836,8.560091
-1.6043854,5.8049927,7.931015,0.8767562,-0.95366716,-0.29077196,0.32044378,-0.37313557,8.573436
-1.5505524,6.0801697,7.1569366,0.89401174,-0.8215637,-0.6925006,0.41289562,-0.03365445,8.471672
-1.750351,5.8947144,7.1940155,0.86400366,-0.78001165,-0.45378733,0.44239435,-0.24059963,8.663304
-1.7024994,5.8169556,7.237091,0.68245125,-0.62152386,-0.17932606,-0.5137656,0.10550904,9.0262
-1.8556366,5.7690887,6.6017914,0.5619683,-0.6195226,-0.19307375,0.278345,-0.34271383,9.070468
-1.5254211,5.864807,6.628113,0.24312067,-0.56572294,-0.08984566,0.02199471,-0.34230852,9.287456
-1.6737823,5.7068787,6.7369995,0.063426256,-0.4286785,0.23326254,-0.07172635,-0.46438313,9.660353
-1.1712799,5.73201,7.155731,-0.17276335,-0.28897715,0.24079323,-0.23928836,-0.336627,9.834213
-1.910675,5.6937256,7.247864,-0.2167046,-0.31506205,0.14428759,-0.29424244,-0.28033447,9.763321
-2.3270264,5.662613,7.2622223,-0.13788795,-0.39879942,0.23353386,-0.23547524,-0.41789913,9.756613
-2.334198,5.7547455,7.0576324,-0.13946295,-0.315197,0.16551733,-0.2086125,-0.31765127,9.76454
-2.0016022,5.743973,7.1401825,-0.07680917,-0.31217337,-0.048687458,-0.15992445,-0.18593025,9.593164
-1.9369965,5.6865387,7.2825623,0.06847453,-0.4017067,-0.24878216,-0.0139606,0.15697551,9.355968
-1.6785583,5.620743,7.237091,0.09213996,-0.38995504,-0.30690145,-0.024558514,-0.109447,9.31455
-1.6522369,5.6398773,7.1844482,0.23692298,-0.35112524,-0.24870968,0.13427901,-0.13948727,9.355217
-1.6582336,5.6315155,7.060028,0.29102552,-0.3455658,-0.3655963,0.1826694,-0.06904125,9.259258
-1.8233337,5.8456726,6.600601,0.23856008,-0.27346373,-0.35458612,-0.14509892,-0.04472065,9.322533
-1.6307068,5.9653015,6.504883,0.25961912,-0.26743317,-0.25346756,0.18158245,-0.076796055,9.401313
-1.4129639,6.0717926,6.7286224,0.32391536,-0.25160313,-0.23109245,0.25010645,-0.08594704,9.417177
-1.3734741,6.094513,7.155731,0.32229495,-0.27007675,-0.42759466,0.23137644,0.024429798,9.253912
-1.4117584,6.135193,7.490738,0.20963109,-0.25545168,-0.45344687,0.122284025,0.0651803,9.262947
-1.4021912,6.0717926,7.635498,0.1957016,-0.2182064,-0.45427275,-0.06933069,-0.1346221,9.287664
-1.2873383,5.91626,7.3950195,0.19666135,-0.2451315,-0.44128275,0.112407565,0.06910133,9.281212
-1.2933197,6.0598297,6.489334,0.11688316,-0.21853685,-0.45064878,0.039218366,0.104748726,9.304661
-1.195221,6.099304,5.070389,0.08909011,-0.22963905,-0.48588228,0.007648498,0.12214613,9.2758255
-0.727417,6.6089783,5.251053,0.054393172,-0.21888256,-0.4652896,-0.022248626,0.12122774,9.304483
-0.55752563,6.2847443,7.208374,0.035191417,-0.23108435,-0.3750167,-0.037041098,0.0567832,9.369982
-0.4402771,6.135193,7.6869354,0.028646827,-0.25755835,-0.44015455,-0.05335468,0.07897949,9.304846
-0.2979126,5.7355957,8.390427,-0.02166295,-0.24124384,-0.4742365,-0.10188842,0.11959934,9.297845
-0.6508484,5.5034943,7.725235,-0.100782156,-0.20046377,-0.52257156,-0.17431721,0.19092607,9.300108
-0.9224396,5.3611145,7.2418823,-0.0574013,-0.21986866,-0.40629673,-0.12803501,0.098049164,9.369948
-0.9571228,5.6578217,6.8721924,-0.058764458,-0.23417807,-0.41122103,-0.13261575,0.09105396,9.357744
-1.0923309,5.826523,7.360321,-0.05462289,-0.20630264,-0.52863216,0.1967156,-0.11746764,9.284635
-1.1988068,5.7846527,7.708481,-0.022309065,-0.23389196,-0.55076504,-0.10687438,0.17857265,9.2451935
-1.4021912,5.598007,7.8101654,-0.0064662695,-0.2616248,-0.5212884,-0.095071316,0.13709259,9.247725
-1.4225311,5.519043,8.044662,0.040289164,-0.2757311,-0.50009346,-0.050928354,0.107616425,9.246678
-1.1210327,5.4640045,8.210968,0.020007133,-0.27627754,-0.5102973,-0.07161108,0.116351604,9.242321
-0.7525482,5.292923,8.066208,0.015354633,-0.2486782,-0.455853,-0.06695777,0.10295391,9.301877
-0.48693848,5.3599243,7.410568,0.08779621,-0.22401142,-0.40528727,0.012001097,0.08077526,9.342454
-0.51805115,5.4592285,7.1928253,0.06610143,-0.28211784,-0.41328812,-0.022190154,0.044524193,9.304363
-0.7082825,5.5668945,7.009781,0.048779845,-0.26384258,-0.37055397,-0.032489687,0.032687664,9.351481
-1.1437683,5.4879456,7.326828,0.020126462,-0.20636415,-0.32466984,0.061508417,-0.02776575,9.427378
-1.2610168,5.4006042,7.487137,0.017481089,-0.2824564,-0.32100964,-0.06358999,-0.009804726,9.383573
-1.0241241,5.276169,7.524231,0.08596325,-0.3080759,-0.39605808,-0.0070296824,0.011143208,9.297742
-0.75852966,5.25943,7.537384,0.08101237,-0.2506857,-0.39373207,3.1739473E-4,0.053884506,9.335983
-0.69750977,5.4891357,7.4596252,0.046164036,-0.2507801,-0.4691167,-0.038728535,0.10649395,9.284873
-0.6663971,5.621933,7.3902283,0.06165254,-0.23744345,-0.40530062,0.043912172,-0.06163931,9.338974
-0.63409424,5.7344055,7.853241,0.0919013,-0.27356434,-0.3745699,0.008046538,0.023234367,9.334441
-0.6663971,5.564514,8.185852,0.07361233,-0.33786058,-0.37763834,-0.023056686,-0.021549702,9.295589
-1.0875397,5.638687,7.8843536,0.04491055,-0.27750587,-0.41384363,-0.04105082,0.050691605,9.310629
-1.4117584,5.7092743,7.363907,0.09905076,-0.21425056,-0.4927845,0.019536138,0.14325666,9.279728
-1.4464569,6.025131,7.1066895,0.07707918,-0.23282623,-0.46964502,-0.0038324594,0.11696482,9.289911
-1.5457611,6.0598297,7.092331,0.08031976,-0.280344,-0.4531951,-0.009167165,0.07009745,9.272393
-1.6821594,6.04068,7.1365967,0.055983067,-0.29595947,-0.41289425,-0.033507705,0.035131454,9.297876
-1.8687897,6.023926,7.105484,-0.012688875,-0.27597952,-0.39387512,-0.09548646,0.045691013,9.337334
-1.902298,6.037094,6.857834,0.041026354,-0.30532122,-0.37175083,-0.04767528,0.003121376,9.326212
-1.935791,6.2033997,6.2440643,0.06068659,-0.30378485,-0.3830595,0.03045082,0.0021891594,9.314949
-2.005188,6.1674957,6.324234,0.105700016,-0.3074398,-0.43187952,0.010734558,0.032784462,9.267186
-1.9944153,6.1292114,6.376877,0.07120323,-0.1990161,-0.36862803,0.0036329627,0.0781641,9.388989
-2.2205353,6.332611,5.1433716,0.03360057,-0.21092701,-0.32005167,-0.03194478,0.04199505,9.42551
-2.1762695,6.652054,5.461624,0.11945033,-0.2648096,-0.30486822,0.042135328,-0.01832056,9.38805
-2.334198,6.5156555,6.661621,0.1467551,-0.31646585,-0.2636757,-0.090114355,0.05779791,9.382678
-2.5387878,6.0131683,7.668991,0.10818148,-0.29522657,-0.22840357,0.031221986,-0.0898633,9.429849
-2.2324982,6.0179443,7.536194,0.10184145,-0.3005433,-0.2464261,0.023294866,-0.08195305,9.414012
-1.627121,6.003586,7.071991,0.10726476,-0.3264737,-0.3546791,0.016251832,-0.033006668,9.314172
-1.7180481,6.320648,7.0253296,0.10126376,-0.28018284,-0.4942317,0.010061115,0.092567444,9.237132
-1.8233337,6.1746826,6.8147583,0.079116225,-0.23862219,-0.52056694,-0.004999399,0.14409304,9.246828
-2.202591,6.14357,5.6661987,0.16083467,-0.2640648,-0.4288149,0.07683337,0.057737827,9.286802
-1.832901,5.9772644,5.6075745,0.20533049,-0.30093575,-0.46458817,-0.08520818,-0.08624005,9.228838
-1.910675,5.9353943,6.805191,0.20017898,-0.32711267,-0.45039082,-0.08896303,-0.056791306,9.224597
-2.1882324,6.357727,7.433304,0.08478761,-0.2924676,-0.43814754,0.019671679,-0.045360565,9.275373
-2.0494537,6.1495514,7.5481567,0.071998,-0.30150747,-0.42591333,-0.014072359,0.035607338,9.281269
-1.7910309,6.1615143,7.5505524,0.22893977,-0.3148408,-0.33691216,0.14480662,-0.04646778,9.314796
-1.7934265,5.9940186,7.3579254,0.24668908,-0.34251976,-0.29863644,0.16188103,-0.09381819,9.324621
-1.7922211,5.819351,6.5850525,0.28564346,-0.34774446,-0.3333063,0.19773817,-0.07897377,9.288698
-1.6450653,5.8947144,6.508484,0.19566524,-0.35726547,-0.32859516,-0.1309017,0.0382576,9.30138
-1.5613098,6.1136627,6.7369995,0.20332825,-0.29182863,-0.40389204,0.12272978,0.016142845,9.282902
-1.5206451,6.2273254,6.945175,0.20988286,-0.3789649,-0.4939947,0.109244406,0.0064969063,9.158793
-1.5840454,6.1615143,6.9044952,0.22083724,-0.36398554,-0.4873252,0.12352085,0.013147354,9.171583
-1.7276154,6.049057,6.8518524,0.32507658,-0.35195732,-0.4457569,0.23198289,-0.011518955,9.194851
-1.7946167,5.9724884,6.673584,0.33956087,-0.30124378,-0.43563223,0.25634474,0.02070713,9.232469
-1.5481567,6.069397,6.8841553,0.4232831,-0.35693264,-0.41858387,0.33330452,-0.03802204,9.198995
-1.4691925,6.0765686,7.02652,0.47596502,-0.35465097,-0.44822693,0.3856297,-0.019031525,9.170919
-1.2179413,6.070587,7.328018,0.4374299,-0.31793213,-0.3718753,0.3602091,-0.035526276,9.259197
-1.195221,6.12204,7.1904297,0.4650786,-0.35019732,-0.32198572,0.3888241,-0.093176365,9.274912
-1.5649109,6.2476654,6.801605,0.48116016,-0.30502224,-0.3260808,-0.40822077,-0.082742214,9.299312
-1.7407837,6.3062897,6.563507,0.49384546,-0.32454205,-0.28101063,0.42772293,-0.0975194,9.32114
-1.9740753,6.069397,6.7178497,0.41419363,-0.3030162,-0.25574732,0.35528672,-0.091673374,9.366027
-2.0315094,6.01915,6.7669067,0.42007136,-0.2532978,-0.24672985,0.36945653,-0.057911873,9.404602
-1.9585266,5.9605255,6.1375885,0.4489435,-0.256505,-0.23640299,0.40089625,-0.06672287,9.40908
-2.1020966,6.3230286,7.377075,-0.15901697,-0.15251064,0.2733984,0.31401157,-0.089939356,9.935495
-2.2265167,6.1543427,7.983658,-0.33915246,-0.22363234,0.77743244,0.0,0.0,0.0
-2.222931,5.9198456,8.331802,-0.42222214,-0.3543496,1.0131745,0.0,0.0,0.0
-1.454834,5.8983,7.8053894,0.19661081,-0.2859888,0.375875,0.0,0.0,0.0
-1.1090698,6.1076813,7.5960083,0.42521,-0.04016733,0.1113348,0.0,0.0,0.0
-1.0959167,6.1698914,7.561325,0.28757608,0.060281277,0.016193867,0.0,0.0,0.0
-1.0887299,5.6937256,8.069794,0.15507722,-0.3792777,0.47098017,0.0,0.0,0.0
-1.0432739,5.5824585,8.092529,0.1500572,-0.479774,0.47703886,0.0,0.0,0.0
-0.6927185,5.468796,7.162918,0.4964571,-0.6086669,-0.44107437,0.0,0.0,0.0
-0.81715393,5.79303,6.43071,0.43819654,-0.35538054,-1.1053061,0.0,0.0,0.0
-0.9224396,5.995224,6.0873413,0.41784585,-0.22101355,-1.3780727,0.0,0.0,0.0
-1.249054,6.2488556,5.8504486,0.17843604,-0.027414322,-1.548274,0.0,0.0,0.0
-1.1210327,6.3756714,6.28714,0.37241197,0.06472778,-1.0689464,0.0,0.0,0.0
-1.1712799,5.8672028,7.4249268,0.3238629,-0.4206586,0.049444675,0.0,0.0,0.0
-1.3292084,5.810974,8.081757,0.11698115,-0.43331957,0.65964603,0.0,0.0,0.0
-0.9176483,5.8408813,7.367508,0.47995543,-0.3812213,-0.08249426,0.0,0.0,0.0
-0.7501526,5.954544,7.158127,0.6160357,-0.2788,-0.2883048,0.0,0.0,0.0
-0.9104614,6.1327972,6.8650055,0.46435475,-0.115466595,-0.56732035,0.0,0.0,0.0
-1.2418823,6.110077,6.8949127,0.14508927,-0.1499896,-0.52521276,0.0,0.0,0.0
-1.2071838,5.93898,7.142578,0.18512583,-0.32839108,-0.2703781,0.0,0.0,0.0
-1.2909241,5.7427673,7.2215424,0.10705209,-0.52784204,-0.18760824,0.0,0.0,0.0
-1.5744781,5.65184,6.5599213,-0.09809852,-0.64576244,-0.811028,0.0,0.0,0.0
-1.6247253,6.0131683,5.6865387,-0.068041086,-0.32172966,-1.6357689,0.0,0.0,0.0
-2.1355896,6.003586,5.4544373,-0.45038688,-0.39308786,-1.7852483,0.0,0.0,0.0
-1.8927155,6.3314056,6.398407,-0.18728328,-0.06524181,-0.8365631,0.0,0.0,0.0
-1.7001038,6.10289,7.975281,-0.025113344,-0.24616241,0.6914401,0.0,0.0,0.0
-1.8723907,5.9641113,8.187042,-0.28964925,-0.28843737,0.7998266,0.0,0.0,0.0
-1.799408,5.85643,8.139191,-0.28529537,-0.35321712,0.7015743,0.0,0.0,0.0
-0.9667053,5.8624115,7.613968,0.44207263,-0.32184315,0.13461399,0.0,0.0,0.0
-0.9439697,5.9318085,7.483551,0.42175436,-0.2542987,-0.0022530556,0.0,0.0,0.0
-1.2430725,6.028717,6.8075867,0.14049184,-0.1834507,-0.6533189,0.0,0.0,0.0
-1.6941223,6.171097,6.126816,-0.24140978,-0.0799613,-1.2883229,0.0,0.0,0.0
-1.4979095,5.863617,6.3134613,-0.0031244755,-0.41901684,-1.0665464,0.0,0.0,0.0
-1.6187439,5.7427673,7.2682037,-0.17454445,-0.50504684,-0.15133095,0.0,0.0,0.0
-1.2131653,5.848053,7.688141,0.16054773,-0.3526168,0.21585941,0.0,0.0,0.0
-1.0097656,5.9856415,7.652252,0.27325714,-0.17493486,0.1308465,0.0,0.0,0.0
-0.9906311,6.2189484,7.7348022,0.25735366,0.0709939,0.19719124,0.0,0.0,0.0
-1.0660095,5.852844,7.8065796,0.16634548,-0.28969383,0.26198483,0.0,0.0,0.0
-0.9942169,5.7104645,7.8257294,0.23167634,-0.43536854,0.2827654,0.0,0.0,0.0
-0.89611816,5.522629,7.289734,0.35236883,-0.6420164,-0.23414946,0.0,0.0,0.0
-1.2705841,5.8169556,5.2546387,0.045489192,-0.39462423,-2.2189555,0.0,0.0,0.0
-1.0528412,6.1052856,5.2008057,0.35819805,-0.19722748,-2.178739,0.0,0.0,0.0
-1.2215424,6.324234,6.6269226,0.19927692,0.03291464,-0.760293,0.0,0.0,0.0
-1.0181427,6.214157,7.986038,0.3740368,-0.012153149,0.5385361,0.0,0.0,0.0
-1.0420685,5.9329987,8.342575,0.30797052,-0.21406841,0.82184696,0.0,0.0,0.0
-1.0253296,5.5214386,8.251648,0.24310136,-0.53214645,0.6414199,0.0,0.0,0.0
-1.1904297,5.58844,7.704895,0.014680266,-0.42591143,0.05338049,0.0,0.0,0.0
-1.1641083,5.7463684,7.274185,-0.006088257,-0.26966,-0.38328075,0.0,0.0,0.0
-1.0372925,5.9365997,6.78006,0.12565148,-0.11757755,-0.8465309,0.0,0.0,0.0
-0.97387695,5.913864,6.6388855,0.21615267,-0.18950653,-0.94419336,0.0,0.0,0.0
-1.1557312,5.9078827,6.734604,0.049283862,-0.21934271,-0.8268399,0.0,0.0,0.0
-1.3926239,5.9030914,7.101898,-0.18348682,-0.23829126,-0.44739294,0.0,0.0,0.0
-1.483551,5.927017,7.261017,-0.27628386,-0.224895,-0.27999544,0.0,0.0,0.0
-1.385437,5.927017,7.5553436,-0.17567182,-0.22988987,0.018808842,0.0,0.0,0.0
-1.1976013,5.7882385,7.6534424,0.028012395,-0.3741989,0.12399149,0.0,0.0,0.0
-1.0947113,5.8588257,7.265808,0.1421876,-0.31714487,-0.2506976,0.0,0.0,0.0
-1.188034,6.011963,7.1497498,0.065172315,-0.20589256,-0.3294301,0.0,0.0,0.0
-1.3986053,6.106476,7.0576324,-0.13010275,-0.1499238,-0.38674498,0.0,0.0,0.0
-1.5433655,6.209381,7.021744,-0.2665496,-0.095211506,-0.3804345,0.0,0.0,0.0
-1.5050812,6.1172485,7.0959167,-0.23830354,-0.21334553,-0.28576612,0.0,0.0,0.0
-1.125824,5.925827,7.8053894,0.1216383,-0.41744184,0.43130207,0.0,0.0,0.0
-0.928421,5.8827515,7.598404,0.30113232,-0.47391415,0.2328496,0.0,0.0,0.0
-0.8446655,5.934204,6.8733826,0.38097525,-0.4368353,-0.48039484,0.0,0.0,0.0
-0.67237854,5.9820557,5.581253,0.5582131,-0.4387555,-1.7282753,0.0,0.0,0.0
-0.6963043,6.3960114,5.593216,0.54858243,-0.16488075,-1.5883808,0.0,0.0,0.0
-0.9786682,6.376877,7.556534,0.37917244,-0.17829132,0.39019394,0.0,0.0,0.0
-1.0995026,6.3625183,6.599411,0.305555,-0.19750643,-0.5533695,0.0,0.0,0.0
-1.2741852,5.976074,6.271591,0.24056435,-0.60505056,-0.83929586,0.0,0.0,0.0
-1.627121,5.9114685,6.0095673,-0.019827127,-0.6794872,-1.0718379,0.0,0.0,0.0
-2.4646149,5.9437714,5.9126587,-0.7485664,-0.65007734,-1.1404767,0.0,0.0,0.0
-2.8175507,6.2727814,6.029907,-0.91891885,-0.3148222,-0.9821577,0.0,0.0,0.0
-2.7673035,6.88295,6.476181,-0.78057265,0.298635,-0.5145335,0.0,0.0,0.0
-2.5292206,6.90329,7.1976166,-0.4228828,0.30725288,0.25312042,0.0,0.0,0.0
-2.4849396,6.3840485,7.6630096,-0.25818372,-0.22032595,0.7641554,0.0,0.0,0.0
-2.305481,6.2883453,7.5996094,-0.01878953,-0.33041716,0.7342315,0.0,0.0,0.0
-2.1858368,6.344574,7.3878326,0.14188194,-0.30317736,0.5643797,0.0,0.0,0.0
-2.0650024,6.65683,6.9667053,0.3277731,-0.0680666,0.2420659,0.0,0.0,0.0
-2.136795,6.654434,6.4833527,0.29115033,-0.12545395,-0.17311716,0.0,0.0,0.0
-2.0817566,6.4582214,5.7391815,0.40722203,-0.4199896,-0.7927084,0.0,0.0,0.0
-2.1355896,6.4139557,5.7272186,0.39652562,-0.5173907,-0.731513,0.0,0.0,0.0
-1.9010925,6.563507,5.407776,0.6864767,-0.41316843,-0.9797797,0.0,0.0,0.0
-1.9477539,6.406784,5.304886,0.7595606,-0.62810993,-0.96816015,0.0,0.0,0.0
-2.3617096,6.4857483,5.449646,0.4286132,-0.5699291,-0.7633972,0.0,0.0,0.0
-3.652649,6.7381897,6.027527,-0.7745235,-0.32494497,-0.13679934,0.0,0.0,0.0
-3.5880432,7.4452667,4.8957214,-0.6771877,0.37553692,-1.2456326,0.0,0.0,0.0
-3.7100677,7.5625153,4.293915,-0.7034123,0.46826124,-1.7725477,0.0,0.0,0.0
-3.7985992,6.489334,5.4101715,-0.745198,-0.6044316,-0.633471,0.0,0.0,0.0
-3.2015991,6.488144,5.9605255,-0.17679524,-0.5584965,-0.15223217,0.0,0.0,0.0
-3.110672,6.607773,6.025131,-0.13318348,-0.40329075,-0.15143251,0.0,0.0,0.0
-2.9754791,6.948761,5.42572,-0.058644056,-0.02741623,-0.8189106,0.0,0.0,0.0
-2.9551392,6.427124,5.5429688,-0.09219599,-0.5116782,-0.76789284,0.0,0.0,0.0
-2.8462677,6.2237244,5.5668945,-0.03951001,-0.6598482,-0.82911396,0.0,0.0,0.0
-2.5579224,6.2931213,5.822937,0.1299839,-0.47396088,-0.74609184,0.0,0.0,0.0
-2.5866394,6.4163513,6.4737854,-0.048819065,-0.21044588,-0.29492283,0.0,0.0,0.0
-2.5591278,6.467804,7.0181427,-0.16267586,-0.020311832,0.06603813,0.0,0.0,0.0
-2.5746765,6.418747,7.3950195,-0.28815365,0.026715755,0.31800508,0.0,0.0,0.0
-2.4885406,6.0849457,7.799408,-0.32270694,-0.21806955,0.6055527,0.0,0.0,0.0
-2.276764,5.6853485,8.528015,-0.30380952,-0.4951687,1.1741695,0.0,0.0,0.0
-1.6941223,5.6937256,8.317444,0.15514421,-0.42891455,0.8834758,0.0,0.0,0.0
-1.3627167,5.8791656,7.198807,0.39196622,-0.23501158,-0.26499367,0.0,0.0,0.0
-1.3878326,5.790634,7.02652,0.27091587,-0.34277296,-0.4434371,0.0,0.0,0.0
-1.414154,5.9521484,7.1078796,0.19435716,-0.18938303,-0.36638737,0.0,0.0,0.0
-1.409378,6.0670013,6.948761,0.15110075,-0.07818985,-0.5326767,0.0,0.0,0.0
-1.401001,5.9808655,6.7118683,0.08556163,-0.16620636,-0.78306484,0.0,0.0,0.0
-1.2717896,5.618347,6.1208344,0.15857017,-0.52286196,-1.3898253,0.0,0.0,0.0
-1.0911255,5.5202484,6.171097,0.23275936,-0.58692074,-1.386694,0.0,0.0,0.0
-1.0181427,5.69014,6.599411,0.23229778,-0.37575722,-1.0039883,0.0,0.0,0.0
-1.0265198,5.8492584,7.0612183,0.18875062,-0.19094133,-0.56829596,0.0,0.0,0.0
-1.0121613,5.7547455,7.401001,0.07951319,-0.1795454,-0.32964087,0.0,0.0,0.0
-0.98106384,5.478363,7.7658997,0.013251543,-0.36616707,-0.04583454,0.0,0.0,0.0
-0.8674011,5.25943,7.9980164,0.065470815,-0.5245719,0.13382769,0.0,0.0,0.0
-0.5670929,5.230713,8.025528,0.30715382,-0.49778032,0.11411524,0.0,0.0,0.0
-0.5312042,5.191223,7.8592224,0.27990878,-0.48197794,-0.09862089,0.0,0.0,0.0
-0.6233368,5.407776,7.5708923,0.17197132,-0.25016356,-0.39940214,0.0,0.0,0.0
-0.80996704,5.571686,7.339981,-0.0036185384,-0.08598518,-0.62939453,0.0,0.0,0.0
-0.7728882,5.5322113,7.5194397,0.042743683,-0.12524128,-0.4491458,0.0,0.0,0.0
-0.7956085,5.394623,7.7611237,0.009558976,-0.24501324,-0.2211442,0.0,0.0,0.0
-0.6652069,5.181656,7.869995,0.12928087,-0.44752598,-0.120717525,0.0,0.0,0.0
-0.49531555,5.145767,7.515854,0.2541868,-0.45307636,-0.50047874,0.0,0.0,0.0
-0.43788147,5.333603,7.1700897,0.26653993,-0.250237,-0.8607826,0.0,0.0,0.0
-0.5970154,5.5956116,7.426132,0.08879107,0.017806053,-0.6105423,0.0,0.0,0.0
-0.62094116,5.481964,7.8556366,0.04005289,-0.066936016,-0.20309639,0.0,0.0,0.0
-0.6424713,5.1852417,8.212173,-0.0045333505,-0.33309078,0.13062477,0.0,0.0,0.0
-0.43190002,5.243866,8.312668,0.16880983,-0.24126911,0.20570564,0.0,0.0,0.0
-0.35533142,5.3013,8.008774,0.23027325,-0.17650366,-0.10424805,0.0,0.0,0.0
-0.23091125,5.346756,7.6869354,0.32065386,-0.13312149,-0.42707157,0.0,0.0,0.0
-0.21176147,5.469986,8.060226,0.310521,-0.009859562,-0.055739403,0.0,0.0,0.0
-0.35414124,5.3288116,8.15593,0.16403139,-0.13982916,0.032146454,0.0,0.0,0.0
-0.5407715,5.211563,7.914261,-0.018514156,-0.25255537,-0.21230316,0.0,0.0,0.0
-0.82192993,5.276169,7.4560394,-0.2896415,-0.2051363,-0.65829086,0.0,0.0,0.0
-0.54437256,5.350357,7.2095795,-0.007892847,-0.16230583,-0.88320255,0.0,0.0,0.0
-0.24765015,5.193619,7.4476624,0.2732104,-0.3271637,-0.640604,0.0,0.0,0.0
-0.1375885,5.289337,7.7742767,0.3574366,-0.2203908,-0.3231449,0.0,0.0,0.0
-0.0765686,5.26062,7.951355,0.39216563,-0.23184443,-0.15934849,0.0,0.0,0.0
-0.06700134,5.248657,7.956131,0.38356325,-0.23118448,-0.16413403,0.0,0.0,0.0
-0.22253418,5.1314087,7.8687897,0.23650801,-0.35371923,-0.24743176,0.0,0.0,0.0
-0.31825256,5.1254272,7.6618195,0.16478741,-0.37924814,-0.43976116,0.0,0.0,0.0
-0.27397156,5.1218414,7.5014954,0.21930316,-0.40107203,-0.58704567,0.0,0.0,0.0
-0.3672943,5.350357,7.178467,0.1264464,-0.19483805,-0.89478683,0.0,0.0,0.0
-0.5264282,5.4388885,7.207184,-0.041852444,-0.13666439,-0.8456907,0.0,0.0,0.0
-0.6316986,5.3934174,7.6713867,-0.1600838,-0.18512058,-0.3801899,0.0,0.0,0.0
-0.5814514,5.1302185,7.9082794,-0.13630265,-0.43010855,-0.15738773,0.0,0.0,0.0
-0.3672943,5.046463,7.7611237,0.039403915,-0.50020885,-0.3159685,0.0,0.0,0.0
-0.22732544,5.15773,7.335205,0.14188409,-0.389575,-0.74325275,0.0,0.0,0.0
-0.19502258,5.4137573,7.060028,0.13061541,-0.16437578,-0.99905205,0.0,0.0,0.0
-0.19621277,5.56929,7.130615,0.11726692,-0.03617668,-0.90996075,0.0,0.0,0.0
-0.09211731,5.5202484,7.684555,0.21108636,-0.097794056,-0.34763336,0.0,0.0,0.0
-0.08973694,5.2905273,8.049454,0.20287421,-0.31670094,0.009319305,0.0,0.0,0.0
-0.15553284,5.1553345,7.701294,0.12195107,-0.43859625,-0.34863377,0.0,0.0,0.0
-0.029907227,5.203186,7.556534,0.21205299,-0.3918066,-0.49380112,0.0,0.0,0.0
0.30029297,5.3862457,7.4249268,0.5174191,-0.21815443,-0.61957073,0.0,0.0,0.0
0.19142151,5.4879456,7.7144623,0.38609946,-0.12189865,-0.32681465,0.0,0.0,0.0
0.14476013,5.4508514,7.8053894,0.34196496,-0.15136719,-0.24114037,0.0,0.0,0.0
-0.3098755,5.294113,8.0195465,-0.097604066,-0.29467297,-0.035936356,0.0,0.0,0.0
-0.48812866,5.2881317,8.007584,-0.24524656,-0.28188324,-0.06002617,0.0,0.0,0.0
-0.55633545,5.2414703,8.085342,-0.2896816,-0.3175583,0.0109090805,0.0,0.0,0.0
-0.51086426,5.3395844,7.976471,-0.22177044,-0.20709658,-0.10567856,0.0,0.0,0.0
-0.31825256,5.468796,7.9465637,-0.016551435,-0.074715614,-0.13729954,0.0,0.0,0.0
-0.18902588,5.58963,8.059021,0.13750789,0.046764374,-0.024319649,0.0,0.0,0.0
-0.21176147,5.468796,8.061417,0.14949802,-0.078522205,-0.017391205,0.0,0.0,0.0
-0.30508423,5.201996,7.7611237,0.09794095,-0.35434055,-0.30950737,0.0,0.0,0.0
-0.25723267,5.191223,7.800598,0.18982074,-0.3791051,-0.25806046,0.0,0.0,0.0
-0.12921143,5.1625214,7.915451,0.34474438,-0.41623735,-0.1358347,0.0,0.0,0.0
-0.17706299,5.7798615,7.8101654,0.32509887,0.18705702,-0.22965813,0.0,0.0,0.0
-0.82432556,5.4723816,7.7742767,-0.1091401,-0.19540691,-0.19661236,0.0,0.0,0.0
-1.7814636,5.7068787,6.9260254,-0.79733574,-0.09171009,-0.92115545,0.0,0.0,0.0
-2.2994995,6.1076813,6.094513,-0.91479874,0.061446667,-1.5012779,0.0,0.0,0.0
-2.0195465,5.7296143,6.0358887,-0.51913965,-0.38790226,-1.4804378,0.0,0.0,0.0
-1.3339996,5.36232,6.4570313,0.16542256,-0.75825834,-1.0569987,0.0,0.0,0.0
-1.3483582,5.2043915,7.134201,0.0015461445,-0.8245406,-0.48158026,0.0,0.0,0.0
-1.832901,5.6231384,7.787445,-0.54403794,-0.33795118,0.107951164,0.0,0.0,0.0
-1.2897339,6.12204,7.6378937,-0.03403771,0.1851201,-0.06578064,0.0,0.0,0.0
-0.59820557,5.5956116,7.361511,0.6295347,-0.34361553,-0.3448906,0.0,0.0,0.0
-0.80877686,5.419739,7.25264,0.38128102,-0.5152092,-0.46296406,0.0,0.0,0.0
-0.8075714,5.531006,7.1401825,0.33007872,-0.39912796,-0.5870199,0.0,0.0,0.0
-0.86260986,5.7870483,6.8530426,0.17554677,-0.1465292,-0.8855152,0.0,0.0,0.0
-0.8410797,5.883957,6.940384,0.10113549,-0.053575516,-0.8074112,0.0,0.0,0.0
-0.8650055,5.803787,7.0456696,0.019620538,-0.12449598,-0.7159848,0.0,0.0,0.0
-0.825531,5.540573,7.636688,0.0032581687,-0.37036467,-0.14433432,0.0,0.0,0.0
-0.7920227,5.4065857,7.7730865,-0.040421307,-0.47034216,-0.041463852,0.0,0.0,0.0
-0.76091003,5.403,7.5876465,-0.04840952,-0.46316004,-0.23864889,0.0,0.0,0.0
-0.77168274,5.593216,7.1521454,-0.11480558,-0.28006315,-0.6736765,0.0,0.0,0.0
-0.63768005,5.7355957,6.879364,-0.016071498,-0.15282583,-0.9379549,0.0,0.0,0.0
-0.5419769,5.7152557,6.908081,0.016066968,-0.18037844,-0.90859795,0.0,0.0,0.0
-0.4175415,5.8253326,7.4273224,0.10611826,-0.054647446,-0.4035144,0.0,0.0,0.0
-0.28115845,5.7918243,8.104492,0.2079759,-0.05583,0.24726152,0.0,0.0,0.0
-0.22492981,5.647064,8.216949,0.24184379,-0.16486168,0.3318987,0.0,0.0,0.0
-0.27038574,5.502289,8.218155,0.18296066,-0.26759148,0.3015046,0.0,0.0,0.0
-0.47737122,5.42334,7.8711853,-0.026503503,-0.32805347,-0.059047222,0.0,0.0,0.0
-0.49531555,5.50589,7.6618195,-0.04228109,-0.2399044,-0.27234697,0.0,0.0,0.0
-0.43190002,5.797806,7.5062866,0.026842028,0.050446987,-0.4264183,0.0,0.0,0.0
-0.4283142,5.743973,7.7695007,0.03945881,0.005317211,-0.16897535,0.0,0.0,0.0
-0.42712402,5.5657043,8.017151,0.04542604,-0.15693235,0.067401886,0.0,0.0,0.0
-0.6017914,5.3970184,8.148758,-0.12482047,-0.29420996,0.17675686,0.0,0.0,0.0
-0.81355286,5.36351,7.880768,-0.3260048,-0.3155403,-0.09927416,0.0,0.0,0.0
-0.850647,5.34317,7.417755,-0.34971333,-0.33946037,-0.55890894,0.0,0.0,0.0
-0.8769684,5.4424744,7.1234283,-0.3549598,-0.2592697,-0.83823013,0.0,0.0,0.0
-0.7896271,5.600403,7.105484,-0.26106822,-0.10834885,-0.850719,0.0,0.0,0.0
-0.79322815,5.5202484,7.240677,-0.24541527,-0.20899105,-0.699481,0.0,0.0,0.0
-0.77168274,5.4113617,7.359131,-0.21576267,-0.32300806,-0.57675886,0.0,0.0,0.0
-0.7190399,5.3982086,7.433304,-0.14793831,-0.33917093,-0.49933147,0.0,0.0,0.0
-0.7046814,5.419739,7.515854,-0.124506,-0.3163929,-0.41702557,0.0,0.0,0.0
-0.44148254,5.346756,7.7276154,0.14145517,-0.38164473,-0.21064663,0.0,0.0,0.0
-0.2141571,5.338394,7.6749725,0.3687057,-0.38875914,-0.2641945,0.0,0.0,0.0
-0.40678406,5.370697,7.585251,0.19418603,-0.36669874,-0.34516573,0.0,0.0,0.0
-0.55992126,5.414963,7.339981,0.119197905,-0.37598133,-0.5450778,0.0,0.0,0.0
-0.59939575,5.6159515,6.7609253,0.13920307,-0.23861885,-1.0716262,0.0,0.0,0.0
-0.6149597,5.7379913,6.875778,0.20556831,-0.20636702,-0.8806205,0.0,0.0,0.0
-0.7621155,5.8624115,7.1030884,0.1240263,-0.119543076,-0.6171036,0.0,0.0,0.0
-0.9690857,5.46521,7.101898,0.0642122,-0.5630708,-0.5637727,0.0,0.0,0.0
-1.3172455,5.645859,6.5730896,-0.17470181,-0.4235463,-1.0444756,0.0,0.0,0.0
-1.6618195,5.621933,6.250046,-0.37040675,-0.49988222,-1.3015118,0.0,0.0,0.0
-1.7024994,5.7643127,6.3517456,-0.33052433,-0.37940884,-1.1677461,0.0,0.0,0.0
-2.1128693,5.7391815,6.695114,-0.6405841,-0.39507055,-0.81312895,0.0,0.0,0.0
-2.3318024,5.7056885,6.837494,-0.81396234,-0.40892267,-0.67769575,0.0,0.0,0.0
-1.8293152,5.6937256,7.179657,-0.30819142,-0.40355682,-0.34893608,0.0,0.0,0.0
-1.5361938,5.843277,7.5517426,-0.07669604,-0.21552181,-0.019995213,0.0,0.0,0.0
-1.4333038,5.8336945,7.853241,-0.031282783,-0.18941784,0.24227238,0.0,0.0,0.0
-1.4440613,5.6279144,7.9908295,-0.13973582,-0.33024073,0.31166887,0.0,0.0,0.0
-1.3926239,5.5202484,8.075775,-0.15788937,-0.4014902,0.35704327,0.0,0.0,0.0
-1.3088684,5.544174,7.7455597,-0.18479943,-0.3502946,-0.010862827,0.0,0.0,0.0
-1.1724854,5.7667084,7.2502594,-0.113066435,-0.13204479,-0.5120039,0.0,0.0,0.0
-1.085144,5.885147,7.405792,-0.11344665,-0.023730755,-0.3602457,0.0,0.0,0.0
-1.0552368,5.831314,7.523041,-0.12943,-0.073014736,-0.2520585,0.0,0.0,0.0
-0.82192993,5.728424,7.7108765,0.063902974,-0.1679349,-0.074920654,0.0,0.0,0.0
-0.5395813,5.6063843,7.566101,0.31448042,-0.28642654,-0.22593021,0.0,0.0,0.0
-0.4749756,5.659027,7.4201355,0.33144838,-0.23701,-0.37453032,0.0,0.0,0.0
-0.36131287,5.633896,7.5062866,0.41504943,-0.26448727,-0.28965616,0.0,0.0,0.0
-0.5288086,5.7918243,7.5804596,0.20167851,-0.105196,-0.22094584,0.0,0.0,0.0
-0.5635071,5.8492584,7.573288,0.14909005,-0.04999256,-0.22808552,0.0,0.0,0.0
-0.8075714,5.777466,7.680954,-0.122905135,-0.13125229,-0.115754604,0.0,0.0,0.0
-0.9403839,5.62912,7.351944,-0.2729218,-0.28841972,-0.4395647,0.0,0.0,0.0
-1.0014038,5.5166473,7.039688,-0.35788423,-0.41412115,-0.7437725,0.0,0.0,0.0
-0.88175964,5.560913,6.878174,-0.27086866,-0.39053297,-0.8921213,0.0,0.0,0.0
-0.5850525,5.7391815,6.9391785,-0.017554283,-0.22650051,-0.8234873,0.0,0.0,0.0
-0.37088013,5.79422,7.1653137,0.14327186,-0.17134333,-0.60115814,0.0,0.0,0.0
-0.19979858,5.5991974,7.339981,0.29744986,-0.35937214,-0.43295765,0.0,0.0,0.0
-0.3098755,5.4053802,7.2012024,0.20323402,-0.5481353,-0.5745778,0.0,0.0,0.0
-0.39242554,5.4891357,7.1270294,0.15421319,-0.47565603,-0.6378164,0.0,0.0,0.0
-0.6388855,5.6554413,7.183258,-0.038949728,-0.3348508,-0.55798626,0.0,0.0,0.0
-0.5204315,5.58844,7.5350037,0.11311984,-0.40616894,-0.20021868,0.0,0.0,0.0
-0.2979126,5.403,7.893921,0.36102563,-0.5819726,0.15335941,0.0,0.0,0.0
-0.26919556,5.414963,7.7228394,0.39811265,-0.5641742,-0.021513939,0.0,0.0,0.0
-0.41874695,5.4891357,7.261017,0.2944706,-0.49777126,-0.4732356,0.0,0.0,0.0
-0.702301,5.7870483,6.3732758,0.10619879,-0.27760935,-1.2907076,0.0,0.0,0.0
-1.138977,6.197403,5.8899384,-0.22660816,0.059772015,-1.7039709,0.0,0.0,0.0
-1.8209381,5.52742,5.743973,-0.6304524,-0.739593,-1.704361,0.0,0.0,0.0
-2.1966095,5.9365997,6.2285156,-0.8293432,-0.3835249,-1.1442041,0.0,0.0,0.0
-2.047058,6.003586,6.525223,-0.5339849,-0.32076406,-0.8153219,0.0,0.0,0.0
-1.4069824,5.54657,7.1569366,0.104406595,-0.7331548,-0.22216558,0.0,0.0,0.0
-1.5146637,5.770294,7.554138,-0.098556876,-0.39774847,0.06279087,0.0,0.0,0.0
-1.9166565,5.469986,7.8927307,-0.56576276,-0.61341286,0.32056236,0.0,0.0,0.0
-1.7563324,5.497513,7.9178467,-0.45686412,-0.4847026,0.2565894,0.0,0.0,0.0
-0.3744812,5.703293,7.6091766,0.8855915,-0.25227642,-0.07937336,0.0,0.0,0.0
-0.2871399,5.6566315,7.697708,0.91587627,-0.27728605,-0.016677856,0.0,0.0,0.0
-0.3529358,5.596817,8.171494,0.7534516,-0.28293657,0.40137196,0.0,0.0,0.0
