-1.2358856,5.7308044,7.602005,0.10309088,-0.4751072,-0.62790775,0.035235405,0.007940529,9.013355
-1.1652985,5.633896,7.582855,0.15523016,-0.5449295,-0.65393305,0.07854462,0.0465705,8.946222
-1.0671997,5.571686,7.4931183,0.16174316,-0.40085602,-0.5932617,-0.0055980682,0.08124109,9.0771475
-0.9786682,5.4879456,7.146164,0.07321,-0.07636452,-0.46895027,-0.2057333,0.056923665,9.375908
-1.0337067,5.517853,7.08873,-0.13234067,-0.03609705,-0.31502914,-0.17485595,0.14360142,9.548069
-1.1078796,5.544174,7.1904297,-0.23036051,-0.081737995,-0.36473703,-0.19106293,-0.24155293,9.493718
-1.0624084,5.5250244,7.7144623,-0.03546524,-0.39228582,-0.513082,-0.009232521,-0.11040834,9.169371
-1.0157471,5.523834,7.721634,0.17354202,-0.4822154,-0.5322571,0.078157425,0.07941009,9.076219
-1.0145569,5.5752716,7.576874,0.18953216,-0.4899726,-0.5581975,0.06838989,0.09521606,9.04913
-1.0779724,5.8576355,6.9559326,0.17873812,-0.2700901,-0.52351665,0.10482103,0.10983467,9.210066
-1.0959167,5.839691,6.8853455,0.012125254,-0.17690945,-0.3477087,-0.07462168,-0.02127482,9.424126
-1.1641083,5.6757813,7.21196,-0.09903872,-0.25827932,-0.014809608,0.17637062,-0.14666444,9.651348
-1.2430725,5.6195374,7.7120667,-0.13664532,-0.37400723,0.12632656,0.34638357,-0.20723957,9.699033
-0.99661255,5.6027985,7.603195,-0.026220083,-0.51111364,-0.008112431,0.38836718,-0.12681428,9.498302
-1.0731812,5.6566315,7.4452667,-0.101408005,-0.5136237,-0.017293453,0.37337208,-0.20233475,9.499982
-1.0636139,5.797806,7.1413727,0.037956357,-0.4053192,-0.046295166,0.29406977,-0.04506628,9.524942
-1.0683899,5.8289185,7.1186523,0.09902656,-0.17711258,-0.08670521,0.102015495,0.061045133,9.62075
-1.0600128,5.770294,7.35553,0.025428057,-0.15402079,-0.10517597,0.06103325,-0.00643616,9.628707
-1.0971069,5.7296143,7.586441,9.5939636E-4,-0.16166973,-0.11226463,0.05871296,-0.032187767,9.621561
-1.1126556,5.7714844,7.6953125,0.046517134,-0.23368502,-0.3371663,-0.0056626797,0.012963295,9.394032
-1.1365967,5.81456,7.750351,0.055583358,-0.24866915,-0.43991804,-0.012672424,0.06307125,9.302354
-1.0887299,5.7667084,7.7324066,-0.026643038,-0.19786406,-0.5258045,-0.17225122,-0.06750065,9.2755165
-0.9882355,5.637497,7.762314,-0.046732545,-0.11591339,-0.5125017,-0.2321701,-0.06974781,9.338132
-1.0121613,5.559723,7.405792,-0.20718825,-0.056045055,-0.55978537,-0.33548975,-0.21362622,9.358055
-1.0552368,5.736786,7.537384,-0.029516459,-0.24926853,-0.44417048,-0.10195935,0.05944729,9.310299
-1.1557312,5.8875427,7.1820526,0.33986664,-0.12368202,-0.26985645,-0.0147128105,0.3071643,9.476403
-1.1629181,5.843277,7.2012024,0.051428676,-0.2346406,-0.3310213,-0.01292944,0.0023460314,9.397866
-1.1569366,5.7379913,7.389038,-0.009040713,-0.25781822,-0.38715887,-0.039530277,-0.06164886,9.347216
-1.105484,5.598007,7.368698,0.39399278,-0.39656305,-0.4026265,0.117079735,0.3090932,9.202204
-1.1760712,5.5322113,7.2335052,0.26818883,-0.33632135,-0.36744165,0.07279873,0.197802,9.281651
-1.2921295,5.5429688,7.186844,-0.0039532185,-0.32156134,-0.44303608,-0.02543974,-0.06676926,9.2638855
-1.2454681,5.5166473,7.256241,-0.084575176,-0.30664492,-0.38776016,-0.014623642,-0.14291424,9.326125
-1.2107697,5.5501556,7.2215424,-0.14599216,-0.24697638,-0.11053753,0.10199404,-0.19070822,9.588118
-1.0995026,5.6327057,7.1497498,-0.30962563,-0.3336048,-0.1498251,-0.31497478,-0.22534037,9.524481
-1.0456696,5.613556,6.9427795,-0.21945047,-0.36715508,-0.26589537,0.090022564,-0.28549072,9.401616
-0.97268677,5.6638184,6.7788696,0.07418525,-0.38587236,-0.49959183,0.004898548,1.2128055E-4,9.171065
-0.95832825,5.6853485,6.7369995,0.29491687,-0.23469591,-0.5941,-0.14046383,0.24572432,9.162521
-1.0217285,5.6757813,7.0372925,0.2590376,-0.25397873,-0.57952166,-0.12390518,0.2077717,9.167175
-0.9882355,5.6554413,7.4033966,0.12450755,-0.36326075,-0.4209485,0.040066242,0.057139482,9.241152
-1.0085754,5.65184,7.5972137,0.06608105,-0.5860629,-0.15863085,0.07236755,-0.36288166,9.32077
-0.9942169,5.7583313,7.549362,0.07927072,-0.6615143,-0.15025043,0.4350891,-0.03652449,9.281462
-1.0289154,5.848053,7.3878326,0.06967056,-0.6969657,-0.35660648,0.33671522,-0.052027937,9.098342
-1.0959167,5.77507,7.2323,0.0066717863,-0.45993614,-0.5972247,-0.07279801,-0.018272877,9.056564
-1.036087,5.7308044,7.3256226,-0.05490899,-0.21379375,-0.734045,-0.28666687,-0.094836414,9.102113
-1.0145569,5.7056885,7.4237366,-0.28536916,-0.15870237,-0.6598468,-0.31419754,-0.31372786,9.219389
-0.98942566,5.6769714,7.5433807,-0.30189323,-0.26920414,-0.3964486,-0.35519254,-0.022397518,9.366062
-0.9954071,5.7308044,7.569687,-0.04809463,-0.4008355,-0.28038597,0.14641285,-0.1256668,9.354578
-0.99302673,5.736786,7.5170593,0.039746523,-0.52331924,-0.094329834,0.3708496,-0.063049525,9.428714
-1.0253296,5.723633,7.524231,0.10011506,-0.6195102,0.120238304,0.58531,-0.02206996,9.551312
-1.1856384,5.6937256,7.737198,0.12544346,-0.53988886,-0.058963776,0.42648268,0.017527241,9.448185
-1.2885284,5.621933,8.151154,0.33580673,-0.31898594,-0.16603851,0.2214508,0.2668394,9.457591
-1.302887,5.5704956,8.315063,0.3014878,-0.17865229,-0.33360386,0.00946188,0.26008123,9.398765
-1.1844482,5.4221344,8.487335,-0.2730974,-0.13316202,-0.32742977,-0.112856865,-0.29531825,9.491096
-1.0348969,5.478363,7.8711853,0.0024416447,-0.14781857,-0.28472042,-0.033135414,-0.027071163,9.488703
-0.982254,5.5621185,7.4572296,-0.068520546,-0.48669147,-0.3928318,-0.10149264,-0.21873355,9.2255
-0.9906311,5.6661987,6.990631,-0.083137155,-0.5056095,-0.31273365,0.23659849,-0.18008783,9.285167
-1.0037842,5.560913,7.3136597,0.27333152,-0.12071562,0.2712555,0.2899313,0.24626713,9.941387
-1.0983124,5.52861,7.6211395,-0.056803703,-0.22185946,0.42964077,0.4069624,-0.09501407,10.056437
-1.0995026,5.5872345,7.5720825,-0.0022708178,-0.1704073,0.4747572,0.3988948,-0.030433834,10.113888
-1.1629181,5.540573,7.330414,0.16076791,-0.18430948,0.24877739,0.21614945,-0.25875998,9.896258
-1.1437683,5.473587,7.1605225,-0.027064323,-0.19061184,-0.1535883,0.06511021,-0.061430164,9.577212
-1.2251282,5.4628143,6.8937225,-0.040660262,-0.27706623,-0.26243877,0.069344044,-0.090461984,9.440179
-1.2993011,5.515457,6.5276184,0.014826775,-0.32907152,-0.28087807,0.102508545,-0.043876126,9.38836
-1.2789612,5.54776,6.55394,0.06170082,-0.21652317,-0.72436047,-0.24728823,0.017225794,9.089754
-1.1377869,5.556137,6.7836456,0.06507254,-0.1774025,-0.8379736,-0.051139355,0.35602045,9.026561
-0.9152527,5.544174,6.9439697,-0.01778078,-0.19516039,-0.842021,-0.36591148,-0.05938737,9.025635
-0.92123413,5.6362915,6.798004,-0.15622258,-0.35330486,-0.5482893,-0.08643818,-0.2194394,9.178777
-0.9906311,5.645859,6.886551,-0.18183517,-0.42918968,-0.54965353,-0.034994125,-0.25743106,9.134422
-1.036087,5.5681,7.2622223,-0.036335945,-0.49384737,-0.43745422,0.1006484,-0.12307386,9.165328
-0.9296112,5.645859,7.6163483,0.18915725,-0.5942464,-0.3887596,0.23206997,0.08575666,9.114674
-0.9260254,5.6123657,7.8065796,0.22289717,-0.43971062,-0.666307,-0.061478138,0.1411286,8.99222
-0.8650055,5.641083,7.7443695,0.25815415,-0.4391446,-0.70667744,-0.090528965,0.17668515,8.958434
-0.879364,5.7188416,7.4691925,0.32195246,-0.55357885,-0.62719727,0.050700665,0.22485766,8.940424
-0.928421,5.749954,7.356735,0.11629534,-0.5406842,-0.5887003,0.04138279,0.025823116,9.000391
-1.0552368,5.8420715,7.3411865,0.09405136,-0.49935007,-0.62599134,-0.017352104,0.009799011,9.000633
-1.1437683,5.91626,7.540985,0.20497727,-0.333014,-0.73530054,-0.20302296,0.14357942,9.011826
-1.138977,5.893524,7.606781,0.053673863,-0.26680517,-0.5300474,-0.13647318,0.0070583,9.226701
-1.298111,5.802597,7.8723907,0.037863016,-0.2536726,-0.3517871,-0.032057762,-0.004396878,9.372495
-1.3423767,5.7643127,7.893921,-0.052612066,-0.1862793,-0.098155975,-0.06480682,-0.086788654,9.618581
-1.3471527,5.740387,7.905884,-0.083961606,-0.22108841,0.122677326,0.23753738,-0.11462892,9.769026
-1.4045868,5.7870483,7.8687897,-0.17470872,-0.21385384,0.34149504,0.36245108,-0.20078123,9.952222
-1.2909241,5.831314,7.672592,-0.049566627,-0.3664112,0.3293786,0.48414612,-0.10008588,9.834749
-1.3016968,5.9329987,7.441681,0.26001096,-0.41597605,-0.091303825,0.28751373,0.19470006,9.448314
-1.262207,5.7583313,7.3423767,0.1955105,-0.44895267,-0.1414423,0.27396297,0.12626898,9.39581
-1.208374,5.613556,7.2012024,0.165779,-0.33288193,-0.11508179,0.19904518,0.11391731,9.492102
-1.2227325,5.5991974,7.104294,-0.15120065,-0.08404398,0.07755995,0.09739733,-0.16102788,9.829552
-1.1868439,5.5752716,6.9511566,-0.29560888,-0.020339489,0.236732,0.13252878,-0.2924997,10.008444
-1.2179413,5.5034943,7.0001984,-0.29078436,-0.001493454,0.25717115,0.1304698,-0.28449625,10.036289
-1.257431,5.514267,7.085144,-0.68049586,0.01803255,-0.083081245,-0.68251586,-0.062217712,9.831211
-1.2012024,5.4999084,7.0253296,-0.37896407,-0.33541727,-0.30506897,0.013103962,-0.43343186,9.405214
-1.1425781,5.4999084,6.9427795,0.11655235,-0.4148035,-0.41020155,0.065317154,0.040380254,9.216723
-1.1030884,5.4711914,6.8685913,0.31023288,-0.35651922,-0.5150175,-0.027619362,0.24144512,9.15126
-1.1413727,5.50708,6.8602295,0.3254373,-0.31694794,-0.40523767,0.012982845,0.2652489,9.258875
-1.0707855,5.44606,6.9583282,0.3083415,-0.3002324,-0.38479376,0.24385929,0.06435919,9.287353
-1.031311,5.4113617,7.1904297,0.18750155,-0.36697865,-0.42106247,0.02073431,0.1224965,9.230726
-1.0109711,5.414963,7.4249268,0.23199773,-0.44829893,-0.6013708,-0.0331192,0.15214083,9.037106
-0.93440247,5.5621185,7.4201355,0.19953978,-0.49682283,-0.7393203,-0.0918355,0.11084843,8.905251
-0.9523468,5.7308044,7.348358,0.124263525,-0.46432114,-1.1619897,-0.4025674,0.033937603,8.615833
-1.0157471,5.8672028,7.410568,0.13982975,-0.42080545,-1.2055221,-0.06412959,0.46237063,8.6099825
-1.1174469,5.8863373,7.7204437,0.10517669,-0.46161366,-1.1327033,-0.38719463,0.012257129,8.6417055
-1.1509552,5.807373,7.7934265,-0.4404955,-0.706676,-0.6815319,0.0337224,-0.56243294,8.889893
-1.2322998,5.757126,7.7276154,-0.46334922,-0.8201103,-0.32727146,0.35072803,-0.6075943,9.097989
-1.3710938,5.7379913,7.6402893,-0.3686608,-0.78194666,-0.15543747,0.4457631,-0.5105417,9.247942
-1.4273224,5.7427673,7.564911,-0.019129992,-0.5296836,0.30521345,0.5951128,-0.11484608,9.724574
-1.4811554,5.7643127,7.4883423,0.12204206,-0.3805437,0.36698103,0.5381532,0.054007143,9.849741
-1.5194397,5.696121,7.680954,0.18128526,-0.388875,0.40600634,0.57611465,0.113112986,9.871662
-1.4249268,5.6039886,7.862808,0.20984924,-0.23767328,0.42804527,0.47457552,0.1706139,9.978162
-1.3770752,5.581253,7.8472595,0.08854365,-0.030893326,0.09450674,0.0932641,0.08346705,9.852048
-1.1940155,5.65065,7.3830566,0.094863415,-0.019296646,-0.017058372,0.016407967,0.089723766,9.770006
-1.051651,5.720047,6.9966125,0.22842765,0.042178154,-0.25627995,-0.1632905,0.22706293,9.603141
-1.002594,5.723633,6.949951,0.25089598,-0.047911167,-0.35963202,-0.15731621,0.23230094,9.466258
-1.0504456,5.48555,7.2837524,0.24305665,-0.061477184,-0.34808826,-0.14283991,0.22258316,9.468901
-1.0456696,5.3802643,7.664215,-0.3300693,-0.21768475,-0.30805683,-0.063130856,-0.36698043,9.471133
-1.0145569,5.3910217,7.586441,-0.70015025,-0.10446739,0.07021904,-0.6533146,-0.27217197,9.878458
-1.0265198,5.522629,7.104294,-0.57804585,-0.4625101,0.10510731,0.35233498,-0.64555395,9.671667
-1.1449585,5.4963074,6.9379883,-0.43542314,-0.3176155,0.038015366,0.21394491,-0.48278618,9.692357
-1.1270142,5.4723816,7.060028,-0.20353031,-0.2008338,-0.41701078,-0.13474846,-0.24124041,9.383207
-1.1712799,5.5214386,7.1449738,-0.15252423,-0.19968271,-0.48212528,-0.17370749,-0.19053909,9.328004
-1.298111,5.5908356,7.0001984,0.1210525,-0.21581984,-0.6265297,0.017191648,0.23721218,9.176408
-1.2789612,5.5668945,7.0468597,0.20659673,-0.16984987,-0.583776,0.110710025,0.26106215,9.23053
-1.3447723,5.5740814,7.367508,0.16416156,-0.23786926,-0.5511551,-0.16483974,0.11866446,9.218391
-1.2681885,5.741577,7.4680023,0.09238577,-0.28428698,-0.51877975,-0.1188159,0.041962013,9.221321
-1.2418823,5.77269,7.3292084,0.09346366,-0.40804005,-0.47555637,-4.8398972E-4,0.02729579,9.17369
-1.2155609,5.761917,7.183258,0.14483202,-0.5698643,-0.36082888,0.20012903,0.058332257,9.14903
-1.1329956,5.741577,7.4656067,0.1505692,-0.56141615,-0.20182848,0.2999587,0.0684067,9.27379
-1.0707855,5.703293,7.602005,0.114825845,-0.45542955,-0.1977129,0.22103167,0.047886252,9.349985
-1.0157471,5.723633,7.895111,0.10982078,-0.39984608,-0.10985279,0.23754883,0.052289046,9.4533205
-0.9451599,5.770294,7.750351,0.11307418,-0.3433175,0.029029846,0.28716612,0.06571989,9.595198
-0.83509827,5.802597,7.667801,0.12517458,-0.17587662,0.04427147,0.17286396,0.100766905,9.714317
-0.86260986,5.7355957,7.556534,0.22911155,0.11889553,-0.24141693,-0.22573566,0.23924679,9.677365
-0.9786682,5.613556,7.8305054,0.23844093,0.13699722,-0.3076992,-0.2823534,0.24955788,9.63843
-0.96310425,5.5681,7.898712,0.19472855,0.12929869,-0.31621552,-0.2865405,0.20503779,9.632055
-0.9870453,5.5549316,7.7312164,0.048646092,0.057031155,-0.24046516,-0.1957593,0.052066907,9.656951
-1.0301056,5.560913,7.475174,-0.15787435,0.04136896,-0.16995668,-0.15670109,-0.15340424,9.720436
-1.0755768,5.584854,7.253845,-0.32658982,-0.049275875,-0.17849874,-0.11116648,-0.3327008,9.672848
-1.2119598,5.620743,7.2263184,-0.39960325,0.02773714,-0.23306274,-0.2129631,-0.39467856,9.689835
-1.3399811,5.5872345,7.2801666,-0.34621215,0.0120129585,-0.27370787,-0.39170325,0.12349367,9.644659
-1.3411713,5.448456,7.5314026,-0.15256214,0.043294907,-0.31357956,-0.2541523,-0.1490453,9.615147
-1.3531342,5.3443756,7.6199493,0.022985816,-0.087191105,-0.3376894,-0.1567645,0.005684778,9.494307
-1.2801666,5.34198,7.311264,0.07415748,-0.17938519,-0.3332863,-0.081635,0.043449037,9.432209
-1.3220367,5.490326,6.8530426,0.26245552,-0.40321445,-0.27532387,0.1384573,0.20167936,9.309233
-1.2885284,5.6530457,6.6556396,0.38357526,-0.45344496,-0.17902422,0.3785498,-0.14264297,9.3363905
-1.0911255,5.703293,6.98584,0.37040627,-0.5378947,-0.16779804,0.37790227,-0.21505356,9.291258
-1.056427,5.6937256,7.3172455,0.2601365,-0.69015694,-0.1463108,0.4368472,0.1722211,9.21937
-1.0109711,5.6566315,7.4069824,0.19057202,-0.63979435,-0.17724895,0.21267664,-0.32640886,9.236301
-0.88175964,5.593216,7.590027,0.037248135,-0.4998436,-0.30196095,0.17646313,-0.029271528,9.2495
-0.82073975,5.662613,7.397415,-0.08926469,-0.38212538,-0.37467432,0.030614376,-0.14344995,9.284296
-0.8003998,5.760727,6.9643097,-0.2508191,-0.37654495,-0.47794008,-0.055646896,-0.3068709,9.2271185
-0.8566284,5.81456,6.879364,-0.18805039,-0.36337662,-0.53184843,-0.097797394,-0.24488625,9.189613
-0.9834442,5.843277,7.3160553,-0.06923711,-0.23321581,-0.6091757,-0.23750067,-0.11258736,9.205654
-1.0803528,5.8013916,7.905884,0.055746675,-0.20348644,-0.7322998,-0.33424044,0.012202993,9.121878
-1.0683899,5.674576,8.256439,0.12255812,-0.20050621,-0.7816906,-0.3666954,0.07758744,9.081545
-0.9834442,5.5956116,8.0327,0.10396588,-0.15024376,-0.72444487,-0.36938572,0.06642999,9.160629
-0.9750824,5.580063,7.8185425,0.06894934,-0.20526886,-0.5743513,-0.23078823,0.028061643,9.238567
-1.0289154,5.576477,7.3866425,0.07142472,-0.28483438,-0.28011227,0.027302742,0.027641162,9.402688
-1.2717896,5.6482544,7.2012024,0.15139139,-0.34114218,-0.1696372,0.15021753,0.10251059,9.439226
-1.2861481,5.69252,7.249054,0.23063385,-0.45021963,-0.039033413,0.32565165,0.17050828,9.456948
-1.2741852,5.6817627,7.7192383,0.26275074,-0.38849926,-0.031872272,0.2888651,0.21008037,9.501022
-1.2909241,5.601593,7.905884,0.13532686,-0.3305874,-0.0035991669,0.2556734,0.09100723,9.57435
-1.2346954,5.5668945,7.8352966,0.11068761,-0.20737791,-0.1720519,0.052437782,0.07670687,9.530561
-1.1964111,5.5501556,7.4727783,0.2975831,-0.14407396,-0.23031044,-0.014590263,0.2681337,9.506239
-1.2598267,5.598007,7.475174,-0.07483482,-0.17970085,-0.16832018,0.019553185,-0.10501082,9.572523
-1.105484,5.4831543,7.5804596,-0.40498972,-0.09598303,-0.0049881935,0.025257587,-0.41513634,9.789973
-0.9870453,5.4113617,7.3866425,-0.5689167,-0.101685524,0.28807354,0.19174004,-0.5729588,10.034567
-0.9296112,5.519043,6.734604,-0.5351503,-0.08862162,0.35885906,0.22533655,-0.5369187,10.096412
-0.98942566,5.5991974,6.570694,-0.6058372,-0.008774757,0.16209984,0.026492596,-0.59482574,10.003811
-1.146164,5.7092743,6.813568,-0.522774,0.0135650635,0.023377419,-0.068825245,-0.51062536,9.899106
-1.179657,5.667404,7.3375854,-0.30318952,-0.18060875,0.16816092,0.20085144,-0.3297386,9.8679085
-1.179657,5.6111755,7.540985,-0.16507566,-0.25862026,0.081884384,0.22812033,-0.20938697,9.736239
-1.1509552,5.50708,7.6091766,0.023985386,-0.25634766,-0.0509243,0.17181873,-0.023713462,9.609677
-1.1006927,5.5345917,7.3375854,0.29710007,-0.10015488,-0.29614782,0.23866642,0.1424694,9.476888
-1.0468597,5.6362915,6.949951,0.34868145,-0.07863617,-0.38020515,-0.12802982,0.3238254,9.41798
-1.0301056,5.7104645,6.747757,0.47371376,-0.15319872,-0.49996042,-0.13035202,0.43350568,9.265433
-1.0408783,5.6638184,7.0253296,0.54510176,-0.2214818,-0.58449936,0.44026244,0.25113964,9.1502
-1.1102753,5.6614227,7.458435,0.34579706,-0.5198703,-0.6563425,0.24994636,0.020805359,8.936179
-1.0971069,5.6315155,7.5110626,0.21815705,-0.6769476,-0.5225439,0.2386427,0.099110305,8.962771
-1.0731812,5.5369873,7.0707855,-0.06700909,-0.37611198,-0.38283873,0.056752205,-0.13369656,9.285669
-1.0612183,5.5202484,6.9643097,-0.11395824,-0.103643894,-0.46903658,-0.21544123,-0.13927424,9.384855
-1.0695953,5.580063,7.0361023,-0.021174788,-0.021950722,-0.46191502,-0.26483822,-0.033287972,9.428434
-1.2562256,5.6267242,7.8137665,-0.45994008,0.029155254,-0.83550787,-0.59452343,-0.46065897,9.219451
-1.2837524,5.5381927,8.338989,-0.6077963,-0.08049631,-1.1376233,-0.7259555,-0.6289636,8.942082
-1.2346954,5.481964,8.624924,-0.50505054,-0.11899519,-1.1247749,-0.6796652,0.52704906,8.91523
-1.0707855,5.365906,8.384445,-0.2216748,-0.29448462,-0.37152672,-0.28894734,-0.036746025,9.371848
-0.93200684,5.4604187,7.652252,-0.011065006,-0.30562925,-0.06330776,0.2021966,-0.084546,9.5841465
-0.93200684,5.7355957,6.9092712,0.06927669,-0.34634733,-0.057878494,0.2553339,-0.016715772,9.556389
-1.0600128,5.8456726,6.75972,0.010311365,-0.4280696,0.07380772,0.38573742,-0.09147773,9.628785
-1.2251282,5.716446,7.5840454,-0.1258471,-0.29814053,0.0074863434,0.2191,-0.19255996,9.666305
-1.2658081,5.539383,8.427521,-0.13858318,-0.22612524,-0.05388069,-0.1579566,-0.16027594,9.65631
-1.2047882,5.4424744,8.391632,0.46890604,-0.0242095,-0.5387535,0.3954236,0.29548216,9.289886
-1.249054,5.473587,7.326828,0.84327674,0.107889175,-0.7424512,0.745592,0.54149103,9.154831
-1.2131653,5.572891,7.085144,0.15132916,-0.046269417,-0.8600559,-0.44714403,0.123592526,9.0653515
-1.1736755,5.6805573,6.9260254,-0.5868982,-0.17849731,0.49442196,0.35219765,-0.6003272,10.175877
-1.1401825,5.71286,7.137787,0.2625686,-0.2891035,-0.016128063,0.25493145,0.20590207,9.593584
-1.1150513,5.6889343,7.1736755,-0.29387498,0.378747,-0.29398346,-0.51279545,-0.22955331,9.830831
-0.9762726,5.5429688,7.10907,1.5162305,-0.64207125,0.25603056,0.8434315,1.392632,9.451742
-0.9523468,5.4759674,7.1078796,-0.42132652,-0.123194695,0.06371641,0.09124279,-0.43350995,9.828935
-0.98464966,5.5525513,7.0301056,-0.6947694,0.2187233,0.11715746,-0.15947962,-0.65464133,10.1071205
-0.97268677,5.662613,6.8410797,-0.16196024,-0.19571257,0.06934261,0.17873335,-0.18563595,9.7524605
-1.1138611,5.5214386,7.3328094,-0.124138,-0.31152058,-0.39656973,-0.041598797,-0.17570949,9.319702
-1.1784668,5.437683,7.5756836,0.0023180246,-0.4752736,-0.76613855,-0.16629362,-0.08258523,8.924389
-1.2299042,5.3814545,7.901108,0.10283768,-0.4712181,-0.7640457,-0.16925526,0.01741618,8.919273
-1.2861481,5.3120728,7.6666107,0.34100556,-0.3792963,-0.7495308,-0.2173276,0.26610762,8.967662
-1.2681885,5.3000946,7.573288,0.46041703,-0.54929495,-0.62250423,-0.0028715134,0.36450064,8.930094
-1.1090698,5.355133,7.4560394,0.11776197,-0.40349245,-0.3161292,0.07537651,0.051799953,9.288725
-1.1222382,5.4664,7.1700897,-0.24721408,-0.040547848,-0.15275145,-0.09835434,-0.2547903,9.699411
-1.228714,5.625519,6.8889313,-0.36684465,0.07412195,-0.56675196,-0.48075008,-0.36887646,9.499914
-1.3100739,5.6578217,6.8901367,-0.34750187,0.083436966,-0.5953336,-0.505672,-0.34938252,9.483589
-1.4703827,5.4640045,7.6510468,0.19131649,-0.4707036,-0.7586565,-0.18443537,0.09999226,8.917995
-1.4656067,5.4101715,7.8675995,0.14810824,-0.278996,-0.78387594,-0.3395896,0.08388847,9.037315
-1.3997955,5.584854,7.544571,0.07682991,-0.49477148,-0.8722477,-0.2501788,-0.01834555,8.832693
-1.3866425,5.720047,7.186844,-0.31097007,-0.82174873,-0.37400007,-0.33934224,-0.4018922,9.009669
-1.3914337,5.7559357,7.1892395,-0.09821546,-0.60577345,-0.07961798,0.37551928,-0.17442852,9.34675
-1.2969055,5.637497,7.544571,0.15003681,-0.3420949,-0.1499381,0.15468979,0.103600726,9.449776
-1.2382813,5.6685944,7.552948,0.11580801,-0.4715724,-0.40491772,0.07322502,0.0471787,9.180422
-1.298111,5.743973,7.4452667,0.009709954,-0.4857297,-0.63397884,-0.07758236,-0.06632103,9.014477
-1.2969055,5.7475586,7.453644,0.18795061,-0.31705475,-0.40288353,-0.032383442,0.13901705,9.2795925
-1.4069824,5.807373,7.4560394,0.28675056,-0.38049555,-0.17756367,0.2737441,-0.11324167,9.393405
-1.4356995,5.7966156,7.4273224,0.1332168,-0.39480162,-0.29966164,0.093518734,0.08347607,9.308958
-1.5349884,5.6566315,7.566101,0.0019442439,-0.31659794,-0.5917568,-0.16681528,-0.050386027,9.158539
-1.5170441,5.682953,7.4979095,-0.056598604,-0.2915225,-0.825758,-0.3449564,-0.11469561,9.007956
-1.6331024,5.761917,7.4069824,0.04889089,-0.13852406,-0.61417913,-0.3072071,0.012990579,9.255061
-1.635498,5.6685944,7.2969055,0.1384213,-0.044713974,-0.57595205,-0.3457632,0.112433806,9.336878
-1.6821594,5.6315155,7.4524536,-0.13161528,-0.24327517,-0.05418825,-0.12379646,-0.16956758,9.6186
-1.578064,5.63031,7.598404,-0.3531778,-0.17197561,0.08441162,-0.32262635,-0.23908663,9.79303
-1.5122681,5.5872345,7.4859467,-0.26131535,-0.17314291,0.29652166,0.30645323,-0.26922467,9.947342
-1.3399811,5.4640045,7.3244324,0.017408907,-0.21507978,0.2958088,0.07834947,-0.346457,9.895499
-1.2012024,5.436493,7.379471,0.17881083,-0.1939063,0.24046278,0.31602,0.15994596,9.85074
-1.2047882,5.417343,7.409378,0.09684956,-0.25414276,0.2521696,0.36324167,0.070860624,9.830983
-1.1784668,5.52623,7.10907,0.025520444,-0.06412649,0.13048458,0.1343708,0.020717502,9.86414
-1.3184509,5.601593,6.9044952,0.1709621,-0.054419518,-0.1330986,-0.029010773,0.15826672,9.651684
-1.3890381,5.5991974,6.8853455,0.13324773,-0.19535637,-0.19660473,0.034292698,0.09950869,9.517695
-1.4309082,5.4400787,7.25264,-0.022615433,-0.25516415,-0.46214056,-0.106025696,-0.07147688,9.293968
-1.4895325,5.4400787,7.2622223,0.040854216,-0.13996744,-0.7630491,-0.38536978,-0.0011428744,9.132119
-1.4775696,5.5250244,7.048065,0.0364635,-0.13004589,-0.789124,-0.41150665,-0.0038561076,9.119915
-1.5385895,5.5788727,6.9439697,-0.076755166,-0.24324226,-0.59571457,-0.21081829,-0.12712324,9.20721
-1.5122681,5.560913,7.1808624,-0.16853964,-0.30640793,-0.24856806,-0.19100916,-0.11983156,9.441639
-1.434494,5.605194,7.4524536,-0.07775557,-0.3611412,-0.14332962,0.17302132,-0.13598154,9.477129
-1.3543396,5.6638184,7.482361,-0.022678733,-0.32809114,-0.29521418,0.056832314,-0.08132084,9.375993
-1.1042938,5.765503,7.281357,-0.07863283,-0.32584524,-0.44469738,-0.04695463,-0.1406934,9.269888
-1.0289154,5.749954,7.2921295,-0.08611095,-0.19212627,-0.5930257,-0.24519444,-0.13096175,9.2420845
-0.93559265,5.749954,7.343567,0.034653783,-0.15664434,-0.79056406,-0.386559,-0.010462567,9.0987
-0.97387695,5.7690887,7.446457,0.2840985,-0.3405509,-0.7795477,-0.2125392,0.20618924,8.9600725
-1.0241241,5.790634,7.4524536,0.47910368,-0.42443943,-0.74686,-0.10453844,0.38813362,8.908923
-1.1964111,5.782257,7.6666107,0.5063151,-0.43787336,-0.7084775,-0.06414032,0.41589147,8.927474
-1.2179413,5.7678986,7.762314,0.36452186,-0.4084158,-0.6595144,0.25829935,0.13450527,9.00053
-1.2801666,5.7463684,7.7515564,0.25513256,-0.30852556,-0.57533264,-0.101905346,0.19184658,9.140243
-1.4990997,5.7918243,7.529022,0.096505046,-0.022538185,-0.4782915,-0.27671432,0.0825689,9.412703
-1.6498566,5.852844,7.426132,-0.24457526,0.1272583,-0.3025546,-0.3205862,-0.22412546,9.686054
-1.7132568,5.8013916,7.405792,-0.27187335,0.10972643,-0.24418926,-0.2746873,-0.25210965,9.72559
-1.7922211,5.625519,7.5840454,-0.024016619,0.111551285,-0.14601612,-0.04665351,0.17567062,9.770532
-1.6785583,5.5166473,7.7527466,-0.08474457,0.019937992,-0.06929684,-0.07086897,-0.08096787,9.778313
-1.4380798,5.394623,7.6331024,-0.25913262,-0.19243717,0.425282,-0.1836325,-0.4441123,10.039223
-1.2035828,5.502289,7.401001,-0.22542632,-0.24117184,0.5095339,0.48366356,-0.25764257,10.0679865
-1.0109711,5.69133,6.9559326,-0.088652134,-0.41047716,0.27882147,0.47683573,-0.15840447,9.766304
-0.98106384,5.6315155,6.9655,-0.10706937,-0.4223423,-0.12750244,0.2156105,-0.18514791,9.452637
-1.0253296,5.5824585,7.122238,-0.15026402,-0.43237638,-0.26365328,0.12580967,-0.2317396,9.3489275
-1.2873383,5.65065,6.543167,0.030207276,-0.2195921,-1.2011681,-0.13918394,0.5453036,8.72258
-1.5206451,5.605194,7.2514496,-0.19802415,-0.27764988,-0.48245,0.0,0.0,0.0
-1.4847412,5.4017944,7.942978,-0.15802813,-0.4592352,0.19323254,0.0,0.0,0.0
-1.4069824,5.3072815,8.005188,-0.077221155,-0.50204515,0.21713018,0.0,0.0,0.0
-1.3579254,5.3802643,7.7527466,-0.02488947,-0.41672516,-0.043939114,0.0,0.0,0.0
-1.2634125,5.617157,6.744171,0.07049906,-0.20746374,-1.031745,0.0,0.0,0.0
-1.2335052,5.645859,6.710678,0.1007911,-0.20513105,-1.0453491,0.0,0.0,0.0
-1.1940155,5.7260284,7.146164,0.14077055,-0.1314044,-0.6049142,0.0,0.0,0.0
-1.2155609,5.71167,7.582855,0.11945975,-0.127357,-0.18205738,0.0,0.0,0.0
-1.105484,5.6638184,7.7407837,0.22688067,-0.1576829,-0.0377326,0.0,0.0,0.0
-1.0193481,5.667404,7.6785736,0.30543816,-0.14071941,-0.11122942,0.0,0.0,0.0
-1.0301056,5.777466,7.186844,0.2878852,-0.03962326,-0.5974202,0.0,0.0,0.0
-1.3734741,5.9736786,7.027725,-0.049138427,0.13090897,-0.73620176,0.0,0.0,0.0
-1.450058,5.905487,7.3256226,-0.11906707,0.05862522,-0.4340849,0.0,0.0,0.0
-1.6019897,5.6650085,7.901108,-0.26287305,-0.16015768,0.12649584,0.0,0.0,0.0
-1.5744781,5.437683,8.194214,-0.22339952,-0.33993483,0.38626194,0.0,0.0,0.0
-1.4189453,5.517853,7.915451,-0.05679083,-0.24769354,0.10050392,0.0,0.0,0.0
-1.3280182,5.6111755,7.613968,0.04048717,-0.16010618,-0.19563437,0.0,0.0,0.0
-1.2107697,5.6327057,7.433304,0.15089798,-0.14831209,-0.37029028,0.0,0.0,0.0
-1.1162567,5.5549316,7.379471,0.23350179,-0.23445654,-0.41998577,0.0,0.0,0.0
-1.1078796,5.4723816,7.318451,0.22385931,-0.32404423,-0.4788761,0.0,0.0,0.0
-1.199997,5.23909,7.0456696,0.12565541,-0.56520367,-0.74684,0.0,0.0,0.0
-1.2909241,5.168503,7.0875397,0.04024422,-0.6443186,-0.69767,0.0,0.0,0.0
-1.4512482,5.1589203,7.2885437,-0.11214781,-0.6480231,-0.4996915,0.0,0.0,0.0
-1.5409851,5.3371887,7.3292084,-0.19476831,-0.46090317,-0.46439266,0.0,0.0,0.0
-1.5613098,5.4544373,7.3208466,-0.19863307,-0.33651686,-0.47520113,0.0,0.0,0.0
-1.676178,5.4592285,7.6402893,-0.3011825,-0.32156038,-0.1611371,0.0,0.0,0.0
-1.2394867,5.28096,7.7682953,0.12860858,-0.48142195,-0.047947884,0.0,0.0,0.0
-1.195221,5.3120728,7.741974,0.16166699,-0.4556198,-0.07230568,0.0,0.0,0.0
-1.0420685,5.3240356,6.744171,0.31408012,-0.47106314,-1.0499344,0.0,0.0,0.0
-0.9379883,5.40419,6.754944,0.41525304,-0.43761492,-1.0047235,0.0,0.0,0.0
-1.0265198,5.5046844,7.402191,0.31140733,-0.33809662,-0.35939693,0.0,0.0,0.0
-1.1904297,5.6351013,7.7108765,0.13055825,-0.19401836,-0.06387377,0.0,0.0,0.0
-1.3088684,5.6733856,7.3902283,0.011379361,-0.14974403,-0.38913488,0.0,0.0,0.0
-1.351944,5.6147614,7.162918,-0.021422029,-0.21797991,-0.6074896,0.0,0.0,0.0
-1.5481567,5.5453644,7.307678,-0.20472383,-0.28790188,-0.46011305,0.0,0.0,0.0
-1.5625153,5.5585327,7.4967194,-0.2145145,-0.265347,-0.27732134,0.0,0.0,0.0
-1.5254211,5.633896,7.4069824,-0.17526126,-0.1846323,-0.3706894,0.0,0.0,0.0
-1.4691925,5.65065,7.414154,-0.10989368,-0.17015553,-0.36022186,0.0,0.0,0.0
-1.421341,5.605194,7.701294,-0.056159377,-0.21153831,-0.07509899,0.0,0.0,0.0
-1.2418823,5.598007,7.6534424,0.12513447,-0.20988798,-0.1292305,0.0,0.0,0.0
-1.1820526,5.584854,7.5756836,0.17833686,-0.22057581,-0.20999002,0.0,0.0,0.0
-1.0408783,5.621933,7.483551,0.3124416,-0.1874528,-0.30040407,0.0,0.0,0.0
-1.0863342,5.8301086,7.3854523,0.2551105,0.011820793,-0.39390755,0.0,0.0,0.0
-1.146164,5.864807,7.281357,0.19070733,0.038115025,-0.4924984,0.0,0.0,0.0
-1.311264,5.71286,7.6163483,0.026018023,-0.1181407,-0.15420437,0.0,0.0,0.0
-1.2957153,5.3850403,7.986038,0.03821957,-0.4296627,0.20270777,0.0,0.0,0.0
-1.2885284,5.2666016,7.811371,0.040257454,-0.5318713,0.015062809,0.0,0.0,0.0
-1.4931183,5.34198,7.446457,-0.15641999,-0.45327616,-0.35089064,0.0,0.0,0.0
-1.5589294,5.473587,7.2682037,-0.21119726,-0.32887316,-0.5218835,0.0,0.0,0.0
-1.475174,5.6063843,7.417755,-0.12346566,-0.19785976,-0.3703146,0.0,0.0,0.0
-1.4847412,5.601593,7.6857452,-0.13048351,-0.19513416,-0.10747814,0.0,0.0,0.0
-1.257431,5.5345917,7.5469666,0.10063875,-0.25055265,-0.2541957,0.0,0.0,0.0
-1.1928253,5.5549316,7.405792,0.15952837,-0.23694897,-0.3913641,0.0,0.0,0.0
-1.1988068,5.54776,7.1976166,0.15223277,-0.2569914,-0.5901904,0.0,0.0,0.0
-1.1976013,5.5872345,7.347168,0.15217936,-0.2262888,-0.43431187,0.0,0.0,0.0
-1.1066742,5.637497,7.3950195,0.2295177,-0.18153286,-0.38468933,0.0,0.0,0.0
-1.0325012,5.7631073,7.311264,0.29765022,-0.05850649,-0.46754694,0.0,0.0,0.0
-1.2346954,5.708084,7.3938293,0.08662748,-0.12581062,-0.37728214,0.0,0.0,0.0
-1.2765656,5.601593,7.631912,0.04262352,-0.23154306,-0.14013004,0.0,0.0,0.0
-1.2346954,5.5920258,7.507477,0.07422435,-0.23855114,-0.26822186,0.0,0.0,0.0
-1.1437683,5.6159515,6.912857,0.1562128,-0.23412561,-0.84968376,0.0,0.0,0.0
-1.262207,5.73201,6.3912354,0.038290024,-0.17486572,-1.3280854,0.0,0.0,0.0
-1.3986053,5.761917,6.45105,-0.08986354,-0.17017412,-1.2475138,0.0,0.0,0.0
-1.4775696,5.645859,7.117447,-0.16133809,-0.28203154,-0.58307505,0.0,0.0,0.0
-1.4320984,5.4711914,7.8101654,-0.11007273,-0.41960526,0.0822196,0.0,0.0,0.0
-1.3686981,5.4400787,7.927414,-0.043448925,-0.42861986,0.1832242,0.0,0.0,0.0
-1.1736755,5.4664,7.3208466,0.15149236,-0.39794827,-0.42665195,0.0,0.0,0.0
-1.1449585,5.544174,6.8566284,0.17456436,-0.34489918,-0.8730583,0.0,0.0,0.0
-1.154541,5.5704956,6.747757,0.16277635,-0.34166813,-0.96466064,0.0,0.0,0.0
-1.2275238,5.5633087,7.207184,0.0898335,-0.36215162,-0.49501562,0.0,0.0,0.0
-1.2035828,5.544174,7.647461,0.11425161,-0.36656666,-0.0659585,0.0,0.0,0.0
-1.2107697,5.5525513,7.7395782,0.1070354,-0.33907652,0.011544704,0.0,0.0,0.0
-1.3232269,5.618347,7.647461,-0.0011644363,-0.25373507,-0.09470844,0.0,0.0,0.0
-1.3579254,5.5633087,7.697708,-0.032740593,-0.2997694,-0.050748825,0.0,0.0,0.0
-1.3878326,5.5788727,7.840088,-0.06005931,-0.27285147,0.08349514,0.0,0.0,0.0
-1.4033966,5.56929,7.799408,-0.07452011,-0.2691388,0.032991886,0.0,0.0,0.0
-1.3794556,5.6889343,7.47876,-0.049252033,-0.14349937,-0.29193258,0.0,0.0,0.0
-1.380661,5.6865387,7.381851,-0.048381925,-0.1588831,-0.3787198,0.0,0.0,0.0
-1.4440613,5.63031,7.379471,-0.10784185,-0.22098541,-0.37599468,0.0,0.0,0.0
-1.4333038,5.6482544,7.429718,-0.09211159,-0.20463419,-0.32368612,0.0,0.0,0.0
-1.426117,5.723633,7.462021,-0.08241284,-0.12969494,-0.29061747,0.0,0.0,0.0
-1.4177399,5.69133,7.5625153,-0.068665385,-0.16323948,-0.18825245,0.0,0.0,0.0
-1.3208313,5.572891,7.6953125,0.030131102,-0.2776208,-0.058189392,0.0,0.0,0.0
-1.257431,5.4927216,7.6079865,0.09088409,-0.35403872,-0.14880562,0.0,0.0,0.0
-1.1557312,5.4915314,7.083954,0.18911672,-0.36705065,-0.664516,0.0,0.0,0.0
-1.1521454,5.5585327,6.550354,0.19002688,-0.33745337,-1.1701579,0.0,0.0,0.0
-1.1916199,5.584854,6.6508484,0.15140498,-0.3282113,-1.0564427,0.0,0.0,0.0
-1.3399811,5.60878,7.5266266,0.004879117,-0.30069876,-0.1830945,0.0,0.0,0.0
-1.360321,5.5334015,7.7730865,-0.017501235,-0.34326315,0.03796959,0.0,0.0,0.0
-1.2789612,5.3910217,7.750351,0.060768485,-0.46834183,0.0015854836,0.0,0.0,0.0
-1.1329956,5.3276215,7.135391,0.1984204,-0.5362973,-0.611361,0.0,0.0,0.0
-1.1892395,5.458023,6.78006,0.13996744,-0.4229436,-0.95413923,0.0,0.0,0.0
-1.277771,5.580063,6.7178497,0.052420974,-0.31772184,-1.0033622,0.0,0.0,0.0
-1.3926239,5.7667084,6.8733826,-0.05410421,-0.14079714,-0.8389535,0.0,0.0,0.0
-1.4680023,5.8013916,7.381851,-0.11995232,-0.09645414,-0.33621597,0.0,0.0,0.0
-1.4273224,5.708084,7.8795624,-0.07228589,-0.16040373,0.14036846,0.0,0.0,0.0
-1.3507538,5.720047,7.951355,0.004417658,-0.12958097,0.19792032,0.0,0.0,0.0
-1.2203369,5.803787,7.540985,0.1332295,-0.046907425,-0.2119255,0.0,0.0,0.0
-1.2382813,5.87558,7.2729797,0.110329986,0.005727768,-0.46630144,0.0,0.0,0.0
-1.2047882,5.831314,7.4237366,0.13655198,-0.043511868,-0.31303406,0.0,0.0,0.0
-1.195221,5.6362915,7.878372,0.13849616,-0.23140287,0.1348753,0.0,0.0,0.0
-1.1964111,5.5836487,7.9824524,0.12770927,-0.26001787,0.21916342,0.0,0.0,0.0
-1.1030884,5.559723,7.895111,0.21249115,-0.27356243,0.12256813,0.0,0.0,0.0
-1.0695953,5.687744,7.3651123,0.2314676,-0.15128565,-0.4055605,0.0,0.0,0.0
-1.0839539,5.7463684,7.2143555,0.21081221,-0.1059289,-0.5473833,0.0,0.0,0.0
-1.2119598,5.6769714,7.2873383,0.07616103,-0.1848836,-0.46829128,0.0,0.0,0.0
-1.1928253,5.458023,7.664215,0.09154844,-0.39133024,-0.101468086,0.0,0.0,0.0
-1.195221,5.333603,7.8556366,0.08496559,-0.4949751,0.07365799,0.0,0.0,0.0
-1.1270142,5.3515472,7.5182495,0.14368701,-0.4669857,-0.27279568,0.0,0.0,0.0
-1.1174469,5.5130615,6.7010956,0.14694905,-0.3221612,-1.078484,0.0,0.0,0.0
-1.1665039,5.5381927,6.6173553,0.095392704,-0.3380561,-1.1316905,0.0,0.0,0.0
-1.2753754,5.5010986,6.789627,-0.012065291,-0.38797522,-0.94944525,0.0,0.0,0.0
-1.4117584,5.379059,7.4153595,-0.14444017,-0.5038929,-0.327713,0.0,0.0,0.0
-1.3962097,5.276169,7.4895325,-0.12013054,-0.5846009,-0.26890707,0.0,0.0,0.0
-1.3268127,5.2582245,7.453644,-0.044941068,-0.5948882,-0.3096199,0.0,0.0,0.0
-1.1401825,5.4006042,6.9918213,0.14344966,-0.4627061,-0.763453,0.0,0.0,0.0
-1.105484,5.4711914,6.8817596,0.17624795,-0.40666533,-0.86280966,0.0,0.0,0.0
-1.1006927,5.674576,6.8889313,0.1791848,-0.21737432,-0.8452287,0.0,0.0,0.0
-1.0923309,5.6937256,7.2346954,0.18324864,-0.20052147,-0.49842453,0.0,0.0,0.0
-1.1114655,5.5573273,7.7730865,0.16122866,-0.32316542,0.029027939,0.0,0.0,0.0
-1.0683899,5.5250244,7.878372,0.19948924,-0.32753754,0.11239624,0.0,0.0,0.0
-1.0348969,5.52742,7.8065796,0.22826123,-0.31124496,0.029381275,0.0,0.0,0.0
-1.0049896,5.5537415,7.5385895,0.24652779,-0.2839384,-0.24122953,0.0,0.0,0.0
-1.0588226,5.7511444,7.331604,0.18441248,-0.096416,-0.44212008,0.0,0.0,0.0
-1.2143555,5.888733,7.3495483,0.024433613,0.03415537,-0.4196024,0.0,0.0,0.0
-1.2526398,5.8827515,7.6989136,-0.012035966,0.032113552,-0.07291508,0.0,0.0,0.0
-1.4572296,5.7583313,8.143967,-0.20895362,-0.072369576,0.3583951,0.0,0.0,0.0
-1.3722839,5.6279144,8.510071,-0.11513007,-0.15329742,0.68910265,0.0,0.0,0.0
-1.138977,5.65065,8.039886,0.11086428,-0.1009078,0.19591665,0.0,0.0,0.0
-1.1724854,5.694916,7.618744,0.06603527,-0.06354666,-0.2219553,0.0,0.0,0.0
-1.228714,5.7894287,7.083954,0.011895895,0.004822731,-0.7371464,0.0,0.0,0.0
-1.3375854,5.700897,7.6175537,-0.090322256,-0.0901618,-0.19771051,0.0,0.0,0.0
-1.3962097,5.5944214,7.9573364,-0.14577818,-0.1765871,0.12775993,0.0,0.0,0.0
-1.2550354,5.436493,8.13559,-0.0015182495,-0.3048482,0.28472424,0.0,0.0,0.0
-1.1365967,5.4592285,7.573288,0.12030208,-0.27240658,-0.2841258,0.0,0.0,0.0
-1.1856384,5.4759674,7.35553,0.07479823,-0.26883364,-0.49169588,0.0,0.0,0.0
-1.302887,5.5130615,7.1413727,-0.039348245,-0.25004673,-0.6919179,0.0,0.0,0.0
-1.2801666,5.5453644,6.9140625,-0.01325345,-0.24452448,-0.89890766,0.0,0.0,0.0
-1.306488,5.54895,6.8027954,-0.032543182,-0.25978136,-0.9950309,0.0,0.0,0.0
-1.3016968,5.412567,6.776474,-0.015974998,-0.40967512,-1.0093336,0.0,0.0,0.0
-1.1605225,5.419739,7.3746796,0.13488781,-0.39325953,-0.4164276,0.0,0.0,0.0
-1.0001984,5.481964,7.4608154,0.29368556,-0.3187251,-0.33971357,0.0,0.0,0.0
-1.1186371,5.598007,7.203598,0.17760587,-0.20898771,-0.591846,0.0,0.0,0.0
-1.1425781,5.5860443,7.052841,0.1558646,-0.23723602,-0.7300787,0.0,0.0,0.0
-1.179657,5.593216,7.1976166,0.12669754,-0.24350739,-0.5739012,0.0,0.0,0.0
-1.2012024,5.4891357,7.3328094,0.11261165,-0.3482647,-0.4369421,0.0,0.0,0.0
-1.1808624,5.370697,7.505081,0.14336884,-0.46033764,-0.26768112,0.0,0.0,0.0
-1.208374,5.3563385,7.5110626,0.11976743,-0.47083187,-0.26393032,0.0,0.0,0.0
-1.1928253,5.4795685,7.064804,0.14629662,-0.364923,-0.6952901,0.0,0.0,0.0
-1.3411713,5.6434784,6.6305084,0.0138447285,-0.23108721,-1.1040764,0.0,0.0,0.0
-1.4452667,5.6243286,6.813568,-0.06966901,-0.2734294,-0.89970446,0.0,0.0,0.0
-1.5553284,5.4640045,7.2215424,-0.14872146,-0.43613052,-0.48431587,0.0,0.0,0.0
-1.426117,5.4664,7.12941,-0.009857774,-0.42206097,-0.5836067,0.0,0.0,0.0
-1.4201355,5.3683014,7.356735,-0.01518476,-0.49749184,-0.37559795,0.0,0.0,0.0
-1.3268127,5.4999084,7.636688,0.07114565,-0.34940434,-0.10938406,0.0,0.0,0.0
-1.5302124,5.633896,7.6498566,-0.13074362,-0.20442438,-0.10423231,0.0,0.0,0.0
-1.6642151,5.5657043,7.996811,-0.2575668,-0.2453003,0.22352648,0.0,0.0,0.0
-1.4560394,5.407776,8.461014,-0.054286838,-0.36442995,0.6579943,0.0,0.0,0.0
-1.3148499,5.19841,8.476578,0.06216538,-0.49971533,0.6149249,0.0,0.0,0.0
-1.3244324,5.2498474,8.364105,0.045992494,-0.4094901,0.47333717,0.0,0.0,0.0
-1.2801666,5.5322113,7.858032,0.08981049,-0.098828316,-0.0530324,0.0,0.0,0.0
-1.3256226,5.7547455,7.473984,0.041022778,0.11378145,-0.43058348,0.0,0.0,0.0
-1.4177399,5.819351,7.507477,-0.055018067,0.16600895,-0.38892078,0.0,0.0,0.0
-1.4201355,5.802597,7.6163483,-0.060155988,0.15139866,-0.2820568,0.0,0.0,0.0
-1.4392853,5.576477,7.7455597,-0.079203725,-0.06763363,-0.15789413,0.0,0.0,0.0
-1.4560394,5.514267,7.8257294,-0.09466827,-0.11374283,-0.08897591,0.0,0.0,0.0
-1.4428711,5.468796,7.816162,-0.08679509,-0.15089798,-0.1053586,0.0,0.0,0.0
-1.3052826,5.34317,7.3124695,0.04002297,-0.2867465,-0.60362625,0.0,0.0,0.0
-1.2586212,5.314453,6.9092712,0.08077991,-0.34118795,-0.98947,0.0,0.0,0.0
-1.1868439,5.34198,6.6424713,0.14941895,-0.34013557,-1.2377796,0.0,0.0,0.0
-1.1485596,5.309677,6.6592255,0.1844753,-0.40150785,-1.200531,0.0,0.0,0.0
-1.188034,5.215164,7.162918,0.14759624,-0.49249363,-0.69895935,0.0,0.0,0.0
-1.1497498,5.188843,7.636688,0.18489206,-0.49062634,-0.2457447,0.0,0.0,0.0
-1.0348969,5.193619,7.527817,0.29117823,-0.47128296,-0.36653566,0.0,0.0,0.0
-1.2945099,5.2139587,7.124634,0.025459886,-0.45336485,-0.7690034,0.0,0.0,0.0
-1.4165497,5.1349945,7.2514496,-0.08639467,-0.5378895,-0.63648224,0.0,0.0,0.0
-1.3950195,5.0895386,7.5792694,-0.05943203,-0.5675421,-0.3190875,0.0,0.0,0.0
-1.3734741,5.3120728,7.7682953,-0.03528309,-0.31059504,-0.15415621,0.0,0.0,0.0
-1.3914337,5.449646,7.6654053,-0.048045993,-0.16440153,-0.26227856,0.0,0.0,0.0
-1.4404755,5.5788727,7.3375854,-0.09285438,-0.042756557,-0.5840049,0.0,0.0,0.0
-1.5493469,5.5429688,7.3495483,-0.19403565,-0.096680164,-0.55790854,0.0,0.0,0.0
-1.6378937,5.5525513,7.4356995,-0.27266037,-0.093417645,-0.4655385,0.0,0.0,0.0
-1.5601196,5.519043,7.554138,-0.18461418,-0.13083982,-0.3425188,0.0,0.0,0.0
-1.3722839,5.4353027,7.598404,0.008173704,-0.21863937,-0.29448318,0.0,0.0,0.0
-1.2873383,5.3970184,7.475174,0.09241736,-0.2594633,-0.4160161,0.0,0.0,0.0
-1.3423767,5.432907,7.335205,0.033365965,-0.25374126,-0.5349755,0.0,0.0,0.0
-1.3567352,5.5920258,6.9188538,0.027653575,-0.14167881,-0.9155884,0.0,0.0,0.0
-1.3770752,5.605194,6.949951,0.027963877,-0.16786432,-0.8518467,0.0,0.0,0.0
-1.4033966,5.6398773,7.306488,0.017062187,-0.1374321,-0.48936796,0.0,0.0,0.0
-1.6366882,5.5322113,8.047058,-0.19565296,-0.21607685,0.23354483,0.0,0.0,0.0
-1.6785583,5.4388885,8.209778,-0.2217983,-0.28130198,0.37858057,0.0,0.0,0.0
-1.6522369,5.17807,8.239685,-0.16491127,-0.50708914,0.38874817,0.0,0.0,0.0
-1.5924225,5.2211456,8.008774,-0.091237426,-0.45265293,0.15225792,0.0,0.0,0.0
-1.6283112,5.3013,7.7647095,-0.115020394,-0.37676573,-0.0863986,0.0,0.0,0.0
-1.886734,5.581253,7.561325,-0.34026146,-0.11066103,-0.2732725,0.0,0.0,0.0
-1.7467651,5.654236,7.759918,-0.18418503,-0.032942772,-0.07492256,0.0,0.0,0.0
-1.6857452,5.64946,7.730011,-0.112053275,-0.029352188,-0.10867405,0.0,0.0,0.0
-1.6713867,5.638687,7.3627167,-0.093066335,-0.04931307,-0.46837234,0.0,0.0,0.0
-1.5744781,5.6362915,6.7704926,0.0068615675,-0.080961704,-1.0386543,0.0,0.0,0.0
-1.5852509,5.580063,6.6891327,-0.0019913912,-0.17152834,-1.0943675,0.0,0.0,0.0
-1.6701965,5.5704956,6.847061,-0.08089018,-0.20544052,-0.91715527,0.0,0.0,0.0
-1.6701965,5.593216,7.5134583,-0.0721817,-0.19258404,-0.24162102,0.0,0.0,0.0
-1.3292084,5.6243286,7.593628,0.26659286,-0.1488862,-0.1712799,0.0,0.0,0.0
-1.3914337,5.6733856,7.051651,0.19557214,-0.10941219,-0.70792675,0.0,0.0,0.0
-1.3567352,5.6267242,6.3804626,0.22469091,-0.2191267,-1.33287,0.0,0.0,0.0
-1.3663025,5.5681,6.139984,0.21362972,-0.3288555,-1.534657,0.0,0.0,0.0
-1.351944,5.4185486,6.32782,0.22801077,-0.5250869,-1.3107224,0.0,0.0,0.0
-1.3639069,5.4185486,6.7322083,0.21422756,-0.5284152,-0.9041195,0.0,0.0,0.0
-1.4225311,5.375473,7.399811,0.15045941,-0.550437,-0.25392532,0.0,0.0,0.0
-1.4667969,5.353943,7.6917267,0.102844,-0.55941486,0.027601242,0.0,0.0,0.0
-1.4847412,5.30249,7.5637054,0.07887697,-0.5834589,-0.1227169,0.0,0.0,0.0
-1.5649109,5.3204346,7.5170593,-0.0037995577,-0.5557828,-0.17731428,0.0,0.0,0.0
-1.529007,5.3611145,7.5924225,0.03235221,-0.50687265,-0.108180046,0.0,0.0,0.0
-1.5457611,5.5130615,7.5960083,0.01357615,-0.3400526,-0.11631346,0.0,0.0,0.0
-1.6043854,5.6231384,7.3459625,-0.041921616,-0.22926617,-0.36626482,0.0,0.0,0.0
-1.6366882,5.781067,7.171295,-0.06660414,-0.08272505,-0.53072834,0.0,0.0,0.0
-1.7348022,5.8743744,7.1653137,-0.15771163,0.0011472702,-0.5280843,0.0,0.0,0.0
-1.9298096,5.85524,7.5469666,-0.3402351,-0.020008564,-0.14231777,0.0,0.0,0.0
-1.9513397,5.7882385,7.636688,-0.35030353,-0.08063698,-0.05508423,0.0,0.0,0.0
-1.8496552,5.67218,7.7838593,-0.23518407,-0.18109131,0.0830102,0.0,0.0,0.0
-1.5601196,5.497513,7.8771667,0.051998377,-0.33838034,0.16264725,0.0,0.0,0.0
-1.5003052,5.4472656,7.8436737,0.10281861,-0.38240528,0.122578144,0.0,0.0,0.0
-1.3974152,5.42453,7.5804596,0.19529843,-0.4067464,-0.14157772,0.0,0.0,0.0
-1.3878326,5.403,7.4189453,0.19409204,-0.43298244,-0.30175495,0.0,0.0,0.0
-1.3651123,5.325226,7.5708923,0.20901275,-0.5002651,-0.1593194,0.0,0.0,0.0
-1.3172455,5.2666016,7.7240295,0.25076902,-0.54002714,-0.021600246,0.0,0.0,0.0
-1.3423767,5.5537415,7.473984,0.22068918,-0.23332167,-0.2872734,0.0,0.0,0.0
-1.3627167,5.6243286,7.3459625,0.19901788,-0.1651187,-0.4137845,0.0,0.0,0.0
-1.5050812,5.743973,7.1485596,0.056566954,-0.052903652,-0.6056566,0.0,0.0,0.0
-1.6594238,5.7056885,7.155731,-0.09427261,-0.10017824,-0.5910487,0.0,0.0,0.0
-1.8065796,5.617157,7.3758698,-0.23578405,-0.1875825,-0.37061262,0.0,0.0,0.0
-1.881958,5.4879456,7.7072754,-0.2993574,-0.2956543,-0.052604675,0.0,0.0,0.0
-1.8281097,5.4305115,7.9166565,-0.24063861,-0.33323717,0.14301348,0.0,0.0,0.0
-1.7407837,5.4293213,7.7682953,-0.14878654,-0.32402325,-0.012125969,0.0,0.0,0.0
-1.5469666,5.4436646,7.4356995,0.043208122,-0.31754303,-0.3392744,0.0,0.0,0.0
-1.2311096,5.469986,6.7010956,0.34500086,-0.32766247,-1.0496163,0.0,0.0,0.0
-1.2023926,5.441284,6.5072784,0.3661232,-0.38625622,-1.2225285,0.0,0.0,0.0
-1.2059784,5.4089813,6.4450684,0.35712862,-0.4418888,-1.2681928,0.0,0.0,0.0
-1.3208313,5.437683,7.0253296,0.23882508,-0.41385603,-0.6881232,0.0,0.0,0.0
-1.3615112,5.497513,7.203598,0.19654477,-0.34419155,-0.51762915,0.0,0.0,0.0
-1.3950195,5.481964,7.183258,0.16263175,-0.35347033,-0.54278994,0.0,0.0,0.0
-1.401001,5.4388885,7.2323,0.15381968,-0.3936944,-0.49647045,0.0,0.0,0.0
-1.4560394,5.441284,7.306488,0.09396434,-0.38546133,-0.4276514,0.0,0.0,0.0
-1.4667969,5.5549316,7.2598267,0.08809483,-0.27090883,-0.47401333,0.0,0.0,0.0
-1.6127625,5.6111755,7.361511,-0.047642946,-0.2130804,-0.371459,0.0,0.0,0.0
-1.4907227,5.6554413,7.627121,0.077589035,-0.15802765,-0.11331606,0.0,0.0,0.0
-1.5278168,5.69014,7.976471,0.05709982,-0.11314726,0.23177671,0.0,0.0,0.0
-1.483551,5.4807587,7.281357,0.109476924,-0.34242678,-0.44671965,0.0,0.0,0.0
-1.2729797,5.6865387,7.613968,0.3050598,-0.18801403,-0.078223705,0.0,0.0,0.0
-1.2813568,5.7021027,7.7431793,0.2739687,-0.1795311,0.051772594,0.0,0.0,0.0
-1.2789612,5.8002014,7.696518,0.24945915,-0.06803179,-0.010501862,0.0,0.0,0.0
-1.3256226,5.905487,7.574478,0.18355119,0.047822952,-0.14436579,0.0,0.0,0.0
-1.4368896,5.946167,7.5146637,0.053244352,0.10080099,-0.2171917,0.0,0.0,0.0
-1.5457611,5.7427673,7.429718,-0.07189536,-0.09571791,-0.3104496,0.0,0.0,0.0
-1.6307068,5.7140656,7.270584,-0.15536702,-0.14040709,-0.45721674,0.0,0.0,0.0
