-2.0697937,5.699707,8.377274,0.50513893,-0.45461082,0.010566711,0.4914051,-0.35977745,9.50494
-1.5553284,5.416153,8.187042,0.4313513,-0.38847065,-0.09814596,0.4136265,-0.24338341,9.465647
-1.3962097,5.1852417,7.3854523,0.3162378,-0.32379103,-0.20529842,0.29268962,-0.13098907,9.426952
-1.2801666,5.3371887,6.898514,-0.029644012,-0.20273638,-0.2737589,-0.054001987,-0.0027079582,9.46901
-1.1581268,5.3072815,6.82193,-0.17365575,-0.13556957,-0.41758394,-0.20670754,0.1334877,9.403706
-1.1581268,5.326416,6.8650055,-0.19662601,-0.13984346,-0.49706936,-0.23576874,0.17793322,9.339693
-1.2012024,5.387436,6.845871,-0.21883005,-0.18686056,-0.6406212,-0.26993835,0.22825336,9.199828
-1.2849426,5.3694916,7.167694,-0.1624251,-0.18697262,-0.6501093,-0.2150675,0.23644781,9.188734
-1.5948181,5.593216,8.151154,-0.07418066,-0.20304346,-0.6771035,-0.12983316,0.24322176,9.151528
-1.6378937,5.5860443,8.181061,-0.020006537,-0.28402805,-0.5863428,-0.07181722,0.12652636,9.171272
-1.4033966,5.8169556,7.5218353,-0.05829972,-0.32587624,-0.40998268,-0.09859431,-0.013501167,9.289179
-1.3734741,5.8133698,6.7788696,-0.038213074,-0.30103397,-0.36214685,-0.074644804,-0.022072792,9.3406315
-1.7682953,5.986847,6.57547,-1.02341175E-4,-0.26796007,-0.31211329,0.025995612,0.031770706,9.397345
-2.0566254,6.202194,6.6723785,0.057076156,-0.37012815,-0.2837739,0.023078918,-0.12344551,9.353871
-2.030304,6.24527,6.845871,0.057076156,-0.37012815,-0.2837739,0.023078918,-0.12344551,9.353871
-1.6797638,6.1674957,6.809967,-0.075137496,-0.29262877,-0.27664042,-0.106081724,-0.067788124,9.416831
-1.6283112,6.135193,6.634094,-0.075137496,-0.29262877,-0.27664042,-0.106081724,-0.067788124,9.416831
-2.0745697,6.357727,7.1030884,-0.075137496,-0.29262877,-0.27664042,-0.106081724,-0.067788124,9.416831
-2.045868,6.3684998,7.2191467,-0.0952453,-0.20503998,-0.35340548,-0.13062507,0.05003643,9.411123
-1.9058838,6.278763,7.112671,-0.13446712,-0.19389343,-0.48702526,-0.17906815,0.14107895,9.315834
-1.6953125,6.2321014,6.880554,-0.05461842,-0.22884655,-0.44671345,-0.098762274,0.08953476,9.319684
-1.9381866,6.242874,6.710678,0.0029491782,-0.25481367,-0.5204997,0.07705414,-0.097976685,9.240681
-2.045868,6.153137,6.0801697,0.014829814,-0.2562251,-0.564569,-0.039905906,0.14147568,9.204155
-1.8412781,6.275177,5.2008057,-0.028422236,-0.28649187,-0.55399275,-0.08395147,0.11162186,9.198139
-2.9742737,7.032501,5.7463684,0.07519531,-0.38440323,-0.49070263,0.01879239,-0.0035061836,9.179081
-3.6717834,6.5025024,6.4749756,0.076560736,-0.29815435,-0.3921423,-0.029597163,-0.012847424,9.309165
-3.2805634,6.5036926,6.500107,0.14535362,-0.3549285,-0.4167943,-0.098989725,-8.5258484E-4,9.248958
-2.7900238,6.604187,6.5168457,0.16847485,-0.34657383,-0.46977806,0.11547968,0.014649391,9.210297
-2.7900238,6.604187,6.5168457,0.10691249,-0.38531113,-0.35818863,0.059655547,-0.08424759,9.279831
-2.2755737,5.9102783,6.397217,0.10582286,-0.34538603,-0.28855228,0.06544036,-0.095632076,9.359074
-2.0685883,5.949753,6.695114,-0.016798854,-0.19969273,-0.24980116,-0.04632306,-0.004676342,9.489803
-2.1068878,6.0598297,6.989441,-0.021344721,-0.23761559,-0.27740145,-0.055808067,-0.017279148,9.445464
-2.2169495,5.97847,6.936798,0.019117832,-0.2496872,-0.3068447,0.015963078,0.0132956505,9.411136
-2.1128693,5.7463684,7.0372925,0.17656946,-0.35938025,-0.4049716,0.122969985,-0.033940315,9.25162
-2.005188,5.56929,7.302887,0.1806199,-0.3487482,-0.4737773,0.12238881,0.017095566,9.203789
-1.7910309,5.560913,7.3088837,0.1525678,-0.32346344,-0.46592712,0.096514285,0.032802105,9.228203
-1.8484497,5.6757813,7.4153595,0.09230596,-0.32124758,-0.3917384,0.041828215,-0.010750294,9.293509
-2.5926208,5.777466,7.500305,-0.03260106,-0.26942062,-0.36643267,-0.07787919,0.015252113,9.357624
-2.1355896,6.0155487,7.697708,-0.08456844,-0.2631235,-0.47910166,0.15736842,-0.049158573,9.278689
-2.0530396,5.674576,7.755142,-0.07946414,-0.2770877,-0.44874763,-0.13195944,0.061522007,9.293552
-1.8939209,5.6123657,7.549362,-0.08858788,-0.25052738,-0.40069628,-0.13610375,0.053166866,9.348593
-1.6295166,5.625519,7.0337067,-0.05564201,-0.22703075,-0.36991262,-0.09966749,0.052421093,9.383811
-1.7348022,5.785843,7.032501,0.040436268,-0.29343987,-0.42766142,-0.013486981,0.036015034,9.287848
-1.799408,5.81456,7.048065,0.0057532787,-0.25862217,-0.4159069,-0.044472337,0.05653715,9.322168
-1.6654053,5.7296143,7.0121613,0.05739081,-0.2610278,-0.2839465,0.01696217,-0.02789545,9.4180765
-1.5086823,5.75354,7.112671,0.13744318,-0.30093575,-0.35245943,-0.09004688,-0.008077145,9.331775
-1.503891,5.7595215,7.154541,-0.020424247,-0.25939178,-0.5063286,-0.0772357,0.11333418,9.254147
-1.4189453,5.596817,7.256241,0.01644361,-0.23641539,-0.5952678,-0.046028197,0.18729973,9.195662
-1.4703827,5.458023,7.1102753,0.050287127,-0.2951727,-0.57125807,-0.014845014,0.12674713,9.174427
-1.4787598,5.416153,7.155731,0.047135115,-0.272254,-0.44843054,-0.0069928765,0.06796503,9.28438
-1.2322998,5.3934174,7.487137,0.028746724,-0.2282052,-0.5129633,-0.027400553,0.14316988,9.263708
-1.2322998,5.4999084,7.6079865,0.10904741,-0.26511526,-0.5600791,0.04564631,0.14336777,9.195726
-1.2550354,5.571686,7.6666107,0.08040857,-0.2928834,-0.46842146,-0.0033849478,-0.06826019,9.252581
-1.2406769,5.6315155,7.4608154,0.10956991,-0.30670452,-0.21217251,0.0688723,-0.10765219,9.439557
-1.1964111,5.5501556,7.2215424,0.12798107,-0.32954073,-0.10788536,0.09379825,-0.19160986,9.504818
-1.1665039,5.572891,7.1772766,0.11187923,-0.32457352,-0.1191411,0.07699904,-0.18101215,9.501093
-1.1030884,5.4640045,7.4153595,0.01790464,-0.29721403,-0.21028042,-0.021567047,-0.10160446,9.457242
-1.0636139,5.437683,7.6941223,0.037959695,-0.32553768,-0.32021093,-0.0122567415,-0.055556774,9.351992
-0.9667053,5.3982086,7.7072754,0.03372693,-0.2936244,-0.29255676,-0.011876762,-0.047682762,9.393702
-0.91166687,5.54776,7.598404,0.036929727,-0.27197695,-0.40820646,-0.015651345,0.041601658,9.31676
-0.7573242,5.71167,7.331604,0.041957498,-0.2713008,-0.5317707,-0.019949973,0.11978912,9.220649
-0.78125,5.7224426,7.2179565,0.055945158,-0.27497482,-0.61708593,0.058921933,-0.16030836,9.150628
-0.9296112,5.8612213,7.4644165,0.06095636,-0.3050065,-0.5205097,0.027544737,-0.08289242,9.206613
-0.98464966,5.946167,7.2646027,0.02464211,-0.31455994,-0.43339014,-0.033809125,0.026102543,9.272274
-0.9714813,5.7846527,6.666397,0.022976518,-0.3039465,-0.34270763,-0.027887583,-0.022621632,9.349408
-0.982254,5.934204,6.5527496,0.06424129,-0.32513046,-0.41157818,0.006210506,0.0029764175,9.27827
-1.0648041,5.8085785,6.960724,0.038324475,-0.32359743,-0.4101119,-0.01933235,0.0035600662,9.283211
-1.2610168,5.596817,7.276581,0.022783637,-0.35804272,-0.31762695,-0.030768454,-0.08111572,9.3354025
-1.434494,5.5668945,7.4943237,-0.011727095,-0.30601406,-0.25474644,-0.055981755,-0.079592705,9.420375
-1.5086823,5.5991974,7.6869354,0.033983707,-0.3369112,-0.2986617,-0.0164209,-0.077310085,9.36211
-1.6833496,5.289337,8.277969,0.034633875,-0.30216646,-0.42909622,-0.02253449,0.03133869,9.282114
-1.7850494,5.2869415,8.615356,-1.1956692E-4,-0.3235798,-0.47358894,-0.062427938,0.043555737,9.238147
-1.2789612,5.4807587,8.938385,-0.0066592693,-0.32232666,-0.4699216,-0.068778336,0.0425992,9.242541
-0.9272156,5.4436646,8.596222,0.03170097,-0.32891607,-0.39508057,0.022106528,0.016727924,9.292344
-0.71784973,5.394623,8.084152,0.12942386,-0.3182454,-0.32689095,0.07738966,-0.0467,9.341122
-0.6029968,5.448456,7.549362,0.11682093,-0.32566452,-0.33691406,0.063446015,-0.046112537,9.330137
-0.49771118,5.642273,7.154541,0.0071561337,-0.28304625,-0.44611216,-0.05004126,0.057969093,9.283852
-0.28833008,5.7798615,6.859024,0.026765227,-0.31662846,-0.4530244,-0.034309566,0.035987377,9.255535
-0.24287415,5.8911285,6.8434753,0.0966202,-0.28713894,-0.39381504,-0.034707785,-0.031093597,9.3119755
-0.3900299,5.9844513,6.7812653,0.10910225,-0.32196474,-0.36145306,0.0537014,-0.027431011,9.31413
-0.6496582,6.0514526,6.7908325,-0.005184889,-0.26354933,-0.413383,-0.05866164,0.05347252,9.322844
-0.9296112,6.090927,6.8195496,-0.01937139,-0.2673025,-0.44532776,-0.07563579,0.07111263,9.297371
-1.076767,6.04187,6.7010956,0.07043624,-0.29977083,-0.41778755,0.012527823,0.026520729,9.288471
-1.085144,6.0873413,6.7046814,0.09793103,-0.319901,-0.3364029,-0.05386448,0.02705574,9.336053
-1.0791626,6.086151,6.8841553,0.03288734,-0.33793926,-0.33722162,-0.0220474,-0.053246498,9.331591
-0.98583984,5.79541,7.257431,0.019488335,-0.30770302,-0.3681302,-0.034875393,-0.010163307,9.327839
-0.9260254,5.7176514,7.384247,0.16725838,-0.3441391,-0.39770222,0.10653305,-0.023754597,9.265669
-0.7142639,5.618347,7.441681,0.20097518,-0.40885115,-0.4633808,-0.13378513,-0.003821373,9.170758
-0.5096741,5.7559357,7.1892395,0.10511267,-0.25939465,-0.48718596,0.04549557,0.100036144,9.255645
-0.447464,5.970093,6.9930267,-0.006226301,-0.21958542,-0.40526915,-0.05601394,0.08307791,9.356695
-0.5670929,6.0346985,7.0504456,-0.057808995,-0.21277714,-0.36394644,-0.10391319,0.063985825,9.398998
-0.8829498,5.95932,7.0384827,-0.0038040876,-0.33035183,-0.26627398,-0.054861724,-0.09057903,9.395756
-1.0839539,5.967697,6.714264,-0.023070335,-0.3411684,-0.21375561,0.030306578,0.14670372,9.432245
-1.0959167,5.909073,6.5336,-0.01020968,-0.32902098,-0.25789976,-0.06091255,-0.09517288,9.40403
-1.1353912,5.765503,6.5694885,-0.050586462,-0.28095865,-0.32883072,-0.10156423,-0.012026787,9.383369
-1.0827484,6.0430756,7.0157623,0.038469434,-0.2827506,-0.44415712,-0.02186793,0.05604458,9.282166
-1.1641083,5.720047,7.154541,0.075270295,-0.30567646,-0.487298,0.009091556,0.064210415,9.230145
-0.9176483,5.7152557,7.495514,0.09417963,-0.3103447,-0.49465847,0.026574075,0.064918995,9.219326
-0.7286072,6.08136,7.5505524,0.014937162,-0.28975153,-0.4490633,-0.046809852,0.05514288,9.276928
-0.85543823,5.89592,7.412964,0.021762013,-0.2788639,-0.36563492,-0.033111632,0.011013031,9.34762
-1.0983124,5.593216,7.348358,0.06352055,-0.31671953,-0.36280155,0.0044531226,-0.021805763,9.321392
-1.0636139,5.996414,7.166504,0.09653783,-0.30950832,-0.34052038,0.038896322,-0.031300068,9.3391285
-1.1198425,5.819351,7.4033966,0.015802622,-0.2626052,-0.6661029,-0.060600728,0.2143135,9.125988
-1.0899353,5.7846527,7.328018,0.041221738,-0.26898193,-0.67336655,-0.037702233,0.2142334,9.113718
-1.2299042,5.757126,7.2311096,0.15455925,-0.3380437,-0.36258173,-0.0965029,0.009029388,9.29652
-1.2155609,5.8049927,7.1186523,0.2103101,-0.3705964,-0.1836195,0.15301949,-0.18028784,9.40744
-1.1641083,5.819351,7.1389923,0.20188165,-0.37470388,-0.11254215,0.14965624,-0.22853804,9.4614
-1.1018982,5.7547455,7.204788,0.093609214,-0.33316135,-0.15069962,0.044177294,-0.1680088,9.471552
-1.1102753,5.745163,7.298111,0.026491046,-0.33652735,-0.42508173,-0.044019103,0.0047926903,9.265644
-1.0492554,5.7918243,7.451248,0.0031210184,-0.28084326,-0.41927004,-0.060610652,0.0458436,9.307758
-1.0265198,5.85524,7.5194397,0.007928848,-0.29335928,-0.39970493,-0.057162642,0.024559498,9.3147
-1.0253296,5.810974,7.507477,0.052291512,-0.2984047,-0.39652252,-0.013899922,0.016852856,9.308119
-0.9559326,5.7762756,7.441681,0.04968655,-0.2796197,-0.40961552,0.028873682,-0.0318141,9.310066
-0.95114136,5.807373,7.310074,0.084825635,-0.31245518,-0.51066446,0.0072855353,0.07719278,9.206993
-1.0468597,5.846863,7.290924,0.0974555,-0.3153739,-0.43796825,0.024657488,0.028645992,9.259525
-1.1485596,5.8911285,7.389038,0.08955288,-0.2819395,-0.38455868,0.024785817,0.021107674,9.322568
-1.1126556,5.8612213,7.463211,0.02614355,-0.28620577,-0.29434967,-0.031704903,-0.036427975,9.3981085
-1.1114655,5.790634,7.434494,0.05051589,-0.28011703,-0.31578112,-0.0087323785,-0.019402027,9.382053
-0.96191406,5.9772644,7.3495483,0.044067144,-0.2968607,-0.32579136,0.007178545,0.03061533,9.364815
-0.9559326,6.0358887,6.990631,0.03484249,-0.2994151,-0.34910154,-0.02955556,-0.012374401,9.346533
-1.0241241,5.8492584,7.1940155,-0.03318703,-0.27760124,-0.36129713,-0.0952099,0.0155649185,9.360116
-0.99302673,5.9641113,7.142578,0.079977274,-0.29833603,-0.40492153,0.010648608,0.021909714,9.297956
-0.96191406,5.9641113,7.453644,0.04859793,-0.30248356,-0.47701836,-0.026626408,0.06631899,9.244247
-0.9906311,5.761917,7.276581,0.05756116,-0.2965312,-0.56611156,-0.024254203,0.12744045,9.178241
-0.948761,5.9126587,7.318451,0.0027204752,-0.27801657,-0.44071627,-0.06653261,0.06489754,9.293919
-0.90089417,6.050247,7.228714,-0.001131773,-0.3007388,-0.31566572,-0.0632081,-0.032113075,9.376461
-0.9798584,5.9353943,7.368698,0.102023125,-0.32339478,-0.24051857,0.04230243,-0.10247946,9.405963
-1.0576324,5.9413757,7.277771,0.089215994,-0.31843185,-0.28560162,0.026676536,-0.06977272,9.376132
-1.1006927,5.9689026,7.034897,-0.04847896,-0.304039,-0.40561914,-0.11754966,0.023461819,9.311728
-1.0624084,6.0131683,6.9463654,-0.003083825,-0.28212118,-0.32396555,-0.06371194,-0.013061047,9.382002
-1.0420685,6.0598297,7.043274,0.08265662,-0.39883137,-0.25864744,0.011992335,-0.14863634,9.347781
-1.0169525,6.06221,7.0456696,0.27746713,-0.32430172,-0.29762316,-0.22381258,-0.0056352615,9.336952
-0.9882355,6.04187,7.0289154,0.44987333,-0.43114614,-0.24168968,-0.4200127,0.05359316,9.289539
-0.9272156,6.037094,7.0468597,0.38329387,-0.5048461,0.15075827,0.32916504,-0.5028615,9.555069
-0.9056854,5.95932,7.068405,1.3655385,-0.99595165,0.9588008,1.2877821,-1.4529564,9.726345
-0.8721771,5.93779,7.125824,1.7268895,-1.2727995,0.7328024,1.5631863,-1.5589528,9.291596
-0.94636536,5.950943,7.2729797,1.186022,-0.9436002,0.60958385,0.963791,-1.2544103,9.398994
-0.9942169,5.9844513,7.294525,0.60072684,-0.7052417,0.5314822,0.42999643,-0.9469576,9.563576
-0.9942169,5.983246,7.2550354,0.3676288,-0.5429168,0.017957687,0.14704302,-0.4204688,9.325177
-1.0049896,5.991623,7.2131653,0.41780257,-0.473701,-0.30747175,0.16848978,-0.10489464,9.132782
-1.0337067,5.995224,7.25264,0.5159769,-0.6281967,-0.07222557,0.18672329,-0.35622168,9.096496
-1.0241241,6.023926,6.9643097,-0.5434785,-0.37569904,-1.3776717,1.3283539,-0.38744926,9.158687
-1.0695953,6.0335083,6.9882355,-0.8366475,-0.25738478,-2.6901994,-1.1126097,2.467349,8.983433
-1.0779724,6.02034,7.022934,-0.6823554,-0.20969725,-2.6152854,-0.9415862,2.446641,9.116244
-1.1629181,6.045471,7.044464,-0.6122103,-0.12873268,-1.9545212,-0.75326145,1.8784516,9.466734
-1.0863342,6.0478516,7.0492554,-0.49335766,-0.26586103,-1.0875571,-0.6465882,1.0100486,9.564595
-1.0731812,6.049057,7.00618,-0.13260031,-0.47956228,-0.16999602,0.3189956,0.23251045,9.459316
-1.0588226,6.0311127,7.0408783,-0.24409056,-0.66106606,0.14016318,-0.5678076,-0.27898097,9.466065
-1.0085754,6.0753784,7.080368,-0.49611282,-0.31007576,-0.93578005,-0.63500315,0.8840724,9.62459
-1.0097656,6.0478516,7.0743866,-0.43618965,-0.27091932,-0.9948027,-0.5627275,0.9511421,9.627884
-1.0121613,6.011963,7.1820526,-0.47054625,-0.30013418,-1.0129061,-0.60333854,0.97285575,9.642312
-0.9918213,6.016754,7.133011,-0.77583075,-0.29124928,-0.9457935,1.2499743,-0.119089305,9.874817
-0.9918213,6.025131,7.076767,-0.7011328,-0.2645936,-0.87930834,-0.7447384,0.8805761,9.875433
-1.0576324,6.0394897,7.1282196,-0.20934153,-0.43154192,-0.5696589,-0.44698885,0.51348567,9.5048275
-1.1318054,6.0311127,7.1234283,-0.84069014,-0.17227507,-5.9358287,4.698496,-3.6805146,9.216353
-1.1760712,6.0023956,7.1449738,-1.0788941,-0.26947594,-3.4557006,3.1661081,-1.774885,9.743071
-1.1928253,6.0,7.0827484,-0.8796644,-0.22547436,-2.4748268,2.3409464,-1.2119882,9.784944
-1.0528412,5.9940186,7.0289154,-1.0910635,-0.15544319,-1.5974398,-0.9764244,1.6560122,10.072385
-0.96310425,6.016754,7.0695953,-1.328196,0.018150806,-1.1968391,-1.0552012,1.309782,10.41318
-0.8889313,6.0179443,7.208374,-1.7078366,0.2068162,-0.17609978,-1.2145635,0.3762673,10.978719
-0.96191406,5.9892426,7.2634125,-1.5526948,-0.05823517,0.2265997,0.8519633,0.9172287,10.754517
-0.9870453,5.9641113,7.298111,-1.1593671,-0.20340252,-0.323673,1.0340557,0.46609497,10.2580385
-1.0444641,6.0143585,7.2179565,-0.8122759,-0.47988653,-0.33345413,-0.9627702,0.2724011,9.7946005
-1.0456696,6.0227356,7.1282196,-0.22953224,-0.8078122,-0.24793363,-0.6531582,0.0033478737,9.223477
-1.0671997,6.0095673,7.1162567,0.43168068,-1.0435243,-0.279665,-0.20030373,-0.19990087,8.67819
-0.99661255,5.983246,6.982254,0.7189641,-1.0428257,-0.27421618,0.104742914,-0.3386836,8.560091
-0.9834442,5.983246,6.8614197,0.8767562,-0.95366716,-0.29077196,0.32044378,-0.37313557,8.573436
-0.99780273,5.983246,6.896118,0.89401174,-0.8215637,-0.6925006,0.41289562,-0.03365445,8.471672
-0.9750824,5.9689026,7.100708,0.86400366,-0.78001165,-0.45378733,0.44239435,-0.24059963,8.663304
-0.9798584,5.954544,7.326828,0.68245125,-0.62152386,-0.17932606,-0.5137656,0.10550904,9.0262
-1.0157471,5.9820557,7.401001,0.5619683,-0.6195226,-0.19307375,0.278345,-0.34271383,9.070468
-1.1294098,6.0550385,7.4847565,0.24312067,-0.56572294,-0.08984566,0.02199471,-0.34230852,9.287456
-1.1676941,5.9844513,7.257431,0.063426256,-0.4286785,0.23326254,-0.07172635,-0.46438313,9.660353
-1.036087,5.9437714,7.060028,-0.17276335,-0.28897715,0.24079323,-0.23928836,-0.336627,9.834213
-0.95114136,6.0023956,6.8231354,-0.2167046,-0.31506205,0.14428759,-0.29424244,-0.28033447,9.763321
-0.86260986,6.06102,6.7633057,-0.13788795,-0.39879942,0.23353386,-0.23547524,-0.41789913,9.756613
-0.83987427,6.057434,7.0169525,-0.13946295,-0.315197,0.16551733,-0.2086125,-0.31765127,9.76454
-1.0265198,6.0478516,7.434494,-0.07680917,-0.31217337,-0.048687458,-0.15992445,-0.18593025,9.593164
-1.0552368,6.0346985,7.434494,0.06847453,-0.4017067,-0.24878216,-0.0139606,0.15697551,9.355968
-1.1222382,6.04187,7.274185,0.09213996,-0.38995504,-0.30690145,-0.024558514,-0.109447,9.31455
-1.0827484,5.954544,7.1150513,0.23692298,-0.35112524,-0.24870968,0.13427901,-0.13948727,9.355217
-1.0432739,5.9808655,6.8937225,0.29102552,-0.3455658,-0.3655963,0.1826694,-0.06904125,9.259258
-1.0384827,6.007187,6.7609253,0.23856008,-0.27346373,-0.35458612,-0.14509892,-0.04472065,9.322533
-0.89372253,6.1459656,6.6723785,0.25961912,-0.26743317,-0.25346756,0.18158245,-0.076796055,9.401313
-0.7908325,6.1172485,6.9355927,0.32391536,-0.25160313,-0.23109245,0.25010645,-0.08594704,9.417177
-0.75971985,6.04068,7.249054,0.32229495,-0.27007675,-0.42759466,0.23137644,0.024429798,9.253912
-0.8279114,6.0634155,7.35553,0.20963109,-0.25545168,-0.45344687,0.122284025,0.0651803,9.262947
-0.97387695,6.0012054,7.3208466,0.1957016,-0.2182064,-0.45427275,-0.06933069,-0.1346221,9.287664
-1.036087,5.9820557,7.1593323,0.19666135,-0.2451315,-0.44128275,0.112407565,0.06910133,9.281212
-1.1234283,5.970093,7.0875397,0.11688316,-0.21853685,-0.45064878,0.039218366,0.104748726,9.304661
-1.2263184,5.921036,7.043274,0.08909011,-0.22963905,-0.48588228,0.007648498,0.12214613,9.2758255
-1.199997,5.9856415,7.12941,0.054393172,-0.21888256,-0.4652896,-0.022248626,0.12122774,9.304483
-1.1353912,6.089737,7.1162567,0.035191417,-0.23108435,-0.3750167,-0.037041098,0.0567832,9.369982
-0.99302673,6.065811,7.2059784,0.028646827,-0.25755835,-0.44015455,-0.05335468,0.07897949,9.304846
-0.94636536,5.974884,7.174881,-0.02166295,-0.24124384,-0.4742365,-0.10188842,0.11959934,9.297845
-0.94755554,5.9856415,7.0660095,-0.100782156,-0.20046377,-0.52257156,-0.17431721,0.19092607,9.300108
-0.8925171,5.99881,6.9152527,-0.0574013,-0.21986866,-0.40629673,-0.12803501,0.098049164,9.369948
-0.89730835,6.0394897,6.896118,-0.058764458,-0.23417807,-0.41122103,-0.13261575,0.09105396,9.357744
-0.9056854,6.1004944,7.073181,-0.05462289,-0.20630264,-0.52863216,0.1967156,-0.11746764,9.284635
-0.93200684,6.0765686,7.3830566,-0.022309065,-0.23389196,-0.55076504,-0.10687438,0.17857265,9.2451935
-0.96310425,6.0873413,7.4488525,-0.0064662695,-0.2616248,-0.5212884,-0.095071316,0.13709259,9.247725
-0.982254,6.0394897,7.3986053,0.040289164,-0.2757311,-0.50009346,-0.050928354,0.107616425,9.246678
-1.0205383,6.0215454,7.0612183,0.020007133,-0.27627754,-0.5102973,-0.07161108,0.116351604,9.242321
-1.0887299,6.0227356,6.8566284,0.015354633,-0.2486782,-0.455853,-0.06695777,0.10295391,9.301877
-1.1150513,6.045471,6.8638153,0.08779621,-0.22401142,-0.40528727,0.012001097,0.08077526,9.342454
-1.1174469,6.06102,6.8315125,0.06610143,-0.28211784,-0.41328812,-0.022190154,0.044524193,9.304363
-1.0456696,6.04068,6.9678955,0.048779845,-0.26384258,-0.37055397,-0.032489687,0.032687664,9.351481
-0.9403839,6.0634155,7.1736755,0.020126462,-0.20636415,-0.32466984,0.061508417,-0.02776575,9.427378
-0.90089417,6.050247,7.179657,0.017481089,-0.2824564,-0.32100964,-0.06358999,-0.009804726,9.383573
-0.8410797,6.037094,7.227524,0.08596325,-0.3080759,-0.39605808,-0.0070296824,0.011143208,9.297742
-0.86979675,6.0095673,7.2191467,0.08101237,-0.2506857,-0.39373207,3.1739473E-4,0.053884506,9.335983
-0.92123413,5.922241,7.204788,0.046164036,-0.2507801,-0.4691167,-0.038728535,0.10649395,9.284873
-1.0157471,5.8923187,6.977478,0.06165254,-0.23744345,-0.40530062,0.043912172,-0.06163931,9.338974
-1.0348969,5.934204,6.928421,0.0919013,-0.27356434,-0.3745699,0.008046538,0.023234367,9.334441
-1.0408783,6.1244354,7.1114655,0.07361233,-0.33786058,-0.37763834,-0.023056686,-0.021549702,9.295589
-1.0456696,6.0586243,7.2957153,0.04491055,-0.27750587,-0.41384363,-0.04105082,0.050691605,9.310629
-1.0253296,6.023926,7.281357,0.09905076,-0.21425056,-0.4927845,0.019536138,0.14325666,9.279728
-1.0636139,5.9605255,7.12941,0.07707918,-0.23282623,-0.46964502,-0.0038324594,0.11696482,9.289911
-1.02771,6.037094,6.9559326,0.08031976,-0.280344,-0.4531951,-0.009167165,0.07009745,9.272393
-0.9499512,6.0765686,6.929611,0.055983067,-0.29595947,-0.41289425,-0.033507705,0.035131454,9.297876
-0.88653564,6.0538483,7.024124,-0.012688875,-0.27597952,-0.39387512,-0.09548646,0.045691013,9.337334
-0.89611816,5.988037,7.0899353,0.041026354,-0.30532122,-0.37175083,-0.04767528,0.003121376,9.326212
-0.948761,6.057434,7.2514496,0.06068659,-0.30378485,-0.3830595,0.03045082,0.0021891594,9.314949
-0.899704,6.0885315,7.2323,0.105700016,-0.3074398,-0.43187952,0.010734558,0.032784462,9.267186
-0.83509827,5.991623,7.2550354,0.07120323,-0.1990161,-0.36862803,0.0036329627,0.0781641,9.388989
-0.830307,5.986847,7.3292084,0.03360057,-0.21092701,-0.32005167,-0.03194478,0.04199505,9.42551
-0.8841553,5.954544,7.301697,0.11945033,-0.2648096,-0.30486822,0.042135328,-0.01832056,9.38805
-1.0612183,6.0634155,7.117447,0.1467551,-0.31646585,-0.2636757,-0.090114355,0.05779791,9.382678
-1.2047882,6.028717,7.056427,0.10818148,-0.29522657,-0.22840357,0.031221986,-0.0898633,9.429849
-1.1353912,5.91745,7.1892395,0.10184145,-0.3005433,-0.2464261,0.023294866,-0.08195305,9.414012
-1.1018982,5.93779,7.2023926,0.10726476,-0.3264737,-0.3546791,0.016251832,-0.033006668,9.314172
-1.076767,5.988037,7.1449738,0.10126376,-0.28018284,-0.4942317,0.010061115,0.092567444,9.237132
-1.0061798,5.9976044,7.08873,0.079116225,-0.23862219,-0.52056694,-0.004999399,0.14409304,9.246828
-0.89849854,5.946167,7.0947266,0.16083467,-0.2640648,-0.4288149,0.07683337,0.057737827,9.286802
-0.7573242,5.9557343,7.063614,0.20533049,-0.30093575,-0.46458817,-0.08520818,-0.08624005,9.228838
-0.7884369,5.9856415,7.101898,0.20017898,-0.32711267,-0.45039082,-0.08896303,-0.056791306,9.224597
-0.77168274,6.0095673,7.220337,0.08478761,-0.2924676,-0.43814754,0.019671679,-0.045360565,9.275373
-0.850647,5.934204,7.278961,0.071998,-0.30150747,-0.42591333,-0.014072359,0.035607338,9.281269
-0.9056854,5.942581,7.281357,0.22893977,-0.3148408,-0.33691216,0.14480662,-0.04646778,9.314796
-0.99302673,5.9485626,7.1030884,0.24668908,-0.34251976,-0.29863644,0.16188103,-0.09381819,9.324621
-1.0504456,5.9653015,7.021744,0.28564346,-0.34774446,-0.3333063,0.19773817,-0.07897377,9.288698
-1.0408783,5.949753,6.9463654,0.19566524,-0.35726547,-0.32859516,-0.1309017,0.0382576,9.30138
-0.9690857,5.949753,6.948761,0.20332825,-0.29182863,-0.40389204,0.12272978,0.016142845,9.282902
-0.8913269,5.976074,7.0372925,0.20988286,-0.3789649,-0.4939947,0.109244406,0.0064969063,9.158793
-0.8638153,6.029907,7.0827484,0.22083724,-0.36398554,-0.4873252,0.12352085,0.013147354,9.171583
-0.825531,6.0598297,7.178467,0.32507658,-0.35195732,-0.4457569,0.23198289,-0.011518955,9.194851
-0.8291168,5.9808655,7.1808624,0.33956087,-0.30124378,-0.43563223,0.25634474,0.02070713,9.232469
-0.7992096,5.949753,7.1928253,0.4232831,-0.35693264,-0.41858387,0.33330452,-0.03802204,9.198995
-0.80996704,5.9653015,7.134201,0.47596502,-0.35465097,-0.44822693,0.3856297,-0.019031525,9.170919
-0.77526855,6.065811,7.056427,0.4374299,-0.31793213,-0.3718753,0.3602091,-0.035526276,9.259197
-0.76091003,6.0801697,7.0492554,0.4650786,-0.35019732,-0.32198572,0.3888241,-0.093176365,9.274912
-0.79441833,6.0873413,7.130615,0.48116016,-0.30502224,-0.3260808,-0.40822077,-0.082742214,9.299312
-1.1066742,5.9844513,7.347168,0.49384546,-0.32454205,-0.28101063,0.42772293,-0.0975194,9.32114
-1.2442627,5.9078827,7.3663025,0.41419363,-0.3030162,-0.25574732,0.35528672,-0.091673374,9.366027
-1.5481567,5.7870483,7.2729797,0.42007136,-0.2532978,-0.24672985,0.36945653,-0.057911873,9.404602
-1.4979095,5.7846527,7.2502594,0.4489435,-0.256505,-0.23640299,0.40089625,-0.06672287,9.40908
-0.97746277,6.1567383,6.06102,0.08244288,-0.25046062,-1.2870946,-0.04643359,-0.6567235,8.669683
-1.1018982,5.9102783,6.3589325,-0.038947225,-0.49028683,-0.9945216,0.0,0.0,0.0
-1.0348969,6.01915,6.604187,0.026942253,-0.30801344,-0.81267834,0.0,0.0,0.0
-1.1162567,5.863617,6.777664,-0.037319064,-0.40086603,-0.68976736,0.0,0.0,0.0
-1.2059784,5.9234314,7.4644165,-0.109921455,-0.27981472,-0.051486015,0.0,0.0,0.0
-1.0875397,5.9066772,7.5888367,0.0076042414,-0.241961,0.02806282,0.0,0.0,0.0
-0.88653564,5.810974,7.6785736,0.19394565,-0.2579713,0.051591873,0.0,0.0,0.0
-0.9020996,5.65065,7.7946167,0.16877878,-0.3594308,0.119817734,0.0,0.0,0.0
-0.8901367,5.620743,7.7359924,0.16589677,-0.3598628,0.03615284,0.0,0.0,0.0
-0.81355286,5.724823,7.552948,0.22326899,-0.23914051,-0.16239548,0.0,0.0,0.0
-0.8111725,5.6446686,7.314865,0.20148921,-0.31223202,-0.40913916,0.0,0.0,0.0
-0.8195343,5.617157,7.269394,0.18743157,-0.33834314,-0.45643473,0.0,0.0,0.0
-0.98464966,5.641083,7.4237366,0.024490118,-0.31037664,-0.30492115,0.0,0.0,0.0
-1.076767,5.60878,7.523041,-0.060126662,-0.3332715,-0.2118702,0.0,0.0,0.0
-1.2442627,5.6327057,7.4990997,-0.21860683,-0.3037033,-0.23895311,0.0,0.0,0.0
-1.2669983,5.65065,7.4775696,-0.23291993,-0.27977753,-0.26394796,0.0,0.0,0.0
-1.2933197,5.6937256,7.4356995,-0.24825478,-0.23116875,-0.30857944,0.0,0.0,0.0
-1.2897339,5.638687,7.265808,-0.23566532,-0.28830862,-0.4756422,0.0,0.0,0.0
-1.199997,5.5860443,7.171295,-0.13507259,-0.34389114,-0.56641674,0.0,0.0,0.0
-1.134201,5.4340973,7.361511,-0.054599762,-0.4889698,-0.37942696,0.0,0.0,0.0
-1.0061798,5.3563385,7.4811554,0.09856999,-0.5413661,-0.2755828,0.0,0.0,0.0
-1.0648041,5.5621185,7.5086823,0.08067918,-0.34031868,-0.23854303,0.0,0.0,0.0
-0.948761,5.474777,6.9140625,0.2501552,-0.46653605,-0.79526854,0.0,0.0,0.0
-0.84347534,5.5788727,6.5862427,0.38875425,-0.37619257,-1.1072092,0.0,0.0,0.0
-1.2251282,5.572891,6.798004,0.052676916,-0.3716178,-0.89617634,0.0,0.0,0.0
-1.3698883,5.42453,7.220337,-0.0262779,-0.47613811,-0.49634743,0.0,0.0,0.0
-1.7144623,5.551346,8.15593,-0.3013376,-0.2593937,0.3836217,0.0,0.0,0.0
-1.7479553,5.8289185,8.645264,-0.31605816,0.13347769,0.79147387,0.0,0.0,0.0
-1.8592224,5.9724884,8.740982,-0.43147016,0.3189602,0.85621595,0.0,0.0,0.0
-1.6115723,5.9066772,7.7359924,-0.21166062,0.23929596,-0.14381886,0.0,0.0,0.0
-1.6510468,5.831314,7.314865,-0.26975834,0.11502123,-0.5328369,0.0,0.0,0.0
-1.7060852,5.67218,6.744171,-0.34256566,-0.10900211,-1.0589776,0.0,0.0,0.0
-1.524231,5.42453,6.6137543,-0.16831923,-0.3856058,-1.1691895,0.0,0.0,0.0
-1.3686981,5.276169,6.665207,-0.01686263,-0.5537338,-1.1036515,0.0,0.0,0.0
-1.2873383,5.2749786,7.0408783,0.06484091,-0.5661125,-0.7195115,0.0,0.0,0.0
-1.257431,5.145767,7.643875,0.09509349,-0.6880379,-0.12193346,0.0,0.0,0.0
-1.2335052,5.21875,8.054245,0.10644829,-0.5719862,0.25409842,0.0,0.0,0.0
-1.3136597,5.289337,8.419144,0.011387825,-0.4524846,0.5803857,0.0,0.0,0.0
-1.3052826,5.4305115,8.295914,0.009479046,-0.29631805,0.44446707,0.0,0.0,0.0
-1.3016968,5.461624,8.114059,-0.009376049,-0.27693987,0.26745605,0.0,0.0,0.0
-1.1018982,5.5298157,7.523041,0.16472208,-0.2298975,-0.3122487,0.0,0.0,0.0
-0.9499512,5.5944214,7.4404755,0.27977848,-0.1957016,-0.3782606,0.0,0.0,0.0
-0.9678955,5.58963,7.195221,0.24602866,-0.2227211,-0.6094794,0.0,0.0,0.0
-0.9870453,5.637497,7.002594,0.22597003,-0.20417118,-0.7803292,0.0,0.0,0.0
-1.0636139,5.667404,6.933197,0.15502214,-0.19079065,-0.8364148,0.0,0.0,0.0
-1.1892395,5.749954,7.064804,0.037590742,-0.117384434,-0.6966138,0.0,0.0,0.0
-1.298111,5.797806,7.142578,-0.060970545,-0.07302332,-0.614563,0.0,0.0,0.0
-1.3531342,5.81456,7.319641,-0.09806883,-0.059852123,-0.43190575,0.0,0.0,0.0
-1.3244324,5.8002014,7.3411865,-0.055851936,-0.07985592,-0.40387726,0.0,0.0,0.0
-1.2466583,5.7547455,7.2873383,0.026349068,-0.13334465,-0.4508934,0.0,0.0,0.0
-1.0695953,5.704483,7.276581,0.20917165,-0.1961441,-0.4511447,0.0,0.0,0.0
-1.1042938,5.8456726,7.204788,0.18253112,-0.06950426,-0.5104661,0.0,0.0,0.0
-1.188034,5.571686,7.258621,0.1272546,-0.36986542,-0.43152618,0.0,0.0,0.0
-1.3076782,5.6602173,7.307678,0.021548986,-0.31218052,-0.35613346,0.0,0.0,0.0
-1.1306152,5.77507,7.5134583,0.16485584,-0.25563574,-0.11036873,0.0,0.0,0.0
-1.0743713,6.16391,7.652252,0.17921221,0.11318207,0.03729248,0.0,0.0,0.0
-1.1533356,6.050247,7.473984,0.037156463,-0.015288353,-0.13932037,0.0,0.0,0.0
-1.1676941,6.0143585,7.171295,-0.008077025,-0.058125496,-0.44123507,0.0,0.0,0.0
-1.2071838,5.9365997,6.9176483,-0.07612574,-0.15502834,-0.68387556,0.0,0.0,0.0
-1.1521454,5.922241,6.629318,-0.039684296,-0.19693565,-0.95279837,0.0,0.0,0.0
-1.1425781,5.946167,6.7130585,-0.048199415,-0.1948328,-0.8540306,0.0,0.0,0.0
-1.1365967,5.949753,6.886551,-0.057189822,-0.19417953,-0.6803088,0.0,0.0,0.0
-1.0636139,5.8707886,7.019348,0.019152522,-0.26798725,-0.55121565,0.0,0.0,0.0
-1.0121613,5.921036,7.0899353,0.07777393,-0.21597767,-0.48102856,0.0,0.0,0.0
-1.022934,5.949753,7.2335052,0.07270777,-0.18050289,-0.34210873,0.0,0.0,0.0
-1.0707855,5.909073,7.502701,0.030905366,-0.21017075,-0.080934525,0.0,0.0,0.0
-1.1521454,5.785843,7.507477,-0.03759539,-0.30848408,-0.09432173,0.0,0.0,0.0
-1.1605225,5.7391815,7.363907,-0.045869112,-0.344975,-0.24601936,0.0,0.0,0.0
-1.1329956,5.8659973,7.0540466,-0.024130702,-0.22018719,-0.5551033,0.0,0.0,0.0
-1.0612183,5.8911285,7.083954,0.044160366,-0.19974804,-0.52194834,0.0,0.0,0.0
-0.9607239,5.8408813,7.196411,0.13931632,-0.25030613,-0.41001558,0.0,0.0,0.0
-0.89849854,5.770294,7.3088837,0.20026755,-0.3112445,-0.30544376,0.0,0.0,0.0
-1.02771,5.749954,7.3136597,0.07622635,-0.32277775,-0.30694628,0.0,0.0,0.0
-1.0791626,5.75235,6.9882355,0.03518474,-0.31676674,-0.6337352,0.0,0.0,0.0
-1.1042938,5.7762756,6.8925323,0.03674519,-0.29441023,-0.72423744,0.0,0.0,0.0
-1.036087,5.478363,7.2753754,0.14953268,-0.61232424,-0.31858397,0.0,0.0,0.0
-1.1629181,5.6554413,7.4237366,0.06680977,-0.45674133,-0.14589882,0.0,0.0,0.0
-1.2275238,5.7475586,7.473984,0.01201582,-0.36211777,-0.09607458,0.0,0.0,0.0
-1.3124695,5.900696,7.9094696,-0.07139468,-0.15330982,0.29506636,0.0,0.0,0.0
-1.4309082,5.687744,8.214554,-0.19048321,-0.3043871,0.55125856,0.0,0.0,0.0
-1.5146637,5.7475586,7.5876465,-0.27300048,-0.21739054,-0.09662628,0.0,0.0,0.0
-1.5182495,5.6817627,6.9224396,-0.27193725,-0.29985857,-0.7481079,0.0,0.0,0.0
-1.3639069,5.6781616,6.9798584,-0.12171531,-0.31986094,-0.6785402,0.0,0.0,0.0
-1.1988068,5.6362915,7.1485596,0.029803872,-0.36420488,-0.51009226,0.0,0.0,0.0
-1.1365967,5.6650085,7.1198425,0.08879602,-0.33350325,-0.5408788,0.0,0.0,0.0
-1.0791626,5.7188416,7.104294,0.14404178,-0.2819295,-0.5550084,0.0,0.0,0.0
-1.0600128,5.728424,7.261017,0.15205681,-0.2707157,-0.40133238,0.0,0.0,0.0
-1.0624084,5.7272186,7.512268,0.13850188,-0.2607851,-0.16054201,0.0,0.0,0.0
-1.0660095,5.7104645,7.6737823,0.12118149,-0.2586198,-0.015886307,0.0,0.0,0.0
-1.105484,5.6985016,7.590027,0.0769608,-0.2647705,-0.10488081,0.0,0.0,0.0
-1.3268127,5.67218,7.4368896,-0.14630473,-0.28813267,-0.26060724,0.0,0.0,0.0
-1.2969055,5.699707,7.421341,-0.123146534,-0.26095772,-0.27691603,0.0,0.0,0.0
-1.2095642,5.6769714,7.261017,-0.045480132,-0.29190826,-0.43234253,0.0,0.0,0.0
-1.199997,5.6698,7.0995026,-0.03601837,-0.30797005,-0.58696604,0.0,0.0,0.0
-1.105484,5.6195374,7.540985,0.058597088,-0.36113453,-0.14321089,0.0,0.0,0.0
-1.0348969,5.6698,7.853241,0.1270945,-0.3017912,0.16167021,0.0,0.0,0.0
-0.99661255,5.9019012,7.9609222,0.18618155,-0.09713411,0.29391766,0.0,0.0,0.0
-0.90808105,6.1950226,6.933197,0.27118897,0.045811653,-0.6144457,0.0,0.0,0.0
-1.0600128,6.1579285,6.82193,0.09939444,-0.07097101,-0.663187,0.0,0.0,0.0
-1.1413727,5.9533386,7.417755,-0.013808489,-0.28232956,-0.066590786,0.0,0.0,0.0
-0.9451599,5.9126587,7.442871,0.15606272,-0.30318546,-0.06185913,0.0,0.0,0.0
-1.2598267,5.7379913,7.1437683,-0.19856751,-0.39790392,-0.43217468,0.0,0.0,0.0
-1.2729797,5.9641113,6.489334,-0.18701863,-0.20850325,-1.0532055,0.0,0.0,0.0
-1.1629181,6.049057,5.9940186,-0.0652076,-0.17712593,-1.5026517,0.0,0.0,0.0
-1.2095642,5.9653015,6.4247284,-0.09927344,-0.28457975,-1.0503392,0.0,0.0,0.0
-1.0504456,5.921036,7.372284,0.06117046,-0.2967825,-0.12927818,0.0,0.0,0.0
-1.056427,5.9437714,7.648651,0.060799718,-0.22872782,0.110584736,0.0,0.0,0.0
-1.0887299,5.97847,7.4811554,0.046609282,-0.16952562,-0.07421017,0.0,0.0,0.0
-1.0911255,5.87677,7.3088837,0.05282104,-0.26746035,-0.24824572,0.0,0.0,0.0
-1.0995026,5.848053,7.429718,0.039386034,-0.28516197,-0.13711739,0.0,0.0,0.0
-1.0923309,5.87677,7.4368896,0.03893745,-0.23957443,-0.14473009,0.0,0.0,0.0
-1.1066742,5.922241,7.2311096,0.024204731,-0.18169737,-0.360559,0.0,0.0,0.0
-1.0671997,5.860016,7.1401825,0.061717033,-0.25190067,-0.44535732,0.0,0.0,0.0
-1.0420685,5.8169556,7.2514496,0.084881544,-0.2936349,-0.33545065,0.0,0.0,0.0
-1.0265198,5.799011,7.372284,0.09947693,-0.30815887,-0.21751165,0.0,0.0,0.0
-1.1377869,5.8456726,7.3986053,-0.006316304,-0.2455368,-0.20319223,0.0,0.0,0.0
-1.1940155,5.8420715,7.331604,-0.055054784,-0.25006676,-0.26833105,0.0,0.0,0.0
-1.1964111,5.8253326,7.277771,-0.053479552,-0.27166748,-0.317667,0.0,0.0,0.0
-1.0815582,5.8169556,7.1030884,0.05750525,-0.2845106,-0.4893446,0.0,0.0,0.0
-1.0468597,5.83609,7.081558,0.09137404,-0.2673483,-0.50941324,0.0,0.0,0.0
-1.0408783,5.87677,7.056427,0.09346998,-0.23059702,-0.5319662,0.0,0.0,0.0
-1.0061798,5.8863373,7.112671,0.11723626,-0.22893047,-0.47098446,0.0,0.0,0.0
-1.002594,5.846863,7.3052826,0.11459303,-0.26479053,-0.28220463,0.0,0.0,0.0
-0.96310425,5.864807,7.3938293,0.1468426,-0.24154615,-0.198987,0.0,0.0,0.0
-0.98942566,5.8588257,7.379471,0.116778016,-0.24893332,-0.21276093,0.0,0.0,0.0
-1.1605225,5.848053,7.237091,-0.054487824,-0.26462126,-0.3512087,0.0,0.0,0.0
-1.2837524,5.8659973,7.113861,-0.1696173,-0.25645065,-0.46536875,0.0,0.0,0.0
-1.3292084,5.883957,7.135391,-0.20916581,-0.24490023,-0.43778515,0.0,0.0,0.0
-1.1988068,5.8791656,7.1449738,-0.0798533,-0.25899076,-0.42082834,0.0,0.0,0.0
-1.1246338,5.8779755,7.133011,-0.009741187,-0.26652527,-0.4282403,0.0,0.0,0.0
-1.0217285,5.846863,7.0073853,0.08644855,-0.3077016,-0.5466647,0.0,0.0,0.0
-0.98106384,5.8911285,7.142578,0.12302482,-0.26818848,-0.40819597,0.0,0.0,0.0
-1.0049896,5.9030914,7.2012024,0.09848559,-0.2578845,-0.3483076,0.0,0.0,0.0
-1.0456696,5.89711,7.1617126,0.05879712,-0.26655436,-0.38545752,0.0,0.0,0.0
-1.0791626,5.9234314,7.2323,0.024261951,-0.24228048,-0.31335068,0.0,0.0,0.0
-1.0636139,5.983246,7.3005066,0.037231922,-0.18368244,-0.24452639,0.0,0.0,0.0
-0.98942566,5.9808655,7.25264,0.10469031,-0.18951845,-0.2905469,0.0,0.0,0.0
-0.99780273,5.9772644,7.240677,0.09506786,-0.19813108,-0.29858732,0.0,0.0,0.0
-1.0803528,5.95813,7.1641083,0.011978149,-0.22650337,-0.36765862,0.0,0.0,0.0
-1.0899353,5.9736786,7.0671997,0.0014975071,-0.21633816,-0.46027374,0.0,0.0,0.0
-1.0731812,5.974884,7.0671997,0.019350171,-0.21909189,-0.45685673,0.0,0.0,0.0
-1.0576324,5.971283,7.1270294,0.036014795,-0.22266722,-0.3968854,0.0,0.0,0.0
-1.125824,5.974884,7.215561,-0.031606793,-0.21869516,-0.30857706,0.0,0.0,0.0
-1.1282196,5.995224,7.299301,-0.0358634,-0.19990349,-0.22383213,0.0,0.0,0.0
-1.1018982,5.9844513,7.4165497,-0.013387561,-0.20653057,-0.110553265,0.0,0.0,0.0
-0.9607239,5.9940186,7.3244324,0.1205498,-0.19208622,-0.20772171,0.0,0.0,0.0
-1.0037842,6.016754,7.1150513,0.07374704,-0.18369102,-0.40583944,0.0,0.0,0.0
-1.0121613,5.740387,7.019348,0.09332359,-0.49150085,-0.47143698,0.0,0.0,0.0
-1.311264,6.1818542,6.681961,-0.1807394,-0.10018921,-0.76305294,0.0,0.0,0.0
-1.0815582,5.888733,6.518051,0.052558303,-0.45895195,-0.87052584,0.0,0.0,0.0
-1.1916199,6.160324,6.887741,-0.077783704,-0.13964939,-0.5446267,0.0,0.0,0.0
-1.0169525,5.9306183,7.3746796,0.098288536,-0.32122946,-0.09800625,0.0,0.0,0.0
-1.401001,5.790634,7.7348022,-0.24254072,-0.33408737,0.16406012,0.0,0.0,0.0
-1.3435669,5.893524,7.361511,-0.16662514,-0.2232337,-0.21281862,0.0,0.0,0.0
-1.179657,5.962921,7.0121613,-0.01204133,-0.18594456,-0.53757477,0.0,0.0,0.0
-0.99780273,5.868393,7.2801666,0.158723,-0.2811699,-0.2707076,0.0,0.0,0.0
-1.0181427,5.822937,7.523041,0.13076448,-0.29919672,-0.05124998,0.0,0.0,0.0
-0.97268677,5.8384857,7.4440765,0.16547072,-0.26309443,-0.1484003,0.0,0.0,0.0
-1.0420685,5.851654,7.0540466,0.09299207,-0.2612772,-0.529758,0.0,0.0,0.0
-1.1976013,5.8217316,6.9750824,-0.0593431,-0.30490398,-0.5971751,0.0,0.0,0.0
-1.302887,5.8049927,7.1437683,-0.15442276,-0.322721,-0.42607594,0.0,0.0,0.0
-1.2741852,5.8097687,7.2849426,-0.12316239,-0.3144245,-0.28736162,0.0,0.0,0.0
-1.1006927,5.8612213,7.0983124,0.04894662,-0.25686264,-0.47913837,0.0,0.0,0.0
-1.036087,5.8504486,6.9750824,0.10657561,-0.276124,-0.59656286,0.0,0.0,0.0
-1.1509552,5.7798615,7.1234283,-0.0074959993,-0.347939,-0.4471035,0.0,0.0,0.0
-1.1437683,5.7846527,7.155731,0.00673151,-0.3314519,-0.42318678,0.0,0.0,0.0
-1.1066742,5.803787,7.171295,0.04425192,-0.3048663,-0.41356516,0.0,0.0,0.0
-1.1318054,5.8504486,7.3579254,0.018337846,-0.24639654,-0.23654842,0.0,0.0,0.0
-1.1270142,5.826523,7.343567,0.023453355,-0.2637434,-0.256135,0.0,0.0,0.0
-1.0971069,5.7678986,7.286148,0.052304983,-0.31433916,-0.32014036,0.0,0.0,0.0
-1.1306152,5.748749,7.2921295,0.01906991,-0.32729053,-0.31906986,0.0,0.0,0.0
-1.1533356,5.761917,7.3375854,-0.0035934448,-0.30367088,-0.28193712,0.0,0.0,0.0
-1.1533356,5.77507,7.330414,-0.0036758184,-0.28641367,-0.29238653,0.0,0.0,0.0
-1.0755768,5.7583313,7.235901,0.07458222,-0.30106497,-0.38848352,0.0,0.0,0.0
-1.0959167,5.7260284,7.4404755,0.05766642,-0.32079744,-0.19336557,0.0,0.0,0.0
-1.1521454,5.740387,7.569687,0.0024769306,-0.29189157,-0.07549858,0.0,0.0,0.0
-1.2143555,5.757126,7.536194,-0.059223175,-0.26219893,-0.11911678,0.0,0.0,0.0
-1.2059784,5.765503,7.3136597,-0.049954414,-0.25490475,-0.34066534,0.0,0.0,0.0
-1.1294098,5.765503,7.389038,0.025882602,-0.2564783,-0.26415968,0.0,0.0,0.0
-1.0636139,5.7260284,7.215561,0.086666465,-0.2935233,-0.4403019,0.0,0.0,0.0
-0.99661255,5.761917,7.2191467,0.15110636,-0.25787783,-0.43690968,0.0,0.0,0.0
-1.0707855,5.761917,7.2191467,0.07792413,-0.25757027,-0.43700314,0.0,0.0,0.0
-1.138977,5.757126,7.2646027,0.020255685,-0.2583804,-0.3930893,0.0,0.0,0.0
-1.2502441,5.7631073,7.6079865,-0.083587885,-0.24018478,-0.05815935,0.0,0.0,0.0
-1.2669983,5.7379913,7.5888367,-0.0950377,-0.2589574,-0.08146286,0.0,0.0,0.0
-1.2693939,5.6566315,7.4943237,-0.09212422,-0.3366542,-0.17802572,0.0,0.0,0.0
-1.2538452,5.7140656,7.368698,-0.07395351,-0.28013182,-0.3025365,0.0,0.0,0.0
-1.2227325,5.687744,7.1593323,-0.044315577,-0.31170225,-0.5080247,0.0,0.0,0.0
-1.2753754,5.687744,7.158127,-0.09165871,-0.31688118,-0.5043583,0.0,0.0,0.0
-1.1449585,5.7092743,7.240677,0.03673005,-0.296741,-0.42103195,0.0,0.0,0.0
-1.0384827,5.7092743,7.2957153,0.13726091,-0.29651928,-0.36708212,0.0,0.0,0.0
-1.0683899,5.708084,7.433304,0.10149586,-0.29216623,-0.23473024,0.0,0.0,0.0
-1.0337067,5.6781616,7.4883423,0.13028502,-0.31605196,-0.18530798,0.0,0.0,0.0
-1.051651,5.6482544,7.3040924,0.10764909,-0.34445715,-0.37144136,0.0,0.0,0.0
-1.0743713,5.6650085,7.338791,0.08515012,-0.32728577,-0.33703518,0.0,0.0,0.0
-1.2466583,5.6554413,7.3220367,-0.083985806,-0.33365297,-0.3558097,0.0,0.0,0.0
-1.2263184,5.69133,7.307678,-0.060769677,-0.29393053,-0.37272215,0.0,0.0,0.0
-1.2155609,5.7224426,7.2885437,-0.044829488,-0.2629881,-0.39093494,0.0,0.0,0.0
-1.2753754,5.716446,7.270584,-0.09989095,-0.2710557,-0.40655375,0.0,0.0,0.0
-1.2646027,5.704483,7.2634125,-0.08398783,-0.28553963,-0.41097116,0.0,0.0,0.0
-1.2191467,5.6805573,7.269394,-0.03759694,-0.3114748,-0.40327644,0.0,0.0,0.0
-1.0600128,5.67099,7.2933197,0.11635172,-0.32190704,-0.37947226,0.0,0.0,0.0
-1.085144,5.7104645,7.520645,0.08546972,-0.28060532,-0.15445328,0.0,0.0,0.0
-1.0636139,5.6733856,7.5146637,0.11428404,-0.32119942,-0.15657473,0.0,0.0,0.0
-0.9523468,5.700897,6.9834595,0.24763,-0.35298157,-0.6376295,0.0,0.0,0.0
-1.2155609,5.8085785,7.113861,-0.005515218,-0.27534962,-0.48166418,0.0,0.0,0.0
-1.1569366,5.863617,7.257431,0.06659269,-0.2189827,-0.3369975,0.0,0.0,0.0
-1.360321,5.79303,7.4081726,-0.12077415,-0.26610327,-0.20240021,0.0,0.0,0.0
-1.4165497,5.7308044,7.331604,-0.16281271,-0.30638123,-0.2940712,0.0,0.0,0.0
-1.3196411,5.888733,7.4249268,-0.06954336,-0.11596584,-0.2269516,0.0,0.0,0.0
-1.2299042,5.79541,7.524231,0.008240581,-0.18778849,-0.14640903,0.0,0.0,0.0
-1.2681885,5.6805573,7.3411865,-0.03998387,-0.28594398,-0.34404373,0.0,0.0,0.0
-1.2646027,5.69133,7.1102753,-0.03916204,-0.28643703,-0.56663704,0.0,0.0,0.0
-1.2012024,5.7308044,7.147354,0.018161654,-0.26173306,-0.5190029,0.0,0.0,0.0
-1.1652985,5.724823,7.361511,0.04289913,-0.2643714,-0.30922556,0.0,0.0,0.0
-1.1042938,5.71286,7.4033966,0.100644946,-0.2701831,-0.2726512,0.0,0.0,0.0
-1.1353912,5.75235,7.454834,0.06324768,-0.23208904,-0.22111177,0.0,0.0,0.0
-1.1700897,5.724823,7.4680023,0.024098396,-0.26176405,-0.20696211,0.0,0.0,0.0
-1.1521454,5.748749,7.401001,0.038173318,-0.23566628,-0.27625751,0.0,0.0,0.0
-1.2035828,5.7272186,7.249054,-0.011810064,-0.2574005,-0.4278202,0.0,0.0,0.0
-1.2095642,5.749954,7.134201,-0.016397238,-0.23827124,-0.53964376,0.0,0.0,0.0
-1.159317,5.7260284,7.125824,0.038511395,-0.26620817,-0.54416275,0.0,0.0,0.0
-1.1401825,5.7104645,7.350754,0.060887337,-0.280293,-0.31988144,0.0,0.0,0.0
-1.2263184,5.6889343,7.6402893,-0.011873841,-0.29036903,-0.037173748,0.0,0.0,0.0
-1.2693939,5.6566315,7.500305,-0.028635263,-0.32684803,-0.16969347,0.0,0.0,0.0
-1.3208313,5.723633,6.777664,-0.066307664,-0.2858615,-0.8697233,0.0,0.0,0.0
-1.2263184,5.7882385,6.9954224,0.03898847,-0.23464537,-0.6396456,0.0,0.0,0.0
-1.2107697,5.803787,7.2837524,0.05663848,-0.18841457,-0.37507153,0.0,0.0,0.0
-1.3746796,5.6973114,7.582855,-0.09534764,-0.2552333,-0.10485649,0.0,0.0,0.0
-1.3280182,5.7104645,7.3375854,-0.049549818,-0.24378443,-0.3489499,0.0,0.0,0.0
-1.2753754,5.704483,7.475174,-0.0034079552,-0.25348616,-0.20955706,0.0,0.0,0.0
-1.2370911,5.67218,7.630707,0.030736208,-0.26922703,-0.06751919,0.0,0.0,0.0
-1.2454681,5.7152557,7.4356995,0.023659468,-0.21646023,-0.26978254,0.0,0.0,0.0
-1.2514496,5.720047,7.286148,0.01565218,-0.22217846,-0.4115653,0.0,0.0,0.0
-1.3627167,5.71286,7.2012024,-0.09700608,-0.24393511,-0.48547125,0.0,0.0,0.0
-1.3890381,5.6733856,7.081558,-0.11924648,-0.29827452,-0.59289885,0.0,0.0,0.0
-1.3710938,5.6889343,7.188034,-0.09854591,-0.28479815,-0.48435354,0.0,0.0,0.0
-1.257431,5.7021027,7.379471,0.0141608715,-0.2718091,-0.29293585,0.0,0.0,0.0
-1.2023926,5.736786,7.417755,0.05303967,-0.23493338,-0.25901842,0.0,0.0,0.0
-1.0181427,5.7714844,7.2346954,0.21545148,-0.20678234,-0.44052172,0.0,0.0,0.0
-0.77049255,5.749954,7.2323,0.45574296,-0.23474693,-0.4390812,0.0,0.0,0.0
-1.1605225,5.75354,7.578064,0.07127988,-0.23134995,-0.092278,0.0,0.0,0.0
-1.4333038,5.7547455,7.6666107,-0.19602203,-0.22948265,-0.0033655167,0.0,0.0,0.0
-1.4368896,5.839691,7.4165497,-0.19607794,-0.16288137,-0.23850727,0.0,0.0,0.0
-1.3686981,5.79422,7.051651,-0.120111465,-0.22908115,-0.58583975,0.0,0.0,0.0
-1.2107697,5.807373,7.0169525,0.045621753,-0.23603964,-0.6033511,0.0,0.0,0.0
-1.3651123,5.7595215,7.1282196,-0.10861409,-0.29619074,-0.48229647,0.0,0.0,0.0
-1.1126556,5.9126587,6.9978027,0.13358593,-0.15882158,-0.6018286,0.0,0.0,0.0
-1.1282196,5.8672028,7.158127,0.11016631,-0.2173338,-0.43234158,0.0,0.0,0.0
-1.1126556,5.95932,7.5421753,0.12816572,-0.12194824,-0.050513744,0.0,0.0,0.0
-1.1844482,5.864807,7.412964,0.04938507,-0.22468138,-0.17427349,0.0,0.0,0.0
-1.0241241,5.904297,7.0540466,0.19317424,-0.22003365,-0.5077753,0.0,0.0,0.0
-1.1916199,5.8588257,7.043274,0.0029320717,-0.3059678,-0.4892397,0.0,0.0,0.0
-1.1569366,5.831314,7.019348,0.035010576,-0.34191895,-0.5066633,0.0,0.0,0.0
-1.429718,5.7714844,7.2502594,-0.22191429,-0.4093423,-0.26698637,0.0,0.0,0.0
-1.450058,5.8420715,7.4931183,-0.22581244,-0.3326168,-0.026512146,0.0,0.0,0.0
