-1.1736755,6.8279266,6.2895355,-0.06862378,-0.49263096,-0.38968658,0.0902853,-0.073451996,9.1856
-1.4380798,6.7908325,6.1674957,0.048488855,-0.6107559,-0.60370827,-0.070408344,-0.01390934,8.9495125
-1.5912323,6.796814,6.12204,0.09179026,-0.5042772,-0.7185731,-0.19143248,-0.12873101,8.954681
-1.6630096,6.8039856,6.0849457,0.05678916,-0.39121866,-0.7810807,-0.26305413,-0.23440099,9.005262
-1.8987122,6.7453613,6.0335083,-0.09251517,-0.41080475,-0.6871371,-0.10444641,-0.28878832,9.061553
-1.9692993,6.8004,5.9772644,-0.06599349,-0.40354967,-0.6210513,-0.09000945,-0.23668003,9.107513
-1.8412781,6.878174,5.9234314,0.049205065,-0.42964268,-0.6158705,-0.150599,-0.13894749,9.082548
-1.5876312,6.9104767,5.9605255,0.18928522,-0.3934803,-0.602088,-0.2548566,-0.04077363,9.109119
-1.282547,6.924835,5.991623,0.086717665,-0.3437686,-0.46750546,-0.13904476,-0.063599825,9.240187
-1.0875397,7.044464,5.947357,0.06518221,-0.2239623,-0.41877222,-0.15930557,-0.098097086,9.3653145
-0.82192993,7.1688995,5.9485626,-0.09067339,-0.17571831,-0.29136372,-0.01108408,-0.16305113,9.494748
-0.40797424,7.1066895,6.02034,-0.13991737,-0.32306337,-0.24558687,0.020087242,-0.17103082,9.413452
-0.33140564,7.0660095,6.106476,-0.16925651,-0.38715792,-0.2290616,0.1837728,-0.11153269,9.376771
-0.16630554,6.940384,6.2895355,-0.009396672,-0.21430969,-0.15789604,0.029458523,-0.016388655,9.542431
-0.026321411,6.9966125,6.39003,0.03240925,-0.15023041,-0.2120409,-0.06096053,-0.038670063,9.554916
0.029907227,7.034897,6.4115753,0.03389448,0.038981915,-0.22337103,-0.16584373,-0.112394094,9.695177
0.011962891,7.1078796,6.447464,0.16013724,-0.03411293,-0.15703964,-0.17436504,0.044925928,9.668637
0.061019897,7.135391,6.480957,0.2891171,-0.10261536,-0.09229231,-0.18808436,0.20178151,9.643725
0.020339966,7.150955,6.619751,0.29353946,-0.106877804,-0.010896206,-0.1437757,0.2519033,9.690117
-0.062210083,7.1198425,6.7178497,0.1008597,-0.054702282,0.013920307,-0.030240297,0.10259318,9.762844
0.06460571,7.097107,7.0959167,0.033334196,-0.08116531,0.013971806,0.02769494,0.0608778,9.748159
-0.027511597,6.9643097,6.84227,0.04357481,-0.12541485,-0.07766533,-0.0071794987,0.031039953,9.65617
-0.105285645,6.9762726,6.5168457,-0.06507611,-0.004858494,-0.085718155,-0.003278017,-0.09617376,9.758216
-0.1758728,6.8949127,6.5479584,-0.052789927,-0.19018221,0.056709766,0.16406512,0.05405307,9.695597
-0.4019928,6.825531,6.5886383,0.13923323,-0.22145557,0.036099434,0.04496336,0.1958251,9.635295
-0.36968994,6.8207397,6.550354,0.30549693,-0.15947056,-0.16286802,-0.20591998,0.18415451,9.544029
-0.4737854,6.90329,6.28714,-0.04082954,-0.22345495,-0.260314,-0.07474375,-0.09411633,9.48274
-0.45822144,6.9391785,6.0837555,-0.084537625,-0.25999212,-0.392354,-0.035853624,-0.2272563,9.387421
-0.5670929,6.921234,5.950943,0.10886967,-0.2470522,-0.36156893,-0.14862251,-0.07483673,9.387209
-0.63768005,6.912857,6.016754,-0.17078412,-0.24455357,-0.29105473,0.065526485,-0.24959826,9.479399
-0.5407715,6.9044952,6.242874,-0.21777952,-0.2616682,-0.24472237,0.12890601,-0.25792742,9.502275
-0.501297,6.920044,6.24527,-0.16008162,-0.24030495,0.20906019,0.32160473,-0.14356863,9.751539
-0.3792572,6.9643097,6.1950226,0.028320313,-0.28043938,0.26370287,0.28674746,0.23838949,9.706984
-0.36968994,6.970291,6.192627,-0.28192568,-0.28486252,0.1865902,0.43276072,-0.047670126,9.7299
-0.3672943,6.920044,6.291931,-0.4122188,-0.395257,8.9645386E-5,0.4581554,-0.25020432,9.575038
-0.37327576,6.9224396,6.4701996,-1.7181294,0.43305206,-4.6432595,-1.9831209,-4.302988,8.306353
-0.3792572,6.84227,6.612564,-1.7003834,0.5628147,-2.6076436,-2.2973528,-2.1480649,9.466278
-0.47616577,6.8004,6.5395813,-0.49075317,-0.4044361,-0.3426361,0.296947,-0.5361481,9.424323
-0.65802,6.801605,6.357727,-1.0007057,-0.17320728,0.28688717,0.8631828,-0.5569539,10.048384
-0.69869995,6.855438,6.45224,-0.8057387,-0.060077667,-0.23205662,0.3753693,-0.75146055,9.839501
-0.70588684,6.899704,6.4211426,-0.5188494,-0.27523994,-0.8507571,-0.052954912,-0.88906336,9.281758
-0.9643097,6.8111725,6.5479584,-0.41939783,-0.37680817,-0.7282424,0.015049219,-0.7178695,9.229891
-0.85543823,6.8327026,6.7322083,-0.21140814,-0.45126152,-0.5071626,0.064058065,-0.392159,9.2170315
-0.9451599,6.8398895,6.817154,0.32219172,-0.6785717,-0.184134,0.048906803,0.25719357,9.078892
-0.82073975,6.857834,6.784851,0.30263317,-0.798666,-0.23884249,0.21679735,0.16345096,8.962385
-0.72262573,6.8243256,6.742981,0.41582894,-0.5845108,-0.15371132,0.17100143,0.31655693,9.167319
-0.78125,6.7740784,6.805191,0.3429594,-0.49419212,-0.38807058,-0.17777944,0.15877438,9.131646
-0.74894714,6.747757,6.855438,0.4238819,-0.5369816,-0.37057495,-0.19748521,0.25232434,9.09765
-0.5850525,6.768097,6.795624,0.2686888,-0.4411664,-0.280509,-0.09591651,0.1701479,9.252253
-0.54556274,6.764511,6.681961,0.07143092,-0.5364013,-0.10695267,0.1781857,0.1557796,9.308403
-0.5276184,6.705887,6.4247284,0.076051116,-0.4055934,-0.12997389,0.094848156,0.11103368,9.399393
-0.57069397,6.7489624,6.3266296,0.1319753,-0.28367567,-0.18137074,-0.0342052,0.08724761,9.457361
-0.5670929,6.837494,6.3385925,0.13356686,-0.28609657,-0.13301992,-0.0071394444,0.11893988,9.485421
-0.5084686,6.772888,6.3637085,-0.017534971,-0.34780216,0.16987467,0.28893924,0.20084524,9.644457
-0.49291992,6.7214355,6.3792725,0.1639111,-0.10661173,0.30724669,0.11591816,0.33319998,9.897062
-0.45224,6.744171,6.3804626,0.22386122,0.04945278,0.2352109,-0.045779943,0.2830348,9.966897
-0.46780396,6.7094727,6.4259186,-0.09326267,0.026060581,0.31497192,0.21528983,0.09755468,10.036253
-0.5240326,6.772888,6.4941254,-0.3662963,-0.14134645,0.48931837,0.57605577,0.048633814,10.050329
-0.53718567,6.746567,6.508484,-0.109746814,-0.1547718,0.4070816,0.37215042,0.199996,9.959032
-0.6281128,6.7369995,6.583847,0.18061018,-0.0010304451,-0.017798424,-0.1269157,0.12563777,9.774315
-0.6460571,6.7992096,6.641281,0.12007487,-0.06508827,-0.13427305,-0.056699276,0.107538775,9.658651
-0.59461975,6.932007,6.591034,0.12103248,-0.14815617,-0.2013588,-0.10852575,0.029326677,9.552668
-0.6388855,6.9152527,6.4582214,0.22561038,-0.061560154,-0.32062626,-0.28773355,0.009151697,9.53349
-0.64486694,6.9092712,6.4115753,0.115700364,-0.2355814,-0.31361246,-0.12098026,-0.008614302,9.416103
-0.7046814,6.8937225,6.45224,0.08256054,-0.33963585,-0.33306265,-0.055673838,-0.008806467,9.327148
-0.65802,6.8889313,6.520447,-0.2397362,-0.24684191,-0.2992034,0.12470579,-0.2639556,9.456361
-0.6137543,6.8889313,6.567108,-0.27439928,-0.13680792,-0.3122611,0.08145666,-0.33601236,9.5383625
-0.6903229,6.8721924,6.5036926,-0.14302778,-0.111308575,-0.31125355,-0.017868757,-0.24670362,9.544844
-0.68196106,6.887741,6.509674,-0.013736725,-0.13216686,-0.3946972,-0.13819623,-0.1908691,9.463265
-0.64486694,6.859024,6.567108,0.009519339,-0.22378731,-0.59527683,-0.21677232,-0.2581072,9.2672825
-0.62094116,6.855438,6.4498596,0.05484426,-0.24352884,-0.5740986,-0.30630016,-0.011374176,9.260798
-0.6699829,6.8147583,6.3218384,0.09261608,-0.24465227,-0.50901556,-0.21492028,-0.14132309,9.29541
-0.6771698,6.845871,6.3505554,0.0012683868,-0.27534914,-0.32999706,-0.040766716,-0.096708536,9.389874
-0.6879425,6.8901367,6.4008026,-0.09254396,-0.35451412,-0.32068062,0.06674242,-0.13542557,9.34374
-0.68673706,6.8973083,6.4127655,-0.040917158,-0.45306826,-0.27083778,0.11185956,-0.035562754,9.290395
-0.68673706,6.8745728,6.32901,0.020068645,-0.44631338,-0.247221,0.08181095,0.021563292,9.303103
-0.75852966,6.8697968,6.3182526,-0.078579664,-0.46754265,-0.198627,0.18444777,-0.017439127,9.327173
-0.7549286,6.8697968,6.440277,-0.05032432,-0.5881839,-0.24294758,0.20470476,0.018190622,9.202264
-0.73339844,6.829117,6.571884,0.16152012,-0.44439888,-0.29476213,-0.037047863,0.09947491,9.259662
-0.7310028,6.826721,6.354141,0.03048563,-0.2863598,-0.32579517,-0.050838947,-0.06916237,9.380382
-0.6795654,6.8518524,6.3397827,-0.1945076,-0.33368206,-0.25354815,0.019769192,-0.2413283,9.413162
-0.6388855,6.84227,6.4163513,-0.13922632,-0.33949423,-0.25379467,0.12760329,-0.13843298,9.402167
-0.58384705,6.82193,6.4043884,0.014243841,-0.20336628,-0.3017335,-0.06975865,-0.095856905,9.462341
-0.66041565,6.8769684,6.3888397,-0.10344875,-0.12014246,-0.28834772,-0.02941227,-0.20395279,9.550098
-0.5383911,6.88295,6.4043884,-0.20920837,-0.2836337,-0.30336905,0.11633921,-0.23910141,9.425148
-0.5383911,6.8434753,6.484543,-0.11091626,-0.35019064,-0.3067789,0.085648775,-0.14566207,9.358882
-0.5659027,6.796814,6.5407867,0.13762522,-0.33495998,-0.33273506,-0.09816122,0.021185398,9.325228
-0.5539398,6.8123627,6.531204,0.056572795,-0.23923826,-0.2492919,-0.049547434,-0.022864103,9.460812
-0.57547,6.8685913,6.2847443,-0.01041472,-0.16208315,-0.17062998,-0.0027608871,-0.052992344,9.577133
-0.6269226,6.857834,6.2979126,0.13339782,-0.156044,-0.23262453,-0.1336801,0.017363787,9.527209
-0.6269226,6.847061,6.366104,0.17171729,-0.17189407,-0.37969208,-0.20156956,0.11940259,9.421536
-0.63290405,6.8602295,6.4450684,-0.051526785,-0.19965458,-0.3785329,-0.071659565,-0.19140363,9.427134
-0.6281128,6.849457,6.417557,-0.18372297,-0.24593115,-0.19241619,0.14128757,-0.1685803,9.518764
-0.6652069,6.850647,6.4091797,-0.26728725,-0.1973648,-0.0950017,0.22425842,-0.19110847,9.626077
-0.70947266,6.8745728,6.51326,-0.21140873,-0.070643425,-0.17513037,0.07744694,-0.23646355,9.67085
-0.6161499,6.8721924,6.6687927,-0.176041,-0.013358116,-0.30564785,-0.04744363,-0.30361223,9.632988
-0.6029968,6.9092712,6.6017914,-0.16933167,-0.17073059,-0.2759633,0.04688263,-0.23016477,9.5259285
-0.58384705,6.9595184,6.5060883,-0.09642446,-0.1508441,-0.3214569,-0.0358119,-0.20783329,9.505138
-0.48812866,6.9188538,6.653244,-0.124596,-0.10283804,-0.36334562,-0.06505036,-0.2682147,9.520382
-0.51924133,6.8638153,6.6472626,-0.22530878,-0.039049625,-0.48006296,-0.09595442,-0.4313333,9.510859
-0.47257996,6.9056854,6.4378967,-0.14687395,-0.09871435,-0.12675905,-0.037187576,-0.16370669,9.668081
-0.5970154,6.9655,6.5527496,-0.048512697,-0.15841246,-0.07559252,0.07361388,-0.02365303,9.641774
-0.5850525,6.9655,6.6101685,-0.26293302,-0.17923641,-0.2707467,0.12224078,-0.28408575,9.525731
-0.57547,6.90329,6.2117615,-0.18787038,-0.31892633,-0.40206003,0.078672886,-0.2447846,9.324412
-0.61735535,6.953537,5.9904327,0.047468185,-0.4315524,-0.17081404,0.103891134,0.107596874,9.364725
-0.58743286,7.0289154,6.1746826,0.16295236,-0.5458455,-0.08533478,0.2923751,0.14153367,9.330975
-0.5898285,6.9463654,6.291931,0.37885344,-0.5323367,0.047742844,0.039707184,0.5292399,9.422567
-0.5419769,6.948761,6.250046,0.39897597,-0.48501015,-0.14111376,-0.09418845,0.43133116,9.338235
-0.5898285,6.9750824,6.22493,0.29915088,-0.41235542,-0.2500596,-0.11961913,0.27354026,9.324026
-0.66760254,7.0073853,6.3014984,0.28717765,-0.60267115,-0.039634705,0.08813238,0.47082877,9.339952
-0.6496582,7.00618,6.2883453,0.29813796,-0.49351025,-0.05737734,0.30596876,0.2938676,9.41199
-0.6388855,7.0157623,6.229721,0.29215264,-0.49254274,0.022022724,0.054718733,0.46340013,9.47393
-0.55992126,7.043274,6.22612,0.10873969,-0.58918476,-0.051318645,0.20256424,0.3523159,9.363437
-0.5144501,7.076767,6.2488556,0.07621677,-0.5409045,-0.07893181,0.18722129,0.2940905,9.378777
-0.46780396,7.056427,6.175873,0.18103881,-0.3290944,-0.33151913,-0.11473131,0.13203263,9.337196
-0.5036926,6.9714813,6.1256256,0.31749436,-0.28906965,-0.5028329,-0.3143165,0.12086582,9.237615
-0.53479004,6.972687,6.2285156,0.31255445,-0.3221717,-0.6024976,-0.34069657,0.085743904,9.142526
-0.59939575,6.9966125,6.366104,0.36012554,-0.34613037,-0.5252733,-0.32826972,0.17045832,9.183279
-0.6006012,7.0660095,6.295517,0.3247517,-0.27537966,-0.31602764,-0.24222255,0.21296859,9.385766
-0.6616211,7.0372925,6.12323,0.1419102,-0.20331764,0.10269737,0.046734095,0.25695872,9.744911
-0.7621155,7.081558,6.1746826,-0.26639903,-0.38643026,-0.23770666,0.118917465,-0.2724242,9.372548
-0.776474,7.117447,6.317047,0.17641182,-0.44298935,-1.0088391,-0.36582875,-0.14644265,8.762696
-0.71784973,7.034897,6.440277,0.42713073,-0.46584034,-0.76789856,-0.42662787,0.15611672,8.921929
-0.7118683,7.0361023,6.419937,0.31491712,-0.41955423,-0.030387878,-0.028749943,0.4237523,9.497249
-0.7154541,7.044464,6.299103,0.11413918,-0.4616723,0.33777952,0.30874062,0.49086022,9.74341
-0.604187,7.00618,6.2656097,0.25053748,-0.32048273,0.043468,0.0017266273,0.36403394,9.619986
-0.5970154,7.009781,6.262024,0.25053748,-0.32048273,0.043468,0.0017266273,0.36403394,9.619986
-0.55633545,7.0073853,6.18425,-0.14126262,-0.013642788,-0.38276196,-0.2570243,-0.13068952,9.517674
-0.53001404,6.9750824,6.214157,-0.28185427,-0.22092056,-0.09997511,0.2722578,-0.12771678,9.588002
-0.51805115,6.969101,6.32782,-0.09548189,-0.32120466,-0.0802536,0.19732356,0.06105256,9.530849
-0.57547,7.010971,6.45105,0.012516692,-0.26677895,-0.3126173,-0.015062571,-0.011599541,9.395924
-0.6149597,7.083954,6.3936157,0.015792295,-0.17376804,-0.4764328,-0.14186549,-0.13961005,9.339943
-0.70947266,7.0468597,6.447464,0.031551182,-0.13377953,-0.485929,-0.23618746,0.033347398,9.36154
-0.702301,7.0468597,6.5348053,0.20575199,-0.106808186,-0.41307068,-0.28522754,-0.013852358,9.428732
-0.7082825,7.0743866,6.5611267,0.17012528,-0.18518591,-0.3225336,-0.17768979,0.046702385,9.44126
-0.62931824,7.044464,6.2596283,0.110907584,-0.18591976,-0.25106335,-0.10123038,0.04195428,9.493774
-0.5898285,7.0169525,6.1627197,-0.04921004,-0.18924236,-0.097607136,0.087231636,0.008987665,9.606472
-0.5144501,7.021744,6.1615143,-0.012680799,-0.11266184,-0.21545935,-0.034546614,-0.06401563,9.574306
-0.5144501,7.0169525,6.180664,-0.059672534,-0.1464634,-0.27952576,-0.014731646,-0.11434293,9.506891
-0.49650574,7.0121613,6.18425,-0.038642973,-0.19825792,-0.5786743,-0.25805855,-0.09252566,9.258464
-0.54437256,7.097107,6.180664,0.083070815,-0.08048868,-0.5151057,-0.31418228,0.022141516,9.382961
-0.59580994,7.080368,6.2703857,-0.043432593,-0.24347544,-0.17603636,0.07184243,-0.008038521,9.511812
-0.62931824,7.027725,6.3792725,-0.056969106,-0.34746695,-0.11165714,0.16723275,0.06370497,9.483507
-0.59580994,7.010971,6.3517456,0.15484425,-0.202497,0.009510517,0.0017354488,0.2095077,9.661133
-0.5431671,7.1150513,6.233307,-0.015150011,-0.2954836,-0.19526815,0.0703361,0.022694588,9.459942
-0.55513,7.0827484,6.263214,0.0028799772,-0.29944372,-0.28662062,0.005797386,-0.020472884,9.392677
-0.58384705,7.0707855,6.344574,-0.007437408,-0.31071854,-0.25350857,0.044493437,-0.0013656616,9.408045
-0.5934143,7.0504456,6.34935,0.10887247,-0.33170986,-0.15217257,0.023917913,0.14340734,9.454651
-0.5922241,7.024124,6.315857,0.19880068,-0.37745523,0.013995647,0.066919565,0.3171575,9.52894
-0.5647125,7.0540466,6.2572327,0.14978194,-0.34095383,0.06929922,0.10943556,0.295362,9.596241
-0.64486694,7.0612183,6.22612,-0.09919006,-0.34928226,0.08573532,0.32122898,-0.02700162,9.618846
-0.5670929,7.076767,6.214157,-0.37133652,-0.31733847,-0.09344721,0.37940764,-0.18139243,9.541182
-0.5264282,7.125824,6.172287,-0.28173286,-0.27098894,-0.34329987,0.1696744,-0.27643442,9.399885
-0.51086426,7.135391,6.0394897,-0.16071057,-0.21428347,-0.50644684,-0.026256561,-0.30520558,9.322508
-0.51924133,7.1102753,6.0059814,-0.13085902,-0.30427313,-0.7935748,-0.14339566,-0.40654683,9.062591
-0.5623169,7.0947266,6.070587,-0.4007582,-0.39559698,-1.012033,-0.3309381,-0.6038872,8.875461
-0.55752563,7.137787,6.175873,-0.097524285,-0.15536833,-0.72451353,-0.21256447,-0.40948176,9.218679
-0.60658264,7.0863495,6.234497,-0.33994365,-0.03157568,-0.043094635,0.2278347,-0.2570362,9.785688
-0.6125641,7.073181,6.2357025,-0.40768653,-0.059932232,0.11462021,0.36849117,-0.20578861,9.8759575
-0.62571716,7.1497498,6.18544,0.051326096,-0.07531738,-0.14052248,-0.06508398,-0.009997129,9.652645
-0.61135864,7.2012024,6.111267,0.17410117,-0.35647392,-0.36937952,-0.08010578,0.10943174,9.281833
-0.5515442,7.2107697,6.0430756,0.21936506,-0.4923091,-0.42473555,-0.107723475,0.12644792,9.140844
-0.55633545,7.203598,6.0466614,0.25830245,-0.52226305,-0.5146222,-0.16726756,0.11508131,9.056253
-0.5407715,7.183258,6.175873,0.3190173,-0.30197334,-0.5027528,-0.31861615,0.069300175,9.224069
-0.55274963,7.1808624,6.175873,0.14913803,-0.37626314,-0.42251205,-0.122475386,0.025881052,9.235107
-0.41156006,7.174881,6.2237244,0.037423015,-0.60152864,-0.3344369,0.11416936,0.09429145,9.133479
-0.5778656,7.1282196,6.1076813,0.23385888,-0.46588802,-0.27643967,-0.06566858,0.20702314,9.258025
-0.5359955,7.117447,6.14357,0.12723583,-0.22570992,-0.23018408,-0.0887599,0.05543399,9.476245
-0.48095703,7.092331,6.0227356,-0.015610278,-0.14315939,-0.19438934,-0.010959148,-0.05959463,9.572441
-0.550354,7.105484,5.8947144,0.0013847947,-0.1405015,-0.10525179,0.018980265,0.0020763874,9.6321335
-0.5144501,7.0959167,5.904297,0.10118908,-0.055978775,-0.11411238,-0.09934187,0.029482365,9.681525
-0.48095703,7.179657,6.3397827,-0.06865537,0.033917427,-0.10153437,-0.01692009,-0.12054825,9.76984
-0.5036926,7.135391,6.418747,-0.1666975,-0.1347394,-0.040424824,0.16781402,-0.0796659,9.692331
-0.4749756,7.075577,6.4163513,-0.14305556,-0.16310883,-0.024101734,0.1731515,-0.041142702,9.680254
-0.5670929,7.0337067,6.3026886,-0.10194945,-0.17466116,-0.15954971,0.084261894,-0.08516717,9.578609
-0.6149597,7.0253296,6.2656097,-0.11834681,-0.28884077,-0.19000387,0.09316635,-0.12078357,9.474585
-0.65682983,7.0361023,6.291931,-9.88245E-5,-0.32859325,-0.075817585,0.12792897,0.10150647,9.511604
-0.6125641,7.0133667,6.20578,0.19861096,-0.18916416,-0.11245775,-0.10344052,0.15542316,9.576391
-0.48214722,7.0660095,6.0681915,0.1015439,-0.23973942,-0.18423796,-0.04272151,0.069909334,9.498401
-0.51086426,7.1030884,6.027527,0.10776466,-0.27569294,-0.1631031,-0.0197649,0.102422,9.485182
-0.5934143,7.100708,6.2273254,0.20448542,-0.22276068,-0.23465109,-0.15089321,0.10320401,9.47038
-0.59820557,7.1318054,6.2368927,-0.05494213,-0.30137253,-0.27758455,0.056212187,-0.06323624,9.402004
-0.5383911,7.178467,6.130417,-0.17672837,-0.3934903,-0.297894,0.18086672,-0.11697793,9.328726
-0.5467529,7.1485596,6.12323,-0.14347231,-0.4650774,-0.2481761,0.2158525,-0.033715725,9.305906
-0.5898285,7.1186523,6.1794586,0.051188886,-0.18044662,-0.3353839,-0.13296366,-0.015803576,9.446465
-0.6472626,7.1162567,6.1830597,0.023457408,-0.16212511,-0.45327663,-0.15281677,-0.17551517,9.384588
-0.5934143,7.12941,6.196213,-0.16161239,-0.30665636,-0.50597954,0.028179884,-0.26769662,9.255546
-0.59820557,7.1820526,6.1244354,-0.033947945,-0.24870634,-0.33594656,-0.012599945,-0.107295275,9.401438
-0.5742798,7.2012024,6.1208344,0.09183979,-0.11109209,-0.24047041,-0.1266706,-0.027822733,9.55809
-0.6149597,7.235901,6.131607,-0.08331442,-0.1371975,-0.15407372,0.055550337,-0.08344579,9.608021
-0.6125641,7.1976166,6.294327,-0.21401912,-0.33925676,-0.22558308,0.21680069,-0.12085414,9.419122
-0.61135864,7.162918,6.3194427,-0.10754895,-0.4467926,-0.4041214,0.10795593,-0.10162711,9.2129135
-0.6006012,7.166504,6.1914215,0.20917189,-0.3251562,-0.62053967,-0.2871971,-0.06895161,9.137836
-0.6281128,7.1413727,6.1591187,0.20073521,-0.492177,-0.57171106,-0.17899513,0.034743547,9.047611
-0.6472626,7.124634,6.2321014,0.058424354,-0.5891547,-0.69110394,-0.10790682,-0.017798543,8.903223
-0.62571716,7.1700897,6.1794586,0.13616714,-0.5215955,-0.7012615,-0.1734047,-0.055783987,8.941093
-0.5670929,7.1976166,6.0346985,0.27605465,-0.30329323,-0.2822423,-0.18913174,0.17589211,9.381039
-0.5539398,7.1641083,6.0263214,0.12538165,-0.40381765,-0.15195322,0.03153181,0.20419765,9.407666
-0.6149597,7.1856537,6.18425,-0.28845975,-0.5174122,0.13633156,0.52862144,0.15606737,9.550304
-0.6281128,7.1497498,6.2847443,-0.055970848,-0.27198982,-0.15521288,0.10261631,-0.0393281,9.508112
-0.58384705,7.155731,6.1794586,0.25631762,-0.11290407,-0.12877035,-0.1955781,0.1568675,9.627292
-0.5623169,7.113861,6.1746826,-0.1269013,-0.37157917,-0.024913788,0.26724267,0.10522771,9.537756
-0.5635071,7.1521454,6.2680054,0.06477764,-0.28262615,0.17437696,0.16160679,0.28978872,9.7404175
-0.5467529,7.0983124,6.2273254,0.3483826,-0.008868694,0.19119596,-0.18291974,0.32920718,9.933802
-0.5084686,7.0121613,6.118454,0.02411054,-0.044919968,0.1302309,0.05749464,0.109398365,9.872116
-0.6652069,7.0743866,5.873184,-0.10882476,-0.32015657,-0.83341646,-0.10919714,-0.33552957,8.979351
-0.6903229,7.113861,6.1375885,0.18131919,-0.45954657,-0.057785988,0.057772636,0.3404343,9.448648
-0.6771698,7.1186523,6.2668,0.1690541,-0.30836058,0.38883734,0.18074608,0.4861753,9.882969
-0.55274963,7.0492554,6.2907257,0.09106229,-0.29066992,0.3532009,0.21686268,0.40776682,9.871678
-0.6089783,7.075577,6.0346985,0.32496327,-0.3297429,-0.4364109,-0.272784,0.15852594,9.254161
-0.6197357,7.0983124,6.08136,0.46255177,-0.12994432,-0.90899086,-0.6711242,-0.11654663,9.036512
-0.624527,7.0863495,6.3505554,0.38613486,-0.13551807,-0.8818469,-0.5999303,-0.15624475,9.057791
-0.55274963,7.071991,6.4008026,0.23304227,-0.153409,-0.5161772,-0.32117772,-0.048992872,9.318054
-0.5670929,7.0456696,6.381653,0.18786511,-0.25340843,-0.0054540634,-0.022338629,0.25287032,9.619308
-0.5898285,7.097107,6.22493,0.22876352,-0.16619158,0.10624027,-0.045875072,0.29425216,9.756148
-0.6149597,7.113861,6.086151,0.32237035,-0.24735832,-0.5809393,-0.3660276,0.010399342,9.199596
-0.63768005,7.1653137,6.1698914,-0.021956086,-0.545908,-0.7799649,-0.045657873,-0.19537663,8.875744
-0.57069397,7.075577,6.2691956,0.16592324,-0.3919487,-0.64894104,-0.2184453,0.045007586,9.063325
-0.5635071,7.024124,6.324234,0.26662403,-0.4831977,-0.55284405,-0.11968279,0.17322242,9.054403
-0.5898285,7.0588226,6.3146515,0.29244113,-0.51539135,-1.1226134,-0.44519424,-0.21904707,8.638219
-0.5814514,7.092331,6.276367,-0.039378047,-0.7155819,-0.93924904,-0.013605356,-0.24044609,8.650019
-0.5970154,7.134201,6.08136,-0.35208768,-0.5848837,0.07776737,0.5979328,0.078475,9.477378
-0.5862427,7.1485596,6.074173,-0.32166278,-0.33518887,-0.036298275,0.30816078,-0.26545787,9.579263
-0.53240967,7.1114655,6.2105713,-0.47060072,-0.27493286,-0.4658618,0.2924645,-0.45237398,9.333466
-0.5778656,7.1066895,6.3230286,-0.3836152,-0.44500923,-0.07578993,0.48877668,-0.092440605,9.48495
-0.54914856,7.093521,6.34935,-0.44843745,-0.45815706,0.03978157,0.5931437,-0.062354803,9.568158
-0.56829834,7.1162567,6.263214,-0.13222408,-0.49300003,0.21371078,0.45616126,0.2666099,9.64221
-0.58384705,7.0468597,6.3601227,-0.05042404,-0.3805127,0.3523078,0.39205885,0.34304333,9.814675
-0.6352997,6.999008,6.45105,-0.0074748397,-0.3716936,0.4096017,0.38006258,0.3982141,9.86109
-0.59580994,6.9966125,6.385254,-0.20199251,-0.50840425,0.5688739,0.662467,0.41845465,9.901131
-0.5694885,7.048065,6.1340027,0.25491655,-0.5494871,-0.14166927,0.06492567,0.3568499,9.301248
-0.5635071,7.0289154,6.12204,-0.79401195,0.19511986,-0.04833603,0.4462304,-0.6589904,10.000229
-0.604187,7.0899353,6.18544,-0.32373238,-0.16661644,-0.7150254,0.005563736,-0.55719113,9.2293
-0.62571716,7.0468597,6.2368927,-0.16413593,-0.14009476,-0.82058716,-0.43484735,-0.34182286,9.163225
-0.5970154,7.024124,6.2285156,-0.23963964,-0.0045757294,-1.013783,-0.28857183,-0.75830984,9.153277
-0.55513,7.0085754,6.193817,-0.030838728,-0.023728848,-1.3162093,-0.5767472,-0.78513837,8.920738
-0.56829834,7.0301056,6.1818542,-0.12662148,-0.015363693,-1.2557054,-0.4900291,-0.82641816,8.988132
-0.54556274,7.021744,6.150757,-0.19551766,0.055145264,-1.1871104,-0.4518149,-0.862252,9.097507
-0.5790558,7.0588226,6.090927,-0.5472002,0.1679759,-0.9463458,-0.6403372,-0.79750466,9.3857355
-0.62094116,7.135391,6.1543427,-0.2767148,0.016784668,-0.56997633,-0.08463764,-0.5361502,9.479382
-0.67477417,7.1413727,6.238083,-0.23477948,-0.09187603,-0.1735425,0.13322043,-0.22733665,9.650927
-0.65922546,7.1234283,6.374481,-0.13863361,0.017374992,0.9348817,0.5200536,0.4226935,10.473284
-0.5790558,7.125824,6.398407,-0.07111645,-0.21510172,1.0252018,0.6348276,0.6216409,10.366044
-0.5036926,7.1389923,6.3385925,0.104658484,-0.1921668,0.4304948,0.22402906,0.40048027,9.957094
-0.5144501,7.1102753,6.366104,0.07577276,-0.062156677,-0.03224182,-0.03646159,0.06257343,9.733169
-0.53479004,7.1497498,6.460617,-0.1475907,-0.02295494,-0.20020342,0.026932955,-0.20389032,9.664893
-0.5240326,7.1449738,6.415161,-0.18033451,-0.1493063,-0.46133852,-0.0046560764,-0.31607604,9.397112
-0.57188416,7.1593323,6.344574,-0.16299653,-0.291749,-0.19952345,0.17492342,-0.08958912,9.470689
-0.5886383,7.092331,6.2691956,0.022061288,-0.29737902,-0.06688166,0.10290718,0.11576295,9.543205
-0.60658264,7.0983124,6.275177,-0.020016909,-0.27152538,-0.16330862,0.075282335,0.021136284,9.498945
-0.55752563,7.0468597,6.254837,-0.046184182,-0.21124744,-0.16504478,0.06285286,-0.025648355,9.54323
-0.51924133,7.060028,6.2165527,0.010063529,-0.14704514,-0.23509216,-0.043394327,-0.05796933,9.538792
-0.5276184,7.00618,6.1986084,-0.12986797,-0.24817371,-0.37241602,0.04543066,-0.1834724,9.380712
-0.55513,7.032501,6.209381,-0.15264046,-0.33609295,-0.47189045,0.05865264,-0.21476388,9.250436
-0.58743286,7.032501,6.276367,-0.14065564,-0.3114009,-0.5038085,0.021753073,-0.23562574,9.245771
-0.57547,7.0085754,6.43071,-0.01990074,-0.34521008,-0.3705473,0.009511948,-0.06086445,9.303585
-0.5312042,6.961914,6.340973,0.05811906,-0.3222866,-0.1984086,0.06699324,0.036873132,9.431464
-0.5670929,6.929611,6.2572327,0.02018094,-0.35556364,-0.28124762,0.0,0.0,0.0
-0.58743286,6.8889313,6.1375885,8.8471174E-4,-0.39977884,-0.39685726,0.0,0.0,0.0
-0.6077728,6.8949127,6.098114,-0.016968668,-0.3965273,-0.43306065,0.0,0.0,0.0
-0.51805115,6.98584,6.221344,0.071787536,-0.30649137,-0.3089223,0.0,0.0,0.0
-0.5252228,6.9631195,6.415161,0.06241709,-0.32418346,-0.120914936,0.0,0.0,0.0
-0.5587311,6.9308167,6.4941254,0.028141975,-0.3453045,-0.054463863,0.0,0.0,0.0
-0.5539398,6.973877,6.4319,0.032433093,-0.29743052,-0.122078896,0.0,0.0,0.0
-0.48214722,7.022934,6.1878357,0.102078855,-0.2501874,-0.3643222,0.0,0.0,0.0
-0.5156555,6.981064,6.16391,0.06502718,-0.29998255,-0.3797555,0.0,0.0,0.0
-0.50608826,6.9583282,6.1615143,0.07243276,-0.3257532,-0.37896395,0.0,0.0,0.0
-0.51924133,7.039688,6.305084,0.05859697,-0.24315739,-0.23683071,0.0,0.0,0.0
-0.5001068,7.0468597,6.345764,0.077071846,-0.23326969,-0.19923162,0.0,0.0,0.0
-0.5670929,7.044464,6.32782,0.008296013,-0.23512268,-0.217937,0.0,0.0,0.0
-0.61016846,7.0384827,6.3672943,-0.033396125,-0.2396307,-0.17997885,0.0,0.0,0.0
-0.6388855,7.044464,6.4366913,-0.05993092,-0.23009682,-0.114336014,0.0,0.0,0.0
-0.56111145,6.9583282,6.4534454,0.017541945,-0.3124094,-0.10185146,0.0,0.0,0.0
-0.51086426,7.001404,6.2572327,0.06259608,-0.27304745,-0.29439926,0.0,0.0,0.0
-0.5036926,7.0671997,6.229721,0.06812769,-0.21358252,-0.31501865,0.0,0.0,0.0
-0.47737122,7.0959167,6.30867,0.092763424,-0.18817997,-0.23252773,0.0,0.0,0.0
-0.5312042,7.10907,6.397217,0.035524786,-0.17445087,-0.14491844,0.0,0.0,0.0
-0.45822144,7.100708,6.467804,0.105187654,-0.18229532,-0.07519388,0.0,0.0,0.0
-0.5001068,7.064804,6.4462585,0.06656724,-0.22017336,-0.094258785,0.0,0.0,0.0
-0.64486694,7.0779724,6.262024,-0.074330926,-0.20922136,-0.27568913,0.0,0.0,0.0
-0.673584,6.9678955,6.253647,-0.087435424,-0.33164072,-0.268898,0.0,0.0,0.0
-0.6999054,6.9954224,6.2285156,-0.110191286,-0.31052208,-0.2865281,0.0,0.0,0.0
-0.53359985,7.0253296,6.0430756,0.058977306,-0.29095316,-0.46009636,0.0,0.0,0.0
-0.5395813,7.009781,6.037094,0.05396694,-0.31196117,-0.45984268,0.0,0.0,0.0
-0.59580994,7.097107,6.2524414,-0.0016613007,-0.22528553,-0.2437067,0.0,0.0,0.0
-0.5778656,7.083954,6.399597,0.01824528,-0.23219109,-0.10340643,0.0,0.0,0.0
-0.47976685,7.064804,6.4008026,0.11537725,-0.24725151,-0.106888294,0.0,0.0,0.0
-0.5252228,7.0001984,6.4295197,0.06868738,-0.30858517,-0.081958294,0.0,0.0,0.0
-0.5264282,7.048065,6.417557,0.06739783,-0.2592888,-0.095532894,0.0,0.0,0.0
-0.52163696,7.0863495,6.099304,0.0718019,-0.22846699,-0.40543795,0.0,0.0,0.0
-0.53479004,7.080368,6.0095673,0.05764842,-0.24477243,-0.4836383,0.0,0.0,0.0
-0.54556274,7.0205383,6.037094,0.04455167,-0.31340218,-0.44638252,0.0,0.0,0.0
-0.58265686,7.0301056,6.196213,0.0074347854,-0.3074689,-0.28315306,0.0,0.0,0.0
-0.6006012,7.043274,6.250046,-0.0093845725,-0.2916274,-0.23224354,0.0,0.0,0.0
-0.63768005,7.097107,6.2608185,-0.04546219,-0.23586178,-0.22356558,0.0,0.0,0.0
-0.5898285,7.0995026,6.1997986,0.0018641353,-0.2348957,-0.28301668,0.0,0.0,0.0
-0.64367676,7.105484,6.0215454,-0.04805845,-0.23551941,-0.45342922,0.0,0.0,0.0
-0.5407715,7.130615,6.1674957,0.054311335,-0.21067381,-0.30720425,0.0,0.0,0.0
-0.5419769,7.1593323,6.295517,0.04998052,-0.17849874,-0.18338823,0.0,0.0,0.0
-0.49890137,7.1700897,6.241684,0.09060317,-0.16805267,-0.23709202,0.0,0.0,0.0
-0.5635071,7.134201,6.189041,0.026890516,-0.2066989,-0.2865286,0.0,0.0,0.0
-0.5407715,7.1162567,6.397217,0.048592865,-0.22359943,-0.079630375,0.0,0.0,0.0
-0.56111145,7.125824,6.385254,0.027475595,-0.20718956,-0.09941006,0.0,0.0,0.0
-0.5252228,7.100708,6.1997986,0.062299132,-0.23328781,-0.28385067,0.0,0.0,0.0
-0.50608826,7.092331,6.0442657,0.07881826,-0.25245333,-0.42739725,0.0,0.0,0.0
-0.6006012,7.171295,6.0717926,-0.014598548,-0.17795086,-0.39470387,0.0,0.0,0.0
-0.64845276,7.179657,6.325424,-0.05934155,-0.1666069,-0.14417696,0.0,0.0,0.0
-0.61735535,7.1437683,6.3230286,-0.027344823,-0.19934177,-0.15007067,0.0,0.0,0.0
-0.5766754,7.147354,6.254837,0.014846921,-0.19667959,-0.2170763,0.0,0.0,0.0
-0.6017914,7.1605225,6.2811584,-0.009308457,-0.18458414,-0.18944883,0.0,0.0,0.0
-0.59580994,7.1569366,6.399597,-0.0034510493,-0.18506002,-0.07455015,0.0,0.0,0.0
-0.5479584,7.092331,6.242874,0.042841077,-0.24827385,-0.23299313,0.0,0.0,0.0
-0.54914856,7.0504456,6.1543427,0.038571715,-0.2966509,-0.3144393,0.0,0.0,0.0
-0.5431671,7.101898,6.1160583,0.042479217,-0.2534914,-0.3434806,0.0,0.0,0.0
-0.53718567,7.100708,6.1914215,0.047688484,-0.255579,-0.26716614,0.0,0.0,0.0
-0.51086426,7.0947266,6.209381,0.073332965,-0.26064205,-0.25031376,0.0,0.0,0.0
-0.5934143,7.0791626,6.172287,-0.009178221,-0.27433157,-0.2895379,0.0,0.0,0.0
-0.5276184,7.1150513,6.1579285,0.056468666,-0.23822117,-0.3041625,0.0,0.0,0.0
-0.50727844,7.130615,6.131607,0.07396579,-0.22300196,-0.330348,0.0,0.0,0.0
-0.53359985,7.0875397,6.229721,0.046212614,-0.26495457,-0.23363924,0.0,0.0,0.0
-0.6053772,7.073181,6.3433685,-0.02474773,-0.27179575,-0.12846088,0.0,0.0,0.0
-0.63648987,7.124634,6.2847443,-0.05303824,-0.21440029,-0.19356966,0.0,0.0,0.0
-0.57188416,7.100708,6.32901,0.011580825,-0.23680258,-0.15102816,0.0,0.0,0.0
-0.51805115,7.0289154,6.2153625,0.06317437,-0.30744076,-0.26618433,0.0,0.0,0.0
-0.49771118,7.002594,6.1698914,0.08321941,-0.33515406,-0.3101058,0.0,0.0,0.0
-0.52163696,7.0504456,6.069397,0.05944246,-0.29095745,-0.4064455,0.0,0.0,0.0
-0.5383911,7.0384827,6.1423798,0.04159057,-0.30375624,-0.33261347,0.0,0.0,0.0
-0.54914856,7.024124,6.262024,0.030170798,-0.3129363,-0.21889591,0.0,0.0,0.0
-0.59103394,7.052841,6.3014984,-0.011372745,-0.2740059,-0.19093513,0.0,0.0,0.0
-0.55513,7.0911255,6.242874,0.025867105,-0.23213196,-0.25348902,0.0,0.0,0.0
-0.54556274,7.044464,6.3182526,0.034947276,-0.2769127,-0.18027353,0.0,0.0,0.0
-0.5264282,7.0301056,6.3469543,0.05606675,-0.28907156,-0.15387106,0.0,0.0,0.0
-0.5886383,7.0085754,6.5563354,-0.008240163,-0.30527592,0.04933071,0.0,0.0,0.0
-0.54556274,7.093521,6.5934296,0.031494677,-0.2158866,0.08113766,0.0,0.0,0.0
-0.55992126,6.9966125,6.3110657,0.01647842,-0.31414843,-0.19976568,0.0,0.0,0.0
-0.52163696,6.9678955,6.234497,0.054267883,-0.34877443,-0.26973772,0.0,0.0,0.0
-0.61854553,6.973877,6.1830597,-0.039812267,-0.3504057,-0.31234932,0.0,0.0,0.0
-0.55633545,7.02652,6.2357025,0.02134484,-0.3000679,-0.25720024,0.0,0.0,0.0
-0.4630127,7.02652,6.106476,0.109735966,-0.3053546,-0.3808937,0.0,0.0,0.0
-0.5359955,6.9954224,6.1088715,0.0365026,-0.3414812,-0.37283134,0.0,0.0,0.0
-0.6089783,6.999008,6.3589325,-0.033277333,-0.3344307,-0.12640667,0.0,0.0,0.0
-0.5766754,7.0289154,6.508484,-7.5238943E-4,-0.29525948,0.012703419,0.0,0.0,0.0
-0.52163696,7.064804,6.3218384,0.05310291,-0.25589752,-0.17796135,0.0,0.0,0.0
-0.48454285,7.0337067,6.0442657,0.08877605,-0.29375935,-0.4480319,0.0,0.0,0.0
-0.5204315,6.948761,6.1017,0.051650167,-0.38148355,-0.38757038,0.0,0.0,0.0
-0.5168457,7.039688,6.241684,0.053874195,-0.288486,-0.2500434,0.0,0.0,0.0
-0.5204315,7.039688,6.2368927,0.048597276,-0.28205538,-0.26223564,0.0,0.0,0.0
-0.53718567,6.9762726,6.3433685,0.0301494,-0.3418479,-0.15998697,0.0,0.0,0.0
-0.5778656,6.9882355,6.467804,-0.011217952,-0.3168211,-0.05028248,0.0,0.0,0.0
-0.54914856,6.98584,6.51326,0.017133534,-0.31015348,-0.01500082,0.0,0.0,0.0
-0.5467529,6.9846497,6.2727814,0.019384444,-0.3064494,-0.2609582,0.0,0.0,0.0
-0.5096741,7.019348,6.106476,0.054225624,-0.27629566,-0.42238235,0.0,0.0,0.0
-0.46180725,7.0085754,6.0837555,0.099594,-0.29117346,-0.4407282,0.0,0.0,0.0
-0.5144501,7.019348,6.2524414,0.044896483,-0.28031254,-0.27231693,0.0,0.0,0.0
-0.5240326,7.0181427,6.47258,0.034231603,-0.27341175,-0.06132841,0.0,0.0,0.0
-0.58265686,7.051651,6.508484,-0.022664428,-0.22990084,-0.036422253,0.0,0.0,0.0
-0.5156555,7.071991,6.468994,0.04422587,-0.20277214,-0.08346701,0.0,0.0,0.0
-0.54914856,7.014557,6.381653,0.009912431,-0.25833035,-0.1729598,0.0,0.0,0.0
-0.53718567,6.970291,6.3637085,0.020697415,-0.2993722,-0.1945796,0.0,0.0,0.0
-0.50727844,6.9439697,6.315857,0.04816562,-0.32395458,-0.24456549,0.0,0.0,0.0
-0.4630127,6.9762726,6.262024,0.08865398,-0.2908826,-0.29956913,0.0,0.0,0.0
-0.4558258,6.9930267,6.1292114,0.092414975,-0.27651787,-0.4300213,0.0,0.0,0.0
-0.5048828,6.961914,6.242874,0.040519297,-0.30766964,-0.31655216,0.0,0.0,0.0
-0.5778656,7.0133667,6.418747,-0.0313164,-0.24583626,-0.15207005,0.0,0.0,0.0
-0.58026123,7.00618,6.4869385,-0.034027994,-0.2441721,-0.09367037,0.0,0.0,0.0
-0.5790558,7.0588226,6.4618225,-0.03276944,-0.1875987,-0.12310982,0.0,0.0,0.0
-0.60658264,7.0133667,6.398407,-0.05835575,-0.23107576,-0.18854094,0.0,0.0,0.0
-0.49650574,6.982254,6.357727,0.052226663,-0.26067877,-0.23083925,0.0,0.0,0.0
-0.5001068,6.941574,6.2799683,0.04766482,-0.30251646,-0.307405,0.0,0.0,0.0
-0.49771118,7.010971,6.296707,0.04956764,-0.23536253,-0.288239,0.0,0.0,0.0
-0.5419769,6.9655,6.256027,0.00523448,-0.2827797,-0.3267827,0.0,0.0,0.0
-0.5144501,6.9966125,6.2357025,0.031939387,-0.2546916,-0.34384346,0.0,0.0,0.0
-0.5778656,7.068405,6.2680054,-0.030543685,-0.18386936,-0.3103943,0.0,0.0,0.0
-0.54556274,7.0743866,6.3637085,0.0023129582,-0.17738199,-0.21520281,0.0,0.0,0.0
-0.43788147,7.0791626,6.299103,0.10686815,-0.17715454,-0.27505112,0.0,0.0,0.0
-0.49412537,7.076767,6.1794586,0.049229562,-0.18456316,-0.3892727,0.0,0.0,0.0
-0.5001068,7.0995026,6.2907257,0.044611692,-0.16727257,-0.2718687,0.0,0.0,0.0
-0.5240326,7.0660095,6.3888397,0.01988405,-0.19944763,-0.17528105,0.0,0.0,0.0
-0.47976685,7.0492554,6.3014984,0.0631237,-0.21877956,-0.2598524,0.0,0.0,0.0
-0.48812866,6.9954224,6.2237244,0.054935038,-0.277112,-0.3326249,0.0,0.0,0.0
-0.5001068,7.0588226,6.381653,0.042628944,-0.21510267,-0.1731801,0.0,0.0,0.0
-0.48335266,7.0624084,6.2596283,0.05948186,-0.21292734,-0.29363012,0.0,0.0,0.0
-0.47138977,7.060028,6.027527,0.07192671,-0.2266264,-0.5131049,0.0,0.0,0.0
-0.5240326,7.0779724,6.0753784,0.018688321,-0.21669197,-0.45636892,0.0,0.0,0.0
-0.5156555,7.1030884,6.3098755,0.025737405,-0.1918459,-0.22167969,0.0,0.0,0.0
-0.5850525,7.08873,6.3912354,-0.040291965,-0.2018919,-0.14485359,0.0,0.0,0.0
-0.6029968,7.034897,6.500107,-0.055259407,-0.25011492,-0.04198551,0.0,0.0,0.0
-0.550354,7.00618,6.567108,-0.0016616583,-0.26758003,0.01258707,0.0,0.0,0.0
-0.54914856,7.022934,6.5599213,1.1020899E-4,-0.24603653,1.3637543E-4,0.0,0.0,0.0
-0.5144501,7.0875397,6.354141,0.037646055,-0.18216515,-0.20459175,0.0,0.0,0.0
-0.55633545,7.093521,6.262024,-0.0031428337,-0.1794262,-0.29302025,0.0,0.0,0.0
-0.4510498,7.048065,6.2440643,0.100135624,-0.22916031,-0.30639887,0.0,0.0,0.0
-0.4402771,7.0301056,6.296707,0.10927427,-0.2488637,-0.2519555,0.0,0.0,0.0
-0.5024872,6.9834595,6.34935,0.04625213,-0.29343414,-0.20168734,0.0,0.0,0.0
-0.5467529,7.0301056,6.336197,0.0030227304,-0.24146461,-0.2206626,0.0,0.0,0.0
-0.50727844,7.080368,6.2081757,0.042225003,-0.19348001,-0.346179,0.0,0.0,0.0
-0.5240326,7.044464,6.175873,0.024041295,-0.23596191,-0.37129402,0.0,0.0,0.0
-0.5587311,7.0157623,6.254837,-0.010646045,-0.26542234,-0.2914858,0.0,0.0,0.0
-0.59820557,7.014557,6.357727,-0.04858005,-0.26272964,-0.19279957,0.0,0.0,0.0
-0.5694885,7.009781,6.415161,-0.017871797,-0.261065,-0.14234638,0.0,0.0,0.0
-0.51924133,6.9930267,6.4342957,0.032069266,-0.2753539,-0.12596989,0.0,0.0,0.0
-0.5144501,6.9834595,6.3708954,0.03587109,-0.28209925,-0.19257927,0.0,0.0,0.0
-0.5168457,6.98584,6.305084,0.032470465,-0.2796135,-0.2585907,0.0,0.0,0.0
-0.5024872,6.9966125,6.229721,0.045387566,-0.26969957,-0.3331232,0.0,0.0,0.0
-0.47257996,6.9870453,6.20578,0.07291502,-0.28267765,-0.3534851,0.0,0.0,0.0
-0.5144501,6.9762726,6.2285156,0.02821815,-0.29589176,-0.32827616,0.0,0.0,0.0
-0.5240326,6.9882355,6.3098755,0.019093752,-0.28257895,-0.2483759,0.0,0.0,0.0
-0.5766754,6.981064,6.4570313,-0.032385826,-0.28510427,-0.10627079,0.0,0.0,0.0
-0.47976685,6.98584,6.5575256,0.06341833,-0.27100658,-0.01617384,0.0,0.0,0.0
-0.5670929,6.948761,6.4965057,-0.022918165,-0.30472946,-0.08081436,0.0,0.0,0.0
-0.5001068,6.929611,6.422333,0.04578793,-0.3224697,-0.15639877,0.0,0.0,0.0
-0.45942688,6.870987,6.336197,0.08406359,-0.38324642,-0.24036026,0.0,0.0,0.0
-0.48095703,6.898514,6.1363983,0.062122703,-0.36133003,-0.43399906,0.0,0.0,0.0
-0.49531555,6.9583282,6.106476,0.04888642,-0.3071146,-0.45763683,0.0,0.0,0.0
-0.53718567,6.969101,6.22612,0.008668184,-0.29738808,-0.33669662,0.0,0.0,0.0
-0.5515442,6.932007,6.4127655,-0.004571378,-0.3300352,-0.1548791,0.0,0.0,0.0
-0.5001068,6.9750824,6.501297,0.04794258,-0.2788558,-0.07520771,0.0,0.0,0.0
-0.49771118,7.0001984,6.51326,0.049527764,-0.2489562,-0.06858444,0.0,0.0,0.0
-0.5252228,7.00618,6.4582214,0.021926701,-0.24015522,-0.12673378,0.0,0.0,0.0
-0.5156555,6.949951,6.4319,0.031466246,-0.2974248,-0.15191221,0.0,0.0,0.0
-0.45942688,6.949951,6.3505554,0.086602986,-0.30020142,-0.23028994,0.0,0.0,0.0
-0.44865417,6.941574,6.2117615,0.09642285,-0.31324434,-0.36401892,0.0,0.0,0.0
-0.501297,6.978668,6.1495514,0.044187903,-0.28163528,-0.42013836,0.0,0.0,0.0
-0.55274963,6.9930267,6.2033997,-0.0048128963,-0.27104378,-0.3619213,0.0,0.0,0.0
-0.55752563,7.0049896,6.4091797,-0.0077958107,-0.25692892,-0.15837193,0.0,0.0,0.0
-0.5132599,6.981064,6.4163513,0.036192894,-0.277308,-0.15514183,0.0,0.0,0.0
-0.447464,7.02652,6.34935,0.10154253,-0.23323965,-0.22064781,0.0,0.0,0.0
-0.501297,6.957138,6.376877,0.04783404,-0.30413198,-0.19144154,0.0,0.0,0.0
-0.5036926,6.994217,6.4833527,0.045025527,-0.26356077,-0.08885813,0.0,0.0,0.0
-0.47018433,6.999008,6.51326,0.07695204,-0.2554283,-0.06277084,0.0,0.0,0.0
-0.5084686,7.1318054,6.415161,0.038521826,-0.12453365,-0.15878248,0.0,0.0,0.0
-0.6029968,7.0911255,6.1136627,-0.05123186,-0.17303228,-0.45124006,0.0,0.0,0.0
-0.61016846,7.0875397,6.3302155,-0.05864775,-0.18747663,-0.22267294,0.0,0.0,0.0
-0.48693848,7.02652,6.477371,0.062187552,-0.24489069,-0.07971954,0.0,0.0,0.0
-0.4558258,6.9966125,6.1292114,0.09071463,-0.28260326,-0.4194293,0.0,0.0,0.0
-0.47616577,6.977478,6.0921326,0.06868142,-0.31288815,-0.44423437,0.0,0.0,0.0
-0.57069397,7.0372925,6.22612,-0.026079297,-0.26260185,-0.299623,0.0,0.0,0.0
-0.55513,7.034897,6.2799683,-0.008122563,-0.26779842,-0.24244022,0.0,0.0,0.0
-0.5539398,7.039688,6.258423,-0.0059031844,-0.26601458,-0.26053047,0.0,0.0,0.0
-0.57307434,7.073181,6.2081757,-0.026190639,-0.24049473,-0.30192804,0.0,0.0,0.0
-0.59580994,7.0863495,6.089737,-0.046503603,-0.23405504,-0.41259527,0.0,0.0,0.0
-0.50608826,7.1401825,6.150757,0.047617555,-0.18712187,-0.34342527,0.0,0.0,0.0
-0.5024872,7.1389923,6.2775726,0.05079353,-0.18792629,-0.21708155,0.0,0.0,0.0
-0.49890137,7.124634,6.4319,0.053480923,-0.19940186,-0.06608105,0.0,0.0,0.0
-0.48335266,7.097107,6.4115753,0.07048994,-0.2251792,-0.0882535,0.0,0.0,0.0
-0.55513,6.9954224,6.20459,0.0022425056,-0.3307457,-0.29056072,0.0,0.0,0.0
-0.53718567,7.0492554,6.131607,0.024944484,-0.28145027,-0.35801172,0.0,0.0,0.0
-0.5252228,7.055237,6.1663055,0.038202405,-0.27902222,-0.31918526,0.0,0.0,0.0
-0.4749756,6.978668,6.08255,0.08708137,-0.35610294,-0.4024806,0.0,0.0,0.0
-0.5276184,7.0361023,6.032303,0.036750138,-0.30119658,-0.44966555,0.0,0.0,0.0
-0.58026123,7.0743866,6.126816,-0.013312995,-0.25911045,-0.35922956,0.0,0.0,0.0
-0.60658264,7.0468597,6.6053925,-0.037166774,-0.27209997,0.10316324,0.0,0.0,0.0
-0.52163696,7.0301056,6.417557,0.04851818,-0.27517986,-0.099967,0.0,0.0,0.0
-0.5048828,7.014557,6.296707,0.06649715,-0.29219723,-0.21906185,0.0,0.0,0.0
-0.57547,7.0504456,6.2644043,-0.0020723343,-0.2587552,-0.2484436,0.0,0.0,0.0
-0.5778656,7.0743866,6.34935,-0.0028358102,-0.23165655,-0.16689634,0.0,0.0,0.0
-0.54437256,7.0959167,6.2440643,0.030444205,-0.21084118,-0.27139854,0.0,0.0,0.0
-0.53718567,7.048065,6.1627197,0.03832078,-0.26519108,-0.34538746,0.0,0.0,0.0
-0.58265686,7.034897,6.315857,-0.0053171515,-0.27985096,-0.19041157,0.0,0.0,0.0
-0.5934143,7.0085754,6.3672943,-0.014569819,-0.30099583,-0.14465618,0.0,0.0,0.0
-0.55513,7.048065,6.3517456,0.02490896,-0.25911427,-0.16278219,0.0,0.0,0.0
-0.53359985,7.0181427,6.155533,0.045966804,-0.29361868,-0.35389376,0.0,0.0,0.0
-0.5479584,7.048065,6.1627197,0.031185389,-0.2678523,-0.34207296,0.0,0.0,0.0
-0.5407715,7.044464,6.256027,0.037194908,-0.2713747,-0.24895906,0.0,0.0,0.0
-0.4905243,7.092331,6.196213,0.08537054,-0.22327805,-0.30921555,0.0,0.0,0.0
-0.5240326,7.064804,6.2691956,0.047197342,-0.24889755,-0.23878813,0.0,0.0,0.0
-0.53001404,7.0456696,6.3421783,0.038816094,-0.26427507,-0.17023468,0.0,0.0,0.0
-0.5647125,7.0671997,6.3553314,0.0040338635,-0.23827744,-0.16210032,0.0,0.0,0.0
-0.55752563,7.083954,6.221344,0.010838389,-0.21743584,-0.30070066,0.0,0.0,0.0
-0.5467529,7.044464,6.1997986,0.019291699,-0.25758266,-0.32171154,0.0,0.0,0.0
-0.63409424,7.0289154,6.337387,-0.06797695,-0.26942444,-0.18826532,0.0,0.0,0.0
-0.59461975,7.0361023,6.5407867,-0.02931887,-0.25563765,0.0076904297,0.0,0.0,0.0
-0.5922241,7.0456696,6.4115753,-0.026957035,-0.23892975,-0.12948513,0.0,0.0,0.0
-0.5539398,7.0588226,6.305084,0.01311475,-0.22601604,-0.23555517,0.0,0.0,0.0
-0.5383911,7.055237,6.294327,0.028344512,-0.23252583,-0.24308205,0.0,0.0,0.0
-0.50727844,7.0624084,6.3469543,0.057677984,-0.22764015,-0.18805885,0.0,0.0,0.0
-0.4785614,7.076767,6.253647,0.08476704,-0.21450567,-0.28014135,0.0,0.0,0.0
-0.44506836,7.0372925,6.2321014,0.11329305,-0.257679,-0.29798365,0.0,0.0,0.0
-0.47616577,7.0073853,6.2644043,0.07921445,-0.28839397,-0.2650323,0.0,0.0,0.0
-0.53001404,7.0361023,6.271591,0.023141146,-0.25954533,-0.25818157,0.0,0.0,0.0
-0.52282715,7.010971,6.22493,0.03040123,-0.2846732,-0.3048401,0.0,0.0,0.0
-0.49771118,7.0121613,6.2321014,0.054285705,-0.2842536,-0.2969122,0.0,0.0,0.0
-0.48454285,7.051651,6.2644043,0.06612897,-0.24379253,-0.26580667,0.0,0.0,0.0
-0.47616577,7.0121613,6.376877,0.07763332,-0.2805457,-0.15612507,0.0,0.0,0.0
-0.53001404,6.9667053,6.415161,0.02116239,-0.32240534,-0.12207508,0.0,0.0,0.0
-0.4665985,6.9714813,6.317047,0.08290148,-0.3142891,-0.2240529,0.0,0.0,0.0
-0.49172974,7.024124,6.2081757,0.057415128,-0.26464272,-0.32961512,0.0,0.0,0.0
-0.5359955,6.952347,6.217743,0.01388675,-0.3379178,-0.3183155,0.0,0.0,0.0
-0.5814514,6.9224396,6.229721,-0.029768705,-0.36513233,-0.3091874,0.0,0.0,0.0
-0.5276184,6.9870453,6.251251,0.024821043,-0.2994299,-0.2888155,0.0,0.0,0.0
-0.51924133,7.031311,6.24527,0.03521824,-0.25545692,-0.29430056,0.0,0.0,0.0
-0.52163696,7.019348,6.374481,0.03306085,-0.26294184,-0.17005491,0.0,0.0,0.0
-0.5670929,7.0133667,6.5359955,-0.012576997,-0.2585745,-0.020052433,0.0,0.0,0.0
-0.50727844,7.014557,6.526428,0.046811342,-0.25334692,-0.034131527,0.0,0.0,0.0
-0.42591858,7.055237,6.2572327,0.1270709,-0.21491385,-0.3009305,0.0,0.0,0.0
-0.49412537,7.009781,6.20459,0.058674812,-0.26812935,-0.3449769,0.0,0.0,0.0
-0.5288086,7.00618,6.3110657,0.023709953,-0.27372932,-0.23630285,0.0,0.0,0.0
-0.50608826,7.0456696,6.2979126,0.046164274,-0.23424292,-0.249475,0.0,0.0,0.0
-0.4905243,7.024124,6.212967,0.06209272,-0.2600875,-0.32960653,0.0,0.0,0.0
-0.5407715,6.9762726,6.2117615,0.012391746,-0.31068325,-0.32770872,0.0,0.0,0.0
-0.5814514,7.0337067,6.3338013,-0.027172446,-0.25010824,-0.20907307,0.0,0.0,0.0
-0.53479004,7.0540466,6.3625183,0.018262208,-0.22677326,-0.18379211,0.0,0.0,0.0
-0.49412537,7.101898,6.3302155,0.057667315,-0.17696238,-0.21837997,0.0,0.0,0.0
-0.5096741,6.9870453,6.5036926,0.040427208,-0.28899384,-0.04817915,0.0,0.0,0.0
-0.52163696,7.003784,6.526428,0.027582943,-0.26645994,-0.03194809,0.0,0.0,0.0
-0.5312042,6.9750824,6.439087,0.017747343,-0.28859758,-0.12658119,0.0,0.0,0.0
-0.48095703,7.0911255,6.18425,0.06801057,-0.17335749,-0.38052797,0.0,0.0,0.0
-0.5120697,7.044464,6.135193,0.03871578,-0.22777319,-0.4208417,0.0,0.0,0.0
-0.5419769,7.02652,6.3110657,0.0073402524,-0.24750137,-0.24311304,0.0,0.0,0.0
-0.5407715,7.0073853,6.3433685,0.0097485185,-0.2618494,-0.21601725,0.0,0.0,0.0
-0.55513,7.014557,6.324234,-0.002030313,-0.25176144,-0.23816586,0.0,0.0,0.0
-0.5515442,7.0624084,6.4378967,0.0017288327,-0.20180464,-0.1268177,0.0,0.0,0.0
