-0.5778656,6.0969086,7.7850494,0.05893576,-0.124574184,-0.27910614,0.025012255,-0.06273937,9.502791
-0.33499146,6.2895355,8.225327,0.15365553,-0.23511696,-0.14730167,0.10977507,-0.09868717,9.52594
-0.25004578,6.7920227,8.359329,0.1798042,-0.23199797,-0.1990509,0.12855709,-0.06408882,9.482398
-0.98106384,7.25264,7.932205,0.18140793,-0.25598478,-0.44343662,0.09310031,0.06470251,9.275407
-1.3471527,7.2598267,7.9776764,0.17267287,-0.21495533,-0.62721014,0.061258256,0.21138716,9.157823
-2.1248322,6.7693024,8.489731,0.16678321,-0.23288298,-0.52347136,0.06886107,0.13620138,9.229779
-2.4813538,5.493927,9.55574,0.2510624,-0.28018427,-0.5045557,0.15112448,0.090706825,9.202461
-2.273178,5.129013,9.6514435,0.32851994,-0.27988768,-0.5742221,0.2180509,0.13855839,9.136391
-0.85783386,5.0285187,8.600998,0.3817563,-0.23986435,-0.7342696,0.25027287,0.27273846,9.028575
-0.08973694,5.2342987,7.223938,0.22606087,-0.28864717,-0.71903515,0.017638683,-0.24249554,9.03703
0.34695435,5.353943,6.242874,0.13961434,-0.28293037,-0.43369484,-0.024110794,-0.06855035,9.275282
0.73698425,5.3778687,5.7379913,0.107904315,-0.1974492,-0.25068712,0.05485308,0.0032143593,9.474303
0.83509827,5.3862457,5.73201,0.16445935,-0.22776556,-0.32770538,0.09723592,0.02944231,9.3871355
0.30747986,5.148163,6.1746826,0.22780967,-0.22397518,-0.39164877,0.1506477,0.07553244,9.3301525
-0.5264282,4.49971,6.57547,0.18786466,-0.2649026,-0.40594864,0.10661042,0.05187559,9.300484
-0.77168274,3.9278107,6.8650055,0.19670546,-0.2836547,-0.30133295,-0.12752557,-0.037047386,9.368109
-0.58384705,3.448059,7.2921295,0.15795124,-0.28572226,-0.40529156,0.076313734,0.035577774,9.293076
-0.2596283,3.4337006,7.537384,0.17164898,-0.29948616,-0.5751643,0.06327927,0.13265371,9.152151
-0.25004578,3.5724792,8.0937195,0.14168942,-0.27270365,-0.5741515,0.03535855,0.15271616,9.174574
-0.81355286,3.8524475,8.128418,0.05096078,-0.31858826,-0.4144516,-0.0330801,0.013784409,9.282645
-0.94277954,4.0546417,8.092529,0.066034794,-0.35666895,-0.32926702,-0.024029493,0.064704895,9.32165
-1.0552368,4.6169586,7.676178,0.09053552,-0.3195691,-0.45188427,-3.0338764E-4,0.03821802,9.247133
-1.1641083,5.0189514,7.347168,0.06924713,-0.25760603,-0.5760107,-0.036462784,0.16435003,9.194601
-1.2586212,5.1649017,7.356735,0.032639146,-0.25781155,-0.45610523,-0.054698706,0.08796692,9.292031
-1.4201355,5.139786,7.8664093,0.030828834,-0.2903576,-0.2870655,0.009280205,0.054222822,9.400893
-1.5026855,5.058426,8.342575,0.061144352,-0.33955622,-0.27715874,-0.005419731,-0.08721638,9.372809
-1.5625153,4.968689,8.611771,0.057482123,-0.3489232,-0.39809608,-0.028233647,-0.018530369,9.275246
-1.4081726,4.8227386,8.962311,0.041014075,-0.32035828,-0.52384424,-0.0618577,0.08250713,9.199946
-1.2394867,4.70549,9.046066,0.120150805,-0.2937193,-0.6206784,0.0032104254,0.16769695,9.13003
-1.0133667,5.0189514,8.711075,0.13814735,-0.36243868,-0.43095207,0.045924067,-0.0053544044,9.228699
-0.8386841,5.3371887,8.112869,0.11770105,-0.33954668,-0.35297632,0.039642215,-0.03854227,9.30597
-0.69511414,5.785843,7.083954,0.07381487,-0.38518953,-0.32973337,-0.0029536486,-0.09133816,9.302476
-0.6963043,5.802597,7.0049896,0.09917307,-0.36300325,-0.2486844,0.03576672,-0.12391949,9.37443
-0.93678284,6.1615143,7.2502594,0.0998044,-0.38778496,-0.24598122,0.03498435,-0.1452837,9.361102
-1.0935211,6.22493,7.368698,0.10744047,-0.34631872,-0.22935724,0.047540903,-0.12374067,9.39859
-1.0588226,6.2321014,7.392624,0.12113452,-0.30362415,-0.4387579,0.031971216,0.0407362,9.261959
-0.83270264,6.6388855,7.5350037,0.07020676,-0.34949112,-0.47078466,-0.02636993,0.023293495,9.217181
-0.73579407,7.215561,7.545761,0.104138374,-0.28681946,-0.29984522,0.037175417,-0.032419205,9.381699
-0.7884369,7.6857452,7.578064,0.14011204,-0.24610901,-0.24531221,0.08373642,-0.033166885,9.442965
-1.6510468,7.4476624,7.598404,0.19215214,-0.2629323,-0.361907,0.11602342,0.028787613,9.334694
-2.8343048,6.1172485,8.208572,0.14556015,-0.35298347,-0.5175514,-0.011288166,-0.06669927,9.167066
-3.0807648,5.4723816,9.018555,0.15072656,-0.28808594,-0.48910666,0.053886056,0.08840132,9.228534
-3.279358,4.417145,9.49472,0.16644657,-0.30665112,-0.4066081,0.0808202,0.023575306,9.277518
-3.672989,3.3068848,9.671783,0.22829854,-0.3861971,-0.2765789,0.15695655,-0.1169405,9.31731
-3.743576,2.675171,9.736389,0.17185879,-0.40108395,-0.34546328,-0.11960101,0.03995657,9.264573
-3.1369934,2.1559296,8.925232,0.18608236,-0.31476784,-0.39918184,0.101163745,0.013373375,9.275013
-3.2434692,2.2061768,8.170288,0.15890372,-0.32598877,-0.38219357,0.07621181,-0.0071001053,9.28537
-3.4360962,2.3318024,7.6450653,0.12919772,-0.3350706,-0.28248549,0.061703086,-0.07801247,9.360702
-3.0101776,2.7230377,7.075577,0.14432776,-0.31689072,-0.27616024,0.07868266,-0.067522526,9.374489
-2.1846466,3.2973022,6.467804,0.11322987,-0.2657442,-0.30946302,0.046257854,-0.008449078,9.385941
-2.0219421,3.385849,6.4582214,0.1649375,-0.20796633,-0.3302269,0.09775829,0.052307606,9.397736
-1.7862396,3.7615204,6.521637,0.18253362,-0.21938086,-0.3488593,0.1114943,0.056263924,9.373577
-1.866394,4.042679,6.957138,0.22770584,-0.2947631,-0.3374896,0.15321589,-0.0073332787,9.328
-1.7551422,4.228119,7.027725,0.15754318,-0.28684473,-0.35680056,0.08187568,0.00719738,9.329522
-1.4967041,4.671982,6.9236298,0.13000453,-0.28569984,-0.36323643,0.053909898,0.010726929,9.329739
-1.5062866,4.6540375,7.237091,0.115986586,-0.29650497,-0.2970786,-0.06239724,0.0123775005,9.375863
-1.463211,4.7808533,7.5266266,0.17770827,-0.33042526,-0.3392148,0.10183215,-0.03686714,9.312588
-1.4883423,4.741379,7.7658997,0.15458453,-0.35029984,-0.3889532,0.070067406,-0.022398472,9.265837
-1.7228394,4.742569,8.0195465,0.13770592,-0.33406878,-0.42554665,0.048685074,0.012722969,9.250662
-2.050644,4.634903,8.251648,0.09014559,-0.36841583,-0.35483885,0.010655642,-0.060245037,9.290875
-2.2911224,4.5403748,8.463409,0.12760377,-0.36681318,-0.3057809,0.05527103,-0.08780956,9.323359
-2.3772736,4.496109,8.5208435,0.19113994,-0.2942567,-0.41931963,0.104643226,0.04296589,9.271716
-2.4610138,4.433899,8.432312,0.18409038,-0.33038664,-0.5821028,0.07002652,0.11742449,9.126066
-2.5926208,4.331009,8.268402,0.13404953,-0.35538483,-0.568038,0.020925522,0.08736086,9.129254
-2.5567322,4.0773773,8.221741,0.10619056,-0.35181284,-0.27458668,0.03882134,-0.09565592,9.359673
-2.416748,4.022339,8.355743,0.13432562,-0.33131933,-0.28957367,0.06515324,-0.06900406,9.356469
-1.7814636,4.3058777,8.282761,0.09908974,-0.3500414,-0.35469055,0.018474221,-0.044168472,9.300822
-1.3997955,4.9088745,8.009979,0.075624466,-0.30581188,-0.44046545,-0.015508413,0.043435574,9.267092
-1.2418823,5.127823,7.939392,0.06502962,-0.34246588,-0.2778201,-0.0032173395,-0.08749342,9.36958
-1.2813568,5.119446,7.9214325,0.07515812,-0.39714622,-0.28797483,-0.056238413,0.10957551,9.325887
-1.1904297,4.8694,7.7838593,0.0966388,-0.38801813,-0.35730934,0.01154685,-0.071801186,9.2753525
-0.78245544,4.8466644,7.8472595,0.12834811,-0.3516922,-0.4654808,-0.012851715,-0.036230564,9.210533
-0.43190002,4.8993073,8.199005,0.14138341,-0.3078084,-0.47021818,0.042960525,0.06444836,9.232332
-0.4390869,4.922043,8.492126,0.07932389,-0.36460114,-0.29092026,0.0057965517,-0.095528126,9.343291
-0.4295044,4.7868347,8.395218,0.10746944,-0.35620308,-0.29613352,0.033077836,-0.0848465,9.339925
-0.19621277,4.923233,7.959717,0.12966752,-0.3201542,-0.39947653,0.04105425,0.009094715,9.280224
0.07417297,5.059616,7.1928253,0.11923051,-0.29299784,-0.4649434,0.0123353,-0.07368517,9.249287
0.28115845,5.24028,6.742981,0.14452505,-0.34953833,-0.19908428,0.08491695,-0.13919401,9.411539
0.43788147,5.345566,6.501297,0.14834988,-0.3667369,-0.14180899,0.09644568,-0.18863201,9.443705
0.41874695,5.38385,6.4833527,0.19678926,-0.34665108,-0.33808947,0.11459005,-0.047700405,9.298919
0.19621277,5.129013,6.705887,0.23104739,-0.30297995,-0.44751978,0.1343627,0.056804657,9.237288
0.06341553,4.857437,7.1413727,0.17865574,-0.28985214,-0.44533348,0.0841918,0.06417227,9.256152
-0.06341553,4.7042847,7.657028,0.13799441,-0.21169472,-0.44126558,0.050478816,0.12121439,9.315395
-0.1986084,4.821533,8.026718,0.2505716,-0.29588795,-0.4011364,0.16193527,0.036233902,9.274006
-0.61135864,4.9076843,7.9908295,0.2601241,-0.32427788,-0.44313717,0.16295165,0.04116583,9.222747
-0.8614197,5.181656,7.4560394,0.22371697,-0.29485416,-0.33789396,-0.13366127,-0.059306145,9.3273
-0.86021423,5.235489,7.281357,0.14315248,-0.33820438,-0.20095015,-0.13232493,0.07864857,9.417344
-1.0588226,5.2079773,7.162918,0.15466464,-0.27145386,-0.074807644,0.12135744,-0.15571642,9.553217
-1.4955139,5.099106,7.430908,0.24934018,-0.25321436,-0.20337296,0.19571269,-0.056104183,9.4514065
-1.5924225,5.0488586,7.5708923,0.5214069,-0.46644878,-0.3787179,0.42158532,-0.096461296,9.138947
-1.5948181,5.05484,7.569687,0.58846855,-0.7254944,0.102375984,0.5427271,-0.5984392,9.326614
-1.401001,5.0979156,7.491928,1.8774446,-1.1619334,0.541451,1.827867,-1.1808083,9.14889
-1.0157471,5.4759674,7.820938,1.0118737,-1.0684881,0.6526141,0.9943261,-1.2068267,9.424099
-0.8757782,5.6889343,7.914261,1.1258607,-1.0599647,0.48975992,1.0171227,-1.1246123,9.230751
-0.72143555,6.3134613,8.0327,0.75158834,-0.7305622,-0.16920996,0.58126885,-0.41505814,9.021099
-1.5062866,5.8624115,7.544571,0.6491387,-0.5559764,-0.83363247,-0.19106936,-0.36789608,8.6870165
-1.8855438,5.5501556,7.8999023,0.06913638,-0.30767202,-1.5231533,-0.29929537,0.94187,8.605509
-2.622528,5.120636,8.7960205,-0.71908116,0.11376381,-1.9790401,-1.0083653,1.6537278,8.972981
-3.6598206,4.52124,9.536591,-1.3190482,0.377985,-2.179089,-1.5259744,2.0176854,9.325466
-4.322632,3.8967133,9.984055,-1.3311286,0.33331013,-1.8507929,-1.4805067,1.7431886,9.527673
-4.2915344,3.4911346,9.6466675,-1.2218201,0.30463934,-1.2791476,-1.2706896,1.2675767,9.7850485
-3.981659,3.6670074,8.769699,-1.1511822,0.18206882,-0.69484377,-1.1299517,0.7287352,9.9892235
-3.9421692,4.0163574,7.7407837,-1.5568473,0.31519604,-0.4144311,-1.4016763,0.61850643,10.396252
-3.8488617,4.0749817,6.9379883,-1.0757487,0.23445511,-0.83874416,-1.0589144,0.88470674,9.914774
-3.053238,4.258026,6.2524414,-0.5306163,0.06344414,-1.2222414,1.1353986,-0.5485096,9.371381
-2.7804565,4.3668976,6.139984,-0.39922333,-0.045420647,-1.1160455,-0.58334213,0.9020591,9.303658
-2.3246307,4.8071747,6.0059814,0.136662,-0.42376614,-0.34398603,-0.08408189,0.02234602,9.250761
-2.2839508,4.8921204,6.0335083,0.37638092,-0.5778775,-0.09355354,0.12728643,-0.28669405,9.185392
-2.2815552,4.977066,6.119644,0.2761488,-0.53045225,-0.06754923,0.055423737,-0.2742324,9.273804
-2.4382935,5.1876373,6.6185455,0.05443263,-0.32879114,-0.16199923,-0.095439374,-0.0649333,9.4545355
-2.6045837,5.2881317,7.010971,-0.15416908,-0.19565582,-0.4264288,-0.28696656,0.24154377,9.485406
-2.567505,5.1302185,7.3902283,-0.077785015,-0.10011196,-0.59663916,-0.21331507,0.43146396,9.431969
-2.5028992,4.894516,7.6821594,-0.11180782,-0.10479164,-0.66804934,-0.25879496,0.49074197,9.404196
-2.691925,4.68515,7.9944153,-0.27336383,-0.047227383,-0.52388763,-0.3595844,0.4192655,9.5914
-2.806778,4.6169586,8.041077,-0.24856782,-0.14375973,-0.24897385,-0.3235675,0.13837194,9.66313
-3.139389,4.6289215,8.276779,-0.106058836,-0.21768093,-0.2125845,-0.21405405,0.056058884,9.572421
-3.5784607,4.277176,8.385651,0.041867495,-0.3512535,-0.35890484,-0.15383172,0.088897705,9.335081
-3.4085693,4.3465576,8.437088,-0.01884818,-0.37050247,-0.4330635,-0.22961515,0.14401054,9.304944
-2.8498535,4.1683044,7.902298,-0.10561371,-0.25079393,-0.5396004,-0.28296405,0.30721498,9.369876
-2.141571,4.466202,7.4644165,0.091804504,-0.21969652,-1.2095985,-0.20738888,0.85893893,8.946978
-1.4237366,4.8023987,7.0073853,-0.1516757,-0.25240755,-0.29151487,-0.28214276,0.106954575,9.522657
-1.1078796,4.8586273,6.7836456,-0.21793008,-0.22743654,-0.011165142,0.17816806,0.24524617,9.720302
-1.228714,4.566696,7.174881,-0.051599026,-0.17575693,-0.30581522,-0.16280597,0.15256834,9.528635
-1.4177399,4.076172,7.7838593,-0.123259544,-0.1832757,-0.5181966,-0.2644353,0.32742548,9.432247
-1.5074768,3.8201447,8.254044,-0.1878171,-0.14797926,-0.6302247,-0.32743055,0.44399524,9.419334
-1.6295166,4.0570374,8.672791,-0.16952968,-0.14839888,-0.85108423,0.63297033,-0.32384324,9.287439
-1.7276154,4.191025,8.621338,-0.06492281,-0.22957659,-0.85955715,0.5426674,-0.32190633,9.176058
-1.8436737,4.565506,8.330612,-0.15580463,-0.31208372,-0.31063747,-0.3021642,0.08109999,9.459826
-1.984848,5.0847473,7.829315,-0.25106382,-0.28290606,-0.2263813,-0.3647346,0.037548542,9.561954
-1.9836426,5.296509,7.8771667,-0.3693421,-0.16016483,-0.5287523,-0.47369534,0.3593526,9.509794
-1.9501495,5.3611145,7.9872437,-0.079027414,-0.18784666,-0.55379677,-0.21633768,0.32618046,9.365033
-1.5110626,5.1649017,7.852051,-0.042924643,-0.25564814,-0.49357748,-0.19541156,0.22497654,9.3354645
-1.1138611,5.01297,7.6007996,7.491112E-4,-0.29777193,-0.16879511,-0.121982455,-0.05851841,9.492234
-0.9834442,4.9304047,7.5421753,-0.024288416,-0.33413458,-0.08488989,-0.14125144,-0.1505084,9.529455
-0.7346039,4.619339,7.4727783,0.09610081,-0.37215424,-0.034776688,-0.031537414,-0.23056555,9.498774
-0.5694885,4.435089,7.5014954,0.20661592,-0.3744111,-0.14921236,0.06511378,-0.17162085,9.3925905
-0.39361572,4.1826477,7.6211395,0.13599205,-0.3272004,-0.24154139,0.007646978,-0.07364607,9.384261
-0.20100403,4.0546417,7.7192383,0.16101027,-0.360466,-0.112222195,0.04029286,-0.19554234,9.448051
-0.8841553,3.8656006,8.039886,0.097049,-0.31017637,-0.16003036,-0.008449316,-0.12322426,9.466089
-1.2933197,3.8488617,8.287537,0.09952426,-0.2893567,-0.19822836,-0.043705225,0.07536292,9.452621
-2.0039825,3.829712,8.755341,0.23104215,-0.3170309,-0.17599249,-0.17786288,0.05777645,9.419497
-2.511261,3.5078735,8.953949,0.27141428,-0.33604574,-0.3687067,0.14207524,-0.030570507,9.257635
-2.416748,3.3679047,8.81636,0.37574458,-0.36475277,-0.48585224,0.2285375,0.013900757,9.129997
-1.5409851,3.6586304,8.059021,0.4074142,-0.32359314,-0.49646616,0.2698536,0.047281265,9.141729
-1.2729797,3.8979034,7.4524536,0.3808837,-0.43655062,-0.23934937,0.2540717,-0.20393753,9.271118
-1.1078796,4.0618134,7.195221,0.3728056,-0.44241762,-0.25859642,0.24607939,-0.19855309,9.25746
-0.7142639,4.503296,6.7585297,0.4947889,-0.41595936,-0.28114462,0.36955643,-0.1741147,9.2322
-0.8123627,4.5631104,7.039688,0.58953595,-0.3817215,-0.40212822,-0.4385383,-0.1485517,9.142882
-1.4847412,4.1982117,7.593628,0.5299282,-0.3642273,-0.36075068,0.40741384,-0.086381435,9.198228
-1.9812622,3.9266205,8.543579,0.5425539,-0.34096813,-0.26314497,0.4354391,-0.13275623,9.284503
-2.511261,3.4863434,9.992432,0.5003786,-0.3388853,-0.30754852,0.38961828,-0.10036659,9.260818
-2.5938263,3.370285,10.326233,0.4133792,-0.32904768,-0.38402605,0.29779178,-0.03825569,9.226576
-2.757721,3.8225403,10.762909,0.12952137,-0.23684406,-0.23726416,0.054711282,-0.040558815,9.453767
-2.950348,4.1072845,10.552353,0.07090497,-0.15502119,-0.12850237,0.025221884,-0.042642593,9.599002
-3.4504547,4.6588287,9.123825,0.13969088,-0.21660328,-0.31019783,-0.039227724,-0.048884153,9.408247
-3.4923248,4.675583,8.895325,0.15686083,-0.26379204,-0.45441103,-0.0018799305,-0.090289116,9.265795
-2.889328,4.290329,8.048264,0.1054728,-0.23448229,-0.31024122,0.02184391,0.010037422,9.404434
-1.138977,4.085739,7.795822,0.14750028,-0.2568221,-0.21272135,0.06965488,-0.07250738,9.456143
-1.0301056,4.1826477,7.8843536,0.22678876,-0.27888632,-0.37633228,0.123734474,0.009072781,9.301235
-1.1892395,4.240082,8.008774,0.22170901,-0.3046074,-0.5572429,0.09296042,0.105679035,9.148889
-1.3244324,4.3465576,8.146362,0.1889255,-0.27797413,-0.5303569,0.069565356,0.112112045,9.192784
-1.5517426,4.56192,8.067398,0.23102593,-0.2957468,-0.30865908,0.13336653,-0.046148777,9.341685
-1.8257294,4.7533417,7.932205,0.22318888,-0.34783983,-0.37822008,0.107791126,-0.041301727,9.258444
-2.2372894,4.84906,7.7682953,0.21763325,-0.30944777,-0.46143246,0.09979904,0.0419755,9.219862
-2.3521423,4.823929,7.708481,0.17903638,-0.26959038,-0.45403957,0.07045156,0.07088661,9.25811
-2.3569336,4.881363,7.4356995,0.1264255,-0.24984169,-0.2893138,0.04226923,-0.0154418945,9.406548
-2.1032867,5.004593,7.1485596,0.13043594,-0.31777143,-0.071174145,0.059150636,-0.20723248,9.529858
-2.1116638,5.1110687,7.076767,0.20820618,-0.34753084,-0.17634392,-0.18761802,0.08260512,9.415241
-2.2959137,5.309677,7.2514496,0.25174236,-0.2762556,-0.5119834,-0.06222248,-0.15315676,9.194694
-2.6368866,5.67218,7.902298,0.36442232,-0.28615046,-0.5963712,-0.124464035,-0.23880124,9.101082
-2.6727753,5.6351013,8.0195465,0.32571435,-0.31481838,-0.49471283,0.20049524,0.0552454,9.168926
-2.629715,5.502289,7.9692993,0.27608228,-0.36692953,-0.20512295,0.17756683,-0.16673899,9.366647
-2.148758,5.522629,7.552948,0.29519963,-0.41795254,-0.28246737,-0.23331475,0.04041004,9.272285
-1.9226379,5.620743,7.4368896,0.36042142,-0.35209417,-0.40259886,-0.2185905,-0.09718394,9.207707
-1.4943237,5.58844,7.1102753,0.3909223,-0.268373,-0.37116337,0.28559268,0.008139133,9.276578
-1.1928253,5.52742,7.0863495,0.046863317,-0.11694956,-0.51982737,-0.039378345,0.244277,9.332443
-1.0791626,5.600403,7.208374,0.033080578,-0.12666607,-0.60922194,-0.064748764,0.29856968,9.263555
-0.8183441,5.79303,7.1186523,0.037871838,-0.09196758,-0.8365474,-0.0812186,0.47223425,9.113756
-0.59580994,5.8588257,6.941574,-0.09321928,-0.10332394,-0.6031108,-0.17846286,0.3382163,9.319959
-0.34934998,5.77388,6.7369995,-0.10651994,-0.1467495,-0.36808872,-0.18230051,0.15525627,9.473434
0.033493042,5.819351,6.6723785,-0.22708344,-0.18769169,-0.042327404,0.17767859,0.2209382,9.71608
0.30389404,5.625519,6.775284,-0.30488634,-0.13367939,-0.061371803,0.26438212,0.20756388,9.766506
0.29910278,5.531006,6.8721924,-0.3192582,-0.093605995,-0.35749435,-0.3824026,0.23311329,9.611929
0.38883972,5.77269,7.1940155,-0.37705016,0.010342598,-0.87765837,-0.4901235,0.7124789,9.4008045
0.11366272,6.0765686,7.154541,-0.37800336,0.027221203,-1.1562014,-0.5446148,0.9438529,9.265387
-0.112457275,6.171097,7.1497498,-0.26079583,-0.06729078,-1.0605645,-0.44999957,0.8165786,9.233904
-0.55992126,6.028717,6.981064,-0.21092677,-0.031834602,-0.73678637,-0.33822972,0.579088,9.43434
-0.6508484,6.0095673,6.949951,-0.3422289,-0.0578413,-0.48114824,-0.42285144,0.3686328,9.613581
-0.5934143,6.212967,6.7908325,-0.20707417,-0.17830658,-0.5575323,-0.35092622,0.35145044,9.434025
-0.42591858,6.3876343,6.5862427,0.008093834,-0.29407787,-0.72437,-0.21977633,0.40519738,9.175166
0.33021545,6.830307,6.332611,0.078959465,-0.31817198,-0.50094366,-0.12147164,0.20848131,9.258752
0.55633545,6.9798584,6.3134613,0.022236824,-0.3134489,-0.37284088,-0.14956069,0.11183834,9.35623
0.7621155,7.1437683,6.291931,-0.023470163,-0.2977314,-0.5765114,-0.22351241,0.28799915,9.269381
0.31225586,6.8925323,6.538391,-0.03596759,-0.27157116,-0.6436062,-0.23898822,0.3590858,9.2560005
0.18664551,6.7286224,6.7333984,-0.05595517,-0.2429285,-0.57015324,0.3711052,-0.13866186,9.326782
-0.17706299,6.139984,7.1389923,-0.16005325,-0.2020464,-0.3894639,-0.28577942,0.20357132,9.498412
-0.2141571,6.0681915,7.2107697,-0.19130301,-0.1729393,-0.2687688,-0.28341,0.12546158,9.60006
-0.38523865,5.99881,7.122238,-0.053376913,-0.2539482,-0.29931116,-0.18876404,0.0948205,9.471534
-0.64845276,5.9521484,6.9176483,0.12504554,-0.26518774,-0.6241379,-0.08719486,0.3418851,9.214182
-0.830307,6.0095673,6.7046814,-0.11630964,-0.15692902,-0.75750065,-0.29892546,0.52695537,9.311753
-0.90808105,6.168701,6.4989014,-0.14577198,-0.20447111,-0.54655886,-0.30362332,0.3304894,9.406182
-1.1042938,6.2979126,6.3314056,-0.25466037,-0.31616402,0.09023094,-0.32550466,-0.2442832,9.721061
-1.3686981,6.4091797,6.337387,-0.2905593,-0.22423077,0.25135565,-0.2985747,-0.31821156,9.893129
-1.3722839,6.3840485,6.3469543,-0.30800986,-0.25059938,-0.16981363,-0.3996542,0.0070533752,9.6431465
-1.3244324,6.3505554,6.4079742,0.016731262,-0.06756401,-0.6671181,-0.1265856,0.4973755,9.374812
-0.96310425,6.340973,6.3589325,0.015797377,-0.11459923,-0.83402586,-0.17286026,0.6034689,9.245466
-0.9714813,6.3062897,6.340973,0.013142586,-0.17866135,-0.80857515,-0.19010192,0.5429959,9.210914
-1.2598267,6.2117615,6.422333,0.095592976,-0.21310759,-0.6094141,-0.08678883,0.35504818,9.265959
-1.5158539,6.2321014,6.644867,0.17964363,-0.2605095,-0.60178137,-0.019301414,0.31213045,9.202929
-1.557724,6.1950226,7.0301056,-0.06986213,-0.15476656,-0.46047115,-0.19110197,0.27188444,9.445506
-1.3160553,6.196213,7.1617126,0.07489753,-0.34586573,-0.5793271,0.24009061,-0.115454674,9.182248
-1.1006927,6.201004,6.8901367,0.11493111,-0.34450197,-0.31604385,-0.04077977,0.01266098,9.327119
-1.1629181,6.2644043,6.9272156,0.15032053,-0.40387535,0.067697525,-0.21593261,0.24835396,9.520313
-1.331604,6.151947,7.25264,0.13081574,-0.34579277,0.1432414,-0.23862338,0.26147437,9.628063
-1.5493469,5.9413757,7.5673065,0.15616989,-0.29005623,-0.032598972,0.06952083,-0.19068289,9.545134
-1.4129639,5.743973,7.7970123,0.09622455,-0.22204065,-0.21032,0.011326253,-0.018297195,9.486756
-1.3387909,5.69133,7.771881,0.16566992,-0.2249074,-0.202878,0.08116901,-0.0352726,9.47295
-1.2634125,5.4640045,7.6785736,0.17293572,-0.22289467,-0.3111663,0.08027601,0.034495354,9.395822
-1.3280182,5.3575287,7.5960083,0.11216235,-0.1548891,-0.3643055,0.032751024,0.12087965,9.414725
-1.3399811,5.304886,7.5924225,0.27086258,-0.30576515,-0.4554181,0.14859855,0.05286503,9.21556
-1.360321,5.222336,7.652252,0.36329246,-0.3125434,-0.66290474,0.21788591,0.17302895,9.037434
-1.4153595,5.1469574,7.7635193,0.31023765,-0.28529167,-0.71552753,0.16781509,0.22813463,9.026003
-1.5158539,5.063217,7.907089,0.44202757,-0.36613512,-0.7178378,0.2846828,0.15759134,8.947083
-1.4895325,5.0368958,8.070984,0.43041062,-0.3608241,-0.701488,0.2844246,0.14438534,8.966539
-1.2729797,5.0847473,7.944168,0.39188075,-0.36031055,-0.38909006,0.2864592,-0.053717136,9.2151785
-1.282547,5.071594,7.849655,0.16625726,-0.26625967,-0.15397692,-0.15503383,0.052723885,9.497734
-1.1234283,5.251053,7.566101,0.15958607,-0.30901527,-0.030570984,-0.2117014,0.14904809,9.572429
-0.98583984,5.5166473,7.399811,0.22759843,-0.29873562,-0.031854153,-0.27083254,0.10951853,9.568502
-0.9379883,5.64946,7.237091,0.3649361,-0.25367355,-0.23492193,0.30223227,-0.07953882,9.412891
-1.0073853,6.099304,6.8231354,0.29436767,-0.3018446,-0.27065945,0.22394001,-0.095942974,9.3688545
-1.0037842,6.22612,6.7633057,0.23538232,-0.3538823,-0.103235245,0.177212,-0.2348361,9.483011
-0.7537384,6.242874,6.8231354,0.23677814,-0.30780792,-0.08906937,0.18623692,-0.20631504,9.521182
-0.7238312,6.2081757,6.945175,0.2407155,-0.2954378,-0.2885251,0.1707524,-0.08057928,9.367533
-0.89611816,5.9485626,7.10907,0.25988925,-0.17858744,-0.35273027,0.19697171,0.0511775,9.379523
-0.83270264,5.888733,7.174881,0.2799225,-0.2335844,-0.40150166,0.20498842,0.034570217,9.305744
-0.7142639,6.1363983,7.306488,0.29813635,-0.21639204,-0.42040205,0.22302431,0.059158325,9.297524
-0.9523468,6.110077,7.6115723,0.008425713,-0.0681591,-0.4788661,-0.052389085,0.22257185,9.380332
-1.0121613,6.0550385,7.808975,-0.2674172,0.03359413,-0.5376215,-0.31973904,0.3476944,9.434423
-1.2873383,5.8540344,8.212173,-0.21988523,-0.021965504,-0.4897666,-0.27412218,0.27339792,9.434073
-1.4081726,5.6937256,8.264816,-0.22489512,-0.04972601,-0.48252583,-0.28245592,0.24627209,9.42527
-1.450058,5.613556,8.122437,-0.27278125,-0.13735867,-0.46633863,-0.33790773,0.1675191,9.396157
-1.3698883,5.5908356,7.841278,-0.11090684,-0.2327795,-0.37458277,-0.1789015,0.0322361,9.389812
-1.159317,5.67218,7.2263184,0.10011685,-0.2673807,-0.41707945,0.020652592,0.025074482,9.302254
-1.0803528,5.679367,7.10907,0.21622479,-0.30939817,-0.49635124,-0.08905101,-0.090628624,9.196158
-0.9032898,5.9246216,6.859024,0.46411955,-0.34382343,-0.7040167,0.338611,0.13057756,8.971454
-0.8279114,6.0538483,6.6759796,0.511794,-0.33515787,-0.6965337,0.38768739,0.13673401,8.975732
-0.8901367,6.111267,6.600601,0.7184011,-0.35283613,-0.6144986,0.60173213,0.0797143,9.00057
-1.085144,6.2404785,6.55513,0.89734447,-0.33157682,-0.6111746,0.7827752,0.10394907,8.9910755
-1.02771,6.385254,6.567108,0.9854207,-0.26289558,-0.59374094,0.87828857,0.15531874,9.0338745
-1.0444641,6.415161,6.6185455,0.92210674,-0.2296195,-0.52959776,0.82713443,0.14722776,9.115526
-1.0540314,6.397217,6.5108643,0.84367883,-0.26102257,-0.4113779,0.7645011,0.05472088,9.205234
-0.9499512,6.4247284,6.5563354,0.6902039,-0.36767817,-0.2631545,0.62717223,-0.124752045,9.2852
-0.97029114,6.4905243,6.480957,0.4702928,-0.39071417,-0.025897026,-0.5254836,0.035428524,9.495017
-0.9403839,6.5563354,6.1651,0.33940256,-0.44472456,0.13272476,0.3271855,-0.43115425,9.612625
-0.9798584,6.4941254,6.139984,-0.116898656,-0.45599937,-0.0022587776,-0.14489198,-0.376359,9.563822
-0.8901367,6.378067,6.2680054,-0.17177832,-0.38718224,-0.13134241,-0.2138797,-0.24720192,9.506958
-1.1306152,6.06102,6.84227,0.5013529,-0.37644196,-0.37341833,0.40648842,0.029669285,9.201347
-1.1844482,6.0969086,6.67717,0.4986601,-0.320004,-0.5450711,0.0,0.0,0.0
-1.5110626,6.2033997,6.686737,0.2094878,-0.20146322,-0.53737736,0.0,0.0,0.0
-1.7814636,6.1830597,6.714264,0.021013975,-0.2012744,-0.50804424,0.0,0.0,0.0
-1.9728851,6.2033997,6.7046814,-0.10770357,-0.16471815,-0.5160222,0.0,0.0,0.0
-2.2456665,6.20578,6.838684,-0.31226826,-0.15092659,-0.37412643,0.0,0.0,0.0
-2.4047852,6.150757,7.0049896,-0.4237045,-0.19614792,-0.20351267,0.0,0.0,0.0
-2.3844452,6.069397,6.9559326,-0.3464856,-0.2612481,-0.25101185,0.0,0.0,0.0
-2.531601,6.1447754,6.932007,-0.46771908,-0.17875719,-0.2738037,0.0,0.0,0.0
-2.642868,6.0095673,6.8817596,-0.49518585,-0.29710007,-0.31433582,0.0,0.0,0.0
-2.8330994,5.843277,7.0384827,-0.5859015,-0.4450431,-0.1432662,0.0,0.0,0.0
-2.9335938,5.851654,7.117447,-0.6506319,-0.4318676,-0.05721903,0.0,0.0,0.0
-2.6644135,5.8695984,6.8650055,-0.37325263,-0.4160185,-0.3052101,0.0,0.0,0.0
-2.3186493,5.9485626,6.4414825,-0.031345844,-0.35167933,-0.7171192,0.0,0.0,0.0
-1.956131,5.9413757,6.1698914,0.3103552,-0.40574932,-0.9538317,0.0,0.0,0.0
-1.8221283,6.06102,6.1017,0.45927882,-0.32534456,-0.982079,0.0,0.0,0.0
-1.9501495,6.197403,6.234497,0.37377834,-0.18618345,-0.8379545,0.0,0.0,0.0
-2.1176453,6.1878357,6.2033997,0.20726275,-0.16492414,-0.89643383,0.0,0.0,0.0
-2.1858368,6.1543427,6.1004944,0.12878299,-0.14950609,-1.0461426,0.0,0.0,0.0
-3.2183533,5.9976044,7.0001984,-0.91684985,-0.23809338,-0.21017933,0.0,0.0,0.0
-2.9359894,6.08255,7.446457,-0.67951655,-0.044424057,0.12942839,0.0,0.0,0.0
-2.268402,5.909073,7.586441,-0.07570267,-0.17811012,0.21700001,0.0,0.0,0.0
-1.1210327,5.7427673,6.336197,0.99186635,-0.3372035,-1.0624514,0.0,0.0,0.0
-1.4021912,5.6327057,6.9918213,0.5760385,-0.4333725,-0.45530462,0.0,0.0,0.0
-1.709671,5.6757813,7.635498,0.21126163,-0.33945417,0.13234186,0.0,0.0,0.0
-1.6689911,5.7463684,7.6713867,0.19039631,-0.20039225,0.09846783,0.0,0.0,0.0
-1.6881409,5.7224426,7.636688,0.16080713,-0.21245766,0.05191803,0.0,0.0,0.0
-1.7228394,5.73201,7.6115723,0.12875175,-0.20035934,0.025466919,0.0,0.0,0.0
-1.8113708,5.810974,7.434494,0.056559563,-0.1414833,-0.13184404,0.0,0.0,0.0
-1.9405823,5.8325043,7.0456696,-0.056376457,-0.15492296,-0.48897505,0.0,0.0,0.0
-2.0087738,5.9844513,6.9954224,-0.124567986,-0.0029759407,-0.53922224,0.0,0.0,0.0
-1.9046936,5.740387,6.8733826,0.0038564205,-0.308578,-0.60577774,0.0,0.0,0.0
-1.7910309,5.9808655,6.7920227,0.16315031,-0.1443243,-0.6129503,0.0,0.0,0.0
-1.8604126,5.9521484,6.940384,0.118049264,-0.2142725,-0.42380857,0.0,0.0,0.0
-1.8939209,6.008377,6.891327,0.10050845,-0.19168472,-0.4402399,0.0,0.0,0.0
-1.8173523,5.9485626,6.788437,0.18345904,-0.27341223,-0.522799,0.0,0.0,0.0
-1.8400879,5.8827515,6.940384,0.17234802,-0.35497332,-0.35422182,0.0,0.0,0.0
-1.804184,5.8456726,7.1976166,0.21117425,-0.39010286,-0.09784937,0.0,0.0,0.0
-1.8927155,5.9557343,7.1497498,0.12583995,-0.28433275,-0.14116144,0.0,0.0,0.0
-1.927414,5.93898,7.021744,0.08706236,-0.32502317,-0.24974442,0.0,0.0,0.0
-1.8400879,6.0179443,6.9475555,0.16546345,-0.28171158,-0.29554415,0.0,0.0,0.0
-1.902298,6.171097,6.669998,0.09292996,-0.19493294,-0.5177078,0.0,0.0,0.0
-1.9178467,6.2608185,6.509674,0.07291412,-0.147748,-0.64137745,0.0,0.0,0.0
-1.8556366,6.2392883,6.241684,0.12630272,-0.2069006,-0.877933,0.0,0.0,0.0
-1.832901,6.2488556,6.4737854,0.14157069,-0.20799303,-0.6382432,0.0,0.0,0.0
-1.7814636,6.18425,6.7214355,0.1631397,-0.27720976,-0.39463377,0.0,0.0,0.0
-1.7108612,6.135193,6.69751,0.20906723,-0.31329775,-0.43700027,0.0,0.0,0.0
-1.6474609,6.094513,6.5348053,0.2525301,-0.35215378,-0.6066866,0.0,0.0,0.0
-1.5996094,6.0753784,6.623337,0.2778051,-0.3647976,-0.52997255,0.0,0.0,0.0
-1.6701965,6.057434,6.806381,0.19473672,-0.36542654,-0.365736,0.0,0.0,0.0
-1.7946167,6.0753784,6.88295,0.063533306,-0.31621695,-0.31879807,0.0,0.0,0.0
-1.7264252,6.04187,6.830307,0.124632716,-0.3301015,-0.3906312,0.0,0.0,0.0
-1.6498566,6.077774,6.878174,0.1982534,-0.28511477,-0.3515234,0.0,0.0,0.0
-1.6929169,6.06102,6.9954224,0.15334404,-0.26846123,-0.2640109,0.0,0.0,0.0
-1.7312012,5.954544,7.08873,0.11875844,-0.3272028,-0.2111125,0.0,0.0,0.0
-1.750351,5.9437714,7.290924,0.102719665,-0.28845978,-0.05045271,0.0,0.0,0.0
-1.7671051,5.8791656,7.257431,0.088258624,-0.3248701,-0.10721111,0.0,0.0,0.0
-1.6678009,5.8624115,7.258621,0.19099152,-0.3232565,-0.120592594,0.0,0.0,0.0
-1.6905365,5.8659973,7.2335052,0.18334985,-0.30287933,-0.15594006,0.0,0.0,0.0
-1.804184,5.8827515,7.247864,0.086182594,-0.2756853,-0.14609003,0.0,0.0,0.0
-1.8305054,5.954544,7.12941,0.06788385,-0.19874668,-0.26677322,0.0,0.0,0.0
-1.8556366,5.9617157,7.0456696,0.062464952,-0.18520784,-0.35072184,0.0,0.0,0.0
-1.832901,5.934204,6.8817596,0.119821906,-0.22348309,-0.4965973,0.0,0.0,0.0
-1.8149567,5.89592,6.847061,0.16378903,-0.27646494,-0.5120568,0.0,0.0,0.0
-1.886734,5.9329987,6.911667,0.10878456,-0.24451065,-0.43861675,0.0,0.0,0.0
-1.976471,5.9306183,7.0540466,0.0364058,-0.25026703,-0.28866243,0.0,0.0,0.0
-1.9968109,5.9940186,7.1389923,0.04290843,-0.19065952,-0.1931076,0.0,0.0,0.0
-1.9501495,5.9198456,7.0492554,0.11298442,-0.27366972,-0.2688203,0.0,0.0,0.0
-1.9333954,5.966507,6.978668,0.14523745,-0.23764181,-0.32600212,0.0,0.0,0.0
-2.1044922,6.0801697,7.056427,0.0033557415,-0.14302301,-0.22363043,0.0,0.0,0.0
-2.1523438,6.0933228,7.075577,-0.026413202,-0.14994717,-0.18199778,0.0,0.0,0.0
-2.121231,6.0179443,6.9020996,0.023332596,-0.25027227,-0.3284402,0.0,0.0,0.0
-2.0769653,6.111267,6.6843567,0.08553362,-0.18546438,-0.5160017,0.0,0.0,0.0
-2.0685883,6.196213,6.7369995,0.12040901,-0.1527915,-0.4092455,0.0,0.0,0.0
-2.1379852,6.1794586,6.5240326,0.07445264,-0.22152376,-0.5684233,0.0,0.0,0.0
-2.038681,6.14357,6.4833527,0.19022942,-0.28846693,-0.57577276,0.0,0.0,0.0
-2.1188507,6.1256256,6.4821625,0.12281513,-0.32955122,-0.5517564,0.0,0.0,0.0
-2.0853424,6.1459656,6.4450684,0.1720488,-0.34145164,-0.5540738,0.0,0.0,0.0
-2.145172,6.2321014,6.508484,0.11809802,-0.26629066,-0.47856855,0.0,0.0,0.0
-2.153534,6.22612,6.5970154,0.12477517,-0.292377,-0.36638117,0.0,0.0,0.0
-2.2707825,6.14357,6.582657,0.03868103,-0.40761328,-0.33968163,0.0,0.0,0.0
-2.293518,6.1447754,6.4582214,0.043468237,-0.4274192,-0.4349017,0.0,0.0,0.0
-2.3042908,6.254837,6.654434,0.07693052,-0.343915,-0.19805765,0.0,0.0,0.0
-2.2899323,6.30748,6.419937,0.110046625,-0.3088727,-0.40899897,0.0,0.0,0.0
-2.2205353,6.3110657,6.305084,0.21709633,-0.35128546,-0.4655447,0.0,0.0,0.0
-2.292328,6.32782,6.2644043,0.18290615,-0.3700385,-0.45737314,0.0,0.0,0.0
-2.449051,6.4426727,6.3433685,0.05780673,-0.27327776,-0.3485713,0.0,0.0,0.0
-2.6105652,6.4378967,6.312271,-0.08941364,-0.28631592,-0.36598778,0.0,0.0,0.0
-2.675171,6.4534454,6.366104,-0.10449147,-0.29705906,-0.26659393,0.0,0.0,0.0
-2.494522,6.455841,6.023926,0.13064694,-0.34212065,-0.53858805,0.0,0.0,0.0
-2.4382935,6.538391,5.7894287,0.21512198,-0.2982688,-0.72132015,0.0,0.0,0.0
-2.5746765,6.623337,5.75354,0.1110394,-0.24530125,-0.71013784,0.0,0.0,0.0
-2.7445679,6.6891327,5.7643127,-0.026978731,-0.20153713,-0.6624875,0.0,0.0,0.0
-2.9563293,6.644867,6.0849457,-0.19200993,-0.2533865,-0.31372833,0.0,0.0,0.0
-2.9156494,6.623337,6.2165527,-0.13988018,-0.26363802,-0.18930912,0.0,0.0,0.0
-2.7984009,6.550354,6.2572327,-0.01574564,-0.3303609,-0.15236855,0.0,0.0,0.0
-2.6656036,6.4857483,6.0227356,0.119632006,-0.39290905,-0.3879528,0.0,0.0,0.0
-2.5878448,6.61615,5.679367,0.20461679,-0.27248,-0.7174549,0.0,0.0,0.0
-2.8402863,6.685547,5.9844513,-0.038552046,-0.20549917,-0.40570974,0.0,0.0,0.0
-2.8223267,6.5778656,6.39003,-0.017226458,-0.29974365,-0.013117313,0.0,0.0,0.0
-2.926422,6.5730896,6.7693024,-0.12184811,-0.28413057,0.3440957,0.0,0.0,0.0
-2.843872,6.6053925,6.7501526,-0.040184975,-0.23266172,0.30416632,0.0,0.0,0.0
-2.7026978,6.3804626,6.6352997,0.09844875,-0.45050192,0.18069696,0.0,0.0,0.0
-2.5938263,6.661621,5.9030914,0.19501781,-0.1605835,-0.5660863,0.0,0.0,0.0
-2.654831,6.669998,5.647064,0.13313508,-0.16210604,-0.812037,0.0,0.0,0.0
-2.7637177,6.652054,5.7786713,0.021817684,-0.17548323,-0.68630505,0.0,0.0,0.0
-2.6859436,6.423538,6.32901,0.08985782,-0.38518476,-0.15995026,0.0,0.0,0.0
-2.5387878,6.3792725,6.4139557,0.21172118,-0.38443708,-0.13259459,0.0,0.0,0.0
-2.5363922,6.4319,6.443878,0.200737,-0.30950642,-0.1312232,0.0,0.0,0.0
-2.5770721,6.3804626,6.5348053,0.13869739,-0.3273487,-0.083370686,0.0,0.0,0.0
-2.6237335,6.3888397,6.49292,0.081182,-0.29907227,-0.14979458,0.0,0.0,0.0
-2.5387878,6.4450684,6.320648,0.1486175,-0.22175789,-0.35030842,0.0,0.0,0.0
-2.4957123,6.417557,6.2775726,0.18226147,-0.24298096,-0.40345097,0.0,0.0,0.0
-2.403595,6.3314056,6.3625183,0.25480032,-0.31594324,-0.339427,0.0,0.0,0.0
-2.3533478,6.2285156,6.5778656,0.27245426,-0.38941288,-0.16591501,0.0,0.0,0.0
-2.367691,6.1794586,6.619751,0.22476912,-0.4017253,-0.17271185,0.0,0.0,0.0
-2.2994995,6.1830597,6.579071,0.2694304,-0.37790585,-0.24183226,0.0,0.0,0.0
-2.2504425,6.1794586,6.5359955,0.2895329,-0.36686516,-0.30977345,0.0,0.0,0.0
-2.2827454,6.1794586,6.5407867,0.24419093,-0.35861492,-0.3176813,0.0,0.0,0.0
-2.288742,6.212967,6.5407867,0.22758007,-0.3133793,-0.33273602,0.0,0.0,0.0
-2.3353882,6.251251,6.587448,0.17475367,-0.2664852,-0.2964964,0.0,0.0,0.0
-2.325821,6.22612,6.705887,0.17748141,-0.28420448,-0.18755531,0.0,0.0,0.0
-2.3114624,6.20578,6.681961,0.18590856,-0.29829168,-0.21952963,0.0,0.0,0.0
-2.2959137,6.2189484,6.690338,0.19583869,-0.27855062,-0.21936989,0.0,0.0,0.0
-2.3509521,6.2608185,6.5730896,0.13744831,-0.23376274,-0.34056807,0.0,0.0,0.0
-2.3521423,6.294327,6.5814514,0.13341546,-0.20264196,-0.33098602,0.0,0.0,0.0
-2.3605194,6.1495514,6.685547,0.12143922,-0.34672165,-0.22883749,0.0,0.0,0.0
-2.4299164,6.1830597,6.580261,0.05138731,-0.3123703,-0.33514977,0.0,0.0,0.0
-2.408371,6.242874,6.422333,0.07464242,-0.25342512,-0.4916482,0.0,0.0,0.0
-2.399994,6.233307,6.5694885,0.08482146,-0.2730899,-0.334342,0.0,0.0,0.0
-2.383255,6.217743,6.666397,0.0980773,-0.29122877,-0.23625898,0.0,0.0,0.0
-2.346161,6.1950226,6.7094727,0.13078856,-0.31615925,-0.1926732,0.0,0.0,0.0
-2.367691,6.2608185,6.6065826,0.103798866,-0.25672007,-0.29151964,0.0,0.0,0.0
-2.3150635,6.2691956,6.5647125,0.14706516,-0.259871,-0.3258319,0.0,0.0,0.0
-2.1583252,6.242874,6.567108,0.2899444,-0.30343962,-0.31200075,0.0,0.0,0.0
-2.0985107,6.2285156,6.541977,0.3422203,-0.32422686,-0.3336892,0.0,0.0,0.0
-2.121231,6.2895355,6.4917297,0.31594777,-0.26561022,-0.382905,0.0,0.0,0.0
-2.2660065,6.283554,6.488144,0.16281748,-0.28127527,-0.38020515,0.0,0.0,0.0
-2.2779694,6.2608185,6.591034,0.1488452,-0.3073182,-0.27486324,0.0,0.0,0.0
-2.3270264,6.2608185,6.5120697,0.09644151,-0.31686115,-0.34586906,0.0,0.0,0.0
-2.2863464,6.3720856,6.415161,0.13349462,-0.2168293,-0.43326616,0.0,0.0,0.0
-2.3270264,6.3266296,6.3672943,0.087216854,-0.27675867,-0.46915817,0.0,0.0,0.0
-2.3497467,6.283554,6.5611267,0.05162072,-0.32272387,-0.27706861,0.0,0.0,0.0
-2.3114624,6.291931,6.5407867,0.086615086,-0.31363392,-0.29925108,0.0,0.0,0.0
-2.3090668,6.357727,6.5479584,0.08114171,-0.24770498,-0.29496193,0.0,0.0,0.0
-2.2504425,6.3756714,6.522827,0.13201451,-0.23097467,-0.32162428,0.0,0.0,0.0
-2.244461,6.275177,6.654434,0.12702203,-0.3325634,-0.19277143,0.0,0.0,0.0
-2.190628,6.2703857,6.756134,0.17414474,-0.33252907,-0.09804392,0.0,0.0,0.0
-2.0650024,6.3134613,6.580261,0.2929659,-0.28340864,-0.28207684,0.0,0.0,0.0
-2.018341,6.32901,6.455841,0.33049202,-0.2676754,-0.40980625,0.0,0.0,0.0
-1.9441681,6.3230286,6.4618225,0.3823743,-0.28540087,-0.40011978,0.0,0.0,0.0
-1.9262238,6.2189484,6.5276184,0.38830256,-0.38518906,-0.34251404,0.0,0.0,0.0
-2.0315094,6.1495514,6.5647125,0.27992535,-0.4487157,-0.3120985,0.0,0.0,0.0
-2.1056824,6.1411743,6.4426727,0.20304799,-0.4432783,-0.44827318,0.0,0.0,0.0
-2.1463623,6.3194427,6.4247284,0.16057134,-0.26015854,-0.4714508,0.0,0.0,0.0
-2.1667023,6.271591,6.551544,0.13610506,-0.3019514,-0.351789,0.0,0.0,0.0
-2.3736725,6.3517456,6.5778656,-0.07443857,-0.21299696,-0.33502483,0.0,0.0,0.0
-2.3186493,6.340973,6.607773,-0.02100563,-0.21619081,-0.3128357,0.0,0.0,0.0
-2.3174438,6.256027,6.8518524,-0.027920008,-0.29401875,-0.07818127,0.0,0.0,0.0
-2.0973053,6.028717,6.9559326,0.17157626,-0.50012636,-8.4638596E-4,0.0,0.0,0.0
-2.0159454,6.04187,6.9631195,0.2367065,-0.46356058,-0.020813465,0.0,0.0,0.0
-2.1308136,6.258423,6.531204,0.119297266,-0.2407856,-0.45933723,0.0,0.0,0.0
-2.0554352,6.3637085,6.6221313,0.19312215,-0.13678122,-0.36771917,0.0,0.0,0.0
-2.0602264,6.2608185,6.666397,0.18661475,-0.2391758,-0.32446527,0.0,0.0,0.0
-1.7850494,6.1543427,6.620941,0.4473343,-0.34373617,-0.3763318,0.0,0.0,0.0
-1.7874451,6.201004,6.521637,0.4330268,-0.2951064,-0.48125124,0.0,0.0,0.0
-1.8448639,6.275177,6.4570313,0.36421394,-0.21795177,-0.55222225,0.0,0.0,0.0
-1.9956207,6.3218384,6.4654083,0.1861403,-0.16297722,-0.5600786,0.0,0.0,0.0
-2.096115,6.0311127,6.838684,0.060102224,-0.43316078,-0.21356964,0.0,0.0,0.0
-2.1667023,5.9365997,6.940384,-0.039784193,-0.47488594,-0.1687274,0.0,0.0,0.0
-2.1128693,5.885147,7.024124,0.0036466122,-0.49112988,-0.119672775,0.0,0.0,0.0
-2.079361,6.0346985,6.898514,0.03478551,-0.31663036,-0.26817226,0.0,0.0,0.0
-2.0446625,6.1052856,6.7369995,0.07043338,-0.22817278,-0.44520473,0.0,0.0,0.0
-1.9082794,6.069397,6.849457,0.19737363,-0.25502443,-0.3434782,0.0,0.0,0.0
-1.8939209,6.049057,6.9678955,0.20264983,-0.26517105,-0.23663759,0.0,0.0,0.0
-2.0279236,6.0646057,7.0253296,0.06255102,-0.23970366,-0.18965387,0.0,0.0,0.0
-1.9824524,6.0885315,7.080368,0.09553194,-0.20386124,-0.1486125,0.0,0.0,0.0
-1.9142609,6.090927,7.075577,0.1519804,-0.19782019,-0.15993881,0.0,0.0,0.0
-1.8257294,6.0562286,7.0624084,0.2206173,-0.23258829,-0.17869902,0.0,0.0,0.0
-1.8161469,6.003586,6.9020996,0.21986866,-0.28738356,-0.34005022,0.0,0.0,0.0
-1.9178467,6.02034,6.6987,0.11025357,-0.28202438,-0.53575945,0.0,0.0,0.0
-1.881958,6.0598297,6.673584,0.14614224,-0.24253464,-0.5608754,0.0,0.0,0.0
-1.7778625,6.1627197,6.6999054,0.25509143,-0.14538574,-0.5281849,0.0,0.0,0.0
-1.8209381,6.0837555,6.69751,0.20795488,-0.23428154,-0.52304316,0.0,0.0,0.0
-1.8723907,6.0394897,6.746567,0.15010333,-0.2887807,-0.4668169,0.0,0.0,0.0
-1.9920197,6.0358887,6.854233,0.035205364,-0.2877078,-0.36192083,0.0,0.0,0.0
-1.9489594,6.06102,6.9798584,0.07943821,-0.25515652,-0.24246216,0.0,0.0,0.0
-1.8783722,6.1076813,6.921234,0.14594316,-0.20768929,-0.30293608,0.0,0.0,0.0
-1.9740753,6.0885315,6.969101,0.040777683,-0.22664356,-0.2578845,0.0,0.0,0.0
-1.8783722,6.037094,6.875778,0.13301468,-0.27837706,-0.35191393,0.0,0.0,0.0
-1.8053894,6.025131,6.8566284,0.19147885,-0.29327917,-0.37251997,0.0,0.0,0.0
-1.8424683,6.0023956,6.9511566,0.14115703,-0.31628275,-0.28140306,0.0,0.0,0.0
-1.8053894,6.0921326,6.9439697,0.17155933,-0.22793913,-0.2892003,0.0,0.0,0.0
-1.7682953,6.0969086,6.757324,0.20560265,-0.22532701,-0.4747882,0.0,0.0,0.0
-1.7694855,6.1172485,6.6891327,0.19215894,-0.22249079,-0.53098154,0.0,0.0,0.0
-1.8017883,6.0382843,6.8685913,0.1463263,-0.31749773,-0.341074,0.0,0.0,0.0
-1.8305054,6.0753784,6.878174,0.10953951,-0.2854023,-0.32925844,0.0,0.0,0.0
-1.8233337,6.0562286,6.7704926,0.10878873,-0.31564617,-0.42926407,0.0,0.0,0.0
-1.8065796,5.991623,6.9344025,0.11898017,-0.3885703,-0.2597437,0.0,0.0,0.0
-1.9190369,5.9078827,7.2299194,-0.008782864,-0.47187662,0.031309128,0.0,0.0,0.0
-1.7658997,5.9234314,7.167694,0.117156506,-0.46328783,-0.03191042,0.0,0.0,0.0
-1.7682953,6.138794,6.994217,0.091463685,-0.27027464,-0.19156933,0.0,0.0,0.0
-1.5744781,6.04187,7.019348,0.2479757,-0.39729214,-0.14907122,0.0,0.0,0.0
-1.3698883,6.098114,7.359131,0.36241913,-0.35928392,0.18476582,0.0,0.0,0.0
-2.391632,6.528824,7.520645,-0.72426164,0.071899414,0.33048582,0.0,0.0,0.0
-2.8582306,6.757324,7.450058,-1.2950045,0.25513124,0.277318,0.0,0.0,0.0
-2.6117706,7.137787,7.367508,-1.0743281,0.61421585,0.2086196,0.0,0.0,0.0
-2.2360992,7.0337067,6.448654,-0.75504935,0.4170575,-0.63631773,0.0,0.0,0.0
-1.8317108,6.911667,5.852844,-0.42084706,0.15709686,-1.1153436,0.0,0.0,0.0
-1.6570282,6.9092712,5.6937256,-0.29943442,0.079423904,-1.2113814,0.0,0.0,0.0
-1.2251282,6.796814,5.904297,0.029835105,-0.105445385,-0.94802094,0.0,0.0,0.0
-0.6388855,6.508484,6.278763,0.554574,-0.41057682,-0.5675969,0.0,0.0,0.0
-0.45822144,6.422333,6.1818542,0.647025,-0.50420094,-0.67175484,0.0,0.0,0.0
-0.100494385,6.3637085,6.0155487,0.97500575,-0.5704813,-0.8350496,0.0,0.0,0.0
-0.0657959,6.4953156,5.87558,1.0032972,-0.4433751,-0.9714632,0.0,0.0,0.0
-0.11366272,6.5682983,5.79422,0.9881047,-0.36676598,-1.0513167,0.0,0.0,0.0
-0.25723267,6.649658,5.8408813,0.9034976,-0.2627244,-1.0178404,0.0,0.0,0.0
-0.38883972,6.525223,6.119644,0.8027059,-0.35662317,-0.7644539,0.0,0.0,0.0
-0.5419769,6.2979126,6.4319,0.6670716,-0.5392041,-0.49359035,0.0,0.0,0.0
-0.6197357,6.023926,6.7082825,0.59514844,-0.7518625,-0.2762103,0.0,0.0,0.0
-0.6891327,5.8301086,6.900894,0.5288509,-0.85637426,-0.16860771,0.0,0.0,0.0
-0.6855469,5.8408813,7.014557,0.5461937,-0.7561569,-0.13612795,0.0,0.0,0.0
-0.65922546,5.7595215,7.3962097,0.5839845,-0.7812104,0.1959567,0.0,0.0,0.0
-0.5790558,5.760727,7.708481,0.67316794,-0.6863618,0.42580462,0.0,0.0,0.0
-0.5694885,5.7308044,7.7742767,0.6808399,-0.66052055,0.4422903,0.0,0.0,0.0
-0.73579407,5.75354,7.8053894,0.51054597,-0.56418705,0.40921783,0.0,0.0,0.0
-0.79681396,5.760727,7.8975067,0.45057762,-0.52110577,0.47100115,0.0,0.0,0.0
-0.7896271,5.799011,7.922638,0.45944273,-0.4648924,0.48128605,0.0,0.0,0.0
-0.8063812,5.803787,7.836487,0.4492694,-0.42461586,0.36649895,0.0,0.0,0.0
-0.8674011,5.7798615,7.692932,0.39341557,-0.43549109,0.21295023,0.0,0.0,0.0
-0.8661957,5.761917,7.606781,0.39342606,-0.45778704,0.1302166,0.0,0.0,0.0
-0.85783386,5.79541,7.3651123,0.39687002,-0.43809986,-0.10077381,0.0,0.0,0.0
-0.6400757,5.860016,7.039688,0.60689867,-0.39177704,-0.41219234,0.0,0.0,0.0
-0.5862427,5.89592,6.9583282,0.6471051,-0.3802514,-0.47530556,0.0,0.0,0.0
-0.66041565,6.011963,6.9355927,0.5690036,-0.27833128,-0.4867463,0.0,0.0,0.0
-0.77407837,6.0346985,6.8638153,0.45553803,-0.2670064,-0.5488057,0.0,0.0,0.0
-0.8231354,6.0335083,6.849457,0.41336322,-0.28487062,-0.5478091,0.0,0.0,0.0
-0.91285706,5.967697,6.9391785,0.33125508,-0.3570385,-0.45137596,0.0,0.0,0.0
-1.0576324,5.9689026,6.9834595,0.19448423,-0.35598755,-0.40561056,0.0,0.0,0.0
-1.1497498,6.06102,6.933197,0.110784054,-0.26662588,-0.4520812,0.0,0.0,0.0
-1.1605225,6.1327972,6.813568,0.10388601,-0.19719267,-0.56903887,0.0,0.0,0.0
-1.195221,6.229721,6.8614197,0.07795441,-0.11091375,-0.51053905,0.0,0.0,0.0
-1.2275238,6.22493,6.8949127,0.06169951,-0.12962198,-0.46225786,0.0,0.0,0.0
-1.2729797,6.130417,7.0695953,0.04397285,-0.22121668,-0.2851839,0.0,0.0,0.0
-1.1521454,6.0442657,7.21196,0.16692066,-0.2981553,-0.15038681,0.0,0.0,0.0
-1.1282196,6.008377,7.203598,0.18917084,-0.3195486,-0.17150974,0.0,0.0,0.0
-1.1282196,5.9772644,7.204788,0.18572271,-0.34362316,-0.17696762,0.0,0.0,0.0
-1.1377869,5.913864,7.1808624,0.17530179,-0.4019661,-0.20537281,0.0,0.0,0.0
-1.1234283,5.900696,7.155731,0.18713605,-0.4123311,-0.23334885,0.0,0.0,0.0
-1.0492554,5.942581,7.105484,0.25185823,-0.3694191,-0.28614283,0.0,0.0,0.0
-0.9415741,5.9892426,7.135391,0.33869028,-0.32325363,-0.2594514,0.0,0.0,0.0
-0.9152527,5.9689026,7.1162567,0.35048354,-0.34299183,-0.2816,0.0,0.0,0.0
-1.0289154,5.991623,7.068405,0.22648394,-0.32251024,-0.3293028,0.0,0.0,0.0
-1.1617126,5.9904327,7.0456696,0.09698713,-0.32687664,-0.34876537,0.0,0.0,0.0
-1.2610168,6.0263214,7.125824,0.0043250322,-0.29286766,-0.26587057,0.0,0.0,0.0
-1.1270142,6.0466614,7.199997,0.13821626,-0.27232552,-0.19188929,0.0,0.0,0.0
