-0.5048828,6.6149597,6.612564,0.05893576,-0.124574184,-0.27910614,0.025012255,-0.06273937,9.502791
-0.4905243,6.6400757,6.632904,0.15365553,-0.23511696,-0.14730167,0.10977507,-0.09868717,9.52594
-0.6006012,6.6173553,6.6795654,0.1798042,-0.23199797,-0.1990509,0.12855709,-0.06408882,9.482398
-0.5252228,6.612564,6.6556396,0.18140793,-0.25598478,-0.44343662,0.09310031,0.06470251,9.275407
-0.5886383,6.611374,6.707077,0.17267287,-0.21495533,-0.62721014,0.061258256,0.21138716,9.157823
-0.501297,6.665207,6.681961,0.16678321,-0.23288298,-0.52347136,0.06886107,0.13620138,9.229779
-0.5539398,6.632904,6.602997,0.2510624,-0.28018427,-0.5045557,0.15112448,0.090706825,9.202461
-0.53001404,6.634094,6.6352997,0.32851994,-0.27988768,-0.5742221,0.2180509,0.13855839,9.136391
-0.59103394,6.5850525,6.6269226,0.3817563,-0.23986435,-0.7342696,0.25027287,0.27273846,9.028575
-0.57307434,6.5611267,6.649658,0.22606087,-0.28864717,-0.71903515,0.017638683,-0.24249554,9.03703
-0.57307434,6.674774,6.6352997,0.13961434,-0.28293037,-0.43369484,-0.024110794,-0.06855035,9.275282
-0.4630127,6.653244,6.5647125,0.107904315,-0.1974492,-0.25068712,0.05485308,0.0032143593,9.474303
-0.53718567,6.6795654,6.504883,0.16445935,-0.22776556,-0.32770538,0.09723592,0.02944231,9.3871355
-0.5515442,6.604187,6.620941,0.22780967,-0.22397518,-0.39164877,0.1506477,0.07553244,9.3301525
-0.6388855,6.6915283,6.623337,0.18786466,-0.2649026,-0.40594864,0.10661042,0.05187559,9.300484
-0.6029968,6.5898285,6.619751,0.19670546,-0.2836547,-0.30133295,-0.12752557,-0.037047386,9.368109
-0.6053772,6.6640167,6.686737,0.15795124,-0.28572226,-0.40529156,0.076313734,0.035577774,9.293076
-0.53001404,6.600601,6.685547,0.17164898,-0.29948616,-0.5751643,0.06327927,0.13265371,9.152151
-0.5467529,6.63649,6.6592255,0.14168942,-0.27270365,-0.5741515,0.03535855,0.15271616,9.174574
-0.5587311,6.5659027,6.695114,0.05096078,-0.31858826,-0.4144516,-0.0330801,0.013784409,9.282645
-0.5814514,6.649658,6.631714,0.066034794,-0.35666895,-0.32926702,-0.024029493,0.064704895,9.32165
-0.56111145,6.6556396,6.5970154,0.09053552,-0.3195691,-0.45188427,-3.0338764E-4,0.03821802,9.247133
-0.57188416,6.6017914,6.7250214,0.06924713,-0.25760603,-0.5760107,-0.036462784,0.16435003,9.194601
-0.5635071,6.623337,6.7453613,0.032639146,-0.25781155,-0.45610523,-0.054698706,0.08796692,9.292031
-0.5623169,6.6376953,6.65683,0.030828834,-0.2903576,-0.2870655,0.009280205,0.054222822,9.400893
-0.5898285,6.6783752,6.6592255,0.061144352,-0.33955622,-0.27715874,-0.005419731,-0.08721638,9.372809
-0.6400757,6.644867,6.7250214,0.057482123,-0.3489232,-0.39809608,-0.028233647,-0.018530369,9.275246
-0.604187,6.599411,6.7166595,0.041014075,-0.32035828,-0.52384424,-0.0618577,0.08250713,9.199946
-0.53479004,6.6604156,6.5395813,0.120150805,-0.2937193,-0.6206784,0.0032104254,0.16769695,9.13003
-0.53359985,6.57428,6.591034,0.13814735,-0.36243868,-0.43095207,0.045924067,-0.0053544044,9.228699
-0.5635071,6.690338,6.703491,0.11770105,-0.33954668,-0.35297632,0.039642215,-0.03854227,9.30597
-0.5479584,6.5694885,6.644867,0.07381487,-0.38518953,-0.32973337,-0.0029536486,-0.09133816,9.302476
-0.5312042,6.6711884,6.57428,0.09917307,-0.36300325,-0.2486844,0.03576672,-0.12391949,9.37443
-0.48335266,6.579071,6.5479584,0.0998044,-0.38778496,-0.24598122,0.03498435,-0.1452837,9.361102
-0.49890137,6.6711884,6.57547,0.10744047,-0.34631872,-0.22935724,0.047540903,-0.12374067,9.39859
-0.56829834,6.5766754,6.652054,0.12113452,-0.30362415,-0.4387579,0.031971216,0.0407362,9.261959
-0.5204315,6.6783752,6.73938,0.07020676,-0.34949112,-0.47078466,-0.02636993,0.023293495,9.217181
-0.6006012,6.607773,6.653244,0.104138374,-0.28681946,-0.29984522,0.037175417,-0.032419205,9.381699
-0.53240967,6.65683,6.6472626,0.14011204,-0.24610901,-0.24531221,0.08373642,-0.033166885,9.442965
-0.6197357,6.632904,6.673584,0.19215214,-0.2629323,-0.361907,0.11602342,0.028787613,9.334694
-0.60658264,6.5682983,6.6676025,0.14556015,-0.35298347,-0.5175514,-0.011288166,-0.06669927,9.167066
-0.5635071,6.619751,6.6185455,0.15072656,-0.28808594,-0.48910666,0.053886056,0.08840132,9.228534
-0.47616577,6.6388855,6.55394,0.16644657,-0.30665112,-0.4066081,0.0808202,0.023575306,9.277518
-0.5515442,6.6676025,6.591034,0.22829854,-0.3861971,-0.2765789,0.15695655,-0.1169405,9.31731
-0.49531555,6.661621,6.666397,0.17185879,-0.40108395,-0.34546328,-0.11960101,0.03995657,9.264573
-0.61016846,6.6400757,6.7369995,0.18608236,-0.31476784,-0.39918184,0.101163745,0.013373375,9.275013
-0.55513,6.600601,6.6963196,0.15890372,-0.32598877,-0.38219357,0.07621181,-0.0071001053,9.28537
-0.61135864,6.6388855,6.727417,0.12919772,-0.3350706,-0.28248549,0.061703086,-0.07801247,9.360702
-0.5766754,6.6269226,6.6795654,0.14432776,-0.31689072,-0.27616024,0.07868266,-0.067522526,9.374489
-0.5934143,6.665207,6.63649,0.11322987,-0.2657442,-0.30946302,0.046257854,-0.008449078,9.385941
-0.5276184,6.690338,6.5659027,0.1649375,-0.20796633,-0.3302269,0.09775829,0.052307606,9.397736
-0.53718567,6.641281,6.501297,0.18253362,-0.21938086,-0.3488593,0.1114943,0.056263924,9.373577
-0.5048828,6.632904,6.5814514,0.22770584,-0.2947631,-0.3374896,0.15321589,-0.0073332787,9.328
-0.54556274,6.6221313,6.686737,0.15754318,-0.28684473,-0.35680056,0.08187568,0.00719738,9.329522
-0.5431671,6.693924,6.6891327,0.13000453,-0.28569984,-0.36323643,0.053909898,0.010726929,9.329739
-0.55992126,6.5694885,6.611374,0.115986586,-0.29650497,-0.2970786,-0.06239724,0.0123775005,9.375863
-0.4905243,6.644867,6.6843567,0.17770827,-0.33042526,-0.3392148,0.10183215,-0.03686714,9.312588
-0.58743286,6.624527,6.6915283,0.15458453,-0.35029984,-0.3889532,0.070067406,-0.022398472,9.265837
-0.48812866,6.652054,6.681961,0.13770592,-0.33406878,-0.42554665,0.048685074,0.012722969,9.250662
-0.5970154,6.5934296,6.571884,0.09014559,-0.36841583,-0.35483885,0.010655642,-0.060245037,9.290875
-0.49531555,6.629318,6.634094,0.12760377,-0.36681318,-0.3057809,0.05527103,-0.08780956,9.323359
-0.5204315,6.6759796,6.666397,0.19113994,-0.2942567,-0.41931963,0.104643226,0.04296589,9.271716
-0.47257996,6.6592255,6.5694885,0.18409038,-0.33038664,-0.5821028,0.07002652,0.11742449,9.126066
-0.5898285,6.6963196,6.5276184,0.13404953,-0.35538483,-0.568038,0.020925522,0.08736086,9.129254
-0.54437256,6.666397,6.5371857,0.10619056,-0.35181284,-0.27458668,0.03882134,-0.09565592,9.359673
-0.5587311,6.6436768,6.7333984,0.13432562,-0.33131933,-0.28957367,0.06515324,-0.06900406,9.356469
-0.5419769,6.6269226,6.82193,0.09908974,-0.3500414,-0.35469055,0.018474221,-0.044168472,9.300822
-0.5970154,6.641281,6.735794,0.075624466,-0.30581188,-0.44046545,-0.015508413,0.043435574,9.267092
-0.57547,6.703491,6.592224,0.06502962,-0.34246588,-0.2778201,-0.0032173395,-0.08749342,9.36958
-0.5862427,6.6352997,6.6269226,0.07515812,-0.39714622,-0.28797483,-0.056238413,0.10957551,9.325887
-0.54556274,6.6400757,6.6640167,0.0966388,-0.38801813,-0.35730934,0.01154685,-0.071801186,9.2753525
-0.5252228,6.629318,6.6604156,0.12834811,-0.3516922,-0.4654808,-0.012851715,-0.036230564,9.210533
-0.46780396,6.67717,6.628113,0.14138341,-0.3078084,-0.47021818,0.042960525,0.06444836,9.232332
-0.5383911,6.6759796,6.607773,0.07932389,-0.36460114,-0.29092026,0.0057965517,-0.095528126,9.343291
-0.52163696,6.67717,6.6221313,0.10746944,-0.35620308,-0.29613352,0.033077836,-0.0848465,9.339925
-0.57069397,6.623337,6.550354,0.12966752,-0.3201542,-0.39947653,0.04105425,0.009094715,9.280224
-0.5383911,6.695114,6.484543,0.11923051,-0.29299784,-0.4649434,0.0123353,-0.07368517,9.249287
-0.53718567,6.7333984,6.5730896,0.14452505,-0.34953833,-0.19908428,0.08491695,-0.13919401,9.411539
-0.5431671,6.8279266,6.45224,0.14834988,-0.3667369,-0.14180899,0.09644568,-0.18863201,9.443705
-0.80158997,6.7860413,6.518051,0.19678926,-0.34665108,-0.33808947,0.11459005,-0.047700405,9.298919
-0.85902405,6.7501526,7.02652,0.23104739,-0.30297995,-0.44751978,0.1343627,0.056804657,9.237288
-0.4857483,6.723831,6.9236298,0.17865574,-0.28985214,-0.44533348,0.0841918,0.06417227,9.256152
0.22612,6.467804,6.4462585,0.13799441,-0.21169472,-0.44126558,0.050478816,0.12121439,9.315395
0.21655273,6.3469543,6.599411,0.2505716,-0.29588795,-0.4011364,0.16193527,0.036233902,9.274006
0.4283142,6.032303,7.429718,0.2601241,-0.32427788,-0.44313717,0.16295165,0.04116583,9.222747
-1.2191467,7.075577,6.7788696,0.22371697,-0.29485416,-0.33789396,-0.13366127,-0.059306145,9.3273
-0.6891327,6.8231354,6.139984,0.14315248,-0.33820438,-0.20095015,-0.13232493,0.07864857,9.417344
-0.45463562,6.7812653,5.7104645,0.15466464,-0.27145386,-0.074807644,0.12135744,-0.15571642,9.553217
-0.4905243,6.685547,6.649658,0.24934018,-0.25321436,-0.20337296,0.19571269,-0.056104183,9.4514065
-0.4390869,6.624527,6.793228,0.5214069,-0.46644878,-0.3787179,0.42158532,-0.096461296,9.138947
-0.0993042,6.4331055,6.5850525,0.58846855,-0.7254944,0.102375984,0.5427271,-0.5984392,9.326614
0.088531494,6.4965057,6.448654,1.8774446,-1.1619334,0.541451,1.827867,-1.1808083,9.14889
-0.17228699,6.580261,6.6269226,1.0118737,-1.0684881,0.6526141,0.9943261,-1.2068267,9.424099
-0.3361969,6.611374,6.8315125,1.1258607,-1.0599647,0.48975992,1.0171227,-1.1246123,9.230751
-0.2979126,6.4917297,6.921234,0.75158834,-0.7305622,-0.16920996,0.58126885,-0.41505814,9.021099
-0.2644043,6.476181,6.929611,0.6491387,-0.5559764,-0.83363247,-0.19106936,-0.36789608,8.6870165
-0.29431152,6.4462585,6.960724,0.06913638,-0.30767202,-1.5231533,-0.29929537,0.94187,8.605509
-0.18544006,6.5647125,6.9355927,-0.71908116,0.11376381,-1.9790401,-1.0083653,1.6537278,8.972981
-0.25125122,6.551544,6.855438,-1.3190482,0.377985,-2.179089,-1.5259744,2.0176854,9.325466
-0.33499146,6.61615,6.912857,-1.3311286,0.33331013,-1.8507929,-1.4805067,1.7431886,9.527673
-0.44148254,6.580261,6.8697968,-1.2218201,0.30463934,-1.2791476,-1.2706896,1.2675767,9.7850485
-0.35533142,6.592224,6.826721,-1.1511822,0.18206882,-0.69484377,-1.1299517,0.7287352,9.9892235
-0.43788147,6.562317,6.752548,-1.5568473,0.31519604,-0.4144311,-1.4016763,0.61850643,10.396252
-0.31825256,6.5886383,6.7082825,-1.0757487,0.23445511,-0.83874416,-1.0589144,0.88470674,9.914774
-0.30508423,6.5395813,6.602997,-0.5306163,0.06344414,-1.2222414,1.1353986,-0.5485096,9.371381
-0.1375885,6.579071,6.500107,-0.39922333,-0.045420647,-1.1160455,-0.58334213,0.9020591,9.303658
-0.28474426,6.587448,6.45224,0.136662,-0.42376614,-0.34398603,-0.08408189,0.02234602,9.250761
-0.3014984,6.5946198,6.467804,0.37638092,-0.5778775,-0.09355354,0.12728643,-0.28669405,9.185392
-0.35533142,6.63649,6.5611267,0.2761488,-0.53045225,-0.06754923,0.055423737,-0.2742324,9.273804
-0.32063293,6.6017914,6.5730896,0.05443263,-0.32879114,-0.16199923,-0.095439374,-0.0649333,9.4545355
-0.33499146,6.6424713,6.629318,-0.15416908,-0.19565582,-0.4264288,-0.28696656,0.24154377,9.485406
-0.4355011,6.6424713,6.690338,-0.077785015,-0.10011196,-0.59663916,-0.21331507,0.43146396,9.431969
-0.4737854,6.599411,6.7537384,-0.11180782,-0.10479164,-0.66804934,-0.25879496,0.49074197,9.404196
-0.3912201,6.562317,6.764511,-0.27336383,-0.047227383,-0.52388763,-0.3595844,0.4192655,9.5914
-0.35055542,6.5407867,6.666397,-0.24856782,-0.14375973,-0.24897385,-0.3235675,0.13837194,9.66313
-0.28115845,6.580261,6.5443726,-0.106058836,-0.21768093,-0.2125845,-0.21405405,0.056058884,9.572421
-0.29431152,6.6089783,6.484543,0.041867495,-0.3512535,-0.35890484,-0.15383172,0.088897705,9.335081
-0.29431152,6.6221313,6.522827,-0.01884818,-0.37050247,-0.4330635,-0.22961515,0.14401054,9.304944
-0.3672943,6.5647125,6.775284,-0.10561371,-0.25079393,-0.5396004,-0.28296405,0.30721498,9.369876
-0.32063293,6.623337,6.84227,0.091804504,-0.21969652,-1.2095985,-0.20738888,0.85893893,8.946978
-0.41635132,6.620941,6.8530426,-0.1516757,-0.25240755,-0.29151487,-0.28214276,0.106954575,9.522657
-0.47616577,6.580261,6.8410797,-0.21793008,-0.22743654,-0.011165142,0.17816806,0.24524617,9.720302
-0.52282715,6.551544,6.9224396,-0.051599026,-0.17575693,-0.30581522,-0.16280597,0.15256834,9.528635
-0.47976685,6.543167,6.9056854,-0.123259544,-0.1832757,-0.5181966,-0.2644353,0.32742548,9.432247
-0.4091797,6.7010956,6.7657013,-0.1878171,-0.14797926,-0.6302247,-0.32743055,0.44399524,9.419334
-0.5240326,6.693924,6.6915283,-0.16952968,-0.14839888,-0.85108423,0.63297033,-0.32384324,9.287439
-0.5898285,6.6400757,6.744171,-0.06492281,-0.22957659,-0.85955715,0.5426674,-0.32190633,9.176058
-0.5204315,6.558731,6.756134,-0.15580463,-0.31208372,-0.31063747,-0.3021642,0.08109999,9.459826
-0.43310547,6.580261,6.705887,-0.25106382,-0.28290606,-0.2263813,-0.3647346,0.037548542,9.561954
-0.48335266,6.5491486,6.6472626,-0.3693421,-0.16016483,-0.5287523,-0.47369534,0.3593526,9.509794
-0.33021545,6.5407867,6.587448,-0.079027414,-0.18784666,-0.55379677,-0.21633768,0.32618046,9.365033
-0.25004578,6.5168457,6.6891327,-0.042924643,-0.25564814,-0.49357748,-0.19541156,0.22497654,9.3354645
-0.24287415,6.5563354,6.845871,7.491112E-4,-0.29777193,-0.16879511,-0.121982455,-0.05851841,9.492234
-0.275177,6.4737854,6.8638153,-0.024288416,-0.33413458,-0.08488989,-0.14125144,-0.1505084,9.529455
-0.26200867,6.500107,6.8614197,0.09610081,-0.37215424,-0.034776688,-0.031537414,-0.23056555,9.498774
-0.27278137,6.528824,6.8039856,0.20661592,-0.3744111,-0.14921236,0.06511378,-0.17162085,9.3925905
-0.31106567,6.587448,6.7094727,0.13599205,-0.3272004,-0.24154139,0.007646978,-0.07364607,9.384261
-0.35891724,6.5647125,6.7836456,0.16101027,-0.360466,-0.112222195,0.04029286,-0.19554234,9.448051
-0.36610413,6.5168457,6.776474,0.097049,-0.31017637,-0.16003036,-0.008449316,-0.12322426,9.466089
-0.3397827,6.51326,6.7621155,0.09952426,-0.2893567,-0.19822836,-0.043705225,0.07536292,9.452621
-0.30029297,6.5730896,6.7381897,0.23104215,-0.3170309,-0.17599249,-0.17786288,0.05777645,9.419497
-0.30508423,6.5443726,6.693924,0.27141428,-0.33604574,-0.3687067,0.14207524,-0.030570507,9.257635
-0.3864441,6.5659027,6.649658,0.37574458,-0.36475277,-0.48585224,0.2285375,0.013900757,9.129997
-0.3397827,6.5036926,6.6879425,0.4074142,-0.32359314,-0.49646616,0.2698536,0.047281265,9.141729
-0.36489868,6.607773,6.7860413,0.3808837,-0.43655062,-0.23934937,0.2540717,-0.20393753,9.271118
-0.40797424,6.551544,6.710678,0.3728056,-0.44241762,-0.25859642,0.24607939,-0.19855309,9.25746
-0.43310547,6.611374,6.7944183,0.4947889,-0.41595936,-0.28114462,0.36955643,-0.1741147,9.2322
-0.5312042,6.5611267,6.722641,0.58953595,-0.3817215,-0.40212822,-0.4385383,-0.1485517,9.142882
-0.4127655,6.6101685,6.6999054,0.5299282,-0.3642273,-0.36075068,0.40741384,-0.086381435,9.198228
-0.3756714,6.5694885,6.6436768,0.5425539,-0.34096813,-0.26314497,0.4354391,-0.13275623,9.284503
-0.34695435,6.6460724,6.6173553,0.5003786,-0.3388853,-0.30754852,0.38961828,-0.10036659,9.260818
-0.4905243,6.6400757,6.497711,0.4133792,-0.32904768,-0.38402605,0.29779178,-0.03825569,9.226576
-0.36012268,6.604187,6.4665985,0.12952137,-0.23684406,-0.23726416,0.054711282,-0.040558815,9.453767
-0.3756714,6.5862427,6.592224,0.07090497,-0.15502119,-0.12850237,0.025221884,-0.042642593,9.599002
-0.30029297,6.57428,6.685547,0.13969088,-0.21660328,-0.31019783,-0.039227724,-0.048884153,9.408247
-0.3672943,6.5336,6.9020996,0.15686083,-0.26379204,-0.45441103,-0.0018799305,-0.090289116,9.265795
-0.3062744,6.5144653,6.8853455,0.1054728,-0.23448229,-0.31024122,0.02184391,0.010037422,9.404434
-0.32063293,6.501297,6.9427795,0.14750028,-0.2568221,-0.21272135,0.06965488,-0.07250738,9.456143
-0.38523865,6.5108643,7.014557,0.22678876,-0.27888632,-0.37633228,0.123734474,0.009072781,9.301235
-0.33140564,6.4211426,7.0337067,0.22170901,-0.3046074,-0.5572429,0.09296042,0.105679035,9.148889
-0.23330688,6.5156555,6.912857,0.1889255,-0.27797413,-0.5303569,0.069565356,0.112112045,9.192784
-0.33857727,6.571884,6.7286224,0.23102593,-0.2957468,-0.30865908,0.13336653,-0.046148777,9.341685
-0.44865417,6.587448,6.693924,0.22318888,-0.34783983,-0.37822008,0.107791126,-0.041301727,9.258444
-0.48812866,6.538391,6.6101685,0.21763325,-0.30944777,-0.46143246,0.09979904,0.0419755,9.219862
-0.4295044,6.6388855,6.528824,0.17903638,-0.26959038,-0.45403957,0.07045156,0.07088661,9.25811
-0.5479584,6.57547,6.5527496,0.1264255,-0.24984169,-0.2893138,0.04226923,-0.0154418945,9.406548
-0.5407715,6.707077,6.641281,0.13043594,-0.31777143,-0.071174145,0.059150636,-0.20723248,9.529858
-0.62213135,6.63649,6.5850525,0.20820618,-0.34753084,-0.17634392,-0.18761802,0.08260512,9.415241
-0.45463562,6.6783752,6.7812653,0.25174236,-0.2762556,-0.5119834,-0.06222248,-0.15315676,9.194694
-0.5898285,6.579071,6.813568,0.36442232,-0.28615046,-0.5963712,-0.124464035,-0.23880124,9.101082
-0.28355408,6.5072784,6.908081,0.32571435,-0.31481838,-0.49471283,0.20049524,0.0552454,9.168926
-0.28355408,6.4869385,6.8195496,0.27608228,-0.36692953,-0.20512295,0.17756683,-0.16673899,9.366647
-0.18664551,6.5025024,6.78006,0.29519963,-0.41795254,-0.28246737,-0.23331475,0.04041004,9.272285
-0.275177,6.520447,6.784851,0.36042142,-0.35209417,-0.40259886,-0.2185905,-0.09718394,9.207707
-0.16989136,6.5144653,6.7286224,0.3909223,-0.268373,-0.37116337,0.28559268,0.008139133,9.276578
-0.19381714,6.5336,6.7118683,0.046863317,-0.11694956,-0.51982737,-0.039378345,0.244277,9.332443
-0.31704712,6.591034,6.7633057,0.033080578,-0.12666607,-0.60922194,-0.064748764,0.29856968,9.263555
-0.42233276,6.5336,6.8159485,0.037871838,-0.09196758,-0.8365474,-0.0812186,0.47223425,9.113756
-0.39482117,6.5276184,6.801605,-0.09321928,-0.10332394,-0.6031108,-0.17846286,0.3382163,9.319959
-0.41036987,6.6221313,6.7250214,-0.10651994,-0.1467495,-0.36808872,-0.18230051,0.15525627,9.473434
-0.4510498,6.5970154,6.757324,-0.22708344,-0.18769169,-0.042327404,0.17767859,0.2209382,9.71608
-0.46180725,6.5694885,6.809967,-0.30488634,-0.13367939,-0.061371803,0.26438212,0.20756388,9.766506
-0.3912201,6.6221313,6.7609253,-0.3192582,-0.093605995,-0.35749435,-0.3824026,0.23311329,9.611929
-0.44625854,6.6987,6.652054,-0.37705016,0.010342598,-0.87765837,-0.4901235,0.7124789,9.4008045
-0.46420288,6.665207,6.6137543,-0.37800336,0.027221203,-1.1562014,-0.5446148,0.9438529,9.265387
-0.5587311,6.612564,6.731003,-0.26079583,-0.06729078,-1.0605645,-0.44999957,0.8165786,9.233904
-0.40318298,6.6807556,6.693924,-0.21092677,-0.031834602,-0.73678637,-0.33822972,0.579088,9.43434
-0.447464,6.71904,6.6257324,-0.3422289,-0.0578413,-0.48114824,-0.42285144,0.3686328,9.613581
-0.48095703,6.7082825,6.5348053,-0.20707417,-0.17830658,-0.5575323,-0.35092622,0.35145044,9.434025
-0.4905243,6.73938,6.7286224,0.008093834,-0.29407787,-0.72437,-0.21977633,0.40519738,9.175166
-0.41516113,6.653244,6.8243256,0.078959465,-0.31817198,-0.50094366,-0.12147164,0.20848131,9.258752
-0.36012268,6.6269226,6.82193,0.022236824,-0.3134489,-0.37284088,-0.14956069,0.11183834,9.35623
-0.27278137,6.6053925,6.9344025,-0.023470163,-0.2977314,-0.5765114,-0.22351241,0.28799915,9.269381
-0.08375549,6.6999054,6.847061,-0.03596759,-0.27157116,-0.6436062,-0.23898822,0.3590858,9.2560005
-0.112457275,6.6831512,6.69751,-0.05595517,-0.2429285,-0.57015324,0.3711052,-0.13866186,9.326782
-0.105285645,6.6556396,6.5862427,-0.16005325,-0.2020464,-0.3894639,-0.28577942,0.20357132,9.498412
-0.15911865,6.611374,6.5862427,-0.19130301,-0.1729393,-0.2687688,-0.28341,0.12546158,9.60006
-0.062210083,6.6508484,6.5527496,-0.053376913,-0.2539482,-0.29931116,-0.18876404,0.0948205,9.471534
-0.09690857,6.7585297,6.193817,0.12504554,-0.26518774,-0.6241379,-0.08719486,0.3418851,9.214182
-0.14476013,6.870987,6.2153625,-0.11630964,-0.15692902,-0.75750065,-0.29892546,0.52695537,9.311753
-0.2033844,6.8518524,6.423538,-0.14577198,-0.20447111,-0.54655886,-0.30362332,0.3304894,9.406182
-0.4008026,6.867401,6.5886383,-0.25466037,-0.31616402,0.09023094,-0.32550466,-0.2442832,9.721061
-0.5670929,6.8937225,6.6640167,-0.2905593,-0.22423077,0.25135565,-0.2985747,-0.31821156,9.893129
-0.29670715,6.969101,6.641281,-0.30800986,-0.25059938,-0.16981363,-0.3996542,0.0070533752,9.6431465
-0.275177,6.945175,6.5682983,0.016731262,-0.06756401,-0.6671181,-0.1265856,0.4973755,9.374812
-0.06700134,6.7286224,6.6807556,0.015797377,-0.11459923,-0.83402586,-0.17286026,0.6034689,9.245466
-0.2141571,6.607773,6.7704926,0.013142586,-0.17866135,-0.80857515,-0.19010192,0.5429959,9.210914
0.050247192,6.4582214,6.7812653,0.095592976,-0.21310759,-0.6094141,-0.08678883,0.35504818,9.265959
0.22013855,6.5647125,6.43071,0.17964363,-0.2605095,-0.60178137,-0.019301414,0.31213045,9.202929
0.09690857,6.6987,6.356537,-0.06986213,-0.15476656,-0.46047115,-0.19110197,0.27188444,9.445506
0.055038452,6.67717,6.526428,0.07489753,-0.34586573,-0.5793271,0.24009061,-0.115454674,9.182248
0.026321411,6.7633057,6.7381897,0.11493111,-0.34450197,-0.31604385,-0.04077977,0.01266098,9.327119
0.18185425,6.570694,6.612564,0.15032053,-0.40387535,0.067697525,-0.21593261,0.24835396,9.520313
0.275177,6.629318,6.6915283,0.13081574,-0.34579277,0.1432414,-0.23862338,0.26147437,9.628063
0.7082825,6.880554,6.63649,0.15616989,-0.29005623,-0.032598972,0.06952083,-0.19068289,9.545134
0.41036987,6.7214355,6.63649,0.09622455,-0.22204065,-0.21032,0.011326253,-0.018297195,9.486756
0.7657013,6.582657,6.3625183,0.16566992,-0.2249074,-0.202878,0.08116901,-0.0352726,9.47295
0.9308014,6.5407867,6.10289,0.17293572,-0.22289467,-0.3111663,0.08027601,0.034495354,9.395822
0.6628113,6.7298126,5.81456,0.11216235,-0.1548891,-0.3643055,0.032751024,0.12087965,9.414725
0.5240326,6.8159485,5.7021027,0.27086258,-0.30576515,-0.4554181,0.14859855,0.05286503,9.21556
-0.3134613,6.705887,6.607773,0.36329246,-0.3125434,-0.66290474,0.21788591,0.17302895,9.037434
-0.20936584,6.854233,6.3912354,0.31023765,-0.28529167,-0.71552753,0.16781509,0.22813463,9.026003
-0.16749573,6.8614197,6.439087,0.44202757,-0.36613512,-0.7178378,0.2846828,0.15759134,8.947083
-0.15911865,6.7812653,6.8434753,0.43041062,-0.3608241,-0.701488,0.2844246,0.14438534,8.966539
-0.26560974,6.7298126,6.838684,0.39188075,-0.36031055,-0.38909006,0.2864592,-0.053717136,9.2151785
-0.2596283,6.798004,6.7082825,0.16625726,-0.26625967,-0.15397692,-0.15503383,0.052723885,9.497734
-0.27278137,6.838684,6.4905243,0.15958607,-0.30901527,-0.030570984,-0.2117014,0.14904809,9.572429
-0.23091125,6.7202454,6.5336,0.22759843,-0.29873562,-0.031854153,-0.27083254,0.10951853,9.568502
-0.19621277,6.7489624,6.3840485,0.3649361,-0.25367355,-0.23492193,0.30223227,-0.07953882,9.412891
-0.15553284,6.9092712,6.378067,0.29436767,-0.3018446,-0.27065945,0.22394001,-0.095942974,9.3688545
-0.14715576,6.8279266,6.2476654,0.23538232,-0.3538823,-0.103235245,0.177212,-0.2348361,9.483011
0.023925781,6.772888,6.256027,0.23677814,-0.30780792,-0.08906937,0.18623692,-0.20631504,9.521182
-0.19621277,6.746567,6.5443726,0.2407155,-0.2954378,-0.2885251,0.1707524,-0.08057928,9.367533
-0.13519287,6.847061,6.5276184,0.25988925,-0.17858744,-0.35273027,0.19697171,0.0511775,9.379523
-0.13160706,6.833908,6.440277,0.2799225,-0.2335844,-0.40150166,0.20498842,0.034570217,9.305744
-0.14117432,6.8315125,6.619751,0.29813635,-0.21639204,-0.42040205,0.22302431,0.059158325,9.297524
-0.24047852,6.898514,6.8853455,0.008425713,-0.0681591,-0.4788661,-0.052389085,0.22257185,9.380332
-0.25125122,6.752548,6.899704,-0.2674172,0.03359413,-0.5376215,-0.31973904,0.3476944,9.434423
-0.16151428,6.8602295,6.69751,-0.21988523,-0.021965504,-0.4897666,-0.27412218,0.27339792,9.434073
-0.056228638,6.7992096,6.448654,-0.22489512,-0.04972601,-0.48252583,-0.28245592,0.24627209,9.42527
0.020339966,6.7908325,6.336197,-0.27278125,-0.13735867,-0.46633863,-0.33790773,0.1675191,9.396157
-0.07058716,6.8697968,6.1818542,-0.11090684,-0.2327795,-0.37458277,-0.1789015,0.0322361,9.389812
-0.12921143,6.845871,6.1746826,0.10011685,-0.2673807,-0.41707945,0.020652592,0.025074482,9.302254
-0.15434265,6.9056854,6.22493,0.21622479,-0.30939817,-0.49635124,-0.08905101,-0.090628624,9.196158
-0.29670715,7.0049896,6.1136627,0.46411955,-0.34382343,-0.7040167,0.338611,0.13057756,8.971454
-0.31585693,7.010971,6.3637085,0.511794,-0.33515787,-0.6965337,0.38768739,0.13673401,8.975732
-0.2536316,6.952347,6.5036926,0.7184011,-0.35283613,-0.6144986,0.60173213,0.0797143,9.00057
-0.20219421,6.900894,6.538391,0.89734447,-0.33157682,-0.6111746,0.7827752,0.10394907,8.9910755
-0.25842285,6.878174,6.6604156,0.9854207,-0.26289558,-0.59374094,0.87828857,0.15531874,9.0338745
-0.21296692,6.8650055,6.644867,0.92210674,-0.2296195,-0.52959776,0.82713443,0.14722776,9.115526
-0.119644165,6.8530426,6.3517456,0.84367883,-0.26102257,-0.4113779,0.7645011,0.05472088,9.205234
-0.057434082,6.8769684,6.28714,0.6902039,-0.36767817,-0.2631545,0.62717223,-0.124752045,9.2852
-0.18544006,6.880554,6.3314056,0.4702928,-0.39071417,-0.025897026,-0.5254836,0.035428524,9.495017
-0.1758728,6.880554,6.4008026,0.33940256,-0.44472456,0.13272476,0.3271855,-0.43115425,9.612625
-0.31585693,6.849457,6.582657,-0.116898656,-0.45599937,-0.0022587776,-0.14489198,-0.376359,9.563822
-0.26081848,6.880554,6.6376953,-0.17177832,-0.38718224,-0.13134241,-0.2138797,-0.24720192,9.506958
-0.056228638,6.940384,6.3589325,0.022261262,-0.23891401,-0.32103062,-0.0662961,-0.034567833,9.412891
-0.037094116,6.932007,6.300308,0.025727637,-0.2586131,-0.3676324,0.0,0.0,0.0
0.01675415,6.9798584,6.234497,0.059965838,-0.22578335,-0.4173627,0.0,0.0,0.0
0.061019897,6.9798584,6.1651,0.09442806,-0.23448372,-0.47737932,0.0,0.0,0.0
0.044265747,7.0085754,6.0514526,0.071533404,-0.21536303,-0.5806179,0.0,0.0,0.0
0.007171631,6.9762726,6.025131,0.03438682,-0.25957537,-0.5939441,0.0,0.0,0.0
0.01914978,6.933197,6.114853,0.04556635,-0.30545998,-0.50115347,0.0,0.0,0.0
0.059814453,6.9678955,6.3433685,0.07978977,-0.26260567,-0.28157234,0.0,0.0,0.0
0.062210083,6.9750824,6.3960114,0.08078349,-0.25130987,-0.23341513,0.0,0.0,0.0
-0.026321411,6.960724,6.2883453,-0.00854517,-0.2627716,-0.3442397,0.0,0.0,0.0
-0.062210083,6.921234,6.2703857,-0.04430324,-0.2982092,-0.36661005,0.0,0.0,0.0
-0.020339966,6.941574,6.4031982,0.00941956,-0.2672038,-0.24533653,0.0,0.0,0.0
0.04307556,6.9224396,6.4378967,0.08480204,-0.26252508,-0.2363019,0.0,0.0,0.0
0.023925781,6.912857,6.443878,0.07054526,-0.25084734,-0.25310326,0.0,0.0,0.0
-0.029907227,6.837494,6.497711,0.023678679,-0.30445814,-0.2224102,0.0,0.0,0.0
-0.07058716,6.8434753,6.47139,-0.0067017376,-0.2815776,-0.26655674,0.0,0.0,0.0
-0.16270447,6.867401,6.484543,-0.082308345,-0.2388382,-0.273067,0.0,0.0,0.0
-0.14117432,6.8207397,6.693924,-0.056902736,-0.26917362,-0.0807662,0.0,0.0,0.0
-0.13877869,6.806381,6.78006,-0.05338545,-0.26691246,-0.0119662285,0.0,0.0,0.0
-0.044265747,6.795624,6.624527,0.044171117,-0.26731205,-0.17822981,0.0,0.0,0.0
-0.059814453,6.8231354,6.587448,0.029652089,-0.2376852,-0.21749067,0.0,0.0,0.0
0.051452637,6.754944,6.5814514,0.13448805,-0.3044119,-0.2250886,0.0,0.0,0.0
0.04547119,6.734604,6.634094,0.12255269,-0.3209057,-0.1765027,0.0,0.0,0.0
-0.010772705,6.796814,6.624527,0.066334955,-0.25612783,-0.18872881,0.0,0.0,0.0
-0.033493042,6.8027954,6.521637,0.048109323,-0.250422,-0.2912817,0.0,0.0,0.0
-0.062210083,6.8207397,6.501297,0.020446002,-0.23397875,-0.3100543,0.0,0.0,0.0
0.008377075,6.731003,6.4378967,0.088083774,-0.32697392,-0.37011337,0.0,0.0,0.0
-0.046661377,6.7501526,6.567108,0.031840958,-0.3085723,-0.24013996,0.0,0.0,0.0
0.0047912598,6.7740784,6.484543,0.08340136,-0.28377342,-0.32360888,0.0,0.0,0.0
0.025131226,6.8231354,6.4319,0.10348545,-0.23693514,-0.3739543,0.0,0.0,0.0
-0.026321411,6.7633057,6.4630127,0.04635822,-0.30247688,-0.33697462,0.0,0.0,0.0
0.044265747,6.7369995,6.6221313,0.11234313,-0.32726622,-0.17947912,0.0,0.0,0.0
-0.008377075,6.727417,6.6221313,0.060701184,-0.33329678,-0.18315601,0.0,0.0,0.0
0.051452637,6.7657013,6.3601227,0.12256964,-0.2954321,-0.44470835,0.0,0.0,0.0
-0.11843872,6.829117,6.4534454,-0.04686787,-0.23690128,-0.34630823,0.0,0.0,0.0
-0.15911865,6.845871,6.665207,-0.08421763,-0.21878481,-0.13592672,0.0,0.0,0.0
-0.1878357,6.8733826,6.6915283,-0.1113333,-0.19001436,-0.1108942,0.0,0.0,0.0
-0.1651001,6.870987,6.5850525,-0.08087147,-0.18846703,-0.2213707,0.0,0.0,0.0
-0.17347717,6.878174,6.5120697,-0.08465366,-0.18471813,-0.2907281,0.0,0.0,0.0
-0.16630554,6.8697968,6.541977,-0.07673872,-0.19647789,-0.25729704,0.0,0.0,0.0
-0.13160706,6.850647,6.4378967,-0.039172724,-0.2210865,-0.3556614,0.0,0.0,0.0
-0.14715576,6.847061,6.34816,-0.050668873,-0.23313808,-0.4365182,0.0,0.0,0.0
-0.07537842,6.849457,6.376877,0.020926915,-0.23454666,-0.403831,0.0,0.0,0.0
-0.062210083,6.805191,6.530014,0.031388283,-0.27984762,-0.24965,0.0,0.0,0.0
-0.022735596,6.7633057,6.504883,0.06571468,-0.3219781,-0.2745943,0.0,0.0,0.0
-0.0657959,6.7860413,6.5479584,0.018495515,-0.29751205,-0.2333808,0.0,0.0,0.0
-0.04547119,6.777664,6.5659027,0.038191743,-0.30283308,-0.2186346,0.0,0.0,0.0
-0.047851563,6.764511,6.6424713,0.03087248,-0.31275272,-0.14549828,0.0,0.0,0.0
-0.052642822,6.768097,6.599411,0.024334542,-0.30791187,-0.1898861,0.0,0.0,0.0
-0.06460571,6.899704,6.477371,0.011877552,-0.17868614,-0.30944872,0.0,0.0,0.0
-0.13279724,6.8362885,6.4965057,-0.055121787,-0.24439716,-0.28790617,0.0,0.0,0.0
-0.107681274,6.8362885,6.5371857,-0.026042134,-0.24742746,-0.2440157,0.0,0.0,0.0
-0.090927124,6.833908,6.45105,-0.007422395,-0.2529664,-0.32682753,0.0,0.0,0.0
-0.08494568,6.8195496,6.439087,-0.0016184822,-0.2725172,-0.33335972,0.0,0.0,0.0
-0.053833008,6.8482513,6.501297,0.027348995,-0.24598312,-0.2689047,0.0,0.0,0.0
0.03111267,6.8111725,6.464203,0.10787745,-0.28447008,-0.30457497,0.0,0.0,0.0
0.007171631,6.850647,6.4414825,0.08098508,-0.24558067,-0.32671452,0.0,0.0,0.0
-0.046661377,6.813568,6.45224,0.023029208,-0.2869072,-0.31154394,0.0,0.0,0.0
-0.023925781,6.8362885,6.4582214,0.04707159,-0.26511335,-0.3045764,0.0,0.0,0.0
-0.07058716,6.7812653,6.43071,4.0028244E-4,-0.32004118,-0.3321886,0.0,0.0,0.0
-0.023925781,6.818344,6.604187,0.04524926,-0.27997208,-0.16186857,0.0,0.0,0.0
-0.049057007,6.7836456,6.583847,0.020166926,-0.31286335,-0.18410349,0.0,0.0,0.0
-0.04307556,6.8733826,6.5192413,0.027178816,-0.22130775,-0.25060558,0.0,0.0,0.0
-0.105285645,6.8518524,6.3708954,-0.03157588,-0.24695587,-0.3945961,0.0,0.0,0.0
-0.053833008,6.8027954,6.36969,0.021107577,-0.30275345,-0.3887086,0.0,0.0,0.0
-0.09690857,6.8123627,6.4414825,-0.021571167,-0.29337597,-0.3167119,0.0,0.0,0.0
-0.035888672,6.838684,6.440277,0.04044324,-0.2660098,-0.31900358,0.0,0.0,0.0
-0.037094116,6.8434753,6.4665985,0.03772168,-0.25998163,-0.29400015,0.0,0.0,0.0
0.009567261,6.838684,6.477371,0.0834376,-0.26361656,-0.28445292,0.0,0.0,0.0
-0.062210083,6.825531,6.582657,0.009313129,-0.2735238,-0.18259954,0.0,0.0,0.0
-0.06939697,6.8350983,6.6676025,0.0021985099,-0.2595129,-0.10231352,0.0,0.0,0.0
0.007171631,6.8638153,6.5778656,0.078332506,-0.22842407,-0.19453907,0.0,0.0,0.0
-0.1040802,6.84227,6.5108643,-0.03425295,-0.25196934,-0.2594595,0.0,0.0,0.0
-0.07537842,6.7860413,6.587448,-0.0049284175,-0.30794,-0.18313885,0.0,0.0,0.0
-0.119644165,6.867401,6.521637,-0.04706183,-0.22599173,-0.24954462,0.0,0.0,0.0
-0.032302856,6.746567,6.4821625,0.040775083,-0.35022593,-0.28545046,0.0,0.0,0.0
-0.114852905,6.867401,6.484543,-0.0440069,-0.230474,-0.2819581,0.0,0.0,0.0
0.035888672,6.9355927,6.4450684,0.10908788,-0.16339827,-0.32023668,0.0,0.0,0.0
0.10887146,6.8566284,6.45105,0.1780214,-0.24624157,-0.310225,0.0,0.0,0.0
-0.11366272,6.7657013,6.5108643,-0.051531445,-0.33582544,-0.25189018,0.0,0.0,0.0
-0.0993042,6.867401,6.4953156,-0.033912927,-0.23384762,-0.2677002,0.0,0.0,0.0
0.041870117,6.8446655,6.479767,0.10466225,-0.257298,-0.28252268,0.0,0.0,0.0
0.062210083,6.747757,6.550354,0.11588371,-0.35465622,-0.21154118,0.0,0.0,0.0
-0.13400269,6.9044952,6.602997,-0.07969142,-0.19740248,-0.15943527,0.0,0.0,0.0
-0.08015442,6.8446655,6.51326,-0.019502416,-0.2582612,-0.24803686,0.0,0.0,0.0
0.0382843,6.805191,6.401993,0.0947206,-0.3038783,-0.3528824,0.0,0.0,0.0
-0.021530151,6.833908,6.5168457,0.03227626,-0.28146362,-0.23141146,0.0,0.0,0.0
-0.0011901855,6.8817596,6.5359955,0.052289512,-0.23478651,-0.21102571,0.0,0.0,0.0
-0.071777344,6.8446655,6.4618225,-0.019544274,-0.2753687,-0.28152752,0.0,0.0,0.0
-0.037094116,6.817154,6.4965057,0.010963343,-0.3093958,-0.2399888,0.0,0.0,0.0
-0.04547119,6.887741,6.4630127,0.0010904111,-0.24345255,-0.26857615,0.0,0.0,0.0
0.039474487,6.830307,6.3912354,0.08635785,-0.30896568,-0.33178282,0.0,0.0,0.0
-0.10647583,6.8817596,6.440277,-0.060427103,-0.2625928,-0.27734852,0.0,0.0,0.0
-0.10647583,6.891327,6.4462585,-0.06138816,-0.2588234,-0.26520252,0.0,0.0,0.0
0.027511597,6.9427795,6.36969,0.06686309,-0.21317625,-0.3356161,0.0,0.0,0.0
0.10169983,6.9056854,6.3110657,0.13099383,-0.26022768,-0.38365078,0.0,0.0,0.0
0.09451294,6.9224396,6.2979126,0.12119168,-0.2500472,-0.3897705,0.0,0.0,0.0
-0.034698486,6.886551,6.4785614,-0.008030327,-0.288661,-0.20619869,0.0,0.0,0.0
-0.0023956299,6.9391785,6.528824,0.02355432,-0.23299456,-0.15919924,0.0,0.0,0.0
-0.09451294,6.9176483,6.4917297,-0.06763439,-0.2541957,-0.1966424,0.0,0.0,0.0
-0.07058716,6.8602295,6.4941254,-0.04178417,-0.31257248,-0.19321156,0.0,0.0,0.0
-0.07298279,6.899704,6.378067,-0.03911952,-0.2748294,-0.3073883,0.0,0.0,0.0
-0.06460571,6.911667,6.303894,-0.026163548,-0.26661825,-0.3775077,0.0,0.0,0.0
-0.057434082,6.929611,6.296707,-0.01704787,-0.25571108,-0.37711525,0.0,0.0,0.0
0.056228638,6.929611,6.3314056,0.096981384,-0.259264,-0.3385868,0.0,0.0,0.0
0.011962891,6.9391785,6.3026886,0.053134393,-0.2527094,-0.36405325,0.0,0.0,0.0
-0.090927124,6.8889313,6.2823486,-0.043292914,-0.30539417,-0.3817191,0.0,0.0,0.0
0.027511597,6.941574,6.3349915,0.07992694,-0.2528448,-0.32893896,0.0,0.0,0.0
0.039474487,6.898514,6.3433685,0.09244026,-0.29530573,-0.32120466,0.0,0.0,0.0
0.124420166,6.8685913,6.41037,0.1759648,-0.318038,-0.26196814,0.0,0.0,0.0
0.0047912598,6.9272156,6.4534454,0.06007515,-0.25348377,-0.22524405,0.0,0.0,0.0
-0.027511597,6.969101,6.5240326,0.030678503,-0.20732594,-0.1592226,0.0,0.0,0.0
-0.110076904,6.9391785,6.5730896,-0.049094085,-0.23352194,-0.11413956,0.0,0.0,0.0
-0.07537842,6.8111725,6.600601,-0.01013843,-0.355484,-0.09306431,0.0,0.0,0.0
-0.026321411,6.870987,6.520447,0.041513547,-0.2929325,-0.17612314,0.0,0.0,0.0
-0.037094116,6.8901367,6.4618225,0.03154242,-0.27402544,-0.23447943,0.0,0.0,0.0
-0.06700134,6.9152527,6.4701996,0.0013067797,-0.25036573,-0.22454691,0.0,0.0,0.0
-0.023925781,6.8721924,6.3637085,0.04782565,-0.29610777,-0.3281312,0.0,0.0,0.0
-0.049057007,6.879364,6.3469543,0.02429054,-0.29224014,-0.34132624,0.0,0.0,0.0
-0.057434082,6.9308167,6.427124,0.016919017,-0.24330711,-0.25844336,0.0,0.0,0.0
-0.008377075,6.9379883,6.4905243,0.06259847,-0.2354865,-0.19577599,0.0,0.0,0.0
0.037094116,6.86261,6.5359955,0.10455265,-0.30868053,-0.15268373,0.0,0.0,0.0
0.027511597,6.8566284,6.3888397,0.09089795,-0.31433964,-0.30022478,0.0,0.0,0.0
0.039474487,6.8446655,6.3349915,0.10103134,-0.32883644,-0.35137272,0.0,0.0,0.0
0.06939697,6.84227,6.3218384,0.12798025,-0.33420324,-0.3613634,0.0,0.0,0.0
0.122039795,6.8518524,6.4331055,0.17371474,-0.32802725,-0.24649334,0.0,0.0,0.0
0.13040161,6.886551,6.4319,0.17422697,-0.2931099,-0.24799061,0.0,0.0,0.0
0.15792847,6.9583282,6.3637085,0.19737713,-0.22336435,-0.3140254,0.0,0.0,0.0
0.07777405,6.8853455,6.2392883,0.115236804,-0.29785442,-0.4368348,0.0,0.0,0.0
0.0382843,6.932007,6.2105713,0.072046265,-0.2601118,-0.45596313,0.0,0.0,0.0
0.0035858154,6.9595184,6.303894,0.03848763,-0.24042368,-0.35418415,0.0,0.0,0.0
0.0143585205,7.0372925,6.443878,0.053139433,-0.16326237,-0.21351528,0.0,0.0,0.0
-0.26560974,7.0624084,6.5862427,-0.21315905,-0.13608217,-0.073289394,0.0,0.0,0.0
-0.3014984,7.073181,6.5563354,-0.2334677,-0.12574434,-0.10258579,0.0,0.0,0.0
-0.40318298,6.999008,6.3194427,-0.311692,-0.20945024,-0.32887554,0.0,0.0,0.0
-0.275177,7.0588226,6.325424,-0.17335123,-0.15778542,-0.31389713,0.0,0.0,0.0
-0.36012268,7.1030884,6.2117615,-0.24731138,-0.12324953,-0.4167905,0.0,0.0,0.0
-0.29670715,7.0660095,6.262024,-0.16840628,-0.1720233,-0.35347366,0.0,0.0,0.0
-0.3792572,7.276581,6.398407,-0.22757661,0.026568413,-0.20346403,0.0,0.0,0.0
-0.4139557,7.3950195,6.4749756,-0.23124714,0.12968159,-0.10923767,0.0,0.0,0.0
-0.5264282,7.3579254,6.077774,-0.32431138,0.07940483,-0.49129486,0.0,0.0,0.0
-0.64845276,7.429718,6.1256256,-0.43091393,0.11728382,-0.40517616,0.0,0.0,0.0
-0.62931824,7.363907,6.3912354,-0.40309685,0.036384106,-0.122336864,0.0,0.0,0.0
-0.6125641,7.3663025,6.2895355,-0.37583768,0.029323578,-0.21300983,0.0,0.0,0.0
-0.44148254,7.2299194,6.070587,-0.19232662,-0.13234329,-0.4028511,0.0,0.0,0.0
-0.24765015,7.1772766,6.1160583,0.001901269,-0.20351124,-0.33623457,0.0,0.0,0.0
-0.15074158,7.0863495,6.2309113,0.093195155,-0.30984783,-0.203928,0.0,0.0,0.0
-0.017944336,7.1700897,5.760727,0.22031575,-0.25351954,-0.6426816,0.0,0.0,0.0
-0.022735596,7.2622223,5.5956116,0.21220008,-0.1877265,-0.77725697,0.0,0.0,0.0
0.14955139,7.3495483,5.5585327,0.3738187,-0.14942074,-0.7569685,0.0,0.0,0.0
0.34217834,7.417755,5.65065,0.54693365,-0.10416317,-0.6381664,0.0,0.0,0.0
0.3900299,7.412964,5.7631073,0.56018186,-0.13261795,-0.49833202,0.0,0.0,0.0
0.38883972,7.441681,5.9928284,0.5340189,-0.110889435,-0.26080942,0.0,0.0,0.0
0.3098755,7.430908,5.7260284,0.43245417,-0.12854815,-0.5197692,0.0,0.0,0.0
0.24645996,7.4321136,5.7308044,0.35835296,-0.13460588,-0.50639296,0.0,0.0,0.0
0.39242554,7.2921295,5.9365997,0.47589913,-0.29001474,-0.28228378,0.0,0.0,0.0
0.5168457,7.338791,5.9605255,0.5516848,-0.23698139,-0.2665801,0.0,0.0,0.0
0.5742798,7.3172455,5.868393,0.5743772,-0.25435925,-0.36387682,0.0,0.0,0.0
0.6053772,7.3698883,5.9078827,0.5880151,-0.19941378,-0.3271594,0.0,0.0,0.0
0.57069397,7.3734894,5.986847,0.5468056,-0.19321966,-0.25132036,0.0,0.0,0.0
0.550354,7.446457,5.900696,0.5088823,-0.11296368,-0.34620953,0.0,0.0,0.0
0.40797424,7.5098724,5.7595215,0.35549274,-0.050409794,-0.48625898,0.0,0.0,0.0
-0.062210083,7.6163483,5.851654,-0.11892319,0.053779602,-0.39131975,0.0,0.0,0.0
-0.21176147,7.536194,5.966507,-0.263194,-0.03296852,-0.26851606,0.0,0.0,0.0
-0.21296692,7.692932,5.97847,-0.2558313,0.12545395,-0.25866318,0.0,0.0,0.0
-0.20698547,8.398804,5.6698,-0.24103943,0.8136654,-0.54589844,0.0,0.0,0.0
-0.37687683,8.459824,5.2008057,-0.40150532,0.84021187,-0.9726286,0.0,0.0,0.0
-0.6544342,7.6821594,5.6159515,-0.65046406,0.043977737,-0.5345402,0.0,0.0,0.0
-0.88534546,7.1449738,6.4785614,-0.8535659,-0.46219397,0.28983212,0.0,0.0,0.0
-0.8889313,7.319641,6.6400757,-0.8297258,-0.2551365,0.4119439,0.0,0.0,0.0
-0.4283142,7.836487,5.449646,-0.35586986,0.26681614,-0.7845516,0.0,0.0,0.0
-0.44386292,8.045868,3.5605164,-0.32155445,0.38481855,-2.560247,0.0,0.0,0.0
-0.77407837,7.8999023,3.6646118,-0.60477936,0.19234991,-2.396359,0.0,0.0,0.0
-1.036087,7.893921,4.430313,-0.8267666,0.20260859,-1.6500068,0.0,0.0,0.0
-1.3591309,8.288742,4.5391846,-1.1098586,0.63653183,-1.588778,0.0,0.0,0.0
-1.4428711,8.372482,4.615753,-1.1606802,0.7657752,-1.5671878,0.0,0.0,0.0
-1.302887,8.036301,5.474777,-1.0059729,0.46098423,-0.7458987,0.0,0.0,0.0
-1.4680023,7.7001038,5.966507,-1.1558995,0.23854303,-0.38944292,0.0,0.0,0.0
-1.2550354,7.636688,6.47139,-0.9849045,0.2851076,-0.0133366585,0.0,0.0,0.0
-1.1318054,7.3914337,6.6807556,-0.9219506,0.1177969,0.10652161,0.0,0.0,0.0
-1.3005066,7.2849426,5.9114685,-1.1026467,0.025109291,-0.6783767,0.0,0.0,0.0
-1.5194397,7.071991,5.334793,-1.3294516,-0.18199444,-1.2617207,0.0,0.0,0.0
-1.2203369,7.060028,5.271393,-1.036765,-0.20627165,-1.3117356,0.0,0.0,0.0
-0.91166687,6.818344,5.9844513,-0.75437224,-0.43460703,-0.6140599,0.0,0.0,0.0
-0.58026123,6.4965057,6.681961,-0.4918346,-0.68150806,7.4243546E-4,0.0,0.0,0.0
-0.2907257,6.631714,6.7501526,-0.25277665,-0.49105072,0.009591103,0.0,0.0,0.0
0.057434082,6.9762726,6.6556396,0.010683753,-0.07990503,-0.15454102,0.0,0.0,0.0
0.49172974,7.135391,6.332611,0.38390815,0.10659313,-0.5051346,0.0,0.0,0.0
0.83987427,7.1437683,6.336197,0.6373553,0.14631939,-0.5314865,0.0,0.0,0.0
1.0995026,6.9595184,6.3888397,0.84894896,-0.019471645,-0.4960208,0.0,0.0,0.0
0.89611816,6.6592255,6.591034,0.61234117,-0.30191422,-0.31058884,0.0,0.0,0.0
0.79681396,6.5443726,6.623337,0.49189734,-0.38911104,-0.3051715,0.0,0.0,0.0
0.61735535,6.394821,6.764511,0.30394283,-0.51967144,-0.18257093,0.0,0.0,0.0
0.22732544,6.300308,7.5086823,-0.09447315,-0.59651995,0.54444504,0.0,0.0,0.0
0.25723267,6.336197,7.5996094,-0.07875574,-0.54567146,0.62125826,0.0,0.0,0.0
0.83509827,6.3505554,7.0289154,0.4912802,-0.54359293,0.06307793,0.0,0.0,0.0
0.7082825,6.900894,6.6185455,0.3415206,-0.022789955,-0.31676054,0.0,0.0,0.0
0.8446655,6.855438,6.468994,0.44227794,-0.106728554,-0.42569256,0.0,0.0,0.0
0.42352295,7.188034,6.599411,-0.004422486,0.21427107,-0.28200436,0.0,0.0,0.0
0.48214722,7.0169525,6.8111725,0.0112323165,0.051789284,-0.07614422,0.0,0.0,0.0
0.59103394,6.957138,6.5682983,0.085592985,0.006436825,-0.33117008,0.0,0.0,0.0
0.87338257,6.788437,6.4749756,0.3207258,-0.14154196,-0.44169617,0.0,0.0,0.0
0.86260986,6.63649,6.5934296,0.27509117,-0.26763248,-0.34618902,0.0,0.0,0.0
0.73220825,6.855438,6.7621155,0.1076625,-0.008104324,-0.21442461,0.0,0.0,0.0
0.78364563,6.924835,5.9449615,0.14326733,0.07723713,-1.0457969,0.0,0.0,0.0
0.825531,6.98584,5.826523,0.1825521,0.14808321,-1.173624,0.0,0.0,0.0
0.6963043,6.857834,5.6159515,0.0635525,0.032968044,-1.3976936,0.0,0.0,0.0
0.47018433,7.1030884,6.2153625,-0.15032542,0.31808043,-0.8379364,0.0,0.0,0.0
0.5479584,6.9511566,6.49292,-0.053866386,0.19310331,-0.58782244,0.0,0.0,0.0
0.48812866,6.8482513,6.5527496,-0.06709623,0.12676573,-0.5665021,0.0,0.0,0.0
0.3637085,6.599411,6.69751,-0.15873563,-0.09691906,-0.44788027,0.0,0.0,0.0
0.3361969,6.4163513,6.8925323,-0.1578893,-0.24872112,-0.2840314,0.0,0.0,0.0
0.48812866,6.3960114,6.9870453,0.009624302,-0.2376399,-0.219625,0.0,0.0,0.0
0.18664551,6.34816,6.826721,-0.27037895,-0.25677395,-0.4076662,0.0,0.0,0.0
0.4785614,6.4414825,6.793228,0.034936756,-0.15549278,-0.44925022,0.0,0.0,0.0
0.604187,6.5025024,6.661621,0.17297113,-0.10289812,-0.573925,0.0,0.0,0.0
1.3555298,6.276367,6.837494,0.90768576,-0.3321252,-0.3942175,0.0,0.0,0.0
1.0540314,6.10289,7.1700897,0.59013224,-0.49776268,-0.06776714,0.0,0.0,0.0
0.80996704,6.2321014,7.1485596,0.35695133,-0.36226702,-0.095712185,0.0,0.0,0.0
0.01675415,6.7788696,6.9463654,-0.4033422,0.18019867,-0.29597187,0.0,0.0,0.0
-0.112457275,7.1844482,7.2107697,-0.4492591,0.5695324,-0.021092892,0.0,0.0,0.0
-0.53479004,7.3710938,6.78006,-0.7790561,0.7287326,-0.43033266,0.0,0.0,0.0
-0.6520386,7.2191467,6.3804626,-0.8228196,0.51738644,-0.7768855,0.0,0.0,0.0
-0.27757263,6.6305084,6.784851,-0.43670136,-0.09750843,-0.34809065,0.0,0.0,0.0
-0.01914978,6.06221,7.100708,-0.19691567,-0.6652875,-0.032283306,0.0,0.0,0.0
0.14356995,5.921036,6.809967,-0.053988606,-0.8209286,-0.30883074,0.0,0.0,0.0
0.59580994,6.1986084,6.0335083,0.38293082,-0.56890726,-1.0605597,0.0,0.0,0.0
0.830307,6.376877,6.0442657,0.60162884,-0.4232831,-1.018023,0.0,0.0,0.0
1.0061798,6.6640167,6.5036926,0.7705028,-0.14080286,-0.5538759,0.0,0.0,0.0
0.97746277,6.8111725,6.900894,0.7451371,0.020226955,-0.17013693,0.0,0.0,0.0
0.899704,6.669998,7.1270294,0.6757068,-0.10040808,0.03606224,0.0,0.0,0.0
0.65922546,6.4319,7.3495483,0.4464754,-0.2949729,0.21692562,0.0,0.0,0.0
0.87338257,6.443878,7.7730865,0.65873295,-0.26127386,0.6200981,0.0,0.0,0.0
0.9786682,6.3960114,7.9537354,0.7559223,-0.2526188,0.7484255,0.0,0.0,0.0
0.9020996,6.628113,7.6546326,0.6838089,-0.004477024,0.43441868,0.0,0.0,0.0
0.57069397,6.9224396,7.0695953,0.3706891,0.2716403,-0.13437986,0.0,0.0,0.0
0.5850525,7.269394,6.4295197,0.41246504,0.58499,-0.7439976,0.0,0.0,0.0
0.40797424,7.188034,6.072983,0.29437077,0.44437408,-1.0460439,0.0,0.0,0.0
-0.32901,6.5036926,6.2524414,-0.39687493,-0.26019907,-0.8479495,0.0,0.0,0.0
-0.83987427,6.2153625,6.84227,-0.8648305,-0.5473676,-0.25950766,0.0,0.0,0.0
-1.0875397,6.118454,7.0995026,-1.0763996,-0.6103015,-0.03450823,0.0,0.0,0.0
-1.2957153,6.337387,6.90329,-1.2706221,-0.37037945,-0.2504239,0.0,0.0,0.0
-1.0492554,6.693924,6.217743,-1.0203235,-0.026919365,-0.9236727,0.0,0.0,0.0
-0.83509827,6.8518524,5.9246216,-0.8077348,0.10346842,-1.1907811,0.0,0.0,0.0
-0.08015442,6.5886383,5.7260284,-0.061913557,-0.19748783,-1.3534174,0.0,0.0,0.0
0.3481598,6.364914,6.16391,0.3588695,-0.43633604,-0.9010229,0.0,0.0,0.0
0.58743286,6.197403,6.2117615,0.5919962,-0.6077819,-0.84938765,0.0,0.0,0.0
0.7453613,6.2907257,6.55513,0.7434129,-0.5118089,-0.50857306,0.0,0.0,0.0
0.5036926,6.5527496,6.78006,0.48380798,-0.23622179,-0.2966528,0.0,0.0,0.0
0.39242554,6.6687927,6.7669067,0.3563506,-0.10801554,-0.32139063,0.0,0.0,0.0
-0.16989136,6.7920227,7.093521,-0.22811797,0.032107353,-0.010740757,0.0,0.0,0.0
-0.44267273,6.9044952,6.886551,-0.51149887,0.1503849,-0.22313595,0.0,0.0,0.0
-0.5635071,6.9260254,6.850647,-0.6599151,0.1751008,-0.26174498,0.0,0.0,0.0
-0.6472626,6.9834595,6.7298126,-0.7616122,0.234159,-0.38385487,0.0,0.0,0.0
-0.5934143,7.0372925,6.628113,-0.72559315,0.28919363,-0.48638487,0.0,0.0,0.0
-0.45822144,7.027725,6.570694,-0.62198895,0.27973843,-0.54325294,0.0,0.0,0.0
