-1.386,7.102,6.83,0.065699816,0.1733141,0.043522835,0.041097444,0.118974276,9.949494
-1.409,7.072,6.779,0.047234178,0.14200068,-0.005166054,0.011643291,0.119288616,9.89641
-1.599,6.98,6.695,-0.13628507,0.049729824,-0.08749151,-0.16678903,0.029282767,9.801609
-1.466,7.099,6.389,0.009934902,0.16361666,-0.38539648,-0.1771922,0.34769812,9.654635
-1.5,7.184,6.478,-0.024063468,0.25298166,-0.30086374,-0.19157375,0.34313962,9.781099
-1.499,7.097,7.149,-0.0277884,0.17359924,0.36133337,0.084078714,-0.1113749,10.1834755
-1.567,6.978,7.237,-0.092181444,0.057384014,0.44727516,0.083473794,-0.26899183,10.170685
-1.653,6.95,7.13,-0.17387903,0.029729366,0.34085608,-0.02648974,-0.25769675,10.089833
-1.685,7.036,6.733,-0.20157743,0.11607885,-0.055558205,-0.22563623,0.028553512,9.880592
-1.704,7.376,6.678,-0.2007612,0.46931314,-0.11966944,-0.31917712,0.30907243,10.085003
-1.563,7.438,7.446,-0.07005012,0.537395,0.63988876,0.0849641,-0.046852957,10.639563
-1.49,7.274,7.569,-0.002513051,0.36975956,0.7653799,0.22797857,-0.20918767,10.598357
-1.549,7.06,7.277,-0.06212616,0.1548438,0.4741783,0.101499565,-0.20548986,10.254032
-1.556,7.093,7.317,-0.059063554,0.18818617,0.51603365,0.1146085,-0.20656428,10.30604
-1.753,7.245,6.66,-0.25077474,0.34018755,-0.13979769,-0.34675148,0.2125081,9.987655
-1.719,7.303,6.696,-0.21941698,0.40270662,-0.10896683,-0.3188287,0.24962868,10.047947
-1.582,7.33,7.281,-0.090860486,0.43537855,0.46843338,0.018095186,-0.02159476,10.451976
-1.514,7.294,7.574,-0.030150414,0.39864826,0.7605796,0.19502985,-0.19703786,10.6199465
-1.449,7.308,7.121,0.03436637,0.40912676,0.3110385,0.072882704,0.106707856,10.305262
-1.443,7.367,6.954,0.040629506,0.4686308,0.14358902,2.6451817E-4,0.2505286,10.229873
-1.442,7.338,7.236,0.03821957,0.4404273,0.42403936,0.1146413,0.06190684,10.405208
-1.452,7.202,7.103,0.025370836,0.30303,0.2918334,0.07799432,0.04205533,10.218702
-1.451,7.11,7.183,0.023320317,0.21457672,0.36758566,0.12359175,-0.064459495,10.209484
-1.468,7.121,7.471,0.008256316,0.22950792,0.65202904,0.21967188,-0.23095305,10.4200735
-1.493,7.21,7.207,-0.0139917135,0.31592464,0.39123678,0.07946255,-0.024911636,10.302771
-1.465,7.31,6.979,0.011117697,0.4153924,0.16314697,-0.008381034,0.19025798,10.210411
-1.454,7.315,7.194,0.020956278,0.4203925,0.37789536,0.084440105,0.06891424,10.361712
-1.486,7.248,7.146,-0.007758975,0.35371208,0.33028316,0.053343464,0.040026836,10.286037
-1.563,7.141,7.098,-0.08036399,0.24594879,0.28401184,-0.008417541,-0.03602736,10.189068
-1.599,7.064,6.988,-0.112976074,0.16602421,0.17771006,-0.063768744,-0.04040227,10.063962
-1.602,6.987,6.857,-0.11359739,0.08768654,0.04858446,-0.099934496,-0.01655399,9.9193125
-1.62,7.056,6.76,-0.12731409,0.15809345,-0.048901558,-0.16468218,0.0844794,9.903277
-1.537,7.157,7.088,-0.046366096,0.26304102,0.274652,0.015239281,-0.0044548684,10.189432
-1.484,7.133,7.203,0.0027222633,0.23910427,0.38873482,0.108983845,-0.06895786,10.244439
-1.447,7.157,7.078,0.03480208,0.2633257,0.26243877,0.08280618,0.036738094,10.168893
-1.486,7.203,7.214,-0.0011073351,0.3125353,0.39586735,0.093652844,-0.024503237,10.301643
-1.652,7.112,7.09,-0.15731394,0.21832037,0.27725697,-0.07437403,-0.08250534,10.17671
-1.758,7.065,6.607,-0.2571491,0.16688347,-0.19989586,-0.34241217,0.12792198,9.824644
-1.729,7.015,6.542,-0.22913122,0.11860561,-0.26685524,-0.334299,0.14682797,9.739822
-1.683,6.979,6.819,-0.1867578,0.08260536,0.009346962,-0.18007909,-0.026417365,9.899725
-1.614,7.067,6.723,-0.122175336,0.17492914,-0.09199715,-0.18033567,0.12429318,9.884242
-1.541,7.205,6.945,-0.056390405,0.32055712,0.12072039,-0.0663281,0.12350351,10.124231
-1.492,7.263,7.4,-0.013577938,0.3842106,0.5686822,0.13568054,-0.08354034,10.474342
-1.595,7.167,7.445,-0.123492,0.2882061,0.6121917,0.07293569,-0.22103772,10.453887
-1.683,6.954,7.397,-0.20975268,0.0674448,0.57239103,0.024250746,-0.38452503,10.283859
-1.693,6.916,6.736,-0.21361291,0.021152496,-0.07890034,-0.22696747,-0.027004179,9.798918
-1.667,7.063,6.201,-0.1867522,0.16723585,-0.6127882,-0.44331142,0.40427038,9.526663
-1.626,7.346,6.308,-0.1489557,0.45357466,-0.50985956,-0.4261338,0.5532721,9.793404
-1.554,7.471,6.867,-0.09270668,0.58828354,0.035954,-0.18790704,0.3414472,10.25839
-1.437,7.376,7.521,0.0049717426,0.50247765,0.6766019,0.16844094,-0.058950506,10.630331
-1.446,7.236,7.638,-0.016939402,0.36410093,0.78926563,0.2208424,-0.22988467,10.615462
-1.513,7.143,7.57,-0.09072614,0.27050972,0.72044563,0.14677234,-0.283839,10.512584
-1.517,7.126,7.152,-0.09283948,0.24714518,0.30923033,-0.0122398585,-0.055463012,10.209263
-1.552,7.185,6.541,-0.12961113,0.30156803,-0.29753637,-0.29647192,0.32839972,9.829641
-1.482,7.33,6.645,-0.06692302,0.44546652,-0.19394302,-0.22991835,0.39070633,9.993785
-1.415,7.465,6.796,-0.009565353,0.5794158,-0.043875217,-0.14812076,0.4161972,10.184247
-1.395,7.502,6.754,-0.0021344423,0.6150603,-0.08707857,-0.1670886,0.4689969,10.178147
-1.407,7.512,7.022,-0.02647698,0.62523365,0.17824316,-0.08698855,0.30678403,10.373841
-1.435,7.478,7.415,-0.06337118,0.60239744,0.5582442,0.033961087,0.049610555,10.628186
-1.406,7.361,7.679,-0.040572524,0.4946766,0.8117137,0.17647256,-0.16403309,10.727075
-1.538,7.209,7.695,-0.16868865,0.34611225,0.8250551,0.09931621,-0.3273857,10.650405
-1.786,7.091,7.51,-0.409294,0.2283907,0.6412549,-0.16243336,-0.40047163,10.473081
-1.689,7.142,7.288,-0.3092116,0.27537727,0.42388391,-0.1682922,-0.19669534,10.339672
-1.537,7.163,6.901,-0.15983975,0.28944254,0.043301105,-0.1878882,0.10280006,10.062249
-1.397,7.143,6.781,-0.027516484,0.26625633,-0.07503986,-0.11174661,0.213834,9.944737
-1.17,7.257,6.949,0.18881512,0.37857914,0.09251785,0.12270976,0.28288254,10.11071
-0.917,7.255,7.018,0.4329142,0.37701178,0.15932465,0.36689004,0.34685567,10.1229105
-0.736,7.199,7.152,0.618265,0.32347584,0.29171467,0.5968614,0.3104583,10.152132
-0.702,7.227,7.41,0.6730046,0.35488224,0.55042744,0.7426651,0.19851746,10.345989
-1.278,7.149,7.483,0.12055457,0.26875448,0.63634634,0.30155486,-0.14749528,10.422288
-1.328,6.851,6.573,0.103946686,-0.0443058,-0.25156355,0.0037704243,0.16438213,9.585253
-1.923,7.434,6.542,-0.47882164,0.53781605,-0.27909803,-0.6457223,0.338587,10.061236
-1.552,6.999,6.789,-0.089613676,0.10413885,-0.02955389,-0.112348795,0.05259582,9.872682
-1.828,6.961,6.726,-0.3543675,0.07030153,-0.094341755,-0.36959624,-0.038026508,9.843686
-1.951,6.952,6.919,-0.50050974,0.052444458,0.10265303,-0.42222798,-0.22868346,9.988929
-2.096,7.244,7.213,-0.7290524,0.30650377,0.41792965,-0.5578023,-0.3453621,10.414687
-1.99,7.586,7.13,-0.7514529,0.5901518,0.37023115,-0.65870136,-0.14674732,10.57776
-1.971,7.783,6.979,-0.88875175,0.7196264,0.26276064,-0.8588413,-0.0706442,10.603007
-1.655,8.104,6.67,-0.77998173,0.95731735,0.0119485855,-0.92501456,0.26102468,10.58201
-1.129,8.417,6.501,-0.49804044,1.1784115,-0.08497715,-0.78733087,0.55709,10.651446
-0.818,8.701,6.635,-0.3128656,1.4154787,0.09004831,-0.634659,0.65943736,10.934446
-0.571,8.741,7.235,-0.34239703,1.3474736,0.7965307,-0.40513083,0.10268941,11.353488
0.713,8.758,7.38,0.6546544,1.2338796,1.0907569,0.5838139,0.27760836,11.456765
1.159,8.716,6.947,0.7370268,0.97225857,0.9447684,0.6625517,0.20986736,11.184353
0.784,8.481,6.569,0.2554419,0.6606002,0.67558336,0.24834257,-0.01974345,10.753219
0.749,8.153,6.14,-0.054189205,0.1177721,0.5757947,0.1267046,-0.39614597,10.225411
0.712,8.021,5.904,-0.17015862,-0.07960987,0.4475999,0.04637427,-0.4530682,9.974628
0.751,8.093,5.615,-0.2703758,-0.11709213,0.3498745,-0.06431024,-0.4486517,9.868305
1.152,8.119,5.792,0.010680079,-0.18004894,0.6936145,0.32536945,-0.6032306,10.016127
0.967,8.116,5.325,-0.2375722,-0.25012493,0.35234165,0.008432211,-0.48886925,9.742746
0.818,8.124,5.141,-0.43043286,-0.30080128,0.27946424,-0.16973647,-0.5427095,9.63198
1.047,8.257,5.185,-0.25873494,-0.22937965,0.447196,0.0150397755,-0.56482846,9.789752
1.034,8.209,5.117,-0.33183074,-0.34213352,0.5145006,0.012256355,-0.6936157,9.70357
0.819,8.199,4.342,-0.5978718,-0.41996288,-0.11628771,-0.42421627,-0.33009788,9.298302
0.866,8.414,3.875,-0.60362405,-0.26506424,-0.4475503,-0.6017532,-0.0013145134,9.284335
0.971,8.45,3.671,-0.5406328,-0.26239967,-0.5692172,-0.5922632,0.13371454,9.244076
1.255,8.702,3.414,-0.29975927,-0.030265808,-0.76937485,-0.5323496,0.48699397,9.403971
1.914,8.973,3.602,0.30262864,0.23680592,-0.55164695,-0.019589921,0.6714618,9.833681
2.083,8.907,4.248,0.41444933,0.16818142,0.12254572,0.34677994,0.14444591,10.0785885
1.643,8.649,4.097,-0.070246935,-0.10307598,0.01823616,-0.018804736,-0.07868567,9.70997
1.186,8.599,3.059,-0.5685036,-0.17080688,-0.9637599,-0.7892815,0.4857978,9.156852
1.197,8.861,2.088,-0.6102264,0.077599525,-1.8814054,-1.2531347,1.3040489,9.002165
1.692,9.186,1.405,-0.18785644,0.40680122,-2.5398943,-1.2553756,2.1435637,9.113104
2.122,8.889,2.324,0.16629314,0.14215088,-1.6557281,-0.5304575,1.498597,9.294676
2.135,8.67,3.957,0.10586047,-0.028305054,-0.09175992,0.0660198,0.11991987,9.765566
2.139,8.88,4.793,-0.018831491,0.2378931,0.6907878,0.15056969,-0.5166921,10.301112
3.544,9.313,5.227,1.335141,0.68550396,1.1211939,1.271478,-0.084811635,11.179874
4.091,9.289,5.184,1.8513768,0.686985,1.0415597,1.6667076,0.24320142,11.272029
3.15,9.221,4.428,0.9407351,0.62267685,0.2616601,0.63998455,0.41993645,10.6757
2.566,8.654,4.82,0.46899366,0.08080864,0.545269,0.5656669,-0.19198371,10.215266
1.758,8.268,4.686,-0.16852498,-0.25764465,0.23939991,0.044859294,-0.35779265,9.658104
1.66,8.5,3.756,-0.012896419,0.058470726,-0.9463787,-0.38168454,0.7674443,9.400984
1.923,8.385,3.93,0.33355558,-0.024365425,-0.85817504,-0.021812519,0.8360425,9.420807
1.622,8.072,4.819,0.20792687,-0.2695341,-0.1397891,0.22512117,0.108906455,9.53668
0.768,8.032,5.537,-0.44832838,-0.23963451,0.41147804,-0.15591832,-0.63372374,9.763981
0.096,8.062,6.171,-0.7644151,-0.08883381,0.78639555,-0.36085093,-0.997903,10.097539
-0.241,7.928,6.125,-0.9676908,-0.17822886,0.6540437,-0.5617694,-1.0291299,9.9524975
-0.18,8.253,5.833,-0.6326093,0.24289417,0.19352102,-0.563995,-0.31603584,10.087138
0.021,8.473,5.921,-0.1603947,0.56541634,0.12379265,-0.25822446,0.13133036,10.332787
-0.308,8.541,6.341,-0.24030456,0.7281742,0.41431808,-0.25900555,-0.006001347,10.63883
-0.457,8.621,6.604,-0.19300422,0.87638426,0.5938754,-0.17772974,-0.010564145,10.867917
-0.36,8.796,6.581,0.057661235,1.0920234,0.527513,-0.014104439,0.28113097,10.9876995
-0.687,8.74,5.978,-0.128762,1.0566969,-0.09041214,-0.3833704,0.62218076,10.585931
-0.911,8.762,5.634,-0.22981817,1.0951223,-0.4426241,-0.59893686,0.85548604,10.404515
-1.011,8.804,5.734,-0.23348546,1.1563907,-0.3553295,-0.5723517,0.8371893,10.506323
-1.068,8.578,5.953,-0.21238995,0.95295286,-0.15412378,-0.43186972,0.59180266,10.470157
-0.98,8.506,6.21,-0.055425286,0.90520954,0.082722664,-0.1871143,0.46794626,10.56516
-1.0,8.479,6.669,-0.012054682,0.8982258,0.52683353,0.022243984,0.17970255,10.832186
-0.829,8.401,7.012,0.22201669,0.8280277,0.8706784,0.38120168,-0.005543184,10.967536
-0.941,8.163,6.553,0.19302404,0.5870385,0.4301591,0.2410271,0.13839705,10.50641
-1.269,8.152,6.087,-0.045399904,0.57282495,-0.01458025,-0.13220778,0.34631363,10.245957
-1.344,8.074,6.331,-0.029270291,0.49526453,0.24785662,-0.0032163258,0.12455003,10.347071
-1.805,7.826,6.056,-0.38749683,0.24879313,-0.0059304237,-0.38978437,0.018361393,10.051229
-1.972,7.743,5.831,-0.4559245,0.16967583,-0.21190071,-0.5180331,0.09037359,9.877594
-2.072,7.812,5.628,-0.4768089,0.23490477,-0.38975334,-0.6097895,0.24939136,9.826538
-2.103,7.949,5.244,-0.46305537,0.35683155,-0.74264765,-0.74203014,0.5768275,9.706977
-1.966,8.013,5.034,-0.31430137,0.403718,-0.9276371,-0.68055165,0.78742313,9.608917
-1.807,7.929,5.155,-0.16439283,0.3068285,-0.792665,-0.4830398,0.68560255,9.591921
-1.686,7.923,5.26,-0.061798573,0.29143858,-0.68067455,-0.3458119,0.6338427,9.631345
-1.479,7.997,5.415,0.119235516,0.3587036,-0.5240607,-0.1282441,0.6306988,9.7492285
-1.334,7.974,5.635,0.23441541,0.3291049,-0.30352306,0.06327432,0.5001401,9.841917
-1.215,8.03,5.661,0.32071102,0.3741684,-0.271976,0.14730853,0.53772444,9.883987
-1.094,8.113,5.598,0.43740654,0.45450878,-0.3326583,0.22137864,0.672496,9.892115
-1.273,8.139,5.455,0.25878584,0.47818375,-0.47255707,8.797862E-4,0.7188066,9.854146
-1.437,8.098,5.527,0.08664942,0.4129901,-0.37126255,-0.11145285,0.5439986,9.893531
-1.511,8.088,5.715,0.016988873,0.39980078,-0.17797852,-0.21525879,-0.32236502,10.010488
-1.419,8.108,5.907,0.11662996,0.4276595,0.0057635307,0.06000681,0.3007312,10.126788
-1.429,8.133,5.906,0.12711024,0.4619832,-0.0019931793,0.063377365,0.33161637,10.146655
-1.459,8.163,5.799,0.10461354,0.49497652,-0.11089897,-0.002887145,0.41965613,10.110171
-1.345,8.223,5.69,0.22819614,0.54876566,-0.20928526,0.06569374,0.5669639,10.073585
-1.229,8.218,6.311,0.348848,0.5460386,0.41000223,0.41764757,0.17859152,10.424413
-1.604,8.153,6.479,0.012742162,0.5011196,0.56247616,0.023250898,0.19172035,10.534914
-1.852,8.196,6.197,-0.18693995,0.5595646,0.27392626,-0.12192231,0.087413825,10.43957
-1.969,8.201,5.988,-0.2621621,0.5744071,0.064136505,0.019568896,-0.3469158,10.337736
-2.051,8.227,5.837,-0.31410825,0.6038065,-0.08250141,-0.37829778,0.3180043,10.281852
-2.145,8.323,5.613,-0.39273155,0.69983435,-0.3020048,0.050918434,-0.73889816,10.23868
-1.979,8.391,5.676,-0.22205389,0.76940775,-0.23964357,-0.372945,0.56248933,10.299846
-1.589,8.434,5.795,0.17572951,0.8169937,-0.124231815,-0.46277162,-0.4699871,10.334616
-1.618,8.45,5.704,0.15907836,0.840281,-0.2209096,-0.026532022,0.7345937,10.296393
-1.742,8.457,5.663,0.044655323,0.8562274,-0.27050734,-0.3668341,-0.6571415,10.298474
-1.64,8.421,5.652,0.14428914,0.813077,-0.27304888,-0.061153624,0.7480126,10.246204
-1.506,8.407,5.713,0.26190114,0.77946854,-0.19171476,-0.52240616,-0.4931682,10.250264
-1.349,8.338,6.1,0.4007343,0.69985867,0.20359468,0.37100804,0.44604847,10.402666
-1.341,8.295,6.363,0.417817,0.66952133,0.45292187,0.4913297,0.2648263,10.52528
-1.419,8.293,6.212,0.34648466,0.67035866,0.30025053,0.36393785,0.34341136,10.446338
-1.365,8.243,5.752,0.40245223,0.60940266,-0.14500666,-0.67318964,-0.04676095,10.121285
-1.232,8.13,5.529,0.5325953,0.48378754,-0.3524971,0.282412,0.7465326,9.876615
-1.178,8.01,5.508,0.5913274,0.35831022,-0.3649478,-0.47660506,0.61806333,9.760979
-1.149,7.993,5.634,0.6289432,0.34347725,-0.23916721,0.43104178,0.62035185,9.817308
-1.198,7.999,5.748,0.57198226,0.3443408,-0.12087774,-0.28895456,0.6067657,9.899853
-1.357,7.979,5.776,0.39369857,0.31248713,-0.083180904,0.28443974,0.40398842,9.93096
-1.406,8.06,5.713,0.3234192,0.3831606,-0.13897467,-0.45554036,0.19394718,9.966627
-1.235,8.172,5.919,0.46741438,0.48483324,0.07266474,0.3924024,0.43326837,10.148876
-1.222,8.243,5.961,0.4572661,0.5453377,0.1217823,-0.4565118,0.36687857,10.228923
-1.448,8.17,5.728,0.2220484,0.46150064,-0.099552155,0.09969793,0.4377389,10.072439
-1.849,8.057,5.506,-0.16609251,0.3442526,-0.31222343,-0.1361646,-0.46047863,9.920661
-1.964,8.013,5.287,-0.26466846,0.30328608,-0.5304718,-0.49922937,0.43963528,9.776263
-1.989,8.058,5.081,-0.27694273,0.35477924,-0.74133825,-0.16873531,-0.8431388,9.693541
-1.898,8.176,5.282,-0.18079841,0.48755074,-0.5583215,-0.4586764,0.6042417,9.888044
-1.544,8.201,5.678,0.17119849,0.5311794,-0.1873498,-0.517362,0.064246096,10.080093
-1.359,8.169,5.909,0.35426617,0.5171685,0.019638062,0.26100865,0.447564,10.160084
-1.35,8.15,5.989,0.3698964,0.51617527,0.078240395,0.29979166,0.41470385,10.190743
-1.69,8.108,5.953,0.04515612,0.49025297,0.025982857,-0.009954678,0.30331534,10.195189
-1.841,8.15,5.683,-0.09480381,0.54274607,-0.25424528,-0.5043305,-0.18224102,10.090626
-1.762,8.31,5.43,-0.014164805,0.71319866,-0.52013063,-0.3231736,0.7858905,10.046074
-1.573,8.445,5.551,0.17285848,0.8644366,-0.42038155,-0.8963621,0.0697945,10.188111
-1.601,8.394,5.804,0.14522743,0.8334389,-0.19258022,-0.05916412,0.7073655,10.305581
-1.857,8.235,5.82,-0.11528957,0.6768031,-0.1808734,-0.55669564,-0.08963104,10.238072
-2.087,8.086,5.913,-0.35077155,0.54183245,-0.1070838,-0.43144345,0.26686656,10.219842
-2.026,8.144,6.038,-0.31294703,0.6026387,0.0077695847,-0.3589967,0.24267572,10.329526
-1.818,8.227,5.813,-0.13732684,0.6782255,-0.21706629,-0.31115088,0.5092119,10.218784
-1.416,8.433,5.33,0.23183048,0.8691597,-0.69024515,-0.21593654,1.0935537,10.014338
-1.181,8.488,5.409,0.4386214,0.9375324,-0.63563824,-0.024192367,1.1867803,10.064251
-0.975,8.324,5.924,0.6265476,0.79969263,-0.15795803,0.36484918,0.8678111,10.219939
-1.275,8.177,6.162,0.31448698,0.68314314,0.039417267,0.18731774,0.53513134,10.302319
-1.531,8.019,6.265,0.04614389,0.5528116,0.10553312,-0.004331246,0.2978211,10.286389
-1.647,7.926,6.147,-0.081166625,0.48131323,-0.04131031,-0.16981462,0.2949907,10.15893
-1.718,7.812,5.86,-0.15893853,0.38830662,-0.35518074,-0.35766125,0.40671566,9.900764
-1.853,7.666,5.772,-0.2951876,0.26291943,-0.4680333,-0.5058053,0.34165552,9.754208
-2.141,7.55,5.579,-0.59077287,0.16508293,-0.6843996,-0.8438416,0.29061356,9.587236
-2.069,7.575,5.357,-0.5496305,0.20883226,-0.9359703,-0.92191494,0.4931784,9.448052
-1.578,7.798,5.785,-0.11590397,0.45569706,-0.5492916,-0.42115852,0.5877302,9.810316
-0.767,8.146,6.179,0.63251096,0.8340502,-0.20435,0.30603743,0.94070756,10.205245
-0.166,8.432,6.766,1.1850338,1.1624932,0.3240013,0.93880373,1.0718327,10.717964
-0.311,8.42,7.388,1.0088836,1.1927853,0.89218235,1.006178,0.6663326,11.140884
-0.744,8.359,7.68,0.56505615,1.15242,1.1591139,0.7313873,0.27859017,11.3488455
-1.388,8.281,6.935,-0.076014996,1.0738955,0.4152832,-0.12721838,0.39828405,10.882139
-1.997,8.118,6.264,-0.6767049,0.90239334,-0.24462652,-0.89436334,0.42530474,10.399368
-2.153,8.053,5.937,-0.8282993,0.82707024,-0.55926657,-1.1432663,0.5027586,10.15748
-2.161,7.995,5.763,-0.8397198,0.7627907,-0.72697115,-1.210618,0.55857867,10.001225
-2.262,8.096,5.874,-0.9542122,0.8668995,-0.6221652,-1.2922277,0.5038285,10.1608095
-2.074,8.236,6.439,-0.7972567,1.0123463,-0.06938934,-0.957803,0.3199472,10.610098
-1.386,8.139,7.01,-0.15922844,0.90592194,0.5024681,-0.13788134,0.18971369,10.8281765
-1.025,7.903,6.693,0.15919936,0.6486192,0.20131207,0.06838255,0.35950816,10.400499
-1.105,7.68,6.237,0.050168753,0.4107461,-0.24327135,-0.16251084,0.43012825,9.944454
-1.404,7.471,6.241,-0.26760232,0.20149851,-0.242311,-0.38715118,0.14364499,9.826832
-1.841,7.188,7.026,-0.7207689,-0.07998228,0.53817415,-0.36741322,-0.7326845,10.18575
-1.871,7.183,6.973,-0.76995945,-0.0929575,0.4908309,-0.42206943,-0.7398276,10.148565
-1.676,7.536,6.23,-0.59305394,0.2567706,-0.2515459,-0.6875691,0.0099563105,9.896481
-1.198,7.916,5.909,-0.11781943,0.65215683,-0.59024525,-0.5428659,0.694177,9.911507
-1.049,8.113,6.024,0.036047935,0.8811207,-0.50998735,-0.4456906,0.8634163,10.112646
-1.018,8.197,6.579,0.059236765,0.99579287,0.009938717,-0.23156548,0.6377084,10.538031
-0.63,8.27,7.07,0.42711318,1.0856986,0.47919703,0.25655115,0.6140821,10.878043
-0.216,8.37,7.042,0.8233314,1.1903958,0.4432521,0.53161,0.91485465,10.889157
-0.039,8.409,6.835,0.9958405,1.2324739,0.23220015,0.5573146,1.1599365,10.759832
-0.028,8.345,6.741,1.017809,1.1732764,0.13471222,0.54382306,1.1953729,10.646891
-0.223,8.184,6.528,0.83709437,1.0209742,-0.08544254,0.33510014,1.1317929,10.404284
-0.378,8.153,6.247,0.69153285,1.003314,-0.3793459,0.07888631,1.2094406,10.2063875
-0.345,8.227,6.27,0.726367,1.1040063,-0.38473606,0.070007384,1.2948444,10.268105
-0.268,8.019,6.733,0.81604266,0.9368596,0.036842823,0.3938881,1.007905,10.418179
-0.733,7.592,7.022,0.38092238,0.5583439,0.2798028,0.26893714,0.4009904,10.356213
-1.401,7.345,7.075,-0.26539207,0.36217117,0.28376436,-0.20265734,-0.075531274,10.291777
-1.273,7.415,7.196,-0.13615596,0.4797349,0.35640526,-0.10144957,0.03244815,10.4102745
-0.83,7.514,7.47,0.3120759,0.62896633,0.5807066,0.32264507,0.25461286,10.619843
-1.027,7.415,7.282,0.13932526,0.59357166,0.3337493,0.07656142,0.27722156,10.439433
-1.541,7.208,7.391,-0.3452022,0.4632721,0.37323284,-0.26796067,-0.08450982,10.434458
-1.582,7.075,8.04,-0.3691827,0.39721918,0.961391,-0.0044645374,-0.44502637,10.81674
-1.357,7.058,8.135,-0.15043175,0.42161512,1.0165067,0.19157004,-0.33444598,10.848342
-0.804,7.142,7.832,0.38327658,0.5298724,0.6877341,0.44823962,0.20140974,10.618537
-0.423,7.062,7.419,0.7642766,0.44987202,0.2747345,0.3939713,0.7334132,10.217594
-1.078,6.733,7.31,0.08204138,0.14562416,0.13844681,0.08009399,0.06951591,9.996011
-1.335,6.306,7.161,-0.20260012,-0.26977682,-0.025599957,-0.085406646,-0.27589664,9.630387
-0.976,5.993,7.077,0.1036728,-0.5757098,-0.12416172,0.23352207,-0.2544085,9.3184395
-0.254,5.905,7.336,0.7449685,-0.65731,0.11737633,0.9014174,-0.06266927,9.377312
0.018,5.868,7.53,0.9387307,-0.6858382,0.2932992,1.1516528,-0.048764795,9.476602
0.049,5.879,7.362,0.9017755,-0.67028856,0.11286402,1.0380868,0.0409273,9.364017
0.061,5.71,6.654,0.8540424,-0.8339343,-0.60674334,0.74760896,0.28092405,8.731878
-0.026,5.457,6.477,0.72205037,-1.0633888,-0.8096552,0.6491751,0.16289851,8.442931
-0.269,5.036,7.3,0.44175112,-1.4343596,-0.03482437,0.92117983,-0.62949526,8.802204
-0.438,4.719,8.46,0.23671553,-1.6886992,1.0669928,1.3423932,-1.4645048,9.4913435
-0.314,4.82,8.619,0.33001685,-1.5391736,1.1814909,1.4065156,-1.3712401,9.682953
-0.198,5.264,8.031,0.4342373,-1.0616322,0.5639372,1.0300995,-0.701596,9.523263
0.149,5.845,7.75,0.79053247,-0.44802618,0.25622702,0.9318121,0.04977663,9.663229
0.487,6.309,7.768,1.1479261,0.048531055,0.24868631,1.012591,0.5794587,9.950949
0.107,6.555,7.862,0.7956709,0.32900667,0.31659698,0.64285624,0.5205941,10.203249
-0.395,6.502,8.11,0.3429949,0.32440948,0.52955675,0.36634737,0.15327789,10.39454
-1.191,6.426,8.72,-0.368272,0.31601715,1.0936241,0.012561138,-0.5183406,10.884922
-1.888,6.698,8.756,-0.96633536,0.65092945,1.0908947,0.0,0.0,0.0
-1.812,7.251,8.52,-0.80228543,1.2520876,0.8281913,0.0,0.0,0.0
-1.959,7.637,8.391,-0.85176957,1.6837354,0.677176,0.0,0.0,0.0
-2.32,7.971,8.125,-1.0999312,2.0684128,0.3892851,0.0,0.0,0.0
-2.487,8.123,8.661,-1.1619455,2.274135,0.9017863,0.0,0.0,0.0
-2.426,7.914,9.421,-1.0248104,2.0941873,1.6533217,0.0,0.0,0.0
-2.084,7.695,9.427,-0.6479143,1.8578525,1.6787262,0.0,0.0,0.0
-1.516,7.591,8.98,-0.08253574,1.689362,1.2802434,0.0,0.0,0.0
-0.657,7.775,8.212,0.74429256,1.7729678,0.5842633,0.0,0.0,0.0
0.044,7.893,7.154,1.4187267,1.7748299,-0.38579416,0.0,0.0,0.0
-0.254,7.946,5.837,1.1128566,1.7142143,-1.6106119,0.0,0.0,0.0
-1.197,7.947,5.343,0.16564393,1.6311865,-2.034268,0.0,0.0,0.0
-1.66,7.774,6.112,-0.30348158,1.406229,-1.2216034,0.0,0.0,0.0
-1.689,7.801,6.579,-0.3275082,1.3945613,-0.7199211,0.0,0.0,0.0
-1.944,7.576,6.454,-0.55548763,1.1311107,-0.80587626,0.0,0.0,0.0
-2.223,6.956,5.985,-0.79059446,0.46212673,-1.2225103,0.0,0.0,0.0
-2.201,6.327,5.454,-0.736205,-0.22781515,-1.6915693,0.0,0.0,0.0
-1.846,6.016,5.323,-0.36923814,-0.60361767,-1.7600942,0.0,0.0,0.0
-1.613,6.056,5.507,-0.14181972,-0.62671757,-1.5177622,0.0,0.0,0.0
-1.352,6.56,5.413,0.104602575,-0.17993021,-1.5599499,0.0,0.0,0.0
-1.027,7.17,5.106,0.41881204,0.39596558,-1.8360782,0.0,0.0,0.0
-0.875,7.787,5.794,0.5594773,1.0126328,-1.1501055,0.0,0.0,0.0
-0.934,8.039,7.0,0.48374474,1.2766848,0.040726185,0.0,0.0,0.0
-1.425,7.921,7.603,-0.033017278,1.1586385,0.6385746,0.0,0.0,0.0
-1.609,7.72,7.502,-0.25846505,0.93998814,0.5465803,0.0,0.0,0.0
-1.451,7.638,7.503,-0.15219784,0.8342285,0.56094027,0.0,0.0,0.0
-0.934,7.665,7.707,0.32276654,0.833303,0.7846575,0.0,0.0,0.0
-0.842,7.675,7.482,0.3938167,0.80885553,0.590034,0.0,0.0,0.0
-1.224,7.544,6.574,0.010540843,0.6385031,-0.27876616,0.0,0.0,0.0
-1.456,7.577,5.623,-0.2195785,0.6391096,-1.1966271,0.0,0.0,0.0
-1.568,7.707,5.241,-0.32271695,0.75636387,-1.5640216,0.0,0.0,0.0
-2.054,7.65,5.343,-0.79112005,0.7094064,-1.4690251,0.0,0.0,0.0
-2.42,7.519,5.672,-1.1416156,0.609457,-1.1686373,0.0,0.0,0.0
-2.492,7.443,6.401,-1.2015139,0.58190155,-0.48596954,0.0,0.0,0.0
-2.531,7.396,7.421,-1.2291597,0.58668756,0.48494482,0.0,0.0,0.0
-2.478,7.391,8.075,-1.1626118,0.6211972,1.10292,0.0,0.0,0.0
-2.4,7.437,8.145,-1.0629637,0.68824387,1.1566534,0.0,0.0,0.0
-2.245,7.494,7.602,-0.8887887,0.7552123,0.6077285,0.0,0.0,0.0
-1.998,7.57,7.458,-0.62743723,0.8446617,0.45359087,0.0,0.0,0.0
-1.941,7.606,7.618,-0.5587168,0.891531,0.6054702,0.0,0.0,0.0
-1.807,7.629,7.202,-0.42318642,0.92138004,0.18322086,0.0,0.0,0.0
-1.635,7.655,6.827,-0.2586118,0.9605074,-0.20575953,0.0,0.0,0.0
-1.605,7.392,7.015,-0.24253666,0.7183361,-0.040231228,0.0,0.0,0.0
-1.525,7.235,7.213,-0.19731295,0.57540226,0.13787556,0.0,0.0,0.0
-1.222,7.352,6.887,0.04997897,0.69179106,-0.19777775,0.0,0.0,0.0
-0.818,7.445,6.401,0.3845759,0.78068113,-0.6920271,0.0,0.0,0.0
-0.533,7.37,6.442,0.6012852,0.7071557,-0.6636524,0.0,0.0,0.0
-0.533,7.37,6.442,0.6012852,0.7071557,-0.6636524,0.0,0.0,0.0
-0.533,7.37,6.442,0.6012852,0.7071557,-0.6636524,0.0,0.0,0.0
-0.149,7.379,6.646,0.8661975,0.69366693,-0.45653915,0.0,0.0,0.0
0.169,7.546,6.42,1.1631327,0.8479295,-0.67351246,0.0,0.0,0.0
0.277,7.632,6.709,1.2745235,0.93160534,-0.3818426,0.0,0.0,0.0
0.198,7.658,7.303,1.2243028,0.95863676,0.21529198,0.0,0.0,0.0
0.01,7.552,7.556,1.0772661,0.84955645,0.47725964,0.0,0.0,0.0
-0.156,7.588,7.628,0.9571192,0.8750882,0.56626034,0.0,0.0,0.0
-0.551,7.523,7.374,0.6025373,0.7962346,0.3319564,0.0,0.0,0.0
-0.79,7.353,7.339,0.3961361,0.61437845,0.31372786,0.0,0.0,0.0
-0.874,7.294,7.702,0.34142095,0.5397043,0.6968155,0.0,0.0,0.0
-0.907,7.278,7.74,0.34225124,0.49668837,0.76693964,0.0,0.0,0.0
-0.936,7.133,7.244,0.3358053,0.31154013,0.3143115,0.0,0.0,0.0
-0.823,7.093,6.873,0.45181268,0.22565126,-0.010658741,0.0,0.0,0.0
-0.579,7.143,6.878,0.6985557,0.22991467,0.040786743,0.0,0.0,0.0
-0.572,7.175,6.61,0.71844685,0.21746063,-0.179533,0.0,0.0,0.0
-0.973,7.298,5.754,0.32672006,0.30618143,-0.9984503,0.0,0.0,0.0
-1.095,7.394,5.82,0.20290554,0.3845744,-0.91451883,0.0,0.0,0.0
-1.155,7.672,6.416,0.1270479,0.6529393,-0.3115201,0.0,0.0,0.0
-1.248,7.871,6.501,0.009375691,0.8473849,-0.22642231,0.0,0.0,0.0
-1.386,8.001,6.684,-0.15010583,0.9785843,-0.048652172,0.0,0.0,0.0
-1.784,7.844,6.766,-0.5553217,0.82409763,0.029405594,0.0,0.0,0.0
-2.128,7.643,6.89,-0.91652405,0.63220406,0.1408186,0.0,0.0,0.0
-2.053,7.495,6.885,-0.84829307,0.48547888,0.13328457,0.0,0.0,0.0
-1.859,7.369,6.768,-0.66863596,0.35866594,0.014583588,0.0,0.0,0.0
-1.808,7.132,6.852,-0.61609924,0.12277126,0.09770918,0.0,0.0,0.0
-1.632,7.072,6.687,-0.43169403,0.061268806,-0.064245224,0.0,0.0,0.0
-1.303,7.269,6.435,-0.102694035,0.25826883,-0.31624508,0.0,0.0,0.0
-0.863,7.568,6.511,0.33072096,0.57240963,-0.2570958,0.0,0.0,0.0
-0.562,7.78,6.705,0.6285973,0.79303885,-0.07255316,0.0,0.0,0.0
-0.379,7.987,7.086,0.79960793,1.0172396,0.2886696,0.0,0.0,0.0
-0.574,8.159,7.115,0.58616185,1.1948061,0.30879688,0.0,0.0,0.0
-1.011,8.228,6.684,0.13422883,1.2612443,-0.1221118,0.0,0.0,0.0
-1.169,8.167,6.541,-0.030826092,1.1991754,-0.26520014,0.0,0.0,0.0
-1.492,7.845,6.613,-0.3561859,0.8804827,-0.19697857,0.0,0.0,0.0
-1.489,7.783,6.628,-0.35885322,0.82108116,-0.18557644,0.0,0.0,0.0
-1.493,7.764,6.529,-0.37229836,0.80346584,-0.28755093,0.0,0.0,0.0
-1.508,7.694,6.56,-0.3909713,0.72129774,-0.24470758,0.0,0.0,0.0
-1.565,7.539,6.642,-0.43747616,0.547307,-0.14145756,0.0,0.0,0.0
-1.701,7.284,6.771,-0.5579854,0.28296757,-2.2172928E-4,0.0,0.0,0.0
-1.773,7.175,6.71,-0.6241714,0.18486214,-0.07148552,0.0,0.0,0.0
-1.738,7.202,6.599,-0.58357966,0.21695423,-0.18678045,0.0,0.0,0.0
-1.768,7.306,6.603,-0.56876516,0.34145737,-0.19607067,0.0,0.0,0.0
-1.802,7.351,7.032,-0.58203983,0.39192867,0.2310152,0.0,0.0,0.0
-1.852,7.391,7.268,-0.6101084,0.44220924,0.46047354,0.0,0.0,0.0
-1.866,7.508,7.088,-0.62654626,0.55815315,0.2811079,0.0,0.0,0.0
-1.584,7.689,6.975,-0.3567922,0.7351551,0.16997194,0.0,0.0,0.0
-1.24,7.774,7.212,-0.017483711,0.8185129,0.4078083,0.0,0.0,0.0
-1.303,7.668,7.532,-0.08964336,0.7045212,0.7343464,0.0,0.0,0.0
-1.524,7.5,7.3,-0.32490695,0.51342344,0.5235481,0.0,0.0,0.0
-1.537,7.47,7.173,-0.34968483,0.4518094,0.42720985,0.0,0.0,0.0
-1.591,7.269,6.709,-0.40322042,0.22126961,-0.0058374405,0.0,0.0,0.0
-1.564,7.1,6.416,-0.37248874,0.022072792,-0.26633692,0.0,0.0,0.0
-1.54,7.041,5.995,-0.34737623,-0.06700945,-0.65513134,0.0,0.0,0.0
-1.26,7.132,5.91,-0.0758791,-1.6784668E-4,-0.7157388,0.0,0.0,0.0
-0.82,7.275,6.017,0.35460037,0.12780714,-0.59422636,0.0,0.0,0.0
-0.739,7.428,5.964,0.43168086,0.2749796,-0.6416168,0.0,0.0,0.0
-0.698,7.549,6.016,0.46377093,0.39900064,-0.5944581,0.0,0.0,0.0
-0.566,7.701,6.177,0.58480763,0.5624013,-0.44768143,0.0,0.0,0.0
-0.603,7.809,6.492,0.53291637,0.68774605,-0.15388632,0.0,0.0,0.0
-0.79,7.899,6.659,0.32880825,0.7966633,-0.009993076,0.0,0.0,0.0
-1.003,7.943,6.921,0.09589553,0.86088943,0.22723198,0.0,0.0,0.0
-1.188,8.012,7.139,-0.11191392,0.9485941,0.42180538,0.0,0.0,0.0
-1.294,8.072,7.21,-0.24737275,1.0226183,0.4734435,0.0,0.0,0.0
-1.176,8.034,7.366,-0.16794312,0.99609804,0.6115856,0.0,0.0,0.0
-1.147,7.858,7.838,-0.17820334,0.8300905,1.0674529,0.0,0.0,0.0
-1.226,7.585,8.131,-0.2961805,0.55657005,1.3555288,0.0,0.0,0.0
-1.24,7.431,7.906,-0.344925,0.38680506,1.1422334,0.0,0.0,0.0
-1.256,7.377,7.036,-0.4006595,0.2879467,0.31408882,0.0,0.0,0.0
-1.228,7.396,6.265,-0.3845818,0.293777,-0.44450426,0.0,0.0,0.0
-1.105,7.449,6.096,-0.29105932,0.32617474,-0.5952802,0.0,0.0,0.0
-1.116,7.396,6.376,-0.3089798,0.27136135,-0.31418753,0.0,0.0,0.0
-1.218,7.257,6.462,-0.41805887,0.13588953,-0.23279476,0.0,0.0,0.0
-1.505,7.016,6.588,-0.69460166,-0.1067009,-0.10384512,0.0,0.0,0.0
-1.774,6.812,6.818,-0.959929,-0.30350256,0.11894703,0.0,0.0,0.0
-1.893,6.8,6.76,-1.0715445,-0.30982494,0.055825233,0.0,0.0,0.0
-1.788,6.914,6.699,-0.964073,-0.18785095,-0.0133218765,0.0,0.0,0.0
-1.507,7.14,6.944,-0.6857387,0.050755024,0.21804047,0.0,0.0,0.0
-1.213,7.331,7.016,-0.39079493,0.26061058,0.27033806,0.0,0.0,0.0
-1.1,7.412,7.272,-0.28525066,0.34600353,0.520833,0.0,0.0,0.0
-1.067,7.413,7.345,-0.2781347,0.34244108,0.59553576,0.0,0.0,0.0
-1.044,7.478,6.957,-0.2663864,0.39996672,0.21406794,0.0,0.0,0.0
-0.828,7.703,6.342,-0.09982556,0.59629965,-0.3762555,0.0,0.0,0.0
-0.392,7.858,6.288,0.31431976,0.7466717,-0.42769003,0.0,0.0,0.0
-0.12,7.864,7.0,0.52828634,0.75665617,0.2742467,0.0,0.0,0.0
-0.325,7.731,7.216,0.31191343,0.6229582,0.4898982,0.0,0.0,0.0
-0.711,7.543,6.771,-0.090313375,0.4283762,0.050340652,0.0,0.0,0.0
-0.94,7.422,6.471,-0.33463824,0.29817438,-0.24130392,0.0,0.0,0.0
-0.996,7.494,6.456,-0.4181558,0.36481524,-0.25303984,0.0,0.0,0.0
-1.012,7.584,6.37,-0.44111097,0.45684338,-0.34178877,0.0,0.0,0.0
-1.003,7.571,6.504,-0.44730097,0.45429802,-0.22014475,0.0,0.0,0.0
-0.94,7.57,6.732,-0.38530523,0.4496255,0.01166153,0.0,0.0,0.0
-0.921,7.589,6.86,-0.37609494,0.47902298,0.12786198,0.0,0.0,0.0
-1.137,7.543,6.925,-0.6011224,0.45290852,0.1711998,0.0,0.0,0.0
-1.3,7.465,7.026,-0.7704443,0.39723825,0.24833775,0.0,0.0,0.0
-1.252,7.467,7.356,-0.73377985,0.42342997,0.5523286,0.0,0.0,0.0
-0.979,7.469,7.683,-0.4791149,0.44907856,0.85356474,0.0,0.0,0.0
-0.85,7.488,7.738,-0.35594276,0.47115707,0.90497684,0.0,0.0,0.0
-0.784,7.476,7.63,-0.30368567,0.4557824,0.79946184,0.0,0.0,0.0
-0.783,7.416,7.322,-0.31200597,0.38212872,0.50487566,0.0,0.0,0.0
-0.929,7.278,6.876,-0.46123198,0.2279334,0.07540369,0.0,0.0,0.0
-1.042,7.131,6.683,-0.5777619,0.06603336,-0.102359295,0.0,0.0,0.0
-0.987,7.071,6.654,-0.5396743,-0.015612602,-0.10988903,0.0,0.0,0.0
-0.922,7.13,6.536,-0.48244983,0.03598547,-0.22063589,0.0,0.0,0.0
-0.799,7.284,6.361,-0.37649792,0.1781311,-0.38425636,0.0,0.0,0.0
-0.536,7.419,6.652,-0.13656005,0.31020403,-0.09157705,0.0,0.0,0.0
-0.517,7.456,7.15,-0.1356915,0.34655046,0.40606165,0.0,0.0,0.0
-0.696,7.406,7.237,-0.32433,0.2922802,0.49702597,0.0,0.0,0.0
-0.893,7.326,6.988,-0.52431667,0.2028346,0.25784636,0.0,0.0,0.0
-0.922,7.284,6.849,-0.5576688,0.1486969,0.13148022,0.0,0.0,0.0
-0.864,7.361,6.645,-0.50699794,0.21286917,-0.059262276,0.0,0.0,0.0
-0.711,7.497,6.412,-0.3608117,0.34183407,-0.28511667,0.0,0.0,0.0
-0.638,7.562,6.705,-0.29920447,0.4102106,0.0036916733,0.0,0.0,0.0
-0.665,7.546,7.224,-0.33854857,0.40019274,0.51570034,0.0,0.0,0.0
-0.748,7.537,7.193,-0.4314734,0.39216566,0.48319292,0.0,0.0,0.0
-0.69,7.476,7.064,-0.38343033,0.3308363,0.35408068,0.0,0.0,0.0
-0.633,7.467,7.194,-0.33290768,0.3216915,0.48394012,0.0,0.0,0.0
-0.654,7.499,7.228,-0.3568322,0.35272026,0.518847,0.0,0.0,0.0
-0.735,7.503,7.021,-0.43569487,0.35388947,0.31495714,0.0,0.0,0.0
-0.792,7.418,6.975,-0.49061814,0.26786327,0.27014446,0.0,0.0,0.0
-0.79,7.406,7.115,-0.48879105,0.25471687,0.41135693,0.0,0.0,0.0
-0.717,7.412,7.036,-0.41753414,0.2563157,0.3369794,0.0,0.0,0.0
-0.649,7.369,6.981,-0.3550501,0.20787668,0.28754854,0.0,0.0,0.0
-0.559,7.343,6.919,-0.27435547,0.17487335,0.23264742,0.0,0.0,0.0
-0.503,7.44,6.853,-0.22859174,0.26827288,0.17008018,0.0,0.0,0.0
-0.564,7.465,6.941,-0.2946125,0.29251575,0.25868654,0.0,0.0,0.0
-0.638,7.31,7.058,-0.37137172,0.13869524,0.37431288,0.0,0.0,0.0
-0.644,7.21,7.158,-0.38344046,0.037971497,0.47485018,0.0,0.0,0.0
-0.584,7.14,7.122,-0.3300291,-0.034932137,0.4417119,0.0,0.0,0.0
-0.662,7.166,6.928,-0.41234308,-0.011755466,0.2505827,0.0,0.0,0.0
-0.709,7.258,6.725,-0.4590702,0.077231884,0.050833225,0.0,0.0,0.0
-0.584,7.336,6.945,-0.3462243,0.15645361,0.26907682,0.0,0.0,0.0
-0.42,7.413,7.321,-0.1958452,0.23588324,0.64199543,0.0,0.0,0.0
-0.487,7.507,7.096,-0.276541,0.32485628,0.42195272,0.0,0.0,0.0
-0.494,7.521,6.976,-0.29560956,0.33267355,0.30824232,0.0,0.0,0.0
-0.421,7.483,7.24,-0.23228201,0.28943014,0.57762,0.0,0.0,0.0
-0.465,7.474,7.081,-0.27848548,0.26899576,0.43092299,0.0,0.0,0.0
-0.545,7.6,6.48,-0.35714054,0.37831354,-0.15191889,0.0,0.0,0.0
-0.396,7.679,6.434,-0.20963463,0.45164204,-0.19177818,0.0,0.0,0.0
-0.378,7.687,6.918,-0.19086805,0.45957088,0.29232216,0.0,0.0,0.0
-0.476,7.673,6.948,-0.28886843,0.44218016,0.3260212,0.0,0.0,0.0
-0.577,7.581,6.845,-0.38514334,0.3478694,0.22567797,0.0,0.0,0.0
-0.481,7.367,7.102,-0.28604656,0.13303328,0.4836831,0.0,0.0,0.0
-0.562,7.249,7.149,-0.3623291,0.01001358,0.5363145,0.0,0.0,0.0
-0.586,7.265,6.783,-0.38770628,0.0151872635,0.1821456,0.0,0.0,0.0
-0.302,7.426,6.523,-0.11242035,0.17002869,-0.07134056,0.0,0.0,0.0
-0.122,7.592,6.833,0.05671235,0.3385334,0.23560047,0.0,0.0,0.0
-0.24,7.661,7.101,-0.069603726,0.41022205,0.5004258,0.0,0.0,0.0
-0.35,7.515,7.157,-0.18642405,0.26502657,0.5553708,0.0,0.0,0.0
-0.433,7.365,7.225,-0.27546972,0.11010122,0.6286349,0.0,0.0,0.0
-0.644,7.096,6.896,-0.4960702,-0.1701951,0.31185818,0.0,0.0,0.0
-0.594,7.046,6.565,-0.45333117,-0.22642517,-0.012420177,0.0,0.0,0.0
-0.393,7.043,6.777,-0.2587759,-0.22520638,0.19478798,0.0,0.0,0.0
-0.316,7.091,6.977,-0.18621,-0.17332363,0.39041233,0.0,0.0,0.0
-0.228,7.331,7.175,-0.10905506,0.070807934,0.58365107,0.0,0.0,0.0
-0.153,7.416,7.191,-0.036605075,0.15574408,0.5996804,0.0,0.0,0.0
-0.178,7.454,7.157,-0.063704014,0.19364595,0.5657487,0.0,0.0,0.0
-0.216,7.426,7.09,-0.10041076,0.16318798,0.5014806,0.0,0.0,0.0
-0.202,7.394,7.007,-0.08410571,0.12816429,0.42185783,0.0,0.0,0.0
-0.065,7.467,6.769,0.054781154,0.19630289,0.18925762,0.0,0.0,0.0
-0.007,7.522,6.737,0.11332402,0.2500353,0.158669,0.0,0.0,0.0
-0.032,7.58,6.831,0.08911534,0.30719137,0.2536173,0.0,0.0,0.0
-0.192,7.52,7.014,-0.063828185,0.24802923,0.4358244,0.0,0.0,0.0
-0.36,7.414,7.021,-0.22061263,0.14234066,0.44270897,0.0,0.0,0.0
-0.459,7.355,6.925,-0.31286508,0.07575083,0.35525465,0.0,0.0,0.0
-0.447,7.351,6.783,-0.29430375,0.06457043,0.22136831,0.0,0.0,0.0
-0.282,7.363,6.818,-0.12124051,0.076694965,0.2564211,0.0,0.0,0.0
-0.259,7.445,6.851,-0.092419654,0.15822315,0.29009247,0.0,0.0,0.0
-0.244,7.491,6.866,-0.072810605,0.20624924,0.3029623,0.0,0.0,0.0
-0.24,7.492,7.23,-0.06400798,0.21302938,0.6606784,0.0,0.0,0.0
-0.417,7.46,7.211,-0.23245071,0.18197632,0.64086246,0.0,0.0,0.0
-0.508,7.342,7.067,-0.3143512,0.06347799,0.4976759,0.0,0.0,0.0
-0.446,7.2,7.364,-0.24350639,-0.077218056,0.79349804,0.0,0.0,0.0
-0.41,7.128,7.247,-0.19726701,-0.1448245,0.6719599,0.0,0.0,0.0
-0.43,7.133,6.893,-0.20952354,-0.14135408,0.31991005,0.0,0.0,0.0
-0.32,7.27,6.617,-0.089793414,-0.00560236,0.04562378,0.0,0.0,0.0
-0.228,7.336,7.143,0.012828663,0.06788063,0.5637274,0.0,0.0,0.0
-0.229,7.349,7.379,0.02021712,0.086771965,0.79353666,0.0,0.0,0.0
-0.273,7.286,7.348,-0.014614016,0.026293755,0.7601099,0.0,0.0,0.0
-0.397,7.237,7.245,-0.1249232,-0.022347927,0.65726423,0.0,0.0,0.0
-0.55,7.298,7.175,-0.26215807,0.042084217,0.58415747,0.0,0.0,0.0
-0.521,7.371,7.073,-0.21962085,0.12050104,0.47680235,0.0,0.0,0.0
-0.386,7.41,7.301,-0.07812604,0.16477108,0.69931364,0.0,0.0,0.0
-0.488,7.404,7.335,-0.17233795,0.16271305,0.7293563,0.0,0.0,0.0
-0.538,7.344,7.157,-0.21633267,0.10493851,0.5492096,0.0,0.0,0.0
-0.584,7.292,7.199,-0.24416015,0.061706543,0.5825248,0.0,0.0,0.0
-0.62,7.288,7.406,-0.27639857,0.061178207,0.7859287,0.0,0.0,0.0
-0.636,7.369,7.261,-0.27933532,0.14397192,0.6396613,0.0,0.0,0.0
-0.569,7.444,6.853,-0.2070421,0.21818304,0.23280954,0.0,0.0,0.0
-0.611,7.326,6.985,-0.23602152,0.10263491,0.3628559,0.0,0.0,0.0
-0.801,7.209,7.318,-0.4220159,-0.014154911,0.6958561,0.0,0.0,0.0
-0.835,7.264,7.127,-0.44135752,0.03853178,0.5082345,0.0,0.0,0.0
-0.736,7.372,6.981,-0.33798504,0.14808369,0.36080503,0.0,0.0,0.0
-0.697,7.386,7.314,-0.28372192,0.17047024,0.6855974,0.0,0.0,0.0
-0.603,7.385,7.396,-0.19079378,0.16813755,0.7689829,0.0,0.0,0.0
-0.475,7.294,7.304,-0.06316984,0.070752144,0.68391895,0.0,0.0,0.0
-0.465,7.206,7.273,-0.05386597,-0.018158913,0.6538687,0.0,0.0,0.0
-0.554,7.228,6.88,-0.14195311,-0.005449772,0.27108145,0.0,0.0,0.0
-0.608,7.232,6.63,-0.19595328,-0.0030007362,0.022778988,0.0,0.0,0.0
-0.691,7.135,6.985,-0.2769107,-0.0979619,0.37567425,0.0,0.0,0.0
-0.782,7.167,7.083,-0.36718166,-0.06804085,0.47599554,0.0,0.0,0.0
-0.645,7.351,6.78,-0.22861242,0.113983154,0.17525911,0.0,0.0,0.0
-0.383,7.499,6.921,0.028708726,0.26116705,0.31686306,0.0,0.0,0.0
-0.257,7.53,7.281,0.15470505,0.2880721,0.68135166,0.0,0.0,0.0
-0.293,7.461,7.237,0.120857865,0.21380043,0.6432762,0.0,0.0,0.0
-0.411,7.316,6.829,0.011032343,0.050505638,0.2559595,0.0,0.0,0.0
-0.534,7.234,6.593,-0.10755411,-0.036043644,0.02527523,0.0,0.0,0.0
-0.663,7.233,6.587,-0.21790889,-0.050570488,0.035520554,0.0,0.0,0.0
