-0.09451294,5.510666,7.458435,0.05893576,-0.124574184,-0.27910614,0.025012255,-0.06273937,9.502791
-0.11366272,5.48674,7.3339996,0.15365553,-0.23511696,-0.14730167,0.10977507,-0.09868717,9.52594
-0.037094116,5.4089813,7.380661,0.1798042,-0.23199797,-0.1990509,0.12855709,-0.06408882,9.482398
0.18424988,5.3108673,7.893921,0.18140793,-0.25598478,-0.44343662,0.09310031,0.06470251,9.275407
0.2907257,5.30249,7.939392,0.17267287,-0.21495533,-0.62721014,0.061258256,0.21138716,9.157823
0.5168457,5.1744843,7.878372,0.16678321,-0.23288298,-0.52347136,0.06886107,0.13620138,9.229779
0.24885559,5.314453,7.780258,0.2510624,-0.28018427,-0.5045557,0.15112448,0.090706825,9.202461
0.2859497,5.28096,7.6869354,0.32851994,-0.27988768,-0.5742221,0.2180509,0.13855839,9.136391
0.3254242,5.338394,7.593628,0.3817563,-0.23986435,-0.7342696,0.25027287,0.27273846,9.028575
0.324234,5.3060913,7.5840454,0.22606087,-0.28864717,-0.71903515,0.017638683,-0.24249554,9.03703
0.25842285,5.4185486,7.652252,0.13961434,-0.28293037,-0.43369484,-0.024110794,-0.06855035,9.275282
0.20100403,5.40419,7.552948,0.107904315,-0.1974492,-0.25068712,0.05485308,0.0032143593,9.474303
0.28234863,5.4400787,7.771881,0.16445935,-0.22776556,-0.32770538,0.09723592,0.02944231,9.3871355
0.26919556,5.4269257,7.7359924,0.22780967,-0.22397518,-0.39164877,0.1506477,0.07553244,9.3301525
0.32302856,5.493927,7.820938,0.18786466,-0.2649026,-0.40594864,0.10661042,0.05187559,9.300484
0.26679993,5.44487,7.8975067,0.19670546,-0.2836547,-0.30133295,-0.12752557,-0.037047386,9.368109
0.29312134,5.350357,7.8664093,0.15795124,-0.28572226,-0.40529156,0.076313734,0.035577774,9.293076
0.3026886,5.3443756,8.001602,0.17164898,-0.29948616,-0.5751643,0.06327927,0.13265371,9.152151
0.34576416,5.313263,7.832901,0.14168942,-0.27270365,-0.5741515,0.03535855,0.15271616,9.174574
0.25125122,5.4628143,7.6821594,0.05096078,-0.31858826,-0.4144516,-0.0330801,0.013784409,9.282645
0.14237976,5.4963074,7.5433807,0.066034794,-0.35666895,-0.32926702,-0.024029493,0.064704895,9.32165
0.008377075,5.478363,7.6199493,0.09053552,-0.3195691,-0.45188427,-3.0338764E-4,0.03821802,9.247133
-0.009567261,5.5369873,7.6199493,0.06924713,-0.25760603,-0.5760107,-0.036462784,0.16435003,9.194601
-0.028717041,5.497513,7.557724,0.032639146,-0.25781155,-0.45610523,-0.054698706,0.08796692,9.292031
-0.0143585205,5.598007,7.545761,0.030828834,-0.2903576,-0.2870655,0.009280205,0.054222822,9.400893
-0.18066406,5.5429688,7.441681,0.061144352,-0.33955622,-0.27715874,-0.005419731,-0.08721638,9.372809
0.017944336,5.48674,7.4524536,0.057482123,-0.3489232,-0.39809608,-0.028233647,-0.018530369,9.275246
0.028717041,5.4293213,7.463211,0.041014075,-0.32035828,-0.52384424,-0.0618577,0.08250713,9.199946
0.13998413,5.4137573,7.564911,0.120150805,-0.2937193,-0.6206784,0.0032104254,0.16769695,9.13003
-0.19740295,5.641083,7.3651123,0.13814735,-0.36243868,-0.43095207,0.045924067,-0.0053544044,9.228699
-0.17228699,5.6482544,7.495514,0.11770105,-0.33954668,-0.35297632,0.039642215,-0.03854227,9.30597
-0.26919556,5.638687,7.692932,0.07381487,-0.38518953,-0.32973337,-0.0029536486,-0.09133816,9.302476
-0.2644043,5.637497,7.6450653,0.09917307,-0.36300325,-0.2486844,0.03576672,-0.12391949,9.37443
-0.25004578,5.6805573,7.6223297,0.0998044,-0.38778496,-0.24598122,0.03498435,-0.1452837,9.361102
-0.19621277,5.736786,7.3172455,0.10744047,-0.34631872,-0.22935724,0.047540903,-0.12374067,9.39859
-0.110076904,5.8612213,7.4859467,0.12113452,-0.30362415,-0.4387579,0.031971216,0.0407362,9.261959
0.008377075,5.8133698,7.1976166,0.07020676,-0.34949112,-0.47078466,-0.02636993,0.023293495,9.217181
0.13400269,5.7667084,7.080368,0.104138374,-0.28681946,-0.29984522,0.037175417,-0.032419205,9.381699
0.1483612,5.741577,7.2335052,0.14011204,-0.24610901,-0.24531221,0.08373642,-0.033166885,9.442965
0.09451294,5.6698,7.372284,0.19215214,-0.2629323,-0.361907,0.11602342,0.028787613,9.334694
0.16989136,5.748749,7.361511,0.14556015,-0.35298347,-0.5175514,-0.011288166,-0.06669927,9.167066
0.11366272,5.7355957,7.3531494,0.15072656,-0.28808594,-0.48910666,0.053886056,0.08840132,9.228534
0.11605835,5.708084,7.429718,0.16644657,-0.30665112,-0.4066081,0.0808202,0.023575306,9.277518
0.046661377,5.761917,7.5517426,0.22829854,-0.3861971,-0.2765789,0.15695655,-0.1169405,9.31731
-0.0011901855,5.7308044,7.581665,0.17185879,-0.40108395,-0.34546328,-0.11960101,0.03995657,9.264573
-0.1651001,5.7678986,7.5840454,0.18608236,-0.31476784,-0.39918184,0.101163745,0.013373375,9.275013
-0.2368927,5.741577,7.5266266,0.15890372,-0.32598877,-0.38219357,0.07621181,-0.0071001053,9.28537
-0.28833008,5.851654,7.381851,0.12919772,-0.3350706,-0.28248549,0.061703086,-0.07801247,9.360702
-0.22253418,5.8372955,7.298111,0.14432776,-0.31689072,-0.27616024,0.07868266,-0.067522526,9.374489
-0.20817566,5.781067,7.225128,0.11322987,-0.2657442,-0.30946302,0.046257854,-0.008449078,9.385941
-0.100494385,5.7595215,7.2502594,0.1649375,-0.20796633,-0.3302269,0.09775829,0.052307606,9.397736
-0.08135986,5.8336945,7.2107697,0.18253362,-0.21938086,-0.3488593,0.1114943,0.056263924,9.373577
0.034698486,5.720047,7.0743866,0.22770584,-0.2947631,-0.3374896,0.15321589,-0.0073332787,9.328
-0.025131226,5.807373,7.2682037,0.15754318,-0.28684473,-0.35680056,0.08187568,0.00719738,9.329522
-0.039474487,5.736786,7.256241,0.13000453,-0.28569984,-0.36323643,0.053909898,0.010726929,9.329739
0.088531494,5.757126,7.299301,0.115986586,-0.29650497,-0.2970786,-0.06239724,0.0123775005,9.375863
0.032302856,5.790634,7.3328094,0.17770827,-0.33042526,-0.3392148,0.10183215,-0.03686714,9.312588
0.020339966,5.822937,7.3758698,0.15458453,-0.35029984,-0.3889532,0.070067406,-0.022398472,9.265837
-0.0059814453,5.8540344,7.372284,0.13770592,-0.33406878,-0.42554665,0.048685074,0.012722969,9.250662
0.04547119,5.844467,7.3710938,0.09014559,-0.36841583,-0.35483885,0.010655642,-0.060245037,9.290875
0.06819153,5.89592,7.3663025,0.12760377,-0.36681318,-0.3057809,0.05527103,-0.08780956,9.323359
0.0382843,5.8899384,7.257431,0.19113994,-0.2942567,-0.41931963,0.104643226,0.04296589,9.271716
0.007171631,5.8695984,7.314865,0.18409038,-0.33038664,-0.5821028,0.07002652,0.11742449,9.126066
-0.032302856,5.8743744,7.3938293,0.13404953,-0.35538483,-0.568038,0.020925522,0.08736086,9.129254
0.007171631,5.871994,7.3543396,0.10619056,-0.35181284,-0.27458668,0.03882134,-0.09565592,9.359673
-0.06700134,5.9485626,7.237091,0.13432562,-0.33131933,-0.28957367,0.06515324,-0.06900406,9.356469
-0.095718384,5.949753,7.2143555,0.09908974,-0.3500414,-0.35469055,0.018474221,-0.044168472,9.300822
-0.0011901855,5.962921,7.276581,0.075624466,-0.30581188,-0.44046545,-0.015508413,0.043435574,9.267092
0.09211731,5.905487,7.3208466,0.06502962,-0.34246588,-0.2778201,-0.0032173395,-0.08749342,9.36958
0.105285645,5.976074,7.335205,0.07515812,-0.39714622,-0.28797483,-0.056238413,0.10957551,9.325887
0.107681274,5.909073,7.223938,0.0966388,-0.38801813,-0.35730934,0.01154685,-0.071801186,9.2753525
0.28474426,5.970093,7.1521454,0.12834811,-0.3516922,-0.4654808,-0.012851715,-0.036230564,9.210533
0.28234863,5.970093,7.124634,0.14138341,-0.3078084,-0.47021818,0.042960525,0.06444836,9.232332
0.33499146,5.9724884,7.204788,0.07932389,-0.36460114,-0.29092026,0.0057965517,-0.095528126,9.343291
0.23210144,6.037094,7.3124695,0.10746944,-0.35620308,-0.29613352,0.033077836,-0.0848465,9.339925
0.20936584,6.1004944,7.2598267,0.12966752,-0.3201542,-0.39947653,0.04105425,0.009094715,9.280224
0.13519287,6.119644,7.330414,0.11923051,-0.29299784,-0.4649434,0.0123353,-0.07368517,9.249287
0.046661377,6.1770782,7.463211,0.14452505,-0.34953833,-0.19908428,0.08491695,-0.13919401,9.411539
-0.053833008,6.209381,7.453644,0.14834988,-0.3667369,-0.14180899,0.09644568,-0.18863201,9.443705
-0.14715576,6.22612,7.3411865,0.19678926,-0.34665108,-0.33808947,0.11459005,-0.047700405,9.298919
-0.31944275,6.1914215,7.113861,0.23104739,-0.30297995,-0.44751978,0.1343627,0.056804657,9.237288
-0.33499146,6.151947,7.022934,0.17865574,-0.28985214,-0.44533348,0.0841918,0.06417227,9.256152
-0.44506836,6.18425,6.928421,0.13799441,-0.21169472,-0.44126558,0.050478816,0.12121439,9.315395
-0.052642822,6.0550385,6.8901367,0.2505716,-0.29588795,-0.4011364,0.16193527,0.036233902,9.274006
-0.43669128,6.3182526,6.4833527,0.2601241,-0.32427788,-0.44313717,0.16295165,0.04116583,9.222747
-0.5084686,6.43071,6.1543427,0.22371697,-0.29485416,-0.33789396,-0.13366127,-0.059306145,9.3273
-0.4785614,6.4378967,6.1411743,0.14315248,-0.33820438,-0.20095015,-0.13232493,0.07864857,9.417344
-0.324234,6.435501,6.354141,0.15466464,-0.27145386,-0.074807644,0.12135744,-0.15571642,9.553217
-0.33499146,6.3469543,6.4917297,0.24934018,-0.25321436,-0.20337296,0.19571269,-0.056104183,9.4514065
-0.2644043,6.3302155,6.7286224,0.5214069,-0.46644878,-0.3787179,0.42158532,-0.096461296,9.138947
-0.39242554,6.3098755,6.970291,0.58846855,-0.7254944,0.102375984,0.5427271,-0.5984392,9.326614
-0.4127655,6.3840485,7.019348,1.8774446,-1.1619334,0.541451,1.827867,-1.1808083,9.14889
-0.4139557,6.4342957,6.972687,1.0118737,-1.0684881,0.6526141,0.9943261,-1.2068267,9.424099
-0.33259583,6.39003,6.929611,1.1258607,-1.0599647,0.48975992,1.0171227,-1.1246123,9.230751
-0.34576416,6.3804626,6.8973083,0.75158834,-0.7305622,-0.16920996,0.58126885,-0.41505814,9.021099
-0.28833008,6.4462585,6.8327026,0.6491387,-0.5559764,-0.83363247,-0.19106936,-0.36789608,8.6870165
-0.45224,6.5647125,6.757324,0.06913638,-0.30767202,-1.5231533,-0.29929537,0.94187,8.605509
-0.4630127,6.406784,6.726227,-0.71908116,0.11376381,-1.9790401,-1.0083653,1.6537278,8.972981
-0.46180725,6.361313,6.8518524,-1.3190482,0.377985,-2.179089,-1.5259744,2.0176854,9.325466
-0.44506836,6.3266296,7.0121613,-1.3311286,0.33331013,-1.8507929,-1.4805067,1.7431886,9.527673
-0.43788147,6.366104,7.021744,-1.2218201,0.30463934,-1.2791476,-1.2706896,1.2675767,9.7850485
-0.4055786,6.381653,6.949951,-1.1511822,0.18206882,-0.69484377,-1.1299517,0.7287352,9.9892235
-0.3481598,6.378067,6.9188538,-1.5568473,0.31519604,-0.4144311,-1.4016763,0.61850643,10.396252
-0.34457397,6.378067,6.9595184,-1.0757487,0.23445511,-0.83874416,-1.0589144,0.88470674,9.914774
-0.31106567,6.2847443,6.912857,-0.5306163,0.06344414,-1.2222414,1.1353986,-0.5485096,9.371381
-0.2524414,6.2404785,6.867401,-0.39922333,-0.045420647,-1.1160455,-0.58334213,0.9020591,9.303658
-0.25125122,6.2069855,6.7788696,0.136662,-0.42376614,-0.34398603,-0.08408189,0.02234602,9.250761
-0.15672302,6.160324,6.857834,0.37638092,-0.5778775,-0.09355354,0.12728643,-0.28669405,9.185392
-0.23449707,6.050247,7.021744,0.2761488,-0.53045225,-0.06754923,0.055423737,-0.2742324,9.273804
-0.2033844,6.070587,7.0983124,0.05443263,-0.32879114,-0.16199923,-0.095439374,-0.0649333,9.4545355
-0.31944275,6.08136,7.142578,-0.15416908,-0.19565582,-0.4264288,-0.28696656,0.24154377,9.485406
-0.34217834,6.1997986,7.117447,-0.077785015,-0.10011196,-0.59663916,-0.21331507,0.43146396,9.431969
-0.32901,6.2069855,7.1808624,-0.11180782,-0.10479164,-0.66804934,-0.25879496,0.49074197,9.404196
-0.3912201,6.1782684,7.3663025,-0.27336383,-0.047227383,-0.52388763,-0.3595844,0.4192655,9.5914
-0.4055786,6.070587,7.524231,-0.24856782,-0.14375973,-0.24897385,-0.3235675,0.13837194,9.66313
-0.39720154,5.9940186,7.4285126,-0.106058836,-0.21768093,-0.2125845,-0.21405405,0.056058884,9.572421
-0.4402771,6.032303,7.2514496,0.041867495,-0.3512535,-0.35890484,-0.15383172,0.088897705,9.335081
-0.2859497,6.0670013,6.957138,-0.01884818,-0.37050247,-0.4330635,-0.22961515,0.14401054,9.304944
-0.25602722,6.0717926,6.924835,-0.10561371,-0.25079393,-0.5396004,-0.28296405,0.30721498,9.369876
-0.19979858,6.027527,6.9762726,0.091804504,-0.21969652,-1.2095985,-0.20738888,0.85893893,8.946978
-0.17706299,6.086151,7.112671,-0.1516757,-0.25240755,-0.29151487,-0.28214276,0.106954575,9.522657
-0.16989136,6.065811,7.117447,-0.21793008,-0.22743654,-0.011165142,0.17816806,0.24524617,9.720302
-0.17826843,6.1124725,7.1078796,-0.051599026,-0.17575693,-0.30581522,-0.16280597,0.15256834,9.528635
-0.18066406,6.049057,7.188034,-0.123259544,-0.1832757,-0.5181966,-0.2644353,0.32742548,9.432247
-0.17468262,6.06102,7.2335052,-0.1878171,-0.14797926,-0.6302247,-0.32743055,0.44399524,9.419334
-0.2368927,6.0801697,7.244278,-0.16952968,-0.14839888,-0.85108423,0.63297033,-0.32384324,9.287439
-0.24765015,6.089737,7.2514496,-0.06492281,-0.22957659,-0.85955715,0.5426674,-0.32190633,9.176058
-0.23568726,6.1052856,7.1449738,-0.15580463,-0.31208372,-0.31063747,-0.3021642,0.08109999,9.459826
-0.31585693,6.1866455,7.003784,-0.25106382,-0.28290606,-0.2263813,-0.3647346,0.037548542,9.561954
-0.23928833,6.2165527,6.9152527,-0.3693421,-0.16016483,-0.5287523,-0.47369534,0.3593526,9.509794
-0.29312134,6.1997986,6.928421,-0.079027414,-0.18784666,-0.55379677,-0.21633768,0.32618046,9.365033
-0.17468262,6.1040955,7.0959167,-0.042924643,-0.25564814,-0.49357748,-0.19541156,0.22497654,9.3354645
-0.23568726,6.0430756,7.1772766,7.491112E-4,-0.29777193,-0.16879511,-0.121982455,-0.05851841,9.492234
-0.18664551,6.0717926,7.2107697,-0.024288416,-0.33413458,-0.08488989,-0.14125144,-0.1505084,9.529455
-0.32781982,6.1136627,7.1485596,0.09610081,-0.37215424,-0.034776688,-0.031537414,-0.23056555,9.498774
-0.27038574,6.172287,7.0863495,0.20661592,-0.3744111,-0.14921236,0.06511378,-0.17162085,9.3925905
-0.31704712,6.221344,7.022934,0.13599205,-0.3272004,-0.24154139,0.007646978,-0.07364607,9.384261
-0.21176147,6.1375885,6.9631195,0.16101027,-0.360466,-0.112222195,0.04029286,-0.19554234,9.448051
-0.41635132,6.1878357,7.0181427,0.097049,-0.31017637,-0.16003036,-0.008449316,-0.12322426,9.466089
-0.32661438,6.099304,7.027725,0.09952426,-0.2893567,-0.19822836,-0.043705225,0.07536292,9.452621
-0.36849976,6.2273254,7.081558,0.23104215,-0.3170309,-0.17599249,-0.17786288,0.05777645,9.419497
-0.32901,6.1244354,7.133011,0.27141428,-0.33604574,-0.3687067,0.14207524,-0.030570507,9.257635
-0.3062744,6.3014984,7.1605225,0.37574458,-0.36475277,-0.48585224,0.2285375,0.013900757,9.129997
-0.33140564,6.1746826,7.1162567,0.4074142,-0.32359314,-0.49646616,0.2698536,0.047281265,9.141729
-0.3361969,6.189041,7.1736755,0.3808837,-0.43655062,-0.23934937,0.2540717,-0.20393753,9.271118
-0.43310547,6.217743,7.0157623,0.3728056,-0.44241762,-0.25859642,0.24607939,-0.19855309,9.25746
-0.41874695,6.263214,6.936798,0.4947889,-0.41595936,-0.28114462,0.36955643,-0.1741147,9.2322
-0.4558258,6.364914,6.7202454,0.58953595,-0.3817215,-0.40212822,-0.4385383,-0.1485517,9.142882
-0.46420288,6.283554,6.623337,0.5299282,-0.3642273,-0.36075068,0.40741384,-0.086381435,9.198228
-0.46061707,6.2273254,6.649658,0.5425539,-0.34096813,-0.26314497,0.4354391,-0.13275623,9.284503
-0.3900299,6.262024,6.714264,0.5003786,-0.3388853,-0.30754852,0.38961828,-0.10036659,9.260818
-0.30747986,6.30748,6.9056854,0.4133792,-0.32904768,-0.38402605,0.29779178,-0.03825569,9.226576
-0.30867004,6.3026886,7.1688995,0.12952137,-0.23684406,-0.23726416,0.054711282,-0.040558815,9.453767
-0.32063293,6.2368927,7.4081726,0.07090497,-0.15502119,-0.12850237,0.025221884,-0.042642593,9.599002
-0.54556274,6.3517456,7.3782654,0.13969088,-0.21660328,-0.31019783,-0.039227724,-0.048884153,9.408247
-0.6699829,6.2859497,7.1186523,0.15686083,-0.26379204,-0.45441103,-0.0018799305,-0.090289116,9.265795
-0.673584,6.4546356,6.9846497,0.1054728,-0.23448229,-0.31024122,0.02184391,0.010037422,9.404434
-0.64367676,6.3314056,6.8111725,0.14750028,-0.2568221,-0.21272135,0.06965488,-0.07250738,9.456143
-0.67836,6.427124,6.784851,0.22678876,-0.27888632,-0.37633228,0.123734474,0.009072781,9.301235
-0.74894714,6.4833527,6.7118683,0.22170901,-0.3046074,-0.5572429,0.09296042,0.105679035,9.148889
-0.6316986,6.4821625,6.628113,0.1889255,-0.27797413,-0.5303569,0.069565356,0.112112045,9.192784
-0.6412811,6.4534454,6.6807556,0.23102593,-0.2957468,-0.30865908,0.13336653,-0.046148777,9.341685
-0.59103394,6.3720856,6.9236298,0.22318888,-0.34783983,-0.37822008,0.107791126,-0.041301727,9.258444
-0.65682983,6.3433685,6.9762726,0.21763325,-0.30944777,-0.46143246,0.09979904,0.0419755,9.219862
-0.71784973,6.3098755,6.84227,0.17903638,-0.26959038,-0.45403957,0.07045156,0.07088661,9.25811
-0.624527,6.34935,6.591034,0.1264255,-0.24984169,-0.2893138,0.04226923,-0.0154418945,9.406548
-0.6053772,6.361313,6.5072784,0.13043594,-0.31777143,-0.071174145,0.059150636,-0.20723248,9.529858
-0.53479004,6.401993,6.579071,0.20820618,-0.34753084,-0.17634392,-0.18761802,0.08260512,9.415241
-0.53240967,6.4342957,6.685547,0.25174236,-0.2762556,-0.5119834,-0.06222248,-0.15315676,9.194694
-0.5694885,6.5611267,6.808777,0.36442232,-0.28615046,-0.5963712,-0.124464035,-0.23880124,9.101082
-0.56829834,6.51326,6.912857,0.32571435,-0.31481838,-0.49471283,0.20049524,0.0552454,9.168926
-0.6963043,6.4498596,7.186844,0.27608228,-0.36692953,-0.20512295,0.17756683,-0.16673899,9.366647
-0.70588684,6.468994,7.064804,0.29519963,-0.41795254,-0.28246737,-0.23331475,0.04041004,9.272285
-0.75613403,6.477371,6.654434,0.36042142,-0.35209417,-0.40259886,-0.2185905,-0.09718394,9.207707
-0.79681396,6.5407867,6.634094,0.3909223,-0.268373,-0.37116337,0.28559268,0.008139133,9.276578
-0.83628845,6.49292,6.611374,0.046863317,-0.11694956,-0.51982737,-0.039378345,0.244277,9.332443
-0.7046814,6.51326,6.57428,0.033080578,-0.12666607,-0.60922194,-0.064748764,0.29856968,9.263555
-0.77168274,6.4737854,6.4378967,0.037871838,-0.09196758,-0.8365474,-0.0812186,0.47223425,9.113756
-0.6233368,6.582657,6.47139,-0.09321928,-0.10332394,-0.6031108,-0.17846286,0.3382163,9.319959
-0.6771698,6.61615,6.543167,-0.10651994,-0.1467495,-0.36808872,-0.18230051,0.15525627,9.473434
-0.5204315,6.47258,6.620941,-0.22708344,-0.18769169,-0.042327404,0.17767859,0.2209382,9.71608
-0.55992126,6.4414825,6.9272156,-0.30488634,-0.13367939,-0.061371803,0.26438212,0.20756388,9.766506
-0.42114258,6.4127655,6.948761,-0.3192582,-0.093605995,-0.35749435,-0.3824026,0.23311329,9.611929
-0.44984436,6.5168457,7.071991,-0.37705016,0.010342598,-0.87765837,-0.4901235,0.7124789,9.4008045
-0.5288086,6.394821,6.9631195,-0.37800336,0.027221203,-1.1562014,-0.5446148,0.9438529,9.265387
-0.6161499,6.509674,6.8350983,-0.26079583,-0.06729078,-1.0605645,-0.44999957,0.8165786,9.233904
-0.6496582,6.460617,6.6173553,-0.21092677,-0.031834602,-0.73678637,-0.33822972,0.579088,9.43434
-0.61735535,6.5359955,6.443878,-0.3422289,-0.0578413,-0.48114824,-0.42285144,0.3686328,9.613581
-0.53479004,6.4331055,6.4534454,-0.20707417,-0.17830658,-0.5575323,-0.35092622,0.35145044,9.434025
-0.49771118,6.4749756,6.563507,0.008093834,-0.29407787,-0.72437,-0.21977633,0.40519738,9.175166
-0.46780396,6.439087,6.6915283,0.078959465,-0.31817198,-0.50094366,-0.12147164,0.20848131,9.258752
-0.3864441,6.4426727,6.7609253,0.022236824,-0.3134489,-0.37284088,-0.14956069,0.11183834,9.35623
-0.41635132,6.4498596,6.8327026,-0.023470163,-0.2977314,-0.5765114,-0.22351241,0.28799915,9.269381
-0.39361572,6.4259186,7.003784,-0.03596759,-0.27157116,-0.6436062,-0.23898822,0.3590858,9.2560005
-0.5132599,6.4139557,7.2095795,-0.05595517,-0.2429285,-0.57015324,0.3711052,-0.13866186,9.326782
-0.6089783,6.366104,7.1856537,-0.16005325,-0.2020464,-0.3894639,-0.28577942,0.20357132,9.498412
-0.6771698,6.4055786,6.8697968,-0.19130301,-0.1729393,-0.2687688,-0.28341,0.12546158,9.60006
-0.73339844,6.47258,6.6687927,-0.053376913,-0.2539482,-0.29931116,-0.18876404,0.0948205,9.471534
-0.66400146,6.3960114,6.5276184,0.12504554,-0.26518774,-0.6241379,-0.08719486,0.3418851,9.214182
-0.66041565,6.5036926,6.620941,-0.11630964,-0.15692902,-0.75750065,-0.29892546,0.52695537,9.311753
-0.4510498,6.356537,6.8602295,-0.14577198,-0.20447111,-0.54655886,-0.30362332,0.3304894,9.406182
-0.44267273,6.344574,7.113861,-0.25466037,-0.31616402,0.09023094,-0.32550466,-0.2442832,9.721061
-0.41874695,6.2799683,7.186844,-0.2905593,-0.22423077,0.25135565,-0.2985747,-0.31821156,9.893129
-0.65682983,6.5336,6.654434,-0.30800986,-0.25059938,-0.16981363,-0.3996542,0.0070533752,9.6431465
-0.7142639,6.4211426,6.5898285,0.016731262,-0.06756401,-0.6671181,-0.1265856,0.4973755,9.374812
-0.707077,6.3924255,7.256241,0.015797377,-0.11459923,-0.83402586,-0.17286026,0.6034689,9.245466
-0.66760254,6.3804626,6.994217,0.013142586,-0.17866135,-0.80857515,-0.19010192,0.5429959,9.210914
-0.6006012,6.4749756,6.6927185,0.095592976,-0.21310759,-0.6094141,-0.08678883,0.35504818,9.265959
-0.6687927,6.4211426,6.6676025,0.17964363,-0.2605095,-0.60178137,-0.019301414,0.31213045,9.202929
-0.65922546,6.4450684,6.805191,-0.06986213,-0.15476656,-0.46047115,-0.19110197,0.27188444,9.445506
-0.6771698,6.401993,6.751343,0.07489753,-0.34586573,-0.5793271,0.24009061,-0.115454674,9.182248
-0.51086426,6.4450684,6.6676025,0.11493111,-0.34450197,-0.31604385,-0.04077977,0.01266098,9.327119
-0.6269226,6.4534454,6.673584,0.15032053,-0.40387535,0.067697525,-0.21593261,0.24835396,9.520313
-0.59580994,6.4378967,6.7166595,0.13081574,-0.34579277,0.1432414,-0.23862338,0.26147437,9.628063
-0.61735535,6.4247284,6.7381897,0.15616989,-0.29005623,-0.032598972,0.06952083,-0.19068289,9.545134
-0.63290405,6.4498596,6.898514,0.09622455,-0.22204065,-0.21032,0.011326253,-0.018297195,9.486756
-0.6352997,6.41037,6.9272156,0.16566992,-0.2249074,-0.202878,0.08116901,-0.0352726,9.47295
-0.65563965,6.4498596,6.982254,0.17293572,-0.22289467,-0.3111663,0.08027601,0.034495354,9.395822
-0.65922546,6.3601227,6.936798,0.11216235,-0.1548891,-0.3643055,0.032751024,0.12087965,9.414725
-0.61016846,6.427124,6.90329,0.27086258,-0.30576515,-0.4554181,0.14859855,0.05286503,9.21556
-0.6006012,6.3876343,6.8434753,0.36329246,-0.3125434,-0.66290474,0.21788591,0.17302895,9.037434
-0.5970154,6.455841,6.8111725,0.31023765,-0.28529167,-0.71552753,0.16781509,0.22813463,9.026003
-0.68434143,6.39003,6.6879425,0.44202757,-0.36613512,-0.7178378,0.2846828,0.15759134,8.947083
-0.6424713,6.4630127,6.7286224,0.43041062,-0.3608241,-0.701488,0.2844246,0.14438534,8.966539
-0.6520386,6.464203,6.8350983,0.39188075,-0.36031055,-0.38909006,0.2864592,-0.053717136,9.2151785
-0.5467529,6.401993,6.9643097,0.16625726,-0.26625967,-0.15397692,-0.15503383,0.052723885,9.497734
-0.65922546,6.528824,6.9308167,0.15958607,-0.30901527,-0.030570984,-0.2117014,0.14904809,9.572429
-0.72502136,6.5144653,6.6221313,0.22759843,-0.29873562,-0.031854153,-0.27083254,0.10951853,9.568502
-0.6999054,6.4917297,6.501297,0.3649361,-0.25367355,-0.23492193,0.30223227,-0.07953882,9.412891
-0.6388855,6.5599213,6.541977,0.29436767,-0.3018446,-0.27065945,0.22394001,-0.095942974,9.3688545
-0.7034912,6.521637,6.6221313,0.23538232,-0.3538823,-0.103235245,0.177212,-0.2348361,9.483011
-0.5922241,6.4833527,6.686737,0.23677814,-0.30780792,-0.08906937,0.18623692,-0.20631504,9.521182
-0.73220825,6.5336,6.777664,0.2407155,-0.2954378,-0.2885251,0.1707524,-0.08057928,9.367533
-0.66041565,6.4965057,6.793228,0.25988925,-0.17858744,-0.35273027,0.19697171,0.0511775,9.379523
-0.69750977,6.501297,6.8350983,0.2799225,-0.2335844,-0.40150166,0.20498842,0.034570217,9.305744
-0.6663971,6.5156555,6.8147583,0.29813635,-0.21639204,-0.42040205,0.22302431,0.059158325,9.297524
-0.65563965,6.5168457,6.754944,0.008425713,-0.0681591,-0.4788661,-0.052389085,0.22257185,9.380332
-0.7046814,6.5395813,6.6508484,-0.2674172,0.03359413,-0.5376215,-0.31973904,0.3476944,9.434423
-0.7453613,6.525223,6.6424713,-0.21988523,-0.021965504,-0.4897666,-0.27412218,0.27339792,9.434073
-0.6963043,6.604187,6.607773,-0.22489512,-0.04972601,-0.48252583,-0.28245592,0.24627209,9.42527
-0.7310028,6.599411,6.6269226,-0.27278125,-0.13735867,-0.46633863,-0.33790773,0.1675191,9.396157
-0.66400146,6.5060883,6.6352997,-0.11090684,-0.2327795,-0.37458277,-0.1789015,0.0322361,9.389812
-0.74775696,6.488144,6.744171,0.10011685,-0.2673807,-0.41707945,0.020652592,0.025074482,9.302254
-0.6915283,6.5108643,6.8530426,0.21622479,-0.30939817,-0.49635124,-0.08905101,-0.090628624,9.196158
-0.7776642,6.5730896,6.8039856,0.46411955,-0.34382343,-0.7040167,0.338611,0.13057756,8.971454
-0.68673706,6.5240326,6.784851,0.511794,-0.33515787,-0.6965337,0.38768739,0.13673401,8.975732
-0.91645813,6.386444,6.7333984,0.7184011,-0.35283613,-0.6144986,0.60173213,0.0797143,9.00057
-0.7884369,6.3888397,6.764511,0.89734447,-0.33157682,-0.6111746,0.7827752,0.10394907,8.9910755
-0.8841553,6.525223,6.7740784,0.9854207,-0.26289558,-0.59374094,0.87828857,0.15531874,9.0338745
-0.8410797,6.374481,6.752548,0.92210674,-0.2296195,-0.52959776,0.82713443,0.14722776,9.115526
-0.83151245,6.459427,6.830307,0.84367883,-0.26102257,-0.4113779,0.7645011,0.05472088,9.205234
-0.879364,6.4833527,6.921234,0.6902039,-0.36767817,-0.2631545,0.62717223,-0.124752045,9.2852
-0.8949127,6.5156555,6.6915283,0.4702928,-0.39071417,-0.025897026,-0.5254836,0.035428524,9.495017
-0.90808105,6.3840485,6.6388855,0.33940256,-0.44472456,0.13272476,0.3271855,-0.43115425,9.612625
-0.9056854,6.4618225,6.65683,-0.116898656,-0.45599937,-0.0022587776,-0.14489198,-0.376359,9.563822
-0.8231354,6.4163513,6.61615,-0.17177832,-0.38718224,-0.13134241,-0.2138797,-0.24720192,9.506958
-0.76690674,6.2847443,6.9104767,-0.004402578,-0.44829512,-0.17860985,0.19423676,-0.067638576,9.370089
-0.83987427,6.2799683,6.957138,-0.07996827,-0.43920422,-0.14537287,0.0,0.0,0.0
-0.89849854,6.242874,6.957138,-0.14264107,-0.4583292,-0.1627593,0.0,0.0,0.0
-0.67237854,6.229721,6.8841553,0.07757342,-0.46008968,-0.24707079,0.0,0.0,0.0
-0.64367676,6.0346985,7.0540466,0.090064526,-0.6324363,-0.10006523,0.0,0.0,0.0
-0.5850525,6.0670013,7.278961,0.13041294,-0.57433796,0.099051,0.0,0.0,0.0
-0.7154541,6.1136627,7.318451,-0.017466784,-0.49739027,0.108931065,0.0,0.0,0.0
-0.7034912,6.1567383,7.2012024,-0.017300487,-0.41554403,-0.044806004,0.0,0.0,0.0
-0.6424713,6.175873,7.3124695,0.040637016,-0.375638,0.04738474,0.0,0.0,0.0
-0.57547,6.0023956,7.1282196,0.1101411,-0.5203552,-0.16246271,0.0,0.0,0.0
-0.6628113,5.827713,7.2323,0.026039064,-0.6716094,-0.07897043,0.0,0.0,0.0
-0.6352997,5.7559357,7.421341,0.056850314,-0.69656897,0.0690279,0.0,0.0,0.0
-0.31106567,5.8540344,7.3363953,0.3705731,-0.5734167,-0.03880787,0.0,0.0,0.0
-0.28833008,5.6111755,7.0181427,0.37657452,-0.7988782,-0.3737111,0.0,0.0,0.0
-0.44865417,5.54776,7.1150513,0.192891,-0.82132673,-0.3141842,0.0,0.0,0.0
-0.5264282,5.497513,7.311264,0.11892897,-0.83640575,-0.14764833,0.0,0.0,0.0
-0.22132874,5.4807587,7.1162567,0.42950094,-0.822669,-0.36796665,0.0,0.0,0.0
-0.18664551,5.420944,7.25264,0.44913125,-0.83049583,-0.27634907,0.0,0.0,0.0
-0.28355408,5.458023,8.1966095,0.34645832,-0.74790716,0.6295824,0.0,0.0,0.0
-0.4355011,5.6063843,8.271988,0.20752639,-0.5294318,0.6490841,0.0,0.0,0.0
-0.38883972,5.63031,8.048264,0.26577014,-0.47984743,0.40576077,0.0,0.0,0.0
-0.58265686,5.684143,8.014755,0.088195086,-0.40927315,0.36030436,0.0,0.0,0.0
-0.8039856,5.7511444,7.7228394,-0.12637419,-0.33895493,0.066343784,0.0,0.0,0.0
-0.75852966,5.71286,7.605591,-0.07761222,-0.3769436,-0.050846577,0.0,0.0,0.0
-0.76690674,5.765503,7.360321,-0.08652395,-0.33214617,-0.28991652,0.0,0.0,0.0
-0.6161499,5.741577,7.097107,0.06262201,-0.37669325,-0.53679276,0.0,0.0,0.0
-0.55513,5.71167,7.027725,0.119458675,-0.42418766,-0.59241724,0.0,0.0,0.0
-0.40678406,5.699707,6.9355927,0.2585429,-0.45233393,-0.67230606,0.0,0.0,0.0
-0.47737122,5.6865387,6.9655,0.17774153,-0.47188044,-0.638124,0.0,0.0,0.0
-0.44506836,5.6267242,7.064804,0.20092964,-0.5261769,-0.544065,0.0,0.0,0.0
-0.46780396,5.5944214,7.483551,0.16257823,-0.53278923,-0.14732695,0.0,0.0,0.0
-0.39840698,5.473587,7.430908,0.22695285,-0.64248514,-0.20931244,0.0,0.0,0.0
-0.35653687,5.5621185,7.314865,0.25669318,-0.5200105,-0.35338354,0.0,0.0,0.0
-0.4127655,5.5681,7.3136597,0.20052212,-0.50319767,-0.36316347,0.0,0.0,0.0
-0.8494568,5.8181458,7.6546326,-0.22458118,-0.23353052,-0.03673458,0.0,0.0,0.0
-0.95951843,5.8372955,7.676178,-0.32658976,-0.20236015,-0.023974419,0.0,0.0,0.0
-0.79322815,5.785843,7.5637054,-0.15488541,-0.24628115,-0.1419015,0.0,0.0,0.0
-0.58026123,5.65065,7.4811554,0.05821997,-0.37723446,-0.22775745,0.0,0.0,0.0
-0.5240326,5.6614227,7.405792,0.104931,-0.36096334,-0.30819845,0.0,0.0,0.0
-0.5970154,5.6315155,7.25264,0.027449846,-0.3877778,-0.4641304,0.0,0.0,0.0
-0.6161499,5.6757813,7.2382813,0.0058876276,-0.33959532,-0.4817381,0.0,0.0,0.0
-0.62571716,5.6446686,7.4237366,-0.00519222,-0.3558011,-0.30799675,0.0,0.0,0.0
-0.59461975,5.5752716,7.569687,0.02499789,-0.4105277,-0.17348242,0.0,0.0,0.0
-0.60658264,5.6111755,7.6785736,0.011396825,-0.34845924,-0.08488178,0.0,0.0,0.0
-0.6125641,5.5752716,7.6917267,0.0038542151,-0.36794758,-0.08442688,0.0,0.0,0.0
-0.5395813,5.65065,7.6785736,0.074314594,-0.28440523,-0.10401201,0.0,0.0,0.0
-0.5419769,5.5920258,7.581665,0.063453674,-0.3276434,-0.21329165,0.0,0.0,0.0
-0.55992126,5.633896,7.473984,0.038705945,-0.28046322,-0.32552814,0.0,0.0,0.0
-0.31585693,5.7068787,7.379471,0.27711916,-0.20671988,-0.42104912,0.0,0.0,0.0
-0.11605835,5.5860443,7.4404755,0.45235527,-0.32563448,-0.36332798,0.0,0.0,0.0
-0.22372437,5.6039886,7.6331024,0.32811803,-0.297894,-0.17930031,0.0,0.0,0.0
-0.33857727,5.539383,7.524231,0.20451409,-0.3496065,-0.2985077,0.0,0.0,0.0
-0.31225586,5.5681,7.2263184,0.22408378,-0.3220644,-0.5960016,0.0,0.0,0.0
-0.4139557,5.659027,7.166504,0.1157704,-0.23781252,-0.65123606,0.0,0.0,0.0
-0.4749756,5.748749,7.2382813,0.05378598,-0.15029621,-0.57786036,0.0,0.0,0.0
-0.62094116,5.7224426,7.3902283,-0.08954179,-0.17822075,-0.4245124,0.0,0.0,0.0
-0.80519104,5.8289185,7.5804596,-0.25705498,-0.06426239,-0.23876953,0.0,0.0,0.0
-0.85902405,5.85643,7.7120667,-0.29477108,-0.03162241,-0.10987949,0.0,0.0,0.0
-0.7680969,5.797806,7.7479553,-0.19528824,-0.0872345,-0.07563591,0.0,0.0,0.0
-0.7800598,5.846863,7.680954,-0.19191515,-0.03716278,-0.14226246,0.0,0.0,0.0
-0.8231354,5.8420715,7.4476624,-0.23015177,-0.046782494,-0.37155437,0.0,0.0,0.0
-0.68196106,5.8002014,7.060028,-0.08223748,-0.10856247,-0.74363947,0.0,0.0,0.0
-0.58026123,5.6973114,6.9762726,0.022415042,-0.21877289,-0.82161856,0.0,0.0,0.0
-0.4857483,5.6985016,7.0301056,0.12042844,-0.24074984,-0.7498827,0.0,0.0,0.0
-0.5659027,5.741577,7.060028,0.033278108,-0.23796177,-0.6895838,0.0,0.0,0.0
-0.6520386,5.8624115,7.195221,-0.055577397,-0.13672161,-0.539443,0.0,0.0,0.0
-0.6999054,5.8899384,7.2502594,-0.087287545,-0.1286087,-0.46804237,0.0,0.0,0.0
-0.7190399,5.904297,7.274185,-0.09529573,-0.124798775,-0.4349866,0.0,0.0,0.0
-0.7776642,5.9940186,7.4488525,-0.14984715,-0.037994385,-0.25770664,0.0,0.0,0.0
-0.78245544,5.9102783,7.3758698,-0.15000802,-0.13086987,-0.3231511,0.0,0.0,0.0
-0.69750977,5.9030914,7.281357,-0.06145531,-0.14926529,-0.40855885,0.0,0.0,0.0
-0.5742798,5.8002014,7.1605225,0.06051147,-0.2668004,-0.5179486,0.0,0.0,0.0
-0.55752563,5.819351,7.092331,0.07639265,-0.2519679,-0.58279896,0.0,0.0,0.0
-0.62571716,5.8384857,7.0361023,0.010701835,-0.2506461,-0.62469625,0.0,0.0,0.0
-0.6472626,5.89711,7.2095795,-0.0040969253,-0.20394802,-0.44116068,0.0,0.0,0.0
-0.72024536,5.9413757,7.2323,-0.069956005,-0.16218519,-0.41584063,0.0,0.0,0.0
-0.66760254,6.0023956,7.4117737,-0.014123023,-0.101041794,-0.23619413,0.0,0.0,0.0
-0.8877411,6.0,7.3208466,-0.22910905,-0.10445595,-0.32586575,0.0,0.0,0.0
-0.8805542,5.9617157,7.203598,-0.20359796,-0.15038347,-0.43540478,0.0,0.0,0.0
-0.86260986,5.883957,7.155731,-0.16894788,-0.24487448,-0.46835232,0.0,0.0,0.0
-0.78245544,5.7583313,7.298111,-0.08403242,-0.37540627,-0.3215909,0.0,0.0,0.0
-0.7262268,5.8672028,7.3782654,-0.02666974,-0.26662636,-0.2412591,0.0,0.0,0.0
-0.6699829,5.819351,7.227524,0.03537458,-0.31628132,-0.3900137,0.0,0.0,0.0
-0.6400757,5.8624115,7.223938,0.06574631,-0.27679253,-0.3906784,0.0,0.0,0.0
-0.6616211,5.7846527,7.2418823,0.045039833,-0.35566092,-0.37176085,0.0,0.0,0.0
-0.4785614,5.822937,7.204788,0.22359425,-0.31739426,-0.4092579,0.0,0.0,0.0
-0.44506836,5.81575,7.112671,0.24654454,-0.32591152,-0.50126696,0.0,0.0,0.0
-0.4019928,5.8002014,7.092331,0.2791199,-0.34306765,-0.5212574,0.0,0.0,0.0
-0.46780396,5.8372955,7.075577,0.20600659,-0.30699205,-0.53783894,0.0,0.0,0.0
-0.45942688,5.73201,7.237091,0.21003377,-0.40837955,-0.37985277,0.0,0.0,0.0
-0.59939575,5.7846527,7.4117737,0.0672223,-0.3479805,-0.21166515,0.0,0.0,0.0
-0.51086426,5.7690887,7.4990997,0.15795767,-0.34639025,-0.13791418,0.0,0.0,0.0
-0.43669128,5.797806,7.5433807,0.22621518,-0.30293846,-0.10592413,0.0,0.0,0.0
-0.38404846,5.8205414,7.537384,0.27247584,-0.26937294,-0.12109518,0.0,0.0,0.0
-0.42352295,5.8384857,7.536194,0.2295965,-0.24572372,-0.12710953,0.0,0.0,0.0
-0.44984436,5.851654,7.4775696,0.19326556,-0.22952652,-0.18898392,0.0,0.0,0.0
-0.5515442,5.7882385,7.2418823,0.08254868,-0.29306793,-0.42532206,0.0,0.0,0.0
-0.5312042,5.797806,7.2514496,0.10000926,-0.2842989,-0.41535997,0.0,0.0,0.0
-0.47018433,5.728424,7.1641083,0.15470803,-0.35246277,-0.50418425,0.0,0.0,0.0
-0.62094116,5.864807,7.0791626,-0.0049723387,-0.21632624,-0.58965635,0.0,0.0,0.0
-0.46780396,5.8133698,7.179657,0.15132499,-0.2712989,-0.48610306,0.0,0.0,0.0
-0.56829834,5.8947144,7.2969055,0.04810828,-0.19102716,-0.36822224,0.0,0.0,0.0
-0.47737122,5.724823,7.421341,0.13836026,-0.35129738,-0.2514696,0.0,0.0,0.0
-0.46420288,5.7188416,7.564911,0.14777982,-0.34342623,-0.11914873,0.0,0.0,0.0
-0.5264282,5.7690887,7.5972137,0.08460647,-0.2855773,-0.092912674,0.0,0.0,0.0
-0.6029968,5.8743744,7.2825623,0.011016071,-0.18249512,-0.405591,0.0,0.0,0.0
-0.66400146,5.8815613,7.1521454,-0.045504153,-0.18418694,-0.52864504,0.0,0.0,0.0
-0.6161499,5.7882385,7.027725,0.0043320656,-0.28585625,-0.6463065,0.0,0.0,0.0
-0.7166443,5.8336945,7.063614,-0.090078354,-0.2460432,-0.6054535,0.0,0.0,0.0
-0.7034912,5.807373,7.031311,-0.07238525,-0.27244854,-0.6373172,0.0,0.0,0.0
-0.6879425,5.9772644,6.9044952,-0.052864432,-0.10345554,-0.763093,0.0,0.0,0.0
-0.69511414,5.927017,6.970291,-0.053578615,-0.15730906,-0.6938982,0.0,0.0,0.0
-0.6412811,5.7846527,7.326828,0.0065416694,-0.29276896,-0.342309,0.0,0.0,0.0
-0.68434143,5.741577,7.556534,-0.034780145,-0.30181217,-0.13930273,0.0,0.0,0.0
-0.7645111,5.843277,7.3938293,-0.11439186,-0.18142605,-0.31659746,0.0,0.0,0.0
-0.8195343,5.905487,7.3292084,-0.16643357,-0.102795124,-0.39376974,0.0,0.0,0.0
-0.9762726,5.8049927,7.35553,-0.31762356,-0.19604492,-0.37260818,0.0,0.0,0.0
-0.830307,5.913864,7.3256226,-0.16772556,-0.07999754,-0.40774584,0.0,0.0,0.0
-0.73579407,5.9569244,7.3459625,-0.072558165,-0.036211014,-0.38791275,0.0,0.0,0.0
-0.53359985,5.9030914,7.5098724,0.124872744,-0.087843895,-0.22611427,0.0,0.0,0.0
-0.5288086,5.6602173,7.7156525,0.12056017,-0.3248167,-0.025669575,0.0,0.0,0.0
-0.4127655,5.7152557,7.7348022,0.22390652,-0.24897957,-0.023608208,0.0,0.0,0.0
0.0993042,5.44606,7.704895,0.70213765,-0.5009098,-0.0694561,0.0,0.0,0.0
0.26919556,5.481964,7.7072754,0.8121864,-0.4526987,-0.08087778,0.0,0.0,0.0
0.29910278,5.5956116,7.564911,0.77848166,-0.3363471,-0.22947454,0.0,0.0,0.0
0.27278137,5.620743,7.540985,0.7038475,-0.32359266,-0.24678993,0.0,0.0,0.0
0.011962891,5.7188416,7.610367,0.42041716,-0.23464012,-0.17163849,0.0,0.0,0.0
-0.011962891,5.7475586,7.6127625,0.37489218,-0.21530771,-0.1631589,0.0,0.0,0.0
-0.27757263,5.8995056,7.6534424,0.08790454,-0.088290215,-0.10433483,0.0,0.0,0.0
-0.41635132,5.996414,7.7324066,-0.05722955,-0.009118557,-0.011946201,0.0,0.0,0.0
-0.447464,6.057434,7.668991,-0.10385817,0.017312527,-0.049120903,0.0,0.0,0.0
-0.31585693,6.2440643,7.244278,-0.0016936064,0.1517992,-0.4340024,0.0,0.0,0.0
-0.14476013,6.1340027,7.2346954,0.12651739,0.0022039413,-0.41369295,0.0,0.0,0.0
0.08135986,6.1244354,7.409378,0.3040771,-0.03168869,-0.2210164,0.0,0.0,0.0
0.44148254,6.1591187,7.039688,0.63388926,-0.010321617,-0.58076954,0.0,0.0,0.0
0.5694885,6.45224,6.2847443,0.6831747,0.22864437,-1.2931395,0.0,0.0,0.0
0.5419769,6.435501,6.448654,0.5918207,0.16902399,-1.0944991,0.0,0.0,0.0
0.6927185,6.3888397,6.898514,0.56250805,0.09855509,-0.6238365,0.0,0.0,0.0
0.2907257,6.3218384,7.188034,0.048012868,0.051590443,-0.34824228,0.0,0.0,0.0
0.12562561,6.4498596,7.2514496,-0.1623987,0.1771164,-0.28115416,0.0,0.0,0.0
-0.38523865,6.47258,7.318451,-0.7002575,0.18597889,-0.201509,0.0,0.0,0.0
-0.5084686,6.69751,7.2382813,-0.85520124,0.3808174,-0.25501966,0.0,0.0,0.0
-0.7010956,6.8650055,7.2430725,-1.0793982,0.5210905,-0.22566319,0.0,0.0,0.0
-0.033493042,6.7669067,7.1688995,-0.46642652,0.36917543,-0.25080347,0.0,0.0,0.0
0.15553284,6.7716827,7.0983124,-0.29617593,0.32606745,-0.27870512,0.0,0.0,0.0
1.0863342,6.3936157,6.920044,0.6325575,-0.14619017,-0.37347412,0.0,0.0,0.0
0.022735596,6.241684,7.319641,-0.39548513,-0.3511014,0.07183695,0.0,0.0,0.0
-1.8855438,7.441681,7.463211,-2.2609544,0.79107094,0.26607037,0.0,0.0,0.0
-1.5541382,7.9130707,7.3172455,-1.9429631,1.1294532,0.24605513,0.0,0.0,0.0
-0.8661957,7.483551,6.1615143,-1.3027276,0.58251476,-0.7922993,0.0,0.0,0.0
-0.26919556,7.610367,6.4342957,-0.8223848,0.57142353,-0.37141132,0.0,0.0,0.0
0.37806702,8.026718,6.4211426,-0.32638162,0.90966606,-0.28867912,0.0,0.0,0.0
0.69869995,8.252838,6.016754,-0.2925642,1.0533032,-0.5676584,0.0,0.0,0.0
1.195221,7.2263184,6.22493,-0.0890789,0.008275509,-0.28819656,0.0,0.0,0.0
2.6416779,6.011963,6.01915,0.85500264,-1.1752677,-0.40906096,0.0,0.0,0.0
3.7985992,5.437683,5.539383,1.6222401,-1.7213149,-0.79959106,0.0,0.0,0.0
4.258026,5.6817627,4.721039,1.7453587,-1.4688568,-1.5019455,0.0,0.0,0.0
3.9792633,5.97847,4.569092,1.0858588,-1.2080879,-1.4435601,0.0,0.0,0.0
3.9421692,6.530014,4.153946,0.8545675,-0.7103915,-1.6952958,0.0,0.0,0.0
4.1718903,6.8841553,2.8989105,0.86609864,-0.46408987,-2.6908493,0.0,0.0,0.0
4.2675934,6.948761,2.6249237,0.96180177,-0.39948416,-2.9648361,0.0,0.0,0.0
4.2436676,7.3172455,2.4358978,0.7823515,-0.13031816,-2.9235306,0.0,0.0,0.0
4.208969,7.479965,2.602188,0.61628985,-0.045971394,-2.557591,0.0,0.0,0.0
4.067795,7.4859467,3.3511505,0.45654464,-0.039116383,-1.7969255,0.0,0.0,0.0
3.777069,7.289734,4.207779,0.20305634,-0.1988101,-1.0189342,0.0,0.0,0.0
3.4827576,7.3902283,4.74736,-0.013749838,-0.06344414,-0.58063984,0.0,0.0,0.0
2.9347992,7.380661,5.071594,-0.38633394,-0.02690649,-0.43007946,0.0,0.0,0.0
2.514862,7.502701,5.399399,-0.6571698,0.12088966,-0.22354174,0.0,0.0,0.0
2.2552338,7.7658997,5.6111755,-0.84410477,0.3934102,-0.06428814,0.0,0.0,0.0
2.1056824,7.9896393,5.374283,-0.74981236,0.6367359,-0.45249557,0.0,0.0,0.0
1.7312012,8.822342,4.97229,-0.6639395,1.4734263,-1.063199,0.0,0.0,0.0
1.5804596,8.757736,5.350357,-0.66373944,1.4414248,-0.7819791,0.0,0.0,0.0
1.0193481,9.201599,6.1615143,-1.0182819,1.9212265,-0.08465433,0.0,0.0,0.0
0.65922546,9.800995,6.0382843,-1.1963078,2.5318937,-0.27737474,0.0,0.0,0.0
0.7346039,9.894318,5.1828613,-0.9380516,2.6256013,-1.1841145,0.0,0.0,0.0
0.5419769,8.9240265,5.0392914,-0.83165467,1.6905723,-1.4384141,0.0,0.0,0.0
0.33380127,7.2131653,6.2524414,-0.8542584,0.06737423,-0.3578968,0.0,0.0,0.0
0.34336853,5.564514,7.483551,-0.55036604,-1.345747,0.5828328,0.0,0.0,0.0
0.36131287,4.718643,7.935791,-0.36431623,-2.039402,0.8666558,0.0,0.0,0.0
0.6089783,4.018753,8.179871,0.036722124,-2.600659,0.9669452,0.0,0.0,0.0
0.6161499,3.8703918,8.370087,0.13856524,-2.650095,1.0608077,0.0,0.0,0.0
1.0480499,3.8967133,8.739792,0.60116875,-2.513516,1.3317118,0.0,0.0,0.0
1.2335052,3.9876404,8.404785,0.71136045,-2.3650346,0.9521837,0.0,0.0,0.0
1.5553284,4.146759,7.7001038,0.9409489,-2.1956997,0.2458334,0.0,0.0,0.0
1.7742767,4.564316,7.1114655,1.0261917,-1.774919,-0.33332157,0.0,0.0,0.0
1.9752808,4.8765717,6.5443726,1.1430612,-1.4766979,-0.8794918,0.0,0.0,0.0
2.0494537,5.4424744,6.0681915,1.1717397,-0.9409933,-1.3244638,0.0,0.0,0.0
1.5146637,6.106476,5.749954,0.65006346,-0.34519243,-1.5848145,0.0,0.0,0.0
0.879364,6.522827,6.0717926,0.063871205,0.028341293,-1.2307425,0.0,0.0,0.0
0.52163696,6.6711884,6.5862427,-0.2325111,0.14926147,-0.6984072,0.0,0.0,0.0
0.59820557,6.6711884,6.686737,-0.08865547,0.12940359,-0.58675337,0.0,0.0,0.0
-0.04547119,6.7094727,7.1521454,-0.5485206,0.13425541,-0.106218815,0.0,0.0,0.0
-0.49412537,6.855438,7.3878326,-0.8713236,0.2716856,0.12957478,0.0,0.0,0.0
-1.0325012,6.8685913,7.1497498,-1.2968554,0.2726035,-0.10238409,0.0,0.0,0.0
-0.7429657,6.7489624,6.254837,-0.89672315,0.1141572,-0.96500444,0.0,0.0,0.0
-0.6161499,6.6089783,6.0969086,-0.73637086,-0.05153656,-1.0998602,0.0,0.0,0.0
-0.5359955,6.344574,6.406784,-0.65190756,-0.32319403,-0.7833357,0.0,0.0,0.0
-0.25723267,6.263214,6.6065826,-0.42414838,-0.38592482,-0.5997672,0.0,0.0,0.0
0.2644043,6.155533,6.4965057,0.04155247,-0.47961807,-0.7212157,0.0,0.0,0.0
0.67118835,6.065811,6.488144,0.34790784,-0.5475173,-0.7457876,0.0,0.0,0.0
0.8650055,5.863617,6.480957,0.47392341,-0.72664404,-0.77065706,0.0,0.0,0.0
1.3758698,5.9353943,6.508484,0.86556673,-0.59806395,-0.7869873,0.0,0.0,0.0
1.9932251,6.0646057,6.4989014,1.4025857,-0.41960812,-0.83434486,0.0,0.0,0.0
2.1882324,6.0717926,7.068405,1.533211,-0.35310078,-0.3114376,0.0,0.0,0.0
1.8987122,6.0466614,7.3244324,1.2245057,-0.28183985,-0.13652611,0.0,0.0,0.0
1.3471527,6.025131,7.6498566,0.7118466,-0.25233507,0.14251423,0.0,0.0,0.0
0.38165283,6.074173,7.7024994,-0.2536533,-0.20329332,0.19515705,0.0,0.0,0.0
-0.061019897,6.119644,7.8018036,-0.5967266,-0.11166334,0.24838018,0.0,0.0,0.0
-0.6281128,6.0957184,8.018341,-1.037591,-0.10282326,0.43013954,0.0,0.0,0.0
-0.034698486,6.171097,7.515854,-0.42560932,-0.021684647,-0.07802725,0.0,0.0,0.0
0.17468262,6.1914215,7.216751,-0.22536686,-0.012147903,-0.36784363,0.0,0.0,0.0
-0.0382843,6.500107,6.870987,-0.44851303,0.2790413,-0.69871855,0.0,0.0,0.0
0.28953552,6.5443726,6.634094,-0.14250013,0.30306292,-0.9177127,0.0,0.0,0.0
0.94755554,6.4534454,6.06221,0.46982247,0.20080233,-1.4774594,0.0,0.0,0.0
1.586441,6.160324,6.0466614,1.0793409,-0.08900833,-1.493835,0.0,0.0,0.0
2.2049866,5.89592,7.1413727,1.6922576,-0.30459642,-0.4389372,0.0,0.0,0.0
2.4311066,6.007187,7.4285126,1.9467489,-0.11793566,-0.21469736,0.0,0.0,0.0
2.5698853,6.28714,7.3698883,2.1265013,0.19436169,-0.30160713,0.0,0.0,0.0
1.4907227,6.8853455,6.933197,1.1283559,0.7962408,-0.7454667,0.0,0.0,0.0
0.41993713,6.788437,7.1270294,0.121349216,0.6999531,-0.5548711,0.0,0.0,0.0
0.020339966,6.193817,7.573288,-0.22361048,0.12503433,-0.1261115,0.0,0.0,0.0
-0.32183838,5.6733856,8.023132,-0.5235139,-0.37086916,0.30324268,0.0,0.0,0.0
-0.66400146,5.6685944,8.371292,-0.83941156,-0.36461163,0.6421237,0.0,0.0,0.0
-0.825531,5.723633,8.007584,-0.9424183,-0.29750824,0.26790762,0.0,0.0,0.0
-0.59103394,5.7918243,7.4356995,-0.637546,-0.24601889,-0.29169798,0.0,0.0,0.0
-0.5479584,5.843277,7.380661,-0.5778241,-0.22876263,-0.31997728,0.0,0.0,0.0
-0.2715912,5.950943,7.3172455,-0.31262195,-0.13391685,-0.37321472,0.0,0.0,0.0
-0.10169983,6.0382843,7.002594,-0.16015473,-0.07808113,-0.6627207,0.0,0.0,0.0
-0.025131226,6.0382843,6.612564,-0.08904847,-0.11289883,-1.0247946,0.0,0.0,0.0
-0.21057129,6.1076813,6.4079742,-0.27571034,-0.07796097,-1.2014914,0.0,0.0,0.0
-0.13400269,6.2907257,6.20459,-0.19869041,0.075595856,-1.3808146,0.0,0.0,0.0
0.06341553,6.254837,5.9353943,-0.0040602386,0.012971878,-1.6280012,0.0,0.0,0.0
0.14715576,6.468994,6.189041,0.09409984,0.24205732,-1.386764,0.0,0.0,0.0
0.117248535,6.234497,7.7108765,0.07768544,0.053581715,0.09739494,0.0,0.0,0.0
-0.0993042,6.173477,7.881958,-0.12505665,0.06477547,0.21035528,0.0,0.0,0.0
-0.49531555,6.3230286,7.737198,-0.5070071,0.245265,0.04102707,0.0,0.0,0.0
-1.5218353,6.8350983,7.8341064,-1.5181317,0.77192307,0.12642908,0.0,0.0,0.0
-0.74894714,6.3182526,7.3854523,-0.75514036,0.27884865,-0.34086323,0.0,0.0,0.0
-0.057434082,6.0753784,7.7359924,-0.09887063,0.06009054,-0.00900507,0.0,0.0,0.0
0.053833008,6.0586243,7.971695,-0.042459056,0.10048914,0.18312979,0.0,0.0,0.0
-0.049057007,6.011963,8.0937195,-0.1600684,0.08304834,0.28308296,0.0,0.0,0.0
0.30029297,5.848053,7.434494,0.19914553,-0.078722,-0.37789965,0.0,0.0,0.0
0.32901,5.8349,6.9559326,0.2433092,-0.099003315,-0.8512325,0.0,0.0,0.0
0.22372437,5.9569244,6.5407867,0.21587704,-0.012130737,-1.2400036,0.0,0.0,0.0
0.18424988,6.0012054,6.201004,0.28101888,-0.026526928,-1.5338173,0.0,0.0,0.0
-0.08375549,6.1340027,6.126816,0.06647661,0.079386234,-1.5861235,0.0,0.0,0.0
-0.63768005,5.9306183,7.4069824,-0.4346227,-0.13269424,-0.29791212,0.0,0.0,0.0
-0.6233368,5.8624115,7.1485596,-0.28649423,-0.23785448,-0.5224042,0.0,0.0,0.0
-0.27876282,5.9114685,6.776474,0.13357359,-0.22941542,-0.85830927,0.0,0.0,0.0
0.17347717,5.8002014,7.301697,0.67786884,-0.38356447,-0.29284143,0.0,0.0,0.0
-0.36610413,6.0382843,7.397415,0.1711796,-0.15687037,-0.18557692,0.0,0.0,0.0
-0.11605835,6.22612,6.8111725,0.45139176,0.015298843,-0.75679255,0.0,0.0,0.0
-0.2596283,6.011963,7.1497498,0.32204026,-0.2048049,-0.41225004,0.0,0.0,0.0
-0.09690857,6.1280212,7.1162567,0.51588315,-0.07810402,-0.45202446,0.0,0.0,0.0
-0.06819153,6.1375885,6.612564,0.5577698,-0.057043076,-0.96405077,0.0,0.0,0.0
-0.29551697,6.254837,6.522827,0.33161741,0.06201458,-1.0551705,0.0,0.0,0.0
