-1.0217285,5.600403,7.3902283,0.05893576,-0.124574184,-0.27910614,0.025012255,-0.06273937,9.502791
-0.9834442,5.5788727,7.3782654,0.15365553,-0.23511696,-0.14730167,0.10977507,-0.09868717,9.52594
-0.86021423,5.6650085,7.4237366,0.1798042,-0.23199797,-0.1990509,0.12855709,-0.06408882,9.482398
-0.89372253,5.600403,7.360321,0.18140793,-0.25598478,-0.44343662,0.09310031,0.06470251,9.275407
-0.9068756,5.5956116,7.3902283,0.17267287,-0.21495533,-0.62721014,0.061258256,0.21138716,9.157823
-0.9571228,5.50708,7.3782654,0.16678321,-0.23288298,-0.52347136,0.06886107,0.13620138,9.229779
-0.84825134,5.5525513,7.451248,0.2510624,-0.28018427,-0.5045557,0.15112448,0.090706825,9.202461
-0.90448,5.551346,7.3938293,0.32851994,-0.27988768,-0.5742221,0.2180509,0.13855839,9.136391
-0.88534546,5.62912,7.3950195,0.3817563,-0.23986435,-0.7342696,0.25027287,0.27273846,9.028575
-0.9499512,5.5991974,7.360321,0.22606087,-0.28864717,-0.71903515,0.017638683,-0.24249554,9.03703
-0.97268677,5.6434784,7.4153595,0.13961434,-0.28293037,-0.43369484,-0.024110794,-0.06855035,9.275282
-1.0731812,5.5573273,7.351944,0.107904315,-0.1974492,-0.25068712,0.05485308,0.0032143593,9.474303
-0.948761,5.576477,7.3651123,0.16445935,-0.22776556,-0.32770538,0.09723592,0.02944231,9.3871355
-0.97746277,5.5501556,7.301697,0.22780967,-0.22397518,-0.39164877,0.1506477,0.07553244,9.3301525
-0.9260254,5.6243286,7.453644,0.18786466,-0.2649026,-0.40594864,0.10661042,0.05187559,9.300484
-0.9224396,5.5908356,7.471588,0.19670546,-0.2836547,-0.30133295,-0.12752557,-0.037047386,9.368109
-0.8721771,5.540573,7.414154,0.15795124,-0.28572226,-0.40529156,0.076313734,0.035577774,9.293076
-1.1126556,5.7068787,6.8147583,0.17164898,-0.29948616,-0.5751643,0.06327927,0.13265371,9.152151
-1.031311,5.745163,6.813568,0.14168942,-0.27270365,-0.5741515,0.03535855,0.15271616,9.174574
-0.7034912,5.564514,7.277771,0.05096078,-0.31858826,-0.4144516,-0.0330801,0.013784409,9.282645
-0.8542328,5.441284,7.844864,0.066034794,-0.35666895,-0.32926702,-0.024029493,0.064704895,9.32165
-0.96310425,5.42572,8.109268,0.09053552,-0.3195691,-0.45188427,-3.0338764E-4,0.03821802,9.247133
-0.98106384,5.338394,8.136795,0.06924713,-0.25760603,-0.5760107,-0.036462784,0.16435003,9.194601
-1.0971069,5.36232,7.7970123,0.032639146,-0.25781155,-0.45610523,-0.054698706,0.08796692,9.292031
-1.0492554,5.478363,7.6007996,0.030828834,-0.2903576,-0.2870655,0.009280205,0.054222822,9.400893
-1.0145569,5.5034943,7.384247,0.061144352,-0.33955622,-0.27715874,-0.005419731,-0.08721638,9.372809
-0.928421,5.572891,7.350754,0.057482123,-0.3489232,-0.39809608,-0.028233647,-0.018530369,9.275246
-0.9918213,5.5872345,7.2550354,0.041014075,-0.32035828,-0.52384424,-0.0618577,0.08250713,9.199946
-0.9403839,5.5920258,7.2502594,0.120150805,-0.2937193,-0.6206784,0.0032104254,0.16769695,9.13003
-1.0157471,5.556137,7.2382813,0.13814735,-0.36243868,-0.43095207,0.045924067,-0.0053544044,9.228699
-1.0468597,5.5991974,7.301697,0.11770105,-0.33954668,-0.35297632,0.039642215,-0.03854227,9.30597
-1.1617126,5.52742,7.4069824,0.07381487,-0.38518953,-0.32973337,-0.0029536486,-0.09133816,9.302476
-1.0265198,5.5130615,7.5170593,0.09917307,-0.36300325,-0.2486844,0.03576672,-0.12391949,9.37443
-0.93917847,5.510666,7.482361,0.0998044,-0.38778496,-0.24598122,0.03498435,-0.1452837,9.361102
-0.87815857,5.5681,7.3914337,0.10744047,-0.34631872,-0.22935724,0.047540903,-0.12374067,9.39859
-0.91166687,5.5633087,7.350754,0.12113452,-0.30362415,-0.4387579,0.031971216,0.0407362,9.261959
-0.90808105,5.5525513,7.3423767,0.07020676,-0.34949112,-0.47078466,-0.02636993,0.023293495,9.217181
-0.9607239,5.497513,7.2921295,0.104138374,-0.28681946,-0.29984522,0.037175417,-0.032419205,9.381699
-1.076767,5.5322113,7.3734894,0.14011204,-0.24610901,-0.24531221,0.08373642,-0.033166885,9.442965
-1.0959167,5.531006,7.4608154,0.19215214,-0.2629323,-0.361907,0.11602342,0.028787613,9.334694
-0.9942169,5.497513,7.6749725,0.14556015,-0.35298347,-0.5175514,-0.011288166,-0.06669927,9.167066
-0.9607239,5.4807587,7.6163483,0.15072656,-0.28808594,-0.48910666,0.053886056,0.08840132,9.228534
-0.9942169,5.4472656,7.5924225,0.16644657,-0.30665112,-0.4066081,0.0808202,0.023575306,9.277518
-1.0014038,5.4711914,7.5110626,0.22829854,-0.3861971,-0.2765789,0.15695655,-0.1169405,9.31731
-0.89611816,5.5094757,7.405792,0.17185879,-0.40108395,-0.34546328,-0.11960101,0.03995657,9.264573
-0.9762726,5.5298157,7.402191,0.18608236,-0.31476784,-0.39918184,0.101163745,0.013373375,9.275013
-1.0109711,5.531006,7.5110626,0.15890372,-0.32598877,-0.38219357,0.07621181,-0.0071001053,9.28537
-1.056427,5.5417786,7.5433807,0.12919772,-0.3350706,-0.28248549,0.061703086,-0.07801247,9.360702
-0.9906311,5.5214386,7.466797,0.14432776,-0.31689072,-0.27616024,0.07868266,-0.067522526,9.374489
-0.99302673,5.54895,7.4249268,0.11322987,-0.2657442,-0.30946302,0.046257854,-0.008449078,9.385941
-0.98106384,5.519043,7.3854523,0.1649375,-0.20796633,-0.3302269,0.09775829,0.052307606,9.397736
-0.99302673,5.514267,7.404587,0.18253362,-0.21938086,-0.3488593,0.1114943,0.056263924,9.373577
-0.9690857,5.498703,7.4081726,0.22770584,-0.2947631,-0.3374896,0.15321589,-0.0073332787,9.328
-0.9690857,5.5501556,7.4392853,0.15754318,-0.28684473,-0.35680056,0.08187568,0.00719738,9.329522
-0.9678955,5.510666,7.4763794,0.13000453,-0.28569984,-0.36323643,0.053909898,0.010726929,9.329739
-0.95832825,5.497513,7.540985,0.115986586,-0.29650497,-0.2970786,-0.06239724,0.0123775005,9.375863
-0.99780273,5.4472656,7.5601196,0.17770827,-0.33042526,-0.3392148,0.10183215,-0.03686714,9.312588
-0.9667053,5.478363,7.500305,0.15458453,-0.35029984,-0.3889532,0.070067406,-0.022398472,9.265837
-0.96191406,5.5130615,7.482361,0.13770592,-0.33406878,-0.42554665,0.048685074,0.012722969,9.250662
-1.0014038,5.54657,7.377075,0.09014559,-0.36841583,-0.35483885,0.010655642,-0.060245037,9.290875
-0.9834442,5.50589,7.3782654,0.12760377,-0.36681318,-0.3057809,0.05527103,-0.08780956,9.323359
-1.0743713,5.598007,7.4081726,0.19113994,-0.2942567,-0.41931963,0.104643226,0.04296589,9.271716
-1.0983124,5.5166473,7.4249268,0.18409038,-0.33038664,-0.5821028,0.07002652,0.11742449,9.126066
-1.0540314,5.5334015,7.434494,0.13404953,-0.35538483,-0.568038,0.020925522,0.08736086,9.129254
-0.98942566,5.54895,7.3854523,0.10619056,-0.35181284,-0.27458668,0.03882134,-0.09565592,9.359673
-0.9643097,5.5668945,7.3782654,0.13432562,-0.33131933,-0.28957367,0.06515324,-0.06900406,9.356469
-0.9415741,5.495117,7.410568,0.09908974,-0.3500414,-0.35469055,0.018474221,-0.044168472,9.300822
-0.9451599,5.517853,7.412964,0.075624466,-0.30581188,-0.44046545,-0.015508413,0.043435574,9.267092
-0.9667053,5.5118713,7.414154,0.06502962,-0.34246588,-0.2778201,-0.0032173395,-0.08749342,9.36958
-0.9786682,5.5752716,7.4691925,0.07515812,-0.39714622,-0.28797483,-0.056238413,0.10957551,9.325887
-1.002594,5.5657043,7.4931183,0.0966388,-0.38801813,-0.35730934,0.01154685,-0.071801186,9.2753525
-0.95832825,5.5369873,7.512268,0.12834811,-0.3516922,-0.4654808,-0.012851715,-0.036230564,9.210533
-1.0001984,5.540573,7.4943237,0.14138341,-0.3078084,-0.47021818,0.042960525,0.06444836,9.232332
-1.0133667,5.5681,7.5266266,0.07932389,-0.36460114,-0.29092026,0.0057965517,-0.095528126,9.343291
-1.0384827,5.5322113,7.5134583,0.10746944,-0.35620308,-0.29613352,0.033077836,-0.0848465,9.339925
-0.96191406,5.584854,7.4117737,0.12966752,-0.3201542,-0.39947653,0.04105425,0.009094715,9.280224
-1.022934,5.593216,7.2957153,0.11923051,-0.29299784,-0.4649434,0.0123353,-0.07368517,9.249287
-1.0337067,5.641083,7.330414,0.14452505,-0.34953833,-0.19908428,0.08491695,-0.13919401,9.411539
-1.0456696,5.65184,7.3914337,0.14834988,-0.3667369,-0.14180899,0.09644568,-0.18863201,9.443705
-1.0193481,5.600403,7.426132,0.19678926,-0.34665108,-0.33808947,0.11459005,-0.047700405,9.298919
-0.9990082,5.5322113,7.3363953,0.23104739,-0.30297995,-0.44751978,0.1343627,0.056804657,9.237288
-0.9068756,5.559723,7.3878326,0.17865574,-0.28985214,-0.44533348,0.0841918,0.06417227,9.256152
-0.879364,5.50589,7.3902283,0.13799441,-0.21169472,-0.44126558,0.050478816,0.12121439,9.315395
-0.8542328,5.560913,7.454834,0.2505716,-0.29588795,-0.4011364,0.16193527,0.036233902,9.274006
-0.92004395,5.54657,7.446457,0.2601241,-0.32427788,-0.44313717,0.16295165,0.04116583,9.222747
-0.97387695,5.56929,7.533798,0.22371697,-0.29485416,-0.33789396,-0.13366127,-0.059306145,9.3273
-1.0217285,5.56929,7.458435,0.14315248,-0.33820438,-0.20095015,-0.13232493,0.07864857,9.417344
-1.0181427,5.577667,7.4237366,0.15466464,-0.27145386,-0.074807644,0.12135744,-0.15571642,9.553217
-0.98583984,5.601593,7.4165497,0.24934018,-0.25321436,-0.20337296,0.19571269,-0.056104183,9.4514065
-1.0205383,5.593216,7.3328094,0.5214069,-0.46644878,-0.3787179,0.42158532,-0.096461296,9.138947
-0.9607239,5.6123657,7.258621,0.58846855,-0.7254944,0.102375984,0.5427271,-0.5984392,9.326614
-0.8877411,5.571686,7.256241,1.8774446,-1.1619334,0.541451,1.827867,-1.1808083,9.14889
-0.9523468,5.662613,7.3914337,1.0118737,-1.0684881,0.6526141,0.9943261,-1.2068267,9.424099
-1.0157471,5.6195374,7.3651123,1.1258607,-1.0599647,0.48975992,1.0171227,-1.1246123,9.230751
-0.9643097,5.5860443,7.4524536,0.75158834,-0.7305622,-0.16920996,0.58126885,-0.41505814,9.021099
-0.95832825,5.510666,7.4404755,0.6491387,-0.5559764,-0.83363247,-0.19106936,-0.36789608,8.6870165
-0.8805542,5.620743,7.524231,0.06913638,-0.30767202,-1.5231533,-0.29929537,0.94187,8.605509
-0.95832825,5.62912,7.4189453,-0.71908116,0.11376381,-1.9790401,-1.0083653,1.6537278,8.972981
-0.9834442,5.5860443,7.4081726,-1.3190482,0.377985,-2.179089,-1.5259744,2.0176854,9.325466
-0.9654999,5.5860443,7.414154,-1.3311286,0.33331013,-1.8507929,-1.4805067,1.7431886,9.527673
-0.93200684,5.5740814,7.412964,-1.2218201,0.30463934,-1.2791476,-1.2706896,1.2675767,9.7850485
-0.93200684,5.5824585,7.3244324,-1.1511822,0.18206882,-0.69484377,-1.1299517,0.7287352,9.9892235
-0.9020996,5.601593,7.314865,-1.5568473,0.31519604,-0.4144311,-1.4016763,0.61850643,10.396252
-0.97746277,5.6351013,7.3902283,-1.0757487,0.23445511,-0.83874416,-1.0589144,0.88470674,9.914774
-0.98106384,5.654236,7.4285126,-0.5306163,0.06344414,-1.2222414,1.1353986,-0.5485096,9.371381
-1.0205383,5.638687,7.4153595,-0.39922333,-0.045420647,-1.1160455,-0.58334213,0.9020591,9.303658
-1.0420685,5.58963,7.422531,0.136662,-0.42376614,-0.34398603,-0.08408189,0.02234602,9.250761
-0.99780273,5.645859,7.381851,0.37638092,-0.5778775,-0.09355354,0.12728643,-0.28669405,9.185392
-1.0061798,5.6351013,7.3579254,0.2761488,-0.53045225,-0.06754923,0.055423737,-0.2742324,9.273804
-0.84706116,5.6315155,7.377075,0.05443263,-0.32879114,-0.16199923,-0.095439374,-0.0649333,9.4545355
-0.83987427,5.679367,7.363907,-0.15416908,-0.19565582,-0.4264288,-0.28696656,0.24154377,9.485406
-0.97029114,5.564514,7.2957153,-0.077785015,-0.10011196,-0.59663916,-0.21331507,0.43146396,9.431969
-0.9750824,5.576477,7.410568,-0.11180782,-0.10479164,-0.66804934,-0.25879496,0.49074197,9.404196
-0.9798584,5.6159515,7.4476624,-0.27336383,-0.047227383,-0.52388763,-0.3595844,0.4192655,9.5914
-0.98942566,5.6039886,7.462021,-0.24856782,-0.14375973,-0.24897385,-0.3235675,0.13837194,9.66313
-0.9654999,5.600403,7.377075,-0.106058836,-0.21768093,-0.2125845,-0.21405405,0.056058884,9.572421
-0.9439697,5.641083,7.356735,0.041867495,-0.3512535,-0.35890484,-0.15383172,0.088897705,9.335081
-0.9714813,5.638687,7.3854523,-0.01884818,-0.37050247,-0.4330635,-0.22961515,0.14401054,9.304944
-0.93559265,5.618347,7.409378,-0.10561371,-0.25079393,-0.5396004,-0.28296405,0.30721498,9.369876
-0.953537,5.577667,7.314865,0.091804504,-0.21969652,-1.2095985,-0.20738888,0.85893893,8.946978
-0.93440247,5.6039886,7.2418823,-0.1516757,-0.25240755,-0.29151487,-0.28214276,0.106954575,9.522657
-0.9308014,5.620743,7.2682037,-0.21793008,-0.22743654,-0.011165142,0.17816806,0.24524617,9.720302
-0.91285706,5.601593,7.330414,-0.051599026,-0.17575693,-0.30581522,-0.16280597,0.15256834,9.528635
-0.8769684,5.621933,7.3986053,-0.123259544,-0.1832757,-0.5181966,-0.2644353,0.32742548,9.432247
-0.91645813,5.6638184,7.3782654,-0.1878171,-0.14797926,-0.6302247,-0.32743055,0.44399524,9.419334
-1.0707855,5.6123657,7.4069824,-0.16952968,-0.14839888,-0.85108423,0.63297033,-0.32384324,9.287439
-1.0432739,5.596817,7.426132,-0.06492281,-0.22957659,-0.85955715,0.5426674,-0.32190633,9.176058
-0.9499512,5.63031,7.4691925,-0.15580463,-0.31208372,-0.31063747,-0.3021642,0.08109999,9.459826
-0.9296112,5.6578217,7.384247,-0.25106382,-0.28290606,-0.2263813,-0.3647346,0.037548542,9.561954
-0.933197,5.62912,7.3220367,-0.3693421,-0.16016483,-0.5287523,-0.47369534,0.3593526,9.509794
-0.9272156,5.5704956,7.3495483,-0.079027414,-0.18784666,-0.55379677,-0.21633768,0.32618046,9.365033
-0.8338928,5.5908356,7.3938293,-0.042924643,-0.25564814,-0.49357748,-0.19541156,0.22497654,9.3354645
-0.8542328,5.6231384,7.3375854,7.491112E-4,-0.29777193,-0.16879511,-0.121982455,-0.05851841,9.492234
-0.8757782,5.56929,7.2885437,-0.024288416,-0.33413458,-0.08488989,-0.14125144,-0.1505084,9.529455
-0.9104614,5.645859,7.3579254,0.09610081,-0.37215424,-0.034776688,-0.031537414,-0.23056555,9.498774
-0.98106384,5.62912,7.4392853,0.20661592,-0.3744111,-0.14921236,0.06511378,-0.17162085,9.3925905
-1.0325012,5.641083,7.483551,0.13599205,-0.3272004,-0.24154139,0.007646978,-0.07364607,9.384261
-1.0624084,5.5824585,7.450058,0.16101027,-0.360466,-0.112222195,0.04029286,-0.19554234,9.448051
-0.97029114,5.625519,7.412964,0.097049,-0.31017637,-0.16003036,-0.008449316,-0.12322426,9.466089
-1.0073853,5.6123657,7.377075,0.09952426,-0.2893567,-0.19822836,-0.043705225,0.07536292,9.452621
-0.9104614,5.696121,7.4033966,0.23104215,-0.3170309,-0.17599249,-0.17786288,0.05777645,9.419497
-0.933197,5.5872345,7.3411865,0.27141428,-0.33604574,-0.3687067,0.14207524,-0.030570507,9.257635
-0.9176483,5.5991974,7.290924,0.37574458,-0.36475277,-0.48585224,0.2285375,0.013900757,9.129997
-0.94277954,5.613556,7.277771,0.4074142,-0.32359314,-0.49646616,0.2698536,0.047281265,9.141729
-0.9571228,5.5668945,7.367508,0.3808837,-0.43655062,-0.23934937,0.2540717,-0.20393753,9.271118
-0.9272156,5.6123657,7.430908,0.3728056,-0.44241762,-0.25859642,0.24607939,-0.19855309,9.25746
-0.9798584,5.576477,7.5062866,0.4947889,-0.41595936,-0.28114462,0.36955643,-0.1741147,9.2322
-0.9667053,5.5740814,7.5888367,0.58953595,-0.3817215,-0.40212822,-0.4385383,-0.1485517,9.142882
-0.9667053,5.5920258,7.634308,0.5299282,-0.3642273,-0.36075068,0.40741384,-0.086381435,9.198228
-0.948761,5.5501556,7.4979095,0.5425539,-0.34096813,-0.26314497,0.4354391,-0.13275623,9.284503
-0.9499512,5.5298157,7.3411865,0.5003786,-0.3388853,-0.30754852,0.38961828,-0.10036659,9.260818
-0.93440247,5.5920258,7.258621,0.4133792,-0.32904768,-0.38402605,0.29779178,-0.03825569,9.226576
-0.9786682,5.6267242,7.216751,0.12952137,-0.23684406,-0.23726416,0.054711282,-0.040558815,9.453767
-0.94277954,5.6554413,7.258621,0.07090497,-0.15502119,-0.12850237,0.025221884,-0.042642593,9.599002
-0.9152527,5.6279144,7.2957153,0.13969088,-0.21660328,-0.31019783,-0.039227724,-0.048884153,9.408247
-0.9439697,5.6578217,7.3220367,0.15686083,-0.26379204,-0.45441103,-0.0018799305,-0.090289116,9.265795
-1.0648041,5.596817,7.392624,0.1054728,-0.23448229,-0.31024122,0.02184391,0.010037422,9.404434
-1.0803528,5.5381927,7.4488525,0.14750028,-0.2568221,-0.21272135,0.06965488,-0.07250738,9.456143
-0.9654999,5.54895,7.5062866,0.22678876,-0.27888632,-0.37633228,0.123734474,0.009072781,9.301235
-0.9224396,5.625519,7.470398,0.22170901,-0.3046074,-0.5572429,0.09296042,0.105679035,9.148889
-0.9308014,5.645859,7.429718,0.1889255,-0.27797413,-0.5303569,0.069565356,0.112112045,9.192784
-0.9020996,5.6159515,7.328018,0.23102593,-0.2957468,-0.30865908,0.13336653,-0.046148777,9.341685
-0.93200684,5.5501556,7.3579254,0.22318888,-0.34783983,-0.37822008,0.107791126,-0.041301727,9.258444
-0.9882355,5.559723,7.367508,0.21763325,-0.30944777,-0.46143246,0.09979904,0.0419755,9.219862
-0.9990082,5.5991974,7.347168,0.17903638,-0.26959038,-0.45403957,0.07045156,0.07088661,9.25811
-0.99780273,5.6817627,7.350754,0.1264255,-0.24984169,-0.2893138,0.04226923,-0.0154418945,9.406548
-0.98583984,5.69252,7.412964,0.13043594,-0.31777143,-0.071174145,0.059150636,-0.20723248,9.529858
-1.0301056,5.63031,7.4560394,0.20820618,-0.34753084,-0.17634392,-0.18761802,0.08260512,9.415241
-1.0480499,5.5752716,7.450058,0.25174236,-0.2762556,-0.5119834,-0.06222248,-0.15315676,9.194694
-1.0133667,5.5621185,7.4775696,0.36442232,-0.28615046,-0.5963712,-0.124464035,-0.23880124,9.101082
-0.9954071,5.5872345,7.433304,0.32571435,-0.31481838,-0.49471283,0.20049524,0.0552454,9.168926
-0.95474243,5.5752716,7.453644,0.27608228,-0.36692953,-0.20512295,0.17756683,-0.16673899,9.366647
-0.9678955,5.598007,7.409378,0.29519963,-0.41795254,-0.28246737,-0.23331475,0.04041004,9.272285
-0.97746277,5.600403,7.401001,0.36042142,-0.35209417,-0.40259886,-0.2185905,-0.09718394,9.207707
-1.0241241,5.5752716,7.3782654,0.3909223,-0.268373,-0.37116337,0.28559268,0.008139133,9.276578
-1.0169525,5.52623,7.4763794,0.046863317,-0.11694956,-0.51982737,-0.039378345,0.244277,9.332443
-0.99780273,5.5453644,7.4524536,0.033080578,-0.12666607,-0.60922194,-0.064748764,0.29856968,9.263555
-0.9224396,5.5537415,7.405792,0.037871838,-0.09196758,-0.8365474,-0.0812186,0.47223425,9.113756
-0.92362976,5.577667,7.348358,-0.09321928,-0.10332394,-0.6031108,-0.17846286,0.3382163,9.319959
-0.94755554,5.618347,7.361511,-0.10651994,-0.1467495,-0.36808872,-0.18230051,0.15525627,9.473434
-0.9918213,5.5573273,7.4440765,-0.22708344,-0.18769169,-0.042327404,0.17767859,0.2209382,9.71608
-0.9451599,5.5501556,7.426132,-0.30488634,-0.13367939,-0.061371803,0.26438212,0.20756388,9.766506
-0.9308014,5.5872345,7.35553,-0.3192582,-0.093605995,-0.35749435,-0.3824026,0.23311329,9.611929
-0.9714813,5.6362915,7.3663025,-0.37705016,0.010342598,-0.87765837,-0.4901235,0.7124789,9.4008045
-0.9643097,5.58963,7.402191,-0.37800336,0.027221203,-1.1562014,-0.5446148,0.9438529,9.265387
-0.92481995,5.613556,7.421341,-0.26079583,-0.06729078,-1.0605645,-0.44999957,0.8165786,9.233904
-0.9870453,5.6446686,7.3339996,-0.21092677,-0.031834602,-0.73678637,-0.33822972,0.579088,9.43434
-0.98583984,5.7056885,7.3495483,-0.3422289,-0.0578413,-0.48114824,-0.42285144,0.3686328,9.613581
-1.0612183,5.621933,7.3339996,-0.20707417,-0.17830658,-0.5575323,-0.35092622,0.35145044,9.434025
-0.95474243,5.572891,7.347168,0.008093834,-0.29407787,-0.72437,-0.21977633,0.40519738,9.175166
-0.92362976,5.601593,7.2466583,0.078959465,-0.31817198,-0.50094366,-0.12147164,0.20848131,9.258752
-0.95114136,5.6123657,7.338791,0.022236824,-0.3134489,-0.37284088,-0.14956069,0.11183834,9.35623
-0.953537,5.54895,7.503891,-0.023470163,-0.2977314,-0.5765114,-0.22351241,0.28799915,9.269381
-1.0169525,5.4628143,7.6091766,-0.03596759,-0.27157116,-0.6436062,-0.23898822,0.3590858,9.2560005
-1.0133667,5.4317017,7.6127625,-0.05595517,-0.2429285,-0.57015324,0.3711052,-0.13866186,9.326782
-0.9714813,5.5214386,7.5194397,-0.16005325,-0.2020464,-0.3894639,-0.28577942,0.20357132,9.498412
-1.002594,5.544174,7.463211,-0.19130301,-0.1729393,-0.2687688,-0.28341,0.12546158,9.60006
-0.95832825,5.5752716,7.4273224,-0.053376913,-0.2539482,-0.29931116,-0.18876404,0.0948205,9.471534
-1.002594,5.605194,7.3950195,0.12504554,-0.26518774,-0.6241379,-0.08719486,0.3418851,9.214182
-1.0193481,5.58963,7.286148,-0.11630964,-0.15692902,-0.75750065,-0.29892546,0.52695537,9.311753
-1.0289154,5.5585327,7.2825623,-0.14577198,-0.20447111,-0.54655886,-0.30362332,0.3304894,9.406182
-0.98106384,5.6614227,7.311264,-0.25466037,-0.31616402,0.09023094,-0.32550466,-0.2442832,9.721061
-0.99302673,5.659027,7.368698,-0.2905593,-0.22423077,0.25135565,-0.2985747,-0.31821156,9.893129
-1.0097656,5.598007,7.3172455,-0.30800986,-0.25059938,-0.16981363,-0.3996542,0.0070533752,9.6431465
-1.0432739,5.580063,7.410568,0.016731262,-0.06756401,-0.6671181,-0.1265856,0.4973755,9.374812
-0.97268677,5.56929,7.4763794,0.015797377,-0.11459923,-0.83402586,-0.17286026,0.6034689,9.245466
-0.9906311,5.551346,7.462021,0.013142586,-0.17866135,-0.80857515,-0.19010192,0.5429959,9.210914
-0.9379883,5.519043,7.404587,0.095592976,-0.21310759,-0.6094141,-0.08678883,0.35504818,9.265959
-0.9272156,5.5322113,7.3902283,0.17964363,-0.2605095,-0.60178137,-0.019301414,0.31213045,9.202929
-0.93917847,5.5214386,7.421341,-0.06986213,-0.15476656,-0.46047115,-0.19110197,0.27188444,9.445506
-0.9439697,5.5322113,7.4452667,0.07489753,-0.34586573,-0.5793271,0.24009061,-0.115454674,9.182248
-0.9882355,5.5657043,7.402191,0.11493111,-0.34450197,-0.31604385,-0.04077977,0.01266098,9.327119
-1.0001984,5.6111755,7.3758698,0.15032053,-0.40387535,0.067697525,-0.21593261,0.24835396,9.520313
-1.0325012,5.60997,7.326828,0.13081574,-0.34579277,0.1432414,-0.23862338,0.26147437,9.628063
-1.0181427,5.63031,7.326828,0.15616989,-0.29005623,-0.032598972,0.06952083,-0.19068289,9.545134
-1.0420685,5.5740814,7.314865,0.09622455,-0.22204065,-0.21032,0.011326253,-0.018297195,9.486756
-0.9379883,5.598007,7.397415,0.16566992,-0.2249074,-0.202878,0.08116901,-0.0352726,9.47295
-1.036087,5.659027,7.319641,0.17293572,-0.22289467,-0.3111663,0.08027601,0.034495354,9.395822
-1.0420685,5.6482544,7.351944,0.11216235,-0.1548891,-0.3643055,0.032751024,0.12087965,9.414725
-1.0504456,5.5752716,7.438095,0.27086258,-0.30576515,-0.4554181,0.14859855,0.05286503,9.21556
-1.0085754,5.5991974,7.523041,0.36329246,-0.3125434,-0.66290474,0.21788591,0.17302895,9.037434
-0.95832825,5.6362915,7.495514,0.31023765,-0.28529167,-0.71552753,0.16781509,0.22813463,9.026003
-0.9020996,5.67099,7.379471,0.44202757,-0.36613512,-0.7178378,0.2846828,0.15759134,8.947083
-0.99661255,5.5657043,7.359131,0.43041062,-0.3608241,-0.701488,0.2844246,0.14438534,8.966539
-1.0014038,5.5369873,7.3627167,0.39188075,-0.36031055,-0.38909006,0.2864592,-0.053717136,9.2151785
-0.9559326,5.5298157,7.399811,0.16625726,-0.26625967,-0.15397692,-0.15503383,0.052723885,9.497734
-0.91285706,5.60997,7.4356995,0.15958607,-0.30901527,-0.030570984,-0.2117014,0.14904809,9.572429
-0.95114136,5.6362915,7.4356995,0.22759843,-0.29873562,-0.031854153,-0.27083254,0.10951853,9.568502
-0.9607239,5.6147614,7.505081,0.3649361,-0.25367355,-0.23492193,0.30223227,-0.07953882,9.412891
-1.0468597,5.6075745,7.4452667,0.29436767,-0.3018446,-0.27065945,0.22394001,-0.095942974,9.3688545
-1.0241241,5.621933,7.4524536,0.23538232,-0.3538823,-0.103235245,0.177212,-0.2348361,9.483011
-1.0408783,5.5788727,7.4153595,0.23677814,-0.30780792,-0.08906937,0.18623692,-0.20631504,9.521182
-0.933197,5.605194,7.3710938,0.2407155,-0.2954378,-0.2885251,0.1707524,-0.08057928,9.367533
-0.95474243,5.600403,7.3256226,0.25988925,-0.17858744,-0.35273027,0.19697171,0.0511775,9.379523
-0.8674011,5.617157,7.2753754,0.2799225,-0.2335844,-0.40150166,0.20498842,0.034570217,9.305744
-0.933197,5.5908356,7.2885437,0.29813635,-0.21639204,-0.42040205,0.22302431,0.059158325,9.297524
-0.9272156,5.596817,7.380661,0.008425713,-0.0681591,-0.4788661,-0.052389085,0.22257185,9.380332
-0.933197,5.5429688,7.350754,-0.2674172,0.03359413,-0.5376215,-0.31973904,0.3476944,9.434423
-0.92123413,5.593216,7.380661,-0.21988523,-0.021965504,-0.4897666,-0.27412218,0.27339792,9.434073
-0.96310425,5.6315155,7.438095,-0.22489512,-0.04972601,-0.48252583,-0.28245592,0.24627209,9.42527
-0.982254,5.5991974,7.5134583,-0.27278125,-0.13735867,-0.46633863,-0.33790773,0.1675191,9.396157
-0.9654999,5.5788727,7.520645,-0.11090684,-0.2327795,-0.37458277,-0.1789015,0.0322361,9.389812
-0.9224396,5.5501556,7.3914337,0.10011685,-0.2673807,-0.41707945,0.020652592,0.025074482,9.302254
-0.9056854,5.5752716,7.328018,0.21622479,-0.30939817,-0.49635124,-0.08905101,-0.090628624,9.196158
-0.9188385,5.6159515,7.306488,0.46411955,-0.34382343,-0.7040167,0.338611,0.13057756,8.971454
-0.9451599,5.6063843,7.323227,0.511794,-0.33515787,-0.6965337,0.38768739,0.13673401,8.975732
-0.90448,5.5621185,7.328018,0.7184011,-0.35283613,-0.6144986,0.60173213,0.0797143,9.00057
-0.9308014,5.6039886,7.330414,0.89734447,-0.33157682,-0.6111746,0.7827752,0.10394907,8.9910755
-0.9762726,5.699707,7.4273224,0.9854207,-0.26289558,-0.59374094,0.87828857,0.15531874,9.0338745
-1.0588226,5.5740814,7.4691925,0.92210674,-0.2296195,-0.52959776,0.82713443,0.14722776,9.115526
-1.0014038,5.535797,7.4763794,0.84367883,-0.26102257,-0.4113779,0.7645011,0.05472088,9.205234
-0.9559326,5.58844,7.4452667,0.6902039,-0.36767817,-0.2631545,0.62717223,-0.124752045,9.2852
-0.9020996,5.674576,7.429718,0.4702928,-0.39071417,-0.025897026,-0.5254836,0.035428524,9.495017
-0.9834442,5.6434784,7.367508,0.33940256,-0.44472456,0.13272476,0.3271855,-0.43115425,9.612625
-0.9798584,5.5429688,7.3782654,-0.116898656,-0.45599937,-0.0022587776,-0.14489198,-0.376359,9.563822
-0.98106384,5.5345917,7.326828,-0.17177832,-0.38718224,-0.13134241,-0.2138797,-0.24720192,9.506958
-1.0671997,5.580063,7.4081726,-0.0021822453,-0.2920518,-0.3734975,-0.04386854,-0.031946182,9.335637
-1.0121613,5.6159515,7.417755,0.056061625,-0.25139284,-0.36707354,0.0,0.0,0.0
-1.0289154,5.5118713,7.4237366,0.040730715,-0.35425758,-0.3618126,0.0,0.0,0.0
-0.89372253,5.54895,7.500305,0.17551339,-0.31342268,-0.28812885,0.0,0.0,0.0
-0.93559265,5.5501556,7.401001,0.12925518,-0.30596733,-0.39273453,0.0,0.0,0.0
-0.9176483,5.5752716,7.372284,0.1438235,-0.28318262,-0.42015982,0.0,0.0,0.0
-0.99780273,5.572891,7.4033966,0.0649786,-0.28665924,-0.38804388,0.0,0.0,0.0
-0.90808105,5.584854,7.4644165,0.15597379,-0.27382374,-0.32750607,0.0,0.0,0.0
-0.9403839,5.54776,7.450058,0.120315194,-0.31016016,-0.34289265,0.0,0.0,0.0
-0.953537,5.5417786,7.426132,0.10528839,-0.31639433,-0.3668828,0.0,0.0,0.0
-0.98942566,5.5453644,7.5385895,0.06798041,-0.31116438,-0.25585413,0.0,0.0,0.0
-0.97029114,5.5621185,7.5397797,0.08727157,-0.29321194,-0.25554276,0.0,0.0,0.0
-0.96191406,5.605194,7.512268,0.09193659,-0.25140762,-0.2826028,0.0,0.0,0.0
-0.928421,5.596817,7.5266266,0.11710119,-0.2646675,-0.26569414,0.0,0.0,0.0
-0.98942566,5.58844,7.3962097,0.051433682,-0.27995348,-0.39153385,0.0,0.0,0.0
-0.99302673,5.642273,7.245468,0.048194528,-0.23800898,-0.5332546,0.0,0.0,0.0
-0.89372253,5.700897,6.88295,0.14959216,-0.1962719,-0.8826976,0.0,0.0,0.0
-0.84347534,5.7104645,6.8566284,0.19945586,-0.21395683,-0.88829994,0.0,0.0,0.0
-0.8338928,5.6937256,7.0959167,0.20873213,-0.23510027,-0.64568186,0.0,0.0,0.0
-0.88175964,5.6075745,7.4404755,0.16226447,-0.30880737,-0.31044912,0.0,0.0,0.0
-0.93200684,5.577667,7.5481567,0.114596486,-0.3262868,-0.2118907,0.0,0.0,0.0
-0.94277954,5.4807587,7.684555,0.10668719,-0.4096303,-0.085407734,0.0,0.0,0.0
-0.90927124,5.519043,7.6043854,0.14077425,-0.3599615,-0.17411709,0.0,0.0,0.0
-0.8949127,5.560913,7.529022,0.15430212,-0.31483555,-0.2520523,0.0,0.0,0.0
-0.8638153,5.6063843,7.380661,0.18231761,-0.2668681,-0.40271282,0.0,0.0,0.0
-0.9140625,5.580063,7.367508,0.12892699,-0.30078936,-0.41054726,0.0,0.0,0.0
-0.94755554,5.598007,7.3363953,0.096437216,-0.2867608,-0.43856287,0.0,0.0,0.0
-0.9954071,5.601593,7.3411865,0.0519073,-0.28844643,-0.42933178,0.0,0.0,0.0
-0.9798584,5.6554413,7.3902283,0.07063234,-0.23604202,-0.37876606,0.0,0.0,0.0
-0.9678955,5.6351013,7.4237366,0.08455241,-0.25714207,-0.3444171,0.0,0.0,0.0
-0.93559265,5.667404,7.5014954,0.11644435,-0.22430563,-0.26711845,0.0,0.0,0.0
-0.93917847,5.584854,7.5110626,0.110821605,-0.30607986,-0.25841475,0.0,0.0,0.0
-0.90927124,5.6063843,7.482361,0.13627517,-0.28477573,-0.28754616,0.0,0.0,0.0
-0.8446655,5.605194,7.274185,0.19608283,-0.29062748,-0.49282932,0.0,0.0,0.0
-0.8267212,5.6566315,7.147354,0.20548499,-0.25510836,-0.6086931,0.0,0.0,0.0
-0.91285706,5.6614227,7.228714,0.12011075,-0.25871134,-0.52082634,0.0,0.0,0.0
-0.9415741,5.679367,7.3902283,0.094076276,-0.24414396,-0.35637283,0.0,0.0,0.0
-0.99661255,5.6638184,7.487137,0.039560318,-0.25948906,-0.2595501,0.0,0.0,0.0
-0.99302673,5.65065,7.4488525,0.044341087,-0.27492952,-0.29593706,0.0,0.0,0.0
-1.0014038,5.64946,7.4404755,0.037355185,-0.27974606,-0.30135155,0.0,0.0,0.0
-0.95114136,5.6279144,7.4392853,0.086189985,-0.30564356,-0.29939795,0.0,0.0,0.0
-0.9260254,5.5908356,7.3375854,0.109429836,-0.34884596,-0.39664984,0.0,0.0,0.0
-0.89730835,5.6769714,7.3495483,0.13816094,-0.2711544,-0.3781929,0.0,0.0,0.0
-0.92362976,5.662613,7.2227325,0.11018741,-0.2983904,-0.49530172,0.0,0.0,0.0
-0.9379883,5.6566315,7.270584,0.09562135,-0.31704712,-0.43767118,0.0,0.0,0.0
-1.056427,5.662613,7.3758698,-0.019083858,-0.31464863,-0.32910633,0.0,0.0,0.0
-1.051651,5.7355957,7.4596252,-0.005286336,-0.24375105,-0.24251223,0.0,0.0,0.0
-1.0169525,5.736786,7.2753754,0.030730486,-0.25051498,-0.42040062,0.0,0.0,0.0
-0.91285706,5.7021027,7.158127,0.13391781,-0.29687452,-0.5286746,0.0,0.0,0.0
-0.9152527,5.7344055,7.1605225,0.13034534,-0.2805786,-0.5139203,0.0,0.0,0.0
-0.92481995,5.7643127,7.2418823,0.121561885,-0.25472116,-0.42927837,0.0,0.0,0.0
-1.0480499,5.6446686,7.270584,3.414154E-4,-0.374619,-0.4001031,0.0,0.0,0.0
-1.0265198,5.6638184,7.299301,0.033158064,-0.35219526,-0.37240362,0.0,0.0,0.0
-1.0217285,5.7092743,7.270584,0.042429686,-0.30732155,-0.4000435,0.0,0.0,0.0
-0.96310425,5.7846527,7.3040924,0.10413408,-0.23269749,-0.36551523,0.0,0.0,0.0
-0.9607239,5.7798615,7.3710938,0.103943706,-0.23644161,-0.29969263,0.0,0.0,0.0
-0.9260254,5.7140656,7.405792,0.13213372,-0.2971635,-0.26987123,0.0,0.0,0.0
-0.91166687,5.641083,7.422531,0.14381087,-0.36714125,-0.25585413,0.0,0.0,0.0
-0.9667053,5.73201,7.3543396,0.08509719,-0.27004814,-0.3293705,0.0,0.0,0.0
-0.9571228,5.7762756,7.1940155,0.096532345,-0.22999239,-0.48615026,0.0,0.0,0.0
-0.90927124,5.785843,7.1413727,0.14405906,-0.22730207,-0.5334549,0.0,0.0,0.0
-1.0217285,5.7643127,7.1700897,0.031305313,-0.25102234,-0.5030618,0.0,0.0,0.0
-1.0576324,5.757126,7.253845,-0.0017495155,-0.2590227,-0.4182763,0.0,0.0,0.0
-1.1126556,5.6865387,7.359131,-0.053234696,-0.32646608,-0.3149681,0.0,0.0,0.0
-0.99302673,5.704483,7.462021,0.07155812,-0.29975128,-0.21822786,0.0,0.0,0.0
-0.8661957,5.708084,7.421341,0.19321465,-0.2898755,-0.26452398,0.0,0.0,0.0
-0.8338928,5.7092743,7.348358,0.21776175,-0.2882657,-0.3388996,0.0,0.0,0.0
-0.8889313,5.721237,7.368698,0.15760386,-0.27488327,-0.32036543,0.0,0.0,0.0
-0.9224396,5.645859,7.483551,0.12325859,-0.34836388,-0.20710516,0.0,0.0,0.0
-0.9272156,5.667404,7.466797,0.11710596,-0.32269526,-0.22725916,0.0,0.0,0.0
-0.90089417,5.6805573,7.326828,0.14103281,-0.30957842,-0.36752415,0.0,0.0,0.0
-0.948761,5.708084,7.276581,0.08862519,-0.28901434,-0.41295958,0.0,0.0,0.0
-1.3507538,6.057434,6.666397,-0.2745751,0.0301013,-0.99411726,0.0,0.0,0.0
-0.58743286,5.69133,6.855438,0.49544632,-0.3644905,-0.7816286,0.0,0.0,0.0
-0.7908325,5.564514,7.503891,0.27213264,-0.48132515,-0.14387512,0.0,0.0,0.0
-1.0097656,5.5345917,7.895111,0.05050814,-0.47607327,0.21929789,0.0,0.0,0.0
-0.8829498,5.58963,7.6701965,0.18192506,-0.3971529,-0.02362299,0.0,0.0,0.0
-0.9308014,5.7068787,7.240677,0.13992214,-0.28613997,-0.447474,0.0,0.0,0.0
-1.0014038,5.71286,7.1318054,0.07167089,-0.29143906,-0.5472107,0.0,0.0,0.0
-1.0241241,5.720047,7.3292084,0.049327374,-0.28680086,-0.34776115,0.0,0.0,0.0
-1.02771,5.8085785,7.2323,0.050008893,-0.19804144,-0.44425058,0.0,0.0,0.0
-1.0337067,5.826523,7.1856537,0.052280903,-0.19073391,-0.48139524,0.0,0.0,0.0
-1.022934,5.7296143,7.1605225,0.06633353,-0.29242897,-0.50230217,0.0,0.0,0.0
-1.0372925,5.71286,7.3938293,0.052701592,-0.30695868,-0.27063942,0.0,0.0,0.0
-0.96310425,5.7104645,7.405792,0.12499905,-0.30293655,-0.26398134,0.0,0.0,0.0
-0.9308014,5.7667084,7.2502594,0.1558075,-0.24936867,-0.41762686,0.0,0.0,0.0
-1.0384827,5.7092743,7.314865,0.051056266,-0.3115735,-0.34886026,0.0,0.0,0.0
-1.0504456,5.7092743,7.3375854,0.040964603,-0.3109932,-0.3263297,0.0,0.0,0.0
-1.0217285,5.6578217,7.299301,0.07295847,-0.36122084,-0.3651085,0.0,0.0,0.0
-0.9499512,5.7152557,7.1892395,0.1453011,-0.3080864,-0.47171068,0.0,0.0,0.0
-0.9954071,5.741577,7.0911255,0.1017406,-0.28805685,-0.5646024,0.0,0.0,0.0
-1.0169525,5.7894287,7.294525,0.08148563,-0.2378788,-0.36284924,0.0,0.0,0.0
-1.0923309,5.724823,7.3830566,0.0055738688,-0.29726553,-0.27849913,0.0,0.0,0.0
-1.0707855,5.728424,7.3878326,0.02870202,-0.28914785,-0.2770443,0.0,0.0,0.0
-1.0707855,5.6650085,7.2801666,0.031747818,-0.35063744,-0.3857851,0.0,0.0,0.0
-0.9882355,5.75354,7.2825623,0.11406064,-0.26289558,-0.38280392,0.0,0.0,0.0
-0.99780273,5.724823,7.204788,0.0996747,-0.2954135,-0.45828485,0.0,0.0,0.0
-0.93917847,5.736786,7.2311096,0.1554159,-0.28513384,-0.43105316,0.0,0.0,0.0
-0.9906311,5.7140656,7.277771,0.103324056,-0.30800533,-0.38436413,0.0,0.0,0.0
-0.9690857,5.7176514,7.343567,0.12445855,-0.30287123,-0.31984377,0.0,0.0,0.0
-1.0073853,5.6805573,7.348358,0.08621311,-0.33888054,-0.3158965,0.0,0.0,0.0
-0.93440247,5.7188416,7.348358,0.15710366,-0.2983756,-0.31793785,0.0,0.0,0.0
-0.97268677,5.69014,7.298111,0.11664319,-0.32649088,-0.36895514,0.0,0.0,0.0
-0.92004395,5.7344055,7.3375854,0.16554034,-0.2817812,-0.3303604,0.0,0.0,0.0
-0.9834442,5.7355957,7.2131653,0.10058725,-0.28313017,-0.45300722,0.0,0.0,0.0
-0.928421,5.7391815,7.2598267,0.15503979,-0.28223944,-0.40430975,0.0,0.0,0.0
-0.9798584,5.71167,7.298111,0.10357189,-0.30971718,-0.36605597,0.0,0.0,0.0
-0.9906311,5.696121,7.2969055,0.09415984,-0.32403183,-0.36803913,0.0,0.0,0.0
-0.9439697,5.740387,7.240677,0.14072537,-0.2819276,-0.4225831,0.0,0.0,0.0
-0.9056854,5.7475586,7.204788,0.17713547,-0.27723265,-0.45678997,0.0,0.0,0.0
-0.98942566,5.7140656,7.3363953,0.09156108,-0.30743504,-0.32802773,0.0,0.0,0.0
-0.9942169,5.7786713,7.4153595,0.08678281,-0.23851919,-0.25244617,0.0,0.0,0.0
-1.0205383,5.7463684,7.330414,0.060635686,-0.26887798,-0.33889246,0.0,0.0,0.0
-0.93559265,5.7140656,7.3208466,0.14244127,-0.3013029,-0.34880638,0.0,0.0,0.0
-0.9439697,5.724823,7.372284,0.13039231,-0.2886486,-0.29937124,0.0,0.0,0.0
-0.9020996,5.77507,7.3651123,0.16540968,-0.2375102,-0.3081975,0.0,0.0,0.0
-0.99780273,5.7678986,7.188034,0.067589045,-0.24950695,-0.4817872,0.0,0.0,0.0
-0.8889313,5.745163,7.158127,0.17319691,-0.28069115,-0.50551176,0.0,0.0,0.0
-0.92123413,5.699707,7.1521454,0.1396234,-0.32821083,-0.510046,0.0,0.0,0.0
-0.90927124,5.7475586,7.2969055,0.15147316,-0.28071117,-0.36502504,0.0,0.0,0.0
-0.93917847,5.69252,7.2598267,0.12121165,-0.3353939,-0.40243244,0.0,0.0,0.0
-0.9451599,5.7332,7.2957153,0.1146003,-0.2934885,-0.36759472,0.0,0.0,0.0
-0.9714813,5.7344055,7.3088837,0.08752954,-0.2911892,-0.35539007,0.0,0.0,0.0
-0.94636536,5.75235,7.3651123,0.11102927,-0.270792,-0.30131245,0.0,0.0,0.0
-0.9499512,5.6805573,7.3136597,0.107785344,-0.3388877,-0.35562038,0.0,0.0,0.0
-0.9188385,5.6865387,7.2646027,0.13570917,-0.33265495,-0.40531397,0.0,0.0,0.0
-0.9140625,5.7643127,7.225128,0.13518226,-0.2599802,-0.44151163,0.0,0.0,0.0
-0.899704,5.7379913,7.240677,0.14953446,-0.28832054,-0.42437696,0.0,0.0,0.0
-0.9379883,5.765503,7.2717896,0.112920165,-0.26400232,-0.39052343,0.0,0.0,0.0
-0.9176483,5.662613,7.256241,0.13317049,-0.36581326,-0.40693426,0.0,0.0,0.0
-0.9990082,5.7140656,7.3339996,0.056583285,-0.31096315,-0.33119106,0.0,0.0,0.0
-1.0181427,5.716446,7.409378,0.04453957,-0.30367947,-0.25868416,0.0,0.0,0.0
-0.98464966,5.7308044,7.2550354,0.07812929,-0.2908864,-0.41178417,0.0,0.0,0.0
-0.9415741,5.7332,7.2335052,0.120752215,-0.2920003,-0.43061972,0.0,0.0,0.0
-0.96310425,5.6985016,7.290924,0.09651673,-0.32872105,-0.37198544,0.0,0.0,0.0
-0.9643097,5.708084,7.360321,0.094781995,-0.31770945,-0.30378485,0.0,0.0,0.0
-0.9176483,5.7224426,7.367508,0.14039135,-0.30194092,-0.29785204,0.0,0.0,0.0
-0.89372253,5.674576,7.2837524,0.16232646,-0.34996462,-0.3817587,0.0,0.0,0.0
-0.9403839,5.682953,7.174881,0.115065575,-0.34392977,-0.48887157,0.0,0.0,0.0
-0.953537,5.687744,7.1844482,0.10259879,-0.34262133,-0.47646904,0.0,0.0,0.0
-0.9308014,5.741577,7.2095795,0.1257757,-0.28928566,-0.45088577,0.0,0.0,0.0
-0.93559265,5.7918243,7.3052826,0.12180638,-0.2374363,-0.35632992,0.0,0.0,0.0
-1.0408783,5.781067,7.3663025,0.019502759,-0.24493551,-0.2974615,0.0,0.0,0.0
-1.0959167,5.748749,7.3914337,-0.031123161,-0.27518845,-0.27334166,0.0,0.0,0.0
-1.036087,5.7092743,7.3220367,0.03140807,-0.31297064,-0.34369278,0.0,0.0,0.0
-0.94277954,5.75354,7.2921295,0.1233964,-0.26877213,-0.37373066,0.0,0.0,0.0
-0.9140625,5.790634,7.281357,0.15020907,-0.23223305,-0.38433218,0.0,0.0,0.0
-0.9176483,5.7631073,7.269394,0.14535475,-0.26029682,-0.39604902,0.0,0.0,0.0
-0.8913269,5.708084,7.2634125,0.16825795,-0.31783438,-0.40052748,0.0,0.0,0.0
-0.9152527,5.6698,7.2430725,0.13956523,-0.35968637,-0.41871834,0.0,0.0,0.0
-0.88534546,5.7188416,7.2502594,0.16498017,-0.3107314,-0.41208076,0.0,0.0,0.0
-0.9152527,5.7631073,7.310074,0.13462472,-0.26736784,-0.35161734,0.0,0.0,0.0
-0.982254,5.785843,7.331604,0.06763697,-0.24394512,-0.3306265,0.0,0.0,0.0
-0.9224396,5.7511444,7.3220367,0.12545037,-0.27526903,-0.34312248,0.0,0.0,0.0
-0.9798584,5.777466,7.2837524,0.06426978,-0.2474947,-0.38306093,0.0,0.0,0.0
-0.9678955,5.7344055,7.2837524,0.07512641,-0.2912054,-0.38270092,0.0,0.0,0.0
-0.9882355,5.7224426,7.289734,0.05259347,-0.30207348,-0.37787724,0.0,0.0,0.0
-0.9798584,5.7260284,7.299301,0.058007598,-0.29498053,-0.37146664,0.0,0.0,0.0
-0.933197,5.7643127,7.2682037,0.10305929,-0.2541294,-0.40479565,0.0,0.0,0.0
-0.8805542,5.765503,7.2669983,0.1481365,-0.2486682,-0.41036606,0.0,0.0,0.0
-0.84347534,5.662613,7.3172455,0.17840743,-0.35171175,-0.36090803,0.0,0.0,0.0
-0.84347534,5.65184,7.289734,0.17545426,-0.3618245,-0.38932896,0.0,0.0,0.0
-0.79681396,5.6614227,7.3088837,0.21582091,-0.34914017,-0.3734398,0.0,0.0,0.0
-0.8410797,5.645859,7.3459625,0.15808046,-0.35651302,-0.34452486,0.0,0.0,0.0
-0.79681396,5.6817627,7.348358,0.19820893,-0.31530762,-0.34680033,0.0,0.0,0.0
-0.8877411,5.700897,7.3208466,0.1038757,-0.29219294,-0.37785196,0.0,0.0,0.0
-0.8877411,5.7559357,7.3124695,0.10257614,-0.23611927,-0.38720226,0.0,0.0,0.0
-0.9224396,5.7355957,7.307678,0.06791741,-0.2554536,-0.3927698,0.0,0.0,0.0
-0.879364,5.757126,7.274185,0.11117983,-0.23352766,-0.42654753,0.0,0.0,0.0
-0.8913269,5.7188416,7.2598267,0.09850079,-0.27215815,-0.44072866,0.0,0.0,0.0
-0.87338257,5.69133,7.2502594,0.11529976,-0.2982869,-0.45151854,0.0,0.0,0.0
-0.85783386,5.5501556,7.466797,0.12924188,-0.43409204,-0.23935986,0.0,0.0,0.0
-0.8147583,5.577667,7.6905365,0.16891247,-0.39158392,-0.027676582,0.0,0.0,0.0
-1.4512482,6.094513,6.75972,-0.45232534,0.12451029,-0.9559531,0.0,0.0,0.0
-0.7513428,5.966507,6.826721,0.2918253,-0.055535793,-0.84251547,0.0,0.0,0.0
-0.5264282,5.478363,7.1653137,0.49401975,-0.5516696,-0.50070095,0.0,0.0,0.0
-0.830307,5.441284,7.934601,0.17238331,-0.5600672,0.2437768,0.0,0.0,0.0
-0.8410797,5.5094757,8.0195465,0.15972197,-0.43917656,0.2876439,0.0,0.0,0.0
-0.74775696,5.7140656,7.237091,0.25452423,-0.23888063,-0.49131393,0.0,0.0,0.0
-0.86979675,5.761917,7.1389923,0.13772738,-0.22046328,-0.56596756,0.0,0.0,0.0
-1.0109711,5.7583313,7.326828,-0.002547741,-0.22880316,-0.3743205,0.0,0.0,0.0
-1.1306152,5.806183,7.2418823,-0.112659335,-0.18266153,-0.4566822,0.0,0.0,0.0
-1.1246338,5.8181458,7.1198425,-0.09516549,-0.18054056,-0.5695238,0.0,0.0,0.0
-1.0468597,5.806183,7.1365967,-0.008500338,-0.20365,-0.54286385,0.0,0.0,0.0
-1.0372925,5.723633,7.360321,0.00259614,-0.28307056,-0.32138014,0.0,0.0,0.0
-0.96310425,5.724823,7.4488525,0.0766772,-0.27524853,-0.23804474,0.0,0.0,0.0
-0.8889313,5.6661987,7.3411865,0.14791739,-0.32946396,-0.34954596,0.0,0.0,0.0
-0.8494568,5.6865387,7.2430725,0.1851269,-0.31079865,-0.4466586,0.0,0.0,0.0
-0.8913269,5.682953,7.2179565,0.13885128,-0.31586266,-0.47121286,0.0,0.0,0.0
-0.91645813,5.7391815,7.286148,0.11040902,-0.25934696,-0.40368843,0.0,0.0,0.0
-0.92004395,5.728424,7.2885437,0.10483599,-0.2684908,-0.4028163,0.0,0.0,0.0
-0.94277954,5.7296143,7.269394,0.07691109,-0.26572657,-0.42388248,0.0,0.0,0.0
-0.8446655,5.6243286,7.409378,0.16946924,-0.36385393,-0.290205,0.0,0.0,0.0
-0.9176483,5.6781616,7.3292084,0.089208126,-0.2972827,-0.3812194,0.0,0.0,0.0
-0.9056854,5.7092743,7.2514496,0.0993104,-0.26203585,-0.46242237,0.0,0.0,0.0
-0.8949127,5.7463684,7.1210327,0.109592795,-0.2259388,-0.5921316,0.0,0.0,0.0
-0.95951843,5.745163,7.135391,0.047207117,-0.22938108,-0.5757508,0.0,0.0,0.0
-1.0061798,5.7391815,7.3005066,0.005427122,-0.2249403,-0.41806173,0.0,0.0,0.0
-1.02771,5.682953,7.495514,-0.014694691,-0.26901293,-0.23224688,0.0,0.0,0.0
-0.97268677,5.6315155,7.527817,0.042162895,-0.30891705,-0.20857286,0.0,0.0,0.0
-0.933197,5.6327057,7.454834,0.08210385,-0.30215216,-0.28577423,0.0,0.0,0.0
-0.879364,5.6434784,7.482361,0.13096082,-0.28426886,-0.2643447,0.0,0.0,0.0
-0.87815857,5.5824585,7.4883423,0.12992465,-0.34254265,-0.26075602,0.0,0.0,0.0
-0.8063812,5.60878,7.4117737,0.19178766,-0.30663013,-0.34593058,0.0,0.0,0.0
-0.8063812,5.60878,7.4117737,0.18945849,-0.30612326,-0.34661627,0.0,0.0,0.0
-0.8829498,5.679367,7.368698,0.11110699,-0.2419095,-0.38505745,0.0,0.0,0.0
-0.850647,5.6733856,7.4285126,0.14277482,-0.25032187,-0.32346725,0.0,0.0,0.0
-0.9308014,5.6123657,7.523041,0.064195454,-0.3121376,-0.22812891,0.0,0.0,0.0
-0.9403839,5.5657043,7.525421,0.055391073,-0.3590021,-0.22549343,0.0,0.0,0.0
-0.92481995,5.5788727,7.502701,0.06927353,-0.34733486,-0.24728155,0.0,0.0,0.0
-0.91285706,5.721237,7.278961,0.07966292,-0.21820545,-0.46108437,0.0,0.0,0.0
-0.87098694,5.765503,7.1617126,0.12240821,-0.18010616,-0.5734849,0.0,0.0,0.0
-0.85543823,5.7846527,7.034897,0.1388014,-0.17987871,-0.6856108,0.0,0.0,0.0
-0.9403839,5.781067,7.2430725,0.054238915,-0.20090055,-0.46388435,0.0,0.0,0.0
-0.9882355,5.743973,7.3339996,0.011538267,-0.23754978,-0.37263584,0.0,0.0,0.0
-0.91166687,5.7068787,7.265808,0.091863275,-0.27571726,-0.43950605,0.0,0.0,0.0
-0.89849854,5.703293,7.258621,0.10938263,-0.28515005,-0.44158077,0.0,0.0,0.0
-0.92123413,5.6865387,7.3830566,0.086680055,-0.30104494,-0.3178091,0.0,0.0,0.0
-0.87815857,5.699707,7.402191,0.12911856,-0.28342104,-0.30222034,0.0,0.0,0.0
-0.8147583,5.6985016,7.347168,0.19140351,-0.28542042,-0.3567729,0.0,0.0,0.0
-0.85783386,5.6865387,7.3663025,0.14711535,-0.2988634,-0.33664703,0.0,0.0,0.0
-0.9056854,5.6602173,7.3734894,0.09837592,-0.32476664,-0.32990074,0.0,0.0,0.0
-0.9020996,5.638687,7.277771,0.102018476,-0.34655094,-0.4254141,0.0,0.0,0.0
-0.9056854,5.6482544,7.215561,0.0984385,-0.34170246,-0.48395443,0.0,0.0,0.0
-0.87098694,5.716446,7.2669983,0.13366449,-0.27783108,-0.42908573,0.0,0.0,0.0
-0.8949127,5.7355957,7.318451,0.10947442,-0.26056814,-0.37619781,0.0,0.0,0.0
-0.9176483,5.7272186,7.3531494,0.08774114,-0.26941252,-0.3410039,0.0,0.0,0.0
-0.94755554,5.7260284,7.348358,0.061118603,-0.27019405,-0.34568405,0.0,0.0,0.0
-0.9607239,5.7272186,7.368698,0.049040675,-0.26917648,-0.3250661,0.0,0.0,0.0
-1.0073853,5.647064,7.377075,0.004423499,-0.34838486,-0.31715775,0.0,0.0,0.0
-0.8410797,5.7678986,7.3710938,0.16855037,-0.2283392,-0.32281113,0.0,0.0,0.0
-0.88175964,5.7463684,7.3052826,0.1281519,-0.25233698,-0.38666105,0.0,0.0,0.0
-0.87338257,5.760727,7.302887,0.13511062,-0.24120808,-0.38672304,0.0,0.0,0.0
-0.9451599,5.73201,7.347168,0.062658906,-0.27130318,-0.34145546,0.0,0.0,0.0
-0.948761,5.696121,7.286148,0.06112981,-0.3083911,-0.40126657,0.0,0.0,0.0
-0.8901367,5.6446686,7.2215424,0.11811578,-0.36012936,-0.46586418,0.0,0.0,0.0
-0.8458557,5.7188416,7.2849426,0.15879047,-0.2851138,-0.40359354,0.0,0.0,0.0
-0.87098694,5.7678986,7.372284,0.1305654,-0.23363638,-0.31854582,0.0,0.0,0.0
-0.87338257,5.743973,7.397415,0.12810647,-0.25566626,-0.29490137,0.0,0.0,0.0
-0.89849854,5.6973114,7.278961,0.10194838,-0.30349064,-0.41258383,0.0,0.0,0.0
-0.8769684,5.7068787,7.1485596,0.1205281,-0.2980771,-0.5401268,0.0,0.0,0.0
-0.8901367,5.7021027,7.356735,0.10673195,-0.3040824,-0.33107233,0.0,0.0,0.0
-0.8566284,5.7296143,7.4249268,0.1386922,-0.2673645,-0.27026463,0.0,0.0,0.0
-0.9068756,5.7427673,7.410568,0.086060286,-0.24805307,-0.28972626,0.0,0.0,0.0
-0.8757782,5.7140656,7.2825623,0.11217672,-0.2752056,-0.41957808,0.0,0.0,0.0
-0.87338257,5.699707,7.2095795,0.110346556,-0.29093313,-0.49203682,0.0,0.0,0.0
-0.97268677,5.69014,7.348358,0.009633958,-0.2943554,-0.35821438,0.0,0.0,0.0
-0.9403839,5.687744,7.3423767,0.041826427,-0.29180527,-0.36804724,0.0,0.0,0.0
-0.85902405,5.6757813,7.215561,0.12388748,-0.30461836,-0.4941144,0.0,0.0,0.0
-0.8518524,5.757126,7.1605225,0.1339491,-0.23091793,-0.5428486,0.0,0.0,0.0
-0.8338928,5.7547455,7.311264,0.15163243,-0.23269701,-0.3926096,0.0,0.0,0.0
-0.86260986,5.6661987,7.367508,0.12161237,-0.31599474,-0.34060812,0.0,0.0,0.0
-0.8721771,5.6063843,7.417755,0.11045349,-0.37026262,-0.29486513,0.0,0.0,0.0
-0.83270264,5.5908356,7.4117737,0.15039152,-0.3780265,-0.30681467,0.0,0.0,0.0
-0.83987427,5.637497,7.3663025,0.142613,-0.32713795,-0.35562992,0.0,0.0,0.0
-0.8386841,5.721237,7.4165497,0.14262855,-0.24070597,-0.3076105,0.0,0.0,0.0
