5.470452,5.3335333,-6.5023527,-0.59241533,2.1354783,0.31019878,1.0876583,1.9460157,9.613032
5.547066,5.2377653,-6.4784107,-0.59241533,2.1354783,0.34850597,1.092446,1.9531592,9.650362
4.9149966,4.8115973,-5.5374894,-0.59241533,2.1354783,0.34850597,1.092446,1.9531592,9.650362
5.547066,5.1611505,-6.152799,-0.59241533,2.1354783,0.34850597,1.092446,1.9531592,9.650362
6.104915,5.256919,-6.6172743,-0.59241533,2.1354783,0.34850597,1.092446,1.9531592,9.650362
5.6476226,5.0582,-6.102521,-0.59241533,2.1354783,0.34850597,1.092446,1.9531592,9.650362
5.1711764,5.024681,-5.927744,-0.6145617,2.0857987,0.27518368,-1.5253271,-1.5613054,9.607397
5.5398836,5.118055,-6.480805,-0.571466,2.0618567,0.27039528,1.0429354,1.8773394,9.609538
5.628469,5.0629883,-6.2389903,-0.5624878,2.057517,0.2645588,1.0445238,1.8682928,9.611062
5.4656634,4.8115973,-5.8008513,-0.5674258,1.9961656,0.25393486,0.9959647,1.8286752,9.619223
5.6835356,5.1707273,-6.2509613,-0.5482722,2.070386,0.31618404,1.068035,1.8778787,9.665433
6.1360397,5.400571,-6.8471174,-0.52507836,1.9903299,0.31798077,1.0284953,1.8074517,9.690142
5.6691704,5.0869303,-6.317999,-0.5633856,2.0118778,0.22460651,1.0050142,1.8329834,9.592945
5.214272,4.9552493,-5.994782,-0.5633856,1.9951183,0.25573158,0.9971031,1.826687,9.626819
5.6835356,5.1707273,-6.5215063,-0.547524,1.9752164,0.20245934,0.987554,1.7938322,9.584837
5.9373207,5.118055,-6.5837555,-0.54123926,1.9244893,0.2810192,0.9649765,1.7685405,9.6774845
5.709872,4.976797,-6.057031,-0.55321026,1.979556,0.2163763,0.98689187,1.8044435,9.602752
5.4129906,5.022287,-6.1695585,-0.5660791,1.8863317,0.17537498,0.90764594,1.7426683,9.58581
5.6811414,5.1755157,-6.5454483,-0.52298343,1.9390042,0.23523045,0.98145485,1.7595748,9.635616
5.6212864,5.096507,-6.2796917,-0.49081135,1.912668,0.21817207,0.9837419,1.7169704,9.630422
5.499182,5.0151043,-6.2294135,-0.53151274,1.9150622,0.28281593,0.9632536,1.7575327,9.691872
5.8631005,5.376629,-6.9213376,-0.5352537,1.893664,0.28760433,0.94525266,1.7468462,9.705535
5.8247933,5.165939,-6.866271,-0.5472247,1.8864813,0.25408554,0.92806196,1.7446667,9.673627
5.2190604,4.926519,-6.1839237,-0.52896893,1.8369513,0.19901848,0.8997676,1.689572,9.634617
5.211878,5.0749593,-6.2629323,-0.4954501,1.8297687,0.26605606,0.9261919,1.6720439,9.702908
5.547066,5.2425537,-6.698677,-0.45415014,1.8715175,0.24226284,0.9810953,1.6698455,9.677827
5.494394,5.1755157,-6.2892685,-0.511611,1.8451813,0.22071552,0.919359,1.6877027,9.6596775
5.223849,5.070171,-5.9899936,-0.48707044,1.836652,0.2377739,0.9320539,1.6682875,9.683473
5.118504,5.1228433,-6.380248,-0.50382984,1.8270752,0.18988991,0.90838766,1.6656542,9.637664
5.458481,5.1946697,-6.5382657,-0.48826748,1.7875708,0.24765015,0.8970863,1.6371994,9.706812
5.439327,5.108478,-6.380248,-0.4667197,1.7971478,0.15667057,0.90976566,1.615007,9.616368
5.2094836,5.0510173,-5.9660516,-0.4902128,1.780089,0.24585533,0.8894915,1.6337303,9.710659
5.666776,5.5298576,-6.6675525,-0.5189432,1.7776948,0.17881775,0.86025184,1.641676,9.644273
5.6356516,5.3886,-6.380248,-0.4795885,1.745822,0.22251129,0.86983174,1.5997325,9.698527
5.0969563,5.0534115,-5.750573,-0.4724059,1.7170916,0.19138622,0.8522297,1.569762,9.673273
5.1328692,5.1731215,-5.956475,-0.51310736,1.7123032,0.1746273,0.8178518,1.5919585,9.656366
5.5638256,5.292832,-6.3754597,-0.4906617,1.7323546,0.17776966,0.84641135,1.5923879,9.660721
5.626075,5.1946697,-6.198289,-0.45145667,1.7097592,0.26261425,0.86604124,1.5630679,9.753239
5.312434,5.185093,-5.8607063,-0.43709147,1.7001824,0.20515347,0.86423916,1.5379287,9.698791
5.568614,5.2617073,-6.4903817,-0.42691612,1.6804303,0.18719673,0.85473204,1.5154685,9.688507
5.7649384,5.1803045,-6.4855933,-0.48437697,1.6756419,0.17761993,0.80888075,1.5502199,9.678193
5.630863,5.082142,-6.200683,-0.45744216,1.6584336,0.18121147,0.81537414,1.5211413,9.689148
5.64044,5.0893245,-5.97084,-0.44786537,1.6680104,0.22191334,0.83276826,1.5272177,9.727885
5.8726773,5.2736783,-6.3874307,-0.4734534,1.638831,0.232687,0.79355866,1.5266654,9.7464075
6.1815295,5.2234,-6.7178307,-0.46866497,1.6555905,0.2542343,0.81049407,1.538384,9.764954
5.484817,4.8139915,-6.2318077,-0.48273093,1.619827,0.17911625,0.76717335,1.5129532,9.699923
5.4512978,4.9720087,-6.2892685,-0.43724108,1.6341923,0.17672253,0.8097966,1.491678,9.696452
6.018724,5.1731215,-6.7178307,-0.4798878,1.5837644,0.18764591,0.7438989,1.4874681,9.717907
6.0737906,5.156362,-6.4353147,-0.42960957,1.6005238,0.10145378,0.78387564,1.4530766,9.631554
5.7290254,5.0510173,-6.1671643,-0.43110597,1.5982794,0.14125824,0.7828147,1.4594724,9.674507
5.6117096,5.0390463,-6.3515177,-0.44307697,1.583914,0.18435383,0.76829946,1.4632623,9.719025
5.6452284,4.9720087,-6.4616513,-0.45938742,1.5575778,0.17387867,0.73594284,1.4551566,9.715892
5.590162,5.0055275,-6.320393,-0.4115034,1.5456069,0.17627335,0.7629943,1.4141773,9.721445
5.542278,5.1036897,-6.444892,-0.45415014,1.6014217,0.14679432,0.76497483,1.4807149,9.685588
5.532701,5.379023,-6.7728972,-0.49006313,1.5870565,0.2186203,0.73544407,1.5044755,9.757827
5.956475,5.319168,-6.892607,-0.41045594,1.4870986,0.12449837,0.7156416,1.3670145,9.685976
5.5518546,5.1635447,-6.320393,-0.4559458,1.5278,0.16041183,0.7130383,1.4320486,9.713896
5.240608,5.0917187,-6.1958947,-0.41733927,1.5122375,0.17432785,0.73011225,1.3975317,9.73397
5.38426,5.118055,-6.698677,-0.40297407,1.5289971,0.15996265,0.75069267,1.3979801,9.717544
5.2693386,4.9480667,-6.4209495,-0.45534724,1.5322891,0.118662834,0.70911837,1.4317744,9.678085
5.1376576,4.878635,-6.128857,-0.4002806,1.5251065,0.1402111,0.7465337,1.3919591,9.701815
5.300463,5.1252375,-6.258144,-0.42646718,1.4689924,0.14933872,0.68844247,1.3714819,9.72169
5.590162,5.1012955,-6.4089785,-0.40013096,1.4689924,0.15891552,0.70860386,1.3548393,9.731782
5.530307,5.096507,-6.004359,-0.38322192,1.4013562,0.17761993,0.675292,1.2978235,9.763711
5.432144,5.1587563,-5.8966193,-0.40955812,1.3941736,0.16564846,0.65008473,1.308946,9.752336
5.700295,5.3239565,-6.4999585,-0.41150343,1.4534302,0.15577316,0.685429,1.3532666,9.736465
5.64044,5.2138233,-6.5693903,-0.3684078,1.4342765,0.119859695,0.7013245,1.3057632,9.704769
4.9700637,4.8403277,-6.1360397,-0.4141969,1.4100351,0.16744518,0.6537351,1.3258853,9.7571
4.7426143,4.8499045,-6.1719527,-0.37349546,1.4411598,0.066887856,0.6963386,1.3087136,9.654012
5.571008,5.1252375,-6.590938,-0.39728785,1.3953706,0.16011238,0.6536859,1.3040569,9.754968
5.9109845,5.165939,-6.2030773,-0.41404724,1.376217,0.081103325,0.6220654,1.2918195,9.679202
5.750573,5.0893245,-5.7529674,-0.37559038,1.4073417,0.12405014,0.67273843,1.2950332,9.720674
5.5374894,5.096507,-6.0953383,-0.37559038,1.3977648,0.05940628,0.66114616,1.2803029,9.65807
5.64044,5.108478,-6.626851,-0.3728969,1.4127287,0.19108677,0.68120074,1.3065301,9.788839
5.64044,5.0174985,-6.3754597,-0.3944447,1.3744214,0.11207867,0.63341683,1.2836244,9.715586
5.369895,4.9696145,-6.028301,-0.3776853,1.3388076,0.1526308,0.62321603,1.2522388,9.763676
5.568614,5.1755157,-6.672341,-0.39683893,1.331625,0.11192894,0.6010319,1.2550538,9.723989
6.004359,5.2521305,-7.160758,-0.42302552,1.3443443,0.14080906,0.590002,1.2864788,9.752626
5.606921,4.964826,-6.3036337,-0.42302552,1.3371617,0.26530743,0.5948711,1.2955779,9.876904
5.056255,4.756531,-5.7553616,-0.38441902,1.3503298,0.12659359,0.61901474,1.2647916,9.740856
5.666776,5.1587563,-6.5023527,-0.36526537,1.3575124,0.09068012,0.6352898,1.253199,9.704677
6.3395467,5.376629,-7.151181,-0.3748422,1.3292309,0.20560169,0.6158492,1.2530112,9.824689
5.867889,5.046229,-6.555025,-0.33174658,1.283741,0.13856411,0.6128105,1.1832128,9.765195
5.11611,4.8020205,-6.2174425,-0.37499183,1.2681787,0.028730392,0.5598913,1.1894096,9.659758
5.130475,4.9097595,-6.732196,-0.36302084,1.2945149,0.06943226,0.58927166,1.2054422,9.6968155
5.6356516,4.9001827,-7.088932,-0.28670564,1.2722188,0.1415577,0.6348364,1.1474985,9.7747755
5.554249,4.809203,-6.6292453,-0.3513491,1.274613,0.15113449,0.58875763,1.1932002,9.782795
5.238214,4.782867,-6.272509,-0.36421794,1.2259809,0.06524181,0.5391534,1.1572015,9.705896
5.5398836,5.13242,-6.6460047,-0.3474585,1.297807,0.14664459,0.60493463,1.2082001,9.777578
5.9516864,5.1731215,-6.8351464,-0.37424365,1.2400469,0.12315178,0.54298764,1.1816244,9.763316
5.381866,4.7804728,-6.1719527,-0.31917703,1.2113165,0.13272858,0.5661135,1.1249206,9.777435
4.9604864,4.500351,-6.0115414,-0.3700538,1.2398971,0.14275455,0.54543597,1.1818178,9.784874
5.3291936,4.797232,-6.78008,-0.35329437,1.1920131,0.09487057,0.5232097,1.1300517,9.74373
5.642834,4.8618755,-6.930915,-0.34431612,1.2035352,0.07377148,0.5339689,1.1315769,9.723466
5.626075,4.7517424,-6.5478425,-0.36825815,1.2083236,0.10250187,0.5211045,1.1539185,9.750978
5.5135474,4.77329,-6.3036337,-0.3453636,1.1938088,0.122104645,0.5285788,1.1309044,9.774601
5.4776344,4.842722,-6.648399,-0.338181,1.2057798,0.13646984,0.5428147,1.1366099,9.787487
5.688324,4.845116,-6.4233437,-0.30556,1.2032361,0.1418562,0.56425494,1.1147925,9.7955265
5.319617,4.6487913,-5.9756284,-0.2959832,1.1170448,0.1418562,0.51524216,1.0440518,9.8062105
5.403414,4.6631565,-6.004359,-0.3230676,1.1867759,0.13048363,0.5373909,1.1138656,9.787853
5.774515,4.8738465,-6.710648,-0.3326444,1.1628338,0.08259964,0.5113152,1.0973529,9.743073
5.961263,4.9241247,-6.978799,-0.3429694,1.1082162,0.061650276,0.46457618,1.0620488,9.730501
5.542278,4.6655507,-6.5717845,-0.32381576,1.1393408,0.07122707,0.49994472,1.0738608,9.736572
5.046678,4.586542,-6.3227873,-0.32501286,1.1472715,0.1797142,0.50962555,1.0922302,9.845016
5.3387704,4.7301946,-6.7657146,-0.3465607,1.1544541,0.050427437,0.48938772,1.0989146,9.71549
5.8056397,4.940884,-7.002741,-0.30496144,1.1598412,0.024840355,0.52134866,1.0741814,9.69175
5.8032455,4.7661076,-6.2294135,-0.32650924,1.1478702,0.13018513,0.50412846,1.0894653,9.7974615
5.4465094,4.794838,-6.004359,-0.34416652,1.101183,0.06868458,0.45431367,1.0608294,9.743265
5.4465094,4.794838,-6.004359,-0.3321955,1.0940005,0.15726948,0.46450064,1.0561755,9.832241
5.748179,4.952855,-6.6699467,-0.31408933,1.0808324,0.098311424,0.46393847,1.0297581,9.776958
5.8846483,4.8762407,-6.744167,-0.35239655,1.1167454,0.10309982,0.45822188,1.0821738,9.777121
5.403414,4.696676,-6.2796917,-0.2864064,1.0676643,0.13497353,0.47693178,1.0062722,9.816903
5.35553,4.869058,-6.456863,-0.3127426,1.0437223,0.029628754,0.43478802,0.9952538,9.714595
6.009147,5.1826987,-6.8734536,-0.3096002,1.0648211,0.14320278,0.45625508,1.0206063,9.82648
5.417779,4.8283567,-6.1336455,-0.29523498,1.0743979,0.0713768,0.4689004,1.0119209,9.754219
5.034707,4.696676,-6.030695,-0.327856,1.0423756,0.12255287,0.42488825,1.0141575,9.8097515
5.903802,5.0318637,-6.8471174,-0.32067338,1.0830771,0.043543816,-1.0692948,-0.35782042,9.726836
5.903802,5.0318637,-6.8471174,-0.30256724,1.0821792,0.092326164,0.46574825,1.0263518,9.777222
5.7290254,4.8475103,-6.102521,-0.29777884,1.0366893,0.113874435,0.44164068,0.9906104,9.80364
5.4776344,4.8618755,-6.1671643,-0.26515782,1.0333973,0.057311058,0.45888004,0.963165,9.749681
5.7529674,4.9815855,-7.0195003,-0.33219546,1.0190321,0.12674332,-1.0618465,-0.19277297,9.81949
5.8391585,4.806809,-6.6412163,-0.31917703,1.1050737,0.08230114,0.46245807,1.0556756,9.767714
5.470452,4.658368,-6.066608,-0.26725277,1.013645,0.14320374,0.44530642,0.9591671,9.83994
5.470452,4.658368,-6.066608,-0.2888006,0.9992799,0.08095455,0.41593048,0.9564386,9.779316
5.444115,4.8044147,-6.236596,-0.2911948,1.0327988,0.13602066,-1.0295868,-0.33068022,9.830535
6.033089,4.926519,-6.851906,-0.2617162,0.96082306,0.098911285,0.41173568,0.91209567,9.802668
6.033089,4.926519,-6.851906,-0.3119944,1.0015244,0.1348238,0.40075728,0.9783801,9.8336525
5.1711764,4.6392145,-6.0019646,-0.3131915,0.9774329,0.023343086,0.37589622,0.9520079,9.7266445
5.1711764,4.6392145,-6.0019646,-0.3179799,0.9989807,0.14065933,0.39251047,0.9816336,9.8410845
5.946898,5.094113,-6.7609262,-0.24286184,0.9849147,0.1179142,0.4384853,0.9221926,9.821882
5.535095,4.845116,-6.2796917,-0.31364042,0.947206,0.04010296,0.3532802,0.93222165,9.748841
5.1951184,4.857087,-6.2868743,-0.2681506,0.98790747,0.13826561,0.41964033,0.9431697,9.842854
5.630863,4.950461,-6.851906,-0.23089081,0.9457097,0.113126755,0.41821334,0.88616234,9.823632
5.630863,4.950461,-6.851906,-0.25722703,0.9504981,0.086790085,0.39925817,0.9042342,9.7967205
5.642834,4.8020205,-6.6891003,-0.28999767,0.9461586,0.12404919,0.37109026,0.92530084,9.835036
5.7649384,5.0270753,-6.7848682,-0.27084407,0.9605238,0.13602066,0.3956387,0.9254179,9.845709
5.8774657,5.0198927,-6.7992334,-0.22011691,0.9350854,0.1587658,0.41879004,0.8765371,9.87249
5.3052516,4.7756844,-6.234202,-0.27757776,0.9207202,0.029478073,0.358004,0.8908692,9.744729
5.3052516,4.7756844,-6.234202,-0.2789245,0.95019877,0.064344406,0.3747498,0.9184484,9.777702
5.008371,4.7661076,-6.3874307,-0.25737667,0.9837176,0.057162285,0.41202325,0.9305507,9.767523
5.810428,4.952855,-6.8710594,-0.2590227,0.9057565,0.13751698,0.36453858,0.87810045,9.856027
5.3172226,4.756531,-5.939715,-0.24944589,0.9081507,0.065690994,0.36974138,0.86837584,9.784369
5.3986254,4.974403,-6.116886,-0.26515785,0.9165303,0.11970997,0.3629225,0.88991123,9.838356
5.68593,5.0677767,-6.5239005,-0.23403323,0.95244336,0.10534477,0.40876684,0.8976192,9.820928
5.68593,5.0677767,-6.5239005,-0.2650082,0.8768764,0.075567245,0.3347746,0.8559926,9.7991705
5.2908864,4.725406,-6.459257,-0.29134443,0.8912416,0.063596725,0.32227483,0.8825779,9.785746
5.1448402,4.713435,-6.4999585,-0.25737667,0.8972271,0.009875298,0.34800115,0.8630424,9.733036
5.6212864,4.986374,-6.7752914,-0.22625206,0.93074596,0.11522102,0.39844686,0.878169,9.835096
5.930138,5.0773535,-6.818387,-0.23074119,0.8508394,0.10474682,0.34350127,0.8182028,9.832821
5.415385,4.8499045,-6.186318,-0.2546832,0.9106944,0.11671734,0.36180994,0.880838,9.839206
5.128081,4.782867,-6.200683,-0.240318,0.9106944,0.09517002,0.37206957,0.8704082,9.817838
5.8128223,5.0989013,-6.866271,-0.2611176,0.8280945,0.09651661,0.30306223,0.8191165,9.827541
5.949292,5.0031333,-6.6914945,-0.2563292,0.84485394,0.036661148,0.31409854,0.8249606,9.766463
5.4776344,4.746954,-6.2988453,-0.23178865,0.8632594,0.10758972,0.3459818,0.8306098,9.836576
5.4776344,4.746954,-6.2988453,-0.24136546,0.8369232,0.13871384,0.32391447,0.8179314,9.869838
5.638046,4.9001827,-6.902184,-0.24361002,0.8267478,0.080355644,0.3113727,0.8076589,9.813506
5.676353,4.8379335,-6.7274075,-0.24839842,0.8243536,0.08514404,0.3063516,0.80902183,9.818459
5.571008,4.7182236,-6.306028,-0.2053028,0.8267478,0.1689415,0.3460809,0.79077303,9.901966
5.3291936,4.6535797,-6.080973,-0.22909518,0.8264485,0.069880486,0.32036224,0.79859066,9.804105
5.523124,4.8020205,-6.3275757,-0.24106617,0.79053545,0.108187675,0.2909777,0.78012556,9.845288
5.8415527,4.93849,-6.892607,-0.23328502,0.81941557,0.057012558,0.30986527,0.7955542,9.792806
5.391443,4.7637134,-6.4377093,-0.2069488,0.83856916,0.083348274,0.34363416,0.7967242,9.817551
5.1615996,4.794838,-6.380248,-0.2733879,0.80699563,0.010773659,0.26579857,0.8075087,9.748385
5.6571994,4.914548,-6.626851,-0.2733879,0.80699563,0.010773659,0.26579857,0.8075087,9.748385
5.843947,4.964826,-6.492776,-0.21787235,0.7782652,0.072125435,0.29376695,0.75632405,9.813097
5.42975,4.8738465,-6.1958947,-0.28281507,0.768838,0.040252686,0.23307393,0.7860145,9.7825985
5.42975,4.8738465,-6.1958947,-0.18405426,0.7763199,0.0682354,0.31561294,0.7359164,9.811053
5.331588,4.914548,-6.504747,-0.22714987,0.75716627,0.11372471,0.27166197,0.7492703,9.8577795
5.494394,4.902577,-6.5981207,-0.20320788,0.75956047,0.07541752,0.29059973,0.7343688,9.819495
5.463269,4.68231,-6.4760165,-0.24615386,0.7790134,0.02439022,0.26330483,0.77279377,9.767693
5.463269,4.68231,-6.4760165,-0.22221184,0.8053496,0.03875637,0.29879436,0.7806955,9.779991
5.5494604,4.8235683,-6.543054,-0.20530279,0.7983166,0.090681076,0.30850238,0.7692835,9.833185
5.642834,4.9097595,-6.636428,-0.22685061,0.7480384,0.083498,0.2611858,0.7410997,9.8299265
5.786486,4.9241247,-6.7130423,-0.20530279,0.7528268,0.10504627,0.28234294,0.7336399,9.851099
5.379472,4.7924438,-6.3227873,-0.20530279,0.7528268,0.10504627,0.28234294,0.7336399,9.851099
5.252579,4.794838,-6.732196,-0.20530279,0.7528268,0.10504627,0.28234294,0.7336399,9.851099
5.7409964,4.9432783,-6.9620395,-0.21727382,0.75252753,0.019153595,0.26268104,0.7371307,9.767669
5.532701,4.8355393,-6.246173,-0.25079262,0.75971013,0.05985546,0.24138254,0.76509655,9.807619
5.5997386,4.950461,-6.416161,-0.21727382,0.71900874,0.045490265,0.24427964,0.71167254,9.796485
5.7314196,4.9360957,-6.7776856,-0.22161329,0.7080852,0.059106827,0.2325095,0.7070394,9.811662
5.56622,4.761319,-6.6891003,-0.21682489,0.729633,-0.015113831,0.24577774,0.7170899,9.736038
5.298069,4.7062526,-6.5981207,-0.17133506,0.6964134,0.010474205,0.262759,0.66608655,9.764906
5.3267994,4.8139915,-6.456863,-0.21203649,0.7667431,0.033818245,0.26893455,0.7490932,9.783551
5.820005,5.0174985,-6.6196685,-0.20964229,0.7140707,0.045788765,0.24109884,0.7055228,9.799369
5.9349265,5.0558057,-6.6699467,-0.21158758,0.6971616,0.0041894913,0.22808304,0.6903218,9.759123
5.4512978,4.8499045,-6.4784107,-0.1925836,0.72469497,0.084994316,0.26070276,0.70747423,9.838364
5.2693386,4.8139915,-6.356306,-0.2021604,0.7127239,0.09457111,0.24639423,0.7037746,9.848771
5.3291936,4.8163857,-6.4329205,-0.197372,0.696563,0.0341177,0.23643975,0.6849467,9.790293
5.7912745,4.9193363,-6.5119295,-0.18764557,0.6860884,0.052672386,0.2368988,0.6727319,9.810199
5.6332574,4.8355393,-6.3610945,-0.24989481,0.72439563,0.102950096,0.20940873,0.7425232,9.857567
5.6332574,4.8355393,-6.3610945,-0.18255787,0.6681319,-0.01496315,0.22585945,0.6520009,9.744638
5.494394,4.8403277,-6.602909,-0.15382746,0.6370073,0.013767242,0.23311257,0.611821,9.775502
5.463269,4.68231,-6.49517,-0.24720132,0.69925654,0.08559322,-0.7442017,0.047440387,9.842715
5.4656634,4.658368,-6.444892,-0.18959084,0.676362,0.10414791,0.22689538,0.6704708,9.863518
5.4800286,4.770896,-6.320393,-0.18480244,0.68833303,0.09935951,0.2373884,0.67737424,9.857914
5.4800286,4.770896,-6.320393,-0.18719664,0.66124856,0.0341177,0.21538846,0.6534043,9.795338
5.76015,4.9600377,-6.6555815,-0.18270752,0.6748656,0.02888012,0.22442952,0.66257626,9.789675
5.405808,4.782867,-6.4233437,-0.20425533,0.63655835,0.026486397,0.18515405,0.6427047,9.789877
5.343559,4.8139915,-6.3754597,-0.2021604,0.626383,0.06898308,0.18080394,0.63605386,9.833583
5.3531356,4.8618755,-6.578967,-0.16624738,0.6359598,0.10010719,0.21714817,0.6258246,9.86399
5.3531356,4.8618755,-6.578967,-0.16624738,0.6239888,0.095318794,0.21034819,0.615618,9.860013
5.6452284,4.866664,-6.3634887,-0.20006548,0.62817866,0.06853485,0.1814406,0.636933,9.833491
5.47524,4.854693,-6.152799,-0.2287959,0.63536125,0.037409782,0.1602871,0.6570528,9.801971
5.523124,4.881029,-6.566996,-0.17133506,0.62578446,0.099658966,0.20522991,0.6207983,9.864695
5.5255184,4.8283567,-6.7250133,-0.14993688,0.65660983,0.07990646,0.23703334,0.63439095,9.843586
5.5255184,4.8283567,-6.7250133,-0.18614918,0.60827684,0.09382248,0.17865416,0.61527467,9.861123
5.427356,4.77329,-6.528689,-0.18614918,0.60827684,0.09382248,0.17865416,0.61527467,9.861123
5.52073,4.749348,-6.270115,-0.1985691,0.58418524,0.026335716,0.15079674,0.59878224,9.7958
5.8008513,4.8977885,-6.4736223,-0.12195466,0.6536171,0.052672386,0.25369027,0.6167517,9.817576
5.9516864,4.986374,-6.866271,-0.19767128,0.6028899,0.015861511,0.15782587,0.61435604,9.785096
5.5973444,4.8139915,-6.648399,-0.15696985,0.5957073,0.08768749,0.19075873,0.5901202,9.857174
5.379472,4.7301946,-6.6555815,-0.18375498,0.5958569,0.09681511,0.16641293,0.6056905,9.866796
5.8271875,4.8499045,-6.6172743,-0.20530279,0.60782796,0.08484459,0.154197,0.62670565,9.854145
5.7314196,4.809203,-6.3587003,-0.19812019,0.62219316,0.056114197,0.16695328,0.6335031,9.824574
5.523124,4.857087,-6.270115,-0.15278,0.63655835,0.074819565,0.211008,0.6231436,9.842807
5.571008,4.9001827,-6.624457,-0.18210897,0.62458736,0.021697998,0.1759619,0.62653077,9.791071
5.580585,4.854693,-6.746561,-0.19886838,0.60543376,0.040851593,0.15226805,0.620128,9.811374
5.5374894,4.725406,-6.4855933,-0.14185646,0.5360019,0.038007736,0.16195858,0.5315956,9.813041
5.420173,4.8977885,-6.543054,-0.16340427,0.59106857,0.05476761,0.17309102,0.59051156,9.8265505
5.592556,4.854693,-6.6555815,-0.19931729,0.59825116,0.038007736,0.14576255,0.6146719,9.809472
5.592556,4.854693,-6.6555815,-0.166397,0.57281274,0.05207348,0.15871705,0.57703674,9.825283
5.709872,4.964826,-6.686706,-0.18555063,0.5776012,0.023343086,0.14394793,0.58972263,9.796367
5.506365,4.9097595,-6.6699467,-0.18629882,0.58313775,0.054019928,0.14522584,0.59679306,9.827157
5.518336,4.902577,-6.7609262,-0.15278,0.5496189,0.113874435,0.1583989,0.55366814,9.888771
5.393837,4.9193363,-6.8016276,-0.1678934,0.5858312,0.099209785,0.16179016,0.59220725,9.872419
5.439327,4.93849,-6.6771293,-0.13721769,0.5641338,0.10594368,0.17468493,0.5588136,9.88079
5.458481,5.0151043,-6.3156047,-0.18270752,0.5090672,0.06763649,0.10622105,0.5331818,9.845793
5.559037,5.0390463,-6.1480107,-0.18270752,0.5090672,0.06763649,0.10622105,0.5331818,9.845793
5.5398836,5.034258,-6.2868743,-0.15442601,0.5553052,0.07436943,0.1521516,0.5591826,9.85031
5.487211,5.0294695,-6.4353147,-0.17357962,0.5457283,0.060004234,0.13035308,0.5600561,9.836562
5.31004,4.8882117,-6.49517,-0.19303252,0.58194065,0.054917336,0.12918068,0.60141546,9.829889
5.3172226,5.0198927,-6.4975643,-0.15502456,0.53226095,-0.02917862,0.13175456,0.536195,9.748876
5.554249,5.096507,-6.3587003,-0.11671734,0.52747256,0.061800957,0.16525438,0.5169615,9.839846
5.602133,5.0869303,-6.188712,-0.14589667,0.5210381,0.04219818,0.13391411,0.5257389,9.821204
5.6595936,5.209035,-6.2174425,-0.15786767,0.5377976,0.032621384,0.13158219,0.54578507,9.810782
5.6093154,5.156362,-6.4089785,-0.16774374,0.48826754,0.022745132,0.09559932,0.5078526,9.8039465
5.6093154,5.156362,-6.4089785,-0.14859015,0.5265748,0.013168335,0.13085762,0.5312296,9.792268
5.393837,5.1587563,-6.3156047,-0.1635539,0.52747256,0.07272339,0.117686324,0.54253256,9.852095
5.523124,5.1396027,-6.392219,-0.13961188,0.51789576,0.015262604,0.1321802,0.51994056,9.795118
5.559037,5.1635447,-6.294057,-0.1635539,0.5155015,0.0344162,0.11070328,0.53043216,9.81447
5.5877676,5.0773535,-6.1719527,-0.1635539,0.5155015,0.0344162,0.11070328,0.53043216,9.81447
5.518336,5.1108723,-6.0474544,-0.17178397,0.55096567,0.08170223,0.11697998,0.5684536,9.860594
5.518336,5.1108723,-6.0474544,-0.114323124,0.4504092,0.10085583,0.11948185,0.4535781,9.884626
5.499182,5.168333,-6.0857615,-0.114323124,0.4504092,0.10085583,0.11948185,0.4535781,9.884626
5.499182,5.168333,-6.0857615,-0.08155249,0.49963996,0.055067062,0.1685117,0.47961023,9.836544
5.499182,5.168333,-6.0857615,-0.1731307,0.5030816,0.0140657425,0.08601653,0.5251263,9.796194
5.499182,5.168333,-6.0857615,-0.1563713,0.4743512,0.076314926,0.08892239,0.49451748,9.859723
5.76015,5.3215623,-6.2557497,-0.1141735,0.4997896,0.07362175,0.13592654,0.4973278,9.855886
5.532701,5.2162175,-5.985205,-0.15008652,0.5021838,0.028131485,0.10409655,0.51444536,9.8105135
5.499182,5.2377653,-6.0977325,-0.15786768,0.47195703,0.07092857,0.081834994,0.4935985,9.855126
5.4512978,5.1467853,-6.4065843,-0.13392566,0.49829325,0.056563377,0.11487726,0.50513136,9.839366
5.470452,5.084536,-6.260538,-0.13946226,0.4424784,0.03711033,0.08126335,0.45797452,9.823009
5.4776344,5.106084,-6.2677207,-0.13946226,0.4424784,0.03711033,0.08126335,0.45797452,9.823009
5.59495,5.1707273,-6.296451,-0.13946226,0.4424784,0.03711033,0.08126335,0.45797452,9.823009
5.6955066,5.2281885,-6.392219,-0.13946226,0.4424784,0.03711033,0.08126335,0.45797452,9.823009
5.642834,5.1228433,-6.341941,-0.13946226,0.4424784,0.03711033,0.08126335,0.45797452,9.823009
5.7529674,5.209035,-6.5334773,0.17537498,0.30391407,-0.13033438,0.1595927,0.03410401,10.143489
5.614104,5.13242,-6.4975643,0.032620907,0.2401681,-0.087986946,0.0,0.0,0.0
5.5398836,5.072565,-6.4185553,-0.041599274,0.18031311,-0.00897789,0.0,0.0,0.0
5.499182,5.0869303,-6.080973,-0.08185148,0.1864481,0.32261848,0.0,0.0,0.0
5.52073,5.0031333,-5.867889,-0.060303688,0.10265112,0.5357027,0.0,0.0,0.0
5.676353,5.130026,-6.0713964,0.09142876,0.21727371,0.3193264,0.0,0.0,0.0
5.6452284,5.0582,-6.2078657,0.060304165,0.14544773,0.18285704,0.0,0.0,0.0
5.606921,5.010316,-6.2749033,0.020350933,0.10205269,0.11791468,0.0,0.0,0.0
5.5039706,4.9360957,-6.332364,-0.08259964,0.027832508,0.06045389,0.0,0.0,0.0
5.5734024,4.9552493,-6.447286,-0.008678913,0.055216312,-0.0441432,0.0,0.0,0.0
5.618892,5.0151043,-6.2868743,0.036810875,0.1150713,0.116268635,0.0,0.0,0.0
5.650017,5.082142,-6.0474544,0.06494284,0.18315649,0.3538928,0.0,0.0,0.0
5.733814,5.106084,-6.030695,0.14873981,0.20709848,0.3706522,0.0,0.0,0.0
5.6955066,5.096507,-6.152799,0.1078887,0.19557619,0.24480724,0.0,0.0,0.0
5.7529674,5.1396027,-6.212654,0.16534948,0.23867178,0.18495226,0.0,0.0,0.0
5.568614,5.108478,-6.21026,-0.016909122,0.21128798,0.19198513,0.0,0.0,0.0
5.6955066,5.141997,-6.353912,0.109983444,0.24480677,0.048333168,0.0,0.0,0.0
5.511153,5.118055,-6.270115,-0.06643915,0.22161293,0.1396122,0.0,0.0,0.0
5.47524,5.0869303,-6.2198367,-0.10235214,0.19048834,0.18989038,0.0,0.0,0.0
5.661988,5.0653825,-6.4065843,0.08858538,0.1696887,0.007332325,0.0,0.0,0.0
5.568614,4.8858175,-6.021118,-0.0047883987,-0.009876251,0.39279842,0.0,0.0,0.0
5.6715646,5.0055275,-6.0139356,0.09487009,0.10923529,0.39668894,0.0,0.0,0.0
5.891831,5.2425537,-6.4903817,0.31513643,0.3462615,-0.07975721,0.0,0.0,0.0
5.83437,5.1803045,-6.602909,0.2575264,0.29747963,-0.18210888,0.0,0.0,0.0
5.626075,5.1108723,-6.480805,0.049231052,0.22804737,-0.06000471,0.0,0.0,0.0
5.3028574,4.9815855,-6.308422,-0.26022005,0.101005554,0.12599516,0.0,0.0,0.0
5.4776344,4.9839797,-6.3347583,-0.08544302,0.10339975,0.099658966,0.0,0.0,0.0
5.726631,5.0151043,-6.3012395,0.16490078,0.13482332,0.13452435,0.0,0.0,0.0
5.726631,5.0151043,-6.3012395,0.16490078,0.13482332,0.13452435,0.0,0.0,0.0
5.7194486,5.1755157,-6.3012395,0.15188217,0.2958331,0.1300354,0.0,0.0,0.0
5.71466,5.1755157,-6.270115,0.14709377,0.2958331,0.16115999,0.0,0.0,0.0
5.331588,4.9959507,-6.1815295,-0.22670126,0.11477184,0.2566285,0.0,0.0,0.0
5.2693386,4.878635,-6.2078657,-0.28895044,-0.0025439262,0.23029232,0.0,0.0,0.0
5.7074776,5.0653825,-6.7178307,0.1592145,0.18869305,-0.26770163,0.0,0.0,0.0
5.697901,4.964826,-6.4185553,0.1496377,0.08813667,0.031573772,0.0,0.0,0.0
5.76015,4.988768,-6.1551933,0.20560217,0.1203084,0.2958336,0.0,0.0,0.0
5.7649384,5.209035,-6.368277,0.21039057,0.34057522,0.08274984,0.0,0.0,0.0
5.6835356,5.1012955,-6.413767,0.12913704,0.23328495,0.03770876,0.0,0.0,0.0
5.544672,5.0749593,-6.2892685,-0.009726524,0.20694876,0.16220713,0.0,0.0,0.0
5.3627124,4.9720087,-6.3036337,-0.18166018,0.10205269,0.15502453,0.0,0.0,0.0
5.602133,4.9815855,-6.306028,0.05776024,0.111629486,0.15263033,0.0,0.0,0.0
5.5877676,4.964826,-6.186318,0.048033714,0.09247589,0.27443552,0.0,0.0,0.0
5.68593,5.168333,-6.3515177,0.14888954,0.29373837,0.109834194,0.0,0.0,0.0
5.7170544,5.1252375,-6.564602,0.18001413,0.25064278,-0.10325003,0.0,0.0,0.0
5.7577558,5.2305827,-6.6460047,0.22071552,0.35598803,-0.1846528,0.0,0.0,0.0
5.1496286,4.8882117,-5.7888803,-0.3821745,0.0095767975,0.67396784,0.0,0.0,0.0
5.357924,4.9911623,-5.992388,-0.1626563,0.08663988,0.4604349,0.0,0.0,0.0
5.642834,5.094113,-6.1839237,0.122253895,0.18959045,0.26889896,0.0,0.0,0.0
5.8391585,5.1036897,-6.3108163,0.31857824,0.19916725,0.1420064,0.0,0.0,0.0
5.472846,5.010316,-6.5358715,-0.050278187,0.11417341,-0.07885933,0.0,0.0,0.0
5.5494604,5.082142,-6.6292453,0.036810875,0.19378042,-0.15741873,0.0,0.0,0.0
5.499182,4.9815855,-6.4377093,-0.013467312,0.09322405,0.03411722,0.0,0.0,0.0
5.47524,4.950461,-6.2150483,-0.03411722,0.05835867,0.25677824,0.0,0.0,0.0
5.4345384,4.976797,-6.021118,-0.07481909,0.08469486,0.4507084,0.0,0.0,0.0
5.606921,5.0414405,-6.018724,0.09412193,0.14035988,0.44337606,0.0,0.0,0.0
5.870283,5.1731215,-6.3874307,0.35748386,0.27204084,0.07466936,0.0,0.0,0.0
5.678747,5.0869303,-6.528689,0.16789341,0.19542646,-0.05776024,0.0,0.0,0.0
5.427356,5.0582,-6.7537436,-0.083498,0.16669607,-0.28281498,0.0,0.0,0.0
5.614104,5.2305827,-6.756138,0.11821365,0.34057522,-0.2712927,0.0,0.0,0.0
5.5039706,5.118055,-6.3874307,0.0080804825,0.22804737,0.09741449,0.0,0.0,0.0
5.4129906,4.974403,-6.1432223,-0.07811117,0.07287359,0.33698368,0.0,0.0,0.0
5.542278,5.17791,-6.1120977,0.05117607,0.27638054,0.36810827,0.0,0.0,0.0
5.559037,5.1826987,-6.004359,0.06584072,0.2666545,0.46297836,0.0,0.0,0.0
5.568614,5.283255,-6.3275757,0.07541752,0.36721087,0.13976145,0.0,0.0,0.0
5.5494604,5.271284,-6.3994017,0.06120205,0.3529954,0.07047939,0.0,0.0,0.0
5.5135474,5.1108723,-6.7728972,0.025289059,0.19258356,-0.3030162,0.0,0.0,0.0
5.2908864,5.0270753,-6.4401035,-0.18644857,0.11671734,0.045040607,0.0,0.0,0.0
5.2908864,5.046229,-6.317999,-0.18644857,0.13587093,0.16714525,0.0,0.0,0.0
5.5757966,5.2186117,-6.320393,0.10130501,0.29568434,0.15756845,0.0,0.0,0.0
5.8032455,5.295226,-6.2749033,0.32875395,0.37229872,0.20305824,0.0,0.0,0.0
5.738602,5.2976203,-6.152799,0.25019407,0.3697548,0.30960035,0.0,0.0,0.0
5.417779,5.0869303,-6.306028,-0.07062912,0.15906477,0.1563716,0.0,0.0,0.0
5.403414,5.0031333,-6.6172743,-0.079158306,0.077512264,-0.14814138,0.0,0.0,0.0
5.391443,4.964826,-6.7274075,-0.0911293,0.039205074,-0.25827456,0.0,0.0,0.0
5.204695,4.8834233,-6.648399,-0.2690482,-0.025438309,-0.15906477,0.0,0.0,0.0
5.259762,4.9935565,-6.4329205,-0.21398163,0.08469486,0.05641365,0.0,0.0,0.0
5.661988,5.197064,-6.3371525,0.17971468,0.28565836,0.14290428,0.0,0.0,0.0
5.855918,5.235371,-5.918167,0.37364483,0.32396555,0.56188965,0.0,0.0,0.0
5.702689,5.1156607,-5.8056397,0.20500374,0.19542646,0.6546645,0.0,0.0,0.0
5.417779,5.0773535,-5.97084,-0.07990646,0.15711927,0.48946428,0.0,0.0,0.0
5.2549734,4.9791913,-6.698677,-0.22834682,0.06314707,-0.22281027,0.0,0.0,0.0
5.4010196,4.998345,-6.9524627,-0.08230066,0.08230066,-0.47659588,0.0,0.0,0.0
5.463269,5.024681,-6.842329,-0.020051003,0.108636856,-0.36646223,0.0,0.0,0.0
5.463269,5.024681,-6.842329,-0.020051003,0.108636856,-0.36646223,0.0,0.0,0.0
5.4105964,4.9073653,-5.994782,-0.07197571,0.0037407875,0.4909606,0.0,0.0,0.0
5.6571994,5.0414405,-6.1599817,0.15188217,0.13093281,0.30122042,0.0,0.0,0.0
5.324405,4.9097595,-6.49517,-0.18091202,-7.481575E-4,-0.03396797,0.0,0.0,0.0
5.463269,5.0510173,-6.839935,-0.032321453,0.15846634,-0.3567357,0.0,0.0,0.0
5.5494604,4.904971,-6.5598135,0.053869724,0.012420177,-0.07661438,0.0,0.0,0.0
5.427356,4.8594813,-6.2868743,-0.06823492,-0.03306961,0.19632483,0.0,0.0,0.0
5.638046,5.0510173,-6.1312513,0.13961172,0.15667057,0.3480568,0.0,0.0,0.0
5.9253497,5.17791,-6.1575875,0.42691565,0.28356314,0.3217206,0.0,0.0,0.0
5.7912745,5.1396027,-5.949292,0.27772713,0.23343468,0.5083189,0.0,0.0,0.0
5.661988,5.0773535,-6.21026,0.14844036,0.1711855,0.24735117,0.0,0.0,0.0
5.578191,5.1228433,-6.66037,0.07047939,0.21443033,-0.19946718,0.0,0.0,0.0
5.4129906,4.964826,-6.6460047,-0.09472084,0.056413174,-0.18510199,0.0,0.0,0.0
5.441721,4.9935565,-6.4544687,-0.05401945,0.093972206,0.023343086,0.0,0.0,0.0
5.580585,5.0174985,-6.3970075,0.08484459,0.1179142,0.08080435,0.0,0.0,0.0
5.688324,5.022287,-6.1360397,0.18974066,0.12255335,0.3390789,0.0,0.0,0.0
5.8535237,5.1898813,-6.1480107,0.3549404,0.29014778,0.3271079,0.0,0.0,0.0
5.5757966,5.1467853,-6.365883,0.07107782,0.24585438,0.1031003,0.0,0.0,0.0
5.5374894,5.1252375,-6.504747,0.032770634,0.22430658,-0.03576374,0.0,0.0,0.0
5.470452,5.0653825,-6.6340337,-0.025138855,0.16834211,-0.15427637,0.0,0.0,0.0
5.688324,5.1515737,-6.8351464,0.19273329,0.2545333,-0.35538912,0.0,0.0,0.0
5.4800286,5.1108723,-6.507141,-0.009427071,0.21966791,-0.01765728,0.0,0.0,0.0
5.204695,4.9480667,-6.042666,-0.28476048,0.056862354,0.44681787,0.0,0.0,0.0
5.8271875,5.2377653,-6.2078657,0.3395276,0.32486343,0.266654,0.0,0.0,0.0
5.8271875,5.2377653,-6.2078657,0.3395276,0.32486343,0.266654,0.0,0.0,0.0
5.83437,5.141997,-6.236596,0.33578682,0.23223734,0.23104048,0.0,0.0,0.0
5.417779,5.1491795,-6.5861497,-0.08080435,0.23941994,-0.11851311,0.0,0.0,0.0
5.4129906,5.1276317,-6.5334773,-0.075567245,0.22221184,-0.054169178,0.0,0.0,0.0
5.4129906,5.1276317,-6.5334773,-0.075567245,0.22221184,-0.054169178,0.0,0.0,0.0
5.2693386,4.8020205,-6.2174425,-0.21921921,-0.10339928,0.26186562,0.0,0.0,0.0
5.6835356,4.9839797,-6.3874307,0.20231009,0.07826042,0.0978632,0.0,0.0,0.0
5.8726773,5.0869303,-6.356306,0.3821745,0.18809414,0.12644386,0.0,0.0,0.0
5.8726773,5.0869303,-6.356306,0.3821745,0.18809414,0.12644386,0.0,0.0,0.0
5.4249616,5.034258,-6.2796917,-0.0710783,0.13721752,0.19961643,0.0,0.0,0.0
5.4512978,5.070171,-6.3874307,-0.035913467,0.16385317,0.09232664,0.0,0.0,0.0
5.5159416,5.0414405,-6.4424977,0.028730392,0.13512278,0.03725958,0.0,0.0,0.0
5.298069,4.9360957,-6.1719527,-0.18106174,0.020949364,0.30810404,0.0,0.0,0.0
5.2430024,4.9001827,-6.126463,-0.23612833,-0.014963627,0.35359383,0.0,0.0,0.0
5.8367643,5.1252375,-6.456863,0.35509014,0.20126247,0.014365196,0.0,0.0,0.0
5.733814,5.0629883,-5.992388,0.25213957,0.13901329,0.47884035,0.0,0.0,0.0
5.535095,5.0174985,-5.831976,0.048033714,0.08649063,0.6292262,0.0,0.0,0.0
5.6332574,5.1515737,-6.4233437,0.14619589,0.2205658,0.037858486,0.0,0.0,0.0
5.6332574,5.1515737,-6.4233437,0.14619589,0.2205658,0.037858486,0.0,0.0,0.0
5.453692,4.9073653,-6.32997,-0.02648592,-0.017357826,0.14185667,0.0,0.0,0.0
5.372289,4.964826,-6.3826423,-0.0983119,0.039205074,0.09666586,0.0,0.0,0.0
5.652411,5.1276317,-6.519112,0.1818099,0.20201063,-0.03980398,0.0,0.0,0.0
5.7194486,5.070171,-6.234202,0.24480724,0.14110804,0.23897123,0.0,0.0,0.0
5.7673326,5.084536,-6.1791353,0.29269123,0.15547323,0.29403782,0.0,0.0,0.0
5.7673326,5.084536,-6.1791353,0.29269123,0.15547323,0.29403782,0.0,0.0,0.0
5.7673326,5.084536,-6.1791353,0.29269123,0.15547323,0.29403782,0.0,0.0,0.0
5.724237,5.2521305,-6.4520745,0.25064278,0.3160348,0.016609669,0.0,0.0,0.0
5.554249,5.1946697,-6.815993,0.096815586,0.25124168,-0.33922815,0.0,0.0,0.0
5.470452,5.0534115,-6.4305263,0.023044586,0.111629486,0.05596447,0.0,0.0,0.0
5.393837,5.1396027,-6.3515177,-0.050128937,0.17851734,0.12315178,0.0,0.0,0.0
5.8176107,5.450849,-6.492776,0.37364483,0.48976374,-0.01810646,0.0,0.0,0.0
5.733814,5.2281885,-6.1958947,0.28131866,0.25737667,0.26396084,0.0,0.0,0.0
5.523124,5.211429,-6.0522428,0.07062912,0.24061728,0.4076128,0.0,0.0,0.0
5.4512978,5.2305827,-6.258144,-0.0011973381,0.25977087,0.20171165,0.0,0.0,0.0
5.288492,5.1156607,-6.3706713,-0.15622187,0.13422489,0.08768797,0.0,0.0,0.0
5.2070894,4.8953943,-6.308422,-0.23762465,-0.08604145,0.14993715,0.0,0.0,0.0
5.460875,5.046229,-6.588544,0.02394247,0.06359577,-0.124648094,0.0,0.0,0.0
5.530307,5.1491795,-6.6699467,0.09337425,0.16654634,-0.20605087,0.0,0.0,0.0
5.4680576,5.1012955,-6.2078657,0.02289486,0.12629414,0.2551322,0.0,0.0,0.0
5.666776,5.2736783,-6.176741,0.2216134,0.29867697,0.2862568,0.0,0.0,0.0
5.5973444,5.2138233,-6.3036337,0.1448493,0.23044205,0.14664507,0.0,0.0,0.0
5.1232924,4.8259625,-6.1456165,-0.32202005,-0.15397692,0.31334114,0.0,0.0,0.0
5.298069,4.9720087,-6.5358715,-0.1472435,-0.007930756,-0.07691383,0.0,0.0,0.0
5.4225674,5.036652,-6.830358,-0.020650387,0.079158306,-0.3523965,0.0,0.0,0.0
5.4225674,5.036652,-6.830358,-0.020650387,0.079158306,-0.3523965,0.0,0.0,0.0
5.3052516,4.916942,-6.258144,-0.13826513,-0.035613537,0.22325945,0.0,0.0,0.0
5.5518546,5.1012955,-6.2389903,0.10833788,0.14873981,0.24241304,0.0,0.0,0.0
5.530307,4.976797,-6.0737906,0.07766199,0.030226707,0.40462017,0.0,0.0,0.0
5.487211,4.9576435,-6.3491235,0.034566402,0.0110731125,0.12928724,0.0,0.0,0.0
5.3866544,4.9456725,-6.5239005,-0.062099934,0.012120724,-0.03232193,0.0,0.0,0.0
5.262156,4.770896,-6.5239005,-0.1865983,-0.16265583,-0.03232193,0.0,0.0,0.0
5.300463,4.737377,-6.516718,-0.13691854,-0.17717075,-0.0011973381,0.0,0.0,0.0
5.602133,4.9241247,-6.820781,0.16475105,0.0095767975,-0.30526066,0.0,0.0,0.0
5.568614,4.964826,-6.5023527,0.12674332,0.07436991,0.027533054,0.0,0.0,0.0
5.494394,4.8594813,-6.1839237,0.052523136,-0.030974865,0.34596205,0.0,0.0,0.0
5.76015,5.0534115,-6.377854,0.3097496,0.17283154,0.15233135,0.0,0.0,0.0
5.8128223,5.0438347,-6.7298017,0.362422,0.16325474,-0.19961643,0.0,0.0,0.0
5.8128223,5.0438347,-6.7298017,0.362422,0.16325474,-0.19961643,0.0,0.0,0.0
5.360318,4.8283567,-6.856694,-0.087388515,-0.030376434,-0.30795383,0.0,0.0,0.0
5.5494604,4.8594813,-7.091326,0.114472866,0.012719154,-0.523283,0.0,0.0,0.0
5.628469,4.806809,-6.3994017,0.19348145,-0.03995323,0.16864157,0.0,0.0,0.0
5.518336,4.81878,-6.2150483,0.08215141,-0.032770634,0.34850597,0.0,0.0,0.0
5.796063,5.010316,-6.624457,0.35987854,0.15876532,-0.060902596,0.0,0.0,0.0
5.652411,4.950461,-6.483199,0.21039057,0.09472036,0.07242441,0.0,0.0,0.0
5.381866,4.8163857,-6.389825,-0.060154438,-0.0393548,0.16579866,0.0,0.0,0.0
5.3507414,4.77329,-6.696283,-0.084395885,-0.0809536,-0.13392544,0.0,0.0,0.0
5.6595936,4.9073653,-6.9764047,0.22445631,0.053121567,-0.41404724,0.0,0.0,0.0
5.661988,4.8475103,-6.8112044,0.22700024,0.007332325,-0.2383728,0.0,0.0,0.0
5.460875,4.8044147,-6.5933323,0.02588749,-0.035763264,-0.02050066,0.0,0.0,0.0
5.6093154,4.928913,-6.6053033,0.17133522,0.08484459,-0.03770876,0.0,0.0,0.0
5.6093154,4.928913,-6.6053033,0.17133522,0.08484459,-0.03770876,0.0,0.0,0.0
5.5853734,4.830751,-6.0881557,0.13751698,-0.029179096,0.45953703,0.0,0.0,0.0
5.7074776,4.9193363,-6.353912,0.25962114,0.05940628,0.1937809,0.0,0.0,0.0
5.602133,4.8977885,-6.4544687,0.1496377,0.03830719,0.08963251,0.0,0.0,0.0
5.602133,4.8977885,-6.4544687,0.1496377,0.03830719,0.08963251,0.0,0.0,0.0
5.650017,4.881029,-6.7130423,0.2038064,0.023941994,-0.16190767,0.0,0.0,0.0
5.661988,4.902577,-6.7274075,0.2157774,0.045489788,-0.17627287,0.0,0.0,0.0
5.642834,4.8953943,-6.258144,0.19363117,0.045041084,0.29553413,0.0,0.0,0.0
5.3531356,4.797232,-6.104915,-0.09606743,-0.05312109,0.4487629,0.0,0.0,0.0
5.3172226,4.74456,-5.9516864,-0.13512278,-0.11836338,0.59002066,0.0,0.0,0.0
5.56622,4.749348,-6.222231,0.113874435,-0.11357498,0.31947613,0.0,0.0,0.0
5.652411,4.8235683,-6.456863,0.19632435,-0.038456917,0.08244991,0.0,0.0,0.0
5.772121,4.8522987,-6.7130423,0.31603432,-0.009726524,-0.17372942,0.0,0.0,0.0
5.5973444,4.794838,-6.832752,0.14125776,-0.043843746,-0.2762308,0.0,0.0,0.0
5.391443,4.708647,-6.4496803,-0.05776024,-0.12150574,0.118812084,0.0,0.0,0.0
5.3267994,4.701464,-6.428132,-0.12240362,-0.12868834,0.14036036,0.0,0.0,0.0
5.3267994,4.701464,-6.428132,-0.12240362,-0.12868834,0.14036036,0.0,0.0,0.0
5.3267994,4.701464,-6.428132,-0.12240362,-0.12868834,0.14036036,0.0,0.0,0.0
5.3267994,4.701464,-6.428132,-0.12240362,-0.12868834,0.14036036,0.0,0.0,0.0
5.690718,4.9313073,-6.782474,0.23897123,0.10579395,-0.21263504,0.0,0.0,0.0
5.661988,4.8259625,-6.758532,0.21024084,4.491806E-4,-0.18869305,0.0,0.0,0.0
5.482423,4.866664,-6.66037,0.03576374,0.054318428,-0.07661438,0.0,0.0,0.0
5.750573,4.9815855,-6.868665,0.3107972,0.16729498,-0.28071976,0.0,0.0,0.0
5.602133,4.8475103,-6.698677,0.16235685,0.033219814,-0.1107316,0.0,0.0,0.0
5.460875,4.758925,-6.2892685,0.027832985,-0.061201572,0.30002356,0.0,0.0,0.0
5.187936,4.8499045,-6.356306,-0.24510622,0.029778004,0.23298597,0.0,0.0,0.0
5.4680576,4.8499045,-6.54066,0.04294634,0.01810646,0.046536922,0.0,0.0,0.0
5.786486,4.9480667,-6.768109,0.36137486,0.116268635,-0.18091202,0.0,0.0,0.0
5.709872,4.9193363,-6.744167,0.28476048,0.08753824,-0.15697002,0.0,0.0,0.0
5.250185,4.81878,-6.8231754,-0.17073631,-0.007182598,-0.2281971,0.0,0.0,0.0
5.580585,5.024681,-6.863877,0.17372942,0.19318199,-0.2614169,0.0,0.0,0.0
5.547066,4.9001827,-6.600515,0.14021063,0.068683624,0.0019450188,0.0,0.0,0.0
5.3148284,4.7780786,-6.4329205,-0.08783722,-0.06239891,0.1663971,0.0,0.0,0.0
5.4105964,4.9696145,-6.648399,0.007930756,0.12913704,-0.049081326,0.0,0.0,0.0
5.472846,4.9193363,-6.332364,0.071527004,0.07541752,0.26560688,0.0,0.0,0.0
5.472846,4.9193363,-6.332364,0.071527004,0.07541752,0.26560688,0.0,0.0,0.0
5.5614314,5.034258,-6.6579757,0.16250658,0.18345547,-0.063296795,0.0,0.0,0.0
5.511153,4.9791913,-7.0434422,0.11222839,0.12838888,-0.44876337,0.0,0.0,0.0
5.211878,4.797232,-6.7657146,-0.17836809,-0.045040607,-0.15756845,0.0,0.0,0.0
5.1376576,4.8738465,-6.5095353,-0.25258827,0.031573772,0.09861088,0.0,0.0,0.0
5.333982,4.988768,-6.531083,-0.0489316,0.13018465,0.07107782,0.0,0.0,0.0
5.571008,4.9839797,-6.507141,0.18809462,0.12539625,0.09501982,0.0,0.0,0.0
5.3651066,4.9121537,-6.2868743,-0.022595406,0.046986103,0.306458,0.0,0.0,0.0
5.082591,4.8858175,-6.3610945,-0.30511093,0.02064991,0.23223782,0.0,0.0,0.0
5.3986254,4.9815855,-6.564602,0.017357826,0.10295057,0.02409172,0.0,0.0,0.0
5.4800286,5.046229,-6.6076975,0.09816265,0.17028761,-0.017507553,0.0,0.0,0.0
5.348347,4.928913,-6.626851,-0.03351879,0.05297184,-0.036661148,0.0,0.0,0.0
5.391443,5.024681,-6.7417727,0.0095767975,0.14873981,-0.15158272,0.0,0.0,0.0
5.4369326,4.964826,-6.555025,0.06075287,0.08319855,0.035613537,0.0,0.0,0.0
5.1711764,4.761319,-6.248567,-0.20126247,-0.13063335,0.33743286,0.0,0.0,0.0
5.2214546,4.842722,-6.4113727,-0.15098429,-0.049230576,0.1746273,0.0,0.0,0.0
5.578191,4.9839797,-6.7058597,0.19976616,0.096366405,-0.12150574,0.0,0.0,0.0
5.4465094,4.821174,-6.3275757,0.06808472,-0.06643915,0.25677824,0.0,0.0,0.0
5.345953,4.809203,-6.1911063,-0.032471657,-0.07841015,0.3932476,0.0,0.0,0.0
5.427356,4.9001827,-6.3395467,0.04728508,0.0068831444,0.23927069,0.0,0.0,0.0
5.518336,5.024681,-6.684312,0.13826513,0.13138151,-0.1054945,0.0,0.0,0.0
5.518336,5.024681,-6.684312,0.13826513,0.13138151,-0.1054945,0.0,0.0,0.0
5.298069,5.0055275,-6.5023527,-0.08185196,0.121655464,0.083497524,0.0,0.0,0.0
5.4560866,4.950461,-6.672341,0.0782609,0.06434393,-0.08649063,0.0,0.0,0.0
5.2789154,4.976797,-6.16477,-0.10040712,0.086939335,0.41703987,0.0,0.0,0.0
5.2813096,4.9720087,-6.21026,-0.098012924,0.082150936,0.37155008,0.0,0.0,0.0
5.4800286,5.0031333,-6.459257,0.09980869,0.1059432,0.11656761,0.0,0.0,0.0
5.709872,5.060594,-6.624457,0.32965183,0.16340399,-0.048632145,0.0,0.0,0.0
5.23582,4.8259625,-6.5478425,-0.14634562,-0.061650753,0.033369064,0.0,0.0,0.0
5.1232924,4.7876554,-6.4903817,-0.258873,-0.09995794,0.09082985,0.0,0.0,0.0
5.496788,4.976797,-6.672341,0.12614489,0.08678961,-0.083348274,0.0,0.0,0.0
5.5015764,4.8499045,-6.4664397,0.13093328,-0.04010296,0.12255287,0.0,0.0,0.0
5.3148284,4.7685018,-6.5933323,-0.058658123,-0.10848713,0.0028429031,0.0,0.0,0.0
5.393837,4.9217305,-6.796839,0.020350456,0.04474163,-0.20066404,0.0,0.0,0.0
5.5015764,4.8594813,-6.722619,0.12644386,-0.0011968613,-0.11566973,0.0,0.0,0.0
5.439327,4.8044147,-6.480805,0.0641942,-0.056263447,0.12614441,0.0,0.0,0.0
5.5853734,4.964826,-6.5717845,0.20470428,0.10908556,0.03426695,0.0,0.0,0.0
5.4560866,5.0294695,-6.892607,0.07541752,0.17372894,-0.28655577,0.0,0.0,0.0
5.2430024,4.8762407,-6.696283,-0.13796568,0.029778004,-0.083498,0.0,0.0,0.0
5.23582,4.785261,-6.344335,-0.14514828,-0.061201572,0.26844978,0.0,0.0,0.0
5.56622,4.9839797,-6.3610945,0.18779516,0.12719202,0.24600458,0.0,0.0,0.0
5.542278,4.8953943,-6.456863,0.15741873,0.037559032,0.1442504,0.0,0.0,0.0
5.4680576,4.9480667,-6.428132,0.08319855,0.09023142,0.17298126,0.0,0.0,0.0
5.1831474,4.8882117,-6.3467293,-0.19931746,0.02708435,0.2537856,0.0,0.0,0.0
