0.9068756,6.722641,7.660614,0.50513893,-0.45461082,0.010566711,0.4914051,-0.35977745,9.50494
0.99780273,6.8207397,6.801605,0.4313513,-0.38847065,-0.09814596,0.4136265,-0.24338341,9.465647
0.68673706,6.9272156,6.30748,0.3162378,-0.32379103,-0.20529842,0.29268962,-0.13098907,9.426952
0.80996704,7.0468597,6.3924255,-0.029644012,-0.20273638,-0.2737589,-0.054001987,-0.0027079582,9.46901
0.9403839,6.531204,6.394821,-0.17365575,-0.13556957,-0.41758394,-0.20670754,0.1334877,9.403706
1.1198425,6.826721,3.9254303,-0.19662601,-0.13984346,-0.49706936,-0.23576874,0.17793322,9.339693
1.8927155,7.220337,5.371887,-0.21883005,-0.18686056,-0.6406212,-0.26993835,0.22825336,9.199828
1.6187439,6.809967,7.8257294,-0.1624251,-0.18697262,-0.6501093,-0.2150675,0.23644781,9.188734
1.5302124,6.9559326,7.9250336,-0.07418066,-0.20304346,-0.6771035,-0.12983316,0.24322176,9.151528
1.5218353,7.0169525,7.0947266,-0.020006537,-0.28402805,-0.5863428,-0.07181722,0.12652636,9.171272
1.5206451,6.599411,5.9401855,-0.05829972,-0.32587624,-0.40998268,-0.09859431,-0.013501167,9.289179
1.4309082,6.7130585,5.9605255,-0.038213074,-0.30103397,-0.36214685,-0.074644804,-0.022072792,9.3406315
1.0121613,6.4630127,6.8039856,-1.02341175E-4,-0.26796007,-0.31211329,0.025995612,0.031770706,9.397345
0.7393799,6.489334,7.4249268,0.057076156,-0.37012815,-0.2837739,0.023078918,-0.12344551,9.353871
0.8650055,6.525223,7.0612183,0.057076156,-0.37012815,-0.2837739,0.023078918,-0.12344551,9.353871
0.8769684,6.6508484,6.385254,-0.075137496,-0.29262877,-0.27664042,-0.106081724,-0.067788124,9.416831
0.8925171,6.7417755,6.628113,-0.075137496,-0.29262877,-0.27664042,-0.106081724,-0.067788124,9.416831
0.9762726,6.4785614,5.9617157,-0.075137496,-0.29262877,-0.27664042,-0.106081724,-0.067788124,9.416831
1.3507538,7.0420837,6.22612,-0.0952453,-0.20503998,-0.35340548,-0.13062507,0.05003643,9.411123
1.071991,6.8159485,7.0743866,-0.13446712,-0.19389343,-0.48702526,-0.17906815,0.14107895,9.315834
1.1712799,6.764511,6.752548,-0.05461842,-0.22884655,-0.44671345,-0.098762274,0.08953476,9.319684
1.1916199,6.754944,6.3302155,0.0029491782,-0.25481367,-0.5204997,0.07705414,-0.097976685,9.240681
1.1365967,6.978668,6.1902313,0.014829814,-0.2562251,-0.564569,-0.039905906,0.14147568,9.204155
1.1736755,6.695114,6.735794,-0.028422236,-0.28649187,-0.55399275,-0.08395147,0.11162186,9.198139
1.1114655,6.67717,6.5850525,0.07519531,-0.38440323,-0.49070263,0.01879239,-0.0035061836,9.179081
1.1174469,6.7417755,6.28714,0.076560736,-0.29815435,-0.3921423,-0.029597163,-0.012847424,9.309165
1.0121613,6.71904,6.5324097,0.14535362,-0.3549285,-0.4167943,-0.098989725,-8.5258484E-4,9.248958
0.9571228,6.7202454,6.6173553,0.16847485,-0.34657383,-0.46977806,0.11547968,0.014649391,9.210297
0.97029114,6.71904,6.7369995,0.10691249,-0.38531113,-0.35818863,0.059655547,-0.08424759,9.279831
0.982254,6.6687927,6.632904,0.10582286,-0.34538603,-0.28855228,0.06544036,-0.095632076,9.359074
0.9415741,6.67717,6.693924,-0.016798854,-0.19969273,-0.24980116,-0.04632306,-0.004676342,9.489803
0.79322815,6.5491486,6.612564,-0.021344721,-0.23761559,-0.27740145,-0.055808067,-0.017279148,9.445464
0.7728882,6.587448,6.57547,0.019117832,-0.2496872,-0.3068447,0.015963078,0.0132956505,9.411136
0.7525482,6.6053925,6.4941254,0.17656946,-0.35938025,-0.4049716,0.122969985,-0.033940315,9.25162
0.76091003,6.6436768,6.624527,0.1806199,-0.3487482,-0.4737773,0.12238881,0.017095566,9.203789
0.7621155,6.6592255,6.7992096,0.1525678,-0.32346344,-0.46592712,0.096514285,0.032802105,9.228203
0.71784973,6.653244,6.806381,0.09230596,-0.32124758,-0.3917384,0.041828215,-0.010750294,9.293509
0.6017914,6.6305084,6.7944183,-0.03260106,-0.26942062,-0.36643267,-0.07787919,0.015252113,9.357624
0.5790558,6.591034,6.9714813,-0.08456844,-0.2631235,-0.47910166,0.15736842,-0.049158573,9.278689
0.60658264,6.5886383,6.9308167,-0.07946414,-0.2770877,-0.44874763,-0.13195944,0.061522007,9.293552
0.65802,6.6089783,6.82193,-0.08858788,-0.25052738,-0.40069628,-0.13610375,0.053166866,9.348593
0.7154541,6.6400757,6.6149597,-0.05564201,-0.22703075,-0.36991262,-0.09966749,0.052421093,9.383811
0.7286072,6.6460724,6.681961,0.040436268,-0.29343987,-0.42766142,-0.013486981,0.036015034,9.287848
0.6879425,6.629318,6.7633057,0.0057532787,-0.25862217,-0.4159069,-0.044472337,0.05653715,9.322168
0.64845276,6.6807556,6.710678,0.05739081,-0.2610278,-0.2839465,0.01696217,-0.02789545,9.4180765
0.6699829,6.7298126,6.6053925,0.13744318,-0.30093575,-0.35245943,-0.09004688,-0.008077145,9.331775
0.6999054,6.727417,6.641281,-0.020424247,-0.25939178,-0.5063286,-0.0772357,0.11333418,9.254147
0.62213135,6.6460724,6.7046814,0.01644361,-0.23641539,-0.5952678,-0.046028197,0.18729973,9.195662
0.59820557,6.6807556,6.6269226,0.050287127,-0.2951727,-0.57125807,-0.014845014,0.12674713,9.174427
0.59580994,6.6759796,6.528824,0.047135115,-0.272254,-0.44843054,-0.0069928765,0.06796503,9.28438
0.5156555,6.734604,6.612564,0.028746724,-0.2282052,-0.5129633,-0.027400553,0.14316988,9.263708
0.45942688,6.7453613,6.7214355,0.10904741,-0.26511526,-0.5600791,0.04564631,0.14336777,9.195726
0.55513,6.756134,6.61615,0.08040857,-0.2928834,-0.46842146,-0.0033849478,-0.06826019,9.252581
0.6412811,6.7537384,6.6305084,0.10956991,-0.30670452,-0.21217251,0.0688723,-0.10765219,9.439557
0.49771118,6.710678,6.8614197,0.12798107,-0.32954073,-0.10788536,0.09379825,-0.19160986,9.504818
0.5120697,6.78006,6.8123627,0.11187923,-0.32457352,-0.1191411,0.07699904,-0.18101215,9.501093
0.29670715,6.8853455,6.7094727,0.01790464,-0.29721403,-0.21028042,-0.021567047,-0.10160446,9.457242
0.37088013,6.788437,6.275177,0.037959695,-0.32553768,-0.32021093,-0.0122567415,-0.055556774,9.351992
0.5312042,6.6137543,6.1818542,0.03372693,-0.2936244,-0.29255676,-0.011876762,-0.047682762,9.393702
0.35414124,6.9882355,5.864807,0.036929727,-0.27197695,-0.40820646,-0.015651345,0.041601658,9.31676
0.15194702,6.8697968,7.014557,0.041957498,-0.2713008,-0.5317707,-0.019949973,0.11978912,9.220649
0.0993042,6.9224396,7.399811,0.055945158,-0.27497482,-0.61708593,0.058921933,-0.16030836,9.150628
0.16630554,6.880554,7.4237366,0.06095636,-0.3050065,-0.5205097,0.027544737,-0.08289242,9.206613
1.0157471,6.776474,6.4821625,0.02464211,-0.31455994,-0.43339014,-0.033809125,0.026102543,9.272274
0.9451599,6.5694885,5.9114685,0.022976518,-0.3039465,-0.34270763,-0.027887583,-0.022621632,9.349408
0.62931824,6.620941,6.0933228,0.06424129,-0.32513046,-0.41157818,0.006210506,0.0029764175,9.27827
0.25723267,6.7333984,6.130417,0.038324475,-0.32359743,-0.4101119,-0.01933235,0.0035600662,9.283211
0.42352295,6.777664,6.1567383,0.022783637,-0.35804272,-0.31762695,-0.030768454,-0.08111572,9.3354025
0.7142639,6.8195496,6.428314,-0.011727095,-0.30601406,-0.25474644,-0.055981755,-0.079592705,9.420375
0.8386841,6.71904,6.7944183,0.033983707,-0.3369112,-0.2986617,-0.0164209,-0.077310085,9.36211
0.78364563,6.7094727,6.850647,0.034633875,-0.30216646,-0.42909622,-0.02253449,0.03133869,9.282114
0.67118835,6.726227,6.84227,-1.1956692E-4,-0.3235798,-0.47358894,-0.062427938,0.043555737,9.238147
0.68196106,6.7214355,6.921234,-0.0066592693,-0.32232666,-0.4699216,-0.068778336,0.0425992,9.242541
0.73339844,6.7333984,6.7453613,0.03170097,-0.32891607,-0.39508057,0.022106528,0.016727924,9.292344
0.6963043,6.722641,6.580261,0.12942386,-0.3182454,-0.32689095,0.07738966,-0.0467,9.341122
0.6628113,6.7202454,6.5599213,0.11682093,-0.32566452,-0.33691406,0.063446015,-0.046112537,9.330137
0.6424713,6.7130585,6.5850525,0.0071561337,-0.28304625,-0.44611216,-0.05004126,0.057969093,9.283852
0.6424713,6.735794,6.509674,0.026765227,-0.31662846,-0.4530244,-0.034309566,0.035987377,9.255535
0.59461975,6.7010956,6.4378967,0.0966202,-0.28713894,-0.39381504,-0.034707785,-0.031093597,9.3119755
0.5898285,6.7501526,6.6831512,0.10910225,-0.32196474,-0.36145306,0.0537014,-0.027431011,9.31413
0.5204315,6.747757,6.6783752,-0.005184889,-0.26354933,-0.413383,-0.05866164,0.05347252,9.322844
0.6352997,6.8111725,6.7908325,-0.01937139,-0.2673025,-0.44532776,-0.07563579,0.07111263,9.297371
0.7010956,6.8159485,6.789627,0.07043624,-0.29977083,-0.41778755,0.012527823,0.026520729,9.288471
0.68434143,6.7716827,6.756134,0.09793103,-0.319901,-0.3364029,-0.05386448,0.02705574,9.336053
0.6400757,6.7633057,6.5563354,0.03288734,-0.33793926,-0.33722162,-0.0220474,-0.053246498,9.331591
0.6927185,6.912857,6.59581,0.019488335,-0.30770302,-0.3681302,-0.034875393,-0.010163307,9.327839
0.6472626,6.9104767,6.849457,0.16725838,-0.3441391,-0.39770222,0.10653305,-0.023754597,9.265669
0.45344543,6.8745728,6.8075867,0.20097518,-0.40885115,-0.4633808,-0.13378513,-0.003821373,9.170758
0.3098755,6.8243256,6.7489624,0.10511267,-0.25939465,-0.48718596,0.04549557,0.100036144,9.255645
0.5144501,6.8853455,6.3146515,-0.006226301,-0.21958542,-0.40526915,-0.05601394,0.08307791,9.356695
0.49650574,7.068405,5.69014,-0.057808995,-0.21277714,-0.36394644,-0.10391319,0.063985825,9.398998
-0.07896423,6.8159485,5.1015015,-0.0038040876,-0.33035183,-0.26627398,-0.054861724,-0.09057903,9.395756
-0.21894836,6.90329,5.7188416,-0.023070335,-0.3411684,-0.21375561,0.030306578,0.14670372,9.432245
-0.19502258,6.9475555,6.5144653,-0.01020968,-0.32902098,-0.25789976,-0.06091255,-0.09517288,9.40403
-0.095718384,7.1162567,6.8925323,-0.050586462,-0.28095865,-0.32883072,-0.10156423,-0.012026787,9.383369
-0.13400269,7.0253296,6.887741,0.038469434,-0.2827506,-0.44415712,-0.02186793,0.05604458,9.282166
-0.28833008,7.0707855,6.9140625,0.075270295,-0.30567646,-0.487298,0.009091556,0.064210415,9.230145
-0.1651001,6.9224396,6.4905243,0.09417963,-0.3103447,-0.49465847,0.026574075,0.064918995,9.219326
-0.1375885,6.887741,6.4031982,0.014937162,-0.28975153,-0.4490633,-0.046809852,0.05514288,9.276928
-0.21534729,6.8901367,6.263214,0.021762013,-0.2788639,-0.36563492,-0.033111632,0.011013031,9.34762
-0.11366272,6.9272156,6.250046,0.06352055,-0.31671953,-0.36280155,0.0044531226,-0.021805763,9.321392
-0.026321411,6.961914,6.2979126,0.09653783,-0.30950832,-0.34052038,0.038896322,-0.031300068,9.3391285
0.0035858154,6.9379883,6.467804,0.015802622,-0.2626052,-0.6661029,-0.060600728,0.2143135,9.125988
0.03111267,6.9068756,6.580261,0.041221738,-0.26898193,-0.67336655,-0.037702233,0.2142334,9.113718
0.0023956299,6.9260254,6.661621,0.15455925,-0.3380437,-0.36258173,-0.0965029,0.009029388,9.29652
0.052642822,6.9140625,6.5276184,0.2103101,-0.3705964,-0.1836195,0.15301949,-0.18028784,9.40744
0.12322998,6.8841553,6.530014,0.20188165,-0.37470388,-0.11254215,0.14965624,-0.22853804,9.4614
0.14955139,6.912857,6.51326,0.093609214,-0.33316135,-0.15069962,0.044177294,-0.1680088,9.471552
0.16749573,6.936798,6.4665985,0.026491046,-0.33652735,-0.42508173,-0.044019103,0.0047926903,9.265644
0.07777405,6.9439697,6.4055786,0.0031210184,-0.28084326,-0.41927004,-0.060610652,0.0458436,9.307758
0.06819153,6.912857,6.3182526,0.007928848,-0.29335928,-0.39970493,-0.057162642,0.024559498,9.3147
0.14237976,6.9020996,6.3505554,0.052291512,-0.2984047,-0.39652252,-0.013899922,0.016852856,9.308119
0.117248535,6.945175,6.522827,0.04968655,-0.2796197,-0.40961552,0.028873682,-0.0318141,9.310066
0.088531494,6.929611,6.5766754,0.084825635,-0.31245518,-0.51066446,0.0072855353,0.07719278,9.206993
0.112457275,6.879364,6.624527,0.0974555,-0.3153739,-0.43796825,0.024657488,0.028645992,9.259525
0.19023132,6.887741,6.558731,0.08955288,-0.2819395,-0.38455868,0.024785817,0.021107674,9.322568
0.24287415,7.002594,6.4426727,0.02614355,-0.28620577,-0.29434967,-0.031704903,-0.036427975,9.3981085
0.16870117,7.237091,6.2668,0.05051589,-0.28011703,-0.31578112,-0.0087323785,-0.019402027,9.382053
-0.010772705,7.5433807,6.037094,0.044067144,-0.2968607,-0.32579136,0.007178545,0.03061533,9.364815
-0.056228638,7.25264,5.3312073,0.03484249,-0.2994151,-0.34910154,-0.02955556,-0.012374401,9.346533
-0.027511597,7.076767,5.1792603,-0.03318703,-0.27760124,-0.36129713,-0.0952099,0.0155649185,9.360116
0.18066406,6.6915283,5.016556,0.079977274,-0.29833603,-0.40492153,0.010648608,0.021909714,9.297956
0.46540833,6.36969,5.71167,0.04859793,-0.30248356,-0.47701836,-0.026626408,0.06631899,9.244247
0.46899414,6.3182526,6.3338013,0.05756116,-0.2965312,-0.56611156,-0.024254203,0.12744045,9.178241
0.3517456,6.423538,7.7395782,0.0027204752,-0.27801657,-0.44071627,-0.06653261,0.06489754,9.293919
0.36489868,6.6891327,8.447861,-0.001131773,-0.3007388,-0.31566572,-0.0632081,-0.032113075,9.376461
0.36968994,6.847061,8.863022,0.102023125,-0.32339478,-0.24051857,0.04230243,-0.10247946,9.405963
0.30389404,6.9762726,8.445465,0.089215994,-0.31843185,-0.28560162,0.026676536,-0.06977272,9.376132
0.1375885,6.8949127,6.9511566,-0.04847896,-0.304039,-0.40561914,-0.11754966,0.023461819,9.311728
0.15553284,6.8721924,6.427124,-0.003083825,-0.28212118,-0.32396555,-0.06371194,-0.013061047,9.382002
0.21774292,6.870987,5.687744,0.08265662,-0.39883137,-0.25864744,0.011992335,-0.14863634,9.347781
0.32781982,6.8279266,5.09552,0.27746713,-0.32430172,-0.29762316,-0.22381258,-0.0056352615,9.336952
0.41993713,6.82193,5.0691986,0.44987333,-0.43114614,-0.24168968,-0.4200127,0.05359316,9.289539
0.4283142,6.7860413,5.5908356,0.38329387,-0.5048461,0.15075827,0.32916504,-0.5028615,9.555069
0.36131287,6.6795654,6.0394897,1.3655385,-0.99595165,0.9588008,1.2877821,-1.4529564,9.726345
0.3744812,6.6388855,6.1986084,1.7268895,-1.2727995,0.7328024,1.5631863,-1.5589528,9.291596
0.33021545,6.669998,6.972687,1.186022,-0.9436002,0.60958385,0.963791,-1.2544103,9.398994
0.32661438,6.6149597,7.3938293,0.60072684,-0.7052417,0.5314822,0.42999643,-0.9469576,9.563576
0.40797424,6.653244,7.4656067,0.3676288,-0.5429168,0.017957687,0.14704302,-0.4204688,9.325177
0.53479004,6.71904,7.623535,0.41780257,-0.473701,-0.30747175,0.16848978,-0.10489464,9.132782
0.53479004,6.6173553,7.306488,0.5159769,-0.6281967,-0.07222557,0.18672329,-0.35622168,9.096496
0.5659027,6.631714,7.1210327,-0.5434785,-0.37569904,-1.3776717,1.3283539,-0.38744926,9.158687
0.5539398,6.592224,6.5862427,-0.8366475,-0.25738478,-2.6901994,-1.1126097,2.467349,8.983433
0.55992126,6.5970154,6.36969,-0.6823554,-0.20969725,-2.6152854,-0.9415862,2.446641,9.116244
0.5886383,6.5886383,6.530014,-0.6122103,-0.12873268,-1.9545212,-0.75326145,1.8784516,9.466734
0.5383911,6.653244,6.669998,-0.49335766,-0.26586103,-1.0875571,-0.6465882,1.0100486,9.564595
0.5276184,6.6065826,6.7381897,-0.13260031,-0.47956228,-0.16999602,0.3189956,0.23251045,9.459316
0.5132599,6.5575256,6.847061,-0.24409056,-0.66106606,0.14016318,-0.5678076,-0.27898097,9.466065
0.39482117,6.551544,6.8039856,-0.49611282,-0.31007576,-0.93578005,-0.63500315,0.8840724,9.62459
0.4295044,6.604187,6.818344,-0.43618965,-0.27091932,-0.9948027,-0.5627275,0.9511421,9.627884
0.48214722,6.5563354,6.887741,-0.47054625,-0.30013418,-1.0129061,-0.60333854,0.97285575,9.642312
0.68434143,6.5946198,6.989441,-0.77583075,-0.29124928,-0.9457935,1.2499743,-0.119089305,9.874817
0.6508484,6.6101685,7.0624084,-0.7011328,-0.2645936,-0.87930834,-0.7447384,0.8805761,9.875433
1.1844482,6.5108643,5.6027985,-0.20934153,-0.43154192,-0.5696589,-0.44698885,0.51348567,9.5048275
1.2873383,6.8638153,6.479767,-0.84069014,-0.17227507,-5.9358287,4.698496,-3.6805146,9.216353
0.9954071,7.3746796,6.399597,-1.0788941,-0.26947594,-3.4557006,3.1661081,-1.774885,9.743071
1.7922211,6.427124,8.037491,-0.8796644,-0.22547436,-2.4748268,2.3409464,-1.2119882,9.784944
1.9633179,6.5934296,8.444275,-1.0910635,-0.15544319,-1.5974398,-0.9764244,1.6560122,10.072385
1.3136597,6.631714,8.0327,-1.328196,0.018150806,-1.1968391,-1.0552012,1.309782,10.41318
0.4355011,6.531204,6.468994,-1.7078366,0.2068162,-0.17609978,-1.2145635,0.3762673,10.978719
0.10887146,6.2811584,6.069397,-1.5526948,-0.05823517,0.2265997,0.8519633,0.9172287,10.754517
-0.42114258,6.4654083,5.4400787,-1.1593671,-0.20340252,-0.323673,1.0340557,0.46609497,10.2580385
-0.37806702,6.114853,5.1672974,-0.8122759,-0.47988653,-0.33345413,-0.9627702,0.2724011,9.7946005
-0.45344543,6.2357025,5.699707,-0.22953224,-0.8078122,-0.24793363,-0.6531582,0.0033478737,9.223477
-0.28953552,6.3338013,6.24527,0.43168068,-1.0435243,-0.279665,-0.20030373,-0.19990087,8.67819
-0.36849976,6.7046814,7.2418823,0.7189641,-1.0428257,-0.27421618,0.104742914,-0.3386836,8.560091
-0.39840698,6.685547,7.980057,0.8767562,-0.95366716,-0.29077196,0.32044378,-0.37313557,8.573436
-0.088531494,6.2285156,7.8053894,0.89401174,-0.8215637,-0.6925006,0.41289562,-0.03365445,8.471672
0.6628113,6.317047,7.7479553,0.86400366,-0.78001165,-0.45378733,0.44239435,-0.24059963,8.663304
0.73698425,6.3266296,7.6426697,0.68245125,-0.62152386,-0.17932606,-0.5137656,0.10550904,9.0262
0.776474,6.47139,7.225128,0.5619683,-0.6195226,-0.19307375,0.278345,-0.34271383,9.070468
0.7190399,6.3876343,6.8243256,0.24312067,-0.56572294,-0.08984566,0.02199471,-0.34230852,9.287456
0.62571716,6.3804626,6.5694885,0.063426256,-0.4286785,0.23326254,-0.07172635,-0.46438313,9.660353
0.65922546,6.4582214,6.344574,-0.17276335,-0.28897715,0.24079323,-0.23928836,-0.336627,9.834213
0.7130585,6.551544,6.378067,-0.2167046,-0.31506205,0.14428759,-0.29424244,-0.28033447,9.763321
0.6663971,6.5348053,6.6424713,-0.13788795,-0.39879942,0.23353386,-0.23547524,-0.41789913,9.756613
0.60658264,6.439087,6.6807556,-0.13946295,-0.315197,0.16551733,-0.2086125,-0.31765127,9.76454
0.6699829,6.4295197,6.795624,-0.07680917,-0.31217337,-0.048687458,-0.15992445,-0.18593025,9.593164
0.71784973,6.448654,6.833908,0.06847453,-0.4017067,-0.24878216,-0.0139606,0.15697551,9.355968
0.7956085,6.3828583,6.5527496,0.09213996,-0.38995504,-0.30690145,-0.024558514,-0.109447,9.31455
0.72024536,6.5886383,7.0899353,0.23692298,-0.35112524,-0.24870968,0.13427901,-0.13948727,9.355217
0.7513428,6.381653,7.137787,0.29102552,-0.3455658,-0.3655963,0.1826694,-0.06904125,9.259258
0.73220825,6.406784,6.9631195,0.23856008,-0.27346373,-0.35458612,-0.14509892,-0.04472065,9.322533
0.8410797,6.5682983,6.801605,0.25961912,-0.26743317,-0.25346756,0.18158245,-0.076796055,9.401313
0.6412811,6.467804,6.723831,0.32391536,-0.25160313,-0.23109245,0.25010645,-0.08594704,9.417177
0.5288086,6.399597,6.6472626,0.32229495,-0.27007675,-0.42759466,0.23137644,0.024429798,9.253912
0.4390869,6.217743,6.4953156,0.20963109,-0.25545168,-0.45344687,0.122284025,0.0651803,9.262947
0.5587311,6.110077,6.707077,0.1957016,-0.2182064,-0.45427275,-0.06933069,-0.1346221,9.287664
0.6089783,6.08255,6.8075867,0.19666135,-0.2451315,-0.44128275,0.112407565,0.06910133,9.281212
0.63648987,6.0442657,7.544571,0.11688316,-0.21853685,-0.45064878,0.039218366,0.104748726,9.304661
0.6879425,6.0358887,7.6127625,0.08909011,-0.22963905,-0.48588228,0.007648498,0.12214613,9.2758255
0.7896271,6.1674957,7.7982025,0.054393172,-0.21888256,-0.4652896,-0.022248626,0.12122774,9.304483
0.830307,6.1651,7.8975067,0.035191417,-0.23108435,-0.3750167,-0.037041098,0.0567832,9.369982
0.8494568,6.1866455,7.3866425,0.028646827,-0.25755835,-0.44015455,-0.05335468,0.07897949,9.304846
0.88534546,6.119644,7.0576324,-0.02166295,-0.24124384,-0.4742365,-0.10188842,0.11959934,9.297845
0.2871399,6.1567383,6.4821625,-0.100782156,-0.20046377,-0.52257156,-0.17431721,0.19092607,9.300108
0.15792847,5.900696,6.0717926,-0.0574013,-0.21986866,-0.40629673,-0.12803501,0.098049164,9.369948
0.3397827,5.947357,6.275177,-0.058764458,-0.23417807,-0.41122103,-0.13261575,0.09105396,9.357744
0.66400146,6.0801697,7.0624084,-0.05462289,-0.20630264,-0.52863216,0.1967156,-0.11746764,9.284635
0.37208557,6.057434,7.0707855,-0.022309065,-0.23389196,-0.55076504,-0.10687438,0.17857265,9.2451935
0.43669128,5.770294,7.1533356,-0.0064662695,-0.2616248,-0.5212884,-0.095071316,0.13709259,9.247725
0.5659027,5.645859,7.5924225,0.040289164,-0.2757311,-0.50009346,-0.050928354,0.107616425,9.246678
0.8147583,5.6650085,7.8508453,0.020007133,-0.27627754,-0.5102973,-0.07161108,0.116351604,9.242321
1.105484,5.5908356,7.824524,0.015354633,-0.2486782,-0.455853,-0.06695777,0.10295391,9.301877
1.4608154,5.3934174,8.127228,0.08779621,-0.22401142,-0.40528727,0.012001097,0.08077526,9.342454
1.4560394,5.0153503,8.736191,0.06610143,-0.28211784,-0.41328812,-0.022190154,0.044524193,9.304363
1.6785583,5.392227,8.641678,0.048779845,-0.26384258,-0.37055397,-0.032489687,0.032687664,9.351481
1.7192383,5.370697,8.045868,0.020126462,-0.20636415,-0.32466984,0.061508417,-0.02776575,9.427378
1.9429779,5.4891357,7.779068,0.017481089,-0.2824564,-0.32100964,-0.06358999,-0.009804726,9.383573
1.881958,5.2953186,8.000397,0.08596325,-0.3080759,-0.39605808,-0.0070296824,0.011143208,9.297742
1.861618,5.355133,7.932205,0.08101237,-0.2506857,-0.39373207,3.1739473E-4,0.053884506,9.335983
1.7814636,5.679367,7.639084,0.046164036,-0.2507801,-0.4691167,-0.038728535,0.10649395,9.284873
1.7288208,5.8815613,7.247864,0.06165254,-0.23744345,-0.40530062,0.043912172,-0.06163931,9.338974
1.7682953,5.8492584,7.2263184,0.0919013,-0.27356434,-0.3745699,0.008046538,0.023234367,9.334441
1.5661011,5.85643,7.0995026,0.07361233,-0.33786058,-0.37763834,-0.023056686,-0.021549702,9.295589
1.0480499,5.9102783,6.6149597,0.04491055,-0.27750587,-0.41384363,-0.04105082,0.050691605,9.310629
0.9607239,5.986847,6.5120697,0.09905076,-0.21425056,-0.4927845,0.019536138,0.14325666,9.279728
1.0289154,5.9413757,6.570694,0.07707918,-0.23282623,-0.46964502,-0.0038324594,0.11696482,9.289911
1.105484,5.883957,6.722641,0.08031976,-0.280344,-0.4531951,-0.009167165,0.07009745,9.272393
1.1772614,5.904297,6.84227,0.055983067,-0.29595947,-0.41289425,-0.033507705,0.035131454,9.297876
1.3351898,5.9126587,6.9547424,-0.012688875,-0.27597952,-0.39387512,-0.09548646,0.045691013,9.337334
1.4536438,5.9533386,7.0361023,0.041026354,-0.30532122,-0.37175083,-0.04767528,0.003121376,9.326212
1.3950195,5.9353943,6.9750824,0.06068659,-0.30378485,-0.3830595,0.03045082,0.0021891594,9.314949
1.2669983,5.9066772,6.838684,0.105700016,-0.3074398,-0.43187952,0.010734558,0.032784462,9.267186
0.948761,5.8013916,6.936798,0.07120323,-0.1990161,-0.36862803,0.0036329627,0.0781641,9.388989
0.825531,5.7092743,7.034897,0.03360057,-0.21092701,-0.32005167,-0.03194478,0.04199505,9.42551
0.702301,5.7786713,7.668991,0.11945033,-0.2648096,-0.30486822,0.042135328,-0.01832056,9.38805
0.62094116,5.8049927,8.037491,0.1467551,-0.31646585,-0.2636757,-0.090114355,0.05779791,9.382678
0.6927185,5.927017,8.304291,0.10818148,-0.29522657,-0.22840357,0.031221986,-0.0898633,9.429849
0.9308014,5.9318085,8.248062,0.10184145,-0.3005433,-0.2464261,0.023294866,-0.08195305,9.414012
0.94277954,5.827713,7.895111,0.10726476,-0.3264737,-0.3546791,0.016251832,-0.033006668,9.314172
1.0217285,5.760727,7.6199493,0.10126376,-0.28018284,-0.4942317,0.010061115,0.092567444,9.237132
1.1198425,5.741577,7.294525,0.079116225,-0.23862219,-0.52056694,-0.004999399,0.14409304,9.246828
1.1222382,5.748749,7.0169525,0.16083467,-0.2640648,-0.4288149,0.07683337,0.057737827,9.286802
1.076767,5.7463684,7.227524,0.20533049,-0.30093575,-0.46458817,-0.08520818,-0.08624005,9.228838
1.0384827,5.8408813,7.3651123,0.20017898,-0.32711267,-0.45039082,-0.08896303,-0.056791306,9.224597
1.0576324,6.0107727,7.3878326,0.08478761,-0.2924676,-0.43814754,0.019671679,-0.045360565,9.275373
0.5970154,5.7714844,6.652054,0.071998,-0.30150747,-0.42591333,-0.014072359,0.035607338,9.281269
0.78125,5.7176514,6.6053925,0.22893977,-0.3148408,-0.33691216,0.14480662,-0.04646778,9.314796
0.94277954,6.0562286,7.2023926,0.24668908,-0.34251976,-0.29863644,0.16188103,-0.09381819,9.324621
0.9056854,6.1327972,7.186844,0.28564346,-0.34774446,-0.3333063,0.19773817,-0.07897377,9.288698
1.2035828,6.130417,7.043274,0.19566524,-0.35726547,-0.32859516,-0.1309017,0.0382576,9.30138
0.9786682,6.050247,7.237091,0.20332825,-0.29182863,-0.40389204,0.12272978,0.016142845,9.282902
0.77407837,5.8540344,7.176071,0.20988286,-0.3789649,-0.4939947,0.109244406,0.0064969063,9.158793
0.49412537,5.9126587,6.960724,0.22083724,-0.36398554,-0.4873252,0.12352085,0.013147354,9.171583
0.76690674,5.950943,7.0468597,0.32507658,-0.35195732,-0.4457569,0.23198289,-0.011518955,9.194851
0.92004395,5.991623,7.5756836,0.33956087,-0.30124378,-0.43563223,0.25634474,0.02070713,9.232469
0.89730835,5.925827,7.7431793,0.4232831,-0.35693264,-0.41858387,0.33330452,-0.03802204,9.198995
0.8721771,5.91745,7.8305054,0.47596502,-0.35465097,-0.44822693,0.3856297,-0.019031525,9.170919
0.86021423,5.949753,7.737198,0.4374299,-0.31793213,-0.3718753,0.3602091,-0.035526276,9.259197
0.8027954,5.9533386,7.628311,0.4650786,-0.35019732,-0.32198572,0.3888241,-0.093176365,9.274912
0.8027954,5.9365997,7.442871,0.48116016,-0.30502224,-0.3260808,-0.40822077,-0.082742214,9.299312
0.80519104,6.007187,7.381851,0.49384546,-0.32454205,-0.28101063,0.42772293,-0.0975194,9.32114
0.6149597,6.065811,7.2059784,0.41419363,-0.3030162,-0.25574732,0.35528672,-0.091673374,9.366027
0.5024872,6.1172485,6.972687,0.42007136,-0.2532978,-0.24672985,0.36945653,-0.057911873,9.404602
0.5790558,6.1615143,6.9355927,0.4489435,-0.256505,-0.23640299,0.40089625,-0.06672287,9.40908
0.5048828,6.0681915,7.093521,-0.09092778,-0.4281807,-0.22853756,-0.039265007,-0.17570496,9.346845
0.5288086,6.295517,7.0337067,-0.037209153,-0.22603941,-0.26830053,0.0,0.0,0.0
0.44865417,6.3589325,6.9559326,-0.08145851,-0.18577671,-0.3280325,0.0,0.0,0.0
0.44865417,6.3218384,6.9762726,-0.028987616,-0.25925636,-0.27848005,0.0,0.0,0.0
0.45344543,6.3385925,6.9391785,0.012272328,-0.2653761,-0.29707432,0.0,0.0,0.0
0.3672943,6.401993,6.880554,-0.009662658,-0.24235058,-0.32229137,0.0,0.0,0.0
0.124420166,6.406784,6.837494,-0.1942873,-0.26853657,-0.33947706,0.0,0.0,0.0
0.01914978,6.4211426,6.8004,-0.23358881,-0.2848053,-0.35059786,0.0,0.0,0.0
-0.046661377,6.455841,6.7740784,-0.2014473,-0.2970581,-0.33540678,0.0,0.0,0.0
-0.095718384,6.427124,6.886551,-0.19679289,-0.35663748,-0.1944623,0.0,0.0,0.0
0.4402771,6.3828583,6.8721924,0.35942,-0.44451094,-0.16704702,0.0,0.0,0.0
-0.0143585205,6.4737854,6.731003,-0.09077005,-0.3878603,-0.27487755,0.0,0.0,0.0
-0.6628113,6.7908325,6.4941254,-0.7132069,-0.1068306,-0.47653437,0.0,0.0,0.0
-0.5395813,6.727417,6.3589325,-0.59659475,-0.20538378,-0.5767298,0.0,0.0,0.0
-0.3756714,6.6269226,6.4654083,-0.46144798,-0.31138372,-0.46444988,0.0,0.0,0.0
0.16870117,6.508484,6.4055786,0.017245293,-0.42117167,-0.5318074,0.0,0.0,0.0
0.08375549,6.776474,6.5527496,-0.18718344,-0.1335187,-0.40059376,0.0,0.0,0.0
0.08734131,6.961914,6.8159485,-0.24410123,0.07148838,-0.15417099,0.0,0.0,0.0
0.32302856,7.204788,7.6211395,-0.041769505,0.33259964,0.6346998,0.0,0.0,0.0
0.6616211,6.7094727,6.8279266,0.253259,-0.17130566,-0.1476388,0.0,0.0,0.0
1.0947113,6.854233,5.168503,0.64975023,-0.073446274,-1.7582326,0.0,0.0,0.0
1.1102753,7.0492554,6.912857,0.6100049,0.10617256,0.0053453445,0.0,0.0,0.0
0.9499512,7.085144,8.081757,0.45709026,0.18365431,1.1321583,0.0,0.0,0.0
0.9906311,7.056427,7.4081726,0.45345646,0.15049887,0.46627188,0.0,0.0,0.0
0.7800598,6.7669067,6.8949127,0.22132963,-0.18459988,3.671646E-4,0.0,0.0,0.0
0.9559326,6.8650055,6.08255,0.43341172,-0.120455265,-0.7804456,0.0,0.0,0.0
0.58265686,7.429718,5.4711914,0.19470742,0.4432845,-1.399735,0.0,0.0,0.0
-0.23091125,6.296707,4.919647,-0.45413154,-0.6533394,-1.9953666,0.0,0.0,0.0
-1.3399811,6.14357,5.6243286,-1.4431643,-0.71947384,-1.3798394,0.0,0.0,0.0
-1.3363953,6.295517,5.976074,-1.4237854,-0.48805332,-1.1053042,0.0,0.0,0.0
-0.8721771,6.242874,6.652054,-0.9867099,-0.45773363,-0.507494,0.0,0.0,0.0
-0.50608826,6.3672943,7.515854,-0.6586387,-0.25582647,0.2852664,0.0,0.0,0.0
-0.2763672,6.089737,8.330612,-0.45343417,-0.4073968,0.9871607,0.0,0.0,0.0
-0.28953552,5.8002014,9.169296,-0.4583526,-0.59544325,1.7370954,0.0,0.0,0.0
-0.06939697,5.790634,8.483749,-0.26633865,-0.5910373,1.040237,0.0,0.0,0.0
0.36012268,6.325424,7.7563324,0.14088643,-0.0652318,0.32115746,0.0,0.0,0.0
0.80877686,6.2189484,6.953537,0.5278728,-0.22711039,-0.43156958,0.0,0.0,0.0
0.76330566,6.4618225,6.5982056,0.432461,-0.11269617,-0.67067575,0.0,0.0,0.0
0.1483612,6.772888,6.5611267,-0.19370967,0.14917564,-0.6624322,0.0,0.0,0.0
0.58026123,6.151947,4.0247345,0.17891148,-0.53676796,-3.1356006,0.0,0.0,0.0
1.3495483,7.1234283,5.73201,0.8532479,0.4124713,-1.4015121,0.0,0.0,0.0
0.7657013,6.4163513,7.112671,0.23119581,-0.24918318,-0.06056738,0.0,0.0,0.0
0.9415741,5.495117,7.7515564,0.43315262,-1.1090612,0.5199094,0.0,0.0,0.0
0.26919556,6.497711,8.489731,-0.19041231,-0.03156233,1.1871467,0.0,0.0,0.0
0.12322998,6.427124,7.901108,-0.31287062,-0.098623276,0.5939317,0.0,0.0,0.0
0.07777405,6.36969,7.2323,-0.3213875,-0.19502306,-0.042010784,0.0,0.0,0.0
-0.09451294,6.153137,6.929611,-0.4640687,-0.44102764,-0.319582,0.0,0.0,0.0
-0.41156006,6.131607,6.2823486,-0.75236064,-0.48244667,-0.9501147,0.0,0.0,0.0
-0.38165283,6.1543427,6.06221,-0.7119144,-0.4803853,-1.151783,0.0,0.0,0.0
-0.058624268,6.20578,5.9724884,-0.39343664,-0.43444872,-1.2362318,0.0,0.0,0.0
-0.13400269,6.037094,6.4953156,-0.45815578,-0.58601475,-0.7296238,0.0,0.0,0.0
-0.49890137,6.0634155,7.0660095,-0.7978572,-0.5305867,-0.18658686,0.0,0.0,0.0
-0.43429565,6.130417,7.368698,-0.70266056,-0.4076867,0.06448221,0.0,0.0,0.0
0.055038452,6.2644043,7.4476624,-0.2356992,-0.24956703,0.12277174,0.0,0.0,0.0
0.39242554,6.1615143,7.4033966,0.05594185,-0.34417725,0.073106766,0.0,0.0,0.0
0.7513428,6.4582214,7.680954,0.34045535,-0.047887325,0.3548293,0.0,0.0,0.0
1.1234283,6.6723785,7.7695007,0.68857384,0.16310406,0.44757223,0.0,0.0,0.0
1.3615112,6.8231354,7.482361,0.9128227,0.2919259,0.18082905,0.0,0.0,0.0
2.0745697,7.466797,6.6640167,1.6100223,0.92161226,-0.6239972,0.0,0.0,0.0
0.55752563,5.8217316,6.602997,0.09089324,-0.75624514,-0.65529966,0.0,0.0,0.0
-0.0657959,5.728424,6.7716827,-0.48887557,-0.82671785,-0.5099039,0.0,0.0,0.0
-0.19142151,6.0382843,6.8195496,-0.5713288,-0.48322392,-0.49454546,0.0,0.0,0.0
-0.3517456,6.0155487,6.4498596,-0.7002022,-0.4632058,-0.9036908,0.0,0.0,0.0
-0.3062744,6.197403,6.2596283,-0.6576028,-0.25223255,-1.119339,0.0,0.0,0.0
-0.023925781,6.090927,7.0863495,-0.3978837,-0.3029213,-0.3399043,0.0,0.0,0.0
0.24047852,6.0634155,7.6498566,-0.14425093,-0.26458693,0.1679616,0.0,0.0,0.0
0.42591858,6.0263214,8.105682,0.03140503,-0.23471975,0.56816864,0.0,0.0,0.0
0.31225586,5.95932,8.134399,-0.0829573,-0.22848606,0.53668594,0.0,0.0,0.0
0.26679993,5.8588257,7.9896393,-0.12433788,-0.30104446,0.36904907,0.0,0.0,0.0
0.3397827,5.91745,7.7886353,-0.04763025,-0.23099136,0.15863037,0.0,0.0,0.0
0.52163696,6.027527,7.8018036,0.13976175,-0.124305725,0.17425394,0.0,0.0,0.0
0.48335266,6.110077,7.554138,0.10864508,-0.053896904,-0.0639596,0.0,0.0,0.0
0.32183838,6.2033997,6.480957,-0.051800936,0.01514864,-1.117485,0.0,0.0,0.0
0.5694885,6.214157,5.9449615,0.15547219,-0.015462875,-1.6174994,0.0,0.0,0.0
1.1090698,6.1914215,7.0456696,0.6596446,-0.030582428,-0.52103853,0.0,0.0,0.0
2.3509521,6.5778656,7.7730865,1.9700224,0.42289066,0.14802504,0.0,0.0,0.0
1.0911255,6.376877,7.9944153,0.77057505,0.24553537,0.34756756,0.0,0.0,0.0
0.43310547,5.699707,7.2933197,0.3879156,-0.3440237,-0.42948198,0.0,0.0,0.0
-0.69511414,5.17807,6.673584,-0.45295754,-0.80910206,-1.0895023,0.0,0.0,0.0
-1.1437683,5.24028,6.6807556,-0.58244103,-0.62825584,-1.156054,0.0,0.0,0.0
-1.4967041,5.09671,6.422333,-0.7479968,-0.65372515,-1.4860373,0.0,0.0,0.0
-2.342575,3.9254303,5.6889343,-1.3636079,-1.6165586,-2.3421535,0.0,0.0,0.0
-2.2324982,4.76651,6.3505554,-1.116468,-0.5708184,-1.8003826,0.0,0.0,0.0
-0.6508484,4.7270203,8.970688,0.57841074,-0.3848729,0.69253254,0.0,0.0,0.0
-1.6235352,4.4398804,8.873779,-0.23503971,-0.32733488,0.41705894,0.0,0.0,0.0
-2.2061768,4.2927246,8.414368,-0.75461507,-0.3078723,-0.12365723,0.0,0.0,0.0
-3.348755,3.3750763,7.7850494,-1.8728951,-1.1088314,-0.81069374,0.0,0.0,0.0
-2.8989105,3.4851532,8.388046,-1.4932699,-0.8285284,-0.306015,0.0,0.0,0.0
-1.7946167,3.6813507,9.218353,-0.48201036,-0.53548527,0.46245575,0.0,0.0,0.0
-1.5302124,3.9026947,9.970886,-0.37783682,-0.19914341,1.1381435,0.0,0.0,0.0
-1.6115723,3.6430664,9.547363,-0.51640034,-0.43339205,0.69561386,0.0,0.0,0.0
-1.8149567,3.5533447,9.223129,-0.8061757,-0.56905794,0.38239765,0.0,0.0,0.0
-0.73698425,3.726822,9.395416,0.19046825,-0.44679165,0.56981945,0.0,0.0,0.0
-0.8949127,3.9876404,8.928818,-0.050338745,-0.24401903,0.12256241,0.0,0.0,0.0
-0.57547,3.8727875,8.931213,0.15137768,-0.4466586,0.15713406,0.0,0.0,0.0
-0.55513,4.023529,8.944366,0.054560423,-0.35234165,0.18934345,0.0,0.0,0.0
-0.83270264,4.0773773,8.664413,-0.4060109,-0.39554834,-0.052309036,0.0,0.0,0.0
-0.3637085,4.347763,8.287537,-0.052238494,-0.21529055,-0.38724995,0.0,0.0,0.0
-0.34695435,4.5296173,7.5888367,-0.18100877,-0.22207022,-0.9881277,0.0,0.0,0.0
-0.53359985,4.791626,7.1485596,-0.43427277,-0.08880472,-1.3568459,0.0,0.0,0.0
-0.29910278,4.9902344,7.1569366,-0.3047737,-0.07018137,-1.2432146,0.0,0.0,0.0
0.41516113,5.215164,7.186844,0.35062805,0.07504177,-1.164526,0.0,0.0,0.0
1.1940155,4.9794617,7.883148,1.0942838,-0.22656536,-0.4269495,0.0,0.0,0.0
0.62571716,4.800003,7.6510468,0.5558647,-0.4407525,-0.63749886,0.0,0.0,0.0
-0.35414124,5.9126587,8.281555,-0.38930225,0.6485367,0.007610321,0.0,0.0,0.0
-0.32063293,5.6805573,8.006378,-0.29657054,0.35470963,-0.22801018,0.0,0.0,0.0
-0.24765015,5.6685944,7.7515564,-0.17440896,0.25316954,-0.42390633,0.0,0.0,0.0
0.40678406,5.4544373,7.010971,0.52309513,-0.06973791,-1.0909014,0.0,0.0,0.0
0.44865417,5.5668945,6.86261,0.6380633,-0.111504555,-1.1305308,0.0,0.0,0.0
0.21655273,5.5633087,6.9870453,0.43719834,-0.1558609,-0.97617006,0.0,0.0,0.0
0.17468262,5.417343,7.060028,0.53861165,-0.3777089,-0.84283924,0.0,0.0,0.0
0.29910278,4.9998016,6.953537,0.71751565,-0.7805338,-0.9574075,0.0,0.0,0.0
-0.61854553,4.8969116,7.831711,-0.13899344,-0.8215866,-0.120596886,0.0,0.0,0.0
-1.6103668,4.4985046,9.031708,-1.1003437,-1.1748314,1.0490065,0.0,0.0,0.0
-1.4967041,4.8969116,9.140579,-0.85333073,-0.5816355,1.0324364,0.0,0.0,0.0
-1.4883423,5.170883,8.766098,-0.789533,-0.29405594,0.6533613,0.0,0.0,0.0
-1.4620209,5.294113,8.635696,-0.7471424,-0.21541977,0.55458355,0.0,0.0,0.0
-1.5625153,5.36232,7.895111,-0.84880406,-0.21934986,-0.13644886,0.0,0.0,0.0
-1.5361938,5.4831543,7.073181,-0.86042774,-0.26487732,-0.84350157,0.0,0.0,0.0
-1.076767,5.7631073,6.443878,-0.41955358,-0.043117523,-1.4317942,0.0,0.0,0.0
-0.73220825,5.9772644,6.2727814,-0.13567668,-0.00939703,-1.4715343,0.0,0.0,0.0
-0.85543823,6.025131,6.3517456,-0.31373364,-0.12613058,-1.2665825,0.0,0.0,0.0
-0.58743286,6.150757,6.278763,-0.07493031,-0.08063316,-1.2762036,0.0,0.0,0.0
-0.4905243,6.2775726,6.0155487,-0.017391354,-0.07538986,-1.4400802,0.0,0.0,0.0
-0.6628113,6.1591187,6.32782,-0.20394647,-0.24169683,-1.0876632,0.0,0.0,0.0
-0.63409424,6.06102,6.562317,-0.18513793,-0.35757875,-0.8383875,0.0,0.0,0.0
-0.54914856,5.9928284,6.924835,-0.123373985,-0.41329956,-0.48803377,0.0,0.0,0.0
-0.4247284,6.072983,7.3256226,-0.025025249,-0.314003,-0.10519409,0.0,0.0,0.0
-0.4091797,6.1375885,7.3746796,-0.06030062,-0.21895504,-0.08474541,0.0,0.0,0.0
-0.4139557,6.1615143,7.450058,-0.09209642,-0.17861271,-0.024537563,0.0,0.0,0.0
-0.36489868,6.06102,7.5888367,-0.068867326,-0.25633526,0.093919754,0.0,0.0,0.0
-0.3134613,6.070587,7.6941223,-0.031736553,-0.23597813,0.18957329,0.0,0.0,0.0
-0.47976685,6.1495514,7.7635193,-0.21141508,-0.15112352,0.25353432,0.0,0.0,0.0
-0.4558258,6.135193,7.3256226,-0.19939664,-0.17227888,-0.17907143,0.0,0.0,0.0
-0.43070984,6.0586243,7.075577,-0.19815212,-0.279953,-0.4036436,0.0,0.0,0.0
-0.43070984,6.0430756,6.989441,-0.21699817,-0.329535,-0.4613676,0.0,0.0,0.0
-0.38046265,6.06102,7.0671997,-0.18188588,-0.33427143,-0.36457014,0.0,0.0,0.0
-0.4558258,6.18544,7.056427,-0.2751867,-0.24067831,-0.34916258,0.0,0.0,0.0
-0.35891724,6.2883453,6.908081,-0.188721,-0.16221619,-0.47647524,0.0,0.0,0.0
-0.3397827,6.2309113,6.795624,-0.1760536,-0.24804688,-0.564178,0.0,0.0,0.0
-0.3134613,6.214157,6.7286224,-0.15488426,-0.2807517,-0.6172199,0.0,0.0,0.0
-0.28474426,6.3146515,6.7118683,-0.13090852,-0.18889761,-0.6264262,0.0,0.0,0.0
-0.19621277,6.214157,6.989441,-0.04614231,-0.29619408,-0.34289742,0.0,0.0,0.0
-0.16151428,6.217743,7.0695953,-0.014731541,-0.29188347,-0.26345348,0.0,0.0,0.0
-0.107681274,6.253647,7.0181427,0.041928902,-0.25906372,-0.31210947,0.0,0.0,0.0
-0.110076904,6.2392883,7.1904297,0.050793007,-0.27327013,-0.13971996,0.0,0.0,0.0
-0.25842285,6.2895355,7.6821594,-0.086199224,-0.21570921,0.34577656,0.0,0.0,0.0
-0.31944275,6.233307,7.923828,-0.12861678,-0.2642932,0.58113337,0.0,0.0,0.0
-0.4295044,6.3433685,7.527817,-0.22623545,-0.17062283,0.19999409,0.0,0.0,0.0
-0.447464,6.3732758,7.1928253,-0.22224535,-0.20129347,-0.080049515,0.0,0.0,0.0
-0.4127655,6.4127655,6.9260254,-0.17194848,-0.21715927,-0.2959199,0.0,0.0,0.0
-0.32781982,6.541977,6.3062897,-0.063643485,-0.18135595,-0.82795095,0.0,0.0,0.0
-0.25602722,6.582657,6.2488556,0.023542076,-0.19675636,-0.83152485,0.0,0.0,0.0
-0.37806702,6.587448,6.258423,-0.090159416,-0.21228027,-0.80211496,0.0,0.0,0.0
-0.59103394,6.579071,6.345764,-0.29212427,-0.24013996,-0.6954999,0.0,0.0,0.0
-0.74775696,6.6089783,6.419937,-0.4026558,-0.25622272,-0.5743685,0.0,0.0,0.0
-0.75613403,6.6484528,6.4737854,-0.37752232,-0.22840643,-0.5073209,0.0,0.0,0.0
-0.7501526,6.6628113,6.6065826,-0.3433057,-0.21263075,-0.37433147,0.0,0.0,0.0
-0.73698425,6.571884,6.653244,-0.31884274,-0.29856157,-0.33192062,0.0,0.0,0.0
-0.6616211,6.562317,6.562317,-0.2413711,-0.30709076,-0.42374134,0.0,0.0,0.0
-0.31825256,6.6352997,6.71904,0.09892106,-0.2348795,-0.2664442,0.0,0.0,0.0
-0.24885559,6.6759796,6.8638153,0.13634783,-0.19886065,-0.118918896,0.0,0.0,0.0
-0.27876282,6.6101685,6.891327,0.0957661,-0.2598791,-0.09670305,0.0,0.0,0.0
-0.38046265,6.5455627,6.90329,-0.004814446,-0.31315994,-0.09579563,0.0,0.0,0.0
-0.36012268,6.6053925,6.9308167,0.01456207,-0.2441907,-0.07726526,0.0,0.0,0.0
-0.3864441,6.6305084,6.801605,-0.014159232,-0.21800518,-0.20764971,0.0,0.0,0.0
-0.35772705,6.632904,6.6137543,0.0031570196,-0.22010565,-0.39170122,0.0,0.0,0.0
-0.40797424,6.583847,6.460617,-0.061500996,-0.276021,-0.5388508,0.0,0.0,0.0
-0.3744812,6.562317,6.415161,-0.034490496,-0.2981577,-0.5840306,0.0,0.0,0.0
-0.38523865,6.5575256,6.7812653,-0.04956305,-0.29044437,-0.23036909,0.0,0.0,0.0
-0.5001068,6.580261,6.8614197,-0.16529506,-0.25098085,-0.16655445,0.0,0.0,0.0
-0.47257996,6.5946198,6.776474,-0.14301315,-0.22391033,-0.26408148,0.0,0.0,0.0
-0.47737122,6.5778656,6.714264,-0.15252456,-0.23401785,-0.33294153,0.0,0.0,0.0
-0.38165283,6.4342957,6.4857483,-0.06089002,-0.37041807,-0.56856775,0.0,0.0,0.0
-0.41993713,6.455841,6.36969,-0.10284245,-0.33737087,-0.69586754,0.0,0.0,0.0
-0.33738708,6.47258,6.9344025,-0.035226792,-0.28799963,-0.16303778,0.0,0.0,0.0
-0.27278137,6.4582214,7.270584,0.016665965,-0.2660532,0.13821125,0.0,0.0,0.0
-0.22732544,6.4534454,7.2885437,0.05331883,-0.23860216,0.12557507,0.0,0.0,0.0
-0.26679993,6.4259186,7.167694,0.009674251,-0.24349117,-0.016518593,0.0,0.0,0.0
-0.2715912,6.4630127,6.989441,0.0026106536,-0.19652319,-0.20401335,0.0,0.0,0.0
-0.26919556,6.399597,6.98584,0.008943886,-0.2560773,-0.2110362,0.0,0.0,0.0
-0.2907257,6.3756714,7.0408783,-0.010708153,-0.27080393,-0.16442156,0.0,0.0,0.0
-0.20936584,6.41037,6.8841553,0.06773436,-0.23648214,-0.32090998,0.0,0.0,0.0
-0.22612,6.4378967,6.702301,0.039016873,-0.22466755,-0.48868847,0.0,0.0,0.0
-0.3397827,6.4426727,6.666397,-0.07466972,-0.22587347,-0.5190463,0.0,0.0,0.0
-0.26560974,6.378067,7.051651,-0.009249479,-0.29056883,-0.134027,0.0,0.0,0.0
0.0035858154,6.4450684,7.2215424,0.2179248,-0.21858406,0.02986765,0.0,0.0,0.0
0.059814453,6.522827,7.092331,0.24375057,-0.14575148,-0.09561825,0.0,0.0,0.0
-0.0765686,6.4534454,6.422333,0.08944006,-0.23116493,-0.7511468,0.0,0.0,0.0
-0.14356995,6.345764,6.029907,0.026299179,-0.34616995,-1.1366506,0.0,0.0,0.0
-0.08734131,6.317047,6.67717,0.08900395,-0.36562443,-0.49786997,0.0,0.0,0.0
-0.6687927,6.45105,7.615158,-0.45853454,-0.16626644,0.38070536,0.0,0.0,0.0
-0.09690857,6.2476654,7.5170593,0.14613801,-0.32197142,0.24030256,0.0,0.0,0.0
-0.5276184,6.476181,7.278961,-0.23194373,-0.06868601,-0.018139362,0.0,0.0,0.0
-0.69511414,6.3840485,7.377075,-0.3528668,-0.15402794,0.07592392,0.0,0.0,0.0
-0.45703125,6.0753784,7.3962097,-0.086034,-0.45095348,0.085960865,0.0,0.0,0.0
-0.6652069,6.366104,7.225128,-0.26799992,-0.16293764,-0.08132267,0.0,0.0,0.0
-0.5132599,6.4008026,6.801605,-0.10905942,-0.14682102,-0.48781347,0.0,0.0,0.0
-0.56111145,6.4378967,6.5682983,-0.13860667,-0.1416378,-0.691288,0.0,0.0,0.0
-0.5539398,6.3756714,6.592224,-0.11127272,-0.21250963,-0.6583142,0.0,0.0,0.0
-0.72262573,6.3397827,6.837494,-0.25818703,-0.24825859,-0.41180897,0.0,0.0,0.0
-0.76330566,6.3433685,6.735794,-0.27745447,-0.24262762,-0.5139642,0.0,0.0,0.0
-0.7118683,6.399597,6.604187,-0.22431248,-0.19151449,-0.6408057,0.0,0.0,0.0
-0.6017914,6.356537,6.847061,-0.12208721,-0.236938,-0.39630604,0.0,0.0,0.0
-0.49172974,6.3194427,7.0671997,-0.02691853,-0.2662382,-0.18422365,0.0,0.0,0.0
-0.45463562,6.366104,7.2849426,-0.017092586,-0.20896578,0.022202015,0.0,0.0,0.0
-0.35533142,6.3828583,7.2669983,0.06983015,-0.19613409,0.0070753098,0.0,0.0,0.0
-0.47138977,6.291931,7.032501,-0.051619142,-0.2973523,-0.21839714,0.0,0.0,0.0
-0.48214722,6.2859497,7.1078796,-0.06763634,-0.31711674,-0.13077259,0.0,0.0,0.0
-0.5670929,6.291931,7.002594,-0.15288982,-0.31629944,-0.23136187,0.0,0.0,0.0
-0.5862427,6.3804626,7.0169525,-0.1687985,-0.2326436,-0.2123599,0.0,0.0,0.0
-0.5862427,6.448654,6.8207397,-0.16516048,-0.16974783,-0.40351295,0.0,0.0,0.0
-0.6077728,6.3338013,6.924835,-0.18098843,-0.2907524,-0.29344273,0.0,0.0,0.0
-0.5407715,6.3421783,6.924835,-0.114601314,-0.28026772,-0.2954116,0.0,0.0,0.0
-0.6029968,6.3708954,6.8147583,-0.1818006,-0.25811052,-0.3997593,0.0,0.0,0.0
-0.6089783,6.3672943,6.879364,-0.1978766,-0.2828126,-0.31629133,0.0,0.0,0.0
-1.1377869,6.2321014,7.4560394,-0.73096335,-0.42707872,0.26853657,0.0,0.0,0.0
-1.3938141,6.192627,7.5505524,-1.001781,-0.4891839,0.38325882,0.0,0.0,0.0
-1.3435669,6.258423,6.522827,-0.9910207,-0.4814496,-0.59196186,0.0,0.0,0.0
-1.1760712,6.6017914,5.297714,-0.86798906,-0.23530912,-1.7257838,0.0,0.0,0.0
-0.8410797,6.7501526,4.487732,-0.6028684,-0.3166933,-2.3073645,0.0,0.0,0.0
-0.7238312,6.665207,4.5140533,-0.5094051,-0.4490013,-2.2322378,0.0,0.0,0.0
-0.36131287,6.7716827,4.9818573,-0.1761399,-0.33994293,-1.7680235,0.0,0.0,0.0
-0.04067993,6.7202454,4.936386,0.067269504,-0.33487368,-1.8741965,0.0,0.0,0.0
0.095718384,6.7788696,4.9507446,0.14061049,-0.21321297,-1.9252386,0.0,0.0,0.0
0.8231354,6.6089783,5.4436646,0.76141053,-0.23207283,-1.5824723,0.0,0.0,0.0
1.2993011,6.078964,6.275177,1.1727921,-0.632308,-0.8741727,0.0,0.0,0.0
1.3878326,5.5860443,6.920044,1.2042458,-0.9807534,-0.36101723,0.0,0.0,0.0
1.1318054,5.64946,7.529022,0.86731464,-0.6397848,0.009325981,0.0,0.0,0.0
1.1772614,5.358719,8.7960205,0.8670973,-0.64348364,1.0469723,0.0,0.0,0.0
1.1090698,5.1110687,9.004196,0.78887165,-0.71517277,1.1223965,0.0,0.0,0.0
0.87815857,4.939987,9.1501465,0.5555133,-0.8176422,1.2181864,0.0,0.0,0.0
0.51805115,5.1792603,9.298508,0.18110141,-0.32896566,1.1919479,0.0,0.0,0.0
0.5778656,5.1637115,9.663422,0.24486539,-0.12224293,1.4100475,0.0,0.0,0.0
0.62213135,4.651642,9.600006,0.29769772,-0.56233263,1.3006325,0.0,0.0,0.0
0.5934143,4.754532,9.352341,0.2876856,-0.29677057,0.95226574,0.0,0.0,0.0
0.6699829,4.9914246,8.928818,0.35111797,0.03289938,0.47413063,0.0,0.0,0.0
0.92362976,5.016556,8.805588,0.5881022,0.10729408,0.3228426,0.0,0.0,0.0
1.0085754,4.960327,8.561523,0.6733254,0.05976057,0.07374096,0.0,0.0,0.0
0.94636536,4.9052887,8.122437,0.6228372,-0.012878418,-0.35561466,0.0,0.0,0.0
0.7537384,4.923233,7.7276154,0.43982252,-0.017863274,-0.7374544,0.0,0.0,0.0
0.24287415,4.774872,7.5684967,-0.058965713,-0.19047165,-0.88281345,0.0,0.0,0.0
0.15194702,4.741379,7.6402893,-0.12847427,-0.24370813,-0.80012894,0.0,0.0,0.0
0.0011901855,4.680359,7.779068,-0.26183695,-0.30980396,-0.6589098,0.0,0.0,0.0
-0.033493042,4.693527,8.090134,-0.28989887,-0.29804087,-0.34721756,0.0,0.0,0.0
-0.098098755,4.6947174,8.344971,-0.33763915,-0.2953639,-0.09375572,0.0,0.0,0.0
0.14117432,4.9208374,7.5756836,-0.06760569,-0.095098495,-0.8485193,0.0,0.0,0.0
0.5694885,4.750946,7.578064,0.3616658,-0.3147254,-0.816349,0.0,0.0,0.0
0.6424713,4.893326,8.280365,0.40725517,-0.16908407,-0.11529255,0.0,0.0,0.0
0.5886383,4.9507446,8.98027,0.3001718,-0.078483105,0.56635094,0.0,0.0,0.0
0.54556274,4.924423,8.859421,0.16897595,-0.05872059,0.42159843,0.0,0.0,0.0
0.68315125,4.774872,8.541183,0.25962806,-0.20359325,0.102825165,0.0,0.0,0.0
0.6616211,4.7820587,7.984848,0.19860154,-0.22726297,-0.4331503,0.0,0.0,0.0
0.61016846,4.7653046,7.643875,0.1396169,-0.2745328,-0.7554703,0.0,0.0,0.0
0.6460571,4.877762,7.4249268,0.17089203,-0.1915803,-0.95638466,0.0,0.0,0.0
0.6089783,4.914856,7.409378,0.12709343,-0.17612791,-0.95842075,0.0,0.0,0.0
