0.254,8.245,5.471,0.065699816,0.1733141,0.043522835,0.041097444,0.118974276,9.949494
0.228,8.306,5.759,0.047234178,0.14200068,-0.005166054,0.011643291,0.119288616,9.89641
0.015,8.207,5.997,-0.13628507,0.049729824,-0.08749151,-0.16678903,0.029282767,9.801609
0.067,8.125,5.893,0.009934902,0.16361666,-0.38539648,-0.1771922,0.34769812,9.654635
0.196,7.938,5.701,-0.024063468,0.25298166,-0.30086374,-0.19157375,0.34313962,9.781099
0.258,7.896,5.662,-0.0277884,0.17359924,0.36133337,0.084078714,-0.1113749,10.1834755
0.262,8.299,6.135,-0.092181444,0.057384014,0.44727516,0.083473794,-0.26899183,10.170685
0.006,8.53,6.052,-0.17387903,0.029729366,0.34085608,-0.02648974,-0.25769675,10.089833
-0.214,8.551,6.028,-0.20157743,0.11607885,-0.055558205,-0.22563623,0.028553512,9.880592
-0.244,8.583,6.165,-0.2007612,0.46931314,-0.11966944,-0.31917712,0.30907243,10.085003
-0.046,8.488,6.128,-0.07005012,0.537395,0.63988876,0.0849641,-0.046852957,10.639563
0.273,8.376,6.016,-0.002513051,0.36975956,0.7653799,0.22797857,-0.20918767,10.598357
0.357,8.279,5.794,-0.06212616,0.1548438,0.4741783,0.101499565,-0.20548986,10.254032
0.181,8.234,5.83,-0.059063554,0.18818617,0.51603365,0.1146085,-0.20656428,10.30604
0.055,8.189,6.141,-0.25077474,0.34018755,-0.13979769,-0.34675148,0.2125081,9.987655
-0.146,8.11,6.416,-0.21941698,0.40270662,-0.10896683,-0.3188287,0.24962868,10.047947
-0.161,8.01,6.577,-0.090860486,0.43537855,0.46843338,0.018095186,-0.02159476,10.451976
0.21,7.977,6.61,-0.030150414,0.39864826,0.7605796,0.19502985,-0.19703786,10.6199465
0.453,7.935,6.296,0.03436637,0.40912676,0.3110385,0.072882704,0.106707856,10.305262
0.465,7.921,6.245,0.040629506,0.4686308,0.14358902,2.6451817E-4,0.2505286,10.229873
0.329,7.931,6.514,0.03821957,0.4404273,0.42403936,0.1146413,0.06190684,10.405208
0.154,7.949,6.619,0.025370836,0.30303,0.2918334,0.07799432,0.04205533,10.218702
-0.074,8.037,6.486,0.023320317,0.21457672,0.36758566,0.12359175,-0.064459495,10.209484
-0.225,8.122,6.331,0.008256316,0.22950792,0.65202904,0.21967188,-0.23095305,10.4200735
0.049,8.092,6.254,-0.0139917135,0.31592464,0.39123678,0.07946255,-0.024911636,10.302771
0.209,8.046,6.086,0.011117697,0.4153924,0.16314697,-0.008381034,0.19025798,10.210411
0.332,8.037,5.893,0.020956278,0.4203925,0.37789536,0.084440105,0.06891424,10.361712
0.419,8.041,5.77,-0.007758975,0.35371208,0.33028316,0.053343464,0.040026836,10.286037
0.335,7.932,5.737,-0.08036399,0.24594879,0.28401184,-0.008417541,-0.03602736,10.189068
0.427,7.789,5.831,-0.112976074,0.16602421,0.17771006,-0.063768744,-0.04040227,10.063962
0.533,7.737,5.93,-0.11359739,0.08768654,0.04858446,-0.099934496,-0.01655399,9.9193125
0.397,7.743,5.828,-0.12731409,0.15809345,-0.048901558,-0.16468218,0.0844794,9.903277
0.52,7.856,5.792,-0.046366096,0.26304102,0.274652,0.015239281,-0.0044548684,10.189432
0.641,7.974,5.845,0.0027222633,0.23910427,0.38873482,0.108983845,-0.06895786,10.244439
0.608,7.992,5.878,0.03480208,0.2633257,0.26243877,0.08280618,0.036738094,10.168893
0.342,7.982,5.894,-0.0011073351,0.3125353,0.39586735,0.093652844,-0.024503237,10.301643
0.413,8.023,5.851,-0.15731394,0.21832037,0.27725697,-0.07437403,-0.08250534,10.17671
0.382,8.096,5.779,-0.2571491,0.16688347,-0.19989586,-0.34241217,0.12792198,9.824644
0.103,8.196,5.769,-0.22913122,0.11860561,-0.26685524,-0.334299,0.14682797,9.739822
0.005,8.348,5.658,-0.1867578,0.08260536,0.009346962,-0.18007909,-0.026417365,9.899725
0.181,8.397,5.625,-0.122175336,0.17492914,-0.09199715,-0.18033567,0.12429318,9.884242
0.249,8.274,5.741,-0.056390405,0.32055712,0.12072039,-0.0663281,0.12350351,10.124231
0.31,8.199,5.894,-0.013577938,0.3842106,0.5686822,0.13568054,-0.08354034,10.474342
0.368,8.19,5.891,-0.123492,0.2882061,0.6121917,0.07293569,-0.22103772,10.453887
0.225,8.315,5.83,-0.20975268,0.0674448,0.57239103,0.024250746,-0.38452503,10.283859
0.186,8.505,6.01,-0.21361291,0.021152496,-0.07890034,-0.22696747,-0.027004179,9.798918
0.131,8.496,6.194,-0.1867522,0.16723585,-0.6127882,-0.44331142,0.40427038,9.526663
-0.014,8.544,6.252,-0.1489557,0.45357466,-0.50985956,-0.4261338,0.5532721,9.793404
-0.175,8.675,6.267,-0.09270668,0.58828354,0.035954,-0.18790704,0.3414472,10.25839
0.035,8.605,6.351,0.0049717426,0.50247765,0.6766019,0.16844094,-0.058950506,10.630331
0.215,8.42,6.499,-0.016939402,0.36410093,0.78926563,0.2208424,-0.22988467,10.615462
0.268,8.283,5.997,-0.09072614,0.27050972,0.72044563,0.14677234,-0.283839,10.512584
0.39,8.443,5.8,-0.09283948,0.24714518,0.30923033,-0.0122398585,-0.055463012,10.209263
0.286,8.449,5.957,-0.12961113,0.30156803,-0.29753637,-0.29647192,0.32839972,9.829641
0.089,8.348,6.168,-0.06692302,0.44546652,-0.19394302,-0.22991835,0.39070633,9.993785
-0.175,8.254,6.274,-0.009565353,0.5794158,-0.043875217,-0.14812076,0.4161972,10.184247
-0.083,8.177,5.931,-0.0021344423,0.6150603,-0.08707857,-0.1670886,0.4689969,10.178147
0.217,8.015,5.512,-0.02647698,0.62523365,0.17824316,-0.08698855,0.30678403,10.373841
0.413,7.874,5.546,-0.06337118,0.60239744,0.5582442,0.033961087,0.049610555,10.628186
0.782,7.919,5.73,-0.040572524,0.4946766,0.8117137,0.17647256,-0.16403309,10.727075
0.462,7.961,5.588,-0.16868865,0.34611225,0.8250551,0.09931621,-0.3273857,10.650405
0.155,7.962,5.818,-0.409294,0.2283907,0.6412549,-0.16243336,-0.40047163,10.473081
0.007,7.905,6.06,-0.3092116,0.27537727,0.42388391,-0.1682922,-0.19669534,10.339672
-0.068,7.799,5.936,-0.15983975,0.28944254,0.043301105,-0.1878882,0.10280006,10.062249
0.154,7.743,5.622,-0.027516484,0.26625633,-0.07503986,-0.11174661,0.213834,9.944737
0.523,7.768,5.539,0.18881512,0.37857914,0.09251785,0.12270976,0.28288254,10.11071
0.845,7.896,5.632,0.4329142,0.37701178,0.15932465,0.36689004,0.34685567,10.1229105
0.632,8.065,5.793,0.618265,0.32347584,0.29171467,0.5968614,0.3104583,10.152132
0.305,8.129,6.038,0.6730046,0.35488224,0.55042744,0.7426651,0.19851746,10.345989
0.222,8.135,6.235,0.12055457,0.26875448,0.63634634,0.30155486,-0.14749528,10.422288
0.005,8.21,6.373,0.103946686,-0.0443058,-0.25156355,0.0037704243,0.16438213,9.585253
-0.095,8.356,6.489,-0.47882164,0.53781605,-0.27909803,-0.6457223,0.338587,10.061236
0.253,8.568,6.445,-0.089613676,0.10413885,-0.02955389,-0.112348795,0.05259582,9.872682
0.36,8.717,6.319,-0.3543675,0.07030153,-0.094341755,-0.36959624,-0.038026508,9.843686
0.203,8.738,6.214,-0.50050974,0.052444458,0.10265303,-0.42222798,-0.22868346,9.988929
0.176,8.676,6.304,-0.7290524,0.30650377,0.41792965,-0.5578023,-0.3453621,10.414687
0.191,8.485,6.57,-0.7514529,0.5901518,0.37023115,-0.65870136,-0.14674732,10.57776
0.184,8.224,6.589,-0.88875175,0.7196264,0.26276064,-0.8588413,-0.0706442,10.603007
0.166,8.24,6.275,-0.77998173,0.95731735,0.0119485855,-0.92501456,0.26102468,10.58201
0.168,8.368,5.766,-0.49804044,1.1784115,-0.08497715,-0.78733087,0.55709,10.651446
0.544,8.304,5.895,-0.3128656,1.4154787,0.09004831,-0.634659,0.65943736,10.934446
0.675,8.016,6.627,-0.34239703,1.3474736,0.7965307,-0.40513083,0.10268941,11.353488
0.222,7.801,6.827,0.6546544,1.2338796,1.0907569,0.5838139,0.27760836,11.456765
0.1,7.687,6.584,0.7370268,0.97225857,0.9447684,0.6625517,0.20986736,11.184353
0.086,7.543,6.542,0.2554419,0.6606002,0.67558336,0.24834257,-0.01974345,10.753219
0.37,7.424,6.535,-0.054189205,0.1177721,0.5757947,0.1267046,-0.39614597,10.225411
0.683,7.629,6.009,-0.17015862,-0.07960987,0.4475999,0.04637427,-0.4530682,9.974628
0.754,8.201,5.51,-0.2703758,-0.11709213,0.3498745,-0.06431024,-0.4486517,9.868305
0.447,8.271,5.584,0.010680079,-0.18004894,0.6936145,0.32536945,-0.6032306,10.016127
-0.367,8.087,5.924,-0.2375722,-0.25012493,0.35234165,0.008432211,-0.48886925,9.742746
-0.449,7.981,6.034,-0.43043286,-0.30080128,0.27946424,-0.16973647,-0.5427095,9.63198
-0.195,8.001,5.974,-0.25873494,-0.22937965,0.447196,0.0150397755,-0.56482846,9.789752
-0.035,7.999,5.956,-0.33183074,-0.34213352,0.5145006,0.012256355,-0.6936157,9.70357
0.034,8.025,5.93,-0.5978718,-0.41996288,-0.11628771,-0.42421627,-0.33009788,9.298302
0.034,8.025,5.93,-0.60362405,-0.26506424,-0.4475503,-0.6017532,-0.0013145134,9.284335
0.034,8.025,5.93,-0.5406328,-0.26239967,-0.5692172,-0.5922632,0.13371454,9.244076
0.211,7.935,6.652,-0.29975927,-0.030265808,-0.76937485,-0.5323496,0.48699397,9.403971
0.154,7.965,6.428,0.30262864,0.23680592,-0.55164695,-0.019589921,0.6714618,9.833681
0.153,7.977,6.404,0.41444933,0.16818142,0.12254572,0.34677994,0.14444591,10.0785885
0.153,7.95,5.967,-0.070246935,-0.10307598,0.01823616,-0.018804736,-0.07868567,9.70997
0.311,7.898,5.718,-0.5685036,-0.17080688,-0.9637599,-0.7892815,0.4857978,9.156852
0.649,7.804,5.864,-0.6102264,0.077599525,-1.8814054,-1.2531347,1.3040489,9.002165
0.489,7.946,5.883,-0.18785644,0.40680122,-2.5398943,-1.2553756,2.1435637,9.113104
0.143,8.09,5.91,0.16629314,0.14215088,-1.6557281,-0.5304575,1.498597,9.294676
-0.223,8.09,6.135,0.10586047,-0.028305054,-0.09175992,0.0660198,0.11991987,9.765566
-0.274,7.996,6.165,-0.018831491,0.2378931,0.6907878,0.15056969,-0.5166921,10.301112
-0.092,7.914,6.116,1.335141,0.68550396,1.1211939,1.271478,-0.084811635,11.179874
0.143,7.814,6.234,1.8513768,0.686985,1.0415597,1.6667076,0.24320142,11.272029
0.176,7.893,6.113,0.9407351,0.62267685,0.2616601,0.63998455,0.41993645,10.6757
0.0,8.081,5.744,0.46899366,0.08080864,0.545269,0.5656669,-0.19198371,10.215266
0.018,8.214,5.936,-0.16852498,-0.25764465,0.23939991,0.044859294,-0.35779265,9.658104
0.119,8.095,6.229,-0.012896419,0.058470726,-0.9463787,-0.38168454,0.7674443,9.400984
0.059,7.879,5.909,0.33355558,-0.024365425,-0.85817504,-0.021812519,0.8360425,9.420807
0.253,7.838,5.738,0.20792687,-0.2695341,-0.1397891,0.22512117,0.108906455,9.53668
0.495,8.006,5.94,-0.44832838,-0.23963451,0.41147804,-0.15591832,-0.63372374,9.763981
0.311,8.25,5.977,-0.7644151,-0.08883381,0.78639555,-0.36085093,-0.997903,10.097539
0.099,8.348,5.859,-0.9676908,-0.17822886,0.6540437,-0.5617694,-1.0291299,9.9524975
0.023,8.339,6.0,-0.6326093,0.24289417,0.19352102,-0.563995,-0.31603584,10.087138
-0.054,8.414,6.244,-0.1603947,0.56541634,0.12379265,-0.25822446,0.13133036,10.332787
0.079,8.536,6.21,-0.24030456,0.7281742,0.41431808,-0.25900555,-0.006001347,10.63883
0.251,8.69,6.381,-0.19300422,0.87638426,0.5938754,-0.17772974,-0.010564145,10.867917
0.152,8.763,6.756,0.057661235,1.0920234,0.527513,-0.014104439,0.28113097,10.9876995
0.053,8.718,6.927,-0.128762,1.0566969,-0.09041214,-0.3833704,0.62218076,10.585931
0.048,8.509,6.826,-0.22981817,1.0951223,-0.4426241,-0.59893686,0.85548604,10.404515
0.31,8.231,6.36,-0.23348546,1.1563907,-0.3553295,-0.5723517,0.8371893,10.506323
0.568,8.039,6.163,-0.21238995,0.95295286,-0.15412378,-0.43186972,0.59180266,10.470157
0.548,7.944,5.997,-0.055425286,0.90520954,0.082722664,-0.1871143,0.46794626,10.56516
0.377,8.012,6.109,-0.012054682,0.8982258,0.52683353,0.022243984,0.17970255,10.832186
0.178,8.013,6.162,0.22201669,0.8280277,0.8706784,0.38120168,-0.005543184,10.967536
0.147,7.92,6.113,0.19302404,0.5870385,0.4301591,0.2410271,0.13839705,10.50641
0.169,7.763,6.089,-0.045399904,0.57282495,-0.01458025,-0.13220778,0.34631363,10.245957
0.172,7.6,5.976,-0.029270291,0.49526453,0.24785662,-0.0032163258,0.12455003,10.347071
0.499,7.507,5.794,-0.38749683,0.24879313,-0.0059304237,-0.38978437,0.018361393,10.051229
0.372,7.64,5.582,-0.4559245,0.16967583,-0.21190071,-0.5180331,0.09037359,9.877594
0.198,7.889,5.461,-0.4768089,0.23490477,-0.38975334,-0.6097895,0.24939136,9.826538
0.16,8.122,5.779,-0.46305537,0.35683155,-0.74264765,-0.74203014,0.5768275,9.706977
-0.023,8.241,6.431,-0.31430137,0.403718,-0.9276371,-0.68055165,0.78742313,9.608917
-0.251,8.25,6.675,-0.16439283,0.3068285,-0.792665,-0.4830398,0.68560255,9.591921
-0.284,8.235,6.656,-0.061798573,0.29143858,-0.68067455,-0.3458119,0.6338427,9.631345
0.164,8.244,6.292,0.119235516,0.3587036,-0.5240607,-0.1282441,0.6306988,9.7492285
0.505,8.46,5.771,0.23441541,0.3291049,-0.30352306,0.06327432,0.5001401,9.841917
0.707,8.788,5.738,0.32071102,0.3741684,-0.271976,0.14730853,0.53772444,9.883987
0.614,8.973,6.109,0.43740654,0.45450878,-0.3326583,0.22137864,0.672496,9.892115
0.062,8.973,6.728,0.25878584,0.47818375,-0.47255707,8.797862E-4,0.7188066,9.854146
-0.483,8.711,7.139,0.08664942,0.4129901,-0.37126255,-0.11145285,0.5439986,9.893531
-0.56,8.287,7.194,0.016988873,0.39980078,-0.17797852,-0.21525879,-0.32236502,10.010488
0.083,8.022,6.494,0.11662996,0.4276595,0.0057635307,0.06000681,0.3007312,10.126788
0.602,8.204,5.488,0.12711024,0.4619832,-0.0019931793,0.063377365,0.33161637,10.146655
0.8,8.476,5.491,0.10461354,0.49497652,-0.11089897,-0.002887145,0.41965613,10.110171
0.675,8.52,5.789,0.22819614,0.54876566,-0.20928526,0.06569374,0.5669639,10.073585
0.059,8.295,6.422,0.348848,0.5460386,0.41000223,0.41764757,0.17859152,10.424413
-0.36,7.85,6.701,0.012742162,0.5011196,0.56247616,0.023250898,0.19172035,10.534914
-0.256,7.418,6.42,-0.18693995,0.5595646,0.27392626,-0.12192231,0.087413825,10.43957
-0.047,7.321,5.824,-0.2621621,0.5744071,0.064136505,0.019568896,-0.3469158,10.337736
0.261,7.371,5.222,-0.31410825,0.6038065,-0.08250141,-0.37829778,0.3180043,10.281852
0.592,7.589,5.155,-0.39273155,0.69983435,-0.3020048,0.050918434,-0.73889816,10.23868
0.639,7.831,5.411,-0.22205389,0.76940775,-0.23964357,-0.372945,0.56248933,10.299846
0.4,7.89,5.891,0.17572951,0.8169937,-0.124231815,-0.46277162,-0.4699871,10.334616
0.11,7.768,6.436,0.15907836,0.840281,-0.2209096,-0.026532022,0.7345937,10.296393
0.079,7.672,6.535,0.044655323,0.8562274,-0.27050734,-0.3668341,-0.6571415,10.298474
0.304,7.684,6.037,0.14428914,0.813077,-0.27304888,-0.061153624,0.7480126,10.246204
0.377,7.798,5.667,0.26190114,0.77946854,-0.19171476,-0.52240616,-0.4931682,10.250264
0.323,7.993,5.7,0.4007343,0.69985867,0.20359468,0.37100804,0.44604847,10.402666
0.296,8.185,5.872,0.417817,0.66952133,0.45292187,0.4913297,0.2648263,10.52528
0.208,8.4,5.995,0.34648466,0.67035866,0.30025053,0.36393785,0.34341136,10.446338
0.264,8.467,6.178,0.40245223,0.60940266,-0.14500666,-0.67318964,-0.04676095,10.121285
0.374,8.332,6.272,0.5325953,0.48378754,-0.3524971,0.282412,0.7465326,9.876615
0.632,8.069,6.398,0.5913274,0.35831022,-0.3649478,-0.47660506,0.61806333,9.760979
0.718,7.998,6.502,0.6289432,0.34347725,-0.23916721,0.43104178,0.62035185,9.817308
0.717,8.037,6.677,0.57198226,0.3443408,-0.12087774,-0.28895456,0.6067657,9.899853
0.351,8.198,6.386,0.39369857,0.31248713,-0.083180904,0.28443974,0.40398842,9.93096
0.199,8.293,6.229,0.3234192,0.3831606,-0.13897467,-0.45554036,0.19394718,9.966627
0.068,8.335,6.32,0.46741438,0.48483324,0.07266474,0.3924024,0.43326837,10.148876
0.082,8.372,6.32,0.4572661,0.5453377,0.1217823,-0.4565118,0.36687857,10.228923
0.524,8.532,6.266,0.2220484,0.46150064,-0.099552155,0.09969793,0.4377389,10.072439
0.821,8.661,6.267,-0.16609251,0.3442526,-0.31222343,-0.1361646,-0.46047863,9.920661
0.554,8.537,6.574,-0.26466846,0.30328608,-0.5304718,-0.49922937,0.43963528,9.776263
0.161,8.167,6.957,-0.27694273,0.35477924,-0.74133825,-0.16873531,-0.8431388,9.693541
-0.072,7.831,6.836,-0.18079841,0.48755074,-0.5583215,-0.4586764,0.6042417,9.888044
0.11,7.722,6.309,0.17119849,0.5311794,-0.1873498,-0.517362,0.064246096,10.080093
0.463,7.967,5.949,0.35426617,0.5171685,0.019638062,0.26100865,0.447564,10.160084
0.515,8.387,6.037,0.3698964,0.51617527,0.078240395,0.29979166,0.41470385,10.190743
0.182,8.674,6.32,0.04515612,0.49025297,0.025982857,-0.009954678,0.30331534,10.195189
-0.143,8.647,6.647,-0.09480381,0.54274607,-0.25424528,-0.5043305,-0.18224102,10.090626
-0.339,8.333,6.711,-0.014164805,0.71319866,-0.52013063,-0.3231736,0.7858905,10.046074
-0.19,8.017,6.43,0.17285848,0.8644366,-0.42038155,-0.8963621,0.0697945,10.188111
0.109,7.864,5.965,0.14522743,0.8334389,-0.19258022,-0.05916412,0.7073655,10.305581
0.314,7.917,5.571,-0.11528957,0.6768031,-0.1808734,-0.55669564,-0.08963104,10.238072
0.422,8.139,5.609,-0.35077155,0.54183245,-0.1070838,-0.43144345,0.26686656,10.219842
0.46,8.304,5.945,-0.31294703,0.6026387,0.0077695847,-0.3589967,0.24267572,10.329526
0.457,8.307,6.016,-0.13732684,0.6782255,-0.21706629,-0.31115088,0.5092119,10.218784
0.182,8.174,6.45,0.23183048,0.8691597,-0.69024515,-0.21593654,1.0935537,10.014338
0.088,8.06,6.397,0.4386214,0.9375324,-0.63563824,-0.024192367,1.1867803,10.064251
0.314,7.846,6.284,0.6265476,0.79969263,-0.15795803,0.36484918,0.8678111,10.219939
0.556,7.605,6.17,0.31448698,0.68314314,0.039417267,0.18731774,0.53513134,10.302319
0.483,7.36,5.953,0.04614389,0.5528116,0.10553312,-0.004331246,0.2978211,10.286389
0.407,7.266,5.659,-0.081166625,0.48131323,-0.04131031,-0.16981462,0.2949907,10.15893
0.25,7.267,5.573,-0.15893853,0.38830662,-0.35518074,-0.35766125,0.40671566,9.900764
0.238,7.312,5.492,-0.2951876,0.26291943,-0.4680333,-0.5058053,0.34165552,9.754208
0.304,7.31,5.435,-0.59077287,0.16508293,-0.6843996,-0.8438416,0.29061356,9.587236
0.267,7.312,5.602,-0.5496305,0.20883226,-0.9359703,-0.92191494,0.4931784,9.448052
0.095,7.43,5.603,-0.11590397,0.45569706,-0.5492916,-0.42115852,0.5877302,9.810316
0.137,7.586,4.977,0.63251096,0.8340502,-0.20435,0.30603743,0.94070756,10.205245
0.266,7.673,5.22,1.1850338,1.1624932,0.3240013,0.93880373,1.0718327,10.717964
0.326,7.761,5.746,1.0088836,1.1927853,0.89218235,1.006178,0.6663326,11.140884
0.016,7.991,7.001,0.56505615,1.15242,1.1591139,0.7313873,0.27859017,11.3488455
-0.162,8.17,7.223,-0.076014996,1.0738955,0.4152832,-0.12721838,0.39828405,10.882139
0.046,8.454,6.96,-0.6767049,0.90239334,-0.24462652,-0.89436334,0.42530474,10.399368
0.154,8.685,6.337,-0.8282993,0.82707024,-0.55926657,-1.1432663,0.5027586,10.15748
0.158,8.942,6.121,-0.8397198,0.7627907,-0.72697115,-1.210618,0.55857867,10.001225
0.349,9.146,6.481,-0.9542122,0.8668995,-0.6221652,-1.2922277,0.5038285,10.1608095
0.218,9.194,7.377,-0.7972567,1.0123463,-0.06938934,-0.957803,0.3199472,10.610098
0.044,9.062,7.574,-0.15922844,0.90592194,0.5024681,-0.13788134,0.18971369,10.8281765
-0.374,8.637,7.701,0.15919936,0.6486192,0.20131207,0.06838255,0.35950816,10.400499
-0.226,8.032,7.094,0.050168753,0.4107461,-0.24327135,-0.16251084,0.43012825,9.944454
0.391,7.87,6.42,-0.26760232,0.20149851,-0.242311,-0.38715118,0.14364499,9.826832
0.642,7.923,6.07,-0.7207689,-0.07998228,0.53817415,-0.36741322,-0.7326845,10.18575
0.663,7.981,6.089,-0.76995945,-0.0929575,0.4908309,-0.42206943,-0.7398276,10.148565
0.417,7.956,6.161,-0.59305394,0.2567706,-0.2515459,-0.6875691,0.0099563105,9.896481
-0.036,7.802,6.248,-0.11781943,0.65215683,-0.59024525,-0.5428659,0.694177,9.911507
-0.155,7.741,6.362,0.036047935,0.8811207,-0.50998735,-0.4456906,0.8634163,10.112646
-0.247,7.506,6.292,0.059236765,0.99579287,0.009938717,-0.23156548,0.6377084,10.538031
-0.162,7.386,5.858,0.42711318,1.0856986,0.47919703,0.25655115,0.6140821,10.878043
0.005,7.412,5.487,0.8233314,1.1903958,0.4432521,0.53161,0.91485465,10.889157
0.259,7.571,5.33,0.9958405,1.2324739,0.23220015,0.5573146,1.1599365,10.759832
0.291,7.874,5.731,1.017809,1.1732764,0.13471222,0.54382306,1.1953729,10.646891
-0.017,8.114,6.213,0.83709437,1.0209742,-0.08544254,0.33510014,1.1317929,10.404284
-0.372,8.151,6.275,0.69153285,1.003314,-0.3793459,0.07888631,1.2094406,10.2063875
-0.415,8.061,6.15,0.726367,1.1040063,-0.38473606,0.070007384,1.2948444,10.268105
-0.093,7.711,5.891,0.81604266,0.9368596,0.036842823,0.3938881,1.007905,10.418179
0.044,7.72,6.094,0.38092238,0.5583439,0.2798028,0.26893714,0.4009904,10.356213
0.188,7.869,6.216,-0.26539207,0.36217117,0.28376436,-0.20265734,-0.075531274,10.291777
0.048,8.139,6.037,-0.13615596,0.4797349,0.35640526,-0.10144957,0.03244815,10.4102745
-0.047,8.262,5.834,0.3120759,0.62896633,0.5807066,0.32264507,0.25461286,10.619843
-0.148,8.363,5.948,0.13932526,0.59357166,0.3337493,0.07656142,0.27722156,10.439433
-0.316,8.339,6.348,-0.3452022,0.4632721,0.37323284,-0.26796067,-0.08450982,10.434458
-0.192,8.201,6.47,-0.3691827,0.39721918,0.961391,-0.0044645374,-0.44502637,10.81674
0.035,8.081,6.329,-0.15043175,0.42161512,1.0165067,0.19157004,-0.33444598,10.848342
0.195,7.989,6.223,0.38327658,0.5298724,0.6877341,0.44823962,0.20140974,10.618537
0.189,7.887,6.1,0.7642766,0.44987202,0.2747345,0.3939713,0.7334132,10.217594
0.066,7.973,6.187,0.08204138,0.14562416,0.13844681,0.08009399,0.06951591,9.996011
0.171,8.121,6.219,-0.20260012,-0.26977682,-0.025599957,-0.085406646,-0.27589664,9.630387
0.095,8.188,6.123,0.1036728,-0.5757098,-0.12416172,0.23352207,-0.2544085,9.3184395
-0.042,8.141,6.134,0.7449685,-0.65731,0.11737633,0.9014174,-0.06266927,9.377312
0.053,8.066,6.258,0.9387307,-0.6858382,0.2932992,1.1516528,-0.048764795,9.476602
0.19,7.99,6.428,0.9017755,-0.67028856,0.11286402,1.0380868,0.0409273,9.364017
0.377,7.952,6.581,0.8540424,-0.8339343,-0.60674334,0.74760896,0.28092405,8.731878
0.335,7.925,6.482,0.72205037,-1.0633888,-0.8096552,0.6491751,0.16289851,8.442931
0.137,7.913,6.383,0.44175112,-1.4343596,-0.03482437,0.92117983,-0.62949526,8.802204
-0.037,7.984,6.214,0.23671553,-1.6886992,1.0669928,1.3423932,-1.4645048,9.4913435
-0.037,7.984,6.214,0.33001685,-1.5391736,1.1814909,1.4065156,-1.3712401,9.682953
-0.037,7.984,6.214,0.4342373,-1.0616322,0.5639372,1.0300995,-0.701596,9.523263
-0.037,7.984,6.214,0.79053247,-0.44802618,0.25622702,0.9318121,0.04977663,9.663229
-0.204,8.209,6.084,1.1479261,0.048531055,0.24868631,1.012591,0.5794587,9.950949
-0.253,8.075,6.173,0.7956709,0.32900667,0.31659698,0.64285624,0.5205941,10.203249
0.056,7.959,6.204,0.3429949,0.32440948,0.52955675,0.36634737,0.15327789,10.39454
-0.159,8.181,6.719,-0.39516354,0.3065405,0.8788357,-0.11921571,-0.65624696,10.566652
-0.196,8.189,6.632,-0.42771932,0.31325483,0.7933917,0.0,0.0,0.0
-0.141,8.095,6.213,-0.36844987,0.21048069,0.38607883,0.0,0.0,0.0
-0.028,7.999,5.776,-0.25624135,0.10348749,-0.035986423,0.0,0.0,0.0
0.213,7.944,5.707,-0.020736426,0.045883656,-0.101228714,0.0,0.0,0.0
0.351,7.921,5.873,0.110185266,0.026685715,0.059894085,0.0,0.0,0.0
0.325,7.902,6.167,0.08120982,0.018160343,0.33981848,0.0,0.0,0.0
0.053,7.823,6.381,-0.19132182,-0.051202297,0.5408249,0.0,0.0,0.0
-0.269,7.778,6.502,-0.5101259,-0.09026289,0.6536951,0.0,0.0,0.0
-0.169,7.725,6.409,-0.412818,-0.1429553,0.5603914,0.0,0.0,0.0
0.178,7.715,6.226,-0.07493949,-0.15612459,0.38204718,0.0,0.0,0.0
0.52,7.88,6.058,0.25640315,0.006524563,0.21768713,0.0,0.0,0.0
0.508,8.116,6.019,0.24019286,0.23918724,0.18337917,0.0,0.0,0.0
0.174,8.207,6.127,-0.08492598,0.32679462,0.29555798,0.0,0.0,0.0
-0.248,8.139,6.038,-0.4953268,0.25146723,0.21596813,0.0,0.0,0.0
-0.431,8.04,5.823,-0.6702866,0.14311695,0.013323307,0.0,0.0,0.0
-0.157,8.093,5.76,-0.3977021,0.18940115,-0.040480614,0.0,0.0,0.0
0.046,8.241,5.693,-0.19858742,0.33266973,-0.100868225,0.0,0.0,0.0
0.269,8.468,5.542,0.022438154,0.5615206,-0.2543068,0.0,0.0,0.0
0.331,8.649,5.727,0.08270796,0.75117064,-0.08101511,0.0,0.0,0.0
0.228,8.643,6.164,-0.019788563,0.75943613,0.336617,0.0,0.0,0.0
-0.103,8.445,6.471,-0.34785676,0.572587,0.62843466,0.0,0.0,0.0
-0.42,8.133,6.395,-0.66703194,0.26339483,0.54874945,0.0,0.0,0.0
-0.299,7.971,6.177,-0.55495656,0.10162926,0.33081627,0.0,0.0,0.0
0.114,8.044,5.993,-0.15028703,0.17625809,0.14499283,0.0,0.0,0.0
0.387,8.248,5.914,0.11997032,0.38773918,0.056068897,0.0,0.0,0.0
0.216,8.377,6.135,-0.05226992,0.52838564,0.26152754,0.0,0.0,0.0
0.105,8.42,6.413,-0.16418433,0.5820651,0.5253267,0.0,0.0,0.0
0.008,8.122,6.448,-0.26289356,0.29137325,0.55069065,0.0,0.0,0.0
-0.058,7.874,6.346,-0.33260193,0.048650265,0.4418602,0.0,0.0,0.0
0.019,7.807,6.257,-0.26115835,-0.017026424,0.3513646,0.0,0.0,0.0
0.079,7.877,5.999,-0.20367432,0.051149845,0.095901966,0.0,0.0,0.0
0.138,7.986,5.882,-0.14467423,0.16121769,-0.022512913,0.0,0.0,0.0
0.19,8.116,5.989,-0.09419459,0.29659653,0.077441216,0.0,0.0,0.0
-0.013,8.084,6.216,-0.2986091,0.27301884,0.29338455,0.0,0.0,0.0
-0.019,7.965,6.419,-0.30971882,0.16104937,0.4873705,0.0,0.0,0.0
0.079,7.779,6.378,-0.2151272,-0.023341179,0.44441986,0.0,0.0,0.0
0.119,7.67,6.083,-0.17616473,-0.13719797,0.15586805,0.0,0.0,0.0
0.178,7.671,5.833,-0.118408054,-0.13867807,-0.09080219,0.0,0.0,0.0
0.135,7.785,5.893,-0.16550823,-0.024744034,-0.030509472,0.0,0.0,0.0
0.129,7.968,6.056,-0.17233537,0.15973759,0.13057804,0.0,0.0,0.0
0.196,8.092,5.993,-0.107384786,0.283885,0.06748772,0.0,0.0,0.0
0.137,8.114,6.031,-0.16887122,0.30888414,0.10166645,0.0,0.0,0.0
0.141,8.05,6.222,-0.16835237,0.25374365,0.2812009,0.0,0.0,0.0
0.162,7.944,6.352,-0.15248907,0.15578651,0.40092945,0.0,0.0,0.0
0.205,7.891,6.208,-0.11693849,0.110002995,0.24789762,0.0,0.0,0.0
0.328,7.922,6.224,0.0032469034,0.14403152,0.26009512,0.0,0.0,0.0
0.348,7.978,6.353,0.021455258,0.20942688,0.37696266,0.0,0.0,0.0
0.236,8.038,6.483,-0.09063962,0.27279615,0.5025878,0.0,0.0,0.0
0.141,8.153,6.568,-0.18347088,0.39292192,0.58082294,0.0,0.0,0.0
-0.006,8.164,6.544,-0.32814175,0.40736437,0.5522351,0.0,0.0,0.0
0.126,8.122,6.49,-0.19744878,0.36819887,0.49463844,0.0,0.0,0.0
0.326,8.12,6.417,-0.0030419528,0.36717415,0.4206848,0.0,0.0,0.0
0.417,8.133,6.389,0.08663353,0.3808651,0.39186382,0.0,0.0,0.0
0.31,8.068,6.414,-0.020366311,0.3173957,0.41488552,0.0,0.0,0.0
0.138,8.022,6.473,-0.1894265,0.27277708,0.47194147,0.0,0.0,0.0
0.095,7.995,6.459,-0.2297078,0.24643803,0.4569378,0.0,0.0,0.0
0.039,7.971,6.389,-0.2809637,0.22253895,0.38655615,0.0,0.0,0.0
0.084,7.916,6.361,-0.23026499,0.1659584,0.3602953,0.0,0.0,0.0
0.027,7.909,6.276,-0.28051037,0.15597963,0.27879238,0.0,0.0,0.0
-0.035,7.965,6.146,-0.33608034,0.20826817,0.15326881,0.0,0.0,0.0
0.065,8.009,6.159,-0.2340115,0.2504573,0.16850805,0.0,0.0,0.0
0.238,8.004,6.267,-0.063717276,0.24758339,0.2738924,0.0,0.0,0.0
0.212,7.969,6.344,-0.089670345,0.21375942,0.3493657,0.0,0.0,0.0
0.192,7.86,6.271,-0.10886657,0.1047554,0.27632952,0.0,0.0,0.0
0.2,7.727,6.267,-0.100860104,-0.028180122,0.2722478,0.0,0.0,0.0
0.074,7.644,6.329,-0.22630557,-0.110497,0.33333445,0.0,0.0,0.0
0.119,7.644,6.326,-0.17995007,-0.11365652,0.33435822,0.0,0.0,0.0
0.25,7.718,6.113,-0.046715766,-0.044441223,0.12744522,0.0,0.0,0.0
0.357,7.881,6.016,0.06410152,0.11722851,0.03198147,0.0,0.0,0.0
0.249,8.017,6.096,-0.037687108,0.25554562,0.10868025,0.0,0.0,0.0
-0.064,8.018,6.237,-0.34515372,0.25990105,0.2450695,0.0,0.0,0.0
-0.117,7.972,6.469,-0.39738733,0.21389866,0.47703695,0.0,0.0,0.0
-0.082,7.882,6.409,-0.36552024,0.11864996,0.42398453,0.0,0.0,0.0
-0.006,7.823,6.139,-0.2949054,0.05375433,0.16189766,0.0,0.0,0.0
0.346,7.837,5.99,0.049073488,0.06379032,0.018449306,0.0,0.0,0.0
0.513,7.833,5.973,0.21458751,0.05685568,0.0053448677,0.0,0.0,0.0
0.284,7.85,5.978,-0.0135863125,0.07188177,0.012875557,0.0,0.0,0.0
0.183,7.92,6.003,-0.114711344,0.14236832,0.03724718,0.0,0.0,0.0
0.307,8.05,6.2,0.00938043,0.27411938,0.23195982,0.0,0.0,0.0
0.336,8.196,6.249,0.041881412,0.42057467,0.2801962,0.0,0.0,0.0
0.266,8.245,6.218,-0.021510512,0.4709692,0.24705458,0.0,0.0,0.0
0.053,8.113,6.539,-0.22933963,0.34095383,0.5652275,0.0,0.0,0.0
-0.038,8.004,6.514,-0.3128202,0.2286129,0.5442276,0.0,0.0,0.0
-0.001,8.025,6.246,-0.2699126,0.24278355,0.28485823,0.0,0.0,0.0
-0.068,8.287,5.97,-0.3333375,0.50109434,0.013520718,0.0,0.0,0.0
0.065,8.521,5.956,-0.2058971,0.74103117,-0.007984638,0.0,0.0,0.0
0.174,8.481,6.238,-0.1033864,0.712142,0.25984907,0.0,0.0,0.0
0.238,8.234,6.471,-0.043017298,0.47101927,0.48538828,0.0,0.0,0.0
0.271,8.025,6.651,-0.014471084,0.27105093,0.65390396,0.0,0.0,0.0
0.243,7.952,6.718,-0.04609537,0.20374298,0.71372366,0.0,0.0,0.0
0.3,7.955,6.631,0.011326104,0.20544481,0.6283779,0.0,0.0,0.0
0.206,7.986,6.517,-0.07912585,0.2321105,0.51980877,0.0,0.0,0.0
0.062,8.04,6.274,-0.21523282,0.27676058,0.28854656,0.0,0.0,0.0
-0.024,8.019,6.021,-0.29819357,0.24694204,0.04686308,0.0,0.0,0.0
-0.081,8.02,5.98,-0.35695475,0.24083853,0.015195847,0.0,0.0,0.0
0.035,8.046,5.944,-0.24012959,0.25801086,-0.009313107,0.0,0.0,0.0
0.122,8.092,5.78,-0.15173474,0.29881334,-0.16656876,0.0,0.0,0.0
0.131,8.184,5.591,-0.1348011,0.37064886,-0.3294139,0.0,0.0,0.0
0.194,8.213,5.545,-0.07072866,0.39964914,-0.37546206,0.0,0.0,0.0
0.083,8.113,5.757,-0.17802882,0.30320597,-0.16831398,0.0,0.0,0.0
-0.096,8.01,5.903,-0.34846944,0.19647169,-0.017758846,0.0,0.0,0.0
-0.134,8.053,5.909,-0.3845148,0.24027777,-0.012909889,0.0,0.0,0.0
-0.051,8.008,6.002,-0.3001239,0.19777727,0.07673645,0.0,0.0,0.0
0.002,7.876,6.105,-0.24656463,0.06602526,0.17938805,0.0,0.0,0.0
0.149,7.889,5.97,-0.09944068,0.075807095,0.048624516,0.0,0.0,0.0
0.013,7.909,5.775,-0.23423381,0.09310961,-0.14286518,0.0,0.0,0.0
0.196,8.038,5.932,-0.05554171,0.2221384,0.014278412,0.0,0.0,0.0
0.377,8.126,6.016,0.12584218,0.3080063,0.10108042,0.0,0.0,0.0
0.26,8.114,6.021,0.021377504,0.29573298,0.10592413,0.0,0.0,0.0
-0.019,8.13,5.994,-0.24546841,0.31276417,0.07707977,0.0,0.0,0.0
-0.392,8.108,6.223,-0.6163671,0.29534054,0.29995966,0.0,0.0,0.0
-0.416,7.969,6.484,-0.6456658,0.15405035,0.5641842,0.0,0.0,0.0
-0.253,7.846,6.25,-0.4870804,0.020078182,0.34487057,0.0,0.0,0.0
0.091,7.904,5.834,-0.14284116,0.063736916,-0.05208206,0.0,0.0,0.0
0.393,8.12,5.484,0.16147782,0.27359486,-0.39398384,0.0,0.0,0.0
0.268,8.4,5.452,0.038622722,0.554101,-0.4267435,0.0,0.0,0.0
0.095,8.463,5.812,-0.1330969,0.626791,-0.07970667,0.0,0.0,0.0
-0.101,8.334,6.314,-0.32907626,0.511075,0.40466642,0.0,0.0,0.0
-0.099,8.101,6.511,-0.3302316,0.2868619,0.5901766,0.0,0.0,0.0
-0.023,7.971,6.495,-0.2607161,0.15591955,0.57567596,0.0,0.0,0.0
0.22,7.924,6.369,-0.024465263,0.105107784,0.45498848,0.0,0.0,0.0
0.364,7.954,6.165,0.116966605,0.1274004,0.26129723,0.0,0.0,0.0
0.444,7.982,5.951,0.20123069,0.14992237,0.05439186,0.0,0.0,0.0
0.244,8.198,5.955,0.0072442293,0.36690712,0.056838036,0.0,0.0,0.0
0.222,8.523,6.262,-0.00582169,0.6942167,0.3604226,0.0,0.0,0.0
0.013,8.678,6.406,-0.20337456,0.84895515,0.50433636,0.0,0.0,0.0
-0.255,8.535,6.43,-0.463751,0.7057681,0.52831125,0.0,0.0,0.0
-0.49,8.191,6.485,-0.69913334,0.35830736,0.58791685,0.0,0.0,0.0
-0.37,8.034,6.232,-0.5872727,0.19455338,0.3441925,0.0,0.0,0.0
0.134,8.071,5.77,-0.09767057,0.2307415,-0.11617565,0.0,0.0,0.0
0.538,8.147,5.682,0.29433274,0.32007885,-0.22141504,0.0,0.0,0.0
0.533,8.299,6.483,0.2811934,0.4890561,0.5574832,0.0,0.0,0.0
0.429,8.325,6.865,0.17445448,0.5300126,0.91993666,0.0,0.0,0.0
0.092,8.226,6.758,-0.1588842,0.43659496,0.80547047,0.0,0.0,0.0
-0.137,8.102,6.793,-0.3843851,0.31562614,0.8363595,0.0,0.0,0.0
-0.233,7.94,6.775,-0.48271328,0.14827919,0.8254533,0.0,0.0,0.0
-0.076,7.844,6.231,-0.33062166,0.04018736,0.29753208,0.0,0.0,0.0
0.259,7.846,5.757,3.9044023E-4,0.035304546,-0.16723442,0.0,0.0,0.0
0.553,7.789,5.757,0.28884387,-0.028452873,-0.1580658,0.0,0.0,0.0
0.523,7.888,5.881,0.25884384,0.07186651,-0.035814285,0.0,0.0,0.0
0.305,8.005,6.207,0.04509771,0.19698858,0.2792883,0.0,0.0,0.0
-0.199,8.026,6.601,-0.4504972,0.22763395,0.6602397,0.0,0.0,0.0
-0.429,7.939,6.486,-0.676528,0.14275885,0.54228735,0.0,0.0,0.0
-0.141,7.802,6.207,-0.39228395,0.0022969246,0.2679882,0.0,0.0,0.0
0.198,7.629,6.067,-0.06362744,-0.17302227,0.13148212,0.0,0.0,0.0
0.454,7.539,6.069,0.18104795,-0.2625599,0.13338137,0.0,0.0,0.0
0.455,7.562,6.098,0.17792973,-0.23929548,0.1622262,0.0,0.0,0.0
0.396,7.626,6.039,0.12230429,-0.17525148,0.10301161,0.0,0.0,0.0
0.396,7.626,6.039,0.12230429,-0.17525148,0.10301161,0.0,0.0,0.0
0.396,7.626,6.039,0.12230429,-0.17525148,0.10301161,0.0,0.0,0.0
0.396,7.626,6.039,0.12230429,-0.17525148,0.10301161,0.0,0.0,0.0
-0.178,8.261,6.35,-0.42705885,0.4578948,0.4153638,0.0,0.0,0.0
0.191,8.06,5.908,-0.06152104,0.24705315,-0.013525486,0.0,0.0,0.0
0.518,8.116,5.618,0.2624138,0.2946148,-0.29224682,0.0,0.0,0.0
0.731,8.348,5.7,0.47961566,0.52803516,-0.21230316,0.0,0.0,0.0
0.394,8.555,6.137,0.15345438,0.74244833,0.21445465,0.0,0.0,0.0
-0.17,8.59,6.351,-0.39623818,0.7826147,0.42108154,0.0,0.0,0.0
-0.346,8.496,6.387,-0.56527185,0.6895485,0.45558882,0.0,0.0,0.0
-0.149,8.333,6.319,-0.36827213,0.52023363,0.39591312,0.0,0.0,0.0
0.027,8.249,6.079,-0.19151519,0.42796946,0.16679668,0.0,0.0,0.0
0.028,8.182,5.778,-0.19164808,0.35864067,-0.13107538,0.0,0.0,0.0
0.048,8.139,5.816,-0.17485991,0.32054853,-0.09945011,0.0,0.0,0.0
0.063,8.047,6.121,-0.16141826,0.23470354,0.1974845,0.0,0.0,0.0
-0.034,7.987,6.286,-0.25766063,0.17571211,0.3611269,0.0,0.0,0.0
0.004,8.05,6.194,-0.2189034,0.23568058,0.273098,0.0,0.0,0.0
0.037,8.13,6.049,-0.18484631,0.31301498,0.13157845,0.0,0.0,0.0
-0.071,8.114,6.042,-0.28974417,0.2933612,0.12929153,0.0,0.0,0.0
-0.135,8.041,6.041,-0.35213822,0.21822596,0.13105392,0.0,0.0,0.0
-0.171,7.967,5.995,-0.38206744,0.1389575,0.09181404,0.0,0.0,0.0
-0.091,7.934,6.01,-0.2999827,0.10428667,0.10895872,0.0,0.0,0.0
-0.089,7.94,6.039,-0.2980314,0.10750532,0.14165401,0.0,0.0,0.0
-0.028,7.974,6.045,-0.23909812,0.13626671,0.15468788,0.0,0.0,0.0
-0.184,8.113,5.717,-0.39707965,0.26754427,-0.16294861,0.0,0.0,0.0
0.18,8.102,5.551,-0.044059828,0.25978994,-0.3328681,0.0,0.0,0.0
0.26,8.056,5.69,0.026693344,0.22484207,-0.20821333,0.0,0.0,0.0
0.099,7.997,6.132,-0.14022231,0.1736598,0.22365761,0.0,0.0,0.0
0.064,7.889,6.333,-0.18074942,0.06742382,0.42255068,0.0,0.0,0.0
0.042,7.8,6.287,-0.21140599,-0.022184372,0.3777194,0.0,0.0,0.0
0.15,7.789,6.179,-0.11309397,-0.035503387,0.27321434,0.0,0.0,0.0
0.48,7.864,6.103,0.21222389,0.037844658,0.19961166,0.0,0.0,0.0
0.654,8.052,5.915,0.38422745,0.22188711,0.016952038,0.0,0.0,0.0
0.648,8.226,5.83,0.3810236,0.39736986,-0.070139885,0.0,0.0,0.0
0.331,8.165,6.222,0.07290617,0.3413825,0.31482077,0.0,0.0,0.0
-0.281,8.085,6.433,-0.5288828,0.25823784,0.5295501,0.0,0.0,0.0
-0.093,8.217,5.933,-0.33427435,0.37803984,0.045481205,0.0,0.0,0.0
0.045,8.273,5.731,-0.1937677,0.42495108,-0.14450169,0.0,0.0,0.0
0.153,8.425,5.755,-0.08375153,0.5783906,-0.122504234,0.0,0.0,0.0
0.041,8.503,6.231,-0.195497,0.6691499,0.3364911,0.0,0.0,0.0
0.158,8.447,6.778,-0.08173254,0.62885237,0.8628092,0.0,0.0,0.0
0.099,8.187,6.814,-0.14014703,0.37569904,0.8897481,0.0,0.0,0.0
0.073,7.979,6.611,-0.1641819,0.16585875,0.68909454,0.0,0.0,0.0
0.181,8.023,6.339,-0.0554879,0.20191526,0.4275632,0.0,0.0,0.0
0.141,8.184,5.952,-0.089913994,0.35171318,0.055190086,0.0,0.0,0.0
0.038,8.346,5.883,-0.18676156,0.50890017,-0.0076475143,0.0,0.0,0.0
-0.104,8.39,6.234,-0.32508305,0.55891895,0.3352146,0.0,0.0,0.0
-0.189,8.293,6.587,-0.40952706,0.47220373,0.67456293,0.0,0.0,0.0
-0.402,8.156,6.703,-0.62442577,0.33825064,0.78660727,0.0,0.0,0.0
-0.33,8.089,6.325,-0.5629957,0.26765013,0.4137745,0.0,0.0,0.0
0.25,8.049,5.982,-3.4928322E-4,0.22305584,0.07756758,0.0,0.0,0.0
0.574,8.042,5.815,0.30727267,0.2155037,-0.08798361,0.0,0.0,0.0
0.51,8.053,5.922,0.23613876,0.23181677,0.012307644,0.0,0.0,0.0
0.22,8.086,6.238,-0.05386144,0.27382708,0.31640387,0.0,0.0,0.0
0.014,8.016,6.528,-0.25986138,0.20836782,0.6004152,0.0,0.0,0.0
-0.053,7.902,6.625,-0.33194867,0.10400057,0.68498325,0.0,0.0,0.0
-0.06,7.852,6.578,-0.34376177,0.054175854,0.63798475,0.0,0.0,0.0
0.134,7.85,6.516,-0.16231284,0.048805714,0.5810237,0.0,0.0,0.0
0.601,7.978,6.135,0.29727682,0.1671772,0.21307564,0.0,0.0,0.0
0.419,8.047,5.676,0.112369835,0.22729588,-0.23403883,0.0,0.0,0.0
0.505,8.078,5.776,0.19413638,0.2607584,-0.13707447,0.0,0.0,0.0
0.383,8.037,6.147,0.07056093,0.22643518,0.22518778,0.0,0.0,0.0
0.136,7.93,6.228,-0.1757443,0.12302971,0.30141306,0.0,0.0,0.0
0.086,7.816,6.192,-0.22610593,0.00906992,0.26537943,0.0,0.0,0.0
0.158,7.735,6.165,-0.15704887,-0.0732584,0.24028826,0.0,0.0,0.0
0.167,7.779,5.85,-0.15338466,-0.0341568,-0.06796408,0.0,0.0,0.0
0.488,7.921,5.697,0.15520045,0.10788441,-0.22033644,0.0,0.0,0.0
0.584,8.083,5.884,0.24100071,0.27506685,-0.03958845,0.0,0.0,0.0
0.544,8.141,6.098,0.19942963,0.33772945,0.16836166,0.0,0.0,0.0
0.23,8.09,6.005,-0.10649966,0.28972292,0.070960045,0.0,0.0,0.0
-0.062,8.027,6.173,-0.393178,0.23022556,0.23406029,0.0,0.0,0.0
-0.166,8.032,6.559,-0.49129736,0.2463746,0.6051278,0.0,0.0,0.0
-0.307,8.061,6.678,-0.6247096,0.2792492,0.7186527,0.0,0.0,0.0
-0.027,8.228,6.056,-0.3405563,0.43946934,0.105298996,0.0,0.0,0.0
0.47,8.402,5.815,0.15327013,0.6113715,-0.13278818,0.0,0.0,0.0
0.48,8.405,6.232,0.15697992,0.62921333,0.26516008,0.0,0.0,0.0
0.44,8.392,6.867,0.112780124,0.6364341,0.87413025,0.0,0.0,0.0
0.258,8.355,7.049,-0.06392735,0.6126342,1.0387988,0.0,0.0,0.0
-0.117,8.249,6.872,-0.4270674,0.5102043,0.85658026,0.0,0.0,0.0
-0.15,8.123,6.924,-0.45692146,0.38413477,0.9085059,0.0,0.0,0.0
-0.125,8.033,6.676,-0.43507805,0.28558397,0.6716857,0.0,0.0,0.0
0.152,7.989,5.922,-0.1663626,0.22397327,-0.059084892,0.0,0.0,0.0
0.48,7.929,5.573,0.14641899,0.1526599,-0.3925395,0.0,0.0,0.0
0.684,7.902,5.971,0.33301386,0.129148,0.0019168854,0.0,0.0,0.0
0.563,7.767,6.361,0.2038345,5.6552887E-4,0.38405514,0.0,0.0,0.0
0.317,7.623,6.263,-0.03810793,-0.14826822,0.2920971,0.0,0.0,0.0
0.092,7.595,5.946,-0.25939652,-0.18613291,-0.012262821,0.0,0.0,0.0
0.055,7.607,5.849,-0.29836202,-0.18307543,-0.09744787,0.0,0.0,0.0
0.238,7.685,5.807,-0.117069155,-0.115517616,-0.12563944,0.0,0.0,0.0
0.487,7.719,5.539,0.13193062,-0.08733177,-0.38599062,0.0,0.0,0.0
0.371,7.781,5.423,0.02742955,-0.033164024,-0.49233532,0.0,0.0,0.0
0.171,7.838,5.857,-0.16748878,0.025945187,-0.061411858,0.0,0.0,0.0
-0.137,7.855,6.241,-0.46635088,0.048751354,0.3144164,0.0,0.0,0.0
-0.11,7.841,6.232,-0.43935102,0.03386593,0.3065815,0.0,0.0,0.0
0.128,7.866,5.949,-0.20046873,0.04789114,0.038019657,0.0,0.0,0.0
0.344,7.941,5.606,0.016664594,0.11942959,-0.30045843,0.0,0.0,0.0
0.374,8.086,5.692,0.05390945,0.26800966,-0.219594,0.0,0.0,0.0
0.031,8.192,6.198,-0.28589314,0.3791771,0.2794056,0.0,0.0,0.0
-0.066,8.189,6.43,-0.38082427,0.3809514,0.50499773,0.0,0.0,0.0
-0.02,8.051,6.517,-0.3306559,0.24627542,0.587399,0.0,0.0,0.0
0.152,8.035,6.362,-0.15993048,0.22887468,0.43430948,0.0,0.0,0.0
0.47,8.198,6.33,0.15806952,0.3918748,0.40230942,0.0,0.0,0.0
0.475,8.39,6.308,0.16834754,0.5843253,0.3794446,0.0,0.0,0.0
0.268,8.471,6.367,-0.033072293,0.6676316,0.435122,0.0,0.0,0.0
0.011,8.38,6.545,-0.28682154,0.57865334,0.6102991,0.0,0.0,0.0
-0.061,8.232,6.569,-0.3577462,0.42976665,0.6354103,0.0,0.0,0.0
0.064,8.119,6.432,-0.23068494,0.3149023,0.5007596,0.0,0.0,0.0
