0.245,9.182,3.972,0.065699816,0.1733141,0.043522835,0.041097444,0.118974276,9.949494
0.457,9.112,4.19,0.047234178,0.14200068,-0.005166054,0.011643291,0.119288616,9.89641
0.267,9.064,4.58,-0.13628507,0.049729824,-0.08749151,-0.16678903,0.029282767,9.801609
0.162,9.053,4.672,0.009934902,0.16361666,-0.38539648,-0.1771922,0.34769812,9.654635
0.251,9.201,4.185,-0.024063468,0.25298166,-0.30086374,-0.19157375,0.34313962,9.781099
0.369,9.333,3.833,-0.0277884,0.17359924,0.36133337,0.084078714,-0.1113749,10.1834755
0.374,9.333,3.607,-0.092181444,0.057384014,0.44727516,0.083473794,-0.26899183,10.170685
0.392,9.207,3.876,-0.17387903,0.029729366,0.34085608,-0.02648974,-0.25769675,10.089833
0.463,9.149,4.411,-0.20157743,0.11607885,-0.055558205,-0.22563623,0.028553512,9.880592
0.478,9.162,4.547,-0.2007612,0.46931314,-0.11966944,-0.31917712,0.30907243,10.085003
0.05,9.122,4.151,-0.07005012,0.537395,0.63988876,0.0849641,-0.046852957,10.639563
-0.216,9.203,4.013,-0.002513051,0.36975956,0.7653799,0.22797857,-0.20918767,10.598357
0.048,9.352,4.266,-0.06212616,0.1548438,0.4741783,0.101499565,-0.20548986,10.254032
0.135,9.35,4.502,-0.059063554,0.18818617,0.51603365,0.1146085,-0.20656428,10.30604
-0.102,9.231,4.368,-0.25077474,0.34018755,-0.13979769,-0.34675148,0.2125081,9.987655
-0.128,9.232,4.245,-0.21941698,0.40270662,-0.10896683,-0.3188287,0.24962868,10.047947
0.046,9.244,4.086,-0.090860486,0.43537855,0.46843338,0.018095186,-0.02159476,10.451976
0.176,9.213,3.978,-0.030150414,0.39864826,0.7605796,0.19502985,-0.19703786,10.6199465
0.232,9.198,3.873,0.03436637,0.40912676,0.3110385,0.072882704,0.106707856,10.305262
0.201,9.24,3.865,0.040629506,0.4686308,0.14358902,2.6451817E-4,0.2505286,10.229873
0.165,9.275,3.917,0.03821957,0.4404273,0.42403936,0.1146413,0.06190684,10.405208
0.211,9.28,4.033,0.025370836,0.30303,0.2918334,0.07799432,0.04205533,10.218702
0.095,9.277,4.309,0.023320317,0.21457672,0.36758566,0.12359175,-0.064459495,10.209484
-0.007,9.262,4.522,0.008256316,0.22950792,0.65202904,0.21967188,-0.23095305,10.4200735
0.016,9.249,4.446,-0.0139917135,0.31592464,0.39123678,0.07946255,-0.024911636,10.302771
0.129,9.238,4.127,0.011117697,0.4153924,0.16314697,-0.008381034,0.19025798,10.210411
0.274,9.286,3.918,0.020956278,0.4203925,0.37789536,0.084440105,0.06891424,10.361712
0.22,9.255,3.822,-0.007758975,0.35371208,0.33028316,0.053343464,0.040026836,10.286037
0.203,9.237,3.888,-0.08036399,0.24594879,0.28401184,-0.008417541,-0.03602736,10.189068
0.22,9.262,4.027,-0.112976074,0.16602421,0.17771006,-0.063768744,-0.04040227,10.063962
0.179,9.244,4.006,-0.11359739,0.08768654,0.04858446,-0.099934496,-0.01655399,9.9193125
0.253,9.22,3.95,-0.12731409,0.15809345,-0.048901558,-0.16468218,0.0844794,9.903277
0.341,9.229,4.055,-0.046366096,0.26304102,0.274652,0.015239281,-0.0044548684,10.189432
0.118,9.222,4.298,0.0027222633,0.23910427,0.38873482,0.108983845,-0.06895786,10.244439
0.118,9.222,4.298,0.03480208,0.2633257,0.26243877,0.08280618,0.036738094,10.168893
0.118,9.222,4.298,-0.0011073351,0.3125353,0.39586735,0.093652844,-0.024503237,10.301643
0.118,9.222,4.298,-0.15731394,0.21832037,0.27725697,-0.07437403,-0.08250534,10.17671
0.175,9.285,4.062,-0.2571491,0.16688347,-0.19989586,-0.34241217,0.12792198,9.824644
0.215,9.323,4.333,-0.22913122,0.11860561,-0.26685524,-0.334299,0.14682797,9.739822
0.289,9.304,4.345,-0.1867578,0.08260536,0.009346962,-0.18007909,-0.026417365,9.899725
0.323,9.234,4.087,-0.122175336,0.17492914,-0.09199715,-0.18033567,0.12429318,9.884242
0.204,9.195,3.973,-0.056390405,0.32055712,0.12072039,-0.0663281,0.12350351,10.124231
0.381,9.315,4.145,-0.013577938,0.3842106,0.5686822,0.13568054,-0.08354034,10.474342
0.375,9.417,4.273,-0.123492,0.2882061,0.6121917,0.07293569,-0.22103772,10.453887
0.181,9.455,4.092,-0.20975268,0.0674448,0.57239103,0.024250746,-0.38452503,10.283859
0.226,9.296,3.869,-0.21361291,0.021152496,-0.07890034,-0.22696747,-0.027004179,9.798918
0.43,9.038,3.901,-0.1867522,0.16723585,-0.6127882,-0.44331142,0.40427038,9.526663
0.511,8.952,4.154,-0.1489557,0.45357466,-0.50985956,-0.4261338,0.5532721,9.793404
0.487,9.01,4.204,-0.09270668,0.58828354,0.035954,-0.18790704,0.3414472,10.25839
0.442,9.243,3.796,0.0049717426,0.50247765,0.6766019,0.16844094,-0.058950506,10.630331
0.397,9.318,3.576,-0.016939402,0.36410093,0.78926563,0.2208424,-0.22988467,10.615462
0.302,9.361,3.569,-0.09072614,0.27050972,0.72044563,0.14677234,-0.283839,10.512584
0.152,9.289,3.785,-0.09283948,0.24714518,0.30923033,-0.0122398585,-0.055463012,10.209263
0.165,9.195,3.875,-0.12961113,0.30156803,-0.29753637,-0.29647192,0.32839972,9.829641
0.251,9.173,3.823,-0.06692302,0.44546652,-0.19394302,-0.22991835,0.39070633,9.993785
0.261,9.223,3.783,-0.009565353,0.5794158,-0.043875217,-0.14812076,0.4161972,10.184247
0.268,9.298,3.73,-0.0021344423,0.6150603,-0.08707857,-0.1670886,0.4689969,10.178147
0.295,9.456,3.601,-0.02647698,0.62523365,0.17824316,-0.08698855,0.30678403,10.373841
0.234,9.31,3.857,-0.06337118,0.60239744,0.5582442,0.033961087,0.049610555,10.628186
0.31,9.186,4.1,-0.040572524,0.4946766,0.8117137,0.17647256,-0.16403309,10.727075
0.38,9.123,4.431,-0.16868865,0.34611225,0.8250551,0.09931621,-0.3273857,10.650405
0.204,9.21,4.519,-0.409294,0.2283907,0.6412549,-0.16243336,-0.40047163,10.473081
0.331,9.401,4.377,-0.3092116,0.27537727,0.42388391,-0.1682922,-0.19669534,10.339672
0.624,9.553,4.492,-0.15983975,0.28944254,0.043301105,-0.1878882,0.10280006,10.062249
0.462,9.431,4.834,-0.027516484,0.26625633,-0.07503986,-0.11174661,0.213834,9.944737
0.32,9.121,5.034,0.18881512,0.37857914,0.09251785,0.12270976,0.28288254,10.11071
0.509,8.867,5.033,0.4329142,0.37701178,0.15932465,0.36689004,0.34685567,10.1229105
0.417,8.833,4.748,0.618265,0.32347584,0.29171467,0.5968614,0.3104583,10.152132
0.061,9.032,4.245,0.6730046,0.35488224,0.55042744,0.7426651,0.19851746,10.345989
-0.09,9.268,3.754,0.12055457,0.26875448,0.63634634,0.30155486,-0.14749528,10.422288
0.097,9.367,3.399,0.103946686,-0.0443058,-0.25156355,0.0037704243,0.16438213,9.585253
0.509,9.522,3.322,-0.47882164,0.53781605,-0.27909803,-0.6457223,0.338587,10.061236
0.528,9.413,3.259,-0.089613676,0.10413885,-0.02955389,-0.112348795,0.05259582,9.872682
0.479,9.186,3.273,-0.3543675,0.07030153,-0.094341755,-0.36959624,-0.038026508,9.843686
0.529,9.061,3.232,-0.50050974,0.052444458,0.10265303,-0.42222798,-0.22868346,9.988929
0.579,9.158,3.414,-0.7290524,0.30650377,0.41792965,-0.5578023,-0.3453621,10.414687
0.6,9.496,3.745,-0.7514529,0.5901518,0.37023115,-0.65870136,-0.14674732,10.57776
0.484,9.597,3.849,-0.88875175,0.7196264,0.26276064,-0.8588413,-0.0706442,10.603007
0.391,9.2,4.046,-0.77998173,0.95731735,0.0119485855,-0.92501456,0.26102468,10.58201
0.298,9.188,4.203,-0.49804044,1.1784115,-0.08497715,-0.78733087,0.55709,10.651446
0.041,9.575,4.519,-0.3128656,1.4154787,0.09004831,-0.634659,0.65943736,10.934446
0.076,9.705,4.404,-0.34239703,1.3474736,0.7965307,-0.40513083,0.10268941,11.353488
0.359,9.644,3.94,0.6546544,1.2338796,1.0907569,0.5838139,0.27760836,11.456765
0.42,9.067,3.734,0.7370268,0.97225857,0.9447684,0.6625517,0.20986736,11.184353
0.265,8.796,3.905,0.2554419,0.6606002,0.67558336,0.24834257,-0.01974345,10.753219
0.471,9.07,4.049,-0.054189205,0.1177721,0.5757947,0.1267046,-0.39614597,10.225411
0.8,9.45,3.616,-0.17015862,-0.07960987,0.4475999,0.04637427,-0.4530682,9.974628
0.785,9.723,3.195,-0.2703758,-0.11709213,0.3498745,-0.06431024,-0.4486517,9.868305
0.698,10.051,2.901,0.010680079,-0.18004894,0.6936145,0.32536945,-0.6032306,10.016127
0.587,10.343,3.038,-0.2375722,-0.25012493,0.35234165,0.008432211,-0.48886925,9.742746
0.497,10.81,4.275,-0.43043286,-0.30080128,0.27946424,-0.16973647,-0.5427095,9.63198
0.071,11.141,5.454,-0.25873494,-0.22937965,0.447196,0.0150397755,-0.56482846,9.789752
-0.267,10.898,5.443,-0.33183074,-0.34213352,0.5145006,0.012256355,-0.6936157,9.70357
-0.271,10.26,4.994,-0.5978718,-0.41996288,-0.11628771,-0.42421627,-0.33009788,9.298302
-0.215,9.472,4.741,-0.60362405,-0.26506424,-0.4475503,-0.6017532,-0.0013145134,9.284335
-0.095,9.106,4.756,-0.5406328,-0.26239967,-0.5692172,-0.5922632,0.13371454,9.244076
-0.04,7.991,4.899,-0.29975927,-0.030265808,-0.76937485,-0.5323496,0.48699397,9.403971
-0.381,7.624,5.024,0.30262864,0.23680592,-0.55164695,-0.019589921,0.6714618,9.833681
-0.968,7.71,4.719,0.41444933,0.16818142,0.12254572,0.34677994,0.14444591,10.0785885
-1.33,7.607,3.924,-0.070246935,-0.10307598,0.01823616,-0.018804736,-0.07868567,9.70997
-0.334,7.51,3.396,-0.5685036,-0.17080688,-0.9637599,-0.7892815,0.4857978,9.156852
0.675,7.504,2.989,-0.6102264,0.077599525,-1.8814054,-1.2531347,1.3040489,9.002165
0.996,7.901,2.7,-0.18785644,0.40680122,-2.5398943,-1.2553756,2.1435637,9.113104
1.009,8.765,2.946,0.16629314,0.14215088,-1.6557281,-0.5304575,1.498597,9.294676
1.3,9.502,3.436,0.10586047,-0.028305054,-0.09175992,0.0660198,0.11991987,9.765566
1.901,10.457,4.02,-0.018831491,0.2378931,0.6907878,0.15056969,-0.5166921,10.301112
1.701,10.855,4.105,1.335141,0.68550396,1.1211939,1.271478,-0.084811635,11.179874
0.707,10.805,4.35,1.8513768,0.686985,1.0415597,1.6667076,0.24320142,11.272029
0.296,10.332,4.726,0.9407351,0.62267685,0.2616601,0.63998455,0.41993645,10.6757
-0.25,9.016,5.688,0.46899366,0.08080864,0.545269,0.5656669,-0.19198371,10.215266
-0.638,8.127,6.035,-0.16852498,-0.25764465,0.23939991,0.044859294,-0.35779265,9.658104
-0.613,7.545,6.186,-0.012896419,0.058470726,-0.9463787,-0.38168454,0.7674443,9.400984
-0.866,7.584,5.737,0.33355558,-0.024365425,-0.85817504,-0.021812519,0.8360425,9.420807
-1.073,7.676,4.714,0.20792687,-0.2695341,-0.1397891,0.22512117,0.108906455,9.53668
-0.354,7.679,3.602,-0.44832838,-0.23963451,0.41147804,-0.15591832,-0.63372374,9.763981
0.544,7.758,3.117,-0.7644151,-0.08883381,0.78639555,-0.36085093,-0.997903,10.097539
0.96,8.089,3.524,-0.9676908,-0.17822886,0.6540437,-0.5617694,-1.0291299,9.9524975
0.677,8.402,3.851,-0.6326093,0.24289417,0.19352102,-0.563995,-0.31603584,10.087138
0.644,8.719,4.203,-0.1603947,0.56541634,0.12379265,-0.25822446,0.13133036,10.332787
0.797,8.873,4.679,-0.24030456,0.7281742,0.41431808,-0.25900555,-0.006001347,10.63883
0.603,8.826,5.303,-0.19300422,0.87638426,0.5938754,-0.17772974,-0.010564145,10.867917
0.274,8.868,6.113,0.057661235,1.0920234,0.527513,-0.014104439,0.28113097,10.9876995
-0.352,8.745,6.638,-0.128762,1.0566969,-0.09041214,-0.3833704,0.62218076,10.585931
-0.399,8.511,6.94,-0.22981817,1.0951223,-0.4426241,-0.59893686,0.85548604,10.404515
0.384,8.385,6.712,-0.23348546,1.1563907,-0.3553295,-0.5723517,0.8371893,10.506323
0.775,8.489,6.27,-0.21238995,0.95295286,-0.15412378,-0.43186972,0.59180266,10.470157
0.55,8.719,5.913,-0.055425286,0.90520954,0.082722664,-0.1871143,0.46794626,10.56516
0.21,8.898,5.679,-0.012054682,0.8982258,0.52683353,0.022243984,0.17970255,10.832186
-0.064,8.864,5.773,0.22201669,0.8280277,0.8706784,0.38120168,-0.005543184,10.967536
-0.481,8.67,6.241,0.19302404,0.5870385,0.4301591,0.2410271,0.13839705,10.50641
-0.878,8.43,6.772,-0.045399904,0.57282495,-0.01458025,-0.13220778,0.34631363,10.245957
-0.87,8.108,6.865,-0.029270291,0.49526453,0.24785662,-0.0032163258,0.12455003,10.347071
0.073,7.783,6.032,-0.38749683,0.24879313,-0.0059304237,-0.38978437,0.018361393,10.051229
0.869,7.815,5.283,-0.4559245,0.16967583,-0.21190071,-0.5180331,0.09037359,9.877594
1.12,8.135,4.432,-0.4768089,0.23490477,-0.38975334,-0.6097895,0.24939136,9.826538
0.671,8.365,4.351,-0.46305537,0.35683155,-0.74264765,-0.74203014,0.5768275,9.706977
0.363,8.62,4.54,-0.31430137,0.403718,-0.9276371,-0.68055165,0.78742313,9.608917
0.6,8.832,5.118,-0.16439283,0.3068285,-0.792665,-0.4830398,0.68560255,9.591921
0.532,8.852,5.821,-0.061798573,0.29143858,-0.68067455,-0.3458119,0.6338427,9.631345
0.14,8.569,6.287,0.119235516,0.3587036,-0.5240607,-0.1282441,0.6306988,9.7492285
0.246,8.162,6.506,0.23441541,0.3291049,-0.30352306,0.06327432,0.5001401,9.841917
0.76,7.895,6.56,0.32071102,0.3741684,-0.271976,0.14730853,0.53772444,9.883987
0.975,7.825,6.501,0.43740654,0.45450878,-0.3326583,0.22137864,0.672496,9.892115
0.374,7.715,6.382,0.25878584,0.47818375,-0.47255707,8.797862E-4,0.7188066,9.854146
-0.068,7.73,6.528,0.08664942,0.4129901,-0.37126255,-0.11145285,0.5439986,9.893531
-0.169,7.907,6.747,0.016988873,0.39980078,-0.17797852,-0.21525879,-0.32236502,10.010488
-0.838,7.924,6.471,0.11662996,0.4276595,0.0057635307,0.06000681,0.3007312,10.126788
-1.127,8.012,6.319,0.12711024,0.4619832,-0.0019931793,0.063377365,0.33161637,10.146655
-0.652,8.451,5.876,0.10461354,0.49497652,-0.11089897,-0.002887145,0.41965613,10.110171
-0.52,8.494,5.696,0.22819614,0.54876566,-0.20928526,0.06569374,0.5669639,10.073585
-0.992,8.592,5.515,0.348848,0.5460386,0.41000223,0.41764757,0.17859152,10.424413
-1.084,8.651,5.516,0.012742162,0.5011196,0.56247616,0.023250898,0.19172035,10.534914
-1.232,8.994,5.269,-0.18693995,0.5595646,0.27392626,-0.12192231,0.087413825,10.43957
-1.037,9.066,5.414,-0.2621621,0.5744071,0.064136505,0.019568896,-0.3469158,10.337736
-0.679,8.842,6.006,-0.31410825,0.6038065,-0.08250141,-0.37829778,0.3180043,10.281852
-0.778,8.487,6.455,-0.39273155,0.69983435,-0.3020048,0.050918434,-0.73889816,10.23868
-0.649,8.138,6.46,-0.22205389,0.76940775,-0.23964357,-0.372945,0.56248933,10.299846
-0.267,8.016,6.192,0.17572951,0.8169937,-0.124231815,-0.46277162,-0.4699871,10.334616
0.074,8.035,5.587,0.15907836,0.840281,-0.2209096,-0.026532022,0.7345937,10.296393
0.082,8.071,5.189,0.044655323,0.8562274,-0.27050734,-0.3668341,-0.6571415,10.298474
-0.101,8.084,5.338,0.14428914,0.813077,-0.27304888,-0.061153624,0.7480126,10.246204
-0.083,8.224,5.591,0.26190114,0.77946854,-0.19171476,-0.52240616,-0.4931682,10.250264
-0.28,8.511,5.725,0.4007343,0.69985867,0.20359468,0.37100804,0.44604847,10.402666
-0.499,8.679,5.518,0.417817,0.66952133,0.45292187,0.4913297,0.2648263,10.52528
-0.523,8.804,5.248,0.34648466,0.67035866,0.30025053,0.36393785,0.34341136,10.446338
-0.216,8.53,5.502,0.40245223,0.60940266,-0.14500666,-0.67318964,-0.04676095,10.121285
-0.414,8.45,5.744,0.5325953,0.48378754,-0.3524971,0.282412,0.7465326,9.876615
-0.521,8.123,6.125,0.5913274,0.35831022,-0.3649478,-0.47660506,0.61806333,9.760979
-0.271,8.04,6.305,0.6289432,0.34347725,-0.23916721,0.43104178,0.62035185,9.817308
-0.091,8.175,5.879,0.57198226,0.3443408,-0.12087774,-0.28895456,0.6067657,9.899853
-0.109,8.298,5.321,0.39369857,0.31248713,-0.083180904,0.28443974,0.40398842,9.93096
0.097,8.664,5.304,0.3234192,0.3831606,-0.13897467,-0.45554036,0.19394718,9.966627
-0.058,8.821,5.607,0.46741438,0.48483324,0.07266474,0.3924024,0.43326837,10.148876
-0.804,8.667,5.621,0.4572661,0.5453377,0.1217823,-0.4565118,0.36687857,10.228923
-0.6,8.472,5.487,0.2220484,0.46150064,-0.099552155,0.09969793,0.4377389,10.072439
-0.779,8.186,5.512,-0.16609251,0.3442526,-0.31222343,-0.1361646,-0.46047863,9.920661
-0.331,8.177,5.71,-0.26466846,0.30328608,-0.5304718,-0.49922937,0.43963528,9.776263
0.176,8.351,5.6,-0.27694273,0.35477924,-0.74133825,-0.16873531,-0.8431388,9.693541
0.071,8.59,5.245,-0.18079841,0.48755074,-0.5583215,-0.4586764,0.6042417,9.888044
-0.312,8.588,5.111,0.17119849,0.5311794,-0.1873498,-0.517362,0.064246096,10.080093
-0.547,8.612,5.214,0.35426617,0.5171685,0.019638062,0.26100865,0.447564,10.160084
-0.467,8.585,5.032,0.3698964,0.51617527,0.078240395,0.29979166,0.41470385,10.190743
-0.613,8.727,5.114,0.04515612,0.49025297,0.025982857,-0.009954678,0.30331534,10.195189
-0.902,8.772,5.532,-0.09480381,0.54274607,-0.25424528,-0.5043305,-0.18224102,10.090626
-0.421,8.585,5.692,-0.014164805,0.71319866,-0.52013063,-0.3231736,0.7858905,10.046074
0.064,8.327,5.568,0.17285848,0.8644366,-0.42038155,-0.8963621,0.0697945,10.188111
-0.171,8.265,5.56,0.14522743,0.8334389,-0.19258022,-0.05916412,0.7073655,10.305581
-0.568,8.342,5.561,-0.11528957,0.6768031,-0.1808734,-0.55669564,-0.08963104,10.238072
-0.388,8.406,5.652,-0.35077155,0.54183245,-0.1070838,-0.43144345,0.26686656,10.219842
-0.122,8.497,5.715,-0.31294703,0.6026387,0.0077695847,-0.3589967,0.24267572,10.329526
-0.254,8.49,5.666,-0.13732684,0.6782255,-0.21706629,-0.31115088,0.5092119,10.218784
-0.138,8.434,5.694,0.23183048,0.8691597,-0.69024515,-0.21593654,1.0935537,10.014338
-0.066,8.372,5.707,0.4386214,0.9375324,-0.63563824,-0.024192367,1.1867803,10.064251
-0.436,8.37,5.785,0.6265476,0.79969263,-0.15795803,0.36484918,0.8678111,10.219939
-0.517,8.456,5.889,0.31448698,0.68314314,0.039417267,0.18731774,0.53513134,10.302319
-0.389,8.558,5.866,0.04614389,0.5528116,0.10553312,-0.004331246,0.2978211,10.286389
-0.427,8.548,5.759,-0.081166625,0.48131323,-0.04131031,-0.16981462,0.2949907,10.15893
-0.393,8.508,5.764,-0.15893853,0.38830662,-0.35518074,-0.35766125,0.40671566,9.900764
-0.39,8.277,5.694,-0.2951876,0.26291943,-0.4680333,-0.5058053,0.34165552,9.754208
-0.283,8.316,5.593,-0.59077287,0.16508293,-0.6843996,-0.8438416,0.29061356,9.587236
-0.422,8.345,5.555,-0.5496305,0.20883226,-0.9359703,-0.92191494,0.4931784,9.448052
-0.463,8.421,5.672,-0.11590397,0.45569706,-0.5492916,-0.42115852,0.5877302,9.810316
-0.59,8.489,5.935,0.63251096,0.8340502,-0.20435,0.30603743,0.94070756,10.205245
-0.566,8.516,5.953,1.1850338,1.1624932,0.3240013,0.93880373,1.0718327,10.717964
-0.396,8.46,5.874,1.0088836,1.1927853,0.89218235,1.006178,0.6663326,11.140884
-0.289,8.39,5.717,0.56505615,1.15242,1.1591139,0.7313873,0.27859017,11.3488455
-0.199,8.445,5.53,-0.076014996,1.0738955,0.4152832,-0.12721838,0.39828405,10.882139
-0.152,8.348,5.303,-0.6767049,0.90239334,-0.24462652,-0.89436334,0.42530474,10.399368
-0.257,8.366,5.341,-0.8282993,0.82707024,-0.55926657,-1.1432663,0.5027586,10.15748
-0.412,8.452,5.444,-0.8397198,0.7627907,-0.72697115,-1.210618,0.55857867,10.001225
-0.503,8.481,5.446,-0.9542122,0.8668995,-0.6221652,-1.2922277,0.5038285,10.1608095
-0.263,8.427,5.499,-0.7972567,1.0123463,-0.06938934,-0.957803,0.3199472,10.610098
-0.152,8.423,5.609,-0.15922844,0.90592194,0.5024681,-0.13788134,0.18971369,10.8281765
-0.189,8.36,5.613,0.15919936,0.6486192,0.20131207,0.06838255,0.35950816,10.400499
-0.364,8.314,5.472,0.050168753,0.4107461,-0.24327135,-0.16251084,0.43012825,9.944454
-0.479,8.452,5.471,-0.26760232,0.20149851,-0.242311,-0.38715118,0.14364499,9.826832
-0.523,8.504,5.43,-0.7207689,-0.07998228,0.53817415,-0.36741322,-0.7326845,10.18575
-0.164,8.523,5.435,-0.76995945,-0.0929575,0.4908309,-0.42206943,-0.7398276,10.148565
0.062,8.569,5.855,-0.59305394,0.2567706,-0.2515459,-0.6875691,0.0099563105,9.896481
-0.01,8.45,6.22,-0.11781943,0.65215683,-0.59024525,-0.5428659,0.694177,9.911507
-0.087,8.338,6.268,0.036047935,0.8811207,-0.50998735,-0.4456906,0.8634163,10.112646
-0.115,8.254,6.231,0.059236765,0.99579287,0.009938717,-0.23156548,0.6377084,10.538031
-0.302,8.334,5.958,0.42711318,1.0856986,0.47919703,0.25655115,0.6140821,10.878043
-0.063,8.175,5.338,0.8233314,1.1903958,0.4432521,0.53161,0.91485465,10.889157
-0.376,7.89,5.54,0.9958405,1.2324739,0.23220015,0.5573146,1.1599365,10.759832
-0.495,7.756,5.775,1.017809,1.1732764,0.13471222,0.54382306,1.1953729,10.646891
-0.605,7.704,6.002,0.83709437,1.0209742,-0.08544254,0.33510014,1.1317929,10.404284
-0.346,8.342,6.632,0.69153285,1.003314,-0.3793459,0.07888631,1.2094406,10.2063875
-0.196,8.579,6.516,0.726367,1.1040063,-0.38473606,0.070007384,1.2948444,10.268105
-0.24,8.481,6.326,0.81604266,0.9368596,0.036842823,0.3938881,1.007905,10.418179
-0.24,8.481,6.326,0.38092238,0.5583439,0.2798028,0.26893714,0.4009904,10.356213
-0.552,8.371,6.307,-0.26539207,0.36217117,0.28376436,-0.20265734,-0.075531274,10.291777
-0.68,8.517,5.91,-0.13615596,0.4797349,0.35640526,-0.10144957,0.03244815,10.4102745
-0.645,8.548,5.714,0.3120759,0.62896633,0.5807066,0.32264507,0.25461286,10.619843
-0.421,8.563,5.744,0.13932526,0.59357166,0.3337493,0.07656142,0.27722156,10.439433
-0.259,8.45,5.863,-0.3452022,0.4632721,0.37323284,-0.26796067,-0.08450982,10.434458
-0.311,8.251,5.966,-0.3691827,0.39721918,0.961391,-0.0044645374,-0.44502637,10.81674
-0.458,8.053,5.871,-0.15043175,0.42161512,1.0165067,0.19157004,-0.33444598,10.848342
-0.428,7.978,5.725,0.38327658,0.5298724,0.6877341,0.44823962,0.20140974,10.618537
-0.43,8.12,5.801,0.7642766,0.44987202,0.2747345,0.3939713,0.7334132,10.217594
-0.638,8.163,5.639,0.08204138,0.14562416,0.13844681,0.08009399,0.06951591,9.996011
-0.872,8.233,4.904,-0.20260012,-0.26977682,-0.025599957,-0.085406646,-0.27589664,9.630387
-0.827,8.465,4.401,0.1036728,-0.5757098,-0.12416172,0.23352207,-0.2544085,9.3184395
-0.918,8.697,4.693,0.7449685,-0.65731,0.11737633,0.9014174,-0.06266927,9.377312
-1.143,8.745,5.278,0.9387307,-0.6858382,0.2932992,1.1516528,-0.048764795,9.476602
-1.346,8.561,5.794,0.9017755,-0.67028856,0.11286402,1.0380868,0.0409273,9.364017
-1.17,8.564,6.085,0.8540424,-0.8339343,-0.60674334,0.74760896,0.28092405,8.731878
-0.996,8.584,5.954,0.72205037,-1.0633888,-0.8096552,0.6491751,0.16289851,8.442931
-0.995,8.533,5.616,0.44175112,-1.4343596,-0.03482437,0.92117983,-0.62949526,8.802204
-0.914,8.423,5.424,0.23671553,-1.6886992,1.0669928,1.3423932,-1.4645048,9.4913435
-1.049,8.686,5.478,0.33001685,-1.5391736,1.1814909,1.4065156,-1.3712401,9.682953
-1.03,8.528,5.892,0.4342373,-1.0616322,0.5639372,1.0300995,-0.701596,9.523263
-0.948,8.425,6.11,0.79053247,-0.44802618,0.25622702,0.9318121,0.04977663,9.663229
-0.888,8.453,6.015,1.1479261,0.048531055,0.24868631,1.012591,0.5794587,9.950949
-0.714,8.51,5.958,0.7956709,0.32900667,0.31659698,0.64285624,0.5205941,10.203249
-0.704,8.512,5.69,0.3429949,0.32440948,0.52955675,0.36634737,0.15327789,10.39454
-0.472,8.533,5.52,-0.33794436,0.059417725,0.58534527,-0.111522004,-0.5701545,10.157153
-0.486,8.451,5.278,-0.3628428,-0.029179573,0.35440826,0.0,0.0,0.0
-0.438,8.421,5.162,-0.32293,-0.06455231,0.24747562,0.0,0.0,0.0
-0.376,8.424,5.093,-0.27284372,-0.06302738,0.18075943,0.0,0.0,0.0
-0.556,8.471,5.332,-0.46326455,-0.012154579,0.41286755,0.0,0.0,0.0
-0.707,8.467,5.422,-0.6142915,-0.011843681,0.49543953,0.0,0.0,0.0
-0.65,8.438,5.274,-0.56493294,-0.040392876,0.34652472,0.0,0.0,0.0
-0.518,8.463,5.243,-0.44231582,-0.013171196,0.31155634,0.0,0.0,0.0
-0.334,8.485,5.422,-0.2567374,0.016246796,0.47784805,0.0,0.0,0.0
-0.292,8.491,5.608,-0.21622783,0.028453827,0.6532097,0.0,0.0,0.0
-0.305,8.42,5.629,-0.21362573,-0.043866158,0.6767254,0.0,0.0,0.0
-0.286,8.307,5.475,-0.17525345,-0.15944576,0.52753353,0.0,0.0,0.0
0.012,8.322,5.463,0.15079233,-0.1436348,0.51485443,0.0,0.0,0.0
-0.644,8.428,5.768,-0.4605401,-0.03562832,0.8178773,0.0,0.0,0.0
-0.966,8.388,5.841,-0.76028234,-0.0803957,0.89991283,0.0,0.0,0.0
-1.118,8.303,5.995,-0.88009965,-0.18050957,1.0813622,0.0,0.0,0.0
-1.193,8.472,5.863,-0.9367453,-0.03236389,0.98647356,0.0,0.0,0.0
-0.844,8.814,5.87,-0.57189345,0.28252983,1.0419216,0.0,0.0,0.0
-0.955,9.058,5.303,-0.6828934,0.5265293,0.4749217,0.0,0.0,0.0
-1.037,9.018,4.74,-0.7428597,0.43675995,0.0022592545,0.0,0.0,0.0
-1.052,8.865,4.352,-0.7573978,0.2630024,-0.34791994,0.0,0.0,0.0
-0.796,8.748,4.447,-0.50515074,0.14067268,-0.24338436,0.0,0.0,0.0
-0.646,8.703,4.567,-0.37540847,0.094509125,-0.1224637,0.0,0.0,0.0
-0.591,8.666,4.802,-0.3292587,0.06457996,0.09908104,0.0,0.0,0.0
-0.662,8.661,5.087,-0.40548557,0.06687641,0.37047577,0.0,0.0,0.0
-0.745,8.676,5.11,-0.49094892,0.084890366,0.38785172,0.0,0.0,0.0
-0.666,8.747,4.949,-0.42302114,0.16700935,0.20609951,0.0,0.0,0.0
-0.754,8.721,4.785,-0.51054615,0.14627838,0.032604694,0.0,0.0,0.0
-0.764,8.715,4.817,-0.5246245,0.15932941,0.0301857,0.0,0.0,0.0
-0.645,8.732,5.609,-0.41615754,0.19912052,0.78116703,0.0,0.0,0.0
-0.675,8.683,5.824,-0.45947552,0.16957664,0.96132946,0.0,0.0,0.0
-0.776,8.604,5.98,-0.57087505,0.09910488,1.1019812,0.0,0.0,0.0
-0.725,8.62,5.597,-0.5276799,0.11301708,0.7222996,0.0,0.0,0.0
-0.647,8.575,5.282,-0.4583937,0.06476307,0.41263866,0.0,0.0,0.0
-0.584,8.594,5.271,-0.4057074,0.08257389,0.4033265,0.0,0.0,0.0
-0.551,8.575,5.236,-0.38562924,0.06341648,0.36814594,0.0,0.0,0.0
-0.536,8.572,5.185,-0.37807447,0.060819626,0.31619596,0.0,0.0,0.0
-0.536,8.572,5.185,-0.37807447,0.060819626,0.31619596,0.0,0.0,0.0
-0.536,8.572,5.185,-0.37807447,0.060819626,0.31619596,0.0,0.0,0.0
-0.536,8.572,5.185,-0.37807447,0.060819626,0.31619596,0.0,0.0,0.0
-0.826,8.615,5.721,-0.66391164,0.09370232,0.87005997,0.0,0.0,0.0
-0.679,8.68,5.36,-0.5213628,0.15146828,0.52164745,0.0,0.0,0.0
-0.526,8.718,5.049,-0.37777287,0.17624283,0.23373318,0.0,0.0,0.0
-0.446,8.694,5.047,-0.3117676,0.14599991,0.24241352,0.0,0.0,0.0
-0.459,8.648,5.187,-0.34020525,0.10059261,0.38095236,0.0,0.0,0.0
-0.56,8.629,5.314,-0.45175183,0.083797455,0.50378466,0.0,0.0,0.0
-0.635,8.552,5.176,-0.5230293,0.007252693,0.3650589,0.0,0.0,0.0
-0.568,8.535,4.971,-0.44677562,-0.012154579,0.16456032,0.0,0.0,0.0
-0.532,8.627,4.977,-0.40249336,0.0777359,0.1745305,0.0,0.0,0.0
-0.518,8.668,5.026,-0.3813038,0.1183939,0.22433853,0.0,0.0,0.0
-0.489,8.651,4.981,-0.33988893,0.10499668,0.17329931,0.0,0.0,0.0
-0.603,8.721,5.023,-0.44748932,0.17816067,0.20988321,0.0,0.0,0.0
-0.732,8.775,5.161,-0.5611424,0.2399826,0.33454514,0.0,0.0,0.0
-0.639,8.737,5.28,-0.45629063,0.21465778,0.43163252,0.0,0.0,0.0
-0.425,8.664,5.289,-0.24563429,0.15197372,0.42241764,0.0,0.0,0.0
-0.321,8.607,5.493,-0.14522673,0.100216866,0.6171293,0.0,0.0,0.0
-0.254,8.52,5.714,-0.08426872,0.022857666,0.82113695,0.0,0.0,0.0
-0.304,8.473,5.89,-0.13617216,-0.020454407,0.9906664,0.0,0.0,0.0
-0.47,8.477,5.819,-0.3003572,-0.018661499,0.92355967,0.0,0.0,0.0
-0.618,8.544,5.632,-0.4430622,0.040708542,0.7500105,0.0,0.0,0.0
-0.696,8.631,5.461,-0.5192013,0.11417484,0.60272646,0.0,0.0,0.0
-0.655,8.685,5.367,-0.4789252,0.16352081,0.5168705,0.0,0.0,0.0
-0.559,8.672,5.294,-0.38426608,0.14097404,0.460629,0.0,0.0,0.0
-0.562,8.657,5.173,-0.38290447,0.11638069,0.3567605,0.0,0.0,0.0
-0.591,8.671,4.984,-0.40686408,0.12207794,0.1827054,0.0,0.0,0.0
-0.518,8.701,4.883,-0.33386418,0.14671135,0.09127426,0.0,0.0,0.0
-0.463,8.729,4.959,-0.27886432,0.17317867,0.17001295,0.0,0.0,0.0
-0.547,8.716,5.08,-0.35982955,0.15936756,0.29257965,0.0,0.0,0.0
-0.448,8.722,5.422,-0.25396132,0.16335201,0.63845444,0.0,0.0,0.0
-0.144,8.6,6.068,0.059919372,0.029111862,1.306839,0.0,0.0,0.0
-0.328,8.356,6.294,-0.117312625,-0.23060513,1.5615373,0.0,0.0,0.0
-0.371,8.384,5.865,-0.13380902,-0.26677227,1.2521625,0.0,0.0,0.0
-0.725,8.517,4.951,-0.4779957,-0.17180443,0.41072893,0.0,0.0,0.0
-0.212,9.03,4.265,0.043225035,0.31123734,-0.21701002,0.0,0.0,0.0
-0.481,9.124,4.468,-0.21660429,0.39193535,0.012495041,0.0,0.0,0.0
-0.936,8.922,4.822,-0.665406,0.18210793,0.38224125,0.0,0.0,0.0
-0.89,8.89,4.953,-0.61689484,0.14277267,0.52786684,0.0,0.0,0.0
-0.821,8.965,4.74,-0.5458365,0.20938778,0.3316083,0.0,0.0,0.0
-0.875,8.933,4.442,-0.5937048,0.16962242,0.049450874,0.0,0.0,0.0
-0.715,8.919,4.207,-0.44219497,0.15093231,-0.17671824,0.0,0.0,0.0
-0.506,8.955,4.257,-0.2461226,0.19187546,-0.13737202,0.0,0.0,0.0
-0.387,8.981,4.533,-0.13899073,0.22823524,0.11734867,0.0,0.0,0.0
-0.545,8.851,4.925,-0.30675474,0.112630844,0.4803934,0.0,0.0,0.0
-0.46,8.816,5.339,-0.23246668,0.091659546,0.86636305,0.0,0.0,0.0
-0.523,8.797,5.354,-0.29855973,0.07833481,0.8701482,0.0,0.0,0.0
-0.541,8.734,4.992,-0.31805256,0.016184807,0.5064268,0.0,0.0,0.0
-0.46,8.74,4.79,-0.24352814,0.024245262,0.3001032,0.0,0.0,0.0
-0.27,8.824,5.016,-0.06285153,0.113256454,0.515955,0.0,0.0,0.0
-0.277,8.853,5.24,-0.07330996,0.14500904,0.7344675,0.0,0.0,0.0
-0.417,8.791,5.129,-0.20990182,0.08320141,0.62325716,0.0,0.0,0.0
-0.414,8.778,4.925,-0.20239225,0.067175865,0.42531538,0.0,0.0,0.0
-0.39,8.79,4.886,-0.17607363,0.07829857,0.38812685,0.0,0.0,0.0
-0.353,8.817,4.899,-0.13791138,0.105462074,0.40086794,0.0,0.0,0.0
-0.489,8.881,4.855,-0.27152964,0.16935825,0.35718012,0.0,0.0,0.0
-0.566,8.887,4.653,-0.34599048,0.17485046,0.15628862,0.0,0.0,0.0
-0.487,8.891,4.619,-0.26334023,0.18200397,0.11636257,0.0,0.0,0.0
-0.538,8.863,5.024,-0.3138866,0.16311836,0.503798,0.0,0.0,0.0
-0.692,8.845,5.384,-0.4698683,0.15480232,0.84511137,0.0,0.0,0.0
-0.668,8.807,5.256,-0.44781828,0.118644714,0.71348906,0.0,0.0,0.0
-0.426,8.784,4.887,-0.21024737,0.091628075,0.35196638,0.0,0.0,0.0
-0.36,8.766,4.764,-0.14874719,0.0722456,0.2314086,0.0,0.0,0.0
-0.456,8.78,4.88,-0.24788694,0.090325356,0.33944416,0.0,0.0,0.0
-0.374,8.867,4.96,-0.16758123,0.18279552,0.4089141,0.0,0.0,0.0
-0.524,8.864,4.9,-0.31724447,0.18579483,0.33750248,0.0,0.0,0.0
-0.399,8.818,5.062,-0.1938047,0.14662933,0.48645306,0.0,0.0,0.0
-0.386,8.739,5.163,-0.18240505,0.073825836,0.5756612,0.0,0.0,0.0
-0.421,8.678,5.11,-0.21669273,0.01776123,0.5133796,0.0,0.0,0.0
-0.399,8.718,4.975,-0.19272059,0.061829567,0.370811,0.0,0.0,0.0
-0.296,8.853,4.917,-0.089006886,0.20154667,0.30398607,0.0,0.0,0.0
-0.415,8.774,5.017,-0.20276661,0.13121891,0.38799715,0.0,0.0,0.0
-0.386,8.828,5.348,-0.16525067,0.19107914,0.7084675,0.0,0.0,0.0
-0.503,8.72,5.533,-0.26999375,0.078969,0.90172815,0.0,0.0,0.0
-0.754,8.652,5.224,-0.5193082,0.001584053,0.61036825,0.0,0.0,0.0
-0.481,8.834,4.855,-0.24664289,0.17761612,0.25255537,0.0,0.0,0.0
-0.419,8.827,4.82,-0.19138896,0.17014217,0.21810722,0.0,0.0,0.0
-0.288,8.787,4.974,-0.0668191,0.13398075,0.3645811,0.0,0.0,0.0
-0.283,8.749,5.083,-0.06183766,0.09965229,0.46669483,0.0,0.0,0.0
-0.413,8.76,5.093,-0.18742426,0.11221123,0.4739914,0.0,0.0,0.0
-0.566,8.732,4.99,-0.33813298,0.085027695,0.36957598,0.0,0.0,0.0
-0.501,8.732,4.972,-0.27464375,0.08762264,0.3466463,0.0,0.0,0.0
-0.366,8.789,5.074,-0.14176673,0.14608574,0.44581223,0.0,0.0,0.0
-0.378,8.805,4.94,-0.15668358,0.16420269,0.30772018,0.0,0.0,0.0
-0.39,8.697,4.728,-0.17131025,0.05938053,0.08966875,0.0,0.0,0.0
-0.277,8.716,4.984,-0.060878813,0.09021664,0.32357836,0.0,0.0,0.0
-0.448,8.721,5.413,-0.23072858,0.10974693,0.7258382,0.0,0.0,0.0
-0.718,8.706,5.452,-0.48992527,0.10501766,0.74653196,0.0,0.0,0.0
-0.964,8.571,5.295,-0.7205579,-0.025569916,0.58224344,0.0,0.0,0.0
-0.885,8.682,5.042,-0.6395656,0.086390495,0.32759428,0.0,0.0,0.0
-0.575,8.84,5.04,-0.33554012,0.24707317,0.3203988,0.0,0.0,0.0
-0.289,8.93,5.278,-0.060039967,0.34170723,0.5494504,0.0,0.0,0.0
-0.293,8.785,5.259,-0.06757192,0.19787598,0.52815723,0.0,0.0,0.0
-0.4,8.639,5.084,-0.171872,0.050567627,0.3556614,0.0,0.0,0.0
-0.363,8.617,5.126,-0.13553679,0.029923439,0.39516735,0.0,0.0,0.0
-0.299,8.631,5.269,-0.077370286,0.048516273,0.5295644,0.0,0.0,0.0
-0.317,8.628,5.286,-0.10335116,0.04993248,0.53821373,0.0,0.0,0.0
-0.31,8.633,5.279,-0.09635116,0.054932594,0.53121376,0.0,0.0,0.0
-0.065,8.745,5.11,0.14214021,0.16701603,0.3617735,0.0,0.0,0.0
-0.28,8.757,5.057,-0.07455833,0.1784668,0.30968904,0.0,0.0,0.0
-0.416,8.764,5.048,-0.20845427,0.18665981,0.29862404,0.0,0.0,0.0
-0.464,8.774,5.117,-0.2558291,0.19971466,0.36214304,0.0,0.0,0.0
-0.384,8.715,5.224,-0.17662762,0.14241028,0.46605158,0.0,0.0,0.0
-0.357,8.702,5.239,-0.15048613,0.13072205,0.4786501,0.0,0.0,0.0
-0.372,8.662,5.179,-0.16615544,0.0909462,0.4182167,0.0,0.0,0.0
0.004,8.831,4.861,0.20984456,0.25994682,0.100216866,0.0,0.0,0.0
0.004,8.831,4.861,0.20984456,0.25994682,0.100216866,0.0,0.0,0.0
-0.156,8.86,5.375,0.049844563,0.28894615,0.6142168,0.0,0.0,0.0
-0.162,8.793,5.338,0.043844566,0.22194672,0.5772166,0.0,0.0,0.0
-0.275,8.743,5.186,-0.06915544,0.17194653,0.42521667,0.0,0.0,0.0
-0.137,8.794,5.113,0.06884457,0.22294617,0.35221672,0.0,0.0,0.0
-0.137,8.794,5.113,0.068116084,0.223032,0.35203028,0.0,0.0,0.0
-0.119,8.627,5.277,0.07386364,0.06379509,0.5015726,0.0,0.0,0.0
-0.05,8.559,5.348,0.1365764,-0.0012235641,0.5669813,0.0,0.0,0.0
-0.029,8.579,5.365,0.15105702,0.019478798,0.5824752,0.0,0.0,0.0
-0.071,8.616,5.336,0.10483276,0.056221962,0.5537772,0.0,0.0,0.0
0.014,8.732,4.966,0.18295966,0.17150402,0.18481493,0.0,0.0,0.0
0.055,8.743,5.06,0.22038937,0.18377018,0.2764225,0.0,0.0,0.0
-0.06,8.705,5.174,0.103247985,0.14964294,0.38342428,0.0,0.0,0.0
-0.091,8.685,5.233,0.07078228,0.13155365,0.43896866,0.0,0.0,0.0
-0.073,8.71,5.277,0.08462335,0.1597929,0.47705603,0.0,0.0,0.0
0.0,8.705,5.218,0.15456305,0.15702534,0.41398096,0.0,0.0,0.0
-0.011,8.734,5.27,0.14072421,0.18949413,0.45972204,0.0,0.0,0.0
-0.067,8.751,5.385,0.08021094,0.20970917,0.5688753,0.0,0.0,0.0
-0.192,8.819,5.414,-0.04587169,0.2789564,0.5956297,0.0,0.0,0.0
-0.059,8.812,5.214,0.08266814,0.27098274,0.3972206,0.0,0.0,0.0
0.038,8.81,5.172,0.17676774,0.270154,0.35306072,0.0,0.0,0.0
-0.102,8.793,5.308,0.031340867,0.25677395,0.4824996,0.0,0.0,0.0
-0.131,8.831,5.463,-0.0011695027,0.29757977,0.6324439,0.0,0.0,0.0
-0.073,8.863,5.356,0.057274774,0.32829,0.5277324,0.0,0.0,0.0
-0.056,8.825,5.153,0.075018235,0.2880144,0.32878017,0.0,0.0,0.0
-0.126,8.752,5.174,0.004112914,0.21585655,0.3482685,0.0,0.0,0.0
-0.143,8.719,5.26,-0.015927613,0.18654633,0.42766714,0.0,0.0,0.0
-0.067,8.752,5.412,0.05586949,0.22267818,0.5740299,0.0,0.0,0.0
-0.016,8.797,5.395,0.104709275,0.2674122,0.5574446,0.0,0.0,0.0
-0.041,8.74,5.183,0.08144018,0.20774174,0.35019827,0.0,0.0,0.0
-0.008,8.697,5.118,0.11163438,0.16427231,0.28595543,0.0,0.0,0.0
0.016,8.737,5.114,0.13043366,0.20560646,0.27947855,0.0,0.0,0.0
0.061,8.785,5.144,0.17107354,0.25737286,0.3027358,0.0,0.0,0.0
0.074,8.764,5.298,0.17944416,0.2426691,0.44555855,0.0,0.0,0.0
-0.126,8.642,5.437,-0.024839431,0.12783813,0.57190084,0.0,0.0,0.0
-0.214,8.584,5.457,-0.1160512,0.07635784,0.580441,0.0,0.0,0.0
-0.115,8.638,5.435,-0.022062838,0.13567352,0.54908323,0.0,0.0,0.0
-0.008,8.68,5.461,0.07722021,0.18141556,0.5684347,0.0,0.0,0.0
0.038,8.626,5.355,0.11430217,0.12789059,0.46146727,0.0,0.0,0.0
0.041,8.582,5.252,0.10887517,0.0829525,0.3599701,0.0,0.0,0.0
0.092,8.58,5.265,0.15189882,0.08116627,0.37249327,0.0,0.0,0.0
0.113,8.629,5.273,0.16594163,0.13104343,0.378891,0.0,0.0,0.0
0.034,8.624,5.297,0.082294196,0.12683296,0.4014716,0.0,0.0,0.0
-0.062,8.597,5.357,-0.016441807,0.10054016,0.46022034,0.0,0.0,0.0
-0.11,8.62,5.346,-0.06521292,0.12198639,0.45190716,0.0,0.0,0.0
0.0,8.724,5.223,0.04542654,0.22349167,0.3332467,0.0,0.0,0.0
0.052,8.762,5.163,0.09659599,0.26148033,0.27325678,0.0,0.0,0.0
-0.124,8.691,5.302,-0.077940755,0.19200611,0.4096179,0.0,0.0,0.0
-0.225,8.663,5.414,-0.17879876,0.16346073,0.52257156,0.0,0.0,0.0
-0.102,8.755,5.372,-0.05556765,0.25103283,0.4882722,0.0,0.0,0.0
0.064,8.81,5.193,0.11166693,0.30030632,0.31927204,0.0,0.0,0.0
-0.048,8.716,4.954,-0.0010376088,0.2055912,0.08151531,0.0,0.0,0.0
0.063,8.761,5.199,0.10684003,0.25655842,0.3160758,0.0,0.0,0.0
0.103,8.788,5.405,0.14734964,0.29023933,0.51046515,0.0,0.0,0.0
-0.116,8.804,5.615,-0.06929143,0.3074503,0.7183852,0.0,0.0,0.0
-0.193,8.779,5.406,-0.13862965,0.27749634,0.5180726,0.0,0.0,0.0
-0.08,8.764,5.209,-0.025901057,0.26154613,0.3227191,0.0,0.0,0.0
0.075,8.743,5.275,0.12438246,0.24063873,0.38850832,0.0,0.0,0.0
0.104,8.75,5.377,0.1505904,0.24989986,0.48654604,0.0,0.0,0.0
0.19,8.76,5.385,0.23007798,0.26218605,0.49052,0.0,0.0,0.0
0.213,8.736,5.364,0.2516021,0.23952103,0.46719122,0.0,0.0,0.0
0.213,8.736,5.364,0.2516021,0.23952103,0.46719122,0.0,0.0,0.0
0.213,8.736,5.364,0.2516021,0.23952103,0.46719122,0.0,0.0,0.0
0.213,8.736,5.364,0.2516021,0.23952103,0.46719122,0.0,0.0,0.0
0.213,8.736,5.364,0.2516021,0.23952103,0.46719122,0.0,0.0,0.0
0.056,8.739,5.084,0.11613785,0.24262619,0.18722725,0.0,0.0,0.0
0.033,8.741,5.311,0.094069205,0.25043106,0.40417767,0.0,0.0,0.0
-0.133,8.699,5.643,-0.0694921,0.21697044,0.72146225,0.0,0.0,0.0
-0.127,8.69,5.618,-0.060342595,0.21379375,0.68648195,0.0,0.0,0.0
-0.084,8.658,5.548,-0.016343728,0.18242359,0.6154132,0.0,0.0,0.0
-0.025,8.676,5.527,0.041934937,0.20166874,0.5922632,0.0,0.0,0.0
-0.022,8.675,5.43,0.039679624,0.198596,0.49875784,0.0,0.0,0.0
0.026,8.694,5.291,0.08400947,0.21461105,0.36485004,0.0,0.0,0.0
0.017,8.661,5.283,0.0730899,0.1795578,0.36036253,0.0,0.0,0.0
-0.025,8.628,5.269,0.030229816,0.14574242,0.34775782,0.0,0.0,0.0
-0.079,8.664,5.224,-0.025145799,0.17964458,0.3063588,0.0,0.0,0.0
-0.122,8.749,5.229,-0.06827518,0.2646227,0.31139517,0.0,0.0,0.0
-0.105,8.743,5.349,-0.0534728,0.258667,0.43129778,0.0,0.0,0.0
-0.106,8.694,5.494,-0.05739394,0.20935535,0.57680225,0.0,0.0,0.0
-0.143,8.684,5.473,-0.097055204,0.19455624,0.5640693,0.0,0.0,0.0
-0.074,8.705,5.319,-0.029861394,0.20793056,0.42326307,0.0,0.0,0.0
0.057,8.735,5.08,0.09926784,0.23264599,0.19342566,0.0,0.0,0.0
0.08,8.761,5.053,0.120915025,0.2583313,0.16696167,0.0,0.0,0.0
-0.058,8.775,5.287,-0.018434927,0.27420235,0.3977003,0.0,0.0,0.0
-0.139,8.717,5.376,-0.09903574,0.21550655,0.4879117,0.0,0.0,0.0
-0.081,8.736,5.217,-0.04150496,0.23200226,0.33327007,0.0,0.0,0.0
-0.061,8.775,5.068,-0.022887036,0.2715559,0.18329239,0.0,0.0,0.0
-0.044,8.798,5.209,-0.007406138,0.29674244,0.32047892,0.0,0.0,0.0
-0.014,8.813,5.373,0.019804196,0.31639862,0.47636604,0.0,0.0,0.0
-0.001,8.732,5.367,0.031643286,0.23865223,0.46472073,0.0,0.0,0.0
0.032,8.699,5.445,0.064099774,0.20876312,0.5373287,0.0,0.0,0.0
0.082,8.779,5.485,0.112870514,0.2892971,0.5763998,0.0,0.0,0.0
-0.03,8.734,5.314,0.001879802,0.24310112,0.407475,0.0,0.0,0.0
0.105,8.706,5.222,0.13517392,0.2169838,0.3122077,0.0,0.0,0.0
0.176,8.8,5.381,0.20416193,0.31429577,0.46547174,0.0,0.0,0.0
-0.181,8.782,5.375,-0.14412914,0.29592133,0.46017647,0.0,0.0,0.0
-0.307,8.731,5.142,-0.26170662,0.24250793,0.23141289,0.0,0.0,0.0
-0.142,8.666,5.12,-0.096989036,0.17920876,0.20647287,0.0,0.0,0.0
-0.01,8.679,5.288,0.028332418,0.1974659,0.36534882,0.0,0.0,0.0
0.143,8.682,5.47,0.17595315,0.20397854,0.54125977,0.0,0.0,0.0
0.112,8.619,5.329,0.1464243,0.14097309,0.40027952,0.0,0.0,0.0
-0.063,8.684,5.216,-0.024612527,0.20617008,0.28697157,0.0,0.0,0.0
-0.296,8.699,5.244,-0.25356558,0.22268009,0.31240988,0.0,0.0,0.0
-0.207,8.706,5.389,-0.16572827,0.2313118,0.45459366,0.0,0.0,0.0
-0.042,8.699,5.391,-0.0025150552,0.22289181,0.4590187,0.0,0.0,0.0
-0.087,8.639,5.186,-0.047086198,0.15844631,0.26167297,0.0,0.0,0.0
0.002,8.649,5.016,0.041670788,0.16470718,0.09811592,0.0,0.0,0.0
-0.038,8.659,5.007,4.1782483E-4,0.17418766,0.09000397,0.0,0.0,0.0
-0.074,8.693,5.163,-0.038306437,0.21012306,0.24264336,0.0,0.0,0.0
-0.062,8.687,5.207,-0.026537538,0.20475197,0.28555775,0.0,0.0,0.0
-0.11,8.618,5.227,-0.07390444,0.13714504,0.3031621,0.0,0.0,0.0
-0.15,8.529,5.384,-0.11555135,0.050768852,0.45563316,0.0,0.0,0.0
