-0.26919556,5.6661987,7.5684967,0.10309088,-0.4751072,-0.62790775,0.035235405,0.007940529,9.013355
-0.2644043,5.743973,7.7036896,0.15523016,-0.5449295,-0.65393305,0.07854462,0.0465705,8.946222
-0.21176147,5.7595215,7.5385895,0.16174316,-0.40085602,-0.5932617,-0.0055980682,0.08124109,9.0771475
-0.010772705,5.6937256,7.4069824,0.07321,-0.07636452,-0.46895027,-0.2057333,0.056923665,9.375908
0.029907227,5.703293,7.1641083,-0.13234067,-0.03609705,-0.31502914,-0.17485595,0.14360142,9.548069
-0.023925781,5.7308044,6.8362885,-0.23036051,-0.081737995,-0.36473703,-0.19106293,-0.24155293,9.493718
-0.17945862,5.827713,6.8147583,-0.03546524,-0.39228582,-0.513082,-0.009232521,-0.11040834,9.169371
-0.34695435,5.8911285,7.2143555,0.17354202,-0.4822154,-0.5322571,0.078157425,0.07941009,9.076219
-0.46540833,5.9605255,8.008774,0.18953216,-0.4899726,-0.5581975,0.06838989,0.09521606,9.04913
-0.5814514,5.966507,8.055435,0.17873812,-0.2700901,-0.52351665,0.10482103,0.10983467,9.210066
-0.57547,5.9282227,8.029114,0.012125254,-0.17690945,-0.3477087,-0.07462168,-0.02127482,9.424126
-0.3409729,5.904297,7.410568,-0.09903872,-0.25827932,-0.014809608,0.17637062,-0.14666444,9.651348
-0.24645996,5.8947144,7.130615,-0.13664532,-0.37400723,0.12632656,0.34638357,-0.20723957,9.699033
-0.100494385,6.0681915,6.961914,-0.026220083,-0.51111364,-0.008112431,0.38836718,-0.12681428,9.498302
-0.034698486,6.1627197,7.4691925,-0.101408005,-0.5136237,-0.017293453,0.37337208,-0.20233475,9.499982
-0.20936584,6.172287,7.647461,0.037956357,-0.4053192,-0.046295166,0.29406977,-0.04506628,9.524942
-0.20578003,6.2404785,7.635498,0.09902656,-0.17711258,-0.08670521,0.102015495,0.061045133,9.62075
-0.18185425,6.04068,7.639084,0.025428057,-0.15402079,-0.10517597,0.06103325,-0.00643616,9.628707
-0.21534729,5.9808655,7.5182495,9.5939636E-4,-0.16166973,-0.11226463,0.05871296,-0.032187767,9.621561
-0.32183838,5.950943,7.0911255,0.046517134,-0.23368502,-0.3371663,-0.0056626797,0.012963295,9.394032
-0.52163696,5.986847,6.8973083,0.055583358,-0.24866915,-0.43991804,-0.012672424,0.06307125,9.302354
-0.45344543,6.074173,7.1688995,-0.026643038,-0.19786406,-0.5258045,-0.17225122,-0.06750065,9.2755165
-0.53479004,6.069397,7.4368896,-0.046732545,-0.11591339,-0.5125017,-0.2321701,-0.06974781,9.338132
-0.5264282,5.7894287,7.490738,-0.20718825,-0.056045055,-0.55978537,-0.33548975,-0.21362622,9.358055
-0.4749756,5.7463684,7.657028,-0.029516459,-0.24926853,-0.44417048,-0.10195935,0.05944729,9.310299
-0.3912201,5.724823,7.782654,0.33986664,-0.12368202,-0.26985645,-0.0147128105,0.3071643,9.476403
-0.25125122,5.6817627,7.708481,0.051428676,-0.2346406,-0.3310213,-0.01292944,0.0023460314,9.397866
0.011962891,5.7690887,7.1569366,-0.009040713,-0.25781822,-0.38715887,-0.039530277,-0.06164886,9.347216
0.124420166,5.8779755,6.932007,0.39399278,-0.39656305,-0.4026265,0.117079735,0.3090932,9.202204
-0.03111267,6.052643,6.508484,0.26818883,-0.33632135,-0.36744165,0.07279873,0.197802,9.281651
-0.22612,5.9617157,6.829117,-0.0039532185,-0.32156134,-0.44303608,-0.02543974,-0.06676926,9.2638855
-0.34695435,5.9246216,7.473984,-0.084575176,-0.30664492,-0.38776016,-0.014623642,-0.14291424,9.326125
-0.34457397,5.8923187,7.856827,-0.14599216,-0.24697638,-0.11053753,0.10199404,-0.19070822,9.588118
-0.34934998,5.826523,7.7407837,-0.30962563,-0.3336048,-0.1498251,-0.31497478,-0.22534037,9.524481
-0.27278137,5.827713,7.450058,-0.21945047,-0.36715508,-0.26589537,0.090022564,-0.28549072,9.401616
-0.16270447,5.954544,6.5120697,0.07418525,-0.38587236,-0.49959183,0.004898548,1.2128055E-4,9.171065
-0.17468262,6.0215454,6.4259186,0.29491687,-0.23469591,-0.5941,-0.14046383,0.24572432,9.162521
-0.19621277,6.0598297,6.981064,0.2590376,-0.25397873,-0.57952166,-0.12390518,0.2077717,9.167175
-0.20817566,6.1543427,7.430908,0.12450755,-0.36326075,-0.4209485,0.040066242,0.057139482,9.241152
-0.12083435,6.16391,7.384247,0.06608105,-0.5860629,-0.15863085,0.07236755,-0.36288166,9.32077
-0.14596558,6.1292114,7.310074,0.07927072,-0.6615143,-0.15025043,0.4350891,-0.03652449,9.281462
0.052642822,6.072983,7.0743866,0.06967056,-0.6969657,-0.35660648,0.33671522,-0.052027937,9.098342
0.010772705,6.135193,6.8327026,0.0066717863,-0.45993614,-0.5972247,-0.07279801,-0.018272877,9.056564
-0.13877869,6.1375885,6.8039856,-0.05490899,-0.21379375,-0.734045,-0.28666687,-0.094836414,9.102113
-0.43190002,6.12323,7.5481567,-0.28536916,-0.15870237,-0.6598468,-0.31419754,-0.31372786,9.219389
-0.48693848,6.0885315,7.802994,-0.30189323,-0.26920414,-0.3964486,-0.35519254,-0.022397518,9.366062
-0.51086426,6.1136627,7.7658997,-0.04809463,-0.4008355,-0.28038597,0.14641285,-0.1256668,9.354578
-0.5359955,6.0,7.552948,0.039746523,-0.52331924,-0.094329834,0.3708496,-0.063049525,9.428714
-0.41036987,5.925827,7.3782654,0.10011506,-0.6195102,0.120238304,0.58531,-0.02206996,9.551312
-0.29193115,5.8995056,7.0073853,0.12544346,-0.53988886,-0.058963776,0.42648268,0.017527241,9.448185
-0.17468262,5.785843,6.977478,0.33580673,-0.31898594,-0.16603851,0.2214508,0.2668394,9.457591
-0.11605835,5.9808655,7.2299194,0.3014878,-0.17865229,-0.33360386,0.00946188,0.26008123,9.398765
-0.11605835,6.135193,7.3208466,-0.2730974,-0.13316202,-0.32742977,-0.112856865,-0.29531825,9.491096
-0.19502258,6.045471,7.3902283,0.0024416447,-0.14781857,-0.28472042,-0.033135414,-0.027071163,9.488703
-0.23568726,5.9198456,8.030319,-0.068520546,-0.48669147,-0.3928318,-0.10149264,-0.21873355,9.2255
-0.1531372,5.79303,8.1966095,-0.083137155,-0.5056095,-0.31273365,0.23659849,-0.18008783,9.285167
-0.14356995,5.864807,7.4859467,0.27333152,-0.12071562,0.2712555,0.2899313,0.24626713,9.941387
-0.2679901,6.0358887,6.7824554,-0.056803703,-0.22185946,0.42964077,0.4069624,-0.09501407,10.056437
-0.26560974,6.01915,6.808777,-0.0022708178,-0.1704073,0.4747572,0.3988948,-0.030433834,10.113888
-0.23928833,5.9246216,6.9762726,0.16076791,-0.18430948,0.24877739,0.21614945,-0.25875998,9.896258
-0.5467529,5.8612213,7.104294,-0.027064323,-0.19061184,-0.1535883,0.06511021,-0.061430164,9.577212
-0.59820557,5.848053,7.438095,-0.040660262,-0.27706623,-0.26243877,0.069344044,-0.090461984,9.440179
-0.57307434,5.7152557,7.677368,0.014826775,-0.32907152,-0.28087807,0.102508545,-0.043876126,9.38836
-0.48335266,5.7152557,7.5720825,0.06170082,-0.21652317,-0.72436047,-0.24728823,0.017225794,9.089754
-0.37088013,5.7595215,7.3914337,0.06507254,-0.1774025,-0.8379736,-0.051139355,0.35602045,9.026561
-0.044265747,5.8205414,6.801605,-0.01778078,-0.19516039,-0.842021,-0.36591148,-0.05938737,9.025635
0.023925781,5.843277,6.7298126,-0.15622258,-0.35330486,-0.5482893,-0.08643818,-0.2194394,9.178777
-0.10169983,5.852844,7.281357,-0.18183517,-0.42918968,-0.54965353,-0.034994125,-0.25743106,9.134422
-0.15074158,5.827713,7.532608,-0.036335945,-0.49384737,-0.43745422,0.1006484,-0.12307386,9.165328
-0.21176147,5.81456,7.907089,0.18915725,-0.5942464,-0.3887596,0.23206997,0.08575666,9.114674
-0.25483704,5.785843,7.869995,0.22289717,-0.43971062,-0.666307,-0.061478138,0.1411286,8.99222
-0.18424988,5.851654,7.401001,0.25815415,-0.4391446,-0.70667744,-0.090528965,0.17668515,8.958434
-0.21894836,5.880356,6.7633057,0.32195246,-0.55357885,-0.62719727,0.050700665,0.22485766,8.940424
-0.23091125,5.91864,6.9547424,0.11629534,-0.5406842,-0.5887003,0.04138279,0.025823116,9.000391
-0.24287415,5.97847,7.5146637,0.09405136,-0.49935007,-0.62599134,-0.017352104,0.009799011,9.000633
-0.33380127,6.0885315,7.757538,0.20497727,-0.333014,-0.73530054,-0.20302296,0.14357942,9.011826
-0.37806702,6.106476,7.759918,0.053673863,-0.26680517,-0.5300474,-0.13647318,0.0070583,9.226701
-0.31585693,6.045471,7.6666107,0.037863016,-0.2536726,-0.3517871,-0.032057762,-0.004396878,9.372495
-0.30389404,6.008377,7.3208466,-0.052612066,-0.1862793,-0.098155975,-0.06480682,-0.086788654,9.618581
-0.5252228,5.946167,6.891327,-0.083961606,-0.22108841,0.122677326,0.23753738,-0.11462892,9.769026
-0.14237976,6.011963,6.9355927,-0.17470872,-0.21385384,0.34149504,0.36245108,-0.20078123,9.952222
-0.15911865,6.0885315,6.9355927,-0.049566627,-0.3664112,0.3293786,0.48414612,-0.10008588,9.834749
-0.31944275,6.139984,7.3627167,0.26001096,-0.41597605,-0.091303825,0.28751373,0.19470006,9.448314
-0.30747986,6.1052856,7.520645,0.1955105,-0.44895267,-0.1414423,0.27396297,0.12626898,9.39581
-0.34336853,6.045471,7.905884,0.165779,-0.33288193,-0.11508179,0.19904518,0.11391731,9.492102
-0.4127655,5.9413757,7.9896393,-0.15120065,-0.08404398,0.07755995,0.09739733,-0.16102788,9.829552
-0.30389404,5.893524,7.804184,-0.29560888,-0.020339489,0.236732,0.13252878,-0.2924997,10.008444
-0.30867004,5.871994,7.381851,-0.29078436,-0.001493454,0.25717115,0.1304698,-0.28449625,10.036289
-0.34457397,5.946167,7.216751,-0.68049586,0.01803255,-0.083081245,-0.68251586,-0.062217712,9.831211
-0.37088013,5.9904327,7.117447,-0.37896407,-0.33541727,-0.30506897,0.013103962,-0.43343186,9.405214
-0.2524414,5.996414,7.076767,0.11655235,-0.4148035,-0.41020155,0.065317154,0.040380254,9.216723
-0.3517456,6.0143585,7.4895325,0.31023288,-0.35651922,-0.5150175,-0.027619362,0.24144512,9.15126
-0.32661438,5.9246216,7.7276154,0.3254373,-0.31694794,-0.40523767,0.012982845,0.2652489,9.258875
-0.2907257,5.8013916,7.4979095,0.3083415,-0.3002324,-0.38479376,0.24385929,0.06435919,9.287353
-0.23808289,5.777466,7.2191467,0.18750155,-0.36697865,-0.42106247,0.02073431,0.1224965,9.230726
-0.18185425,5.8672028,7.225128,0.23199773,-0.44829893,-0.6013708,-0.0331192,0.15214083,9.037106
-0.19621277,5.9078827,6.8004,0.19953978,-0.49682283,-0.7393203,-0.0918355,0.11084843,8.905251
-0.14356995,5.8504486,6.629318,0.124263525,-0.46432114,-1.1619897,-0.4025674,0.033937603,8.615833
-0.14117432,5.8624115,6.8434753,0.13982975,-0.42080545,-1.2055221,-0.06412959,0.46237063,8.6099825
-0.14955139,5.9246216,7.434494,0.10517669,-0.46161366,-1.1327033,-0.38719463,0.012257129,8.6417055
-0.15194702,5.8456726,7.426132,-0.4404955,-0.706676,-0.6815319,0.0337224,-0.56243294,8.889893
-0.17468262,5.7092743,7.235901,-0.46334922,-0.8201103,-0.32727146,0.35072803,-0.6075943,9.097989
-0.095718384,5.799011,7.130615,-0.3686608,-0.78194666,-0.15543747,0.4457631,-0.5105417,9.247942
-0.15194702,5.844467,6.9152527,-0.019129992,-0.5296836,0.30521345,0.5951128,-0.11484608,9.724574
-0.20578003,5.89592,6.6640167,0.12204206,-0.3805437,0.36698103,0.5381532,0.054007143,9.849741
-0.21534729,5.949753,6.948761,0.18128526,-0.388875,0.40600634,0.57611465,0.113112986,9.871662
-0.2907257,5.986847,7.515854,0.20984924,-0.23767328,0.42804527,0.47457552,0.1706139,9.978162
-0.32901,5.974884,7.628311,0.08854365,-0.030893326,0.09450674,0.0932641,0.08346705,9.852048
-0.3409729,5.885147,7.5840454,0.094863415,-0.019296646,-0.017058372,0.016407967,0.089723766,9.770006
-0.38404846,5.9114685,7.482361,0.22842765,0.042178154,-0.25627995,-0.1632905,0.22706293,9.603141
-0.39840698,5.9689026,7.351944,0.25089598,-0.047911167,-0.35963202,-0.15731621,0.23230094,9.466258
-0.39482117,6.0430756,7.401001,0.24305665,-0.061477184,-0.34808826,-0.14283991,0.22258316,9.468901
-0.16390991,6.0,7.5804596,-0.3300693,-0.21768475,-0.30805683,-0.063130856,-0.36698043,9.471133
-0.19502258,6.193817,7.652252,-0.70015025,-0.10446739,0.07021904,-0.6533146,-0.27217197,9.878458
-0.21774292,6.229721,7.7001038,-0.57804585,-0.4625101,0.10510731,0.35233498,-0.64555395,9.671667
-0.29431152,6.0646057,7.5481567,-0.43542314,-0.3176155,0.038015366,0.21394491,-0.48278618,9.692357
-0.3529358,5.925827,7.6546326,-0.20353031,-0.2008338,-0.41701078,-0.13474846,-0.24124041,9.383207
-0.3672943,5.880356,7.7036896,-0.15252423,-0.19968271,-0.48212528,-0.17370749,-0.19053909,9.328004
-0.37687683,5.9485626,7.737198,0.1210525,-0.21581984,-0.6265297,0.017191648,0.23721218,9.176408
-0.34695435,5.9653015,7.564911,0.20659673,-0.16984987,-0.583776,0.110710025,0.26106215,9.23053
-0.28355408,6.032303,7.4967194,0.16416156,-0.23786926,-0.5511551,-0.16483974,0.11866446,9.218391
-0.2536316,6.0538483,7.311264,0.09238577,-0.28428698,-0.51877975,-0.1188159,0.041962013,9.221321
-0.27397156,5.9940186,7.3124695,0.09346366,-0.40804005,-0.47555637,-4.8398972E-4,0.02729579,9.17369
-0.3517456,5.8253326,7.404587,0.14483202,-0.5698643,-0.36082888,0.20012903,0.058332257,9.14903
-0.35055542,5.7643127,7.4763794,0.1505692,-0.56141615,-0.20182848,0.2999587,0.0684067,9.27379
-0.42114258,5.7559357,7.3698883,0.114825845,-0.45542955,-0.1977129,0.22103167,0.047886252,9.349985
-0.41156006,5.8253326,7.12941,0.10982078,-0.39984608,-0.10985279,0.23754883,0.052289046,9.4533205
-0.48693848,5.8995056,6.9798584,0.11307418,-0.3433175,0.029029846,0.28716612,0.06571989,9.595198
-0.4558258,5.91626,7.0588226,0.12517458,-0.17587662,0.04427147,0.17286396,0.100766905,9.714317
-0.38523865,5.913864,7.1724854,0.22911155,0.11889553,-0.24141693,-0.22573566,0.23924679,9.677365
-0.27038574,5.885147,7.08873,0.23844093,0.13699722,-0.3076992,-0.2823534,0.24955788,9.63843
-0.20817566,5.6554413,7.0408783,0.19472855,0.12929869,-0.31621552,-0.2865405,0.20503779,9.632055
-0.18304443,5.64946,7.034897,0.048646092,0.057031155,-0.24046516,-0.1957593,0.052066907,9.656951
-0.010772705,5.822937,6.9344025,-0.15787435,0.04136896,-0.16995668,-0.15670109,-0.15340424,9.720436
-0.037094116,5.929413,6.78006,-0.32658982,-0.049275875,-0.17849874,-0.11116648,-0.3327008,9.672848
-0.1268158,5.9318085,6.9870453,-0.39960325,0.02773714,-0.23306274,-0.2129631,-0.39467856,9.689835
-0.110076904,5.9401855,7.253845,-0.34621215,0.0120129585,-0.27370787,-0.39170325,0.12349367,9.644659
-0.18424988,5.995224,7.2346954,-0.15256214,0.043294907,-0.31357956,-0.2541523,-0.1490453,9.615147
-0.35414124,5.900696,7.179657,0.022985816,-0.087191105,-0.3376894,-0.1567645,0.005684778,9.494307
-0.34336853,5.8169556,7.4452667,0.07415748,-0.17938519,-0.3332863,-0.081635,0.043449037,9.432209
-0.33380127,5.8169556,7.35553,0.26245552,-0.40321445,-0.27532387,0.1384573,0.20167936,9.309233
-0.33380127,5.864807,7.12941,0.38357526,-0.45344496,-0.17902422,0.3785498,-0.14264297,9.3363905
-0.44625854,6.008377,7.112671,0.37040627,-0.5378947,-0.16779804,0.37790227,-0.21505356,9.291258
-0.4175415,6.052643,7.6414795,0.2601365,-0.69015694,-0.1463108,0.4368472,0.1722211,9.21937
-0.37208557,6.0311127,7.898712,0.19057202,-0.63979435,-0.17724895,0.21267664,-0.32640886,9.236301
-0.23449707,6.069397,7.576874,0.037248135,-0.4998436,-0.30196095,0.17646313,-0.029271528,9.2495
-0.18185425,6.131607,7.3292084,-0.08926469,-0.38212538,-0.37467432,0.030614376,-0.14344995,9.284296
-0.27038574,6.0849457,7.2837524,-0.2508191,-0.37654495,-0.47794008,-0.055646896,-0.3068709,9.2271185
-0.31704712,6.0358887,7.450058,-0.18805039,-0.36337662,-0.53184843,-0.097797394,-0.24488625,9.189613
-0.35653687,5.9856415,7.618744,-0.06923711,-0.23321581,-0.6091757,-0.23750067,-0.11258736,9.205654
-0.4139557,5.97847,7.6989136,0.055746675,-0.20348644,-0.7322998,-0.33424044,0.012202993,9.121878
-0.40797424,5.974884,7.8065796,0.12255812,-0.20050621,-0.7816906,-0.3666954,0.07758744,9.081545
-0.3397827,6.0143585,7.6666107,0.10396588,-0.15024376,-0.72444487,-0.36938572,0.06642999,9.160629
-0.29910278,6.045471,7.3172455,0.06894934,-0.20526886,-0.5743513,-0.23078823,0.028061643,9.238567
-0.33499146,6.0179443,7.2634125,0.07142472,-0.28483438,-0.28011227,0.027302742,0.027641162,9.402688
-0.36968994,5.97966,7.4883423,0.15139139,-0.34114218,-0.1696372,0.15021753,0.10251059,9.439226
-0.47018433,5.8791656,7.704895,0.23063385,-0.45021963,-0.039033413,0.32565165,0.17050828,9.456948
-0.45942688,5.8002014,7.725235,0.26275074,-0.38849926,-0.031872272,0.2888651,0.21008037,9.501022
-0.3900299,5.782257,7.639084,0.13532686,-0.3305874,-0.0035991669,0.2556734,0.09100723,9.57435
-0.26679993,5.85524,7.310074,0.11068761,-0.20737791,-0.1720519,0.052437782,0.07670687,9.530561
-0.21774292,5.9030914,6.9714813,0.2975831,-0.14407396,-0.23031044,-0.014590263,0.2681337,9.506239
-0.22732544,6.0,6.928421,-0.07483482,-0.17970085,-0.16832018,0.019553185,-0.10501082,9.572523
-0.17468262,6.0263214,7.0456696,-0.40498972,-0.09598303,-0.0049881935,0.025257587,-0.41513634,9.789973
-0.22253418,5.9413757,7.2179565,-0.5689167,-0.101685524,0.28807354,0.19174004,-0.5729588,10.034567
-0.28953552,5.7786713,7.2634125,-0.5351503,-0.08862162,0.35885906,0.22533655,-0.5369187,10.096412
-0.34217834,5.580063,7.331604,-0.6058372,-0.008774757,0.16209984,0.026492596,-0.59482574,10.003811
-0.3134613,5.596817,7.2753754,-0.522774,0.0135650635,0.023377419,-0.068825245,-0.51062536,9.899106
-0.46899414,5.81575,7.055237,-0.30318952,-0.18060875,0.16816092,0.20085144,-0.3297386,9.8679085
-0.49650574,5.927017,7.0361023,-0.16507566,-0.25862026,0.081884384,0.22812033,-0.20938697,9.736239
-0.53718567,5.954544,7.124634,0.023985386,-0.25634766,-0.0509243,0.17181873,-0.023713462,9.609677
-0.5144501,5.962921,7.330414,0.29710007,-0.10015488,-0.29614782,0.23866642,0.1424694,9.476888
-0.49890137,5.8983,7.223938,0.34868145,-0.07863617,-0.38020515,-0.12802982,0.3238254,9.41798
-0.40318298,5.7762756,7.1198425,0.47371376,-0.15319872,-0.49996042,-0.13035202,0.43350568,9.265433
-0.38523865,5.741577,7.0660095,0.54510176,-0.2214818,-0.58449936,0.44026244,0.25113964,9.1502
-0.29910278,5.781067,7.2227325,0.34579706,-0.5198703,-0.6563425,0.24994636,0.020805359,8.936179
-0.324234,5.848053,7.319641,0.21815705,-0.6769476,-0.5225439,0.2386427,0.099110305,8.962771
-0.28833008,6.1208344,7.421341,-0.06700909,-0.37611198,-0.38283873,0.056752205,-0.13369656,9.285669
-0.29193115,6.1459656,7.1808624,-0.11395824,-0.103643894,-0.46903658,-0.21544123,-0.13927424,9.384855
-0.28953552,6.148361,7.085144,-0.021174788,-0.021950722,-0.46191502,-0.26483822,-0.033287972,9.428434
-0.21296692,5.9892426,7.135391,-0.45994008,0.029155254,-0.83550787,-0.59452343,-0.46065897,9.219451
-0.3529358,5.9533386,7.1210327,-0.6077963,-0.08049631,-1.1376233,-0.7259555,-0.6289636,8.942082
-0.47257996,5.8133698,7.414154,-0.50505054,-0.11899519,-1.1247749,-0.6796652,0.52704906,8.91523
-0.4857483,5.8121643,7.556534,-0.2216748,-0.29448462,-0.37152672,-0.28894734,-0.036746025,9.371848
-0.5132599,5.9329987,7.523041,-0.011065006,-0.30562925,-0.06330776,0.2021966,-0.084546,9.5841465
-0.5970154,6.06221,7.4201355,0.06927669,-0.34634733,-0.057878494,0.2553339,-0.016715772,9.556389
-0.6089783,6.0586243,7.5170593,0.010311365,-0.4280696,0.07380772,0.38573742,-0.09147773,9.628785
-0.4390869,5.991623,7.429718,-0.1258471,-0.29814053,0.0074863434,0.2191,-0.19255996,9.666305
-0.4283142,5.8911285,7.3698883,-0.13858318,-0.22612524,-0.05388069,-0.1579566,-0.16027594,9.65631
-0.38404846,5.8133698,7.3782654,0.46890604,-0.0242095,-0.5387535,0.3954236,0.29548216,9.289886
-0.35772705,5.8169556,7.471588,0.84327674,0.107889175,-0.7424512,0.745592,0.54149103,9.154831
-0.48812866,5.85643,7.482361,0.15132916,-0.046269417,-0.8600559,-0.44714403,0.123592526,9.0653515
-0.5264282,5.716446,7.525421,-0.5868982,-0.17849731,0.49442196,0.35219765,-0.6003272,10.175877
-0.57188416,5.684143,7.688141,0.2625686,-0.2891035,-0.016128063,0.25493145,0.20590207,9.593584
-0.6424713,5.880356,7.525421,-0.29387498,0.378747,-0.29398346,-0.51279545,-0.22955331,9.830831
-0.6388855,5.8815613,7.4368896,1.5162305,-0.64207125,0.25603056,0.8434315,1.392632,9.451742
-0.65563965,5.868393,7.380661,-0.42132652,-0.123194695,0.06371641,0.09124279,-0.43350995,9.828935
-0.5647125,5.7631073,7.2933197,-0.6947694,0.2187233,0.11715746,-0.15947962,-0.65464133,10.1071205
-0.57069397,5.7511444,7.289734,-0.16196024,-0.19571257,0.06934261,0.17873335,-0.18563595,9.7524605
-0.48812866,5.7308044,7.4847565,-0.124138,-0.31152058,-0.39656973,-0.041598797,-0.17570949,9.319702
-0.41036987,5.6650085,7.4883423,0.0023180246,-0.4752736,-0.76613855,-0.16629362,-0.08258523,8.924389
-0.34336853,5.6805573,7.404587,0.10283768,-0.4712181,-0.7640457,-0.16925526,0.01741618,8.919273
-0.32302856,5.785843,7.174881,0.34100556,-0.3792963,-0.7495308,-0.2173276,0.26610762,8.967662
-0.2536316,5.839691,6.9762726,0.46041703,-0.54929495,-0.62250423,-0.0028715134,0.36450064,8.930094
-0.30867004,5.8779755,6.973877,0.11776197,-0.40349245,-0.3161292,0.07537651,0.051799953,9.288725
-0.33738708,5.8456726,7.1437683,-0.24721408,-0.040547848,-0.15275145,-0.09835434,-0.2547903,9.699411
-0.53718567,5.843277,7.348358,-0.36684465,0.07412195,-0.56675196,-0.48075008,-0.36887646,9.499914
-0.59580994,5.8253326,7.3902283,-0.34750187,0.083436966,-0.5953336,-0.505672,-0.34938252,9.483589
-0.62571716,5.765503,7.450058,0.19131649,-0.4707036,-0.7586565,-0.18443537,0.09999226,8.917995
-0.61016846,5.741577,7.2753754,0.14810824,-0.278996,-0.78387594,-0.3395896,0.08388847,9.037315
-0.61135864,5.785843,7.0983124,0.07682991,-0.49477148,-0.8722477,-0.2501788,-0.01834555,8.832693
-0.63768005,5.974884,6.69751,-0.31097007,-0.82174873,-0.37400007,-0.33934224,-0.4018922,9.009669
-0.63648987,5.9569244,7.039688,-0.09821546,-0.60577345,-0.07961798,0.37551928,-0.17442852,9.34675
-0.46780396,5.9066772,7.450058,0.15003681,-0.3420949,-0.1499381,0.15468979,0.103600726,9.449776
-0.46420288,5.909073,7.4237366,0.11580801,-0.4715724,-0.40491772,0.07322502,0.0471787,9.180422
-0.4019928,5.8492584,7.433304,0.009709954,-0.4857297,-0.63397884,-0.07758236,-0.06632103,9.014477
-0.35414124,5.803787,7.5110626,0.18795061,-0.31705475,-0.40288353,-0.032383442,0.13901705,9.2795925
-0.27038574,5.8205414,7.5756836,0.28675056,-0.38049555,-0.17756367,0.2737441,-0.11324167,9.393405
-0.447464,6.0023956,7.196411,0.1332168,-0.39480162,-0.29966164,0.093518734,0.08347607,9.308958
-0.5288086,6.0598297,7.1808624,0.0019442439,-0.31659794,-0.5917568,-0.16681528,-0.050386027,9.158539
-0.57188416,6.0586243,7.500305,-0.056598604,-0.2915225,-0.825758,-0.3449564,-0.11469561,9.007956
-0.54556274,5.9605255,7.8508453,0.04889089,-0.13852406,-0.61417913,-0.3072071,0.012990579,9.255061
-0.5886383,5.885147,7.696518,0.1384213,-0.044713974,-0.57595205,-0.3457632,0.112433806,9.336878
-0.56829834,5.8707886,7.557724,-0.13161528,-0.24327517,-0.05418825,-0.12379646,-0.16956758,9.6186
-0.6137543,5.8253326,7.515854,-0.3531778,-0.17197561,0.08441162,-0.32262635,-0.23908663,9.79303
-0.64486694,5.79303,7.6007996,-0.26131535,-0.17314291,0.29652166,0.30645323,-0.26922467,9.947342
-0.6807556,5.797806,7.7682953,0.017408907,-0.21507978,0.2958088,0.07834947,-0.346457,9.895499
-0.8075714,6.0765686,7.381851,0.17881083,-0.1939063,0.24046278,0.31602,0.15994596,9.85074
-0.7405853,6.0335083,7.5601196,0.09684956,-0.25414276,0.2521696,0.36324167,0.070860624,9.830983
-0.78723145,5.954544,7.335205,0.025520444,-0.06412649,0.13048458,0.1343708,0.020717502,9.86414
-0.5922241,5.8169556,7.384247,0.1709621,-0.054419518,-0.1330986,-0.029010773,0.15826672,9.651684
-0.5587311,5.77507,7.3663025,0.13324773,-0.19535637,-0.19660473,0.034292698,0.09950869,9.517695
-0.63290405,5.741577,7.3962097,-0.022615433,-0.25516415,-0.46214056,-0.106025696,-0.07147688,9.293968
-0.7154541,5.728424,7.323227,0.040854216,-0.13996744,-0.7630491,-0.38536978,-0.0011428744,9.132119
-0.7884369,5.7894287,7.237091,0.0364635,-0.13004589,-0.789124,-0.41150665,-0.0038561076,9.119915
-0.79322815,5.852844,7.1772766,-0.076755166,-0.24324226,-0.59571457,-0.21081829,-0.12712324,9.20721
-0.7501526,5.8659973,7.154541,-0.16853964,-0.30640793,-0.24856806,-0.19100916,-0.11983156,9.441639
-0.69869995,5.831314,7.220337,-0.07775557,-0.3611412,-0.14332962,0.17302132,-0.13598154,9.477129
-0.6233368,5.790634,7.2550354,-0.022678733,-0.32809114,-0.29521418,0.056832314,-0.08132084,9.375993
-0.5587311,5.63031,7.208374,-0.07863283,-0.32584524,-0.44469738,-0.04695463,-0.1406934,9.269888
-0.4019928,5.6769714,7.027725,-0.08611095,-0.19212627,-0.5930257,-0.24519444,-0.13096175,9.2420845
-0.37806702,5.743973,6.9260254,0.034653783,-0.15664434,-0.79056406,-0.386559,-0.010462567,9.0987
-0.5479584,5.79541,7.1569366,0.2840985,-0.3405509,-0.7795477,-0.2125392,0.20618924,8.9600725
-0.7190399,5.7643127,7.379471,0.47910368,-0.42443943,-0.74686,-0.10453844,0.38813362,8.908923
-0.8183441,5.7966156,7.367508,0.5063151,-0.43787336,-0.7084775,-0.06414032,0.41589147,8.927474
-0.85902405,5.7678986,7.3423767,0.36452186,-0.4084158,-0.6595144,0.25829935,0.13450527,9.00053
-0.89849854,5.848053,7.2622223,0.25513256,-0.30852556,-0.57533264,-0.101905346,0.19184658,9.140243
-0.8769684,5.8205414,7.112671,0.096505046,-0.022538185,-0.4782915,-0.27671432,0.0825689,9.412703
-0.68434143,5.8492584,6.9391785,-0.24457526,0.1272583,-0.3025546,-0.3205862,-0.22412546,9.686054
-0.6424713,5.93898,7.2012024,-0.27187335,0.10972643,-0.24418926,-0.2746873,-0.25210965,9.72559
-0.62931824,5.8983,7.4033966,-0.024016619,0.111551285,-0.14601612,-0.04665351,0.17567062,9.770532
-0.59939575,5.9437714,7.7001038,-0.08474457,0.019937992,-0.06929684,-0.07086897,-0.08096787,9.778313
-0.6089783,5.922241,7.4452667,-0.25913262,-0.19243717,0.425282,-0.1836325,-0.4441123,10.039223
-0.6699829,5.974884,7.3710938,-0.22542632,-0.24117184,0.5095339,0.48366356,-0.25764257,10.0679865
-0.7310028,6.0801697,7.270584,-0.088652134,-0.41047716,0.27882147,0.47683573,-0.15840447,9.766304
-0.78723145,6.0346985,7.3363953,-0.10706937,-0.4223423,-0.12750244,0.2156105,-0.18514791,9.452637
-0.8410797,6.1914215,7.3854523,-0.15026402,-0.43237638,-0.26365328,0.12580967,-0.2317396,9.3489275
-0.8195343,5.827713,7.4392853,-0.11979222,-0.22021246,-0.24858475,0.038397312,-0.13925159,9.484512
-0.78245544,5.9246216,7.554138,-0.07507765,-0.12035036,-0.13535547,0.0,0.0,0.0
-0.69750977,6.011963,7.3950195,0.011276066,-0.03238535,-0.2948351,0.0,0.0,0.0
-0.5407715,5.9329987,7.113861,0.17525387,-0.12066841,-0.5679884,0.0,0.0,0.0
-0.5659027,5.7260284,7.245468,0.15269405,-0.32746458,-0.43627787,0.0,0.0,0.0
-0.58384705,5.7344055,7.377075,0.13481945,-0.3106184,-0.31133175,0.0,0.0,0.0
-0.67477417,5.5872345,7.3328094,0.045413733,-0.44987488,-0.36167097,0.0,0.0,0.0
-0.83270264,5.682953,7.215561,-0.10373086,-0.35335445,-0.47872114,0.0,0.0,0.0
-0.83151245,5.659027,7.204788,-0.0989483,-0.37619734,-0.49000216,0.0,0.0,0.0
-0.9140625,5.7272186,7.4033966,-0.1793651,-0.29896212,-0.29827595,0.0,0.0,0.0
-0.95832825,5.708084,7.195221,-0.2171418,-0.31465483,-0.50852156,0.0,0.0,0.0
-0.9607239,5.7475586,7.0827484,-0.20862263,-0.28049994,-0.6157732,0.0,0.0,0.0
-0.91285706,5.7583313,7.0576324,-0.14767706,-0.27725506,-0.6336994,0.0,0.0,0.0
-0.7346039,5.7834473,7.1282196,0.03159529,-0.25167847,-0.56337166,0.0,0.0,0.0
-0.6197357,5.770294,7.1485596,0.14491588,-0.26457596,-0.54338694,0.0,0.0,0.0
-0.65682983,5.7344055,7.223938,0.10576606,-0.30240726,-0.46668816,0.0,0.0,0.0
-0.6855469,5.5549316,7.4572296,0.0779174,-0.48218346,-0.23307228,0.0,0.0,0.0
-0.6687927,5.5704956,7.442871,0.0951063,-0.45963192,-0.25286818,0.0,0.0,0.0
-0.6999054,5.721237,7.176071,0.06279421,-0.30310726,-0.5243149,0.0,0.0,0.0
-0.74894714,5.863617,7.0504456,0.017111897,-0.17296648,-0.6400156,0.0,0.0,0.0
-0.7417755,5.87677,7.208374,0.025686145,-0.15843534,-0.48302984,0.0,0.0,0.0
-0.8159485,5.8779755,7.540985,-0.047562957,-0.1455574,-0.15947056,0.0,0.0,0.0
-0.85543823,5.77269,7.652252,-0.084858656,-0.23401594,-0.06111765,0.0,0.0,0.0
-0.8422699,5.71167,7.652252,-0.06906682,-0.28737068,-0.066818714,0.0,0.0,0.0
-0.7046814,5.6554413,7.6079865,0.06849629,-0.33750296,-0.115820885,0.0,0.0,0.0
-0.7190399,5.807373,7.446457,0.05299276,-0.1800971,-0.28170967,0.0,0.0,0.0
-0.73220825,5.922241,7.286148,0.03955537,-0.07076502,-0.43775272,0.0,0.0,0.0
-0.7154541,5.927017,7.417755,0.05474472,-0.07555342,-0.29887104,0.0,0.0,0.0
-0.68315125,5.913864,7.5194397,0.08535761,-0.08704615,-0.19864702,0.0,0.0,0.0
-0.69750977,6.007187,7.512268,0.07081932,0.009502888,-0.2083435,0.0,0.0,0.0
-0.7381897,5.971283,7.4524536,0.032194257,-0.026857853,-0.26759815,0.0,0.0,0.0
-0.8111725,5.822937,7.5433807,-0.037909687,-0.17443943,-0.17697668,0.0,0.0,0.0
-0.8267212,5.826523,7.381851,-0.049672365,-0.16936159,-0.33928585,0.0,0.0,0.0
-0.8003998,5.8923187,7.299301,-0.020611525,-0.10815382,-0.41799402,0.0,0.0,0.0
-0.8159485,5.822937,7.21196,-0.034272373,-0.18510008,-0.4992566,0.0,0.0,0.0
-0.83628845,5.777466,7.3950195,-0.05277872,-0.23218203,-0.31475592,0.0,0.0,0.0
-0.702301,5.7260284,7.3663025,0.08039534,-0.28081608,-0.34573936,0.0,0.0,0.0
-0.66041565,5.848053,7.100708,0.12312341,-0.17277908,-0.6003332,0.0,0.0,0.0
-0.6663971,5.885147,7.112671,0.114733934,-0.147336,-0.5794921,0.0,0.0,0.0
-0.61016846,5.7391815,7.339981,0.16452265,-0.2924509,-0.3534999,0.0,0.0,0.0
-0.4857483,5.6566315,7.454834,0.26568675,-0.35053968,-0.26006222,0.0,0.0,0.0
-0.3792572,5.6063843,7.3363953,0.35093403,-0.38605738,-0.39198446,0.0,0.0,0.0
-0.5587311,5.5369873,7.1820526,0.15035498,-0.4474821,-0.5544648,0.0,0.0,0.0
-0.63290405,5.4628143,7.195221,0.06381732,-0.512414,-0.5495591,0.0,0.0,0.0
-0.7046814,5.645859,7.3208466,-0.025375903,-0.3134985,-0.43769693,0.0,0.0,0.0
-0.7884369,5.704483,7.3328094,-0.12196016,-0.23313808,-0.44349098,0.0,0.0,0.0
-0.6999054,5.6530457,7.3950195,-0.036051035,-0.27047586,-0.39225054,0.0,0.0,0.0
-0.7238312,5.5537415,7.4990997,-0.07341677,-0.3311081,-0.31856585,0.0,0.0,0.0
-0.6663971,5.420944,7.3363953,-0.0254184,-0.43211126,-0.5058799,0.0,0.0,0.0
-0.14237976,5.6769714,7.301697,0.4892928,-0.14044762,-0.56780195,0.0,0.0,0.0
-0.70947266,5.81456,7.4608154,-0.068837166,0.049558163,-0.44644213,0.0,0.0,0.0
-0.78245544,5.3778687,8.114059,-0.12613189,-0.33848953,0.17284536,0.0,0.0,0.0
-0.5264282,5.345566,8.0195465,0.1188007,-0.31752205,0.03935194,0.0,0.0,0.0
-0.48335266,5.3982086,7.7036896,0.15448803,-0.2622919,-0.278934,0.0,0.0,0.0
-0.55633545,5.4017944,7.7635193,0.07645333,-0.2660656,-0.21428251,0.0,0.0,0.0
-0.6687927,5.4592285,7.944168,-0.038618147,-0.21438503,-0.02974987,0.0,0.0,0.0
-0.6628113,5.6661987,7.6163483,-0.023670852,-0.035514355,-0.33678675,0.0,0.0,0.0
-0.63768005,5.723633,7.3411865,0.013598561,-0.024728298,-0.57730913,0.0,0.0,0.0
-0.68196106,5.645859,7.249054,-0.023444474,-0.14811563,-0.6355262,0.0,0.0,0.0
-0.707077,5.6243286,7.361511,-0.05058986,-0.20837736,-0.49462986,0.0,0.0,0.0
-0.5694885,5.647064,7.490738,0.07753253,-0.20250177,-0.3536439,0.0,0.0,0.0
-0.5036926,5.7379913,7.5397797,0.13452852,-0.13352537,-0.288908,0.0,0.0,0.0
-0.5587311,5.6733856,7.561325,0.07551503,-0.21340513,-0.256207,0.0,0.0,0.0
-0.58384705,5.6446686,7.4572296,0.04745829,-0.25782728,-0.34869003,0.0,0.0,0.0
-0.5814514,5.85643,7.359131,0.049437046,-0.057876587,-0.43787813,0.0,0.0,0.0
-0.5407715,5.8995056,7.1270294,0.08972752,-0.027552128,-0.6603222,0.0,0.0,0.0
-0.55513,5.8815613,7.347168,0.07667643,-0.05059862,-0.43619156,0.0,0.0,0.0
-0.65563965,5.8325043,7.581665,-0.024685979,-0.096865654,-0.20388985,0.0,0.0,0.0
-0.6771698,5.8301086,7.3328094,-0.041629374,-0.10668421,-0.44671297,0.0,0.0,0.0
-0.73220825,5.848053,7.092331,-0.0847581,-0.10639095,-0.6727052,0.0,0.0,0.0
-0.71784973,5.8301086,7.198807,-0.06003058,-0.1311307,-0.56014204,0.0,0.0,0.0
-0.7393799,5.694916,7.898712,-0.07629216,-0.24128151,0.1210351,0.0,0.0,0.0
-0.64486694,5.67099,8.050659,0.023466468,-0.24857187,0.26076174,0.0,0.0,0.0
-0.55633545,5.647064,7.8759766,0.13098228,-0.27292776,0.08805752,0.0,0.0,0.0
-0.5670929,5.654236,7.6857452,0.13297248,-0.28025627,-0.08999252,0.0,0.0,0.0
-0.4390869,5.8013916,7.2215424,0.26557207,-0.15737724,-0.53519154,0.0,0.0,0.0
-0.4019928,5.797806,7.1653137,0.2959028,-0.2000041,-0.5618849,0.0,0.0,0.0
-0.3062744,5.761917,7.1617126,0.38035125,-0.2543435,-0.5521412,0.0,0.0,0.0
-0.35891724,5.7918243,7.2634125,0.3107226,-0.23860312,-0.440866,0.0,0.0,0.0
-0.447464,5.822937,7.237091,0.2149145,-0.21460485,-0.46224213,0.0,0.0,0.0
-0.5934143,5.87677,7.2957153,0.06926912,-0.16614437,-0.39937592,0.0,0.0,0.0
-0.85543823,5.851654,7.3040924,-0.18622053,-0.19651985,-0.3862996,0.0,0.0,0.0
-0.8901367,5.8325043,7.3651123,-0.21353489,-0.21792603,-0.32285833,0.0,0.0,0.0
-0.8147583,5.8743744,7.3005066,-0.13285702,-0.18011093,-0.3838024,0.0,0.0,0.0
-0.77168274,5.860016,7.269394,-0.08762926,-0.20318604,-0.40784788,0.0,0.0,0.0
-0.5922241,5.7918243,7.2346954,0.088914156,-0.28537035,-0.43173409,0.0,0.0,0.0
-0.46540833,5.743973,7.0671997,0.20800447,-0.3476081,-0.5884867,0.0,0.0,0.0
-0.26679993,5.851654,6.86261,0.39087105,-0.26357746,-0.7755704,0.0,0.0,0.0
-0.28355408,5.909073,6.8733826,0.3590027,-0.22975588,-0.74713516,0.0,0.0,0.0
-0.4091797,5.883957,7.130615,0.22748303,-0.2591715,-0.4869318,0.0,0.0,0.0
-0.4665985,5.8624115,7.430908,0.16044104,-0.26420593,-0.20072126,0.0,0.0,0.0
-0.43429565,5.8217316,7.3746796,0.18363637,-0.29229116,-0.26778555,0.0,0.0,0.0
-0.46180725,5.806183,7.198807,0.14847445,-0.29900312,-0.45133352,0.0,0.0,0.0
-0.49650574,5.6661987,7.191635,0.103538275,-0.42355204,-0.47160625,0.0,0.0,0.0
-0.5156555,5.638687,7.359131,0.07762712,-0.42868042,-0.32236958,0.0,0.0,0.0
-0.43310547,5.7966156,7.281357,0.14764017,-0.24914122,-0.41812086,0.0,0.0,0.0
-0.501297,5.749954,7.299301,0.07516068,-0.2883911,-0.4063115,0.0,0.0,0.0
-0.67477417,5.6482544,7.536194,-0.094883025,-0.36802292,-0.18640423,0.0,0.0,0.0
-0.68196106,5.7188416,7.8508453,-0.10109639,-0.27235413,0.10884571,0.0,0.0,0.0
-0.6807556,5.851654,7.652252,-0.103146434,-0.12026644,-0.10486841,0.0,0.0,0.0
-0.68673706,5.8659973,7.491928,-0.10909313,-0.111837864,-0.260633,0.0,0.0,0.0
-0.6999054,5.810974,7.2753754,-0.1190173,-0.17991161,-0.4668622,0.0,0.0,0.0
-0.72143555,5.8899384,7.359131,-0.13716465,-0.106423855,-0.37861156,0.0,0.0,0.0
-0.68196106,5.8791656,7.422531,-0.09462011,-0.11511755,-0.31658888,0.0,0.0,0.0
-0.58265686,5.757126,7.5804596,0.006215751,-0.23362875,-0.16127586,0.0,0.0,0.0
-0.57188416,5.7296143,7.7120667,0.018009245,-0.25097275,-0.037448883,0.0,0.0,0.0
-0.47616577,5.885147,7.585251,0.11321145,-0.0907073,-0.16795349,0.0,0.0,0.0
-0.47737122,5.9557343,7.502701,0.11062294,-0.020438194,-0.2503643,0.0,0.0,0.0
-0.4247284,5.9078827,7.536194,0.15679634,-0.069680214,-0.21628761,0.0,0.0,0.0
-0.36849976,5.839691,7.664215,0.20551986,-0.13210869,-0.09326553,0.0,0.0,0.0
-0.38883972,5.85643,7.6713867,0.17806447,-0.1102891,-0.09052515,0.0,0.0,0.0
-0.5132599,5.8983,7.4943237,0.046151698,-0.069738865,-0.26711702,0.0,0.0,0.0
-0.5132599,5.8983,7.4943237,0.043693364,-0.076051235,-0.2624359,0.0,0.0,0.0
-0.54556274,5.777466,7.430908,0.006357074,-0.20302057,-0.32148218,0.0,0.0,0.0
-0.6269226,5.7918243,7.5481567,-0.07264292,-0.19085121,-0.20237541,0.0,0.0,0.0
-0.7381897,5.748749,7.4524536,-0.18323886,-0.23982811,-0.29347277,0.0,0.0,0.0
-0.5862427,5.7583313,7.294525,-0.028831482,-0.24160433,-0.44242907,0.0,0.0,0.0
-0.56829834,5.716446,7.2191467,-0.010814488,-0.2990222,-0.5057311,0.0,0.0,0.0
-0.43310547,5.745163,7.1928253,0.12003797,-0.27709055,-0.52707624,0.0,0.0,0.0
-0.324234,5.77269,7.1856537,0.22413266,-0.25622988,-0.52938366,0.0,0.0,0.0
-0.42233276,5.802597,7.207184,0.121492326,-0.23642254,-0.50027275,0.0,0.0,0.0
-0.44267273,5.694916,7.4249268,0.0973137,-0.3458705,-0.281415,0.0,0.0,0.0
-0.45822144,5.6279144,7.392624,0.07656902,-0.40819883,-0.31774092,0.0,0.0,0.0
-0.5970154,5.641083,7.1928253,-0.062153637,-0.3940096,-0.51833344,0.0,0.0,0.0
-0.64486694,5.694916,7.055237,-0.10279173,-0.34478092,-0.6518121,0.0,0.0,0.0
-0.59820557,5.69014,7.112671,-0.051114976,-0.3490448,-0.5944247,0.0,0.0,0.0
-0.5096741,5.6075745,7.4775696,0.041092634,-0.4192438,-0.23893881,0.0,0.0,0.0
-0.46780396,5.6039886,7.4680023,0.08427155,-0.40082884,-0.26554585,0.0,0.0,0.0
-0.49412537,5.7308044,7.294525,0.059174716,-0.27014685,-0.4419365,0.0,0.0,0.0
-0.41156006,5.69252,7.2514496,0.13963956,-0.3109169,-0.48323298,0.0,0.0,0.0
-0.31225586,5.5944214,7.625931,0.2300455,-0.3978176,-0.118058205,0.0,0.0,0.0
-0.2859497,5.6063843,7.6953125,0.24287444,-0.3589244,-0.0703702,0.0,0.0,0.0
-0.3361969,5.8169556,7.561325,0.1862868,-0.14010477,-0.21111536,0.0,0.0,0.0
-0.33857727,5.7021027,7.5314026,0.17085594,-0.2574463,-0.23999643,0.0,0.0,0.0
-0.40318298,5.6650085,7.536194,0.09990299,-0.29179,-0.23772621,0.0,0.0,0.0
-0.5156555,5.7463684,7.4572296,-0.017162144,-0.20502138,-0.3211279,0.0,0.0,0.0
-0.66400146,5.782257,7.348358,-0.16621047,-0.17158175,-0.4281702,0.0,0.0,0.0
-0.80996704,5.79422,7.429718,-0.3024217,-0.17168713,-0.33692408,0.0,0.0,0.0
-0.78723145,5.7678986,7.6917267,-0.26979345,-0.19844866,-0.07392502,0.0,0.0,0.0
-0.7082825,5.85524,7.7658997,-0.17747772,-0.09951687,-0.007741928,0.0,0.0,0.0
-0.5539398,5.827713,7.746765,-0.018543243,-0.1230464,-0.029622078,0.0,0.0,0.0
-0.44865417,5.7475586,7.799408,0.08795673,-0.201653,0.021920204,0.0,0.0,0.0
-0.33857727,5.761917,7.819748,0.19331574,-0.1848545,0.040070057,0.0,0.0,0.0
-0.35414124,5.782257,7.746765,0.16839474,-0.16796827,-0.030905724,0.0,0.0,0.0
-0.37327576,5.8408813,7.4680023,0.14435059,-0.119983196,-0.30184603,0.0,0.0,0.0
-0.48214722,5.7834473,7.578064,0.031115651,-0.18783331,-0.1840725,0.0,0.0,0.0
-0.55274963,5.723633,7.684555,-0.042196214,-0.24876547,-0.07689953,0.0,0.0,0.0
-0.61854553,5.7224426,7.6211395,-0.10599822,-0.25050116,-0.13976383,0.0,0.0,0.0
-0.6879425,5.679367,7.299301,-0.16650665,-0.30591774,-0.45149612,0.0,0.0,0.0
-0.64367676,5.7104645,7.381851,-0.11667985,-0.28370953,-0.36169672,0.0,0.0,0.0
-0.56829834,5.6482544,7.574478,-0.039934874,-0.3460164,-0.1689024,0.0,0.0,0.0
-0.40797424,5.6769714,7.606781,0.11679369,-0.31319666,-0.14001751,0.0,0.0,0.0
-0.35055542,5.700897,7.5625153,0.16639549,-0.2899928,-0.18425083,0.0,0.0,0.0
-0.3098755,5.654236,7.442871,0.19601661,-0.3424859,-0.30011225,0.0,0.0,0.0
-0.25125122,5.6554413,7.3244324,0.24548534,-0.34705496,-0.41466808,0.0,0.0,0.0
-0.2679901,5.598007,7.0456696,0.21277013,-0.42057085,-0.6819415,0.0,0.0,0.0
-0.39720154,5.6243286,7.0121613,0.07742864,-0.40732718,-0.7056265,0.0,0.0,0.0
-0.5742798,5.662613,7.1162567,-0.09842718,-0.37794828,-0.5944872,0.0,0.0,0.0
-0.7118683,5.721237,7.3411865,-0.22800124,-0.32164,-0.36724377,0.0,0.0,0.0
-0.73339844,5.7260284,7.4452667,-0.2439332,-0.31305695,-0.2657814,0.0,0.0,0.0
-0.56829834,5.647064,7.5433807,-0.074549854,-0.38763666,-0.17082548,0.0,0.0,0.0
-0.44148254,5.699707,7.5302124,0.048032254,-0.33270502,-0.1860547,0.0,0.0,0.0
-0.26200867,5.708084,7.1617126,0.21807119,-0.33368254,-0.54782486,0.0,0.0,0.0
-0.20817566,5.6614227,7.039688,0.2581315,-0.40008307,-0.6551862,0.0,0.0,0.0
-0.22851563,5.724823,7.0384827,0.2319679,-0.34596348,-0.6494231,0.0,0.0,0.0
-0.27876282,5.7798615,7.3088837,0.170297,-0.29089165,-0.37972403,0.0,0.0,0.0
-0.35533142,5.777466,7.5553436,0.08647561,-0.28523445,-0.14003563,0.0,0.0,0.0
-0.53001404,5.7798615,7.4656067,-0.08956626,-0.27763653,-0.23394585,0.0,0.0,0.0
-0.5862427,5.8169556,7.446457,-0.13989341,-0.24214458,-0.25149536,0.0,0.0,0.0
-0.6089783,5.8372955,7.4572296,-0.15937185,-0.22399044,-0.23881197,0.0,0.0,0.0
-0.59461975,5.8456726,7.463211,-0.1427466,-0.21910667,-0.22994518,0.0,0.0,0.0
-0.5419769,5.8169556,7.450058,-0.08852869,-0.24952078,-0.24166727,0.0,0.0,0.0
-0.39361572,5.8384857,7.5098724,0.057214707,-0.22855663,-0.18156004,0.0,0.0,0.0
-0.2907257,5.9485626,7.405792,0.15425259,-0.1223588,-0.28292036,0.0,0.0,0.0
-0.2596283,5.89711,7.335205,0.17912152,-0.18163395,-0.34768248,0.0,0.0,0.0
-0.29312134,5.8181458,7.500305,0.13702047,-0.26294756,-0.18120956,0.0,0.0,0.0
-0.28234863,5.822937,7.586441,0.14159831,-0.25259876,-0.099814415,0.0,0.0,0.0
-0.3146515,5.89592,7.4488525,0.104833096,-0.18023682,-0.23715687,0.0,0.0,0.0
-0.37806702,5.9617157,7.422531,0.038554877,-0.123016834,-0.2568469,0.0,0.0,0.0
-0.5587311,5.9413757,7.5792694,-0.13979468,-0.14349031,-0.09987688,0.0,0.0,0.0
-0.65922546,5.9150543,7.713257,-0.23596045,-0.16367912,0.029492855,0.0,0.0,0.0
-0.61854553,5.925827,7.6175537,-0.18697637,-0.15033054,-0.06778622,0.0,0.0,0.0
-0.68196106,5.89711,7.4392853,-0.24338955,-0.18858051,-0.23811102,0.0,0.0,0.0
-0.66760254,5.8002014,7.5972137,-0.2172443,-0.29224157,-0.07414198,0.0,0.0,0.0
-0.5970154,5.757126,7.6821594,-0.14342675,-0.3288765,0.005883217,0.0,0.0,0.0
-0.29910278,5.8695984,7.458435,0.14783669,-0.2169118,-0.21782875,0.0,0.0,0.0
-0.1531372,5.8588257,7.216751,0.28477338,-0.24011135,-0.45016432,0.0,0.0,0.0
-0.17468262,5.7762756,7.301697,0.25017172,-0.33549643,-0.35572624,0.0,0.0,0.0
-0.15434265,5.724823,7.454834,0.26163888,-0.38493443,-0.2046833,0.0,0.0,0.0
-0.16151428,5.807373,7.335205,0.24336973,-0.2985959,-0.3279276,0.0,0.0,0.0
-0.24047852,5.785843,7.2346954,0.15352142,-0.3247614,-0.4253087,0.0,0.0,0.0
-0.37806702,5.696121,7.3710938,0.0077192485,-0.42101765,-0.2841115,0.0,0.0,0.0
-0.53718567,5.598007,7.339981,-0.15346175,-0.51118994,-0.3216672,0.0,0.0,0.0
-0.5359955,5.700897,7.1904297,-0.15036994,-0.41287947,-0.46746922,0.0,0.0,0.0
-0.5419769,5.7714844,6.9463654,-0.15307903,-0.3584118,-0.6984706,0.0,0.0,0.0
-0.4857483,5.64946,7.125824,-0.09450799,-0.4950695,-0.5071354,0.0,0.0,0.0
-0.5132599,5.65065,7.1162567,-0.12016225,-0.4938979,-0.516593,0.0,0.0,0.0
-0.37208557,5.781067,6.98584,0.022375554,-0.37206364,-0.6400218,0.0,0.0,0.0
-0.16630554,5.7559357,7.237091,0.22294158,-0.40638685,-0.38161325,0.0,0.0,0.0
-0.17826843,5.7152557,7.421341,0.19722056,-0.44314194,-0.20122671,0.0,0.0,0.0
-0.114852905,5.7379913,7.5601196,0.25106347,-0.41067314,-0.07076645,0.0,0.0,0.0
-0.18185425,5.8827515,7.240677,0.1758391,-0.26517773,-0.39119148,0.0,0.0,0.0
-0.17347717,5.8983,7.188034,0.17306927,-0.26389694,-0.43283272,0.0,0.0,0.0
-0.29431152,5.8743744,7.363907,0.043419093,-0.29368687,-0.25261068,0.0,0.0,0.0
-0.36610413,5.8456726,7.270584,-0.028912932,-0.32341194,-0.345129,0.0,0.0,0.0
-0.43429565,5.8695984,7.171295,-0.0946005,-0.30516863,-0.43969965,0.0,0.0,0.0
-0.45822144,5.885147,7.2430725,-0.11359754,-0.2974162,-0.36136913,0.0,0.0,0.0
-0.36610413,5.942581,7.4943237,-0.020384133,-0.23774862,-0.11188316,0.0,0.0,0.0
-0.36012268,5.9653015,7.770691,-0.015204698,-0.20501137,0.15631866,0.0,0.0,0.0
-0.29670715,5.9976044,7.7647095,0.04653102,-0.15893698,0.13912249,0.0,0.0,0.0
-0.24645996,5.9976044,7.6378937,0.09091747,-0.15774488,0.011083126,0.0,0.0,0.0
-0.2033844,6.028717,7.5792694,0.120798916,-0.13233948,-0.043504238,0.0,0.0,0.0
-0.26679993,6.049057,7.453644,0.05156696,-0.11906862,-0.16365576,0.0,0.0,0.0
-0.4019928,6.029907,7.3088837,-0.083611995,-0.14994144,-0.29890776,0.0,0.0,0.0
-0.46899414,6.0263214,7.3328094,-0.14561936,-0.15903044,-0.270298,0.0,0.0,0.0
-0.4893341,6.0430756,7.3782654,-0.16351292,-0.1434102,-0.22381496,0.0,0.0,0.0
-0.43190002,6.1004944,7.442871,-0.10292575,-0.08624792,-0.1588645,0.0,0.0,0.0
-0.45703125,6.0012054,7.351944,-0.11695498,-0.1881752,-0.24715471,0.0,0.0,0.0
-0.47138977,5.9904327,7.404587,-0.124631524,-0.19857931,-0.19451046,0.0,0.0,0.0
-0.37687683,6.025131,7.4249268,-0.023251414,-0.15905094,-0.1777854,0.0,0.0,0.0
-0.25125122,5.97966,7.1844482,0.099855214,-0.21212101,-0.4121933,0.0,0.0,0.0
-0.29193115,5.9641113,7.270584,0.055444837,-0.23843479,-0.31744146,0.0,0.0,0.0
-0.33259583,5.91864,7.4680023,0.010087132,-0.28192234,-0.12185764,0.0,0.0,0.0
-0.4091797,5.9856415,7.125824,-0.068180084,-0.20983362,-0.46826506,0.0,0.0,0.0
-0.4283142,6.0478516,7.2394867,-0.08519077,-0.16364145,-0.34141064,0.0,0.0,0.0
-0.44148254,6.0538483,7.166504,-0.09771079,-0.17247629,-0.40218782,0.0,0.0,0.0
-0.4402771,5.967697,7.1856537,-0.09770301,-0.2671094,-0.37610626,0.0,0.0,0.0
-0.3912201,5.97966,7.1234283,-0.04941222,-0.25801182,-0.4360032,0.0,0.0,0.0
-0.18424988,6.0059814,7.0468597,0.1566222,-0.24281788,-0.50341797,0.0,0.0,0.0
-0.1375885,5.8899384,7.056427,0.18747446,-0.3756714,-0.48060513,0.0,0.0,0.0
-0.21296692,5.848053,7.1198425,0.10760215,-0.41815567,-0.41688442,0.0,0.0,0.0
-0.1986084,5.8085785,7.4440765,0.11853519,-0.44925976,-0.09974575,0.0,0.0,0.0
-0.08375549,5.8612213,7.404587,0.21800491,-0.3786559,-0.15472937,0.0,0.0,0.0
-0.06460571,5.9246216,7.147354,0.22167441,-0.31099796,-0.41607618,0.0,0.0,0.0
-0.09690857,5.95813,6.957138,0.17301682,-0.28440762,-0.6011853,0.0,0.0,0.0
-0.14715576,5.946167,7.1497498,0.11359623,-0.29243374,-0.41214514,0.0,0.0,0.0
-0.22851563,5.9808655,7.3447723,0.024805844,-0.24402857,-0.22866201,0.0,0.0,0.0
-0.2632141,6.0670013,7.564911,-0.016333133,-0.13843918,-0.024683475,0.0,0.0,0.0
-0.3361969,5.9736786,7.5110626,-0.088872164,-0.22107267,-0.08724451,0.0,0.0,0.0
-0.38046265,5.9617157,7.536194,-0.13025,-0.2252326,-0.06837416,0.0,0.0,0.0
-0.3529358,5.962921,7.5996094,-0.100289434,-0.21754265,-0.010149002,0.0,0.0,0.0
-0.28474426,5.9521484,7.6079865,-0.030872315,-0.21900272,-0.00928545,0.0,0.0,0.0
-0.14356995,5.9641113,7.491928,0.106796294,-0.2049861,-0.12712288,0.0,0.0,0.0
-0.1758728,5.971283,7.3124695,0.07061745,-0.20084047,-0.30425692,0.0,0.0,0.0
-0.1603241,6.02034,7.3543396,0.08540811,-0.15748072,-0.25779104,0.0,0.0,0.0
-0.16390991,6.025131,7.409378,0.079634726,-0.15339136,-0.20225334,0.0,0.0,0.0
-0.13040161,5.99881,7.389038,0.10538615,-0.1807394,-0.22200394,0.0,0.0,0.0
-0.1878357,6.0215454,7.253845,0.047230467,-0.16000366,-0.3555951,0.0,0.0,0.0
-0.29193115,6.016754,7.2969055,-0.055879027,-0.1717248,-0.3068695,0.0,0.0,0.0
-0.26919556,5.9772644,7.4763794,-0.03181033,-0.21380424,-0.12524557,0.0,0.0,0.0
-0.25483704,5.983246,7.4404755,-0.02088572,-0.1988492,-0.16855574,0.0,0.0,0.0
-0.26560974,5.988037,7.225128,-0.030418709,-0.19085169,-0.3864689,0.0,0.0,0.0
-0.24047852,5.888733,7.2885437,-0.005439684,-0.28362417,-0.3283558,0.0,0.0,0.0
-0.33140564,5.846863,7.791031,-0.09959206,-0.30959272,0.1611743,0.0,0.0,0.0
-0.37806702,5.851654,7.6618195,-0.14577979,-0.28573227,0.01663065,0.0,0.0,0.0
-0.33021545,5.8408813,7.5673065,-0.095807016,-0.29064608,-0.0825181,0.0,0.0,0.0
