-1.1688995,6.742981,6.5682983,-0.06862378,-0.49263096,-0.38968658,0.0902853,-0.073451996,9.1856
-1.1904297,6.734604,6.509674,0.048488855,-0.6107559,-0.60370827,-0.070408344,-0.01390934,8.9495125
-1.2909241,6.777664,6.6759796,0.09179026,-0.5042772,-0.7185731,-0.19143248,-0.12873101,8.954681
-1.2861481,6.8650055,6.587448,0.05678916,-0.39121866,-0.7810807,-0.26305413,-0.23440099,9.005262
-1.3052826,6.8123627,6.5946198,-0.09251517,-0.41080475,-0.6871371,-0.10444641,-0.28878832,9.061553
-1.2047882,6.6879425,6.7214355,-0.06599349,-0.40354967,-0.6210513,-0.09000945,-0.23668003,9.107513
-1.1712799,6.6640167,6.6687927,0.049205065,-0.42964268,-0.6158705,-0.150599,-0.13894749,9.082548
-1.1605225,6.619751,6.6628113,0.18928522,-0.3934803,-0.602088,-0.2548566,-0.04077363,9.109119
-1.1318054,6.55394,6.7202454,0.086717665,-0.3437686,-0.46750546,-0.13904476,-0.063599825,9.240187
-0.982254,6.55513,6.509674,0.06518221,-0.2239623,-0.41877222,-0.15930557,-0.098097086,9.3653145
-0.982254,6.5371857,6.337387,-0.09067339,-0.17571831,-0.29136372,-0.01108408,-0.16305113,9.494748
-1.0731812,6.4654083,6.3433685,-0.13991737,-0.32306337,-0.24558687,0.020087242,-0.17103082,9.413452
-0.9834442,6.488144,6.3433685,-0.16925651,-0.38715792,-0.2290616,0.1837728,-0.11153269,9.376771
-0.92362976,6.5934296,6.1997986,-0.009396672,-0.21430969,-0.15789604,0.029458523,-0.016388655,9.542431
-0.94636536,6.541977,6.2668,0.03240925,-0.15023041,-0.2120409,-0.06096053,-0.038670063,9.554916
-0.94636536,6.4582214,6.6592255,0.03389448,0.038981915,-0.22337103,-0.16584373,-0.112394094,9.695177
-0.953537,6.4450684,6.8123627,0.16013724,-0.03411293,-0.15703964,-0.17436504,0.044925928,9.668637
-0.9308014,6.417557,6.686737,0.2891171,-0.10261536,-0.09229231,-0.18808436,0.20178151,9.643725
-0.8638153,6.468994,6.508484,0.29353946,-0.106877804,-0.010896206,-0.1437757,0.2519033,9.690117
-0.8721771,6.477371,6.4534454,0.1008597,-0.054702282,0.013920307,-0.030240297,0.10259318,9.762844
-0.899704,6.5025024,6.4259186,0.033334196,-0.08116531,0.013971806,0.02769494,0.0608778,9.748159
-0.8661957,6.543167,6.6149597,0.04357481,-0.12541485,-0.07766533,-0.0071794987,0.031039953,9.65617
-0.81355286,6.580261,6.629318,-0.06507611,-0.004858494,-0.085718155,-0.003278017,-0.09617376,9.758216
-0.7908325,6.624527,6.6101685,-0.052789927,-0.19018221,0.056709766,0.16406512,0.05405307,9.695597
-0.8805542,6.6484528,6.8195496,0.13923323,-0.22145557,0.036099434,0.04496336,0.1958251,9.635295
-0.879364,6.6484528,7.0361023,0.30549693,-0.15947056,-0.16286802,-0.20591998,0.18415451,9.544029
-0.7657013,6.582657,6.8817596,-0.04082954,-0.22345495,-0.260314,-0.07474375,-0.09411633,9.48274
-0.8542328,6.6065826,6.703491,-0.084537625,-0.25999212,-0.392354,-0.035853624,-0.2272563,9.387421
-0.9308014,6.629318,6.624527,0.10886967,-0.2470522,-0.36156893,-0.14862251,-0.07483673,9.387209
-1.036087,6.735794,6.6891327,-0.17078412,-0.24455357,-0.29105473,0.065526485,-0.24959826,9.479399
-1.0648041,6.7166595,6.911667,-0.21777952,-0.2616682,-0.24472237,0.12890601,-0.25792742,9.502275
-1.0660095,6.6436768,6.989441,-0.16008162,-0.24030495,0.20906019,0.32160473,-0.14356863,9.751539
-1.0193481,6.6987,6.9846497,0.028320313,-0.28043938,0.26370287,0.28674746,0.23838949,9.706984
-0.97387695,6.751343,6.833908,-0.28192568,-0.28486252,0.1865902,0.43276072,-0.047670126,9.7299
-0.87815857,6.7872467,6.6580353,-0.4122188,-0.395257,8.9645386E-5,0.4581554,-0.25020432,9.575038
-0.79800415,6.8004,6.550354,-1.7181294,0.43305206,-4.6432595,-1.9831209,-4.302988,8.306353
-0.7692871,6.751343,6.5192413,-1.7003834,0.5628147,-2.6076436,-2.2973528,-2.1480649,9.466278
-0.8183441,6.7633057,6.5599213,-0.49075317,-0.4044361,-0.3426361,0.296947,-0.5361481,9.424323
-0.8949127,6.714264,6.612564,-1.0007057,-0.17320728,0.28688717,0.8631828,-0.5569539,10.048384
-0.94636536,6.654434,6.742981,-0.8057387,-0.060077667,-0.23205662,0.3753693,-0.75146055,9.839501
-1.0241241,6.629318,6.8243256,-0.5188494,-0.27523994,-0.8507571,-0.052954912,-0.88906336,9.281758
-1.0504456,6.6843567,6.805191,-0.41939783,-0.37680817,-0.7282424,0.015049219,-0.7178695,9.229891
-1.1294098,6.6269226,6.726227,-0.21140814,-0.45126152,-0.5071626,0.064058065,-0.392159,9.2170315
-1.1078796,6.528824,6.562317,0.32219172,-0.6785717,-0.184134,0.048906803,0.25719357,9.078892
-1.0648041,6.521637,6.484543,0.30263317,-0.798666,-0.23884249,0.21679735,0.16345096,8.962385
-1.0073853,6.599411,6.2931213,0.41582894,-0.5845108,-0.15371132,0.17100143,0.31655693,9.167319
-0.928421,6.607773,6.4127655,0.3429594,-0.49419212,-0.38807058,-0.17777944,0.15877438,9.131646
-0.92362976,6.579071,6.476181,0.4238819,-0.5369816,-0.37057495,-0.19748521,0.25232434,9.09765
-0.9224396,6.521637,6.7298126,0.2686888,-0.4411664,-0.280509,-0.09591651,0.1701479,9.252253
-0.94755554,6.55513,6.7322083,0.07143092,-0.5364013,-0.10695267,0.1781857,0.1557796,9.308403
-0.948761,6.5730896,6.690338,0.076051116,-0.4055934,-0.12997389,0.094848156,0.11103368,9.399393
-0.9451599,6.543167,6.666397,0.1319753,-0.28367567,-0.18137074,-0.0342052,0.08724761,9.457361
-0.9643097,6.4905243,6.6676025,0.13356686,-0.28609657,-0.13301992,-0.0071394444,0.11893988,9.485421
-0.99661255,6.443878,6.6137543,-0.017534971,-0.34780216,0.16987467,0.28893924,0.20084524,9.644457
-1.0408783,6.47139,6.4115753,0.1639111,-0.10661173,0.30724669,0.11591816,0.33319998,9.897062
-1.0301056,6.488144,6.361313,0.22386122,0.04945278,0.2352109,-0.045779943,0.2830348,9.966897
-1.0612183,6.455841,6.4031982,-0.09326267,0.026060581,0.31497192,0.21528983,0.09755468,10.036253
-1.0492554,6.4127655,6.7322083,-0.3662963,-0.14134645,0.48931837,0.57605577,0.048633814,10.050329
-1.0552368,6.4498596,6.7094727,-0.109746814,-0.1547718,0.4070816,0.37215042,0.199996,9.959032
-0.93917847,6.5766754,6.5144653,0.18061018,-0.0010304451,-0.017798424,-0.1269157,0.12563777,9.774315
-0.8877411,6.579071,6.4785614,0.12007487,-0.06508827,-0.13427305,-0.056699276,0.107538775,9.658651
-0.7896271,6.543167,6.6101685,0.12103248,-0.14815617,-0.2013588,-0.10852575,0.029326677,9.552668
-0.8195343,6.4618225,6.6843567,0.22561038,-0.061560154,-0.32062626,-0.28773355,0.009151697,9.53349
-0.8685913,6.4965057,6.600601,0.115700364,-0.2355814,-0.31361246,-0.12098026,-0.008614302,9.416103
-0.9224396,6.6424713,6.4785614,0.08256054,-0.33963585,-0.33306265,-0.055673838,-0.008806467,9.327148
-0.9559326,6.6676025,6.435501,-0.2397362,-0.24684191,-0.2992034,0.12470579,-0.2639556,9.456361
-0.9308014,6.6388855,6.4821625,-0.27439928,-0.13680792,-0.3122611,0.08145666,-0.33601236,9.5383625
-0.96310425,6.6257324,6.623337,-0.14302778,-0.111308575,-0.31125355,-0.017868757,-0.24670362,9.544844
-0.9104614,6.7130585,6.669998,-0.013736725,-0.13216686,-0.3946972,-0.13819623,-0.1908691,9.463265
-0.9104614,6.7178497,6.652054,0.009519339,-0.22378731,-0.59527683,-0.21677232,-0.2581072,9.2672825
-0.9750824,6.695114,6.7010956,0.05484426,-0.24352884,-0.5740986,-0.30630016,-0.011374176,9.260798
-0.9990082,6.695114,6.6676025,0.09261608,-0.24465227,-0.50901556,-0.21492028,-0.14132309,9.29541
-0.9906311,6.772888,6.5276184,0.0012683868,-0.27534914,-0.32999706,-0.040766716,-0.096708536,9.389874
-1.0456696,6.78006,6.500107,-0.09254396,-0.35451412,-0.32068062,0.06674242,-0.13542557,9.34374
-1.0707855,6.7633057,6.607773,-0.040917158,-0.45306826,-0.27083778,0.11185956,-0.035562754,9.290395
-1.0109711,6.7298126,6.6927185,0.020068645,-0.44631338,-0.247221,0.08181095,0.021563292,9.303103
-1.002594,6.7405853,6.690338,-0.078579664,-0.46754265,-0.198627,0.18444777,-0.017439127,9.327173
-0.953537,6.7609253,6.6759796,-0.05032432,-0.5881839,-0.24294758,0.20470476,0.018190622,9.202264
-0.95114136,6.798004,6.7298126,0.16152012,-0.44439888,-0.29476213,-0.037047863,0.09947491,9.259662
-0.9104614,6.78006,6.75972,0.03048563,-0.2863598,-0.32579517,-0.050838947,-0.06916237,9.380382
-0.8674011,6.707077,6.722641,-0.1945076,-0.33368206,-0.25354815,0.019769192,-0.2413283,9.413162
-0.8195343,6.764511,6.628113,-0.13922632,-0.33949423,-0.25379467,0.12760329,-0.13843298,9.402167
-0.8661957,6.7298126,6.57428,0.014243841,-0.20336628,-0.3017335,-0.06975865,-0.095856905,9.462341
-0.9678955,6.644867,6.7501526,-0.10344875,-0.12014246,-0.28834772,-0.02941227,-0.20395279,9.550098
-0.982254,6.6053925,6.775284,-0.20920837,-0.2836337,-0.30336905,0.11633921,-0.23910141,9.425148
-0.9786682,6.61615,6.550354,-0.11091626,-0.35019064,-0.3067789,0.085648775,-0.14566207,9.358882
-1.0133667,6.5359955,6.508484,0.13762522,-0.33495998,-0.33273506,-0.09816122,0.021185398,9.325228
-1.0289154,6.5455627,6.6149597,0.056572795,-0.23923826,-0.2492919,-0.049547434,-0.022864103,9.460812
-1.0109711,6.674774,6.5898285,-0.01041472,-0.16208315,-0.17062998,-0.0027608871,-0.052992344,9.577133
-0.9798584,6.5036926,6.6101685,0.13339782,-0.156044,-0.23262453,-0.1336801,0.017363787,9.527209
-0.95474243,6.4043884,6.632904,0.17171729,-0.17189407,-0.37969208,-0.20156956,0.11940259,9.421536
-0.88653564,6.4833527,6.500107,-0.051526785,-0.19965458,-0.3785329,-0.071659565,-0.19140363,9.427134
-0.9308014,6.65683,6.467804,-0.18372297,-0.24593115,-0.19241619,0.14128757,-0.1685803,9.518764
-0.9308014,6.6089783,6.5730896,-0.26728725,-0.1973648,-0.0950017,0.22425842,-0.19110847,9.626077
-0.8889313,6.4366913,6.6221313,-0.21140873,-0.070643425,-0.17513037,0.07744694,-0.23646355,9.67085
-0.93678284,6.5072784,6.443878,-0.176041,-0.013358116,-0.30564785,-0.04744363,-0.30361223,9.632988
-0.9559326,6.488144,6.5324097,-0.16933167,-0.17073059,-0.2759633,0.04688263,-0.23016477,9.5259285
-0.9296112,6.5072784,6.5886383,-0.09642446,-0.1508441,-0.3214569,-0.0358119,-0.20783329,9.505138
-0.88653564,6.652054,6.4211426,-0.124596,-0.10283804,-0.36334562,-0.06505036,-0.2682147,9.520382
-0.9882355,6.6149597,6.435501,-0.22530878,-0.039049625,-0.48006296,-0.09595442,-0.4313333,9.510859
-0.98464966,6.4366913,6.7633057,-0.14687395,-0.09871435,-0.12675905,-0.037187576,-0.16370669,9.668081
-0.94755554,6.525223,6.754944,-0.048512697,-0.15841246,-0.07559252,0.07361388,-0.02365303,9.641774
-0.9403839,6.7214355,6.3338013,-0.26293302,-0.17923641,-0.2707467,0.12224078,-0.28408575,9.525731
-0.9643097,6.6795654,6.386444,-0.18787038,-0.31892633,-0.40206003,0.078672886,-0.2447846,9.324412
-0.9762726,6.5647125,6.7633057,0.047468185,-0.4315524,-0.17081404,0.103891134,0.107596874,9.364725
-0.9188385,6.674774,6.7214355,0.16295236,-0.5458455,-0.08533478,0.2923751,0.14153367,9.330975
-0.94636536,6.6879425,6.6723785,0.37885344,-0.5323367,0.047742844,0.039707184,0.5292399,9.422567
-0.9954071,6.6400757,6.7908325,0.39897597,-0.48501015,-0.14111376,-0.09418845,0.43133116,9.338235
-1.0301056,6.6723785,6.789627,0.29915088,-0.41235542,-0.2500596,-0.11961913,0.27354026,9.324026
-1.0384827,6.6843567,6.710678,0.28717765,-0.60267115,-0.039634705,0.08813238,0.47082877,9.339952
-1.076767,6.649658,6.6376953,0.29813796,-0.49351025,-0.05737734,0.30596876,0.2938676,9.41199
-1.0755768,6.686737,6.7118683,0.29215264,-0.49254274,0.022022724,0.054718733,0.46340013,9.47393
-1.022934,6.7250214,6.6891327,0.10873969,-0.58918476,-0.051318645,0.20256424,0.3523159,9.363437
-1.0492554,6.6460724,6.7716827,0.07621677,-0.5409045,-0.07893181,0.18722129,0.2940905,9.378777
-1.0073853,6.570694,6.8925323,0.18103881,-0.3290944,-0.33151913,-0.11473131,0.13203263,9.337196
-0.93200684,6.7214355,6.7657013,0.31749436,-0.28906965,-0.5028329,-0.3143165,0.12086582,9.237615
-0.93559265,6.776474,6.6376953,0.31255445,-0.3221717,-0.6024976,-0.34069657,0.085743904,9.142526
-0.9882355,6.592224,6.8327026,0.36012554,-0.34613037,-0.5252733,-0.32826972,0.17045832,9.183279
-0.9762726,6.5982056,6.825531,0.3247517,-0.27537966,-0.31602764,-0.24222255,0.21296859,9.385766
-0.95951843,6.628113,6.541977,0.1419102,-0.20331764,0.10269737,0.046734095,0.25695872,9.744911
-1.02771,6.5192413,6.607773,-0.26639903,-0.38643026,-0.23770666,0.118917465,-0.2724242,9.372548
-1.0241241,6.5324097,6.7908325,0.17641182,-0.44298935,-1.0088391,-0.36582875,-0.14644265,8.762696
-0.9918213,6.592224,6.775284,0.42713073,-0.46584034,-0.76789856,-0.42662787,0.15611672,8.921929
-1.0157471,6.5479584,6.7250214,0.31491712,-0.41955423,-0.030387878,-0.028749943,0.4237523,9.497249
-0.9654999,6.468994,6.7250214,0.11413918,-0.4616723,0.33777952,0.30874062,0.49086022,9.74341
-0.86979675,6.5371857,6.632904,0.25053748,-0.32048273,0.043468,0.0017266273,0.36403394,9.619986
-0.89611816,6.582657,6.5491486,0.25053748,-0.32048273,0.043468,0.0017266273,0.36403394,9.619986
-0.9176483,6.5168457,6.6795654,-0.14126262,-0.013642788,-0.38276196,-0.2570243,-0.13068952,9.517674
-0.88534546,6.4414825,6.784851,-0.28185427,-0.22092056,-0.09997511,0.2722578,-0.12771678,9.588002
-0.9020996,6.43071,6.623337,-0.09548189,-0.32120466,-0.0802536,0.19732356,0.06105256,9.530849
-0.94277954,6.5025024,6.620941,0.012516692,-0.26677895,-0.3126173,-0.015062571,-0.011599541,9.395924
-0.879364,6.489334,6.591034,0.015792295,-0.17376804,-0.4764328,-0.14186549,-0.13961005,9.339943
-0.8889313,6.4630127,6.612564,0.031551182,-0.13377953,-0.485929,-0.23618746,0.033347398,9.36154
-0.9308014,6.520447,6.652054,0.20575199,-0.106808186,-0.41307068,-0.28522754,-0.013852358,9.428732
-1.0325012,6.521637,6.7609253,0.17012528,-0.18518591,-0.3225336,-0.17768979,0.046702385,9.44126
-0.99302673,6.520447,6.7130585,0.110907584,-0.18591976,-0.25106335,-0.10123038,0.04195428,9.493774
-0.8518524,6.6149597,6.5240326,-0.04921004,-0.18924236,-0.097607136,0.087231636,0.008987665,9.606472
-0.8518524,6.5898285,6.415161,-0.012680799,-0.11266184,-0.21545935,-0.034546614,-0.06401563,9.574306
-0.86021423,6.5599213,6.5395813,-0.059672534,-0.1464634,-0.27952576,-0.014731646,-0.11434293,9.506891
-0.9152527,6.6472626,6.7657013,-0.038642973,-0.19825792,-0.5786743,-0.25805855,-0.09252566,9.258464
-0.89849854,6.6831512,6.7369995,0.083070815,-0.08048868,-0.5151057,-0.31418228,0.022141516,9.382961
-1.022934,6.5778656,6.7537384,-0.043432593,-0.24347544,-0.17603636,0.07184243,-0.008038521,9.511812
-1.0671997,6.5970154,6.7908325,-0.056969106,-0.34746695,-0.11165714,0.16723275,0.06370497,9.483507
-1.0576324,6.6795654,6.702301,0.15484425,-0.202497,0.009510517,0.0017354488,0.2095077,9.661133
-1.0660095,6.784851,6.4917297,-0.015150011,-0.2954836,-0.19526815,0.0703361,0.022694588,9.459942
-1.051651,6.693924,6.702301,0.0028799772,-0.29944372,-0.28662062,0.005797386,-0.020472884,9.392677
-1.0528412,6.63649,6.776474,-0.007437408,-0.31071854,-0.25350857,0.044493437,-0.0013656616,9.408045
-0.9786682,6.7369995,6.611374,0.10887247,-0.33170986,-0.15217257,0.023917913,0.14340734,9.454651
-1.0205383,6.731003,6.5730896,0.19880068,-0.37745523,0.013995647,0.066919565,0.3171575,9.52894
-0.9678955,6.69751,6.776474,0.14978194,-0.34095383,0.06929922,0.10943556,0.295362,9.596241
-0.8829498,6.693924,6.789627,-0.09919006,-0.34928226,0.08573532,0.32122898,-0.02700162,9.618846
-0.8949127,6.7178497,6.619751,-0.37133652,-0.31733847,-0.09344721,0.37940764,-0.18139243,9.541182
-0.89372253,6.7166595,6.631714,-0.28173286,-0.27098894,-0.34329987,0.1696744,-0.27643442,9.399885
-0.83509827,6.7537384,6.623337,-0.16071057,-0.21428347,-0.50644684,-0.026256561,-0.30520558,9.322508
-0.8518524,6.644867,6.661621,-0.13085902,-0.30427313,-0.7935748,-0.14339566,-0.40654683,9.062591
-0.92123413,6.599411,6.7453613,-0.4007582,-0.39559698,-1.012033,-0.3309381,-0.6038872,8.875461
-1.0073853,6.57428,6.8446655,-0.097524285,-0.15536833,-0.72451353,-0.21256447,-0.40948176,9.218679
-0.9308014,6.6305084,6.652054,-0.33994365,-0.03157568,-0.043094635,0.2278347,-0.2570362,9.785688
-0.9140625,6.5611267,6.5443726,-0.40768653,-0.059932232,0.11462021,0.36849117,-0.20578861,9.8759575
-1.0109711,6.4618225,6.705887,0.051326096,-0.07531738,-0.14052248,-0.06508398,-0.009997129,9.652645
-0.9654999,6.563507,6.7585297,0.17410117,-0.35647392,-0.36937952,-0.08010578,0.10943174,9.281833
-1.0049896,6.654434,6.611374,0.21936506,-0.4923091,-0.42473555,-0.107723475,0.12644792,9.140844
-0.9918213,6.5934296,6.7118683,0.25830245,-0.52226305,-0.5146222,-0.16726756,0.11508131,9.056253
-0.84347534,6.467804,6.86261,0.3190173,-0.30197334,-0.5027528,-0.31861615,0.069300175,9.224069
-0.7908325,6.4833527,6.788437,0.14913803,-0.37626314,-0.42251205,-0.122475386,0.025881052,9.235107
-0.8027954,6.468994,6.600601,0.037423015,-0.60152864,-0.3344369,0.11416936,0.09429145,9.133479
-0.72143555,6.439087,6.6556396,0.23385888,-0.46588802,-0.27643967,-0.06566858,0.20702314,9.258025
-0.7956085,6.39003,6.7633057,0.12723583,-0.22570992,-0.23018408,-0.0887599,0.05543399,9.476245
-0.899704,6.399597,6.6927185,-0.015610278,-0.14315939,-0.19438934,-0.010959148,-0.05959463,9.572441
-0.9870453,6.4701996,6.7537384,0.0013847947,-0.1405015,-0.10525179,0.018980265,0.0020763874,9.6321335
-1.0217285,6.477371,6.8362885,0.10118908,-0.055978775,-0.11411238,-0.09934187,0.029482365,9.681525
-1.0337067,6.39003,6.8446655,-0.06865537,0.033917427,-0.10153437,-0.01692009,-0.12054825,9.76984
-1.0169525,6.4331055,6.7585297,-0.1666975,-0.1347394,-0.040424824,0.16781402,-0.0796659,9.692331
-0.95832825,6.5240326,6.6987,-0.14305556,-0.16310883,-0.024101734,0.1731515,-0.041142702,9.680254
-0.93559265,6.4989014,6.723831,-0.10194945,-0.17466116,-0.15954971,0.084261894,-0.08516717,9.578609
-0.8901367,6.366104,6.809967,-0.11834681,-0.28884077,-0.19000387,0.09316635,-0.12078357,9.474585
-0.88534546,6.4414825,6.757324,-9.88245E-5,-0.32859325,-0.075817585,0.12792897,0.10150647,9.511604
-0.88653564,6.4570313,6.652054,0.19861096,-0.18916416,-0.11245775,-0.10344052,0.15542316,9.576391
-0.86979675,6.546768,6.5359955,0.1015439,-0.23973942,-0.18423796,-0.04272151,0.069909334,9.498401
-0.91645813,6.5144653,6.57547,0.10776466,-0.27569294,-0.1631031,-0.0197649,0.102422,9.485182
-0.9188385,6.4857483,6.673584,0.20448542,-0.22276068,-0.23465109,-0.15089321,0.10320401,9.47038
-0.94636536,6.468994,6.7333984,-0.05494213,-0.30137253,-0.27758455,0.056212187,-0.06323624,9.402004
-0.9260254,6.3960114,6.681961,-0.17672837,-0.3934903,-0.297894,0.18086672,-0.11697793,9.328726
-0.92123413,6.4462585,6.509674,-0.14347231,-0.4650774,-0.2481761,0.2158525,-0.033715725,9.305906
-0.8901367,6.546768,6.4211426,0.051188886,-0.18044662,-0.3353839,-0.13296366,-0.015803576,9.446465
-0.9571228,6.520447,6.705887,0.023457408,-0.16212511,-0.45327663,-0.15281677,-0.17551517,9.384588
-0.97746277,6.5036926,6.798004,-0.16161239,-0.30665636,-0.50597954,0.028179884,-0.26769662,9.255546
-0.933197,6.5407867,6.6676025,-0.033947945,-0.24870634,-0.33594656,-0.012599945,-0.107295275,9.401438
-0.9786682,6.579071,6.629318,0.09183979,-0.11109209,-0.24047041,-0.1266706,-0.027822733,9.55809
-1.0073853,6.528824,6.6783752,-0.08331442,-0.1371975,-0.15407372,0.055550337,-0.08344579,9.608021
-1.0073853,6.4917297,6.599411,-0.21401912,-0.33925676,-0.22558308,0.21680069,-0.12085414,9.419122
-0.9104614,6.6580353,6.2799683,-0.10754895,-0.4467926,-0.4041214,0.10795593,-0.10162711,9.2129135
-0.933197,6.654434,6.4366913,0.20917189,-0.3251562,-0.62053967,-0.2871971,-0.06895161,9.137836
-0.97746277,6.480957,6.86261,0.20073521,-0.492177,-0.57171106,-0.17899513,0.034743547,9.047611
-0.91166687,6.6508484,6.631714,0.058424354,-0.5891547,-0.69110394,-0.10790682,-0.017798543,8.903223
-0.92123413,6.73938,6.497711,0.13616714,-0.5215955,-0.7012615,-0.1734047,-0.055783987,8.941093
-0.93200684,6.6580353,6.611374,0.27605465,-0.30329323,-0.2822423,-0.18913174,0.17589211,9.381039
-0.94636536,6.5144653,6.9188538,0.12538165,-0.40381765,-0.15195322,0.03153181,0.20419765,9.407666
-0.9152527,6.570694,6.7298126,-0.28845975,-0.5174122,0.13633156,0.52862144,0.15606737,9.550304
-0.90808105,6.6807556,6.3517456,-0.055970848,-0.27198982,-0.15521288,0.10261631,-0.0393281,9.508112
-0.9068756,6.5527496,6.612564,0.25631762,-0.11290407,-0.12877035,-0.1955781,0.1568675,9.627292
-0.83628845,6.5276184,6.6723785,-0.1269013,-0.37157917,-0.024913788,0.26724267,0.10522771,9.537756
-0.89372253,6.6795654,6.455841,0.06477764,-0.28262615,0.17437696,0.16160679,0.28978872,9.7404175
-0.97029114,6.6723785,6.632904,0.3483826,-0.008868694,0.19119596,-0.18291974,0.32920718,9.933802
-1.0217285,6.55513,7.052841,0.02411054,-0.044919968,0.1302309,0.05749464,0.109398365,9.872116
-0.9020996,6.4965057,6.981064,-0.10882476,-0.32015657,-0.83341646,-0.10919714,-0.33552957,8.979351
-0.9152527,6.587448,6.6592255,0.18131919,-0.45954657,-0.057785988,0.057772636,0.3404343,9.448648
-0.9798584,6.652054,6.6221313,0.1690541,-0.30836058,0.38883734,0.18074608,0.4861753,9.882969
-0.8829498,6.6508484,6.7633057,0.09106229,-0.29066992,0.3532009,0.21686268,0.40776682,9.871678
-0.86979675,6.6185455,6.6400757,0.32496327,-0.3297429,-0.4364109,-0.272784,0.15852594,9.254161
-0.9559326,6.550354,6.6472626,0.46255177,-0.12994432,-0.90899086,-0.6711242,-0.11654663,9.036512
-0.94755554,6.520447,6.752548,0.38613486,-0.13551807,-0.8818469,-0.5999303,-0.15624475,9.057791
-0.879364,6.5324097,6.6843567,0.23304227,-0.153409,-0.5161772,-0.32117772,-0.048992872,9.318054
-0.90089417,6.5934296,6.5766754,0.18786511,-0.25340843,-0.0054540634,-0.022338629,0.25287032,9.619308
-0.94277954,6.653244,6.5766754,0.22876352,-0.16619158,0.10624027,-0.045875072,0.29425216,9.756148
-0.9415741,6.5898285,6.826721,0.32237035,-0.24735832,-0.5809393,-0.3660276,0.010399342,9.199596
-0.9104614,6.558731,6.768097,-0.021956086,-0.545908,-0.7799649,-0.045657873,-0.19537663,8.875744
-0.8530426,6.5982056,6.6089783,0.16592324,-0.3919487,-0.64894104,-0.2184453,0.045007586,9.063325
-0.92123413,6.641281,6.5060883,0.26662403,-0.4831977,-0.55284405,-0.11968279,0.17322242,9.054403
-0.9104614,6.628113,6.6592255,0.29244113,-0.51539135,-1.1226134,-0.44519424,-0.21904707,8.638219
-0.9834442,6.7178497,6.6137543,-0.039378047,-0.7155819,-0.93924904,-0.013605356,-0.24044609,8.650019
-0.9654999,6.5886383,6.686737,-0.35208768,-0.5848837,0.07776737,0.5979328,0.078475,9.477378
-1.0408783,6.4378967,6.801605,-0.32166278,-0.33518887,-0.036298275,0.30816078,-0.26545787,9.579263
-1.0432739,6.4857483,6.714264,-0.47060072,-0.27493286,-0.4658618,0.2924645,-0.45237398,9.333466
-1.0265198,6.6711884,6.6065826,-0.3836152,-0.44500923,-0.07578993,0.48877668,-0.092440605,9.48495
-0.97268677,6.629318,6.649658,-0.44843745,-0.45815706,0.03978157,0.5931437,-0.062354803,9.568158
-0.99780273,6.5527496,6.703491,-0.13222408,-0.49300003,0.21371078,0.45616126,0.2666099,9.64221
-0.9690857,6.518051,6.715454,-0.05042404,-0.3805127,0.3523078,0.39205885,0.34304333,9.814675
-0.928421,6.6628113,6.5491486,-0.0074748397,-0.3716936,0.4096017,0.38006258,0.3982141,9.86109
-0.9104614,6.619751,6.551544,-0.20199251,-0.50840425,0.5688739,0.662467,0.41845465,9.901131
-0.95474243,6.5144653,6.7333984,0.25491655,-0.5494871,-0.14166927,0.06492567,0.3568499,9.301248
-0.95951843,6.504883,6.857834,-0.79401195,0.19511986,-0.04833603,0.4462304,-0.6589904,10.000229
-0.99302673,6.5371857,6.8841553,-0.32373238,-0.16661644,-0.7150254,0.005563736,-0.55719113,9.2293
-0.9523468,6.5527496,6.837494,-0.16413593,-0.14009476,-0.82058716,-0.43484735,-0.34182286,9.163225
-0.9559326,6.4043884,6.808777,-0.23963964,-0.0045757294,-1.013783,-0.28857183,-0.75830984,9.153277
-0.94636536,6.427124,6.808777,-0.030838728,-0.023728848,-1.3162093,-0.5767472,-0.78513837,8.920738
-0.9176483,6.4737854,6.6891327,-0.12662148,-0.015363693,-1.2557054,-0.4900291,-0.82641816,8.988132
-0.8805542,6.422333,6.5371857,-0.19551766,0.055145264,-1.1871104,-0.4518149,-0.862252,9.097507
-0.96191406,6.4342957,6.5359955,-0.5472002,0.1679759,-0.9463458,-0.6403372,-0.79750466,9.3857355
-0.95951843,6.4462585,6.5814514,-0.2767148,0.016784668,-0.56997633,-0.08463764,-0.5361502,9.479382
-0.92481995,6.5060883,6.8111725,-0.23477948,-0.09187603,-0.1735425,0.13322043,-0.22733665,9.650927
-0.90089417,6.4701996,6.8315125,-0.13863361,0.017374992,0.9348817,0.5200536,0.4226935,10.473284
-0.8949127,6.443878,6.891327,-0.07111645,-0.21510172,1.0252018,0.6348276,0.6216409,10.366044
-0.85543823,6.4546356,6.8638153,0.104658484,-0.1921668,0.4304948,0.22402906,0.40048027,9.957094
-0.83151245,6.522827,6.6676025,0.07577276,-0.062156677,-0.03224182,-0.03646159,0.06257343,9.733169
-0.86979675,6.520447,6.600601,-0.1475907,-0.02295494,-0.20020342,0.026932955,-0.20389032,9.664893
-0.9068756,6.4701996,6.710678,-0.18033451,-0.1493063,-0.46133852,-0.0046560764,-0.31607604,9.397112
-0.88653564,6.460617,6.801605,-0.16299653,-0.291749,-0.19952345,0.17492342,-0.08958912,9.470689
-0.9176483,6.497711,6.764511,0.022061288,-0.29737902,-0.06688166,0.10290718,0.11576295,9.543205
-0.9762726,6.531204,6.63649,-0.020016909,-0.27152538,-0.16330862,0.075282335,0.021136284,9.498945
-0.90808105,6.5359955,6.6640167,-0.046184182,-0.21124744,-0.16504478,0.06285286,-0.025648355,9.54323
-0.79800415,6.5455627,6.757324,0.010063529,-0.14704514,-0.23509216,-0.043394327,-0.05796933,9.538792
-0.7956085,6.5599213,6.7417755,-0.12986797,-0.24817371,-0.37241602,0.04543066,-0.1834724,9.380712
-0.8410797,6.5491486,6.619751,-0.15264046,-0.33609295,-0.47189045,0.05865264,-0.21476388,9.250436
-1.0014038,6.497711,6.685547,-0.14065564,-0.3114009,-0.5038085,0.021753073,-0.23562574,9.245771
-0.91645813,6.5575256,6.6640167,-0.01990074,-0.34521008,-0.3705473,0.009511948,-0.06086445,9.303585
-1.0827484,6.5778656,6.8889313,-0.08611232,-0.22946548,-0.09944153,0.093553066,-0.110406786,9.585255
-1.0480499,6.5886383,6.592224,-0.049609125,-0.21771908,-0.39683867,0.0,0.0,0.0
-1.1018982,6.484543,6.528824,-0.09517264,-0.3319502,-0.4491639,0.0,0.0,0.0
-1.0396881,6.5025024,6.727417,-0.022892952,-0.31651354,-0.2466445,0.0,0.0,0.0
-0.982254,6.5730896,6.631714,0.037222028,-0.24481058,-0.34304714,0.0,0.0,0.0
-0.8267212,6.751343,6.2201385,0.19241512,-0.08635664,-0.73526335,0.0,0.0,0.0
-0.89611816,6.583847,6.600601,0.12053478,-0.26030397,-0.34881592,0.0,0.0,0.0
-0.8147583,6.5025024,7.0695953,0.18931115,-0.32145596,0.09852457,0.0,0.0,0.0
-0.73220825,6.567108,6.8315125,0.2614292,-0.25369644,-0.14413738,0.0,0.0,0.0
-0.8650055,6.629318,6.501297,0.1232453,-0.20038128,-0.4664116,0.0,0.0,0.0
-0.9667053,6.567108,6.6915283,0.01765728,-0.26791382,-0.27150917,0.0,0.0,0.0
-0.9942169,6.522827,6.8039856,-0.012430072,-0.30414867,-0.16730404,0.0,0.0,0.0
-1.02771,6.652054,6.45224,-0.042961,-0.18228626,-0.5114126,0.0,0.0,0.0
-1.0648041,6.6376953,6.4701996,-0.075544894,-0.20648003,-0.4831457,0.0,0.0,0.0
-1.1282196,6.5611267,6.7286224,-0.13023484,-0.28225946,-0.22425365,0.0,0.0,0.0
-1.0420685,6.570694,6.789627,-0.04103172,-0.26577568,-0.16961098,0.0,0.0,0.0
-0.9870453,6.7417755,6.591034,0.016723394,-0.09698439,-0.36556053,0.0,0.0,0.0
-0.9942169,6.715454,6.550354,0.014651179,-0.13226414,-0.39668322,0.0,0.0,0.0
-0.95951843,6.5108643,6.8207397,0.05000639,-0.33454704,-0.12847519,0.0,0.0,0.0
-0.8231354,6.522827,6.9260254,0.17778921,-0.3101387,-0.036669254,0.0,0.0,0.0
-0.7166443,6.707077,6.65683,0.27717882,-0.1288352,-0.30398893,0.0,0.0,0.0
-0.75852966,6.6556396,6.604187,0.22941512,-0.18889952,-0.34898758,0.0,0.0,0.0
-0.7728882,6.479767,7.014557,0.20291227,-0.35817194,0.05317831,0.0,0.0,0.0
-0.74775696,6.4462585,7.0791626,0.21905118,-0.37927437,0.104367256,0.0,0.0,0.0
-0.9020996,6.666397,6.6795654,0.060427964,-0.15559244,-0.29928732,0.0,0.0,0.0
-1.036087,6.599411,6.7046814,-0.06872094,-0.23110819,-0.26515388,0.0,0.0,0.0
-1.0253296,6.550354,6.8530426,-0.05541885,-0.27703238,-0.11950731,0.0,0.0,0.0
-0.8685913,6.5443726,6.825531,0.09838867,-0.27430916,-0.1559391,0.0,0.0,0.0
-0.9224396,6.6053925,6.4965057,0.046265244,-0.21976423,-0.4783945,0.0,0.0,0.0
-1.0923309,6.5407867,6.600601,-0.11251289,-0.28953362,-0.36768913,0.0,0.0,0.0
-1.0528412,6.4749756,7.0372925,-0.06993997,-0.34299946,0.057356358,0.0,0.0,0.0
-0.9308014,6.435501,6.8817596,0.05250591,-0.3674221,-0.11279011,0.0,0.0,0.0
-0.9296112,6.504883,6.7178497,0.05680734,-0.30088615,-0.2734928,0.0,0.0,0.0
-0.9906311,6.4749756,6.6843567,0.0026961565,-0.33676958,-0.30018473,0.0,0.0,0.0
-0.9068756,6.440277,6.854233,0.09127414,-0.36809826,-0.13290596,0.0,0.0,0.0
-0.8638153,6.4247284,6.7501526,0.13362974,-0.38018847,-0.24045515,0.0,0.0,0.0
-0.8913269,6.464203,6.604187,0.10740268,-0.34568787,-0.381392,0.0,0.0,0.0
-1.0205383,6.4295197,6.674774,-0.016818762,-0.38275146,-0.30776787,0.0,0.0,0.0
-0.93917847,6.418747,6.849457,0.06661224,-0.38904572,-0.1371541,0.0,0.0,0.0
-0.85543823,6.4654083,6.6137543,0.14307052,-0.34386587,-0.37245703,0.0,0.0,0.0
-0.91285706,6.5563354,6.3589325,0.084079385,-0.26587343,-0.6148739,0.0,0.0,0.0
-0.9690857,6.5491486,6.6484528,0.025229394,-0.28092718,-0.31802416,0.0,0.0,0.0
-1.0014038,6.4462585,6.932007,-0.008848965,-0.37653017,-0.041856766,0.0,0.0,0.0
-0.9020996,6.3804626,6.5898285,0.08673066,-0.4392233,-0.3875985,0.0,0.0,0.0
-0.9559326,6.406784,6.4008026,0.031870425,-0.42330313,-0.5665889,0.0,0.0,0.0
-0.9882355,6.530014,6.3732758,0.002882123,-0.3168502,-0.577158,0.0,0.0,0.0
-0.9056854,6.4462585,6.5324097,0.08312273,-0.40316105,-0.4158349,0.0,0.0,0.0
-0.9152527,6.4127655,6.4869385,0.07008374,-0.43854952,-0.45993042,0.0,0.0,0.0
-0.90808105,6.531204,6.443878,0.076667905,-0.32611513,-0.4971466,0.0,0.0,0.0
-0.90448,6.5395813,6.583847,0.0793829,-0.32061815,-0.35445738,0.0,0.0,0.0
-0.948761,6.45105,6.775284,0.03481865,-0.40375662,-0.16838884,0.0,0.0,0.0
-0.8338928,6.5599213,6.746567,0.14605606,-0.29245996,-0.20001173,0.0,0.0,0.0
-0.7262268,6.705887,6.4941254,0.24765486,-0.15356684,-0.44632387,0.0,0.0,0.0
-0.7645111,6.6436768,6.5682983,0.20271301,-0.22555828,-0.36340237,0.0,0.0,0.0
-0.8374939,6.541977,6.8733826,0.12731647,-0.3243146,-0.061570168,0.0,0.0,0.0
-0.78723145,6.6759796,6.488144,0.17506593,-0.18951225,-0.4479499,0.0,0.0,0.0
-0.9439697,6.7609253,6.1327972,0.018897235,-0.13304043,-0.77491665,0.0,0.0,0.0
-1.0540314,6.756134,6.497711,-0.087055385,-0.15388012,-0.3933735,0.0,0.0,0.0
-1.0241241,6.6687927,6.9140625,-0.052521348,-0.23352289,0.015916824,0.0,0.0,0.0
-0.93559265,6.5850525,6.830307,0.0357154,-0.30862665,-0.076510906,0.0,0.0,0.0
-0.98464966,6.661621,6.582657,-0.011409283,-0.2328744,-0.32307434,0.0,0.0,0.0
-1.0193481,6.6879425,6.6101685,-0.04213798,-0.20975685,-0.29180145,0.0,0.0,0.0
-0.99661255,6.629318,6.88295,-0.014683187,-0.25727654,-0.029431343,0.0,0.0,0.0
-0.93559265,6.6269226,6.830307,0.04683751,-0.25470114,-0.08695221,0.0,0.0,0.0
-0.93917847,6.830307,6.3505554,0.043795466,-0.053343773,-0.5646095,0.0,0.0,0.0
-0.9607239,6.818344,6.4342957,0.027972698,-0.079826355,-0.4655671,0.0,0.0,0.0
-0.97029114,6.619751,6.941574,0.020008862,-0.27155876,0.03508854,0.0,0.0,0.0
-0.89730835,6.6424713,7.0408783,0.08628321,-0.23173904,0.11641693,0.0,0.0,0.0
-0.87815857,6.747757,6.6424713,0.10236275,-0.13345051,-0.27547264,0.0,0.0,0.0
-0.98464966,6.7118683,6.61615,-0.0045033693,-0.17994738,-0.29127884,0.0,0.0,0.0
-0.9260254,6.685547,6.690338,0.053685427,-0.21205902,-0.21137094,0.0,0.0,0.0
-0.8661957,6.757324,6.4905243,0.105609536,-0.14734602,-0.40523577,0.0,0.0,0.0
-0.83270264,6.747757,6.2273254,0.13313705,-0.1793561,-0.64672995,0.0,0.0,0.0
-0.91166687,6.6472626,6.34935,0.053464413,-0.28802538,-0.5165577,0.0,0.0,0.0
-0.83509827,6.583847,6.7609253,0.12615603,-0.3419938,-0.115055084,0.0,0.0,0.0
-0.81715393,6.607773,6.6999054,0.14035219,-0.31381512,-0.18087864,0.0,0.0,0.0
-0.97746277,6.75972,6.3840485,-0.017560601,-0.17103577,-0.48716688,0.0,0.0,0.0
-1.0265198,6.757324,6.4462585,-0.061746955,-0.17618036,-0.42150116,0.0,0.0,0.0
-1.0468597,6.5934296,6.776474,-0.07772851,-0.3331914,-0.097614765,0.0,0.0,0.0
-1.0253296,6.447464,6.71904,-0.051312327,-0.4676566,-0.16592789,0.0,0.0,0.0
-0.98464966,6.443878,6.4055786,-0.0065947175,-0.47388983,-0.4761572,0.0,0.0,0.0
-0.9308014,6.522827,6.2488556,0.052179754,-0.40248394,-0.6245861,0.0,0.0,0.0
-1.0049896,6.5647125,6.4127655,-0.013554335,-0.36199188,-0.45805788,0.0,0.0,0.0
-0.8638153,6.5395813,6.726227,0.1274054,-0.37125492,-0.16058731,0.0,0.0,0.0
-0.8374939,6.546768,6.6472626,0.15103608,-0.35888624,-0.24513388,0.0,0.0,0.0
-0.88653564,6.508484,6.4665985,0.10144037,-0.39898682,-0.424057,0.0,0.0,0.0
-0.90448,6.4737854,6.6676025,0.085193634,-0.4271121,-0.22939253,0.0,0.0,0.0
-0.8542328,6.460617,6.752548,0.13196647,-0.4291196,-0.1560936,0.0,0.0,0.0
-0.825531,6.538391,6.6149597,0.15327531,-0.34567547,-0.30038214,0.0,0.0,0.0
-0.92481995,6.5886383,6.6269226,0.053962827,-0.2929144,-0.29092455,0.0,0.0,0.0
-1.0109711,6.6460724,6.912857,-0.03191656,-0.22597933,-0.014389515,0.0,0.0,0.0
-0.9272156,6.6257324,6.9750824,0.051537514,-0.23326826,0.034870625,0.0,0.0,0.0
-0.93440247,6.600601,6.6388855,0.03888333,-0.24965143,-0.31072855,0.0,0.0,0.0
-0.9415741,6.6352997,6.5898285,0.031077206,-0.21977997,-0.35511398,0.0,0.0,0.0
-0.99780273,6.654434,6.6807556,-0.02348131,-0.2017293,-0.26288176,0.0,0.0,0.0
-1.0121613,6.6173553,6.809967,-0.034780502,-0.23436403,-0.13762617,0.0,0.0,0.0
-0.98583984,6.632904,6.8350983,-0.005923271,-0.20989847,-0.120921135,0.0,0.0,0.0
-1.0037842,6.6101685,6.8279266,-0.021351695,-0.22866297,-0.13164186,0.0,0.0,0.0
-1.0121613,6.5814514,6.924835,-0.026330411,-0.2476964,-0.04375553,0.0,0.0,0.0
-0.9415741,6.6149597,6.9236298,0.04581815,-0.20734215,-0.051442623,0.0,0.0,0.0
-0.9272156,6.6711884,6.8362885,0.060254276,-0.14815426,-0.14166594,0.0,0.0,0.0
-0.90448,6.600601,6.8650055,0.081587195,-0.21802807,-0.113844395,0.0,0.0,0.0
-0.92004395,6.612564,6.898514,0.06458753,-0.20137739,-0.08511639,0.0,0.0,0.0
-0.8566284,6.681961,6.7788696,0.12679881,-0.13329554,-0.20364666,0.0,0.0,0.0
-0.82073975,6.6269226,6.7381897,0.15784538,-0.19287014,-0.24057722,0.0,0.0,0.0
-0.7680969,6.541977,6.744171,0.20448148,-0.2793355,-0.23394966,0.0,0.0,0.0
-0.7776642,6.4989014,6.7872467,0.18860638,-0.32211685,-0.19203806,0.0,0.0,0.0
-0.81355286,6.526428,6.6388855,0.14584637,-0.29951,-0.3365364,0.0,0.0,0.0
-0.83509827,6.5766754,6.57547,0.12066132,-0.25598764,-0.39386415,0.0,0.0,0.0
-0.8757782,6.4989014,6.6472626,0.07593346,-0.3379159,-0.31855106,0.0,0.0,0.0
-0.95114136,6.428314,6.6759796,0.0011011958,-0.40690327,-0.2913313,0.0,0.0,0.0
-0.9750824,6.459427,6.63649,-0.021326482,-0.37537718,-0.3310194,0.0,0.0,0.0
-1.0073853,6.5025024,6.5395813,-0.048016906,-0.33566904,-0.42385292,0.0,0.0,0.0
-1.0671997,6.361313,6.6221313,-0.10187352,-0.47761393,-0.33973694,0.0,0.0,0.0
-1.0660095,6.251251,6.702301,-0.091625154,-0.5808468,-0.26500797,0.0,0.0,0.0
-1.0133667,6.3732758,6.4857483,-0.030874789,-0.45988178,-0.479383,0.0,0.0,0.0
-0.9786682,6.5168457,6.317047,0.015109479,-0.32822514,-0.6347728,0.0,0.0,0.0
-1.0037842,6.3517456,6.686737,-0.005930066,-0.48915434,-0.26860332,0.0,0.0,0.0
-0.90808105,6.332611,6.8685913,0.09290373,-0.49850178,-0.09591246,0.0,0.0,0.0
-0.8003998,6.4965057,6.653244,0.19817108,-0.32737398,-0.3186941,0.0,0.0,0.0
-0.7118683,6.518051,6.55394,0.2817791,-0.31116486,-0.41347504,0.0,0.0,0.0
-0.8075714,6.325424,6.7453613,0.17761427,-0.50329876,-0.22373772,0.0,0.0,0.0
-0.899704,6.3684998,6.818344,0.08353311,-0.45346165,-0.15764856,0.0,0.0,0.0
-0.9870453,6.5814514,6.3876343,-8.851886E-4,-0.25023127,-0.57842493,0.0,0.0,0.0
-1.0073853,6.623337,6.317047,-0.018292546,-0.22096586,-0.6361971,0.0,0.0,0.0
-1.0815582,6.4462585,6.829117,-0.089176536,-0.40342045,-0.11836195,0.0,0.0,0.0
-1.0911255,6.3828583,6.957138,-0.09576893,-0.45047855,-0.0059900284,0.0,0.0,0.0
-1.105484,6.3888397,6.921234,-0.1080178,-0.43673706,-0.04919958,0.0,0.0,0.0
-1.0085754,6.6305084,6.364914,-0.0075172186,-0.21175575,-0.5886245,0.0,0.0,0.0
-0.9942169,6.6269226,6.5156555,0.011952281,-0.22684574,-0.42580462,0.0,0.0,0.0
-1.0121613,6.51326,6.8650055,-0.0036705732,-0.33587408,-0.08069086,0.0,0.0,0.0
-0.96310425,6.580261,6.8279266,0.045282245,-0.2640047,-0.12258196,0.0,0.0,0.0
-0.86260986,6.7669067,6.550354,0.14384484,-0.08662748,-0.3912964,0.0,0.0,0.0
-0.83151245,6.7836456,6.6185455,0.17207599,-0.08075237,-0.31277752,0.0,0.0,0.0
-0.7621155,6.5527496,7.1688995,0.23508155,-0.31281376,0.23780823,0.0,0.0,0.0
-0.7657013,6.6472626,6.989441,0.22142595,-0.20770645,0.046432495,0.0,0.0,0.0
-0.7298126,6.7118683,6.7130585,0.2371766,-0.14741421,-0.22852373,0.0,0.0,0.0
-0.850647,6.7944183,6.3672943,0.10881221,-0.09350109,-0.5469222,0.0,0.0,0.0
-0.9308014,6.641281,6.7693024,0.025290966,-0.249156,-0.14287138,0.0,0.0,0.0
-0.97268677,6.6388855,6.9978027,-0.01788646,-0.24247122,0.07641077,0.0,0.0,0.0
-0.9762726,6.715454,6.735794,-0.02168423,-0.16458416,-0.18693829,0.0,0.0,0.0
-0.9906311,6.747757,6.500107,-0.032208085,-0.14442348,-0.41000605,0.0,0.0,0.0
-0.9990082,6.5982056,6.727417,-0.037292898,-0.30018663,-0.17603683,0.0,0.0,0.0
-0.90927124,6.49292,6.8925323,0.054229796,-0.4010706,-0.015068054,0.0,0.0,0.0
-0.8805542,6.6783752,6.4331055,0.081962645,-0.21738672,-0.47286415,0.0,0.0,0.0
-0.86021423,6.7322083,6.324234,0.104304135,-0.18439102,-0.5605855,0.0,0.0,0.0
-0.8231354,6.723831,6.3876343,0.14138961,-0.2028575,-0.48703432,0.0,0.0,0.0
-0.8422699,6.6065826,6.916458,0.11771673,-0.310822,0.031813145,0.0,0.0,0.0
-0.8422699,6.5898285,6.9224396,0.114120364,-0.32088852,0.030581951,0.0,0.0,0.0
-0.850647,6.7286224,6.3553314,0.10297263,-0.19510841,-0.5238366,0.0,0.0,0.0
-0.87457275,6.7740784,6.217743,0.07873738,-0.16517353,-0.6458106,0.0,0.0,0.0
-0.89372253,6.629318,6.546768,0.0590778,-0.31411076,-0.31263065,0.0,0.0,0.0
-0.9188385,6.558731,6.88295,0.032826006,-0.37608576,0.014687061,0.0,0.0,0.0
-0.9559326,6.57428,6.6173553,-0.0010871887,-0.35481358,-0.25624132,0.0,0.0,0.0
-0.9906311,6.681961,6.538391,-0.030721664,-0.252851,-0.32872963,0.0,0.0,0.0
-0.9762726,6.6424713,6.5527496,-0.012959659,-0.29585552,-0.31034327,0.0,0.0,0.0
-0.91166687,6.530014,6.427124,0.052446246,-0.4089017,-0.43526077,0.0,0.0,0.0
-0.8661957,6.5694885,6.30748,0.09772259,-0.38044167,-0.543777,0.0,0.0,0.0
-0.88534546,6.795624,6.241684,0.081112504,-0.16507292,-0.59827614,0.0,0.0,0.0
-0.9104614,6.6556396,6.6640167,0.058060765,-0.30832148,-0.17232752,0.0,0.0,0.0
-0.8889313,6.604187,6.8602295,0.08065915,-0.3453722,0.00939703,0.0,0.0,0.0
-0.8769684,6.6927185,6.6400757,0.0915643,-0.24865055,-0.21920538,0.0,0.0,0.0
-0.9403839,6.7740784,6.4534454,0.029793859,-0.17244911,-0.40037775,0.0,0.0,0.0
-1.0014038,6.742981,6.4331055,-0.027164578,-0.2111249,-0.41245222,0.0,0.0,0.0
-0.97387695,6.661621,6.6305084,0.0017504692,-0.29070997,-0.2166543,0.0,0.0,0.0
-0.93440247,6.6676025,6.705887,0.042051733,-0.27967405,-0.14628601,0.0,0.0,0.0
-0.8949127,6.7322083,6.5240326,0.08185625,-0.21474648,-0.3284216,0.0,0.0,0.0
-0.8374939,6.838684,6.51326,0.1374048,-0.11328316,-0.33437538,0.0,0.0,0.0
-0.8386841,6.632904,6.850647,0.13162649,-0.31869268,0.0019841194,0.0,0.0,0.0
-0.7956085,6.551544,6.8733826,0.16287845,-0.38549566,0.008314133,0.0,0.0,0.0
-0.702301,6.735794,6.477371,0.24243915,-0.20629215,-0.38450193,0.0,0.0,0.0
-0.69869995,6.8147583,6.294327,0.23648685,-0.14063358,-0.5553689,0.0,0.0,0.0
-0.67477417,6.6915283,6.6053925,0.24854094,-0.2665143,-0.24322271,0.0,0.0,0.0
-0.624527,6.6436768,6.757324,0.2783687,-0.30452156,-0.10399532,0.0,0.0,0.0
-0.64486694,6.722641,6.6400757,0.24540812,-0.22381783,-0.22465372,0.0,0.0,0.0
-0.6472626,6.7633057,6.6640167,0.23181969,-0.1861763,-0.19909525,0.0,0.0,0.0
-0.6496582,6.727417,6.764511,0.21675676,-0.22149324,-0.1007905,0.0,0.0,0.0
-0.5862427,6.579071,6.867401,0.25794077,-0.3572712,-0.013361931,0.0,0.0,0.0
-0.604187,6.61615,6.6891327,0.21826857,-0.31165838,-0.20285034,0.0,0.0,0.0
-0.5970154,6.681961,6.5850525,0.21344662,-0.2499795,-0.30419588,0.0,0.0,0.0
-0.5144501,6.7250214,6.428314,0.28361183,-0.21412754,-0.455122,0.0,0.0,0.0
-0.49412537,6.619751,6.57547,0.28462875,-0.32291174,-0.30663443,0.0,0.0,0.0
-0.4857483,6.5599213,6.734604,0.27939004,-0.37695122,-0.15486288,0.0,0.0,0.0
-0.46899414,6.6376953,6.6424713,0.27809417,-0.29375887,-0.254426,0.0,0.0,0.0
-0.49771118,6.665207,6.459427,0.24186355,-0.26997852,-0.43452883,0.0,0.0,0.0
-0.5694885,6.55394,6.599411,0.16575795,-0.37866402,-0.29760265,0.0,0.0,0.0
-0.61854553,6.5144653,6.805191,0.11585641,-0.40775967,-0.10232973,0.0,0.0,0.0
-0.65802,6.6687927,6.526428,0.076033115,-0.24947643,-0.3850913,0.0,0.0,0.0
-0.6652069,6.7214355,6.43071,0.07149452,-0.19734097,-0.48001957,0.0,0.0,0.0
-0.65682983,6.5563354,6.5766754,0.0870865,-0.3737874,-0.32190228,0.0,0.0,0.0
-0.63768005,6.4833527,6.784851,0.10994488,-0.43527508,-0.12485552,0.0,0.0,0.0
-0.65922546,6.5336,6.768097,0.09179437,-0.37856388,-0.14770699,0.0,0.0,0.0
-0.65682983,6.7130585,6.546768,0.097846866,-0.20020533,-0.36753845,0.0,0.0,0.0
-0.5647125,6.6257324,6.620941,0.19053292,-0.29142714,-0.28940582,0.0,0.0,0.0
-0.5204315,6.5886383,6.6831512,0.23085034,-0.326015,-0.23013592,0.0,0.0,0.0
-0.48335266,6.628113,6.6687927,0.26213795,-0.28246164,-0.24919748,0.0,0.0,0.0
-0.58384705,6.723831,6.57547,0.15800017,-0.187119,-0.34253693,0.0,0.0,0.0
-0.63290405,6.7118683,6.6604156,0.104590416,-0.20032787,-0.25681114,0.0,0.0,0.0
-0.6663971,6.580261,6.8279266,0.069707215,-0.328331,-0.093048096,0.0,0.0,0.0
-0.73220825,6.518051,6.775284,0.0042569637,-0.38267088,-0.1534996,0.0,0.0,0.0
-0.74775696,6.541977,6.6592255,-0.0050338507,-0.35575294,-0.2718687,0.0,0.0,0.0
-0.7537384,6.6376953,6.4378967,-0.006038666,-0.26617098,-0.48654985,0.0,0.0,0.0
-0.707077,6.612564,6.49292,0.04899174,-0.2973585,-0.4245739,0.0,0.0,0.0
-0.7573242,6.57428,6.6556396,0.0047934055,-0.32922173,-0.26759863,0.0,0.0,0.0
-0.8039856,6.5240326,6.8685913,-0.035959005,-0.36673737,-0.06666803,0.0,0.0,0.0
-0.7429657,6.5575256,6.757324,0.031908333,-0.3258419,-0.1845212,0.0,0.0,0.0
-0.707077,6.623337,6.5886383,0.070676565,-0.2697034,-0.34327936,0.0,0.0,0.0
-0.6687927,6.629318,6.63649,0.111034214,-0.27058172,-0.28836632,0.0,0.0,0.0
-0.6053772,6.6508484,6.6676025,0.17369342,-0.24889088,-0.25749922,0.0,0.0,0.0
-0.63290405,6.6173553,6.558731,0.14635944,-0.2839861,-0.36475277,0.0,0.0,0.0
-0.6352997,6.652054,6.428314,0.14460856,-0.25345945,-0.49093533,0.0,0.0,0.0
-0.6281128,6.5395813,6.5970154,0.1496833,-0.3647585,-0.32364273,0.0,0.0,0.0
-0.69392395,6.51326,6.8434753,0.082105696,-0.37533808,-0.09305,0.0,0.0,0.0
-0.6233368,6.538391,6.784851,0.15208304,-0.33979416,-0.16206741,0.0,0.0,0.0
-0.58265686,6.5694885,6.6065826,0.18783867,-0.30330563,-0.34621668,0.0,0.0,0.0
-0.6388855,6.5563354,6.5862427,0.12757254,-0.31773233,-0.36574364,0.0,0.0,0.0
-0.71066284,6.5072784,6.6783752,0.053982437,-0.36354685,-0.2770157,0.0,0.0,0.0
-0.8003998,6.4905243,6.7178497,-0.034996748,-0.3742299,-0.24345064,0.0,0.0,0.0
-0.7728882,6.504883,6.653244,-0.004662752,-0.3563037,-0.31126118,0.0,0.0,0.0
-0.7680969,6.5766754,6.5359955,0.0029366612,-0.2868333,-0.42591143,0.0,0.0,0.0
-0.8386841,6.592224,6.607773,-0.062236488,-0.27543497,-0.3494377,0.0,0.0,0.0
-0.85543823,6.518051,6.7489624,-0.07433444,-0.34341478,-0.21383524,0.0,0.0,0.0
-0.8422699,6.5036926,6.7657013,-0.058999002,-0.3526554,-0.20189285,0.0,0.0,0.0
-0.74417114,6.551544,6.5886383,0.04255575,-0.30537748,-0.3780017,0.0,0.0,0.0
-0.69869995,6.644867,6.5682983,0.08951074,-0.2147274,-0.39554214,0.0,0.0,0.0
-0.653244,6.6759796,6.63649,0.1334768,-0.18400192,-0.32713795,0.0,0.0,0.0
-0.6352997,6.5611267,6.8231354,0.14492679,-0.29202843,-0.14794064,0.0,0.0,0.0
-0.63409424,6.5611267,6.8446655,0.14316332,-0.2869792,-0.1317029,0.0,0.0,0.0
-0.66760254,6.591034,6.8027954,0.1064204,-0.25260973,-0.17830849,0.0,0.0,0.0
-0.7010956,6.5659027,6.731003,0.07075673,-0.2783904,-0.24970531,0.0,0.0,0.0
-0.76091003,6.5970154,6.7250214,0.010463476,-0.2480483,-0.2549839,0.0,0.0,0.0
-0.7525482,6.607773,6.714264,0.019425333,-0.23599815,-0.2669425,0.0,0.0,0.0
-0.7657013,6.6807556,6.69751,0.0071433783,-0.16332626,-0.28329563,0.0,0.0,0.0
-0.8279114,6.6472626,6.809967,-0.052662373,-0.19560766,-0.17175913,0.0,0.0,0.0
-0.87098694,6.6149597,6.8901367,-0.09171426,-0.22168827,-0.0972352,0.0,0.0,0.0
-0.7800598,6.5694885,6.999008,0.0019777417,-0.25937033,0.0043320656,0.0,0.0,0.0
-0.7429657,6.6400757,6.764511,0.041389585,-0.18799448,-0.2306757,0.0,0.0,0.0
-0.7573242,6.61615,6.674774,0.027940333,-0.21708393,-0.31526613,0.0,0.0,0.0
-0.7513428,6.632904,6.6999054,0.035268545,-0.20399427,-0.28639936,0.0,0.0,0.0
-0.7118683,6.6149597,6.855438,0.07355416,-0.22119808,-0.13172483,0.0,0.0,0.0
-0.68196106,6.600601,6.8039856,0.09830284,-0.23618555,-0.18313932,0.0,0.0,0.0
-0.6149597,6.5862427,6.6783752,0.15718979,-0.2565155,-0.3038044,0.0,0.0,0.0
-0.6089783,6.5527496,6.628113,0.15809166,-0.2955227,-0.34921885,0.0,0.0,0.0
-0.66760254,6.5371857,6.6963196,0.095448494,-0.31367254,-0.27891397,0.0,0.0,0.0
-0.6412811,6.5898285,6.7322083,0.11677593,-0.26296043,-0.24167347,0.0,0.0,0.0
-0.58743286,6.612564,6.6400757,0.16665387,-0.24306011,-0.33144903,0.0,0.0,0.0
-0.6795654,6.628113,6.5682983,0.068529606,-0.23927164,-0.39228868,0.0,0.0,0.0
-0.7381897,6.591034,6.6424713,0.009362876,-0.28131962,-0.3132677,0.0,0.0,0.0
-0.68315125,6.5970154,6.674774,0.06324744,-0.27498722,-0.2814355,0.0,0.0,0.0
-0.6687927,6.623337,6.5359955,0.07504326,-0.2533784,-0.4158306,0.0,0.0,0.0
-0.6460571,6.619751,6.4989014,0.09531796,-0.26945734,-0.44080782,0.0,0.0,0.0
-0.707077,6.611374,6.644867,0.035417795,-0.2821207,-0.29046488,0.0,0.0,0.0
-0.65922546,6.5934296,6.6640167,0.08158058,-0.29969025,-0.27186775,0.0,0.0,0.0
-0.6460571,6.6053925,6.600601,0.09155631,-0.29175425,-0.33161926,0.0,0.0,0.0
-0.6006012,6.5970154,6.543167,0.1336329,-0.30514622,-0.38441896,0.0,0.0,0.0
-0.61135864,6.6400757,6.447464,0.12023538,-0.26927614,-0.47323084,0.0,0.0,0.0
