-3.9792633,-2.7876434,6.6915283,0.50513893,-0.45461082,0.010566711,0.4914051,-0.35977745,9.50494
-4.3501587,-3.1058807,6.829117,0.4313513,-0.38847065,-0.09814596,0.4136265,-0.24338341,9.465647
-4.441086,-3.3559265,7.125824,0.3162378,-0.32379103,-0.20529842,0.29268962,-0.13098907,9.426952
-4.2065887,-3.3666992,7.3698883,-0.029644012,-0.20273638,-0.2737589,-0.054001987,-0.0027079582,9.46901
-3.9756775,-3.2925262,7.335205,-0.17365575,-0.13556957,-0.41758394,-0.20670754,0.1334877,9.403706
-3.883545,-3.2913208,7.220337,-0.19662601,-0.13984346,-0.49706936,-0.23576874,0.17793322,9.339693
-3.9768677,-3.427719,6.8745728,-0.21883005,-0.18686056,-0.6406212,-0.26993835,0.22825336,9.199828
-4.1192474,-3.5928192,7.0289154,-0.1624251,-0.18697262,-0.6501093,-0.2150675,0.23644781,9.188734
-4.0175476,-3.5461578,7.8149567,-0.07418066,-0.20304346,-0.6771035,-0.12983316,0.24322176,9.151528
-3.9110718,-3.468399,7.9657135,-0.020006537,-0.28402805,-0.5863428,-0.07181722,0.12652636,9.171272
-3.7328033,-3.287735,7.4883423,-0.05829972,-0.32587624,-0.40998268,-0.09859431,-0.013501167,9.289179
-3.878769,-3.3343964,6.8243256,-0.038213074,-0.30103397,-0.36214685,-0.074644804,-0.022072792,9.3406315
-4.0295105,-3.4863434,6.67717,-1.02341175E-4,-0.26796007,-0.31211329,0.025995612,0.031770706,9.397345
-4.1120605,-3.603592,7.186844,0.057076156,-0.37012815,-0.2837739,0.023078918,-0.12344551,9.353871
-4.1288147,-3.714859,7.9202423,0.057076156,-0.37012815,-0.2837739,0.023078918,-0.12344551,9.353871
-4.175476,-3.780655,7.9501495,-0.075137496,-0.29262877,-0.27664042,-0.106081724,-0.067788124,9.416831
-4.269989,-3.748352,7.972885,-0.075137496,-0.29262877,-0.27664042,-0.106081724,-0.067788124,9.416831
-4.236496,-3.657425,8.627319,-0.075137496,-0.29262877,-0.27664042,-0.106081724,-0.067788124,9.416831
-4.1156616,-3.554535,8.922836,-0.0952453,-0.20503998,-0.35340548,-0.13062507,0.05003643,9.411123
-4.023529,-3.4528503,9.016159,-0.13446712,-0.19389343,-0.48702526,-0.17906815,0.14107895,9.315834
-3.9804535,-3.2015991,8.906082,-0.05461842,-0.22884655,-0.44671345,-0.098762274,0.08953476,9.319684
-3.8285217,-3.176468,8.859421,0.0029491782,-0.25481367,-0.5204997,0.07705414,-0.097976685,9.240681
-3.858429,-3.0041962,8.405991,0.014829814,-0.2562251,-0.564569,-0.039905906,0.14147568,9.204155
-3.974472,-2.9347992,7.787445,-0.028422236,-0.28649187,-0.55399275,-0.08395147,0.11162186,9.198139
-4.088135,-2.8737793,7.414154,0.07519531,-0.38440323,-0.49070263,0.01879239,-0.0035061836,9.179081
-4.4195404,-2.4586182,6.202194,0.076560736,-0.29815435,-0.3921423,-0.029597163,-0.012847424,9.309165
-4.5583344,-2.1547394,5.6985016,0.14535362,-0.3549285,-0.4167943,-0.098989725,-8.5258484E-4,9.248958
-4.692322,-1.8592224,5.8301086,0.16847485,-0.34657383,-0.46977806,0.11547968,0.014649391,9.210297
-4.5092773,-1.5361938,6.2201385,0.10691249,-0.38531113,-0.35818863,0.059655547,-0.08424759,9.279831
-4.2604218,-1.3722839,6.757324,0.10582286,-0.34538603,-0.28855228,0.06544036,-0.095632076,9.359074
-4.067795,-1.3651123,6.969101,-0.016798854,-0.19969273,-0.24980116,-0.04632306,-0.004676342,9.489803
-4.1611176,-1.3938141,7.1688995,-0.021344721,-0.23761559,-0.27740145,-0.055808067,-0.017279148,9.445464
-4.1826477,-1.475174,7.331604,0.019117832,-0.2496872,-0.3068447,0.015963078,0.0132956505,9.411136
-4.19223,-1.557724,7.6378937,0.17656946,-0.35938025,-0.4049716,0.122969985,-0.033940315,9.25162
-4.138382,-1.6857452,8.232513,0.1806199,-0.3487482,-0.4737773,0.12238881,0.017095566,9.203789
-4.155136,-1.9046936,10.449463,0.1525678,-0.32346344,-0.46592712,0.096514285,0.032802105,9.228203
-4.2137604,-2.050644,11.458038,0.09230596,-0.32124758,-0.3917384,0.041828215,-0.010750294,9.293509
-5.4065857,-3.324829,11.95694,-0.03260106,-0.26942062,-0.36643267,-0.07787919,0.015252113,9.357624
-5.9353943,-3.1704865,12.884155,-0.08456844,-0.2631235,-0.47910166,0.15736842,-0.049158573,9.278689
-5.367096,-2.0434723,14.141586,-0.07946414,-0.2770877,-0.44874763,-0.13195944,0.061522007,9.293552
-4.968689,-1.3507538,14.483749,-0.08858788,-0.25052738,-0.40069628,-0.13610375,0.053166866,9.348593
-4.4470673,-1.0863342,13.247864,-0.05564201,-0.22703075,-0.36991262,-0.09966749,0.052421093,9.383811
-3.2638092,-1.5349884,10.506882,0.040436268,-0.29343987,-0.42766142,-0.013486981,0.036015034,9.287848
-2.5531464,-1.9944153,8.651245,0.0057532787,-0.25862217,-0.4159069,-0.044472337,0.05653715,9.322168
-1.6701965,-2.2420807,7.9573364,0.05739081,-0.2610278,-0.2839465,0.01696217,-0.02789545,9.4180765
-0.4665985,-1.8161469,7.301697,0.13744318,-0.30093575,-0.35245943,-0.09004688,-0.008077145,9.331775
0.63409424,-1.578064,6.8721924,-0.020424247,-0.25939178,-0.5063286,-0.0772357,0.11333418,9.254147
1.4081726,-1.3459625,5.079956,0.01644361,-0.23641539,-0.5952678,-0.046028197,0.18729973,9.195662
1.6737823,-1.3196411,3.949356,0.050287127,-0.2951727,-0.57125807,-0.014845014,0.12674713,9.174427
2.7290192,-1.1294098,3.2434692,0.047135115,-0.272254,-0.44843054,-0.0069928765,0.06796503,9.28438
3.3200378,-1.249054,3.1070862,0.028746724,-0.2282052,-0.5129633,-0.027400553,0.14316988,9.263708
3.7675018,-1.454834,3.0041962,0.10904741,-0.26511526,-0.5600791,0.04564631,0.14336777,9.195726
4.114456,-1.7910309,2.6129608,0.08040857,-0.2928834,-0.46842146,-0.0033849478,-0.06826019,9.252581
4.4327087,-2.0937195,2.305481,0.10956991,-0.30670452,-0.21217251,0.0688723,-0.10765219,9.439557
4.6947174,-2.5280151,2.580658,0.12798107,-0.32954073,-0.10788536,0.09379825,-0.19160986,9.504818
5.0524445,-3.0759735,3.4372864,0.11187923,-0.32457352,-0.1191411,0.07699904,-0.18101215,9.501093
6.0358887,-3.3475647,4.9746857,0.01790464,-0.29721403,-0.21028042,-0.021567047,-0.10160446,9.457242
6.464203,-3.3834534,5.7021027,0.037959695,-0.32553768,-0.32021093,-0.0122567415,-0.055556774,9.351992
6.530014,-3.645462,6.0012054,0.03372693,-0.2936244,-0.29255676,-0.011876762,-0.047682762,9.393702
7.3172455,-4.1024933,6.6508484,0.036929727,-0.27197695,-0.40820646,-0.015651345,0.041601658,9.31676
7.112671,-4.4482574,6.619751,0.041957498,-0.2713008,-0.5317707,-0.019949973,0.11978912,9.220649
6.8685913,-4.643265,6.7046814,0.055945158,-0.27497482,-0.61708593,0.058921933,-0.16030836,9.150628
6.5240326,-4.9698944,7.0695953,0.06095636,-0.3050065,-0.5205097,0.027544737,-0.08289242,9.206613
6.2117615,-4.9866486,6.6376953,0.02464211,-0.31455994,-0.43339014,-0.033809125,0.026102543,9.272274
6.052643,-4.97348,6.28714,0.022976518,-0.3039465,-0.34270763,-0.027887583,-0.022621632,9.349408
5.3443756,-4.9076843,5.71286,0.06424129,-0.32513046,-0.41157818,0.006210506,0.0029764175,9.27827
4.639679,-4.881363,5.75354,0.038324475,-0.32359743,-0.4101119,-0.01933235,0.0035600662,9.283211
4.4685974,-4.9340057,5.8049927,0.022783637,-0.35804272,-0.31762695,-0.030768454,-0.08111572,9.3354025
4.174286,-4.6205444,6.12204,-0.011727095,-0.30601406,-0.25474644,-0.055981755,-0.079592705,9.420375
4.1084747,-4.3082733,6.7202454,0.033983707,-0.3369112,-0.2986617,-0.0164209,-0.077310085,9.36211
4.063019,-3.9589233,7.453644,0.034633875,-0.30216646,-0.42909622,-0.02253449,0.03133869,9.282114
4.10968,-3.2482605,7.947754,-1.1956692E-4,-0.3235798,-0.47358894,-0.062427938,0.043555737,9.238147
2.8917236,-3.900299,8.190628,-0.0066592693,-0.32232666,-0.4699216,-0.068778336,0.0425992,9.242541
2.5866394,-4.2436676,8.7960205,0.03170097,-0.32891607,-0.39508057,0.022106528,0.016727924,9.292344
1.6881409,-4.256836,10.334595,0.12942386,-0.3182454,-0.32689095,0.07738966,-0.0467,9.341122
-0.17826843,-3.0891266,10.457825,0.11682093,-0.32566452,-0.33691406,0.063446015,-0.046112537,9.330137
-0.8147583,-2.580658,10.4075775,0.0071561337,-0.28304625,-0.44611216,-0.05004126,0.057969093,9.283852
-0.38763428,-0.04547119,10.851456,0.026765227,-0.31662846,-0.4530244,-0.034309566,0.035987377,9.255535
-1.6534424,-0.12562561,11.192429,0.0966202,-0.28713894,-0.39381504,-0.034707785,-0.031093597,9.3119755
-4.3573303,2.4514465,10.853836,0.10910225,-0.32196474,-0.36145306,0.0537014,-0.027431011,9.31413
-2.7912292,2.087738,14.38446,-0.005184889,-0.26354933,-0.413383,-0.05866164,0.05347252,9.322844
-0.77526855,2.2528381,13.143768,-0.01937139,-0.2673025,-0.44532776,-0.07563579,0.07111263,9.297371
-0.23210144,1.3495483,12.397217,0.07043624,-0.29977083,-0.41778755,0.012527823,0.026520729,9.288471
0.2763672,0.42352295,10.99263,0.09793103,-0.319901,-0.3364029,-0.05386448,0.02705574,9.336053
0.8614197,0.71784973,8.379669,0.03288734,-0.33793926,-0.33722162,-0.0220474,-0.053246498,9.331591
0.80158997,1.3292084,6.7381897,0.019488335,-0.30770302,-0.3681302,-0.034875393,-0.010163307,9.327839
0.8195343,1.9932251,5.09552,0.16725838,-0.3441391,-0.39770222,0.10653305,-0.023754597,9.265669
0.82432556,2.4717865,4.045059,0.20097518,-0.40885115,-0.4633808,-0.13378513,-0.003821373,9.170758
0.93678284,3.032898,3.9170532,0.10511267,-0.25939465,-0.48718596,0.04549557,0.100036144,9.255645
0.88653564,3.2996979,3.9182434,-0.006226301,-0.21958542,-0.40526915,-0.05601394,0.08307791,9.356695
0.021530151,4.0211334,4.5523376,-0.057808995,-0.21277714,-0.36394644,-0.10391319,0.063985825,9.398998
-0.50727844,4.5296173,4.8670044,-0.0038040876,-0.33035183,-0.26627398,-0.054861724,-0.09057903,9.395756
-1.6785583,4.864609,5.50708,-0.023070335,-0.3411684,-0.21375561,0.030306578,0.14670372,9.432245
-2.4586182,5.099106,5.8540344,-0.01020968,-0.32902098,-0.25789976,-0.06091255,-0.09517288,9.40403
-2.4682007,4.84906,4.9746857,-0.050586462,-0.28095865,-0.32883072,-0.10156423,-0.012026787,9.383369
-2.3724823,4.80838,4.6013947,0.038469434,-0.2827506,-0.44415712,-0.02186793,0.05604458,9.282166
-1.2346954,4.4769745,4.5188446,0.075270295,-0.30567646,-0.487298,0.009091556,0.064210415,9.230145
-0.9068756,3.5784607,5.242676,0.09417963,-0.3103447,-0.49465847,0.026574075,0.064918995,9.219326
-1.1018982,2.1667023,5.770294,0.014937162,-0.28975153,-0.4490633,-0.046809852,0.05514288,9.276928
-2.2660065,0.9260254,7.9573364,0.021762013,-0.2788639,-0.36563492,-0.033111632,0.011013031,9.34762
-3.879959,0.0035858154,10.413559,0.06352055,-0.31671953,-0.36280155,0.0044531226,-0.021805763,9.321392
-4.097702,-0.7286072,11.351547,0.09653783,-0.30950832,-0.34052038,0.038896322,-0.031300068,9.3391285
-3.4145508,-1.302887,10.996216,0.015802622,-0.2626052,-0.6661029,-0.060600728,0.2143135,9.125988
-3.728012,-1.2502441,10.762909,0.041221738,-0.26898193,-0.67336655,-0.037702233,0.2142334,9.113718
-5.5573273,-0.8422699,10.515259,0.15455925,-0.3380437,-0.36258173,-0.0965029,0.009029388,9.29652
-5.584854,-0.98464966,10.981857,0.2103101,-0.3705964,-0.1836195,0.15301949,-0.18028784,9.40744
-5.345566,-0.21894836,11.475983,0.20188165,-0.37470388,-0.11254215,0.14965624,-0.22853804,9.4614
-6.2117615,0.026321411,10.481766,0.093609214,-0.33316135,-0.15069962,0.044177294,-0.1680088,9.471552
-3.7052917,-1.1569366,6.7908325,0.026491046,-0.33652735,-0.42508173,-0.044019103,0.0047926903,9.265644
-1.302887,-1.1437683,6.3062897,0.0031210184,-0.28084326,-0.41927004,-0.060610652,0.0458436,9.307758
-2.1248322,-0.43190002,7.8843536,0.007928848,-0.29335928,-0.39970493,-0.057162642,0.024559498,9.3147
-2.1954193,-0.9020996,7.470398,0.052291512,-0.2984047,-0.39652252,-0.013899922,0.016852856,9.308119
-3.0245209,-1.6713867,6.467804,0.04968655,-0.2796197,-0.40961552,0.028873682,-0.0318141,9.310066
-2.901291,-2.5208435,6.727417,0.084825635,-0.31245518,-0.51066446,0.0072855353,0.07719278,9.206993
-2.9288177,-3.4456635,7.7479553,0.0974555,-0.3153739,-0.43796825,0.024657488,0.028645992,9.259525
-2.8366852,-4.4985046,9.426529,0.08955288,-0.2819395,-0.38455868,0.024785817,0.021107674,9.322568
-2.6536407,-4.790436,9.554535,0.02614355,-0.28620577,-0.29434967,-0.031704903,-0.036427975,9.3981085
-3.0424805,-5.412567,9.816559,0.05051589,-0.28011703,-0.31578112,-0.0087323785,-0.019402027,9.382053
-3.1621094,-5.8002014,10.037888,0.044067144,-0.2968607,-0.32579136,0.007178545,0.03061533,9.364815
-2.8677979,-5.949753,10.266403,0.03484249,-0.2994151,-0.34910154,-0.02955556,-0.012374401,9.346533
-2.781662,-5.721237,10.305893,-0.03318703,-0.27760124,-0.36129713,-0.0952099,0.0155649185,9.360116
-2.786438,-5.4520416,9.870392,0.079977274,-0.29833603,-0.40492153,0.010648608,0.021909714,9.297956
-2.802002,-5.3288116,9.236298,0.04859793,-0.30248356,-0.47701836,-0.026626408,0.06631899,9.244247
-2.7984009,-5.0644073,8.691925,0.05756116,-0.2965312,-0.56611156,-0.024254203,0.12744045,9.178241
-2.8450623,-4.700699,8.394028,0.0027204752,-0.27801657,-0.44071627,-0.06653261,0.06489754,9.293919
-2.7218323,-4.3621216,8.305481,-0.001131773,-0.3007388,-0.31566572,-0.0632081,-0.032113075,9.376461
-2.4322968,-3.949356,7.9992065,0.102023125,-0.32339478,-0.24051857,0.04230243,-0.10247946,9.405963
-2.3377838,-3.4899292,7.125824,0.089215994,-0.31843185,-0.28560162,0.026676536,-0.06977272,9.376132
-2.239685,-3.2087708,6.55513,-0.04847896,-0.304039,-0.40561914,-0.11754966,0.023461819,9.311728
-2.3988037,-3.156128,6.4833527,-0.003083825,-0.28212118,-0.32396555,-0.06371194,-0.013061047,9.382002
-2.4897308,-2.7649078,6.734604,0.08265662,-0.39883137,-0.25864744,0.011992335,-0.14863634,9.347781
-2.5615234,-2.6667938,6.9152527,0.27746713,-0.32430172,-0.29762316,-0.22381258,-0.0056352615,9.336952
-2.5100708,-2.362915,7.003784,0.44987333,-0.43114614,-0.24168968,-0.4200127,0.05359316,9.289539
-2.6488495,-2.4311066,6.8817596,0.38329387,-0.5048461,0.15075827,0.32916504,-0.5028615,9.555069
-3.270996,-2.7708893,6.9344025,1.3655385,-0.99595165,0.9588008,1.2877821,-1.4529564,9.726345
-3.373886,-3.0233307,7.122238,1.7268895,-1.2727995,0.7328024,1.5631863,-1.5589528,9.291596
-3.316452,-3.2195435,7.6426697,1.186022,-0.9436002,0.60958385,0.963791,-1.2544103,9.398994
-3.3679047,-3.4325104,8.475372,0.60072684,-0.7052417,0.5314822,0.42999643,-0.9469576,9.563576
-3.3056793,-3.426529,8.682358,0.3676288,-0.5429168,0.017957687,0.14704302,-0.4204688,9.325177
-3.2494507,-3.2733765,8.885742,0.41780257,-0.473701,-0.30747175,0.16848978,-0.10489464,9.132782
-3.2063751,-2.9575348,8.160721,0.5159769,-0.6281967,-0.07222557,0.18672329,-0.35622168,9.096496
-3.399002,-2.9706879,7.8257294,-0.5434785,-0.37569904,-1.3776717,1.3283539,-0.38744926,9.158687
-3.5868378,-2.6476593,7.5804596,-0.8366475,-0.25738478,-2.6901994,-1.1126097,2.467349,8.983433
-3.4983063,-2.4430695,7.709671,-0.6823554,-0.20969725,-2.6152854,-0.9415862,2.446641,9.116244
-3.4624176,-2.4418793,7.7898407,-0.6122103,-0.12873268,-1.9545212,-0.75326145,1.8784516,9.466734
-3.373886,-2.486145,7.770691,-0.49335766,-0.26586103,-1.0875571,-0.6465882,1.0100486,9.564595
-3.2147522,-2.519638,7.6175537,-0.13260031,-0.47956228,-0.16999602,0.3189956,0.23251045,9.459316
-3.151352,-2.629715,7.4321136,-0.24409056,-0.66106606,0.14016318,-0.5678076,-0.27898097,9.466065
-3.1788635,-2.7302094,7.4392853,-0.49611282,-0.31007576,-0.93578005,-0.63500315,0.8840724,9.62459
-3.1345978,-2.724228,7.7001038,-0.43618965,-0.27091932,-0.9948027,-0.5627275,0.9511421,9.627884
-3.1549377,-2.7361908,7.8867493,-0.47054625,-0.30013418,-1.0129061,-0.60333854,0.97285575,9.642312
-3.2398834,-2.7589264,8.255234,-0.77583075,-0.29124928,-0.9457935,1.2499743,-0.119089305,9.874817
-3.3068848,-2.9635162,8.389236,-0.7011328,-0.2645936,-0.87930834,-0.7447384,0.8805761,9.875433
-3.3954163,-3.0269165,8.395218,-0.20934153,-0.43154192,-0.5696589,-0.44698885,0.51348567,9.5048275
-3.4432678,-3.0341034,8.537598,-0.84069014,-0.17227507,-5.9358287,4.698496,-3.6805146,9.216353
-3.2602234,-2.9312134,8.812759,-1.0788941,-0.26947594,-3.4557006,3.1661081,-1.774885,9.743071
-2.877365,-2.8139648,8.729019,-0.8796644,-0.22547436,-2.4748268,2.3409464,-1.2119882,9.784944
-2.6847534,-2.6356964,8.147568,-1.0910635,-0.15544319,-1.5974398,-0.9764244,1.6560122,10.072385
-2.884552,-2.4933167,7.4153595,-1.328196,0.018150806,-1.1968391,-1.0552012,1.309782,10.41318
-3.2817535,-2.5375824,7.1150513,-1.7078366,0.2068162,-0.17609978,-1.2145635,0.3762673,10.978719
-3.6765747,-2.597412,7.5517426,-1.5526948,-0.05823517,0.2265997,0.8519633,0.9172287,10.754517
-3.4779663,-2.7792664,8.315063,-1.1593671,-0.20340252,-0.323673,1.0340557,0.46609497,10.2580385
-3.3870392,-2.7684937,8.254044,-0.8122759,-0.47988653,-0.33345413,-0.9627702,0.2724011,9.7946005
-3.308075,-2.8199463,7.7276154,-0.22953224,-0.8078122,-0.24793363,-0.6531582,0.0033478737,9.223477
-3.3714905,-3.0269165,7.410568,0.43168068,-1.0435243,-0.279665,-0.20030373,-0.19990087,8.67819
-3.4289093,-3.2769775,7.8137665,0.7189641,-1.0428257,-0.27421618,0.104742914,-0.3386836,8.560091
-3.4097748,-3.402588,7.9692993,0.8767562,-0.95366716,-0.29077196,0.32044378,-0.37313557,8.573436
-3.3044891,-3.4420776,8.464615,0.89401174,-0.8215637,-0.6925006,0.41289562,-0.03365445,8.471672
-3.2494507,-3.2817535,8.571091,0.86400366,-0.78001165,-0.45378733,0.44239435,-0.24059963,8.663304
-3.1322021,-2.8677979,8.392822,0.68245125,-0.62152386,-0.17932606,-0.5137656,0.10550904,9.0262
-2.9970093,-2.6727753,7.7647095,0.5619683,-0.6195226,-0.19307375,0.278345,-0.34271383,9.070468
-2.9192505,-2.6931152,7.2502594,0.24312067,-0.56572294,-0.08984566,0.02199471,-0.34230852,9.287456
-3.0640106,-2.778061,7.1437683,0.063426256,-0.4286785,0.23326254,-0.07172635,-0.46438313,9.660353
-3.1011047,-2.8307037,7.775482,-0.17276335,-0.28897715,0.24079323,-0.23928836,-0.336627,9.834213
-3.0101776,-2.8677979,8.405991,-0.2167046,-0.31506205,0.14428759,-0.29424244,-0.28033447,9.763321
-2.9312134,-2.8199463,8.555542,-0.13788795,-0.39879942,0.23353386,-0.23547524,-0.41789913,9.756613
-2.8989105,-2.7768707,8.146362,-0.13946295,-0.315197,0.16551733,-0.2086125,-0.31765127,9.76454
-3.0759735,-2.7361908,7.564911,-0.07680917,-0.31217337,-0.048687458,-0.15992445,-0.18593025,9.593164
-3.1274261,-2.7792664,7.529022,0.06847453,-0.4017067,-0.24878216,-0.0139606,0.15697551,9.355968
-3.2326965,-2.8055878,7.680954,0.09213996,-0.38995504,-0.30690145,-0.024558514,-0.109447,9.31455
-3.1776733,-2.6667938,7.902298,0.23692298,-0.35112524,-0.24870968,0.13427901,-0.13948727,9.355217
-3.1381836,-2.5818481,7.983658,0.29102552,-0.3455658,-0.3655963,0.1826694,-0.06904125,9.259258
-3.2063751,-2.5627136,8.277969,0.23856008,-0.27346373,-0.35458612,-0.14509892,-0.04472065,9.322533
-3.0341034,-2.5579224,8.13559,0.25961912,-0.26743317,-0.25346756,0.18158245,-0.076796055,9.401313
-2.9730835,-2.5830536,7.749161,0.32391536,-0.25160313,-0.23109245,0.25010645,-0.08594704,9.417177
-3.279358,-2.7720795,7.762314,0.32229495,-0.27007675,-0.42759466,0.23137644,0.024429798,9.253912
-3.4899292,-2.9479523,8.202591,0.20963109,-0.25545168,-0.45344687,0.122284025,0.0651803,9.262947
-3.4468536,-2.9886322,8.516052,0.1957016,-0.2182064,-0.45427275,-0.06933069,-0.1346221,9.287664
-3.3583221,-2.9395752,8.195419,0.19666135,-0.2451315,-0.44128275,0.112407565,0.06910133,9.281212
-3.4348907,-2.8570251,7.5792694,0.11688316,-0.21853685,-0.45064878,0.039218366,0.104748726,9.304661
-3.4157562,-2.945572,7.623535,0.08909011,-0.22963905,-0.48588228,0.007648498,0.12214613,9.2758255
-3.2099762,-3.1980133,8.036301,0.054393172,-0.21888256,-0.4652896,-0.022248626,0.12122774,9.304483
-3.2039948,-3.2350922,8.081757,0.035191417,-0.23108435,-0.3750167,-0.037041098,0.0567832,9.369982
-3.2578278,-3.0783691,8.096115,0.028646827,-0.25755835,-0.44015455,-0.05335468,0.07897949,9.304846
-3.357132,-2.9826508,8.195419,-0.02166295,-0.24124384,-0.4742365,-0.10188842,0.11959934,9.297845
-3.2721863,-2.9156494,8.263611,-0.100782156,-0.20046377,-0.52257156,-0.17431721,0.19092607,9.300108
-3.103485,-2.9024963,8.184647,-0.0574013,-0.21986866,-0.40629673,-0.12803501,0.098049164,9.369948
-3.0998993,-2.8606262,7.8221436,-0.058764458,-0.23417807,-0.41122103,-0.13261575,0.09105396,9.357744
-3.0795593,-2.8103638,7.7695007,-0.05462289,-0.20630264,-0.52863216,0.1967156,-0.11746764,9.284635
-2.8139648,-2.8546448,7.9178467,-0.022309065,-0.23389196,-0.55076504,-0.10687438,0.17857265,9.2451935
-2.757721,-2.8546448,7.9788666,-0.0064662695,-0.2616248,-0.5212884,-0.095071316,0.13709259,9.247725
-2.7589264,-2.9192505,8.123627,0.040289164,-0.2757311,-0.50009346,-0.050928354,0.107616425,9.246678
-3.115448,-3.0257263,8.376068,0.020007133,-0.27627754,-0.5102973,-0.07161108,0.116351604,9.242321
-3.2183533,-3.0472565,8.384445,0.015354633,-0.2486782,-0.455853,-0.06695777,0.10295391,9.301877
-3.4827576,-2.9431763,8.358124,0.08779621,-0.22401142,-0.40528727,0.012001097,0.08077526,9.342454
-3.4384918,-2.7768707,8.201401,0.06610143,-0.28211784,-0.41328812,-0.022190154,0.044524193,9.304363
-3.2350922,-2.5782623,7.893921,0.048779845,-0.26384258,-0.37055397,-0.032489687,0.032687664,9.351481
-3.0341034,-2.3521423,7.536194,0.020126462,-0.20636415,-0.32466984,0.061508417,-0.02776575,9.427378
-2.9060822,-2.2707825,7.377075,0.017481089,-0.2824564,-0.32100964,-0.06358999,-0.009804726,9.383573
-2.926422,-2.4813538,7.537384,0.08596325,-0.3080759,-0.39605808,-0.0070296824,0.011143208,9.297742
-3.0101776,-2.8175507,8.005188,0.08101237,-0.2506857,-0.39373207,3.1739473E-4,0.053884506,9.335983
-3.1082764,-3.0293121,8.843872,0.046164036,-0.2507801,-0.4691167,-0.038728535,0.10649395,9.284873
-3.0867462,-3.016159,9.001801,0.06165254,-0.23744345,-0.40530062,0.043912172,-0.06163931,9.338974
-3.2075806,-2.848648,8.252838,0.0919013,-0.27356434,-0.3745699,0.008046538,0.023234367,9.334441
-3.3726807,-2.8498535,7.4727783,0.07361233,-0.33786058,-0.37763834,-0.023056686,-0.021549702,9.295589
-3.4767761,-2.877365,7.3172455,0.04491055,-0.27750587,-0.41384363,-0.04105082,0.050691605,9.310629
-3.707672,-3.012558,7.934601,0.09905076,-0.21425056,-0.4927845,0.019536138,0.14325666,9.279728
-3.5641022,-2.9898376,8.439484,0.07707918,-0.23282623,-0.46964502,-0.0038324594,0.11696482,9.289911
-3.4253235,-2.8570251,8.541183,0.08031976,-0.280344,-0.4531951,-0.009167165,0.07009745,9.272393
-3.2015991,-2.7194366,8.316254,0.055983067,-0.29595947,-0.41289425,-0.033507705,0.035131454,9.297876
-2.8366852,-2.651245,7.726425,-0.012688875,-0.27597952,-0.39387512,-0.09548646,0.045691013,9.337334
-2.7876434,-2.651245,7.5804596,0.041026354,-0.30532122,-0.37175083,-0.04767528,0.003121376,9.326212
-2.8247223,-2.7170563,7.5637054,0.06068659,-0.30378485,-0.3830595,0.03045082,0.0021891594,9.314949
-2.971878,-2.7601166,7.8747864,0.105700016,-0.3074398,-0.43187952,0.010734558,0.032784462,9.267186
-3.0711823,-2.7673035,8.072189,0.07120323,-0.1990161,-0.36862803,0.0036329627,0.0781641,9.388989
-3.123825,-2.7996063,8.342575,0.03360057,-0.21092701,-0.32005167,-0.03194478,0.04199505,9.42551
-3.0089722,-2.7637177,8.033905,0.11945033,-0.2648096,-0.30486822,0.042135328,-0.01832056,9.38805
-3.0245209,-2.7505493,7.7898407,0.1467551,-0.31646585,-0.2636757,-0.090114355,0.05779791,9.382678
-3.2063751,-2.7481537,7.975281,0.10818148,-0.29522657,-0.22840357,0.031221986,-0.0898633,9.429849
-3.279358,-2.7098694,8.433502,0.10184145,-0.3005433,-0.2464261,0.023294866,-0.08195305,9.414012
-3.1417694,-2.651245,8.648865,0.10726476,-0.3264737,-0.3546791,0.016251832,-0.033006668,9.314172
-2.9814606,-2.5794678,8.641678,0.10126376,-0.28018284,-0.4942317,0.010061115,0.092567444,9.237132
-2.8366852,-2.3988037,8.322235,0.079116225,-0.23862219,-0.52056694,-0.004999399,0.14409304,9.246828
-2.8079834,-2.3449707,8.143967,0.16083467,-0.2640648,-0.4288149,0.07683337,0.057737827,9.286802
-2.892929,-2.173874,7.5421753,0.20533049,-0.30093575,-0.46458817,-0.08520818,-0.08624005,9.228838
-3.098709,-2.1391907,7.2466583,0.20017898,-0.32711267,-0.45039082,-0.08896303,-0.056791306,9.224597
-3.267395,-2.1272125,7.405792,0.08478761,-0.2924676,-0.43814754,0.019671679,-0.045360565,9.275373
-3.3272247,-2.1846466,7.996811,0.071998,-0.30150747,-0.42591333,-0.014072359,0.035607338,9.281269
-3.0759735,-2.5627136,8.212173,0.22893977,-0.3148408,-0.33691216,0.14480662,-0.04646778,9.314796
-3.0448608,-3.1800537,8.244476,0.24668908,-0.34251976,-0.29863644,0.16188103,-0.09381819,9.324621
-3.2458649,-3.5688934,8.598602,0.28564346,-0.34774446,-0.3333063,0.19773817,-0.07897377,9.288698
-3.6598206,-3.4528503,9.257828,0.19566524,-0.35726547,-0.32859516,-0.1309017,0.0382576,9.30138
-3.7208405,-3.1669006,9.393021,0.20332825,-0.29182863,-0.40389204,0.12272978,0.016142845,9.282902
-3.7304077,-3.0257263,9.230316,0.20988286,-0.3789649,-0.4939947,0.109244406,0.0064969063,9.158793
-3.468399,-2.7014923,8.373688,0.22083724,-0.36398554,-0.4873252,0.12352085,0.013147354,9.171583
-3.238678,-2.589035,7.848465,0.32507658,-0.35195732,-0.4457569,0.23198289,-0.011518955,9.194851
-3.0352936,-2.5387878,7.4775696,0.33956087,-0.30124378,-0.43563223,0.25634474,0.02070713,9.232469
-2.9324036,-2.5842438,7.247864,0.4232831,-0.35693264,-0.41858387,0.33330452,-0.03802204,9.198995
-3.048462,-2.622528,7.4404755,0.47596502,-0.35465097,-0.44822693,0.3856297,-0.019031525,9.170919
-3.2494507,-2.6990967,7.6989136,0.4374299,-0.31793213,-0.3718753,0.3602091,-0.035526276,9.259197
-3.1908264,-2.617752,8.511276,0.4650786,-0.35019732,-0.32198572,0.3888241,-0.093176365,9.274912
-3.0688019,-2.4933167,8.593826,0.48116016,-0.30502224,-0.3260808,-0.40822077,-0.082742214,9.299312
-3.032898,-2.4682007,8.459824,0.49384546,-0.32454205,-0.28101063,0.42772293,-0.0975194,9.32114
-3.1465607,-2.4957123,7.755142,0.41419363,-0.3030162,-0.25574732,0.35528672,-0.091673374,9.366027
-3.213562,-2.671585,7.639084,0.42007136,-0.2532978,-0.24672985,0.36945653,-0.057911873,9.404602
-3.2506561,-2.7996063,7.775482,0.4489435,-0.256505,-0.23640299,0.40089625,-0.06672287,9.40908
-2.9658966,-2.7110748,7.7766724,0.4480257,0.1603024,-0.95663834,0.031359196,-0.16707146,8.751812
-3.0448608,-2.2947235,7.6414795,0.3919189,0.5621965,-1.0876064,0.0,0.0,0.0
-3.1082764,-2.1714935,7.6749725,0.35546923,0.6717503,-1.0479174,0.0,0.0,0.0
-3.2733765,-1.9190369,7.9992065,0.203506,0.9092524,-0.72331905,0.0,0.0,0.0
-3.3009033,-1.881958,8.172684,0.17377806,0.95079327,-0.5492716,0.0,0.0,0.0
-3.275772,-1.9322052,8.075775,0.1949966,0.8966932,-0.64898777,0.0,0.0,0.0
-3.3463593,-2.087738,7.771881,0.11967254,0.7159133,-0.96290874,0.0,0.0,0.0
-3.5246277,-2.3724823,7.652252,-0.05557823,0.40557122,-1.0895157,0.0,0.0,0.0
-3.9804535,-2.6524506,7.5804596,-0.49480772,0.108070135,-1.1602602,0.0,0.0,0.0
-4.307083,-2.8319092,7.775482,-0.7942817,-0.07746911,-0.9562807,0.0,0.0,0.0
-4.3034973,-2.9491577,8.261215,-0.780138,-0.17949009,-0.46147156,0.0,0.0,0.0
-4.1694946,-2.901291,8.639282,-0.64486194,-0.11125517,-0.07639599,0.0,0.0,0.0
-3.8069763,-2.925232,8.584244,-0.29317164,-0.11518121,-0.12937641,0.0,0.0,0.0
-3.1633148,-2.6727753,8.301895,0.33558226,0.13492155,-0.41847992,0.0,0.0,0.0
-2.7673035,-2.654831,8.082962,0.6952629,0.13260126,-0.65839005,0.0,0.0,0.0
-2.526825,-2.752945,8.024338,0.9139354,0.02441597,-0.7288227,0.0,0.0,0.0
-2.4837494,-2.815155,8.197815,0.9229429,-0.027923107,-0.5655279,0.0,0.0,0.0
-2.5052795,-2.9036865,8.598602,0.87172675,-0.086720705,-0.16672325,0.0,0.0,0.0
-2.423935,-2.9599152,8.933609,0.9140327,-0.10442662,0.16579628,0.0,0.0,0.0
-2.3353882,-3.119049,8.797211,0.9631529,-0.20813131,0.032704353,0.0,0.0,0.0
-2.346161,-3.221939,8.347366,0.93680453,-0.2937181,-0.41722393,0.0,0.0,0.0
-2.6201477,-3.267395,8.082962,0.65859604,-0.33294773,-0.6811266,0.0,0.0,0.0
-2.971878,-3.247055,8.069794,0.31334496,-0.303025,-0.688653,0.0,0.0,0.0
-3.122635,-3.2207336,8.810379,0.16857862,-0.24359632,0.06538296,0.0,0.0,0.0
-3.0783691,-3.2147522,8.940781,0.21541333,-0.21401572,0.20482254,0.0,0.0,0.0
-2.9419708,-3.1573334,8.529221,0.35599756,-0.14950371,-0.20271778,0.0,0.0,0.0
-2.9766693,-2.9324036,8.146362,0.32997513,0.05956173,-0.58774567,0.0,0.0,0.0
-3.0927277,-2.7637177,8.139191,0.22178435,0.1859932,-0.60630035,0.0,0.0,0.0
-3.2231293,-2.629715,8.7960205,0.07682681,0.27753854,0.030830383,0.0,0.0,0.0
-2.9312134,-2.1882324,10.141983,0.34928393,0.69245315,1.3607321,0.0,0.0,0.0
-2.9228363,-2.153534,10.967499,0.32274175,0.67768,2.1572294,0.0,0.0,0.0
-3.0257263,-2.231308,11.021347,0.123203516,0.45733428,2.1316996,0.0,0.0,0.0
-3.3272247,-2.3162537,10.33699,-0.27144647,0.19784307,1.3641462,0.0,0.0,0.0
-3.053238,-2.1607208,10.179062,-0.12704492,0.054026604,1.0849609,0.0,0.0,0.0
-2.880951,-2.099701,10.969894,-0.0659585,-0.13051355,1.7846613,0.0,0.0,0.0
-2.2911224,-1.5625153,11.796616,0.31502128,0.046943545,2.480606,0.0,0.0,0.0
-2.445465,-1.6199341,11.644669,-0.049182653,-0.34017932,2.2217999,0.0,0.0,0.0
-1.9944153,-1.1712799,10.009171,0.1921649,-0.25180817,0.4937191,0.0,0.0,0.0
-2.1379852,-1.1473541,8.970688,-0.28765357,-0.8317209,-0.65464497,0.0,0.0,0.0
-2.0087738,-0.49412537,8.400009,-0.43781745,-0.60825896,-1.2793226,0.0,0.0,0.0
-1.7946167,0.2536316,8.124832,-0.5493853,-0.26202083,-1.5887613,0.0,0.0,0.0
-1.6366882,0.6616211,8.321045,-0.93636304,-0.4149016,-1.4011478,0.0,0.0,0.0
-1.463211,0.91285706,8.426331,-1.125513,-0.5198525,-1.2692194,0.0,0.0,0.0
-1.0624084,1.3471527,7.9824524,-1.1355124,-0.64604867,-1.6192245,0.0,0.0,0.0
-0.38165283,1.7216339,7.2873383,-0.6027072,-0.6833997,-2.2172575,0.0,0.0,0.0
0.26200867,1.9214325,6.8159485,-0.03409794,-0.8980653,-2.5719767,0.0,0.0,0.0
0.47616577,2.1188507,6.238083,0.13283965,-1.3549368,-2.9262676,0.0,0.0,0.0
0.52282715,2.5746765,5.9413757,0.17461458,-1.2994993,-3.0608406,0.0,0.0,0.0
0.86021423,3.0257263,5.4604187,0.49351963,-1.4155011,-3.2752228,0.0,0.0,0.0
1.2012024,3.8644104,5.502289,0.8368811,-0.8796735,-3.072752,0.0,0.0,0.0
0.77526855,4.99263,6.1004944,0.4215839,0.1102252,-2.3970003,0.0,0.0,0.0
0.6137543,5.469986,6.7214355,0.41325933,0.21385145,-1.555233,0.0,0.0,0.0
0.17108154,5.5094757,7.002594,0.104410075,0.11868572,-1.1891899,0.0,0.0,0.0
0.19502258,5.7918243,7.6378937,0.3451718,0.21625566,-0.42813873,0.0,0.0,0.0
0.21534729,5.91745,7.3339996,0.5106162,0.21731615,-0.6404395,0.0,0.0,0.0
0.021530151,5.970093,7.1186523,0.44796425,0.15505314,-0.76638746,0.0,0.0,0.0
-0.776474,6.094513,6.920044,-0.17109418,0.14089775,-0.84902096,0.0,0.0,0.0
-1.5505524,6.607773,6.0562286,-0.8556316,0.5927911,-1.6578798,0.0,0.0,0.0
-1.853241,6.2165527,5.947357,-1.0868025,0.14303207,-1.7139292,0.0,0.0,0.0
-1.4452667,6.045471,5.8013916,-0.68405205,-0.068160534,-1.8284483,0.0,0.0,0.0
-0.4139557,5.716446,7.500305,0.25013518,-0.37662935,-0.15500689,0.0,0.0,0.0
-0.008377075,5.6757813,7.939392,0.4480698,-0.32123518,0.19356537,0.0,0.0,0.0
0.41635132,6.06102,8.236099,0.80243087,0.09490204,0.4626336,0.0,0.0,0.0
0.35055542,6.086151,8.148758,0.5425403,0.2028389,0.30527878,0.0,0.0,0.0
0.5814514,6.0550385,7.9573364,0.750037,0.16472101,0.118578434,0.0,0.0,0.0
0.41993713,5.8384857,7.6713867,0.6107753,-0.0919199,-0.13657427,0.0,0.0,0.0
-0.0765686,6.0382843,7.2335052,0.12825,0.05648184,-0.53479433,0.0,0.0,0.0
0.1986084,6.291931,6.7860413,0.39086914,0.24588633,-0.9326873,0.0,0.0,0.0
0.65682983,6.455841,6.4055786,0.8209873,0.34570837,-1.2631712,0.0,0.0,0.0
0.7130585,6.4618225,6.2907257,0.8455211,0.27898932,-1.320149,0.0,0.0,0.0
0.4749756,6.2033997,6.439087,0.62083524,-0.009088993,-1.1473546,0.0,0.0,0.0
0.41516113,6.0598297,6.5886383,0.59701246,-0.15379858,-0.9960933,0.0,0.0,0.0
0.37327576,5.8863373,6.7417755,0.57471585,-0.32501125,-0.84432745,0.0,0.0,0.0
0.52163696,5.9569244,6.978668,0.8259688,-0.23472929,-0.6200943,0.0,0.0,0.0
0.3912201,5.9940186,7.010971,0.8020154,-0.16986227,-0.6053405,0.0,0.0,0.0
0.33259583,6.094513,7.02652,0.81242335,-0.05384016,-0.5983019,0.0,0.0,0.0
-0.20817566,6.138794,7.2263184,0.39251697,0.0010175705,-0.39846087,0.0,0.0,0.0
-0.82073975,6.354141,7.6666107,-0.13466394,0.2152729,0.049919605,0.0,0.0,0.0
-0.7992096,6.2572327,7.0384827,-0.01081121,0.084237576,-0.54062986,0.0,0.0,0.0
-0.70588684,6.2823486,6.7130585,0.12827754,0.06875181,-0.82788086,0.0,0.0,0.0
-0.85902405,6.1124725,6.6053925,0.022535384,-0.136662,-0.90070915,0.0,0.0,0.0
-1.5457611,6.01915,6.8769684,-0.5918935,-0.25109816,-0.60263824,0.0,0.0,0.0
-1.6869354,5.883957,6.727417,-0.7088439,-0.39168644,-0.7445321,0.0,0.0,0.0
-1.2322998,5.71286,6.530014,-0.2621976,-0.5747919,-0.93287563,0.0,0.0,0.0
-0.9152527,5.7690887,6.36969,0.045648575,-0.52405024,-1.0897646,0.0,0.0,0.0
-0.7692871,6.1040955,6.241684,0.19160527,-0.18802547,-1.2186308,0.0,0.0,0.0
-0.7381897,6.20578,6.427124,0.22445995,-0.07083416,-1.0460153,0.0,0.0,0.0
-0.61735535,6.0681915,6.6676025,0.3489446,-0.17438364,-0.8335242,0.0,0.0,0.0
-0.49650574,5.8217316,7.2299194,0.49527383,-0.3343749,-0.3390379,0.0,0.0,0.0
-0.5431671,5.5250244,7.911865,0.47991168,-0.57554245,0.30221462,0.0,0.0,0.0
0.16151428,5.334793,7.9609222,1.2588822,-0.72096825,0.32587624,0.0,0.0,0.0
0.1603241,5.338394,7.5804596,1.5718664,-0.7415762,0.0166049,0.0,0.0,0.0
-1.4309082,6.14357,6.932007,0.464669,-0.019366741,-0.45686245,0.0,0.0,0.0
-1.8197479,6.295517,8.389236,0.9108381,-0.03785467,1.4176736,0.0,0.0,0.0
-3.0747833,6.550354,8.689529,0.28278232,0.047204494,2.162188,0.0,0.0,0.0
-4.319046,6.898514,6.4570313,-0.45320582,0.18872976,0.44001675,0.0,0.0,0.0
-5.1362,7.003784,4.1850433,-0.74940395,0.01048708,-1.1083679,0.0,0.0,0.0
-5.9282227,7.068405,3.2925262,-1.306303,-0.056191444,-1.6113877,0.0,0.0,0.0
-6.0155487,7.1844482,2.5938263,-1.170321,-0.08148384,-1.8671579,0.0,0.0,0.0
-5.5525513,7.561325,2.0937195,-0.6186595,0.21193838,-2.1268983,0.0,0.0,0.0
-5.2737885,7.569687,3.0843506,-0.26876163,0.15328026,-0.93024826,0.0,0.0,0.0
-5.432907,7.4237366,3.7304077,-0.38935947,-0.013415813,-0.19664931,0.0,0.0,0.0
-5.42334,7.1162567,4.1000977,-0.35261297,-0.34002542,0.24497509,0.0,0.0,0.0
-4.7976074,7.1808624,3.702896,0.30271292,-0.33393955,0.0035886765,0.0,0.0,0.0
-4.4650116,7.167694,3.4743805,0.66808224,-0.39741898,-0.073970556,0.0,0.0,0.0
-4.820343,7.195221,2.8366852,0.36630964,-0.41730165,-0.52761626,0.0,0.0,0.0
-5.0404816,7.7359924,1.807785,0.21283531,0.07773876,-1.3424847,0.0,0.0,0.0
-5.56929,7.959717,-1.4320984,-0.2323637,0.23657942,-4.267721,0.0,0.0,0.0
-7.861618,7.294525,-2.251648,-2.4900093,-0.46273947,-4.9239225,0.0,0.0,0.0
-6.7740784,7.6498566,2.897705,-1.4348946,-0.08561802,0.10021806,0.0,0.0,0.0
-7.068405,7.986038,2.018341,-1.8571615,0.27448988,-1.0712142,0.0,0.0,0.0
-6.661621,7.8915253,1.8400879,-1.5772386,0.18638945,-1.4690402,0.0,0.0,0.0
-6.4749756,7.824524,1.5266266,-1.5492783,0.13417053,-2.0463774,0.0,0.0,0.0
-6.2069855,7.660614,1.635498,-1.6312523,0.018888474,-2.467803,0.0,0.0,0.0
-5.251053,6.9834595,2.4047852,-1.0170155,-0.5858846,-2.1721506,0.0,0.0,0.0
-2.9395752,6.41037,3.9936218,0.8948884,-1.0449052,-1.0942211,0.0,0.0,0.0
-2.045868,6.283554,4.6336975,0.984709,-0.8798709,-1.3388505,0.0,0.0,0.0
-0.35055542,5.596817,6.460617,2.1919549,-1.3348742,0.006340027,0.0,0.0,0.0
0.029907227,5.0979156,7.841278,1.8706056,-1.3933821,0.7247286,0.0,0.0,0.0
0.1375885,4.845459,8.346161,1.6999303,-1.406395,0.9540167,0.0,0.0,0.0
0.09451294,5.038086,8.110474,1.4502528,-1.0109353,0.51167774,0.0,0.0,0.0
0.09690857,5.5250244,7.261017,1.2902023,-0.36784506,-0.48627472,0.0,0.0,0.0
0.0143585205,5.6853485,7.130615,1.1162448,-0.12258625,-0.6939697,0.0,0.0,0.0
-0.112457275,5.580063,7.922638,0.8369668,-0.0714798,-0.03531742,0.0,0.0,0.0
-0.08135986,5.2342987,8.455032,0.72493917,-0.2635374,0.37455845,0.0,0.0,0.0
0.04547119,5.026123,8.662018,0.68630344,-0.31432152,0.46205616,0.0,0.0,0.0
0.056228638,5.01297,8.695511,0.44546765,-0.121524334,0.34950352,0.0,0.0,0.0
-0.24765015,4.881363,8.908478,-0.04429598,-0.10326481,0.46558,0.0,0.0,0.0
-0.14476013,4.7282104,8.158325,-0.023772426,-0.19744349,-0.3206892,0.0,0.0,0.0
0.13639832,4.8047943,7.779068,0.19883813,-0.101126194,-0.71201134,0.0,0.0,0.0
0.32781982,4.7617188,7.7946167,0.33297324,-0.12662888,-0.70681953,0.0,0.0,0.0
0.19142151,4.565506,8.842682,0.1313078,-0.25769997,0.30432987,0.0,0.0,0.0
-0.020339966,4.2759705,9.235092,-0.07833628,-0.49616432,0.6680765,0.0,0.0,0.0
-0.18304443,4.2723846,8.833099,-0.22024807,-0.46977186,0.24933815,0.0,0.0,0.0
-0.34934998,4.413559,8.591431,-0.39917257,-0.3354559,0.011526108,0.0,0.0,0.0
-0.21176147,4.5355988,8.486145,-0.29979926,-0.24105024,-0.0780983,0.0,0.0,0.0
-0.07417297,4.6624146,7.8723907,-0.20447707,-0.1454854,-0.67380714,0.0,0.0,0.0
0.22372437,4.9340057,7.836487,0.019106895,0.09690285,-0.69175816,0.0,0.0,0.0
0.3361969,4.9172516,8.148758,0.031665117,0.065336704,-0.36808205,0.0,0.0,0.0
0.6687927,4.9088745,8.178665,0.3095513,0.053328037,-0.33397293,0.0,0.0,0.0
0.78604126,4.967499,7.878372,0.25474656,0.06387091,-0.5976267,0.0,0.0,0.0
0.9176483,4.9280243,7.8018036,0.3037833,-0.05579996,-0.62167835,0.0,0.0,0.0
1.1641083,5.1589203,7.885544,0.5434282,0.06751394,-0.4728489,0.0,0.0,0.0
1.2012024,5.358719,7.405792,0.5883897,0.23052454,-0.93066216,0.0,0.0,0.0
1.1090698,5.374283,7.1413727,0.51716113,0.09754276,-1.1033859,0.0,0.0,0.0
1.1808624,5.5417786,6.981064,0.58838636,0.14343166,-1.1845474,0.0,0.0,0.0
0.948761,5.6733856,6.8937225,0.391455,0.20886755,-1.2302446,0.0,0.0,0.0
0.72024536,5.7583313,6.972687,0.22907385,0.23478603,-1.115551,0.0,0.0,0.0
0.673584,5.5334015,7.290924,0.26553443,-0.045249462,-0.7640457,0.0,0.0,0.0
0.79322815,5.227127,7.831711,0.4578762,-0.38991785,-0.19989777,0.0,0.0,0.0
0.7393799,5.149353,8.225327,0.48617142,-0.5071354,0.21842861,0.0,0.0,0.0
0.107681274,5.5668945,7.3005066,-0.05598809,-0.13619137,-0.67560863,0.0,0.0,0.0
-0.28474426,6.0634155,6.960724,-0.33463174,0.2805457,-0.95927095,0.0,0.0,0.0
-0.3672943,6.2883453,7.032501,-0.3115936,0.41443062,-0.820168,0.0,0.0,0.0
-0.122039795,6.217743,7.6115723,-0.04180271,0.3212924,-0.22397614,0.0,0.0,0.0
-0.15553284,5.8923187,7.659424,-0.05410546,-0.02438736,-0.16059446,0.0,0.0,0.0
-0.058624268,5.8013916,7.2430725,0.04546234,-0.13853931,-0.55928373,0.0,0.0,0.0
0.42352295,5.694916,6.9391785,0.53292984,-0.28292656,-0.83409786,0.0,0.0,0.0
-0.86260986,6.3338013,6.65683,-0.7360679,0.32577658,-1.0928807,0.0,0.0,0.0
-1.1174469,6.47139,6.607773,-0.97222435,0.43497467,-1.1195164,0.0,0.0,0.0
-0.65922546,6.3062897,6.546768,-0.53377986,0.26829147,-1.1796298,0.0,0.0,0.0
0.673584,5.8899384,7.0779724,0.74501055,-0.13006926,-0.6631384,0.0,0.0,0.0
0.7621155,5.843277,7.2969055,0.756347,-0.12625027,-0.48352528,0.0,0.0,0.0
0.5778656,5.6027985,7.6402893,0.53731143,-0.326725,-0.17056799,0.0,0.0,0.0
0.40797424,5.5549316,7.725235,0.3554419,-0.33530903,-0.11521673,0.0,0.0,0.0
0.28953552,5.69133,7.5194397,0.24999912,-0.19001484,-0.32776356,0.0,0.0,0.0
0.088531494,5.9102783,7.3328094,0.07128114,0.02004385,-0.5078044,0.0,0.0,0.0
0.044265747,5.893524,7.536194,0.064896494,-0.01409626,-0.2913208,0.0,0.0,0.0
-0.13519287,5.8169556,7.808975,-0.086855285,-0.09692001,-0.013691902,0.0,0.0,0.0
-0.2596283,5.6889343,7.883148,-0.16908742,-0.2416544,0.07351875,0.0,0.0,0.0
-0.24047852,5.8049927,7.451248,-0.11810562,-0.15241241,-0.33750868,0.0,0.0,0.0
-0.3062744,5.8827515,7.298111,-0.12957896,-0.12681293,-0.4494238,0.0,0.0,0.0
-0.5407715,5.983246,7.1066895,-0.32852137,-0.065889835,-0.6090927,0.0,0.0,0.0
-0.33021545,5.8791656,7.154541,-0.09702724,-0.20990086,-0.529161,0.0,0.0,0.0
-0.0011901855,5.7882385,7.064804,0.23182504,-0.32668114,-0.5983448,0.0,0.0,0.0
0.09451294,6.04068,6.5336,0.3234561,-0.10455656,-1.105382,0.0,0.0,0.0
0.015548706,6.2572327,6.037094,0.23366326,0.044946194,-1.5477796,0.0,0.0,0.0
-0.12083435,6.4139557,6.352951,0.08820507,0.16915941,-1.2054353,0.0,0.0,0.0
-0.22851563,6.135193,7.024124,-0.03744863,-0.09985399,-0.5427823,0.0,0.0,0.0
-0.22013855,5.8947144,7.4775696,-0.04331723,-0.3112936,-0.11351633,0.0,0.0,0.0
-0.15792847,5.8911285,7.257431,0.004229784,-0.28095865,-0.36158705,0.0,0.0,0.0
-0.105285645,6.011963,7.117447,0.0576742,-0.15939617,-0.5021434,0.0,0.0,0.0
-0.093322754,6.222534,7.207184,0.07704811,0.044040203,-0.4064603,0.0,0.0,0.0
-0.21057129,6.16391,7.6175537,-0.03167513,-0.013117313,0.0029153824,0.0,0.0,0.0
-0.22970581,6.1160583,7.7730865,-0.04219611,-0.0431509,0.14423561,0.0,0.0,0.0
-0.19142151,6.0107727,7.6115723,0.0016403347,-0.14276266,-0.021718025,0.0,0.0,0.0
-0.10887146,5.991623,7.244278,0.08980408,-0.17721462,-0.3765068,0.0,0.0,0.0
0.044265747,6.0263214,7.0205383,0.24789312,-0.16519547,-0.5817008,0.0,0.0,0.0
0.025131226,6.1782684,7.092331,0.22730812,-0.04419756,-0.4846363,0.0,0.0,0.0
0.027511597,6.3314056,7.0707855,0.22712485,0.09014702,-0.49077797,0.0,0.0,0.0
-0.08734131,6.406784,7.225128,0.12258908,0.1412549,-0.31605577,0.0,0.0,0.0
-0.26560974,6.3792725,7.130615,-0.03414543,0.09665966,-0.39571095,0.0,0.0,0.0
-0.5096741,6.2488556,7.0049896,-0.2528069,-0.052731037,-0.5046315,0.0,0.0,0.0
-0.57069397,6.1591187,7.0995026,-0.27495444,-0.16431999,-0.3902936,0.0,0.0,0.0
-0.5276184,6.0143585,6.9463654,-0.2103442,-0.3222413,-0.5314169,0.0,0.0,0.0
-0.39720154,5.97847,6.5778656,-0.037321866,-0.3913026,-0.8697424,0.0,0.0,0.0
-0.35772705,6.12204,6.423538,0.032640845,-0.27705812,-0.99734783,0.0,0.0,0.0
-0.18664551,6.4701996,6.6843567,0.23379853,0.043717384,-0.7111783,0.0,0.0,0.0
-0.2907257,6.2680054,7.277771,0.14743939,-0.15506935,-0.11969566,0.0,0.0,0.0
-0.3361969,5.8504486,7.7455597,0.13717136,-0.5289159,0.31252384,0.0,0.0,0.0
-0.31825256,5.716446,7.594818,0.18266201,-0.64232445,0.14595842,0.0,0.0,0.0
-0.43788147,6.04187,7.068405,0.095440984,-0.32171965,-0.37408638,0.0,0.0,0.0
-0.7405853,6.4115753,6.805191,-0.14975435,0.016931057,-0.6062751,0.0,0.0,0.0
-1.0169525,6.448654,6.990631,-0.37986737,0.03896761,-0.40399027,0.0,0.0,0.0
-0.92123413,6.0095673,7.0875397,-0.25664324,-0.4001007,-0.30467653,0.0,0.0,0.0
-0.84347534,5.974884,6.9750824,-0.16882306,-0.43463898,-0.41634798,0.0,0.0,0.0
-0.702301,6.175873,6.4821625,-0.02351904,-0.24271154,-0.90102243,0.0,0.0,0.0
-0.6412811,6.234497,6.7286224,0.047373176,-0.1926794,-0.6461687,0.0,0.0,0.0
-0.6855469,6.110077,7.289734,0.0051127076,-0.30906296,-0.09186649,0.0,0.0,0.0
-0.7549286,6.0634155,7.4763794,-0.059605002,-0.33181143,0.07448864,0.0,0.0,0.0
-0.9499512,6.1698914,7.2131653,-0.2528153,-0.19609833,-0.21371603,0.0,0.0,0.0
-0.78364563,6.0765686,7.0671997,-0.08146179,-0.27198076,-0.3741207,0.0,0.0,0.0
-0.8889313,6.0143585,6.845871,-0.17099315,-0.33132124,-0.5963931,0.0,0.0,0.0
-0.6687927,5.873184,7.1533356,0.05399692,-0.4595003,-0.29952097,0.0,0.0,0.0
-0.64367676,6.050247,7.2622223,0.08434707,-0.268219,-0.20218325,0.0,0.0,0.0
-0.6879425,6.148361,7.356735,0.04210514,-0.15169716,-0.12301636,0.0,0.0,0.0
-0.7298126,6.3026886,7.4943237,-2.782941E-4,0.014830589,0.004263401,0.0,0.0,0.0
-0.83987427,6.2321014,7.5014954,-0.10558534,-0.040141106,-0.001183033,0.0,0.0,0.0
-0.9260254,6.14357,7.479965,-0.18606186,-0.12551832,-0.024791718,0.0,0.0,0.0
-0.9068756,5.860016,6.970291,-0.15673268,-0.41981363,-0.52446795,0.0,0.0,0.0
-0.8279114,5.7631073,6.4546356,-0.07412797,-0.52531815,-1.032547,0.0,0.0,0.0
-0.72143555,6.2285156,6.9643097,0.054278195,-0.13435078,-0.45745468,0.0,0.0,0.0
-0.8159485,6.1017,7.404587,-0.042453825,-0.2110486,-0.06008339,0.0,0.0,0.0
-0.94277954,5.544174,8.230118,-0.17676848,-0.70384073,0.71041536,0.0,0.0,0.0
-0.9714813,5.60997,7.780258,-0.21282768,-0.5683327,0.20243454,0.0,0.0,0.0
-0.9379883,5.7583313,7.3447723,-0.17559439,-0.4184432,-0.23392153,0.0,0.0,0.0
-0.74894714,6.172287,6.57428,0.02293688,-0.03772545,-0.9762387,0.0,0.0,0.0
-0.62094116,6.074173,6.928421,0.14398092,-0.14554071,-0.61481714,0.0,0.0,0.0
-0.45224,5.8672028,7.2107697,0.29051524,-0.34473372,-0.34108782,0.0,0.0,0.0
-0.44984436,5.79541,7.092331,0.26714313,-0.4084282,-0.46866798,0.0,0.0,0.0
-0.33499146,5.8504486,6.829117,0.3792928,-0.35831356,-0.728096,0.0,0.0,0.0
-0.65922546,5.9856415,6.734604,0.08274168,-0.2267313,-0.8169718,0.0,0.0,0.0
-1.0133667,5.79541,7.253845,-0.24029464,-0.4027815,-0.3062582,0.0,0.0,0.0
-1.0169525,5.9078827,7.7766724,-0.22184151,-0.2617798,0.19554758,0.0,0.0,0.0
-0.9678955,6.049057,7.905884,-0.16665328,-0.07452631,0.28813267,0.0,0.0,0.0
-0.99780273,6.052643,7.540985,-0.18782973,-0.056268215,-0.08761549,0.0,0.0,0.0
-1.1030884,5.925827,7.310074,-0.27834636,-0.18339014,-0.31669807,0.0,0.0,0.0
-0.87457275,5.986847,7.441681,-0.043522716,-0.12382841,-0.18323755,0.0,0.0,0.0
-0.5276184,6.0023956,7.4560394,0.295762,-0.10618019,-0.1713934,0.0,0.0,0.0
-0.48454285,6.099304,7.2107697,0.3187455,-0.016242027,-0.41321898,0.0,0.0,0.0
-0.6137543,6.086151,7.0947266,0.1845845,-0.042101383,-0.5195737,0.0,0.0,0.0
-0.7884369,5.9856415,7.147354,0.0075110793,-0.1537509,-0.45821762,0.0,0.0,0.0
-0.78245544,5.83609,7.146164,0.010436952,-0.30685616,-0.45685673,0.0,0.0,0.0
-0.70947266,5.8815613,6.9762726,0.08032161,-0.26648712,-0.6229453,0.0,0.0,0.0
-0.67237854,5.9198456,6.9176483,0.11709231,-0.23150826,-0.6789279,0.0,0.0,0.0
-0.69511414,6.007187,7.043274,0.096641004,-0.15115166,-0.54740334,0.0,0.0,0.0
-0.81355286,6.0933228,7.639084,-0.020401418,-0.05492735,0.040379047,0.0,0.0,0.0
-0.80519104,6.0933228,7.8221436,-0.007858098,-0.024625778,0.19945669,0.0,0.0,0.0
-0.90448,5.806183,8.013565,-0.10472286,-0.29153776,0.3749404,0.0,0.0,0.0
-0.9224396,5.6482544,7.379471,-0.11841905,-0.43805408,-0.26780272,0.0,0.0,0.0
-0.8889313,5.7188416,6.703491,-0.07350129,-0.38946438,-0.92501163,0.0,0.0,0.0
-0.7800598,6.094513,6.3134613,0.043136775,-0.05017805,-1.2849274,0.0,0.0,0.0
-0.6699829,6.2727814,6.6891327,0.15295404,0.08460379,-0.87390995,0.0,0.0,0.0
-0.6891327,6.173477,7.361511,0.1274029,-0.017974377,-0.19954586,0.0,0.0,0.0
-0.7896271,5.799011,7.7563324,0.019682229,-0.3618965,0.16959286,0.0,0.0,0.0
-0.830307,5.641083,7.540985,-0.02146101,-0.49395657,-0.06673765,0.0,0.0,0.0
