-0.8291168,5.7391815,7.4560394,0.05893576,-0.124574184,-0.27910614,0.025012255,-0.06273937,9.502791
-0.82192993,5.647064,7.4608154,0.15365553,-0.23511696,-0.14730167,0.10977507,-0.09868717,9.52594
-0.8039856,5.662613,7.446457,0.1798042,-0.23199797,-0.1990509,0.12855709,-0.06408882,9.482398
-0.77049255,5.679367,7.389038,0.18140793,-0.25598478,-0.44343662,0.09310031,0.06470251,9.275407
-0.7537384,5.7260284,7.381851,0.17267287,-0.21495533,-0.62721014,0.061258256,0.21138716,9.157823
-0.75852966,5.682953,7.3495483,0.16678321,-0.23288298,-0.52347136,0.06886107,0.13620138,9.229779
-0.7010956,5.6733856,7.2502594,0.2510624,-0.28018427,-0.5045557,0.15112448,0.090706825,9.202461
-0.707077,5.6578217,7.2299194,0.32851994,-0.27988768,-0.5742221,0.2180509,0.13855839,9.136391
-0.6855469,5.6781616,7.2634125,0.3817563,-0.23986435,-0.7342696,0.25027287,0.27273846,9.028575
-0.7405853,5.6530457,7.3208466,0.22606087,-0.28864717,-0.71903515,0.017638683,-0.24249554,9.03703
-0.72024536,5.6650085,7.441681,0.13961434,-0.28293037,-0.43369484,-0.024110794,-0.06855035,9.275282
-0.7621155,5.6351013,7.438095,0.107904315,-0.1974492,-0.25068712,0.05485308,0.0032143593,9.474303
-0.7190399,5.721237,7.4560394,0.16445935,-0.22776556,-0.32770538,0.09723592,0.02944231,9.3871355
-0.7776642,5.662613,7.4847565,0.22780967,-0.22397518,-0.39164877,0.1506477,0.07553244,9.3301525
-0.74417114,5.6889343,7.5110626,0.18786466,-0.2649026,-0.40594864,0.10661042,0.05187559,9.300484
-0.8291168,5.584854,7.302887,0.19670546,-0.2836547,-0.30133295,-0.12752557,-0.037047386,9.368109
-0.6903229,5.7583313,7.1389923,0.15795124,-0.28572226,-0.40529156,0.076313734,0.035577774,9.293076
-0.69511414,5.7092743,7.130615,0.17164898,-0.29948616,-0.5751643,0.06327927,0.13265371,9.152151
-0.70588684,5.700897,7.256241,0.14168942,-0.27270365,-0.5741515,0.03535855,0.15271616,9.174574
-0.76330566,5.728424,7.2669983,0.05096078,-0.31858826,-0.4144516,-0.0330801,0.013784409,9.282645
-0.7645111,5.7427673,7.2646027,0.066034794,-0.35666895,-0.32926702,-0.024029493,0.064704895,9.32165
-0.8674011,5.703293,7.4368896,0.09053552,-0.3195691,-0.45188427,-3.0338764E-4,0.03821802,9.247133
-0.8123627,5.6434784,7.5517426,0.06924713,-0.25760603,-0.5760107,-0.036462784,0.16435003,9.194601
-0.75852966,5.6769714,7.4691925,0.032639146,-0.25781155,-0.45610523,-0.054698706,0.08796692,9.292031
-0.72143555,5.721237,7.276581,0.030828834,-0.2903576,-0.2870655,0.009280205,0.054222822,9.400893
-0.7298126,5.708084,7.307678,0.061144352,-0.33955622,-0.27715874,-0.005419731,-0.08721638,9.372809
-0.7537384,5.679367,7.3208466,0.057482123,-0.3489232,-0.39809608,-0.028233647,-0.018530369,9.275246
-0.72143555,5.620743,7.306488,0.041014075,-0.32035828,-0.52384424,-0.0618577,0.08250713,9.199946
-0.7118683,5.740387,7.3328094,0.120150805,-0.2937193,-0.6206784,0.0032104254,0.16769695,9.13003
-0.7405853,5.724823,7.3375854,0.13814735,-0.36243868,-0.43095207,0.045924067,-0.0053544044,9.228699
-0.7621155,5.760727,7.3256226,0.11770105,-0.33954668,-0.35297632,0.039642215,-0.03854227,9.30597
-0.7645111,5.7104645,7.4117737,0.07381487,-0.38518953,-0.32973337,-0.0029536486,-0.09133816,9.302476
-0.7393799,5.684143,7.3986053,0.09917307,-0.36300325,-0.2486844,0.03576672,-0.12391949,9.37443
-0.73579407,5.6698,7.3005066,0.0998044,-0.38778496,-0.24598122,0.03498435,-0.1452837,9.361102
-0.69392395,5.7355957,7.294525,0.10744047,-0.34631872,-0.22935724,0.047540903,-0.12374067,9.39859
-0.6915283,5.749954,7.258621,0.12113452,-0.30362415,-0.4387579,0.031971216,0.0407362,9.261959
-0.7154541,5.7631073,7.2598267,0.07020676,-0.34949112,-0.47078466,-0.02636993,0.023293495,9.217181
-0.7657013,5.71286,7.276581,0.104138374,-0.28681946,-0.29984522,0.037175417,-0.032419205,9.381699
-0.7621155,5.728424,7.359131,0.14011204,-0.24610901,-0.24531221,0.08373642,-0.033166885,9.442965
-0.707077,5.724823,7.3363953,0.19215214,-0.2629323,-0.361907,0.11602342,0.028787613,9.334694
-0.69869995,5.703293,7.306488,0.14556015,-0.35298347,-0.5175514,-0.011288166,-0.06669927,9.167066
-0.67118835,5.638687,7.277771,0.15072656,-0.28808594,-0.48910666,0.053886056,0.08840132,9.228534
-0.74894714,5.617157,7.3040924,0.16644657,-0.30665112,-0.4066081,0.0808202,0.023575306,9.277518
-0.76330566,5.699707,7.379471,0.22829854,-0.3861971,-0.2765789,0.15695655,-0.1169405,9.31731
-0.7513428,5.7021027,7.3902283,0.17185879,-0.40108395,-0.34546328,-0.11960101,0.03995657,9.264573
-0.74417114,5.71286,7.4033966,0.18608236,-0.31476784,-0.39918184,0.101163745,0.013373375,9.275013
-0.78245544,5.6602173,7.363907,0.15890372,-0.32598877,-0.38219357,0.07621181,-0.0071001053,9.28537
-0.75971985,5.6937256,7.3830566,0.12919772,-0.3350706,-0.28248549,0.061703086,-0.07801247,9.360702
-0.7154541,5.6985016,7.368698,0.14432776,-0.31689072,-0.27616024,0.07868266,-0.067522526,9.374489
-0.6795654,5.69014,7.397415,0.11322987,-0.2657442,-0.30946302,0.046257854,-0.008449078,9.385941
-0.67836,5.6482544,7.442871,0.1649375,-0.20796633,-0.3302269,0.09775829,0.052307606,9.397736
-0.73339844,5.723633,7.409378,0.18253362,-0.21938086,-0.3488593,0.1114943,0.056263924,9.373577
-0.830307,5.7332,7.3447723,0.22770584,-0.2947631,-0.3374896,0.15321589,-0.0073332787,9.328
-0.79441833,5.684143,7.426132,0.15754318,-0.28684473,-0.35680056,0.08187568,0.00719738,9.329522
-0.7393799,5.642273,7.4404755,0.13000453,-0.28569984,-0.36323643,0.053909898,0.010726929,9.329739
-0.6771698,5.7152557,7.3663025,0.115986586,-0.29650497,-0.2970786,-0.06239724,0.0123775005,9.375863
-0.69511414,5.724823,7.2849426,0.17770827,-0.33042526,-0.3392148,0.10183215,-0.03686714,9.312588
-0.74775696,5.6698,7.290924,0.15458453,-0.35029984,-0.3889532,0.070067406,-0.022398472,9.265837
-0.7393799,5.60878,7.3375854,0.13770592,-0.33406878,-0.42554665,0.048685074,0.012722969,9.250662
-0.6891327,5.6159515,7.3950195,0.09014559,-0.36841583,-0.35483885,0.010655642,-0.060245037,9.290875
-0.69750977,5.69252,7.281357,0.12760377,-0.36681318,-0.3057809,0.05527103,-0.08780956,9.323359
-0.6460571,5.7463684,7.208374,0.19113994,-0.2942567,-0.41931963,0.104643226,0.04296589,9.271716
-0.7034912,5.6661987,7.2227325,0.18409038,-0.33038664,-0.5821028,0.07002652,0.11742449,9.126066
-0.79441833,5.64946,7.3663025,0.13404953,-0.35538483,-0.568038,0.020925522,0.08736086,9.129254
-0.8422699,5.633896,7.4488525,0.10619056,-0.35181284,-0.27458668,0.03882134,-0.09565592,9.359673
-0.74775696,5.6817627,7.466797,0.13432562,-0.33131933,-0.28957367,0.06515324,-0.06900406,9.356469
-0.7417755,5.703293,7.4656067,0.09908974,-0.3500414,-0.35469055,0.018474221,-0.044168472,9.300822
-0.7238312,5.6889343,7.4356995,0.075624466,-0.30581188,-0.44046545,-0.015508413,0.043435574,9.267092
-0.7465668,5.67099,7.4165497,0.06502962,-0.34246588,-0.2778201,-0.0032173395,-0.08749342,9.36958
-0.7154541,5.684143,7.3746796,0.07515812,-0.39714622,-0.28797483,-0.056238413,0.10957551,9.325887
-0.72143555,5.6698,7.2849426,0.0966388,-0.38801813,-0.35730934,0.01154685,-0.071801186,9.2753525
-0.71066284,5.642273,7.318451,0.12834811,-0.3516922,-0.4654808,-0.012851715,-0.036230564,9.210533
-0.7046814,5.645859,7.2682037,0.14138341,-0.3078084,-0.47021818,0.042960525,0.06444836,9.232332
-0.6963043,5.6351013,7.294525,0.07932389,-0.36460114,-0.29092026,0.0057965517,-0.095528126,9.343291
-0.6687927,5.6554413,7.3854523,0.10746944,-0.35620308,-0.29613352,0.033077836,-0.0848465,9.339925
-0.69511414,5.641083,7.397415,0.12966752,-0.3201542,-0.39947653,0.04105425,0.009094715,9.280224
-0.72262573,5.647064,7.5146637,0.11923051,-0.29299784,-0.4649434,0.0123353,-0.07368517,9.249287
-0.7082825,5.598007,7.4943237,0.14452505,-0.34953833,-0.19908428,0.08491695,-0.13919401,9.411539
-0.7046814,5.633896,7.502701,0.14834988,-0.3667369,-0.14180899,0.09644568,-0.18863201,9.443705
-0.70588684,5.62912,7.4488525,0.19678926,-0.34665108,-0.33808947,0.11459005,-0.047700405,9.298919
-0.68673706,5.633896,7.3208466,0.23104739,-0.30297995,-0.44751978,0.1343627,0.056804657,9.237288
-0.6687927,5.620743,7.269394,0.17865574,-0.28985214,-0.44533348,0.0841918,0.06417227,9.256152
-0.6352997,5.637497,7.2550354,0.13799441,-0.21169472,-0.44126558,0.050478816,0.12121439,9.315395
-0.7453613,5.73201,7.2885437,0.2505716,-0.29588795,-0.4011364,0.16193527,0.036233902,9.274006
-0.825531,5.700897,7.3005066,0.2601241,-0.32427788,-0.44313717,0.16295165,0.04116583,9.222747
-0.8003998,5.6733856,7.3531494,0.22371697,-0.29485416,-0.33789396,-0.13366127,-0.059306145,9.3273
-0.7405853,5.69252,7.5266266,0.14315248,-0.33820438,-0.20095015,-0.13232493,0.07864857,9.417344
-0.73579407,5.65184,7.578064,0.15466464,-0.27145386,-0.074807644,0.12135744,-0.15571642,9.553217
-0.7513428,5.6195374,7.610367,0.24934018,-0.25321436,-0.20337296,0.19571269,-0.056104183,9.4514065
-0.60658264,5.5202484,7.454834,0.5214069,-0.46644878,-0.3787179,0.42158532,-0.096461296,9.138947
-0.6699829,5.6267242,7.277771,0.58846855,-0.7254944,0.102375984,0.5427271,-0.5984392,9.326614
-0.8027954,5.844467,6.752548,1.8774446,-1.1619334,0.541451,1.827867,-1.1808083,9.14889
-0.65563965,5.7559357,7.0408783,1.0118737,-1.0684881,0.6526141,0.9943261,-1.2068267,9.424099
-0.7286072,5.5824585,7.5469666,1.1258607,-1.0599647,0.48975992,1.0171227,-1.1246123,9.230751
-0.79322815,5.52861,7.935791,0.75158834,-0.7305622,-0.16920996,0.58126885,-0.41505814,9.021099
-0.776474,5.5334015,7.8711853,0.6491387,-0.5559764,-0.83363247,-0.19106936,-0.36789608,8.6870165
-0.7621155,5.5956116,7.5350037,0.06913638,-0.30767202,-1.5231533,-0.29929537,0.94187,8.605509
-0.7130585,5.58963,7.381851,-0.71908116,0.11376381,-1.9790401,-1.0083653,1.6537278,8.972981
-0.7381897,5.6434784,7.2969055,-1.3190482,0.377985,-2.179089,-1.5259744,2.0176854,9.325466
-0.67237854,5.7355957,7.0576324,-1.3311286,0.33331013,-1.8507929,-1.4805067,1.7431886,9.527673
-0.673584,5.7427673,7.0408783,-1.2218201,0.30463934,-1.2791476,-1.2706896,1.2675767,9.7850485
-0.74775696,5.71286,7.093521,-1.1511822,0.18206882,-0.69484377,-1.1299517,0.7287352,9.9892235
-0.8111725,5.696121,7.3543396,-1.5568473,0.31519604,-0.4144311,-1.4016763,0.61850643,10.396252
-0.8494568,5.6698,7.3531494,-1.0757487,0.23445511,-0.83874416,-1.0589144,0.88470674,9.914774
-0.7776642,5.703293,7.434494,-0.5306163,0.06344414,-1.2222414,1.1353986,-0.5485096,9.371381
-0.7429657,5.633896,7.4859467,-0.39922333,-0.045420647,-1.1160455,-0.58334213,0.9020591,9.303658
-0.7010956,5.6231384,7.5218353,0.136662,-0.42376614,-0.34398603,-0.08408189,0.02234602,9.250761
-0.72024536,5.6147614,7.507477,0.37638092,-0.5778775,-0.09355354,0.12728643,-0.28669405,9.185392
-0.7190399,5.6530457,7.430908,0.2761488,-0.53045225,-0.06754923,0.055423737,-0.2742324,9.273804
-0.7393799,5.6327057,7.4117737,0.05443263,-0.32879114,-0.16199923,-0.095439374,-0.0649333,9.4545355
-0.70588684,5.5872345,7.473984,-0.15416908,-0.19565582,-0.4264288,-0.28696656,0.24154377,9.485406
-0.73698425,5.621933,7.247864,-0.077785015,-0.10011196,-0.59663916,-0.21331507,0.43146396,9.431969
-0.702301,5.6757813,7.186844,-0.11180782,-0.10479164,-0.66804934,-0.25879496,0.49074197,9.404196
-0.7118683,5.79422,7.08873,-0.27336383,-0.047227383,-0.52388763,-0.3595844,0.4192655,9.5914
-0.81715393,5.7631073,7.2849426,-0.24856782,-0.14375973,-0.24897385,-0.3235675,0.13837194,9.66313
-0.8721771,5.740387,7.3938293,-0.106058836,-0.21768093,-0.2125845,-0.21405405,0.056058884,9.572421
-0.88534546,5.5621185,7.643875,0.041867495,-0.3512535,-0.35890484,-0.15383172,0.088897705,9.335081
-0.77526855,5.5633087,7.6666107,-0.01884818,-0.37050247,-0.4330635,-0.22961515,0.14401054,9.304944
-0.73579407,5.5573273,7.625931,-0.10561371,-0.25079393,-0.5396004,-0.28296405,0.30721498,9.369876
-0.62094116,5.6123657,7.533798,0.091804504,-0.21969652,-1.2095985,-0.20738888,0.85893893,8.946978
-0.64367676,5.5752716,7.4285126,-0.1516757,-0.25240755,-0.29151487,-0.28214276,0.106954575,9.522657
-0.69511414,5.551346,7.2837524,-0.21793008,-0.22743654,-0.011165142,0.17816806,0.24524617,9.720302
-0.727417,5.58963,7.2933197,-0.051599026,-0.17575693,-0.30581522,-0.16280597,0.15256834,9.528635
-0.707077,5.69133,7.2682037,-0.123259544,-0.1832757,-0.5181966,-0.2644353,0.32742548,9.432247
-0.7884369,5.69133,7.278961,-0.1878171,-0.14797926,-0.6302247,-0.32743055,0.44399524,9.419334
-0.7800598,5.6889343,7.3746796,-0.16952968,-0.14839888,-0.85108423,0.63297033,-0.32384324,9.287439
-0.7896271,5.620743,7.4560394,-0.06492281,-0.22957659,-0.85955715,0.5426674,-0.32190633,9.176058
-0.77049255,5.60878,7.4201355,-0.15580463,-0.31208372,-0.31063747,-0.3021642,0.08109999,9.459826
-0.7046814,5.60997,7.3411865,-0.25106382,-0.28290606,-0.2263813,-0.3647346,0.037548542,9.561954
-0.66041565,5.654236,7.3543396,-0.3693421,-0.16016483,-0.5287523,-0.47369534,0.3593526,9.509794
-0.7154541,5.679367,7.338791,-0.079027414,-0.18784666,-0.55379677,-0.21633768,0.32618046,9.365033
-0.7262268,5.6853485,7.363907,-0.042924643,-0.25564814,-0.49357748,-0.19541156,0.22497654,9.3354645
-0.78604126,5.6769714,7.350754,7.491112E-4,-0.29777193,-0.16879511,-0.121982455,-0.05851841,9.492234
-0.8075714,5.7344055,7.4069824,-0.024288416,-0.33413458,-0.08488989,-0.14125144,-0.1505084,9.529455
-0.850647,5.647064,7.421341,0.09610081,-0.37215424,-0.034776688,-0.031537414,-0.23056555,9.498774
-0.76091003,5.641083,7.4680023,0.20661592,-0.3744111,-0.14921236,0.06511378,-0.17162085,9.3925905
-0.64845276,5.6434784,7.3627167,0.13599205,-0.3272004,-0.24154139,0.007646978,-0.07364607,9.384261
-0.653244,5.6614227,7.389038,0.16101027,-0.360466,-0.112222195,0.04029286,-0.19554234,9.448051
-0.6616211,5.6279144,7.343567,0.097049,-0.31017637,-0.16003036,-0.008449316,-0.12322426,9.466089
-0.69511414,5.6147614,7.392624,0.09952426,-0.2893567,-0.19822836,-0.043705225,0.07536292,9.452621
-0.7537384,5.5668945,7.3878326,0.23104215,-0.3170309,-0.17599249,-0.17786288,0.05777645,9.419497
-0.7262268,5.642273,7.529022,0.27141428,-0.33604574,-0.3687067,0.14207524,-0.030570507,9.257635
-0.7788696,5.6231384,7.524231,0.37574458,-0.36475277,-0.48585224,0.2285375,0.013900757,9.129997
-0.73339844,5.5956116,7.5601196,0.4074142,-0.32359314,-0.49646616,0.2698536,0.047281265,9.141729
-0.8877411,5.621933,7.328018,0.3808837,-0.43655062,-0.23934937,0.2540717,-0.20393753,9.271118
-0.83509827,5.8576355,7.0911255,0.3728056,-0.44241762,-0.25859642,0.24607939,-0.19855309,9.25746
-0.850647,5.883957,6.948761,0.4947889,-0.41595936,-0.28114462,0.36955643,-0.1741147,9.2322
-0.76330566,5.7308044,7.1892395,0.58953595,-0.3817215,-0.40212822,-0.4385383,-0.1485517,9.142882
-0.7573242,5.540573,7.615158,0.5299282,-0.3642273,-0.36075068,0.40741384,-0.086381435,9.198228
-0.68315125,5.5752716,7.677368,0.5425539,-0.34096813,-0.26314497,0.4354391,-0.13275623,9.284503
-0.6520386,5.633896,7.536194,0.5003786,-0.3388853,-0.30754852,0.38961828,-0.10036659,9.260818
-0.6400757,5.6566315,7.3950195,0.4133792,-0.32904768,-0.38402605,0.29779178,-0.03825569,9.226576
-0.73220825,5.5920258,7.278961,0.12952137,-0.23684406,-0.23726416,0.054711282,-0.040558815,9.453767
-0.72262573,5.694916,7.338791,0.07090497,-0.15502119,-0.12850237,0.025221884,-0.042642593,9.599002
-0.8039856,5.748749,7.245468,0.13969088,-0.21660328,-0.31019783,-0.039227724,-0.048884153,9.408247
-0.8446655,5.782257,7.269394,0.15686083,-0.26379204,-0.45441103,-0.0018799305,-0.090289116,9.265795
-0.8805542,5.748749,7.384247,0.1054728,-0.23448229,-0.31024122,0.02184391,0.010037422,9.404434
-0.8027954,5.6685944,7.4476624,0.14750028,-0.2568221,-0.21272135,0.06965488,-0.07250738,9.456143
-0.78723145,5.6315155,7.4608154,0.22678876,-0.27888632,-0.37633228,0.123734474,0.009072781,9.301235
-0.6855469,5.67218,7.438095,0.22170901,-0.3046074,-0.5572429,0.09296042,0.105679035,9.148889
-0.7142639,5.6685944,7.306488,0.1889255,-0.27797413,-0.5303569,0.069565356,0.112112045,9.192784
-0.6687927,5.682953,7.335205,0.23102593,-0.2957468,-0.30865908,0.13336653,-0.046148777,9.341685
-0.7082825,5.6973114,7.360321,0.22318888,-0.34783983,-0.37822008,0.107791126,-0.041301727,9.258444
-0.7298126,5.71286,7.405792,0.21763325,-0.30944777,-0.46143246,0.09979904,0.0419755,9.219862
-0.7920227,5.67099,7.363907,0.17903638,-0.26959038,-0.45403957,0.07045156,0.07088661,9.25811
-0.7692871,5.674576,7.3423767,0.1264255,-0.24984169,-0.2893138,0.04226923,-0.0154418945,9.406548
-0.69392395,5.7188416,7.368698,0.13043594,-0.31777143,-0.071174145,0.059150636,-0.20723248,9.529858
-0.6999054,5.6111755,7.3172455,0.20820618,-0.34753084,-0.17634392,-0.18761802,0.08260512,9.415241
-0.69750977,5.723633,7.3543396,0.25174236,-0.2762556,-0.5119834,-0.06222248,-0.15315676,9.194694
-0.68196106,5.7583313,7.4440765,0.36442232,-0.28615046,-0.5963712,-0.124464035,-0.23880124,9.101082
-0.7130585,5.736786,7.368698,0.32571435,-0.31481838,-0.49471283,0.20049524,0.0552454,9.168926
-0.7142639,5.6757813,7.1724854,0.27608228,-0.36692953,-0.20512295,0.17756683,-0.16673899,9.366647
-0.7190399,5.723633,7.176071,0.29519963,-0.41795254,-0.28246737,-0.23331475,0.04041004,9.272285
-0.70947266,5.7463684,7.3339996,0.36042142,-0.35209417,-0.40259886,-0.2185905,-0.09718394,9.207707
-0.7118683,5.694916,7.338791,0.3909223,-0.268373,-0.37116337,0.28559268,0.008139133,9.276578
-0.63648987,5.7176514,7.3698883,0.046863317,-0.11694956,-0.51982737,-0.039378345,0.244277,9.332443
-0.67477417,5.736786,7.392624,0.033080578,-0.12666607,-0.60922194,-0.064748764,0.29856968,9.263555
-0.7262268,5.6602173,7.434494,0.037871838,-0.09196758,-0.8365474,-0.0812186,0.47223425,9.113756
-0.7453613,5.645859,7.4608154,-0.09321928,-0.10332394,-0.6031108,-0.17846286,0.3382163,9.319959
-0.7118683,5.654236,7.4069824,-0.10651994,-0.1467495,-0.36808872,-0.18230051,0.15525627,9.473434
-0.6029968,5.75354,7.348358,-0.22708344,-0.18769169,-0.042327404,0.17767859,0.2209382,9.71608
-0.6269226,5.740387,7.2179565,-0.30488634,-0.13367939,-0.061371803,0.26438212,0.20756388,9.766506
-0.653244,5.7391815,7.235901,-0.3192582,-0.093605995,-0.35749435,-0.3824026,0.23311329,9.611929
-0.69392395,5.6446686,7.2634125,-0.37705016,0.010342598,-0.87765837,-0.4901235,0.7124789,9.4008045
-0.6771698,5.654236,7.3363953,-0.37800336,0.027221203,-1.1562014,-0.5446148,0.9438529,9.265387
-0.66041565,5.687744,7.409378,-0.26079583,-0.06729078,-1.0605645,-0.44999957,0.8165786,9.233904
-0.6412811,5.71167,7.4201355,-0.21092677,-0.031834602,-0.73678637,-0.33822972,0.579088,9.43434
-0.7142639,5.659027,7.505081,-0.3422289,-0.0578413,-0.48114824,-0.42285144,0.3686328,9.613581
-0.73339844,5.6698,7.573288,-0.20707417,-0.17830658,-0.5575323,-0.35092622,0.35145044,9.434025
-0.78245544,5.6147614,7.639084,0.008093834,-0.29407787,-0.72437,-0.21977633,0.40519738,9.175166
-0.7884369,5.6195374,7.512268,0.078959465,-0.31817198,-0.50094366,-0.12147164,0.20848131,9.258752
-0.98583984,5.885147,6.9667053,0.022236824,-0.3134489,-0.37284088,-0.14956069,0.11183834,9.35623
-0.46780396,5.89592,6.972687,-0.023470163,-0.2977314,-0.5765114,-0.22351241,0.28799915,9.269381
-0.48454285,5.613556,7.3447723,-0.03596759,-0.27157116,-0.6436062,-0.23898822,0.3590858,9.2560005
-0.6795654,5.571686,7.7970123,-0.05595517,-0.2429285,-0.57015324,0.3711052,-0.13866186,9.326782
-0.6891327,5.5046844,7.6749725,-0.16005325,-0.2020464,-0.3894639,-0.28577942,0.20357132,9.498412
-0.6161499,5.67099,7.2753754,-0.19130301,-0.1729393,-0.2687688,-0.28341,0.12546158,9.60006
-0.74417114,5.71167,7.1078796,-0.053376913,-0.2539482,-0.29931116,-0.18876404,0.0948205,9.471534
-0.6891327,5.7511444,7.298111,0.12504554,-0.26518774,-0.6241379,-0.08719486,0.3418851,9.214182
-0.74417114,5.7152557,7.3363953,-0.11630964,-0.15692902,-0.75750065,-0.29892546,0.52695537,9.311753
-0.6915283,5.781067,7.274185,-0.14577198,-0.20447111,-0.54655886,-0.30362332,0.3304894,9.406182
-0.7130585,5.723633,7.2263184,-0.25466037,-0.31616402,0.09023094,-0.32550466,-0.2442832,9.721061
-0.6879425,5.741577,7.319641,-0.2905593,-0.22423077,0.25135565,-0.2985747,-0.31821156,9.893129
-0.74417114,5.6698,7.409378,-0.30800986,-0.25059938,-0.16981363,-0.3996542,0.0070533752,9.6431465
-0.61854553,5.703293,7.4476624,0.016731262,-0.06756401,-0.6671181,-0.1265856,0.4973755,9.374812
-0.6807556,5.6757813,7.302887,0.015797377,-0.11459923,-0.83402586,-0.17286026,0.6034689,9.245466
-0.5670929,5.7559357,7.4033966,0.013142586,-0.17866135,-0.80857515,-0.19010192,0.5429959,9.210914
-0.6412811,5.740387,7.338791,0.095592976,-0.21310759,-0.6094141,-0.08678883,0.35504818,9.265959
-0.7046814,5.77507,7.294525,0.17964363,-0.2605095,-0.60178137,-0.019301414,0.31213045,9.202929
-0.80877686,5.6685944,7.3363953,-0.06986213,-0.15476656,-0.46047115,-0.19110197,0.27188444,9.445506
-0.7393799,5.6853485,7.3854523,0.07489753,-0.34586573,-0.5793271,0.24009061,-0.115454674,9.182248
-0.6628113,5.7427673,7.3495483,0.11493111,-0.34450197,-0.31604385,-0.04077977,0.01266098,9.327119
-0.59461975,5.765503,7.3124695,0.15032053,-0.40387535,0.067697525,-0.21593261,0.24835396,9.520313
-0.66760254,5.7475586,7.323227,0.13081574,-0.34579277,0.1432414,-0.23862338,0.26147437,9.628063
-0.6807556,5.6865387,7.3423767,0.15616989,-0.29005623,-0.032598972,0.06952083,-0.19068289,9.545134
-0.73339844,5.679367,7.4201355,0.09622455,-0.22204065,-0.21032,0.011326253,-0.018297195,9.486756
-0.6137543,5.7272186,7.3411865,0.16566992,-0.2249074,-0.202878,0.08116901,-0.0352726,9.47295
-0.65802,5.71167,7.2550354,0.17293572,-0.22289467,-0.3111663,0.08027601,0.034495354,9.395822
-0.61735535,5.71167,7.3088837,0.11216235,-0.1548891,-0.3643055,0.032751024,0.12087965,9.414725
-0.65802,5.716446,7.3830566,0.27086258,-0.30576515,-0.4554181,0.14859855,0.05286503,9.21556
-0.78604126,5.645859,7.4895325,0.36329246,-0.3125434,-0.66290474,0.21788591,0.17302895,9.037434
-0.69511414,5.67099,7.372284,0.31023765,-0.28529167,-0.71552753,0.16781509,0.22813463,9.026003
-0.61735535,5.699707,7.2502594,0.44202757,-0.36613512,-0.7178378,0.2846828,0.15759134,8.947083
-0.68196106,5.7224426,7.2598267,0.43041062,-0.3608241,-0.701488,0.2844246,0.14438534,8.966539
-0.6197357,5.7786713,7.384247,0.39188075,-0.36031055,-0.38909006,0.2864592,-0.053717136,9.2151785
-0.65922546,5.7643127,7.392624,0.16625726,-0.26625967,-0.15397692,-0.15503383,0.052723885,9.497734
-0.6628113,5.69133,7.410568,0.15958607,-0.30901527,-0.030570984,-0.2117014,0.14904809,9.572429
-0.7393799,5.69252,7.3339996,0.22759843,-0.29873562,-0.031854153,-0.27083254,0.10951853,9.568502
-0.6412811,5.723633,7.330414,0.3649361,-0.25367355,-0.23492193,0.30223227,-0.07953882,9.412891
-0.5970154,5.699707,7.2502594,0.29436767,-0.3018446,-0.27065945,0.22394001,-0.095942974,9.3688545
-0.6460571,5.654236,7.2646027,0.23538232,-0.3538823,-0.103235245,0.177212,-0.2348361,9.483011
-0.64845276,5.724823,7.2143555,0.23677814,-0.30780792,-0.08906937,0.18623692,-0.20631504,9.521182
-0.7034912,5.7918243,7.430908,0.2407155,-0.2954378,-0.2885251,0.1707524,-0.08057928,9.367533
-0.71066284,5.6937256,7.470398,0.25988925,-0.17858744,-0.35273027,0.19697171,0.0511775,9.379523
-0.61854553,5.7260284,7.3782654,0.2799225,-0.2335844,-0.40150166,0.20498842,0.034570217,9.305744
-0.65682983,5.6985016,7.2394867,0.29813635,-0.21639204,-0.42040205,0.22302431,0.059158325,9.297524
-0.64367676,5.7427673,7.1700897,0.008425713,-0.0681591,-0.4788661,-0.052389085,0.22257185,9.380332
-0.66760254,5.7344055,7.6175537,-0.2674172,0.03359413,-0.5376215,-0.31973904,0.3476944,9.434423
-0.624527,5.741577,7.379471,-0.21988523,-0.021965504,-0.4897666,-0.27412218,0.27339792,9.434073
-0.74894714,5.7332,7.3459625,-0.22489512,-0.04972601,-0.48252583,-0.28245592,0.24627209,9.42527
-0.72262573,5.7092743,7.4285126,-0.27278125,-0.13735867,-0.46633863,-0.33790773,0.1675191,9.396157
-0.7405853,5.6937256,7.4680023,-0.11090684,-0.2327795,-0.37458277,-0.1789015,0.0322361,9.389812
-0.5587311,5.723633,7.450058,0.10011685,-0.2673807,-0.41707945,0.020652592,0.025074482,9.302254
-0.5515442,5.721237,7.227524,0.21622479,-0.30939817,-0.49635124,-0.08905101,-0.090628624,9.196158
-0.58026123,5.7344055,7.1724854,0.46411955,-0.34382343,-0.7040167,0.338611,0.13057756,8.971454
-0.6663971,5.7056885,7.208374,0.511794,-0.33515787,-0.6965337,0.38768739,0.13673401,8.975732
-0.6460571,5.638687,7.3256226,0.7184011,-0.35283613,-0.6144986,0.60173213,0.0797143,9.00057
-0.63290405,5.6733856,7.5146637,0.89734447,-0.33157682,-0.6111746,0.7827752,0.10394907,8.9910755
-0.64486694,5.6638184,7.470398,0.9854207,-0.26289558,-0.59374094,0.87828857,0.15531874,9.0338745
-0.59103394,5.720047,7.4153595,0.92210674,-0.2296195,-0.52959776,0.82713443,0.14722776,9.115526
-0.6699829,5.720047,7.453644,0.84367883,-0.26102257,-0.4113779,0.7645011,0.05472088,9.205234
-0.7046814,5.7140656,7.462021,0.6902039,-0.36767817,-0.2631545,0.62717223,-0.124752045,9.2852
-0.6927185,5.684143,7.348358,0.4702928,-0.39071417,-0.025897026,-0.5254836,0.035428524,9.495017
-0.6496582,5.724823,7.367508,0.33940256,-0.44472456,0.13272476,0.3271855,-0.43115425,9.612625
-0.6616211,5.69014,7.276581,-0.116898656,-0.45599937,-0.0022587776,-0.14489198,-0.376359,9.563822
-0.67237854,5.7332,7.409378,-0.17177832,-0.38718224,-0.13134241,-0.2138797,-0.24720192,9.506958
-0.58743286,5.6243286,7.381851,0.14054531,-0.33023214,-0.37596083,0.08165026,0.07108736,9.298286
-0.5886383,5.6362915,7.409378,0.13901323,-0.31857872,-0.34822655,0.0,0.0,0.0
-0.91645813,5.7595215,7.2849426,-0.18643731,-0.19606113,-0.47189236,0.0,0.0,0.0
-0.77407837,5.900696,7.2598267,-0.025557876,-0.061766148,-0.4899578,0.0,0.0,0.0
-0.61135864,5.700897,7.299301,0.14314109,-0.27254963,-0.4414382,0.0,0.0,0.0
-0.5539398,5.593216,7.5266266,0.19846797,-0.38756895,-0.20864868,0.0,0.0,0.0
-0.6759796,5.5681,7.581665,0.06458056,-0.40433168,-0.16120386,0.0,0.0,0.0
-0.5024872,5.6650085,7.380661,0.23717111,-0.3009758,-0.36726284,0.0,0.0,0.0
-0.55274963,5.741577,7.0384827,0.1874302,-0.24794912,-0.69120693,0.0,0.0,0.0
-0.7429657,5.7463684,7.2335052,5.5623055E-4,-0.25351858,-0.48782396,0.0,0.0,0.0
-0.79322815,5.7152557,7.3160553,-0.041926503,-0.28056574,-0.4076786,0.0,0.0,0.0
-0.7549286,5.723633,7.4081726,0.0014685392,-0.26666975,-0.31934452,0.0,0.0,0.0
-0.7346039,5.7559357,7.360321,0.026020646,-0.23100233,-0.36938858,0.0,0.0,0.0
-0.6197357,5.765503,7.4249268,0.14142013,-0.22124386,-0.3048787,0.0,0.0,0.0
-0.7010956,5.6602173,7.453644,0.05860144,-0.32497835,-0.27750683,0.0,0.0,0.0
-0.62571716,5.6482544,7.402191,0.13365126,-0.3328147,-0.33218384,0.0,0.0,0.0
-0.64486694,5.6769714,7.3878326,0.11294818,-0.30364943,-0.3470416,0.0,0.0,0.0
-0.61016846,5.7296143,7.348358,0.14589906,-0.25304604,-0.3851099,0.0,0.0,0.0
-0.7154541,5.7344055,7.319641,0.041501164,-0.2513237,-0.41136503,0.0,0.0,0.0
-0.7429657,5.7511444,7.3052826,0.016567588,-0.23802471,-0.42280626,0.0,0.0,0.0
-0.7776642,5.77388,7.328018,-0.015039623,-0.21704769,-0.3984027,0.0,0.0,0.0
-0.6699829,5.73201,7.3878326,0.0941143,-0.2595749,-0.3379326,0.0,0.0,0.0
-0.6663971,5.71286,7.356735,0.0944137,-0.2780099,-0.3699088,0.0,0.0,0.0
-0.5156555,5.6985016,7.3136597,0.23848599,-0.28943825,-0.4159093,0.0,0.0,0.0
-0.5922241,5.7021027,7.2059784,0.15268075,-0.2860422,-0.5243273,0.0,0.0,0.0
-0.64367676,5.7427673,7.1772766,0.101484716,-0.24739647,-0.55144024,0.0,0.0,0.0
-0.6903229,5.6985016,7.3423767,0.0542984,-0.28727007,-0.38979387,0.0,0.0,0.0
-0.6687927,5.637497,7.4368896,0.07308757,-0.33436394,-0.30629253,0.0,0.0,0.0
-0.68196106,5.641083,7.524231,0.055711567,-0.31931067,-0.22818375,0.0,0.0,0.0
-0.51086426,5.637497,7.7312164,0.22262532,-0.3101611,-0.031369686,0.0,0.0,0.0
-0.67237854,5.394623,7.8556366,0.047395527,-0.54565907,0.08612156,0.0,0.0,0.0
-0.8063812,5.493927,7.5421753,-0.107529104,-0.4638667,-0.21583271,0.0,0.0,0.0
-0.42352295,5.925827,7.3244324,0.25020486,-0.06534529,-0.41005754,0.0,0.0,0.0
-0.55633545,5.864807,7.1653137,0.0836314,-0.16854525,-0.53919744,0.0,0.0,0.0
-0.5898285,5.8983,7.097107,0.033905685,-0.16399193,-0.5859885,0.0,0.0,0.0
-0.5778656,5.848053,7.060028,0.028516471,-0.23794127,-0.6056986,0.0,0.0,0.0
-0.44984436,5.9365997,7.1485596,0.13083953,-0.17553759,-0.49833345,0.0,0.0,0.0
-0.3625183,5.921036,7.306488,0.19058245,-0.2100482,-0.3272705,0.0,0.0,0.0
-0.32901,5.9413757,7.1736755,0.20314378,-0.20504618,-0.4492302,0.0,0.0,0.0
-0.39959717,5.9066772,7.0779724,0.1184051,-0.25620985,-0.5326042,0.0,0.0,0.0
-0.49650574,5.888733,7.1928253,0.010398269,-0.28222084,-0.41196012,0.0,0.0,0.0
-0.5264282,5.7511444,7.338791,-0.02738747,-0.4172659,-0.26857805,0.0,0.0,0.0
-0.30389404,5.8420715,6.933197,0.18251407,-0.33209658,-0.6703181,0.0,0.0,0.0
-0.26081848,5.8612213,6.7812653,0.21551755,-0.3354907,-0.80452776,0.0,0.0,0.0
-0.12562561,6.0059814,6.6807556,0.34765053,-0.19775581,-0.89948416,0.0,0.0,0.0
-0.5084686,5.8121643,7.380661,-0.023207426,-0.34646273,-0.23552036,0.0,0.0,0.0
-0.7310028,5.6985016,7.812561,-0.23101458,-0.40830326,0.1557126,0.0,0.0,0.0
-0.6855469,5.6327057,7.7946167,-0.17317754,-0.43913507,0.110827446,0.0,0.0,0.0
-0.43310547,5.748749,7.628311,0.08516914,-0.31367826,-0.06251192,0.0,0.0,0.0
-0.2536316,5.799011,7.3878326,0.2566532,-0.27580023,-0.29374647,0.0,0.0,0.0
-0.28833008,5.91626,7.198807,0.20980328,-0.17979193,-0.46672726,0.0,0.0,0.0
-0.4785614,5.8923187,7.1234283,0.023732245,-0.20843077,-0.5380955,0.0,0.0,0.0
-0.54556274,5.89592,7.1485596,-0.035829306,-0.20018578,-0.5161686,0.0,0.0,0.0
-0.5407715,5.8576355,7.1198425,-0.024947941,-0.22449064,-0.5555763,0.0,0.0,0.0
-0.35414124,5.7846527,7.1413727,0.15995473,-0.28410387,-0.54473686,0.0,0.0,0.0
-0.37687683,5.79541,7.093521,0.14008379,-0.25283623,-0.6085472,0.0,0.0,0.0
-0.42712402,5.757126,7.1389923,0.09996927,-0.27323437,-0.5764022,0.0,0.0,0.0
-0.48693848,5.720047,7.196411,0.05904901,-0.27768087,-0.5430684,0.0,0.0,0.0
-0.4630127,5.69133,7.2682037,0.092589915,-0.28056479,-0.49054432,0.0,0.0,0.0
-0.52282715,5.5573273,7.483551,0.043212414,-0.37023926,-0.3083644,0.0,0.0,0.0
-0.48214722,5.5202484,7.594818,0.08992475,-0.37813663,-0.2187705,0.0,0.0,0.0
-0.5048828,5.468796,7.750351,0.07073593,-0.40371943,-0.08244038,0.0,0.0,0.0
-0.4390869,5.48555,7.799408,0.13939399,-0.3707595,-0.045296192,0.0,0.0,0.0
-0.47018433,5.4053802,7.7934265,0.10945618,-0.43882895,-0.060210705,0.0,0.0,0.0
-0.39959717,5.4999084,7.7431793,0.17862958,-0.3151102,-0.13220024,0.0,0.0,0.0
-0.4390869,5.4915314,7.6917267,0.13673711,-0.30849123,-0.19487906,0.0,0.0,0.0
-0.44865417,5.4676056,7.533798,0.119053006,-0.33394003,-0.35227537,0.0,0.0,0.0
-0.44506836,5.5094757,7.4883423,0.11242533,-0.305768,-0.38836575,0.0,0.0,0.0
-0.35772705,5.598007,7.310074,0.19290638,-0.23295546,-0.55548763,0.0,0.0,0.0
-0.41874695,5.67099,7.216751,0.12463522,-0.19117308,-0.6260905,0.0,0.0,0.0
-0.49291992,5.667404,7.155731,0.048472226,-0.21397543,-0.6728482,0.0,0.0,0.0
-0.5431671,5.5621185,7.196411,-0.001964569,-0.32953835,-0.62444973,0.0,0.0,0.0
-0.53359985,5.5166473,7.318451,0.0077780485,-0.3764205,-0.50133514,0.0,0.0,0.0
-0.41635132,5.6279144,7.381851,0.12261951,-0.25941706,-0.44242048,0.0,0.0,0.0
-0.40797424,5.6698,7.404587,0.12769973,-0.20938969,-0.4260311,0.0,0.0,0.0
-0.5204315,5.6159515,7.5302124,0.01692921,-0.2594614,-0.30312395,0.0,0.0,0.0
-0.47138977,5.5525513,7.5684967,0.06506133,-0.32127237,-0.26609373,0.0,0.0,0.0
-0.43429565,5.54895,7.536194,0.10278815,-0.32832527,-0.29576397,0.0,0.0,0.0
-0.5048828,5.6195374,7.454834,0.03531301,-0.26521635,-0.3712926,0.0,0.0,0.0
-0.5850525,5.6685944,7.4883423,-0.03915167,-0.22228289,-0.3327794,0.0,0.0,0.0
-0.6759796,5.684143,7.537384,-0.11931616,-0.21216393,-0.27888584,0.0,0.0,0.0
-0.83628845,5.556137,7.4680023,-0.273342,-0.34170723,-0.34665775,0.0,0.0,0.0
-0.7549286,5.65184,7.414154,-0.18355978,-0.24916553,-0.39750767,0.0,0.0,0.0
-0.776474,5.9641113,7.3363953,-0.17852896,0.044394016,-0.45910358,0.0,0.0,0.0
-0.9643097,6.094513,7.4273224,-0.3243639,0.13966608,-0.338027,0.0,0.0,0.0
-1.0863342,6.242874,7.787445,-0.38482815,0.2688899,0.042137623,0.0,0.0,0.0
-1.1976013,6.3338013,7.903488,-0.46585488,0.36282396,0.15865946,0.0,0.0,0.0
-1.8520508,6.3146515,7.932205,-1.0860506,0.34801388,0.18734407,0.0,0.0,0.0
-1.9202423,6.04068,7.561325,-1.1152356,0.06247282,-0.17064714,0.0,0.0,0.0
-1.5744781,5.95813,7.3088837,-0.7746097,-0.041697025,-0.40685844,0.0,0.0,0.0
-0.59580994,5.848053,6.744171,0.13745719,-0.19663143,-0.94312334,0.0,0.0,0.0
-0.11126709,6.150757,6.419937,0.5541544,0.060832024,-1.2377658,0.0,0.0,0.0
0.044265747,6.30867,6.43071,0.6375448,0.16927767,-1.1933484,0.0,0.0,0.0
-0.2524414,6.4366913,6.262024,0.2678786,0.21374702,-1.2993665,0.0,0.0,0.0
-0.48454285,6.4630127,5.9246216,0.017065942,0.19382286,-1.5997415,0.0,0.0,0.0
-0.47257996,6.4869385,5.9019012,0.015412837,0.14678478,-1.5636663,0.0,0.0,0.0
-0.5001068,6.4342957,5.9413757,-0.017289609,0.05995226,-1.4953594,0.0,0.0,0.0
-0.6520386,6.229721,6.440277,-0.16953298,-0.15749931,-0.9854207,0.0,0.0,0.0
-0.5120697,6.023926,7.12941,-0.022070527,-0.36789322,-0.29183912,0.0,0.0,0.0
-0.17347717,5.946167,7.6079865,0.31123132,-0.40521765,0.15175676,0.0,0.0,0.0
0.16151428,5.9844513,7.7515564,0.62151,-0.3178544,0.25224018,0.0,0.0,0.0
0.23210144,6.1663055,7.5708923,0.6753745,-0.12037754,0.05747032,0.0,0.0,0.0
-0.01675415,6.2596283,7.3208466,0.41667873,-0.025945663,-0.19407701,0.0,0.0,0.0
-0.2871399,6.283554,6.9714813,0.14378071,-0.008074284,-0.5385194,0.0,0.0,0.0
-0.24406433,6.212967,6.9020996,0.1714992,-0.08833742,-0.6006503,0.0,0.0,0.0
-0.16630554,6.197403,6.948761,0.23855561,-0.10795736,-0.55116606,0.0,0.0,0.0
-0.44506836,6.522827,6.805191,-0.035906345,0.20844841,-0.6869111,0.0,0.0,0.0
-0.51924133,6.61615,6.8147583,-0.099803716,0.29624844,-0.67211723,0.0,0.0,0.0
-0.63648987,6.5168457,7.1641083,-0.21256709,0.19944525,-0.32462454,0.0,0.0,0.0
-0.673584,6.39003,7.392624,-0.25370005,0.092264175,-0.11285639,0.0,0.0,0.0
-0.61016846,6.3708954,7.258621,-0.20207316,0.08405733,-0.2566638,0.0,0.0,0.0
-0.4055786,6.4737854,6.8566284,-0.019022405,0.1910572,-0.6632309,0.0,0.0,0.0
-0.42712402,6.5934296,6.4582214,-0.06856415,0.30207825,-1.0558133,0.0,0.0,0.0
-0.49531555,6.6508484,6.423538,-0.15537384,0.3414364,-1.0762048,0.0,0.0,0.0
-0.776474,6.6388855,6.4414825,-0.43855318,0.31935263,-1.0498257,0.0,0.0,0.0
-0.99302673,6.366104,6.422333,-0.64960635,0.031676292,-1.0561347,0.0,0.0,0.0
-0.58384705,6.172287,6.32901,-0.25151864,-0.17965221,-1.1350918,0.0,0.0,0.0
-0.28115845,6.0143585,6.459427,0.02766797,-0.33667755,-1.0064526,0.0,0.0,0.0
0.0657959,6.251251,6.6795654,0.3400266,-0.09195137,-0.7943201,0.0,0.0,0.0
0.0382843,6.2644043,7.0372925,0.30508292,-0.07147455,-0.44307137,0.0,0.0,0.0
-0.3026886,6.294327,7.0121613,-0.028684795,-0.033658504,-0.4746213,0.0,0.0,0.0
-0.059814453,6.374481,7.318451,0.21919641,0.064105034,-0.18299532,0.0,0.0,0.0
-0.17826843,6.291931,7.4321136,0.09957808,-0.0027813911,-0.0825243,0.0,0.0,0.0
-0.5276184,6.126816,7.438095,-0.24758905,-0.16199255,-0.081403255,0.0,0.0,0.0
-0.61735535,6.0023956,7.1641083,-0.30992553,-0.277874,-0.36145353,0.0,0.0,0.0
-0.3517456,5.995224,6.7094727,-0.050211817,-0.3086424,-0.7965741,0.0,0.0,0.0
-0.11843872,6.2153625,6.366104,0.16746417,-0.1156559,-1.1176682,0.0,0.0,0.0
0.032302856,6.5647125,6.1136627,0.30077565,0.20312548,-1.3447895,0.0,0.0,0.0
-0.40678406,6.45224,6.114853,-0.13698074,0.051934242,-1.3103528,0.0,0.0,0.0
-0.5024872,6.337387,6.1076813,-0.21819606,-0.073767185,-1.3076181,0.0,0.0,0.0
-0.086135864,6.4331055,6.344574,0.19864893,0.025166988,-1.0734859,0.0,0.0,0.0
-0.11843872,6.629318,6.357727,0.1482853,0.23401499,-1.0718989,0.0,0.0,0.0
-0.3062744,6.620941,6.4654083,-0.030972123,0.23714209,-0.97379255,0.0,0.0,0.0
-0.6915283,6.4785614,6.9954224,-0.40305933,0.10318327,-0.4504981,0.0,0.0,0.0
-0.8757782,6.077774,8.041077,-0.54690397,-0.25733805,0.5625348,0.0,0.0,0.0
-0.8542328,5.921036,8.224136,-0.4805614,-0.318285,0.6675739,0.0,0.0,0.0
-0.72502136,5.9234314,8.130814,-0.33533713,-0.2348175,0.50883865,0.0,0.0,0.0
-0.8159485,5.9533386,7.893921,-0.4213492,-0.17956924,0.2517929,0.0,0.0,0.0
-0.7393799,5.929413,7.631912,-0.34694335,-0.20350695,-0.010317802,0.0,0.0,0.0
-0.48693848,5.716446,7.1976166,-0.10259169,-0.4189868,-0.44300652,0.0,0.0,0.0
-0.18424988,5.6661987,6.850647,0.18754077,-0.4731784,-0.78742886,0.0,0.0,0.0
0.07537842,5.71167,6.5599213,0.40144092,-0.4453864,-1.0660038,0.0,0.0,0.0
0.24287415,5.9318085,6.55513,0.5465511,-0.25295687,-1.0492668,0.0,0.0,0.0
0.18544006,5.8827515,6.9978027,0.5013859,-0.30559587,-0.603179,0.0,0.0,0.0
0.1531372,5.8672028,7.198807,0.47637692,-0.31616068,-0.4059229,0.0,0.0,0.0
0.052642822,5.7475586,7.290924,0.39288834,-0.40564013,-0.3374939,0.0,0.0,0.0
0.18544006,5.8779755,7.176071,0.5290288,-0.24367476,-0.47753763,0.0,0.0,0.0
0.15194702,5.7762756,7.1198425,0.4927799,-0.32011843,-0.55402184,0.0,0.0,0.0
0.20817566,5.7762756,7.276581,0.54675084,-0.30096292,-0.41256285,0.0,0.0,0.0
-0.22013855,5.6733856,7.590027,0.12834656,-0.36818647,-0.12673044,0.0,0.0,0.0
-0.31825256,5.7355957,7.758728,0.048140973,-0.26303196,0.009366035,0.0,0.0,0.0
-0.3397827,5.75235,7.944168,0.03190705,-0.21801615,0.17326307,0.0,0.0,0.0
-0.5407715,5.8863373,7.915451,-0.16858059,-0.05804491,0.124675274,0.0,0.0,0.0
-0.7621155,5.9892426,7.819748,-0.38003916,0.065718174,0.013579845,0.0,0.0,0.0
-1.3459625,6.419937,7.545761,-0.95406044,0.49530315,-0.25907755,0.0,0.0,0.0
-1.4667969,6.479767,7.343567,-1.0643103,0.5349531,-0.44537258,0.0,0.0,0.0
-1.3974152,6.422333,7.1401825,-0.99545515,0.45679235,-0.6329212,0.0,0.0,0.0
-1.1066742,6.1459656,6.928421,-0.72578514,0.15187979,-0.8237562,0.0,0.0,0.0
-0.6544342,5.9413757,6.920044,-0.3017346,-0.06616974,-0.8230424,0.0,0.0,0.0
-0.27278137,5.75235,6.9547424,0.04061854,-0.26468468,-0.7826643,0.0,0.0,0.0
0.20936584,5.8408813,6.9834595,0.49572074,-0.17989874,-0.7520814,0.0,0.0,0.0
0.35533142,5.9102783,7.076767,0.6257043,-0.11053038,-0.65932655,0.0,0.0,0.0
0.5024872,5.9078827,7.2131653,0.7550775,-0.09982538,-0.5337062,0.0,0.0,0.0
1.0935211,5.4101715,7.728821,1.3088297,-0.5568447,-0.050559044,0.0,0.0,0.0
0.7680969,5.3611145,7.8137665,0.969139,-0.5729046,0.008807659,0.0,0.0,0.0
0.33499146,5.4113617,7.377075,0.5424695,-0.50876236,-0.43826056,0.0,0.0,0.0
-0.04067993,5.8779755,7.0671997,0.1873276,-0.051572323,-0.74041605,0.0,0.0,0.0
-0.47976685,5.8336945,7.0671997,-0.2278229,-0.102498055,-0.7346287,0.0,0.0,0.0
-0.28234863,5.9844513,7.2646027,-0.020139307,0.0625267,-0.54772377,0.0,0.0,0.0
-0.33259583,6.003586,7.384247,-0.06930059,0.09983206,-0.4417839,0.0,0.0,0.0
-0.53359985,6.1447754,7.482361,-0.26052096,0.26228046,-0.35932732,0.0,0.0,0.0
-0.6963043,5.9234314,7.421341,-0.41804507,0.04687357,-0.4246149,0.0,0.0,0.0
-0.85543823,5.9234314,7.3734894,-0.5677097,0.062191963,-0.48357582,0.0,0.0,0.0
-0.84825134,5.843277,7.204788,-0.56987345,-0.002532959,-0.66410017,0.0,0.0,0.0
-0.5694885,5.9234314,7.21196,-0.3001186,0.08315182,-0.6613469,0.0,0.0,0.0
-0.5790558,5.863617,7.178467,-0.31301025,0.029277802,-0.6993561,0.0,0.0,0.0
-0.55274963,5.7224426,7.4249268,-0.28570485,-0.096618176,-0.46415472,0.0,0.0,0.0
-0.48335266,5.5740814,7.4847565,-0.2189359,-0.22709322,-0.41757488,0.0,0.0,0.0
0.12322998,5.4664,7.7276154,0.37762886,-0.3155489,-0.1891222,0.0,0.0,0.0
0.3026886,5.36351,7.7443695,0.5511742,-0.40996075,-0.17874098,0.0,0.0,0.0
0.40438843,5.3395844,7.807785,0.6393498,-0.41640377,-0.12844706,0.0,0.0,0.0
0.43788147,5.2773743,7.7850494,0.6607244,-0.45851135,-0.16607237,0.0,0.0,0.0
0.59580994,5.441284,7.7647095,0.7764021,-0.26915503,-0.20577717,0.0,0.0,0.0
0.38046265,5.510666,7.564911,0.54884404,-0.19820261,-0.40696812,0.0,0.0,0.0
0.17945862,5.584854,7.4476624,0.33182162,-0.12393665,-0.52459383,0.0,0.0,0.0
-0.30029297,5.2989044,7.2466583,-0.14924924,-0.41661787,-0.72079897,0.0,0.0,0.0
-0.3062744,5.367096,7.3052826,-0.13457431,-0.3499446,-0.6606674,0.0,0.0,0.0
-0.39361572,5.544174,7.3172455,-0.2154224,-0.17295408,-0.648499,0.0,0.0,0.0
-0.5096741,5.819351,7.525421,-0.31268716,0.10416031,-0.44127083,0.0,0.0,0.0
-0.58026123,5.7870483,7.4979095,-0.3380295,0.072674274,-0.46812057,0.0,0.0,0.0
-0.6281128,5.736786,7.4979095,-0.36437866,0.02149868,-0.46678257,0.0,0.0,0.0
-0.5395813,5.641083,7.3914337,-0.26817086,-0.07502985,-0.5724082,0.0,0.0,0.0
-0.33021545,5.6889343,7.274185,-0.048597038,-0.03339529,-0.6848364,0.0,0.0,0.0
-0.25125122,5.517853,7.162918,0.026060522,-0.20872116,-0.7932019,0.0,0.0,0.0
-0.12322998,5.490326,7.2969055,0.14468235,-0.22921133,-0.6645961,0.0,0.0,0.0
-0.41993713,5.2630157,7.566101,-0.15131128,-0.44186926,-0.40588188,0.0,0.0,0.0
-0.3672943,5.2857513,7.7240295,-0.09183392,-0.3917241,-0.26726437,0.0,0.0,0.0
-0.28953552,5.296509,7.8544464,-0.012410611,-0.33845663,-0.16682243,0.0,0.0,0.0
0.010772705,5.3156586,7.7455597,0.2697386,-0.28547287,-0.29997635,0.0,0.0,0.0
-0.057434082,5.231903,7.728821,0.18953094,-0.35166693,-0.32928944,0.0,0.0,0.0
-0.13400269,5.2295074,7.9621124,0.1082786,-0.3407154,-0.10537243,0.0,0.0,0.0
-0.22851563,5.2127686,7.9537354,0.0027872473,-0.3108635,-0.14604092,0.0,0.0,0.0
-0.22612,5.17807,7.893921,0.0030800551,-0.33553886,-0.2127409,0.0,0.0,0.0
-0.16870117,5.296509,7.7563324,0.04695478,-0.19708061,-0.3642807,0.0,0.0,0.0
-0.119644165,5.326416,7.7658997,0.08991654,-0.16153479,-0.35868454,0.0,0.0,0.0
-0.21057129,5.2259216,7.869995,-0.0023075342,-0.2507267,-0.26224518,0.0,0.0,0.0
-0.11843872,5.1349945,7.9992065,0.09030411,-0.31936646,-0.14798641,0.0,0.0,0.0
-0.2416687,5.11586,7.931015,-0.03439589,-0.3242569,-0.22573376,0.0,0.0,0.0
-0.19621277,5.059616,7.8269196,0.010639876,-0.37119675,-0.33603764,0.0,0.0,0.0
-0.20817566,4.9507446,7.6749725,-0.0019950718,-0.48114014,-0.48728848,0.0,0.0,0.0
0.37806702,5.0691986,7.525421,0.58350694,-0.3635478,-0.6362848,0.0,0.0,0.0
0.43429565,5.206787,7.5708923,0.6274962,-0.22743225,-0.5901327,0.0,0.0,0.0
0.33738708,5.497513,7.880768,0.5029172,0.052211285,-0.2734747,0.0,0.0,0.0
0.102890015,5.474777,8.134399,0.26640254,0.020270348,-0.013730049,0.0,0.0,0.0
-0.15911865,5.3395844,8.372482,0.026745558,-0.098927975,0.21414757,0.0,0.0,0.0
-0.20817566,5.3108673,8.4179535,-0.021101832,-0.10784769,0.2464838,0.0,0.0,0.0
-0.23928833,5.395813,7.9956207,-0.06003484,-0.030417442,-0.17103577,0.0,0.0,0.0
-0.4630127,5.5537415,7.286148,-0.27405065,0.07433081,-0.8447027,0.0,0.0,0.0
-0.5479584,5.5453644,6.8817596,-0.3434815,0.016038895,-1.2148533,0.0,0.0,0.0
0.0143585205,5.5010986,6.948761,0.2196606,-0.047053814,-1.1349411,0.0,0.0,0.0
0.16390991,5.522629,7.055237,0.3442971,-0.06283951,-1.0033236,0.0,0.0,0.0
-0.18424988,5.0979156,7.001404,-0.029140115,-0.50602627,-1.0448475,0.0,0.0,0.0
-0.08135986,5.1756744,7.331604,0.079185545,-0.42761707,-0.7149935,0.0,0.0,0.0
0.1268158,5.235489,7.4392853,0.27661726,-0.3476901,-0.6214876,0.0,0.0,0.0
0.11366272,5.2450714,7.5972137,0.25763252,-0.32907343,-0.4699154,0.0,0.0,0.0
-0.14356995,5.4963074,7.895111,0.013322726,-0.041596413,-0.19669914,0.0,0.0,0.0
-0.058624268,5.1649017,8.608185,0.12916169,-0.29235458,0.46242046,0.0,0.0,0.0
-0.041870117,5.2211456,8.440689,0.15410651,-0.21786451,0.28292274,0.0,0.0,0.0
-0.28234863,5.2378845,8.050659,-0.06499252,-0.20595121,-0.10334587,0.0,0.0,0.0
-0.37806702,5.4879456,7.7838593,-0.14098522,0.022700787,-0.35526085,0.0,0.0,0.0
-0.47257996,5.4317017,7.7563324,-0.21236226,-0.06277561,-0.36237335,0.0,0.0,0.0
-0.20219421,5.4711914,7.755142,0.06407434,-0.039834023,-0.35214424,0.0,0.0,0.0
-0.122039795,5.4436646,7.433304,0.14696327,-0.10430193,-0.64865685,0.0,0.0,0.0
-0.08135986,5.5525513,7.3734894,0.19526026,-0.02844572,-0.68544006,0.0,0.0,0.0
-0.15553284,5.6075745,7.249054,0.13355213,-0.0054545403,-0.78715897,0.0,0.0,0.0
-0.24287415,5.7344055,7.367508,0.06663421,0.07927132,-0.6383686,0.0,0.0,0.0
-0.4019928,5.6650085,7.405792,-0.06897211,-0.0073051453,-0.5869756,0.0,0.0,0.0
-0.5898285,5.704483,7.7348022,-0.21013236,0.015010834,-0.24367619,0.0,0.0,0.0
-0.77049255,5.67218,7.6426697,-0.3577267,-0.031634808,-0.3239169,0.0,0.0,0.0
-0.624527,5.8911285,7.5601196,-0.17642918,0.14609861,-0.3748803,0.0,0.0,0.0
-0.5001068,5.9557343,7.269394,-0.041639805,0.17457056,-0.6387248,0.0,0.0,0.0
-0.58265686,5.9820557,7.081558,-0.12087324,0.17839003,-0.80986834,0.0,0.0,0.0
-0.7465668,5.9030914,7.083954,-0.28010276,0.07832241,-0.79163265,0.0,0.0,0.0
-0.7621155,5.9641113,7.009781,-0.24568576,0.06901789,-0.8101654,0.0,0.0,0.0
-0.7776642,5.8743744,6.949951,-0.24851507,-0.036453247,-0.8572569,0.0,0.0,0.0
-0.6927185,5.91626,7.1485596,-0.12041646,-0.04947281,-0.61371374,0.0,0.0,0.0
-0.7453613,5.8169556,7.1700897,-0.12970918,-0.1811657,-0.5638552,0.0,0.0,0.0
-0.8159485,6.0131683,7.009781,-0.1766401,-0.008225441,-0.704134,0.0,0.0,0.0
-0.8075714,6.0969086,6.9750824,-0.14770901,0.05062723,-0.7176056,0.0,0.0,0.0
-0.5694885,6.276367,7.0361023,0.10382277,0.20707035,-0.6372719,0.0,0.0,0.0
-1.2550354,6.1830597,6.9655,-0.5767323,0.10349035,-0.6992984,0.0,0.0,0.0
-1.3674927,6.440277,7.100708,-0.6726576,0.34943914,-0.5536556,0.0,0.0,0.0
-1.5744781,6.7716827,7.298111,-0.8303315,0.66289854,-0.33729267,0.0,0.0,0.0
-1.7192383,6.71904,7.199997,-0.8334293,0.56882954,-0.3868761,0.0,0.0,0.0
-1.8209381,6.3828583,7.2263184,-0.82128525,0.17907858,-0.30257225,0.0,0.0,0.0
-1.3974152,6.374481,7.2921295,-0.3343835,0.1404581,-0.20302248,0.0,0.0,0.0
