9.384644,-3.0257263,-1.5098724,0.50513893,-0.45461082,0.010566711,0.4914051,-0.35977745,9.50494
9.969696,-3.345169,-1.7611237,0.4313513,-0.38847065,-0.09814596,0.4136265,-0.24338341,9.465647
10.094116,-3.5162506,-2.038681,0.3162378,-0.32379103,-0.20529842,0.29268962,-0.13098907,9.426952
9.777069,-3.501892,-1.9980011,-0.029644012,-0.20273638,-0.2737589,-0.054001987,-0.0027079582,9.46901
8.620148,-3.2649994,-1.7407837,-0.17365575,-0.13556957,-0.41758394,-0.20670754,0.1334877,9.403706
8.293518,-3.172882,-1.6247253,-0.19662601,-0.13984346,-0.49706936,-0.23576874,0.17793322,9.339693
8.346161,-3.2326965,-1.6103668,-0.21883005,-0.18686056,-0.6406212,-0.26993835,0.22825336,9.199828
9.416946,-3.4959106,-1.8783722,-0.1624251,-0.18697262,-0.6501093,-0.2150675,0.23644781,9.188734
10.00679,-3.7160492,-2.1320038,-0.07418066,-0.20304346,-0.6771035,-0.12983316,0.24322176,9.151528
10.149155,-3.8033905,-2.3437653,-0.020006537,-0.28402805,-0.5863428,-0.07181722,0.12652636,9.171272
9.702896,-3.7782593,-2.3150635,-0.05829972,-0.32587624,-0.40998268,-0.09859431,-0.013501167,9.289179
9.107086,-3.5605164,-1.964508,-0.038213074,-0.30103397,-0.36214685,-0.074644804,-0.022072792,9.3406315
8.5950165,-3.3427734,-1.5302124,-1.02341175E-4,-0.26796007,-0.31211329,0.025995612,0.031770706,9.397345
8.4227295,-3.1405792,-1.1078796,0.057076156,-0.37012815,-0.2837739,0.023078918,-0.12344551,9.353871
9.1453705,-3.2207336,-1.2047882,0.057076156,-0.37012815,-0.2837739,0.023078918,-0.12344551,9.353871
9.908676,-3.4444733,-1.6510468,-0.075137496,-0.29262877,-0.27664042,-0.106081724,-0.067788124,9.416831
10.298706,-3.5413818,-2.005188,-0.075137496,-0.29262877,-0.27664042,-0.106081724,-0.067788124,9.416831
9.856033,-3.493515,-1.976471,-0.075137496,-0.29262877,-0.27664042,-0.106081724,-0.067788124,9.416831
8.986252,-3.3272247,-1.8269196,-0.0952453,-0.20503998,-0.35340548,-0.13062507,0.05003643,9.411123
8.307877,-3.176468,-1.627121,-0.13446712,-0.19389343,-0.48702526,-0.17906815,0.14107895,9.315834
8.145172,-3.139389,-1.4560394,-0.05461842,-0.22884655,-0.44671345,-0.098762274,0.08953476,9.319684
8.288742,-3.1752777,-1.401001,0.0029491782,-0.25481367,-0.5204997,0.07705414,-0.097976685,9.240681
9.47319,-3.329605,-1.6857452,0.014829814,-0.2562251,-0.564569,-0.039905906,0.14147568,9.204155
9.990036,-3.427719,-2.1846466,-0.028422236,-0.28649187,-0.55399275,-0.08395147,0.11162186,9.198139
9.360718,-3.6801605,-2.6667938,0.07519531,-0.38440323,-0.49070263,0.01879239,-0.0035061836,9.179081
9.065201,-3.6969147,-2.7026978,0.076560736,-0.29815435,-0.3921423,-0.029597163,-0.012847424,9.309165
8.488541,-3.7543335,-2.4059906,0.14535362,-0.3549285,-0.4167943,-0.098989725,-8.5258484E-4,9.248958
8.535202,-3.6263275,-2.0697937,0.16847485,-0.34657383,-0.46977806,0.11547968,0.014649391,9.210297
8.846268,-3.3116608,-1.8412781,0.10691249,-0.38531113,-0.35818863,0.059655547,-0.08424759,9.279831
9.205185,-3.0675964,-1.6797638,0.10582286,-0.34538603,-0.28855228,0.06544036,-0.095632076,9.359074
9.389435,-2.9658966,-1.5553284,-0.016798854,-0.19969273,-0.24980116,-0.04632306,-0.004676342,9.489803
9.454041,-2.9814606,-1.3842468,-0.021344721,-0.23761559,-0.27740145,-0.055808067,-0.017279148,9.445464
9.3511505,-3.073578,-1.2586212,0.019117832,-0.2496872,-0.3068447,0.015963078,0.0132956505,9.411136
9.286545,-3.2817535,-1.2969055,0.17656946,-0.35938025,-0.4049716,0.122969985,-0.033940315,9.25162
9.198013,-3.406189,-1.6115723,0.1806199,-0.3487482,-0.4737773,0.12238881,0.017095566,9.203789
9.031708,-3.5126648,-1.931015,0.1525678,-0.32346344,-0.46592712,0.096514285,0.032802105,9.228203
8.715851,-3.5772705,-2.0614166,0.09230596,-0.32124758,-0.3917384,0.041828215,-0.010750294,9.293509
8.700302,-3.5724792,-2.0829468,-0.03260106,-0.26942062,-0.36643267,-0.07787919,0.015252113,9.357624
9.010178,-3.6418762,-2.0733795,-0.08456844,-0.2631235,-0.47910166,0.15736842,-0.049158573,9.278689
9.282959,-3.723236,-2.0685883,-0.07946414,-0.2770877,-0.44874763,-0.13195944,0.061522007,9.293552
9.363113,-3.7244263,-2.120041,-0.08858788,-0.25052738,-0.40069628,-0.13610375,0.053166866,9.348593
9.312866,-3.8129578,-2.2552338,-0.05564201,-0.22703075,-0.36991262,-0.09966749,0.052421093,9.383811
9.162125,-3.7519531,-2.182251,0.040436268,-0.29343987,-0.42766142,-0.013486981,0.036015034,9.287848
8.93959,-3.6299133,-1.7934265,0.0057532787,-0.25862217,-0.4159069,-0.044472337,0.05653715,9.322168
8.894119,-3.5282135,-1.3387909,0.05739081,-0.2610278,-0.2839465,0.01696217,-0.02789545,9.4180765
9.181259,-3.4839478,-1.1497498,0.13744318,-0.30093575,-0.35245943,-0.09004688,-0.008077145,9.331775
9.6311035,-3.509079,-1.3710938,-0.020424247,-0.25939178,-0.5063286,-0.0772357,0.11333418,9.254147
9.997208,-3.5724792,-1.5481567,0.01644361,-0.23641539,-0.5952678,-0.046028197,0.18729973,9.195662
9.836899,-3.5317993,-1.6665955,0.050287127,-0.2951727,-0.57125807,-0.014845014,0.12674713,9.174427
9.537796,-3.5030975,-1.689331,0.047135115,-0.272254,-0.44843054,-0.0069928765,0.06796503,9.28438
8.8989105,-3.4372864,-1.660614,0.028746724,-0.2282052,-0.5129633,-0.027400553,0.14316988,9.263708
8.695511,-3.5066833,-1.8496552,0.10904741,-0.26511526,-0.5600791,0.04564631,0.14336777,9.195726
9.055634,-3.5306091,-2.1403809,0.08040857,-0.2928834,-0.46842146,-0.0033849478,-0.06826019,9.252581
9.384644,-3.5880432,-2.342575,0.10956991,-0.30670452,-0.21217251,0.0688723,-0.10765219,9.439557
9.383453,-3.6071777,-2.2755737,0.12798107,-0.32954073,-0.10788536,0.09379825,-0.19160986,9.504818
9.180069,-3.6466675,-2.1116638,0.11187923,-0.32457352,-0.1191411,0.07699904,-0.18101215,9.501093
9.067596,-3.5377808,-1.902298,0.01790464,-0.29721403,-0.21028042,-0.021567047,-0.10160446,9.457242
9.089142,-3.419342,-1.6917267,0.037959695,-0.32553768,-0.32021093,-0.0122567415,-0.055556774,9.351992
9.16571,-3.1992035,-1.4871368,0.03372693,-0.2936244,-0.29255676,-0.011876762,-0.047682762,9.393702
9.126221,-3.1908264,-1.4931183,0.036929727,-0.27197695,-0.40820646,-0.015651345,0.041601658,9.31676
8.914459,-3.2362976,-1.6570282,0.041957498,-0.2713008,-0.5317707,-0.019949973,0.11978912,9.220649
8.9240265,-3.3403778,-1.7252197,0.055945158,-0.27497482,-0.61708593,0.058921933,-0.16030836,9.150628
8.941971,-3.348755,-1.7479553,0.06095636,-0.3050065,-0.5205097,0.027544737,-0.08289242,9.206613
9.123825,-3.3750763,-1.7001038,0.02464211,-0.31455994,-0.43339014,-0.033809125,0.026102543,9.272274
9.260223,-3.3798676,-1.7348022,0.022976518,-0.3039465,-0.34270763,-0.027887583,-0.022621632,9.349408
9.259033,-3.4073792,-1.7419739,0.06424129,-0.32513046,-0.41157818,0.006210506,0.0029764175,9.27827
8.963516,-3.426529,-1.9250183,0.038324475,-0.32359743,-0.4101119,-0.01933235,0.0035600662,9.283211
8.740982,-3.4085693,-1.9034882,0.022783637,-0.35804272,-0.31762695,-0.030768454,-0.08111572,9.3354025
8.632111,-3.399002,-1.9238281,-0.011727095,-0.30601406,-0.25474644,-0.055981755,-0.079592705,9.420375
8.673981,-3.3726807,-1.7934265,0.033983707,-0.3369112,-0.2986617,-0.0164209,-0.077310085,9.36211
8.953949,-3.4899292,-1.709671,0.034633875,-0.30216646,-0.42909622,-0.02253449,0.03133869,9.282114
9.332001,-3.529419,-1.853241,-1.1956692E-4,-0.3235798,-0.47358894,-0.062427938,0.043555737,9.238147
9.560516,-3.5700989,-1.9369965,-0.0066592693,-0.32232666,-0.4699216,-0.068778336,0.0425992,9.242541
9.43251,-3.4169464,-1.8281097,0.03170097,-0.32891607,-0.39508057,0.022106528,0.016727924,9.292344
9.255432,-3.3391876,-1.7407837,0.12942386,-0.3182454,-0.32689095,0.07738966,-0.0467,9.341122
8.787643,-3.156128,-1.3387909,0.11682093,-0.32566452,-0.33691406,0.063446015,-0.046112537,9.330137
8.812759,-3.1800537,-1.2430725,0.0071561337,-0.28304625,-0.44611216,-0.05004126,0.057969093,9.283852
9.001801,-3.2039948,-1.2705841,0.026765227,-0.31662846,-0.4530244,-0.034309566,0.035987377,9.255535
9.780655,-3.385849,-1.6319122,0.0966202,-0.28713894,-0.39381504,-0.034707785,-0.031093597,9.3119755
9.980469,-3.4289093,-1.9214325,0.10910225,-0.32196474,-0.36145306,0.0537014,-0.027431011,9.31413
9.63829,-3.4588318,-1.8807526,-0.005184889,-0.26354933,-0.413383,-0.05866164,0.05347252,9.322844
9.148956,-3.4468536,-1.7802582,-0.01937139,-0.2673025,-0.44532776,-0.07563579,0.07111263,9.297371
9.120239,-3.275772,-1.8173523,0.07043624,-0.29977083,-0.41778755,0.012527823,0.026520729,9.288471
9.225525,-3.4229279,-1.8364868,0.09793103,-0.319901,-0.3364029,-0.05386448,0.02705574,9.336053
9.521042,-3.875183,-2.0410767,0.03288734,-0.33793926,-0.33722162,-0.0220474,-0.053246498,9.331591
9.759125,-3.9445648,-2.1511536,0.019488335,-0.30770302,-0.3681302,-0.034875393,-0.010163307,9.327839
9.826126,-3.728012,-2.169098,0.16725838,-0.3441391,-0.39770222,0.10653305,-0.023754597,9.265669
9.311676,-3.4456635,-1.6510468,0.20097518,-0.40885115,-0.4633808,-0.13378513,-0.003821373,9.170758
8.993423,-3.274582,-1.434494,0.10511267,-0.25939465,-0.48718596,0.04549557,0.100036144,9.255645
8.818741,-3.1669006,-0.92004395,-0.006226301,-0.21958542,-0.40526915,-0.05601394,0.08307791,9.356695
9.292526,-3.1884308,-0.9654999,-0.057808995,-0.21277714,-0.36394644,-0.10391319,0.063985825,9.398998
9.738785,-3.2996979,-1.2765656,-0.0038040876,-0.33035183,-0.26627398,-0.054861724,-0.09057903,9.395756
9.90509,-3.460022,-1.6701965,-0.023070335,-0.3411684,-0.21375561,0.030306578,0.14670372,9.432245
9.426529,-3.5748749,-1.915451,-0.01020968,-0.32902098,-0.25789976,-0.06091255,-0.09517288,9.40403
9.177673,-3.4779663,-1.9656982,-0.050586462,-0.28095865,-0.32883072,-0.10156423,-0.012026787,9.383369
8.682358,-3.3690948,-1.6797638,0.038469434,-0.2827506,-0.44415712,-0.02186793,0.05604458,9.282166
8.539978,-3.3631134,-1.3399811,0.075270295,-0.30567646,-0.487298,0.009091556,0.064210415,9.230145
8.731415,-3.406189,-1.421341,0.09417963,-0.3103447,-0.49465847,0.026574075,0.064918995,9.219326
9.426529,-3.6550293,-1.9680939,0.014937162,-0.28975153,-0.4490633,-0.046809852,0.05514288,9.276928
9.479172,-3.6347046,-2.121231,0.021762013,-0.2788639,-0.36563492,-0.033111632,0.011013031,9.34762
9.273376,-3.6059875,-2.0374908,0.06352055,-0.31671953,-0.36280155,0.0044531226,-0.021805763,9.321392
8.687149,-3.3332062,-1.5385895,0.09653783,-0.30950832,-0.34052038,0.038896322,-0.031300068,9.3391285
8.656036,-3.2315063,-1.2753754,0.015802622,-0.2626052,-0.6661029,-0.060600728,0.2143135,9.125988
8.916855,-3.1381836,-1.3220367,0.041221738,-0.26898193,-0.67336655,-0.037702233,0.2142334,9.113718
9.158524,-3.1800537,-1.5266266,0.15455925,-0.3380437,-0.36258173,-0.0965029,0.009029388,9.29652
9.1035,-3.2841492,-1.8137665,0.2103101,-0.3705964,-0.1836195,0.15301949,-0.18028784,9.40744
9.017349,-3.3176422,-1.8029938,0.20188165,-0.37470388,-0.11254215,0.14965624,-0.22853804,9.4614
8.85704,-3.3176422,-1.7072754,0.093609214,-0.33316135,-0.15069962,0.044177294,-0.1680088,9.471552
8.915649,-3.1178436,-1.5134583,0.026491046,-0.33652735,-0.42508173,-0.044019103,0.0047926903,9.265644
8.970688,-3.1202393,-1.4811554,0.0031210184,-0.28084326,-0.41927004,-0.060610652,0.0458436,9.307758
9.2973175,-3.1621094,-1.5014954,0.007928848,-0.29335928,-0.39970493,-0.057162642,0.024559498,9.3147
9.454041,-3.3547363,-1.6283112,0.052291512,-0.2984047,-0.39652252,-0.013899922,0.016852856,9.308119
9.397812,-3.4552307,-1.8017883,0.04968655,-0.2796197,-0.40961552,0.028873682,-0.0318141,9.310066
8.962311,-3.5581207,-1.7958069,0.084825635,-0.31245518,-0.51066446,0.0072855353,0.07719278,9.206993
8.912064,-3.6275177,-1.5972137,0.0974555,-0.3153739,-0.43796825,0.024657488,0.028645992,9.259525
9.343979,-3.661026,-1.5337982,0.08955288,-0.2819395,-0.38455868,0.024785817,0.021107674,9.322568
9.865601,-3.6083832,-1.6342926,0.02614355,-0.28620577,-0.29434967,-0.031704903,-0.036427975,9.3981085
9.924225,-3.5569305,-1.8029938,0.05051589,-0.28011703,-0.31578112,-0.0087323785,-0.019402027,9.382053
9.421738,-3.4504547,-1.8029938,0.044067144,-0.2968607,-0.32579136,0.007178545,0.03061533,9.364815
8.860626,-3.5772705,-1.6199341,0.03484249,-0.2994151,-0.34910154,-0.02955556,-0.012374401,9.346533
9.007782,-3.7256317,-1.5684967,-0.03318703,-0.27760124,-0.36129713,-0.0952099,0.0155649185,9.360116
9.645462,-3.6598206,-1.701294,0.079977274,-0.29833603,-0.40492153,0.010648608,0.021909714,9.297956
9.9015045,-3.5808563,-1.7922211,0.04859793,-0.30248356,-0.47701836,-0.026626408,0.06631899,9.244247
9.830917,-3.402588,-1.7455597,0.05756116,-0.2965312,-0.56611156,-0.024254203,0.12744045,9.178241
9.136993,-3.419342,-1.5912323,0.0027204752,-0.27801657,-0.44071627,-0.06653261,0.06489754,9.293919
8.507675,-3.4648132,-1.5230255,-0.001131773,-0.3007388,-0.31566572,-0.0632081,-0.032113075,9.376461
8.346161,-3.603592,-1.5170441,0.102023125,-0.32339478,-0.24051857,0.04230243,-0.10247946,9.405963
8.933609,-3.6765747,-1.5924225,0.089215994,-0.31843185,-0.28560162,0.026676536,-0.06977272,9.376132
9.686142,-3.5820618,-1.8089752,-0.04847896,-0.304039,-0.40561914,-0.11754966,0.023461819,9.311728
9.919449,-3.4205475,-1.9393768,-0.003083825,-0.28212118,-0.32396555,-0.06371194,-0.013061047,9.382002
9.077179,-3.3128662,-1.6127625,0.08265662,-0.39883137,-0.25864744,0.011992335,-0.14863634,9.347781
8.762512,-3.3176422,-1.5505524,0.27746713,-0.32430172,-0.29762316,-0.22381258,-0.0056352615,9.336952
8.5256195,-3.3379822,-1.4488525,0.44987333,-0.43114614,-0.24168968,-0.4200127,0.05359316,9.289539
8.915649,-3.238678,-1.3579254,0.38329387,-0.5048461,0.15075827,0.32916504,-0.5028615,9.555069
9.183655,-3.2147522,-1.3292084,1.3655385,-0.99595165,0.9588008,1.2877821,-1.4529564,9.726345
9.633499,-3.152542,-1.4775696,1.7268895,-1.2727995,0.7328024,1.5631863,-1.5589528,9.291596
9.4743805,-3.2686005,-1.6917267,1.186022,-0.9436002,0.60958385,0.963791,-1.2544103,9.398994
9.342773,-3.3009033,-1.8161469,0.60072684,-0.7052417,0.5314822,0.42999643,-0.9469576,9.563576
8.8367,-3.4169464,-1.9573364,0.3676288,-0.5429168,0.017957687,0.14704302,-0.4204688,9.325177
8.617752,-3.3427734,-1.881958,0.41780257,-0.473701,-0.30747175,0.16848978,-0.10489464,9.132782
8.711075,-3.2195435,-1.7647095,0.5159769,-0.6281967,-0.07222557,0.18672329,-0.35622168,9.096496
9.025726,-3.225525,-1.7180481,-0.5434785,-0.37569904,-1.3776717,1.3283539,-0.38744926,9.158687
9.387039,-3.3068848,-1.7802582,-0.8366475,-0.25738478,-2.6901994,-1.1126097,2.467349,8.983433
9.568893,-3.5126648,-1.9872437,-0.6823554,-0.20969725,-2.6152854,-0.9415862,2.446641,9.116244
9.3703,-3.5928192,-2.0817566,-0.6122103,-0.12873268,-1.9545212,-0.75326145,1.8784516,9.466734
9.025726,-3.5796661,-1.9836426,-0.49335766,-0.26586103,-1.0875571,-0.6465882,1.0100486,9.564595
8.852249,-3.522232,-1.6031952,-0.13260031,-0.47956228,-0.16999602,0.3189956,0.23251045,9.459316
9.157333,-3.3762665,-1.3663025,-0.24409056,-0.66106606,0.14016318,-0.5678076,-0.27898097,9.466065
9.55574,-3.3427734,-1.2538452,-0.49611282,-0.31007576,-0.93578005,-0.63500315,0.8840724,9.62459
9.82373,-3.373886,-1.4691925,-0.43618965,-0.27091932,-0.9948027,-0.5627275,0.9511421,9.627884
9.7005005,-3.451645,-1.5349884,-0.47054625,-0.30013418,-1.0129061,-0.60333854,0.97285575,9.642312
9.2973175,-3.4863434,-1.7001038,-0.77583075,-0.29124928,-0.9457935,1.2499743,-0.119089305,9.874817
9.08316,-3.4121704,-1.6534424,-0.7011328,-0.2645936,-0.87930834,-0.7447384,0.8805761,9.875433
9.041275,-3.4133606,-1.6534424,-0.20934153,-0.43154192,-0.5696589,-0.44698885,0.51348567,9.5048275
9.193222,-3.385849,-1.8053894,-0.84069014,-0.17227507,-5.9358287,4.698496,-3.6805146,9.216353
9.333206,-3.4540405,-2.1140594,-1.0788941,-0.26947594,-3.4557006,3.1661081,-1.774885,9.743071
9.263809,-3.5593262,-2.1068878,-0.8796644,-0.22547436,-2.4748268,2.3409464,-1.2119882,9.784944
9.074783,-3.6011963,-2.1798553,-1.0910635,-0.15544319,-1.5974398,-0.9764244,1.6560122,10.072385
8.809174,-3.653839,-2.0614166,-1.328196,0.018150806,-1.1968391,-1.0552012,1.309782,10.41318
8.943176,-3.6801605,-2.0697937,-1.7078366,0.2068162,-0.17609978,-1.2145635,0.3762673,10.978719
9.407379,-3.549759,-2.1032867,-1.5526948,-0.05823517,0.2265997,0.8519633,0.9172287,10.754517
9.382263,-3.2410736,-1.8939209,-1.1593671,-0.20340252,-0.323673,1.0340557,0.46609497,10.2580385
9.169296,-3.1980133,-1.680954,-0.8122759,-0.47988653,-0.33345413,-0.9627702,0.2724011,9.7946005
8.860626,-3.1453705,-1.3555298,-0.22953224,-0.8078122,-0.24793363,-0.6531582,0.0033478737,9.223477
8.932404,-3.2027893,-1.4596252,0.43168068,-1.0435243,-0.279665,-0.20030373,-0.19990087,8.67819
9.5234375,-3.4648132,-1.6390839,0.7189641,-1.0428257,-0.27421618,0.104742914,-0.3386836,8.560091
9.683746,-3.5102692,-1.7826538,0.8767562,-0.95366716,-0.29077196,0.32044378,-0.37313557,8.573436
9.5234375,-3.4013977,-1.8484497,0.89401174,-0.8215637,-0.6925006,0.41289562,-0.03365445,8.471672
9.119049,-3.3666992,-1.8400879,0.86400366,-0.78001165,-0.45378733,0.44239435,-0.24059963,8.663304
8.554337,-3.3260193,-1.8520508,0.68245125,-0.62152386,-0.17932606,-0.5137656,0.10550904,9.0262
8.480164,-3.3930206,-2.005188,0.5619683,-0.6195226,-0.19307375,0.278345,-0.34271383,9.070468
8.573486,-3.5258179,-2.116455,0.24312067,-0.56572294,-0.08984566,0.02199471,-0.34230852,9.287456
9.192032,-3.8285217,-2.3365936,0.063426256,-0.4286785,0.23326254,-0.07172635,-0.46438313,9.660353
9.504288,-3.8548431,-2.2456665,-0.17276335,-0.28897715,0.24079323,-0.23928836,-0.336627,9.834213
9.442078,-3.625122,-2.0889282,-0.2167046,-0.31506205,0.14428759,-0.29424244,-0.28033447,9.763321
9.107086,-3.3595276,-1.7060852,-0.13788795,-0.39879942,0.23353386,-0.23547524,-0.41789913,9.756613
8.683548,-3.1836548,-1.5098724,-0.13946295,-0.315197,0.16551733,-0.2086125,-0.31765127,9.76454
8.539978,-3.2398834,-1.4572296,-0.07680917,-0.31217337,-0.048687458,-0.15992445,-0.18593025,9.593164
8.792419,-3.3200378,-1.5912323,0.06847453,-0.4017067,-0.24878216,-0.0139606,0.15697551,9.355968
9.635895,-3.419342,-1.6462555,0.09213996,-0.38995504,-0.30690145,-0.024558514,-0.109447,9.31455
9.856033,-3.3762665,-1.5960083,0.23692298,-0.35112524,-0.24870968,0.13427901,-0.13948727,9.355217
9.800995,-3.3260193,-1.4237366,0.29102552,-0.3455658,-0.3655963,0.1826694,-0.06904125,9.259258
9.270996,-3.399002,-1.529007,0.23856008,-0.27346373,-0.35458612,-0.14509892,-0.04472065,9.322533
8.981461,-3.427719,-1.7527466,0.25961912,-0.26743317,-0.25346756,0.18158245,-0.076796055,9.401313
8.650055,-3.6873322,-2.0231323,0.32391536,-0.25160313,-0.23109245,0.25010645,-0.08594704,9.417177
8.983856,-3.7375946,-2.1104736,0.32229495,-0.27007675,-0.42759466,0.23137644,0.024429798,9.253912
9.176468,-3.5485535,-2.0362854,0.20963109,-0.25545168,-0.45344687,0.122284025,0.0651803,9.262947
9.379868,-3.3104706,-1.8568268,0.1957016,-0.2182064,-0.45427275,-0.06933069,-0.1346221,9.287664
9.047256,-3.3260193,-1.7240295,0.19666135,-0.2451315,-0.44128275,0.112407565,0.06910133,9.281212
9.023331,-3.5796661,-1.9190369,0.11688316,-0.21853685,-0.45064878,0.039218366,0.104748726,9.304661
9.343979,-3.8273163,-2.2492523,0.08909011,-0.22963905,-0.48588228,0.007648498,0.12214613,9.2758255
9.681366,-3.653839,-2.4203339,0.054393172,-0.21888256,-0.4652896,-0.022248626,0.12122774,9.304483
9.037689,-3.115448,-1.804184,0.035191417,-0.23108435,-0.3750167,-0.037041098,0.0567832,9.369982
8.720642,-2.987442,-1.5397797,0.028646827,-0.25755835,-0.44015455,-0.05335468,0.07897949,9.304846
8.488541,-3.1788635,-1.2299042,-0.02166295,-0.24124384,-0.4742365,-0.10188842,0.11959934,9.297845
9.080765,-3.5581207,-1.524231,-0.100782156,-0.20046377,-0.52257156,-0.17431721,0.19092607,9.300108
9.929016,-3.7818604,-2.0063782,-0.0574013,-0.21986866,-0.40629673,-0.12803501,0.098049164,9.369948
10.21257,-3.7878418,-2.1858368,-0.058764458,-0.23417807,-0.41122103,-0.13261575,0.09105396,9.357744
9.7495575,-3.5784607,-1.902298,-0.05462289,-0.20630264,-0.52863216,0.1967156,-0.11746764,9.284635
8.9730835,-3.2602234,-1.4584198,-0.022309065,-0.23389196,-0.55076504,-0.10687438,0.17857265,9.2451935
8.373688,-2.9814606,-1.1030884,-0.0064662695,-0.2616248,-0.5212884,-0.095071316,0.13709259,9.247725
8.394028,-2.967102,-1.0372925,0.040289164,-0.2757311,-0.50009346,-0.050928354,0.107616425,9.246678
8.701492,-3.053238,-1.179657,0.020007133,-0.27627754,-0.5102973,-0.07161108,0.116351604,9.242321
9.584457,-3.3511505,-1.6689911,0.015354633,-0.2486782,-0.455853,-0.06695777,0.10295391,9.301877
10.262817,-3.640686,-2.2073822,0.08779621,-0.22401142,-0.40528727,0.012001097,0.08077526,9.342454
10.069,-3.6071777,-2.1547394,0.06610143,-0.28211784,-0.41328812,-0.022190154,0.044524193,9.304363
8.687149,-3.451645,-1.5613098,0.048779845,-0.26384258,-0.37055397,-0.032489687,0.032687664,9.351481
8.141586,-3.497116,-1.2705841,0.020126462,-0.20636415,-0.32466984,0.061508417,-0.02776575,9.427378
8.158325,-3.5258179,-1.262207,0.017481089,-0.2824564,-0.32100964,-0.06358999,-0.009804726,9.383573
9.064011,-3.7579346,-1.8472595,0.08596325,-0.3080759,-0.39605808,-0.0070296824,0.011143208,9.297742
9.711273,-3.7782593,-2.2432709,0.08101237,-0.2506857,-0.39373207,3.1739473E-4,0.053884506,9.335983
10.00679,-3.8022003,-2.3844452,0.046164036,-0.2507801,-0.4691167,-0.038728535,0.10649395,9.284873
9.920639,-3.6825562,-2.1942139,0.06165254,-0.23744345,-0.40530062,0.043912172,-0.06163931,9.338974
9.553345,-3.225525,-1.6199341,0.0919013,-0.27356434,-0.3745699,0.008046538,0.023234367,9.334441
9.0221405,-3.0927277,-1.3997955,0.07361233,-0.33786058,-0.37763834,-0.023056686,-0.021549702,9.295589
8.676376,-2.9312134,-1.0037842,0.04491055,-0.27750587,-0.41384363,-0.04105082,0.050691605,9.310629
9.043671,-3.0628204,-1.1174469,0.09905076,-0.21425056,-0.4927845,0.019536138,0.14325666,9.279728
9.347565,-3.1692963,-1.3531342,0.07707918,-0.23282623,-0.46964502,-0.0038324594,0.11696482,9.289911
9.829712,-3.2853394,-1.9872437,0.08031976,-0.280344,-0.4531951,-0.009167165,0.07009745,9.272393
9.487549,-3.2350922,-2.0195465,0.055983067,-0.29595947,-0.41289425,-0.033507705,0.035131454,9.297876
9.259033,-3.2853394,-1.8831482,-0.012688875,-0.27597952,-0.39387512,-0.09548646,0.045691013,9.337334
9.0711975,-3.345169,-1.8352966,0.041026354,-0.30532122,-0.37175083,-0.04767528,0.003121376,9.326212
9.178864,-3.270996,-2.013565,0.06068659,-0.30378485,-0.3830595,0.03045082,0.0021891594,9.314949
8.965912,-3.1262207,-2.0171509,0.105700016,-0.3074398,-0.43187952,0.010734558,0.032784462,9.267186
8.556732,-3.0508423,-1.8951111,0.07120323,-0.1990161,-0.36862803,0.0036329627,0.0781641,9.388989
8.470596,-3.1800537,-1.7647095,0.03360057,-0.21092701,-0.32005167,-0.03194478,0.04199505,9.42551
8.910873,-3.460022,-1.6773682,0.11945033,-0.2648096,-0.30486822,0.042135328,-0.01832056,9.38805
9.622742,-3.6131592,-1.763504,0.1467551,-0.31646585,-0.2636757,-0.090114355,0.05779791,9.382678
9.908676,-3.5521393,-1.8843536,0.10818148,-0.29522657,-0.22840357,0.031221986,-0.0898633,9.429849
9.6263275,-3.522232,-1.7001038,0.10184145,-0.3005433,-0.2464261,0.023294866,-0.08195305,9.414012
8.945572,-3.3870392,-1.6019897,0.10726476,-0.3264737,-0.3546791,0.016251832,-0.033006668,9.314172
8.414368,-3.1429749,-1.257431,0.10126376,-0.28018284,-0.4942317,0.010061115,0.092567444,9.237132
8.600998,-3.0029907,-1.1581268,0.079116225,-0.23862219,-0.52056694,-0.004999399,0.14409304,9.246828
9.052048,-3.0113678,-1.2502441,0.16083467,-0.2640648,-0.4288149,0.07683337,0.057737827,9.286802
9.615555,-3.2925262,-1.5349884,0.20533049,-0.30093575,-0.46458817,-0.08520818,-0.08624005,9.228838
10.00798,-3.6717834,-1.9525452,0.20017898,-0.32711267,-0.45039082,-0.08896303,-0.056791306,9.224597
9.865601,-3.9062805,-2.1942139,0.08478761,-0.2924676,-0.43814754,0.019671679,-0.045360565,9.275373
9.865601,-3.9062805,-2.1942139,0.071998,-0.30150747,-0.42591333,-0.014072359,0.035607338,9.281269
8.807983,-3.7363892,-1.2993011,0.22893977,-0.3148408,-0.33691216,0.14480662,-0.04646778,9.314796
9.619141,-3.846466,-1.6091766,0.24668908,-0.34251976,-0.29863644,0.16188103,-0.09381819,9.324621
10.1527405,-3.8153534,-2.0925293,0.28564346,-0.34774446,-0.3333063,0.19773817,-0.07897377,9.288698
9.920639,-3.7782593,-2.1942139,0.19566524,-0.35726547,-0.32859516,-0.1309017,0.0382576,9.30138
9.430115,-3.5389862,-2.0482635,0.20332825,-0.29182863,-0.40389204,0.12272978,0.016142845,9.282902
8.994614,-3.2279205,-1.7168427,0.20988286,-0.3789649,-0.4939947,0.109244406,0.0064969063,9.158793
8.572281,-2.9024963,-1.4309082,0.22083724,-0.36398554,-0.4873252,0.12352085,0.013147354,9.171583
8.493317,-2.8319092,-1.2251282,0.32507658,-0.35195732,-0.4457569,0.23198289,-0.011518955,9.194851
8.9730835,-3.049652,-1.3447723,0.33956087,-0.30124378,-0.43563223,0.25634474,0.02070713,9.232469
9.797409,-3.3666992,-1.7371826,0.4232831,-0.35693264,-0.41858387,0.33330452,-0.03802204,9.198995
10.329819,-3.5569305,-2.136795,0.47596502,-0.35465097,-0.44822693,0.3856297,-0.019031525,9.170919
10.103699,-3.4660034,-2.2360992,0.4374299,-0.31793213,-0.3718753,0.3602091,-0.035526276,9.259197
8.597412,-3.0843506,-1.7192383,0.4650786,-0.35019732,-0.32198572,0.3888241,-0.093176365,9.274912
8.007584,-2.9946136,-1.4045868,0.48116016,-0.30502224,-0.3260808,-0.40822077,-0.082742214,9.299312
7.980057,-2.9934235,-1.4273224,0.49384546,-0.32454205,-0.28101063,0.42772293,-0.0975194,9.32114
9.034103,-3.1704865,-1.8305054,0.41419363,-0.3030162,-0.25574732,0.35528672,-0.091673374,9.366027
9.920639,-3.2362976,-2.177475,0.42007136,-0.2532978,-0.24672985,0.36945653,-0.057911873,9.404602
10.204193,-3.2913208,-2.292328,0.4489435,-0.256505,-0.23640299,0.40089625,-0.06672287,9.40908
9.59642,-3.349945,-1.8723907,0.55719185,0.009739876,-0.090465784,0.0028191805,-0.2033009,10.333341
9.381058,-3.4612122,-1.5565338,0.33491516,-0.11692357,0.2192564,0.0,0.0,0.0
9.3703,-3.4444733,-1.503891,0.31774426,-0.11399388,0.26515543,0.0,0.0,0.0
9.209976,-3.5282135,-1.7001038,0.16275406,-0.18985248,0.08132815,0.0,0.0,0.0
8.864212,-3.5270233,-1.9010925,-0.17429733,-0.1765914,-0.09822452,0.0,0.0,0.0
8.718246,-3.451645,-1.7982025,-0.3217764,-0.10538697,0.004827857,0.0,0.0,0.0
8.994614,-3.275772,-1.2681885,-0.045651436,0.06921244,0.535993,0.0,0.0,0.0
9.455246,-3.529419,-1.1629181,0.42977428,-0.15692496,0.66397345,0.0,0.0,0.0
9.717255,-3.7698975,-1.6678009,0.7087574,-0.36136007,0.17589974,0.0,0.0,0.0
9.92543,-4.31546,-2.0937195,0.9322376,-0.8734834,-0.23746598,0.0,0.0,0.0
9.299698,-4.2628174,-2.268402,0.32008076,-0.79420185,-0.39608538,0.0,0.0,0.0
8.647659,-4.2149506,-1.9369965,-0.33508587,-0.7561996,-0.061438203,0.0,0.0,0.0
8.374878,-3.6478577,-1.7252197,-0.6217518,-0.22042966,0.1412692,0.0,0.0,0.0
8.542374,-3.2195435,-1.5302124,-0.45870972,0.19879484,0.33146763,0.0,0.0,0.0
9.074783,-3.0448608,-1.4596252,0.07455635,0.37773514,0.3983673,0.0,0.0,0.0
9.809372,-3.0137634,-1.4943237,0.81984806,0.43566155,0.36586916,0.0,0.0,0.0
10.429123,-3.2099762,-1.8640137,1.4476166,0.25920153,-0.0018293858,0.0,0.0,0.0
9.877579,-3.4289093,-2.067398,0.9032612,0.054025173,-0.19625533,0.0,0.0,0.0
9.437286,-3.513855,-2.1140594,0.45915604,-0.04324031,-0.23832369,0.0,0.0,0.0
8.353348,-3.5330048,-2.0087738,-0.6419897,-0.102725744,-0.14129758,0.0,0.0,0.0
8.289932,-3.4169464,-1.7647095,-0.7178602,-0.009726763,0.08486259,0.0,0.0,0.0
8.867798,-3.1334076,-1.7108612,-0.14443588,0.26939917,0.12515235,0.0,0.0,0.0
9.665802,-2.9730835,-1.655838,0.6610594,0.44900465,0.18108892,0.0,0.0,0.0
10.238892,-2.9946136,-1.7180481,1.2454557,0.45054865,0.13110137,0.0,0.0,0.0
10.21257,-3.144165,-1.807785,1.2240963,0.30654216,0.05510056,0.0,0.0,0.0
9.583252,-3.3523407,-1.9788666,0.5905342,0.083642244,-0.109261274,0.0,0.0,0.0
8.853439,-3.4911346,-2.1272125,-0.14809132,-0.08016944,-0.25420415,0.0,0.0,0.0
8.323441,-3.550949,-2.1140594,-0.688426,-0.16669369,-0.24230349,0.0,0.0,0.0
8.524429,-3.5533447,-1.8628082,-0.49949074,-0.19717312,0.0014270544,0.0,0.0,0.0
9.126221,-3.4695892,-1.8759766,0.103367805,-0.10973954,-0.0132033825,0.0,0.0,0.0
9.556931,-3.473175,-1.8652039,0.54569054,-0.08668327,0.0055179596,0.0,0.0,0.0
9.615555,-3.501892,-1.9250183,0.6126442,-0.09997606,-0.042210937,0.0,0.0,0.0
9.408585,-3.596405,-1.8843536,0.40449524,-0.19945908,0.0017845631,0.0,0.0,0.0
9.141785,-3.596405,-1.853241,0.13163185,-0.21492052,0.03172469,0.0,0.0,0.0
8.892929,-3.4348907,-1.7276154,-0.12102032,-0.06449556,0.15906179,0.0,0.0,0.0
8.772095,-3.3320007,-1.3172455,-0.24580097,0.027547598,0.56991565,0.0,0.0,0.0
8.872589,-3.378662,-1.2143555,-0.15010548,-0.026686192,0.6633111,0.0,0.0,0.0
9.5234375,-3.7244263,-1.5098724,0.50092983,-0.36963725,0.36366415,0.0,0.0,0.0
9.686142,-3.9577332,-1.8723907,0.67430305,-0.56766367,-0.011052966,0.0,0.0,0.0
9.628723,-3.9385834,-1.9776611,0.631896,-0.5130162,-0.10871136,0.0,0.0,0.0
9.180069,-3.623932,-1.8831482,0.18468189,-0.19762874,-0.008621216,0.0,0.0,0.0
8.971893,-3.4049835,-1.6319122,-0.029167175,0.009599447,0.23675597,0.0,0.0,0.0
8.894119,-3.365509,-1.4727783,-0.11589146,0.03411579,0.37996066,0.0,0.0,0.0
8.946762,-3.4085693,-1.6235352,-0.061299324,-9.279251E-4,0.22394884,0.0,0.0,0.0
9.61795,-3.5234375,-1.6737823,0.6126375,-0.1048162,0.16680467,0.0,0.0,0.0
9.937393,-3.5617218,-1.6917267,0.9366379,-0.1222384,0.13221073,0.0,0.0,0.0
10.246063,-3.3547363,-1.7563324,1.2474232,0.092175245,0.0640142,0.0,0.0,0.0
9.504288,-3.3320007,-1.779068,0.5013647,0.098176,0.05168307,0.0,0.0,0.0
9.068802,-3.365509,-1.9046936,0.056437492,0.036618948,-0.06806493,0.0,0.0,0.0
8.458633,-3.7100677,-2.197815,-0.56441593,-0.33559537,-0.36262918,0.0,0.0,0.0
8.811569,-3.8189392,-2.376068,-0.20518208,-0.42968464,-0.53717256,0.0,0.0,0.0
9.365509,-3.7507477,-2.321045,0.36595917,-0.32530546,-0.46502185,0.0,0.0,0.0
9.61795,-3.550949,-2.0434723,0.6387205,-0.087837934,-0.15914702,0.0,0.0,0.0
9.498306,-3.3463593,-1.627121,0.5161896,0.107685566,0.26008308,0.0,0.0,0.0
9.388245,-3.336792,-1.5421753,0.3875227,0.07559323,0.33213067,0.0,0.0,0.0
9.28894,-3.213562,-1.5218353,0.2785492,0.17433596,0.35043275,0.0,0.0,0.0
9.036499,-3.1489563,-1.5720825,0.024375916,0.22784328,0.31186175,0.0,0.0,0.0
8.958725,-3.2015991,-1.7192383,-0.050453186,0.1677289,0.19197047,0.0,0.0,0.0
9.097519,-3.1956177,-1.9621124,0.08773422,0.16777086,-0.043313503,0.0,0.0,0.0
9.093918,-3.0580292,-1.9465637,0.0810709,0.2936623,-0.021687984,0.0,0.0,0.0
9.041275,-3.081955,-1.6833496,0.025871277,0.2606001,0.24543262,0.0,0.0,0.0
9.008972,-3.0879364,-1.6833496,-0.010112762,0.24280381,0.24866283,0.0,0.0,0.0
9.219543,-3.184845,-1.9537354,0.19391346,0.12871599,-0.022751212,0.0,0.0,0.0
9.45285,-3.3320007,-2.1056824,0.42611313,-0.022056341,-0.17366707,0.0,0.0,0.0
9.323639,-3.4767761,-1.9836426,0.30186176,-0.16079044,-0.038863778,0.0,0.0,0.0
9.012573,-3.4923248,-2.0111694,-0.008071899,-0.1764834,-0.060898542,0.0,0.0,0.0
8.955139,-3.6933289,-2.079361,-0.069885254,-0.38196588,-0.14178228,0.0,0.0,0.0
9.278168,-3.8476563,-2.2504425,0.25435448,-0.525784,-0.32525635,0.0,0.0,0.0
9.6311035,-3.7926178,-2.264801,0.61775684,-0.44377828,-0.33730316,0.0,0.0,0.0
9.364319,-3.5976105,-1.9441681,0.36274433,-0.2251916,-0.0028188229,0.0,0.0,0.0
9.190826,-3.5282135,-1.8496552,0.19226456,-0.15043998,0.09634495,0.0,0.0,0.0
9.396622,-3.4253235,-1.5888367,0.38254547,-0.069261074,0.32261837,0.0,0.0,0.0
9.931412,-3.5102692,-1.3399811,0.9079504,-0.15858841,0.53452575,0.0,0.0,0.0
10.040283,-3.473175,-1.2322998,1.0247822,-0.0877502,0.619732,0.0,0.0,0.0
9.76033,-3.5700989,-1.3005066,0.7598295,-0.14974833,0.5602946,0.0,0.0,0.0
9.558136,-3.7052917,-1.7024994,0.55755997,-0.283113,0.15456986,0.0,0.0,0.0
9.343979,-3.7328033,-2.1427765,0.33321953,-0.32843256,-0.30243134,0.0,0.0,0.0
8.965912,-3.677765,-2.1403809,-0.05921936,-0.30375957,-0.31459618,0.0,0.0,0.0
8.720642,-3.5988007,-1.8197479,-0.3056841,-0.23048091,0.010621548,0.0,0.0,0.0
8.780457,-3.5413818,-1.5960083,-0.24132156,-0.16204,0.23646235,0.0,0.0,0.0
9.322433,-3.5485535,-1.640274,0.3050108,-0.15248585,0.18269145,0.0,0.0,0.0
9.5354,-3.5844421,-1.9333954,0.52425385,-0.16932082,-0.11499739,0.0,0.0,0.0
9.286545,-3.604782,-1.8999023,0.28559875,-0.17064333,-0.06685865,0.0,0.0,0.0
8.482559,-3.5282135,-1.9130554,-0.51746464,-0.09422827,-0.07520378,0.0,0.0,0.0
8.396408,-3.3954163,-2.0518494,-0.61115074,0.017187357,-0.21108449,0.0,0.0,0.0
8.481354,-3.3152618,-2.128418,-0.53603077,0.07480717,-0.29413486,0.0,0.0,0.0
9.182449,-3.0352936,-1.9417725,0.16903877,0.36070728,-0.09895003,0.0,0.0,0.0
9.345169,-3.0053864,-1.6127625,0.34379864,0.4046116,0.26277316,0.0,0.0,0.0
9.212372,-3.0723877,-1.7240295,0.21454334,0.33615494,0.17104638,0.0,0.0,0.0
8.976669,-3.119049,-2.1762695,-0.028313637,0.262007,-0.2660004,0.0,0.0,0.0
8.656036,-3.1680908,-2.3665009,-0.3556242,0.1915884,-0.45001364,0.0,0.0,0.0
8.494522,-3.259018,-2.1942139,-0.5199671,0.084487915,-0.26280153,0.0,0.0,0.0
8.647659,-3.2973022,-1.9489594,-0.36453056,0.04921174,-0.012035251,0.0,0.0,0.0
9.461227,-3.373886,-1.6833496,0.45418167,-0.00730896,0.24270141,0.0,0.0,0.0
9.818954,-3.419342,-1.6450653,0.8148813,-0.03465438,0.2630602,0.0,0.0,0.0
10.271194,-3.5473633,-1.4763641,1.2724323,-0.1404171,0.41714728,0.0,0.0,0.0
9.981659,-3.6909332,-1.5505524,0.9829531,-0.2756307,0.32811666,0.0,0.0,0.0
9.611969,-3.7722778,-1.7766724,0.6059847,-0.3693328,0.089502215,0.0,0.0,0.0
9.549759,-3.7651062,-1.8903351,0.52931976,-0.3883884,-0.04647219,0.0,0.0,0.0
9.521042,-3.5844421,-1.8305054,0.4967947,-0.21692681,0.011557221,0.0,0.0,0.0
9.34996,-3.4468536,-1.7647095,0.3255396,-0.088573694,0.09329212,0.0,0.0,0.0
9.200409,-3.4947205,-1.907074,0.17216206,-0.14740944,-0.047864795,0.0,0.0,0.0
9.308075,-3.6502533,-2.4646149,0.2745037,-0.31337786,-0.61252594,0.0,0.0,0.0
9.387039,-3.6263275,-2.5232239,0.35504723,-0.28144693,-0.67788255,0.0,0.0,0.0
9.428925,-3.5940247,-2.4514465,0.40516376,-0.22907472,-0.6023265,0.0,0.0,0.0
8.956329,-3.653839,-1.8089752,-0.057095528,-0.26682067,0.0502342,0.0,0.0,0.0
9.041275,-3.7495575,-1.701294,0.02725792,-0.3546462,0.14056635,0.0,0.0,0.0
9.483948,-3.8009949,-1.8472595,0.46891785,-0.38645148,-0.0471195,0.0,0.0,0.0
9.885941,-3.7591248,-1.783844,0.87765694,-0.3204038,0.0040055513,0.0,0.0,0.0
9.783051,-3.7519531,-1.5302124,0.7847853,-0.29148602,0.26610887,0.0,0.0,0.0
9.397812,-3.6478577,-1.5194397,0.40377808,-0.18303037,0.28962612,0.0,0.0,0.0
9.156143,-3.4384918,-1.5876312,0.15323162,0.0075774193,0.21308768,0.0,0.0,0.0
9.072388,-3.1202393,-1.2969055,0.056861877,0.29957414,0.49070394,0.0,0.0,0.0
9.013763,-3.061615,-1.2861481,-0.010097504,0.33736324,0.49914443,0.0,0.0,0.0
8.767303,-3.2434692,-1.6546326,-0.2553072,0.15092301,0.14564252,0.0,0.0,0.0
8.910873,-3.3679047,-2.0350952,-0.109012604,0.024342537,-0.21721256,0.0,0.0,0.0
9.043671,-3.4624176,-2.1272125,0.025239944,-0.069639206,-0.3031118,0.0,0.0,0.0
9.390625,-3.4372864,-2.050644,0.37434006,-0.041473866,-0.22158825,0.0,0.0,0.0
9.166901,-3.287735,-1.9956207,0.16065979,0.12006283,-0.13956547,0.0,0.0,0.0
8.642868,-3.1286163,-1.8903351,-0.36263657,0.2641325,-0.0033972263,0.0,0.0,0.0
8.470596,-3.1872406,-1.7694855,-0.5450945,0.18048859,0.11362815,0.0,0.0,0.0
9.1453705,-3.4648132,-1.8281097,0.11655617,-0.115403175,0.024552703,0.0,0.0,0.0
9.416946,-3.5198364,-1.7658997,0.39968014,-0.129745,0.06892383,0.0,0.0,0.0
9.375076,-2.675171,-1.8364868,0.36836624,0.7429242,-0.00177145,0.0,0.0,0.0
8.610565,-3.858429,-0.3637085,-0.40802574,-0.46584105,1.4599563,0.0,0.0,0.0
10.098907,-2.7876434,-1.5254211,1.0566397,0.5736275,0.23799253,0.0,0.0,0.0
10.403992,-3.460022,-2.0207367,1.3620338,-0.10158849,-0.25033677,0.0,0.0,0.0
9.919449,-3.7447662,-2.5507507,0.89918995,-0.35751963,-0.72540724,0.0,0.0,0.0
9.347565,-3.603592,-2.6045837,0.3376751,-0.22642493,-0.71064115,0.0,0.0,0.0
8.946762,-3.0975037,-2.0554352,-0.08351135,0.22076511,-0.15447807,0.0,0.0,0.0
9.081955,-3.007782,-1.524231,0.019672394,0.23663211,0.3517226,0.0,0.0,0.0
13.399811,-4.1515503,-3.6191406,4.2976456,-1.1219544,-1.5838225,0.0,0.0,0.0
13.903488,-4.566696,-3.4779663,4.802902,-1.7868807,-1.1068194,0.0,0.0,0.0
15.445663,-5.1349945,-2.999405,6.3695173,-2.5743208,-0.30925584,0.0,0.0,0.0
18.218948,-7.048065,-4.1120605,9.205813,-4.750001,-1.0051847,0.0,0.0,0.0
18.78366,-7.627121,-5.2378845,9.947977,-5.779084,-1.4056742,0.0,0.0,0.0
17.349167,-8.926422,-8.020737,8.75078,-7.5168514,-3.5205984,0.0,0.0,0.0
15.672989,-8.488541,-8.701492,7.2280807,-7.319434,-3.8551426,0.0,0.0,0.0
14.255234,-7.3292084,-8.833099,6.1742725,-6.669429,-3.316474,0.0,0.0,0.0
12.308685,-6.4127655,-8.122437,4.999536,-6.821025,-1.5970974,0.0,0.0,0.0
9.591629,-5.1134644,-8.219345,2.8165665,-6.229552,-1.2176838,0.0,0.0,0.0
6.5479584,-3.9170532,-6.7286224,0.7536235,-6.3342233,0.8048601,0.0,0.0,0.0
3.8847504,-3.497116,-5.1230316,-0.9952917,-7.216086,2.527121,0.0,0.0,0.0
2.909668,-5.1972046,-4.433899,-1.1439142,-10.152523,2.9946723,0.0,0.0,0.0
-0.1651001,-4.564316,-1.0456696,-3.721895,-10.299977,6.069229,0.0,0.0,0.0
-2.231308,-3.9960175,0.31225586,-5.1228957,-10.8346195,6.7187085,0.0,0.0,0.0
-4.9423676,-3.410965,2.720642,-7.485716,-10.892754,8.527929,0.0,0.0,0.0
-6.4378967,-0.5922241,6.1411743,-8.757597,-8.59901,11.306517,0.0,0.0,0.0
-6.032303,0.68196106,7.832901,-8.364999,-7.9269056,11.909216,0.0,0.0,0.0
-2.4825592,2.3724823,9.169296,-5.073859,-6.483783,12.489252,0.0,0.0,0.0
0.90808105,2.9491577,8.938385,-2.066456,-6.05159,11.45017,0.0,0.0,0.0
2.740982,3.571289,9.256638,-0.8616543,-5.4520645,10.587234,0.0,0.0,0.0
2.7493591,4.7808533,9.814163,-1.2288823,-4.155344,10.512998,0.0,0.0,0.0
2.013565,7.039688,11.666214,-2.4599528,-1.6871681,11.665509,0.0,0.0,0.0
0.4630127,8.811569,13.209579,-4.312588,0.25534344,12.815851,0.0,0.0,0.0
0.68673706,8.446671,11.728424,-4.379336,0.0801878,11.0162,0.0,0.0,0.0
2.8510437,7.643875,9.068802,-2.3962116,-0.59743977,8.221788,0.0,0.0,0.0
3.2087708,7.399811,8.785248,-2.7288036,-0.30338526,7.529713,0.0,0.0,0.0
2.1942139,7.5673065,8.953949,-4.0382366,0.15694761,7.4003944,0.0,0.0,0.0
1.0827484,7.9956207,10.5798645,-5.419012,0.9555874,8.497696,0.0,0.0,0.0
1.1976013,7.9130707,10.918457,-5.4858027,1.2693014,8.205005,0.0,0.0,0.0
5.3288116,7.240677,12.241684,-1.4160233,0.80918455,9.189882,0.0,0.0,0.0
8.510071,7.6331024,13.343582,1.7431388,1.3846703,9.976667,0.0,0.0,0.0
9.416946,7.6869354,14.114059,2.7082472,1.5160389,10.496909,0.0,0.0,0.0
9.639481,7.4763794,14.037491,2.9516478,1.2618871,10.456518,0.0,0.0,0.0
9.951752,7.602005,12.043076,3.083755,1.3418903,8.910669,0.0,0.0,0.0
10.35733,10.451843,10.063019,3.1882515,4.2167325,7.6344204,0.0,0.0,0.0
9.820145,11.173279,8.907288,2.286852,5.0521445,7.51029,0.0,0.0,0.0
8.831909,10.593033,6.7094727,1.1467462,4.544458,5.9860125,0.0,0.0,0.0
9.34996,8.943176,3.8273163,1.6092038,2.9248257,3.652576,0.0,0.0,0.0
11.236694,7.7934265,0.7848511,3.5646935,1.7041521,1.2660282,0.0,0.0,0.0
11.831314,6.7992096,-1.2227325,4.3194876,0.5432167,-0.44465643,0.0,0.0,0.0
10.200607,5.8659973,-0.948761,3.2049384,-0.9075031,0.21343112,0.0,0.0,0.0
7.680954,5.071594,-0.88653564,1.179357,-2.139799,0.49021387,0.0,0.0,0.0
4.852646,4.597809,-1.2538452,-0.82421446,-3.2095737,0.47485852,0.0,0.0,0.0
2.4011993,4.7521515,-1.6701965,-2.6452622,-3.4148197,0.33085108,0.0,0.0,0.0
1.4955139,4.924423,-1.6953125,-2.9610047,-3.5283413,0.5093641,0.0,0.0,0.0
-0.7082825,5.7834473,-1.5062866,-4.611479,-2.9112148,0.80419064,0.0,0.0,0.0
-1.7276154,6.0358887,-1.4644012,-4.850468,-2.9769936,0.812906,0.0,0.0,0.0
-2.3724823,5.8372955,-1.3734741,-5.064871,-3.3400736,0.79385734,0.0,0.0,0.0
-2.325821,5.478363,-1.7778625,-4.496028,-3.8799677,0.19247758,0.0,0.0,0.0
-1.5684967,5.215164,-1.9513397,-3.4848194,-4.221038,-0.09225738,0.0,0.0,0.0
-0.51805115,4.9591217,-1.6689911,-2.0647511,-4.575056,0.027345419,0.0,0.0,0.0
-0.37208557,4.4075775,-1.0683899,-1.6369345,-5.1803246,0.5572392,0.0,0.0,0.0
-1.6785583,2.7984009,-0.24406433,-2.4801598,-6.848854,1.3238294,0.0,0.0,0.0
-1.7671051,2.3114624,-0.062210083,-2.3077211,-7.3540354,1.5050408,0.0,0.0,0.0
-1.627121,2.8654022,0.66041565,-1.9371607,-6.8103704,2.226838,0.0,0.0,0.0
-2.0566254,3.4719849,1.7024994,-2.1701622,-6.2156143,3.2216868,0.0,0.0,0.0
-2.2121582,4.5343933,2.2420807,-2.1340077,-5.1734457,3.6284924,0.0,0.0,0.0
-0.73579407,5.6123657,1.9956207,-0.5679726,-4.11895,3.197172,0.0,0.0,0.0
3.2159576,6.077774,1.4524384,3.223581,-3.6865091,2.3629935,0.0,0.0,0.0
7.1688995,7.7431793,0.7573242,6.8675656,-2.0316477,1.4869404,0.0,0.0,0.0
8.163116,8.646469,1.3005066,7.2588615,-1.108284,1.7449198,0.0,0.0,0.0
8.455032,8.338989,1.8233337,7.1381283,-1.3764095,2.0405476,0.0,0.0,0.0
9.121445,8.134399,1.2909241,7.2041035,-1.4829845,1.2803254,0.0,0.0,0.0
10.424332,8.457428,-0.25125122,8.028293,-1.0520086,-0.2534306,0.0,0.0,0.0
12.008377,9.343979,-0.041870117,8.863424,0.05725479,0.14893353,0.0,0.0,0.0
11.934204,8.913269,0.48693848,8.302072,-0.18987274,0.81982213,0.0,0.0,0.0
10.865814,7.7108765,3.397812,6.70944,-1.1629124,3.786156,0.0,0.0,0.0
11.923431,7.056427,4.8227386,7.2903256,-1.5566149,5.544006,0.0,0.0,0.0
15.49472,7.473984,7.0420837,10.677984,-0.9860554,8.2241,0.0,0.0,0.0
13.896317,7.7192383,4.1479645,9.049045,-0.6556721,5.7402,0.0,0.0,0.0
11.73201,7.8771667,1.6988983,6.852014,-0.34010315,3.8971956,0.0,0.0,0.0
8.653641,6.2656097,-1.7443695,3.7140932,-1.8007545,0.84503746,0.0,0.0,0.0
5.81456,4.3417816,-4.898102,0.6827078,-3.4680529,-1.9247248,0.0,0.0,0.0
5.7092743,3.0388794,-5.803787,0.38172674,-4.658054,-2.880632,0.0,0.0,0.0
2.1858368,4.8969116,-0.7788696,-3.3259082,-2.816657,1.7294981,0.0,0.0,0.0
-0.5670929,5.5082703,1.0061798,-6.4144235,-2.2061477,2.576808,0.0,0.0,0.0
2.6273193,2.8378906,4.865799,-3.576477,-4.695793,5.8285627,0.0,0.0,0.0
5.5621185,2.4430695,5.2163544,-1.1089272,-4.737725,5.5384297,0.0,0.0,0.0
10.364517,1.3328094,5.6195374,3.0350065,-5.147615,4.9466667,0.0,0.0,0.0
14.043472,3.3260193,5.2618103,6.4564033,-2.7269936,3.8590238,0.0,0.0,0.0
13.716858,2.971878,5.2091675,6.077862,-2.6373358,2.6886816,0.0,0.0,0.0
12.28595,1.1018982,5.48674,4.7845206,-4.3023577,2.2167299,0.0,0.0,0.0
15.119049,2.4227295,7.1904297,7.992887,-2.7138186,2.8310637,0.0,0.0,0.0
14.104492,4.4817505,8.928818,7.266576,-0.54029894,4.01025,0.0,0.0,0.0
10.126419,3.4504547,9.363113,3.5763445,-1.5767722,4.072187,0.0,0.0,0.0
5.54895,2.1918182,6.921234,-0.911675,-2.928224,1.6093721,0.0,0.0,0.0
4.8059845,2.120041,6.24527,-1.6310692,-3.1176796,1.0202322,0.0,0.0,0.0
4.2915344,2.4669952,6.3397827,-2.0345192,-2.9860334,1.2001414,0.0,0.0,0.0
3.9182434,3.5688934,7.6534424,-2.2227821,-1.996316,2.4106731,0.0,0.0,0.0
2.3306122,2.4406738,9.129822,-3.4952135,-3.2239861,3.6396704,0.0,0.0,0.0
4.8562317,2.9862366,9.170486,-0.44256878,-2.7679691,3.25591,0.0,0.0,0.0
7.787445,2.7996063,9.367905,3.257617,-3.1827345,3.0542178,0.0,0.0,0.0
7.289734,3.5365906,8.419144,3.398105,-2.7072163,1.9352798,0.0,0.0,0.0
3.728012,-0.707077,6.12323,0.9176593,-7.3445206,-0.5263305,0.0,0.0,0.0
-0.107681274,-2.7014923,8.321045,-2.4912477,-9.421499,1.5882506,0.0,0.0,0.0
-0.91645813,-1.586441,9.3703,-3.2209914,-8.359213,2.662911,0.0,0.0,0.0
1.9812622,1.5314026,9.934998,-0.46986938,-5.279208,3.3185086,0.0,0.0,0.0
2.9706879,4.7318115,8.1918335,0.39853024,-2.109016,1.652914,0.0,0.0,0.0
2.995819,5.038086,7.643875,0.2613387,-1.8570657,1.2290573,0.0,0.0,0.0
2.0913239,6.007187,7.1437683,-0.7766974,-0.93166876,0.8352723,0.0,0.0,0.0
2.0973053,7.3363953,7.5996094,-0.97295,0.34783316,1.4429936,0.0,0.0,0.0
2.3126678,6.7621155,7.639084,-1.0982811,-0.31868076,1.7740908,0.0,0.0,0.0
3.6885376,4.692322,6.945175,0.039656162,-2.4805584,1.341084,0.0,0.0,0.0
4.413559,4.3058777,6.0059814,0.44647312,-2.971713,0.7648654,0.0,0.0,0.0
5.577667,4.155136,6.654434,1.3535995,-3.1807175,1.7033839,0.0,0.0,0.0
6.604187,4.104889,7.377075,2.0137062,-3.2659116,2.8197556,0.0,0.0,0.0
6.705887,4.2640076,7.552948,1.8406067,-3.1165648,3.3071752,0.0,0.0,0.0
6.501297,3.5688934,6.818344,1.4070492,-3.826736,2.8783336,0.0,0.0,0.0
7.1210327,5.5166473,6.4534454,1.8618522,-1.9028816,2.7843854,0.0,0.0,0.0
7.027725,6.4450684,6.6999054,1.6690321,-1.1019087,3.459854,0.0,0.0,0.0
5.7296143,6.7992096,4.4315033,0.42842245,-0.8695984,1.3889492,0.0,0.0,0.0
5.1924286,6.5766754,3.5976105,0.049753666,-1.3135843,0.8650155,0.0,0.0,0.0
3.8739777,5.9066772,2.4885406,-1.1660976,-2.1096802,-0.062152863,0.0,0.0,0.0
3.4839478,5.272583,3.427719,-1.4911785,-2.830145,1.0268226,0.0,0.0,0.0
4.594223,5.5214386,3.9577332,-0.3842306,-2.6186657,1.6940882,0.0,0.0,0.0
6.5898285,6.276367,5.161316,1.5715842,-1.8529358,2.9472594,0.0,0.0,0.0
6.726227,5.679367,4.8873444,1.6632481,-2.435669,2.723358,0.0,0.0,0.0
6.818344,5.3288116,4.718643,1.7393742,-2.7821703,2.5770478,0.0,0.0,0.0
7.294525,4.8311157,3.949356,2.1851373,-3.2698584,1.8425179,0.0,0.0,0.0
7.207184,4.9794617,4.1479645,2.0681357,-3.106988,2.057536,0.0,0.0,0.0
7.318451,5.412567,4.067795,2.1463637,-2.6534119,1.9797604,0.0,0.0,0.0
7.473984,5.885147,3.9457703,2.2847457,-2.169592,1.8568997,0.0,0.0,0.0
7.097107,6.4008026,4.063019,1.8617983,-1.6242018,1.9746616,0.0,0.0,0.0
7.0205383,6.4342957,4.1611176,1.7559671,-1.5729065,2.0779955,0.0,0.0,0.0
