-0.19979858,5.7332,7.495514,0.10309088,-0.4751072,-0.62790775,0.035235405,0.007940529,9.013355
-0.25483704,5.7966156,7.523041,0.15523016,-0.5449295,-0.65393305,0.07854462,0.0465705,8.946222
-0.25004578,5.6757813,7.5601196,0.16174316,-0.40085602,-0.5932617,-0.0055980682,0.08124109,9.0771475
-0.26679993,5.7355957,7.265808,0.07321,-0.07636452,-0.46895027,-0.2057333,0.056923665,9.375908
-0.2859497,5.748749,7.08873,-0.13234067,-0.03609705,-0.31502914,-0.17485595,0.14360142,9.548069
-0.26560974,5.7308044,6.98584,-0.23036051,-0.081737995,-0.36473703,-0.19106293,-0.24155293,9.493718
-0.29670715,5.6781616,7.4201355,-0.03546524,-0.39228582,-0.513082,-0.009232521,-0.11040834,9.169371
-0.26919556,5.839691,7.442871,0.17354202,-0.4822154,-0.5322571,0.078157425,0.07941009,9.076219
-0.2416687,5.83609,7.328018,0.18953216,-0.4899726,-0.5581975,0.06838989,0.09521606,9.04913
-0.16630554,5.7834473,7.335205,0.17873812,-0.2700901,-0.52351665,0.10482103,0.10983467,9.210066
-0.0993042,5.79422,7.2682037,0.012125254,-0.17690945,-0.3477087,-0.07462168,-0.02127482,9.424126
-0.090927124,5.8659973,7.147354,-0.09903872,-0.25827932,-0.014809608,0.17637062,-0.14666444,9.651348
-0.12083435,5.873184,7.186844,-0.13664532,-0.37400723,0.12632656,0.34638357,-0.20723957,9.699033
-0.12083435,5.8899384,7.2550354,-0.026220083,-0.51111364,-0.008112431,0.38836718,-0.12681428,9.498302
-0.18664551,6.0,7.2921295,-0.101408005,-0.5136237,-0.017293453,0.37337208,-0.20233475,9.499982
-0.25125122,6.0047913,7.1449738,0.037956357,-0.4053192,-0.046295166,0.29406977,-0.04506628,9.524942
-0.3792572,5.9449615,7.5086823,0.09902656,-0.17711258,-0.08670521,0.102015495,0.061045133,9.62075
-0.4295044,5.9306183,7.6175537,0.025428057,-0.15402079,-0.10517597,0.06103325,-0.00643616,9.628707
-0.3397827,5.983246,7.606781,9.5939636E-4,-0.16166973,-0.11226463,0.05871296,-0.032187767,9.621561
-0.2679901,5.950943,7.4524536,0.046517134,-0.23368502,-0.3371663,-0.0056626797,0.012963295,9.394032
-0.16749573,5.9772644,7.2957153,0.055583358,-0.24866915,-0.43991804,-0.012672424,0.06307125,9.302354
-0.19740295,6.0,7.338791,-0.026643038,-0.19786406,-0.5258045,-0.17225122,-0.06750065,9.2755165
-0.18066406,6.0143585,7.6666107,-0.046732545,-0.11591339,-0.5125017,-0.2321701,-0.06974781,9.338132
-0.14596558,5.9844513,7.923828,-0.20718825,-0.056045055,-0.55978537,-0.33548975,-0.21362622,9.358055
-0.2141571,5.988037,7.652252,-0.029516459,-0.24926853,-0.44417048,-0.10195935,0.05944729,9.310299
-0.35533142,5.9617157,7.433304,0.33986664,-0.12368202,-0.26985645,-0.0147128105,0.3071643,9.476403
-0.37208557,5.9234314,7.503891,0.051428676,-0.2346406,-0.3310213,-0.01292944,0.0023460314,9.397866
-0.2907257,5.9736786,7.598404,-0.009040713,-0.25781822,-0.38715887,-0.039530277,-0.06164886,9.347216
-0.3637085,5.9976044,7.4847565,0.39399278,-0.39656305,-0.4026265,0.117079735,0.3090932,9.202204
-0.34695435,5.9569244,7.4368896,0.26818883,-0.33632135,-0.36744165,0.07279873,0.197802,9.281651
-0.21894836,5.904297,7.347168,-0.0039532185,-0.32156134,-0.44303608,-0.02543974,-0.06676926,9.2638855
-0.16630554,5.8923187,7.130615,-0.084575176,-0.30664492,-0.38776016,-0.014623642,-0.14291424,9.326125
-0.12083435,5.8827515,7.0361023,-0.14599216,-0.24697638,-0.11053753,0.10199404,-0.19070822,9.588118
-0.18902588,5.880356,7.1617126,-0.30962563,-0.3336048,-0.1498251,-0.31497478,-0.22534037,9.524481
-0.2033844,5.8624115,7.4081726,-0.21945047,-0.36715508,-0.26589537,0.090022564,-0.28549072,9.401616
-0.14596558,5.87558,7.441681,0.07418525,-0.38587236,-0.49959183,0.004898548,1.2128055E-4,9.171065
-0.13998413,5.802597,7.3746796,0.29491687,-0.23469591,-0.5941,-0.14046383,0.24572432,9.162521
-0.22970581,5.7678986,7.2957153,0.2590376,-0.25397873,-0.57952166,-0.12390518,0.2077717,9.167175
-0.20936584,5.802597,7.25264,0.12450755,-0.36326075,-0.4209485,0.040066242,0.057139482,9.241152
-0.15911865,5.8456726,7.1389923,0.06608105,-0.5860629,-0.15863085,0.07236755,-0.36288166,9.32077
-0.16390991,5.7690887,7.060028,0.07927072,-0.6615143,-0.15025043,0.4350891,-0.03652449,9.281462
-0.26560974,5.7846527,7.0827484,0.06967056,-0.6969657,-0.35660648,0.33671522,-0.052027937,9.098342
-0.25004578,5.8504486,7.1389923,0.0066717863,-0.45993614,-0.5972247,-0.07279801,-0.018272877,9.056564
-0.19023132,5.95813,7.3052826,-0.05490899,-0.21379375,-0.734045,-0.28666687,-0.094836414,9.102113
-0.15553284,5.986847,7.3830566,-0.28536916,-0.15870237,-0.6598468,-0.31419754,-0.31372786,9.219389
-0.20219421,5.8947144,7.520645,-0.30189323,-0.26920414,-0.3964486,-0.35519254,-0.022397518,9.366062
-0.23330688,5.8779755,7.679764,-0.04809463,-0.4008355,-0.28038597,0.14641285,-0.1256668,9.354578
-0.22970581,5.8456726,7.5553436,0.039746523,-0.52331924,-0.094329834,0.3708496,-0.063049525,9.428714
-0.13160706,5.8659973,7.2394867,0.10011506,-0.6195102,0.120238304,0.58531,-0.02206996,9.551312
-0.11605835,5.893524,7.0492554,0.12544346,-0.53988886,-0.058963776,0.42648268,0.017527241,9.448185
-0.15792847,5.925827,7.0384827,0.33580673,-0.31898594,-0.16603851,0.2214508,0.2668394,9.457591
-0.17108154,6.0047913,7.0671997,0.3014878,-0.17865229,-0.33360386,0.00946188,0.26008123,9.398765
-0.24406433,5.988037,7.3244324,-0.2730974,-0.13316202,-0.32742977,-0.112856865,-0.29531825,9.491096
-0.22970581,6.0095673,7.6331024,0.0024416447,-0.14781857,-0.28472042,-0.033135414,-0.027071163,9.488703
-0.25125122,5.9724884,7.630707,-0.068520546,-0.48669147,-0.3928318,-0.10149264,-0.21873355,9.2255
-0.28115845,5.974884,7.529022,-0.083137155,-0.5056095,-0.31273365,0.23659849,-0.18008783,9.285167
-0.25483704,6.0047913,7.3136597,0.27333152,-0.12071562,0.2712555,0.2899313,0.24626713,9.941387
-0.17468262,6.037094,7.204788,-0.056803703,-0.22185946,0.42964077,0.4069624,-0.09501407,10.056437
-0.2979126,6.049057,7.0492554,-0.0022708178,-0.1704073,0.4747572,0.3988948,-0.030433834,10.113888
-0.3481598,5.9856415,7.3124695,0.16076791,-0.18430948,0.24877739,0.21614945,-0.25875998,9.896258
-0.3397827,5.991623,7.4560394,-0.027064323,-0.19061184,-0.1535883,0.06511021,-0.061430164,9.577212
-0.22132874,6.0514526,7.404587,-0.040660262,-0.27706623,-0.26243877,0.069344044,-0.090461984,9.440179
-0.19262695,6.078964,7.3902283,0.014826775,-0.32907152,-0.28087807,0.102508545,-0.043876126,9.38836
-0.15194702,6.016754,7.5170593,0.06170082,-0.21652317,-0.72436047,-0.24728823,0.017225794,9.089754
-0.15194702,5.9844513,7.525421,0.06507254,-0.1774025,-0.8379736,-0.051139355,0.35602045,9.026561
-0.08375549,5.983246,7.347168,-0.01778078,-0.19516039,-0.842021,-0.36591148,-0.05938737,9.025635
-0.071777344,6.0263214,7.1940155,-0.15622258,-0.35330486,-0.5482893,-0.08643818,-0.2194394,9.178777
-0.18424988,6.0849457,7.022934,-0.18183517,-0.42918968,-0.54965353,-0.034994125,-0.25743106,9.134422
-0.34336853,5.967697,7.335205,-0.036335945,-0.49384737,-0.43745422,0.1006484,-0.12307386,9.165328
-0.39361572,5.9617157,7.5972137,0.18915725,-0.5942464,-0.3887596,0.23206997,0.08575666,9.114674
-0.2632141,5.95813,7.668991,0.22289717,-0.43971062,-0.666307,-0.061478138,0.1411286,8.99222
-0.25125122,6.0430756,7.2263184,0.25815415,-0.4391446,-0.70667744,-0.090528965,0.17668515,8.958434
-0.25004578,6.0466614,7.1078796,0.32195246,-0.55357885,-0.62719727,0.050700665,0.22485766,8.940424
-0.21774292,5.9306183,7.2957153,0.11629534,-0.5406842,-0.5887003,0.04138279,0.025823116,9.000391
-0.18424988,5.87558,7.3734894,0.09405136,-0.49935007,-0.62599134,-0.017352104,0.009799011,9.000633
-0.18544006,5.900696,7.225128,0.20497727,-0.333014,-0.73530054,-0.20302296,0.14357942,9.011826
-0.15434265,5.93779,7.261017,0.053673863,-0.26680517,-0.5300474,-0.13647318,0.0070583,9.226701
-0.21176147,5.99881,7.3052826,0.037863016,-0.2536726,-0.3517871,-0.032057762,-0.004396878,9.372495
-0.2416687,6.003586,7.2682037,-0.052612066,-0.1862793,-0.098155975,-0.06480682,-0.086788654,9.618581
-0.17706299,6.0047913,7.247864,-0.083961606,-0.22108841,0.122677326,0.23753738,-0.11462892,9.769026
-0.1878357,5.9617157,7.2837524,-0.17470872,-0.21385384,0.34149504,0.36245108,-0.20078123,9.952222
-0.24645996,5.9617157,7.360321,-0.049566627,-0.3664112,0.3293786,0.48414612,-0.10008588,9.834749
-0.24047852,5.91626,7.3543396,0.26001096,-0.41597605,-0.091303825,0.28751373,0.19470006,9.448314
-0.20817566,5.9892426,7.269394,0.1955105,-0.44895267,-0.1414423,0.27396297,0.12626898,9.39581
-0.21176147,6.02034,7.179657,0.165779,-0.33288193,-0.11508179,0.19904518,0.11391731,9.492102
-0.23808289,6.01915,7.2729797,-0.15120065,-0.08404398,0.07755995,0.09739733,-0.16102788,9.829552
-0.18066406,5.9449615,7.491928,-0.29560888,-0.020339489,0.236732,0.13252878,-0.2924997,10.008444
-0.18664551,6.007187,7.335205,-0.29078436,-0.001493454,0.25717115,0.1304698,-0.28449625,10.036289
-0.18066406,6.0012054,7.256241,-0.68049586,0.01803255,-0.083081245,-0.68251586,-0.062217712,9.831211
-0.25483704,5.99881,7.314865,-0.37896407,-0.33541727,-0.30506897,0.013103962,-0.43343186,9.405214
-0.2679901,6.01915,7.359131,0.11655235,-0.4148035,-0.41020155,0.065317154,0.040380254,9.216723
-0.3098755,6.0023956,7.4285126,0.31023288,-0.35651922,-0.5150175,-0.027619362,0.24144512,9.15126
-0.2536316,5.9736786,7.6163483,0.3254373,-0.31694794,-0.40523767,0.012982845,0.2652489,9.258875
-0.2644043,5.983246,7.5888367,0.3083415,-0.3002324,-0.38479376,0.24385929,0.06435919,9.287353
-0.2632141,5.97847,7.323227,0.18750155,-0.36697865,-0.42106247,0.02073431,0.1224965,9.230726
-0.23091125,5.9940186,7.199997,0.23199773,-0.44829893,-0.6013708,-0.0331192,0.15214083,9.037106
-0.16151428,6.008377,7.2634125,0.19953978,-0.49682283,-0.7393203,-0.0918355,0.11084843,8.905251
-0.19621277,5.986847,7.281357,0.124263525,-0.46432114,-1.1619897,-0.4025674,0.033937603,8.615833
-0.23091125,5.9449615,7.326828,0.13982975,-0.42080545,-1.2055221,-0.06412959,0.46237063,8.6099825
-0.26919556,5.852844,7.5086823,0.10517669,-0.46161366,-1.1327033,-0.38719463,0.012257129,8.6417055
-0.24287415,5.85524,7.503891,-0.4404955,-0.706676,-0.6815319,0.0337224,-0.56243294,8.889893
-0.1986084,5.8659973,7.404587,-0.46334922,-0.8201103,-0.32727146,0.35072803,-0.6075943,9.097989
-0.25004578,5.888733,7.4153595,-0.3686608,-0.78194666,-0.15543747,0.4457631,-0.5105417,9.247942
-0.24406433,5.8791656,7.429718,-0.019129992,-0.5296836,0.30521345,0.5951128,-0.11484608,9.724574
-0.27278137,5.888733,7.3902283,0.12204206,-0.3805437,0.36698103,0.5381532,0.054007143,9.849741
-0.22732544,5.9234314,7.2825623,0.18128526,-0.388875,0.40600634,0.57611465,0.113112986,9.871662
-0.31585693,5.9808655,7.2921295,0.20984924,-0.23767328,0.42804527,0.47457552,0.1706139,9.978162
-0.34457397,5.9401855,7.343567,0.08854365,-0.030893326,0.09450674,0.0932641,0.08346705,9.852048
-0.22013855,5.8624115,7.470398,0.094863415,-0.019296646,-0.017058372,0.016407967,0.089723766,9.770006
-0.2141571,5.852844,7.5134583,0.22842765,0.042178154,-0.25627995,-0.1632905,0.22706293,9.603141
-0.20458984,5.946167,7.379471,0.25089598,-0.047911167,-0.35963202,-0.15731621,0.23230094,9.466258
-0.18902588,5.988037,7.4476624,0.24305665,-0.061477184,-0.34808826,-0.14283991,0.22258316,9.468901
-0.1375885,5.9521484,7.4859467,-0.3300693,-0.21768475,-0.30805683,-0.063130856,-0.36698043,9.471133
-0.052642822,5.991623,7.4321136,-0.70015025,-0.10446739,0.07021904,-0.6533146,-0.27217197,9.878458
-0.035888672,5.949753,7.0899353,-0.57804585,-0.4625101,0.10510731,0.35233498,-0.64555395,9.671667
-0.10169983,6.0059814,7.1976166,-0.43542314,-0.3176155,0.038015366,0.21394491,-0.48278618,9.692357
-0.19023132,6.0598297,7.4488525,-0.20353031,-0.2008338,-0.41701078,-0.13474846,-0.24124041,9.383207
-0.25483704,6.1292114,7.503891,-0.15252423,-0.19968271,-0.48212528,-0.17370749,-0.19053909,9.328004
-0.37208557,6.0873413,7.433304,0.1210525,-0.21581984,-0.6265297,0.017191648,0.23721218,9.176408
-0.44506836,6.049057,7.4990997,0.20659673,-0.16984987,-0.583776,0.110710025,0.26106215,9.23053
-0.4558258,6.007187,7.5481567,0.16416156,-0.23786926,-0.5511551,-0.16483974,0.11866446,9.218391
-0.38165283,5.991623,7.524231,0.09238577,-0.28428698,-0.51877975,-0.1188159,0.041962013,9.221321
-0.124420166,5.97847,7.2095795,0.09346366,-0.40804005,-0.47555637,-4.8398972E-4,0.02729579,9.17369
-0.010772705,5.983246,6.9176483,0.14483202,-0.5698643,-0.36082888,0.20012903,0.058332257,9.14903
-0.037094116,6.06102,7.075577,0.1505692,-0.56141615,-0.20182848,0.2999587,0.0684067,9.27379
-0.10887146,6.016754,7.227524,0.114825845,-0.45542955,-0.1977129,0.22103167,0.047886252,9.349985
-0.19979858,6.0107727,7.433304,0.10982078,-0.39984608,-0.10985279,0.23754883,0.052289046,9.4533205
-0.28115845,6.052643,7.657028,0.11307418,-0.3433175,0.029029846,0.28716612,0.06571989,9.595198
-0.3756714,5.9940186,7.741974,0.12517458,-0.17587662,0.04427147,0.17286396,0.100766905,9.714317
-0.29670715,5.913864,7.421341,0.22911155,0.11889553,-0.24141693,-0.22573566,0.23924679,9.677365
-0.279953,5.893524,7.3172455,0.23844093,0.13699722,-0.3076992,-0.2823534,0.24955788,9.63843
-0.2763672,5.983246,7.2729797,0.19472855,0.12929869,-0.31621552,-0.2865405,0.20503779,9.632055
-0.28474426,6.0131683,7.2012024,0.048646092,0.057031155,-0.24046516,-0.1957593,0.052066907,9.656951
-0.29910278,5.9329987,7.471588,-0.15787435,0.04136896,-0.16995668,-0.15670109,-0.15340424,9.720436
-0.23330688,5.75235,7.578064,-0.32658982,-0.049275875,-0.17849874,-0.11116648,-0.3327008,9.672848
-0.15194702,5.8301086,7.360321,-0.39960325,0.02773714,-0.23306274,-0.2129631,-0.39467856,9.689835
-0.23210144,5.9724884,7.171295,-0.34621215,0.0120129585,-0.27370787,-0.39170325,0.12349367,9.644659
-0.24406433,6.0215454,7.421341,-0.15256214,0.043294907,-0.31357956,-0.2541523,-0.1490453,9.615147
-0.28115845,5.962921,7.7024994,0.022985816,-0.087191105,-0.3376894,-0.1567645,0.005684778,9.494307
-0.26560974,5.9928284,7.429718,0.07415748,-0.17938519,-0.3332863,-0.081635,0.043449037,9.432209
-0.24765015,5.8899384,7.2323,0.26245552,-0.40321445,-0.27532387,0.1384573,0.20167936,9.309233
-0.20578003,5.777466,7.298111,0.38357526,-0.45344496,-0.17902422,0.3785498,-0.14264297,9.3363905
-0.29431152,5.9234314,7.323227,0.37040627,-0.5378947,-0.16779804,0.37790227,-0.21505356,9.291258
-0.24047852,5.986847,7.2179565,0.2601365,-0.69015694,-0.1463108,0.4368472,0.1722211,9.21937
-0.21057129,5.8779755,7.4560394,0.19057202,-0.63979435,-0.17724895,0.21267664,-0.32640886,9.236301
-0.32063293,5.927017,7.552948,0.037248135,-0.4998436,-0.30196095,0.17646313,-0.029271528,9.2495
-0.3529358,5.95813,7.512268,-0.08926469,-0.38212538,-0.37467432,0.030614376,-0.14344995,9.284296
-0.28234863,5.9234314,7.442871,-0.2508191,-0.37654495,-0.47794008,-0.055646896,-0.3068709,9.2271185
-0.18544006,5.9102783,7.414154,-0.18805039,-0.36337662,-0.53184843,-0.097797394,-0.24488625,9.189613
-0.16270447,5.8743744,7.2466583,-0.06923711,-0.23321581,-0.6091757,-0.23750067,-0.11258736,9.205654
-0.23330688,5.9198456,7.1485596,0.055746675,-0.20348644,-0.7322998,-0.33424044,0.012202993,9.121878
-0.27038574,5.9569244,7.1401825,0.12255812,-0.20050621,-0.7816906,-0.3666954,0.07758744,9.081545
-0.26560974,5.9904327,7.310074,0.10396588,-0.15024376,-0.72444487,-0.36938572,0.06642999,9.160629
-0.24526978,5.9485626,7.556534,0.06894934,-0.20526886,-0.5743513,-0.23078823,0.028061643,9.238567
-0.279953,5.954544,7.5996094,0.07142472,-0.28483438,-0.28011227,0.027302742,0.027641162,9.402688
-0.28115845,5.93779,7.4979095,0.15139139,-0.34114218,-0.1696372,0.15021753,0.10251059,9.439226
-0.20219421,6.0059814,7.237091,0.23063385,-0.45021963,-0.039033413,0.32565165,0.17050828,9.456948
-0.16630554,6.007187,7.1940155,0.26275074,-0.38849926,-0.031872272,0.2888651,0.21008037,9.501022
-0.17826843,6.0012054,7.1641083,0.13532686,-0.3305874,-0.0035991669,0.2556734,0.09100723,9.57435
-0.2033844,5.9521484,7.265808,0.11068761,-0.20737791,-0.1720519,0.052437782,0.07670687,9.530561
-0.20100403,5.962921,7.3878326,0.2975831,-0.14407396,-0.23031044,-0.014590263,0.2681337,9.506239
-0.14356995,5.950943,7.470398,-0.07483482,-0.17970085,-0.16832018,0.019553185,-0.10501082,9.572523
-0.16630554,5.967697,7.482361,-0.40498972,-0.09598303,-0.0049881935,0.025257587,-0.41513634,9.789973
-0.23091125,5.97847,7.451248,-0.5689167,-0.101685524,0.28807354,0.19174004,-0.5729588,10.034567
-0.30029297,5.991623,7.328018,-0.5351503,-0.08862162,0.35885906,0.22533655,-0.5369187,10.096412
-0.24765015,6.037094,7.2849426,-0.6058372,-0.008774757,0.16209984,0.026492596,-0.59482574,10.003811
-0.25483704,6.04187,7.3208466,-0.522774,0.0135650635,0.023377419,-0.068825245,-0.51062536,9.899106
-0.30029297,6.0023956,7.3627167,-0.30318952,-0.18060875,0.16816092,0.20085144,-0.3297386,9.8679085
-0.28474426,5.976074,7.331604,-0.16507566,-0.25862026,0.081884384,0.22812033,-0.20938697,9.736239
-0.18424988,5.9928284,7.3220367,0.023985386,-0.25634766,-0.0509243,0.17181873,-0.023713462,9.609677
-0.1651001,6.01915,7.377075,0.29710007,-0.10015488,-0.29614782,0.23866642,0.1424694,9.476888
-0.19621277,5.97847,7.2885437,0.34868145,-0.07863617,-0.38020515,-0.12802982,0.3238254,9.41798
-0.21894836,5.991623,7.2394867,0.47371376,-0.15319872,-0.49996042,-0.13035202,0.43350568,9.265433
-0.15553284,5.9533386,7.363907,0.54510176,-0.2214818,-0.58449936,0.44026244,0.25113964,9.1502
-0.1375885,5.9306183,7.4117737,0.34579706,-0.5198703,-0.6563425,0.24994636,0.020805359,8.936179
-0.24885559,5.8456726,7.2682037,0.21815705,-0.6769476,-0.5225439,0.2386427,0.099110305,8.962771
-0.28115845,5.9772644,7.384247,-0.06700909,-0.37611198,-0.38283873,0.056752205,-0.13369656,9.285669
-0.25483704,5.995224,7.3986053,-0.11395824,-0.103643894,-0.46903658,-0.21544123,-0.13927424,9.384855
-0.33140564,5.950943,7.311264,-0.021174788,-0.021950722,-0.46191502,-0.26483822,-0.033287972,9.428434
-0.3912201,5.9617157,7.3531494,-0.45994008,0.029155254,-0.83550787,-0.59452343,-0.46065897,9.219451
-0.33738708,5.9485626,7.471588,-0.6077963,-0.08049631,-1.1376233,-0.7259555,-0.6289636,8.942082
-0.27278137,5.9198456,7.4680023,-0.50505054,-0.11899519,-1.1247749,-0.6796652,0.52704906,8.91523
-0.18424988,5.9234314,7.3160553,-0.2216748,-0.29448462,-0.37152672,-0.28894734,-0.036746025,9.371848
-0.14596558,5.91864,7.1772766,-0.011065006,-0.30562925,-0.06330776,0.2021966,-0.084546,9.5841465
-0.2033844,5.9329987,7.207184,0.06927669,-0.34634733,-0.057878494,0.2553339,-0.016715772,9.556389
-0.2632141,5.986847,7.2849426,0.010311365,-0.4280696,0.07380772,0.38573742,-0.09147773,9.628785
-0.22253418,5.9449615,7.3531494,-0.1258471,-0.29814053,0.0074863434,0.2191,-0.19255996,9.666305
-0.21894836,5.91864,7.631912,-0.13858318,-0.22612524,-0.05388069,-0.1579566,-0.16027594,9.65631
-0.21655273,5.946167,7.290924,0.46890604,-0.0242095,-0.5387535,0.3954236,0.29548216,9.289886
-0.29312134,5.97966,7.083954,0.84327674,0.107889175,-0.7424512,0.745592,0.54149103,9.154831
-0.33021545,6.0335083,7.228714,0.15132916,-0.046269417,-0.8600559,-0.44714403,0.123592526,9.0653515
-0.34336853,6.04187,7.623535,-0.5868982,-0.17849731,0.49442196,0.35219765,-0.6003272,10.175877
-0.3672943,6.028717,7.643875,0.2625686,-0.2891035,-0.016128063,0.25493145,0.20590207,9.593584
-0.279953,5.9736786,7.3938293,-0.29387498,0.378747,-0.29398346,-0.51279545,-0.22955331,9.830831
-0.22253418,5.976074,7.286148,1.5162305,-0.64207125,0.25603056,0.8434315,1.392632,9.451742
-0.1758728,6.008377,7.314865,-0.42132652,-0.123194695,0.06371641,0.09124279,-0.43350995,9.828935
-0.1878357,6.0346985,7.3244324,-0.6947694,0.2187233,0.11715746,-0.15947962,-0.65464133,10.1071205
-0.22970581,6.0059814,7.286148,-0.16196024,-0.19571257,0.06934261,0.17873335,-0.18563595,9.7524605
-0.28355408,6.025131,7.4368896,-0.124138,-0.31152058,-0.39656973,-0.041598797,-0.17570949,9.319702
-0.24287415,6.0598297,7.4440765,0.0023180246,-0.4752736,-0.76613855,-0.16629362,-0.08258523,8.924389
-0.19740295,6.050247,7.117447,0.10283768,-0.4712181,-0.7640457,-0.16925526,0.01741618,8.919273
-0.30389404,5.9940186,7.0468597,0.34100556,-0.3792963,-0.7495308,-0.2173276,0.26610762,8.967662
-0.29910278,6.0311127,7.3459625,0.46041703,-0.54929495,-0.62250423,-0.0028715134,0.36450064,8.930094
-0.25125122,6.0538483,7.339981,0.11776197,-0.40349245,-0.3161292,0.07537651,0.051799953,9.288725
-0.26919556,6.0598297,7.3447723,-0.24721408,-0.040547848,-0.15275145,-0.09835434,-0.2547903,9.699411
-0.32302856,5.9940186,7.429718,-0.36684465,0.07412195,-0.56675196,-0.48075008,-0.36887646,9.499914
-0.33738708,5.971283,7.414154,-0.34750187,0.083436966,-0.5953336,-0.505672,-0.34938252,9.483589
-0.27876282,6.023926,7.1210327,0.19131649,-0.4707036,-0.7586565,-0.18443537,0.09999226,8.917995
-0.24047852,6.0143585,7.0504456,0.14810824,-0.278996,-0.78387594,-0.3395896,0.08388847,9.037315
-0.23808289,6.0215454,7.2801666,0.07682991,-0.49477148,-0.8722477,-0.2501788,-0.01834555,8.832693
-0.2632141,6.0143585,7.3160553,-0.31097007,-0.82174873,-0.37400007,-0.33934224,-0.4018922,9.009669
-0.21534729,5.97966,7.2263184,-0.09821546,-0.60577345,-0.07961798,0.37551928,-0.17442852,9.34675
-0.3254242,5.9569244,7.1928253,0.15003681,-0.3420949,-0.1499381,0.15468979,0.103600726,9.449776
-0.2763672,5.976074,7.414154,0.11580801,-0.4715724,-0.40491772,0.07322502,0.0471787,9.180422
-0.22132874,5.949753,7.410568,0.009709954,-0.4857297,-0.63397884,-0.07758236,-0.06632103,9.014477
-0.22013855,5.942581,7.155731,0.18795061,-0.31705475,-0.40288353,-0.032383442,0.13901705,9.2795925
-0.2679901,5.9820557,6.953537,0.28675056,-0.38049555,-0.17756367,0.2737441,-0.11324167,9.393405
-0.3146515,5.9928284,7.071991,0.1332168,-0.39480162,-0.29966164,0.093518734,0.08347607,9.308958
-0.39959717,5.9689026,7.3950195,0.0019442439,-0.31659794,-0.5917568,-0.16681528,-0.050386027,9.158539
-0.44625854,5.946167,7.5673065,-0.056598604,-0.2915225,-0.825758,-0.3449564,-0.11469561,9.007956
-0.42352295,5.91626,7.4656067,0.04889089,-0.13852406,-0.61417913,-0.3072071,0.012990579,9.255061
-0.29431152,5.8743744,7.299301,0.1384213,-0.044713974,-0.57595205,-0.3457632,0.112433806,9.336878
-0.2632141,5.9198456,7.2107697,-0.13161528,-0.24327517,-0.05418825,-0.12379646,-0.16956758,9.6186
-0.31106567,5.9569244,7.0911255,-0.3531778,-0.17197561,0.08441162,-0.32262635,-0.23908663,9.79303
-0.38165283,5.9569244,7.2227325,-0.26131535,-0.17314291,0.29652166,0.30645323,-0.26922467,9.947342
-0.3672943,5.9030914,7.4524536,0.017408907,-0.21507978,0.2958088,0.07834947,-0.346457,9.895499
-0.4008026,5.8995056,7.6378937,0.17881083,-0.1939063,0.24046278,0.31602,0.15994596,9.85074
-0.53718567,5.95932,7.586441,0.09684956,-0.25414276,0.2521696,0.36324167,0.070860624,9.830983
-0.4737854,5.966507,7.25264,0.025520444,-0.06412649,0.13048458,0.1343708,0.020717502,9.86414
-0.45224,5.983246,7.257431,0.1709621,-0.054419518,-0.1330986,-0.029010773,0.15826672,9.651684
-0.4510498,5.9282227,7.409378,0.13324773,-0.19535637,-0.19660473,0.034292698,0.09950869,9.517695
-0.45224,5.9449615,7.289734,-0.022615433,-0.25516415,-0.46214056,-0.106025696,-0.07147688,9.293968
-0.45822144,5.97966,7.1892395,0.040854216,-0.13996744,-0.7630491,-0.38536978,-0.0011428744,9.132119
-0.3864441,5.974884,7.338791,0.0364635,-0.13004589,-0.789124,-0.41150665,-0.0038561076,9.119915
-0.44267273,5.9653015,7.5182495,-0.076755166,-0.24324226,-0.59571457,-0.21081829,-0.12712324,9.20721
-0.4019928,5.9365997,7.5684967,-0.16853964,-0.30640793,-0.24856806,-0.19100916,-0.11983156,9.441639
-0.39361572,5.966507,7.4033966,-0.07775557,-0.3611412,-0.14332962,0.17302132,-0.13598154,9.477129
-0.4055786,6.0634155,7.155731,-0.022678733,-0.32809114,-0.29521418,0.056832314,-0.08132084,9.375993
-0.38404846,6.0681915,7.186844,-0.07863283,-0.32584524,-0.44469738,-0.04695463,-0.1406934,9.269888
-0.43190002,5.991623,7.463211,-0.08611095,-0.19212627,-0.5930257,-0.24519444,-0.13096175,9.2420845
-0.39959717,5.9641113,7.512268,0.034653783,-0.15664434,-0.79056406,-0.386559,-0.010462567,9.0987
-0.37806702,5.99881,7.4644165,0.2840985,-0.3405509,-0.7795477,-0.2125392,0.20618924,8.9600725
-0.37806702,6.011963,7.2550354,0.47910368,-0.42443943,-0.74686,-0.10453844,0.38813362,8.908923
-0.28234863,5.9772644,7.2394867,0.5063151,-0.43787336,-0.7084775,-0.06414032,0.41589147,8.927474
-0.28115845,6.028717,7.220337,0.36452186,-0.4084158,-0.6595144,0.25829935,0.13450527,9.00053
-0.31225586,5.9904327,7.1688995,0.25513256,-0.30852556,-0.57533264,-0.101905346,0.19184658,9.140243
-0.35772705,6.0047913,7.3208466,0.096505046,-0.022538185,-0.4782915,-0.27671432,0.0825689,9.412703
-0.36489868,6.069397,7.3902283,-0.24457526,0.1272583,-0.3025546,-0.3205862,-0.22412546,9.686054
-0.34457397,6.0143585,7.4117737,-0.27187335,0.10972643,-0.24418926,-0.2746873,-0.25210965,9.72559
-0.2979126,5.9820557,7.331604,-0.024016619,0.111551285,-0.14601612,-0.04665351,0.17567062,9.770532
-0.16630554,5.974884,7.150955,-0.08474457,0.019937992,-0.06929684,-0.07086897,-0.08096787,9.778313
-0.1651001,5.9724884,7.3040924,-0.25913262,-0.19243717,0.425282,-0.1836325,-0.4441123,10.039223
-0.13040161,6.0394897,7.2622223,-0.22542632,-0.24117184,0.5095339,0.48366356,-0.25764257,10.0679865
-0.14955139,6.0478516,7.097107,-0.088652134,-0.41047716,0.27882147,0.47683573,-0.15840447,9.766304
-0.22612,6.069397,7.225128,-0.10706937,-0.4223423,-0.12750244,0.2156105,-0.18514791,9.452637
-0.28833008,6.069397,7.361511,-0.15026402,-0.43237638,-0.26365328,0.12580967,-0.2317396,9.3489275
-0.3529358,6.0765686,7.434494,-0.071095675,-0.16622591,-0.12318182,0.083399236,0.037679195,9.607944
-0.3672943,6.06221,7.442871,-0.0808357,-0.17185736,-0.121831894,0.0,0.0,0.0
-0.35533142,6.06221,7.4943237,-0.06272143,-0.1685338,-0.072882175,0.0,0.0,0.0
-0.29312134,6.06102,7.471588,7.893145E-4,-0.16776943,-0.097176075,0.0,0.0,0.0
-0.34457397,6.070587,7.278961,-0.049022257,-0.15844345,-0.2895403,0.0,0.0,0.0
-0.31704712,6.023926,7.166504,-0.01886335,-0.2143631,-0.3942647,0.0,0.0,0.0
-0.279953,6.011963,7.1928253,0.018444598,-0.2312684,-0.3638544,0.0,0.0,0.0
-0.26200867,6.0394897,7.294525,0.03593278,-0.20391226,-0.26203156,0.0,0.0,0.0
-0.2715912,6.023926,7.421341,0.026418418,-0.21706867,-0.13720226,0.0,0.0,0.0
-0.31225586,6.016754,7.3088837,-0.013404608,-0.22108412,-0.25223064,0.0,0.0,0.0
-0.32183838,6.0550385,7.2646027,-0.021665096,-0.18633127,-0.2935443,0.0,0.0,0.0
-0.34576416,6.1040955,7.191635,-0.04519385,-0.13959408,-0.36457968,0.0,0.0,0.0
-0.34934998,6.130417,7.2550354,-0.048676968,-0.11596012,-0.29895353,0.0,0.0,0.0
-0.36849976,6.0598297,7.3244324,-0.06827891,-0.19227505,-0.22483492,0.0,0.0,0.0
-0.39840698,5.9653015,7.4368896,-0.09443945,-0.28079128,-0.11720276,0.0,0.0,0.0
-0.2536316,6.003586,7.3208466,0.050796628,-0.23897886,-0.23614359,0.0,0.0,0.0
-0.21296692,6.0107727,7.261017,0.08452436,-0.23403835,-0.29439306,0.0,0.0,0.0
-0.22013855,6.0670013,7.2753754,0.0697732,-0.17832565,-0.27990294,0.0,0.0,0.0
-0.2679901,6.0358887,7.2191467,0.020322174,-0.20818138,-0.3372321,0.0,0.0,0.0
-0.24645996,5.991623,7.146164,0.03780386,-0.25625277,-0.40722132,0.0,0.0,0.0
-0.44386292,5.9329987,7.1066895,-0.1561979,-0.31858015,-0.4435029,0.0,0.0,0.0
-0.49531555,5.9569244,7.430908,-0.19948566,-0.29139996,-0.12166166,0.0,0.0,0.0
-0.50608826,5.962921,7.4775696,-0.2015799,-0.2714901,-0.0861454,0.0,0.0,0.0
-0.5156555,5.9772644,7.359131,-0.20539537,-0.25385523,-0.20706177,0.0,0.0,0.0
-0.4665985,6.008377,6.9427795,-0.14705962,-0.23968077,-0.60904455,0.0,0.0,0.0
-0.46780396,5.95932,7.104294,-0.1418612,-0.29516172,-0.44193792,0.0,0.0,0.0
-0.501297,6.007187,7.3256226,-0.16541862,-0.24175215,-0.22476387,0.0,0.0,0.0
-0.43310547,5.97966,7.401001,-0.09110963,-0.2629733,-0.15432549,0.0,0.0,0.0
-0.36849976,5.9569244,7.363907,-0.023518175,-0.28303194,-0.19349527,0.0,0.0,0.0
-0.2644043,5.9904327,7.1688995,0.07851738,-0.254004,-0.38489485,0.0,0.0,0.0
-0.28234863,5.9892426,7.0049896,0.059911907,-0.26310825,-0.54228497,0.0,0.0,0.0
-0.35891724,6.0095673,7.02652,-0.012891084,-0.24886656,-0.51553965,0.0,0.0,0.0
-0.3900299,5.996414,7.240677,-0.042508334,-0.263381,-0.3001833,0.0,0.0,0.0
-0.5048828,6.008377,7.3627167,-0.15366894,-0.24588251,-0.18256474,0.0,0.0,0.0
-0.61854553,6.02034,7.2873383,-0.25652766,-0.22916412,-0.26137257,0.0,0.0,0.0
-0.6663971,6.0346985,7.2885437,-0.2862504,-0.21497583,-0.25913477,0.0,0.0,0.0
-0.6699829,6.025131,7.289734,-0.273813,-0.22514725,-0.2566204,0.0,0.0,0.0
-0.6496582,6.029907,7.2394867,-0.24532199,-0.22385216,-0.30354977,0.0,0.0,0.0
-0.65922546,6.003586,7.134201,-0.24589634,-0.25402355,-0.40515375,0.0,0.0,0.0
-0.62931824,6.0143585,7.101898,-0.20004144,-0.24987125,-0.43106556,0.0,0.0,0.0
-0.6508484,6.0538483,7.1282196,-0.2124044,-0.21311522,-0.40194082,0.0,0.0,0.0
-0.54556274,6.0681915,7.215561,-0.09966132,-0.2002945,-0.3128953,0.0,0.0,0.0
-0.5479584,6.0562286,7.3627167,-0.09856582,-0.20841646,-0.16872787,0.0,0.0,0.0
-0.58265686,6.02034,7.3734894,-0.12915546,-0.23948479,-0.16171551,0.0,0.0,0.0
-0.60658264,6.025131,7.294525,-0.14467877,-0.23405743,-0.24069786,0.0,0.0,0.0
-0.5934143,6.0837555,7.1449738,-0.12853375,-0.1785965,-0.38743687,0.0,0.0,0.0
-0.6137543,6.0933228,7.1365967,-0.14145038,-0.17929363,-0.38680744,0.0,0.0,0.0
-0.6412811,6.0466614,7.1976166,-0.16118544,-0.22669601,-0.32467604,0.0,0.0,0.0
-0.6855469,6.032303,7.326828,-0.19898477,-0.23677492,-0.19861603,0.0,0.0,0.0
-0.65802,6.086151,7.2801666,-0.16377982,-0.18050289,-0.24679565,0.0,0.0,0.0
-0.6855469,6.070587,7.203598,-0.1874085,-0.19853878,-0.32104826,0.0,0.0,0.0
-0.72502136,6.0466614,7.270584,-0.22081637,-0.22288275,-0.25330973,0.0,0.0,0.0
-0.67237854,6.099304,7.3220367,-0.16113311,-0.16481495,-0.20589972,0.0,0.0,0.0
-0.59103394,6.057434,7.2825623,-0.077281,-0.20597267,-0.24579668,0.0,0.0,0.0
-0.48693848,6.007187,7.1736755,0.025420368,-0.26252604,-0.34952736,0.0,0.0,0.0
-0.4737854,5.9892426,7.117447,0.037987947,-0.28330374,-0.4034338,0.0,0.0,0.0
-0.48454285,6.070587,7.244278,0.026753426,-0.19620132,-0.2814331,0.0,0.0,0.0
-0.48812866,6.025131,7.361511,0.019833028,-0.23732996,-0.16802692,0.0,0.0,0.0
-0.47257996,5.95813,7.1700897,0.030340612,-0.3032322,-0.36070108,0.0,0.0,0.0
-0.48095703,5.9485626,7.0995026,0.018703818,-0.319376,-0.42603207,0.0,0.0,0.0
-0.51924133,5.991623,7.1186523,-0.020062655,-0.2780242,-0.40549088,0.0,0.0,0.0
-0.6652069,6.0155487,7.21196,-0.16245121,-0.25229073,-0.3134513,0.0,0.0,0.0
-0.72143555,6.007187,7.1521454,-0.21689826,-0.26094246,-0.37290478,0.0,0.0,0.0
-0.7166443,5.9892426,7.104294,-0.2030744,-0.285707,-0.41445875,0.0,0.0,0.0
-0.7513428,5.9808655,7.12941,-0.23058653,-0.29704,-0.38638067,0.0,0.0,0.0
-0.7405853,5.99881,7.073181,-0.21032268,-0.28007174,-0.44112873,0.0,0.0,0.0
-0.6891327,6.0263214,7.1688995,-0.14597231,-0.25045586,-0.3462472,0.0,0.0,0.0
-0.54437256,5.983246,7.314865,0.0022117496,-0.28973532,-0.20320272,0.0,0.0,0.0
-0.40318298,6.052643,7.1210327,0.13835639,-0.21996498,-0.39771128,0.0,0.0,0.0
-0.42591858,6.029907,7.002594,0.11474764,-0.24750233,-0.51220465,0.0,0.0,0.0
-0.5467529,6.01915,7.1485596,-0.0044739246,-0.261981,-0.3630123,0.0,0.0,0.0
-0.58026123,6.04068,7.339981,-0.035968304,-0.23487663,-0.17610359,0.0,0.0,0.0
-0.64486694,6.049057,7.319641,-0.09899944,-0.22178745,-0.20026064,0.0,0.0,0.0
-0.6699829,6.0717926,7.2622223,-0.11818147,-0.19818449,-0.25796986,0.0,0.0,0.0
-0.7142639,6.0849457,7.2466583,-0.15814054,-0.18641043,-0.27206516,0.0,0.0,0.0
-0.727417,6.0933228,7.171295,-0.16614383,-0.18073845,-0.34478855,0.0,0.0,0.0
-0.6807556,6.126816,7.1210327,-0.11400658,-0.15319729,-0.3896675,0.0,0.0,0.0
-0.66400146,6.118454,7.167694,-0.09468955,-0.16417074,-0.34062767,0.0,0.0,0.0
-0.60658264,6.078964,7.2921295,-0.035366237,-0.20390654,-0.21584177,0.0,0.0,0.0
-0.63768005,6.0430756,7.301697,-0.064741254,-0.23494864,-0.21019697,0.0,0.0,0.0
-0.5862427,6.0885315,7.076767,-0.012783885,-0.18974113,-0.4348793,0.0,0.0,0.0
-0.57188416,6.1579285,7.027725,0.002627194,-0.12849617,-0.4770198,0.0,0.0,0.0
-0.6029968,6.1459656,7.2023926,-0.029247165,-0.14086294,-0.30207205,0.0,0.0,0.0
-0.69511414,6.118454,7.3734894,-0.11937761,-0.1588459,-0.1387949,0.0,0.0,0.0
-0.7262268,6.12204,7.240677,-0.14707375,-0.15716219,-0.26975536,0.0,0.0,0.0
-0.7310028,6.1172485,6.9379883,-0.14641607,-0.17137384,-0.5641365,0.0,0.0,0.0
-0.7645111,6.131607,7.167694,-0.17078602,-0.16541958,-0.32665873,0.0,0.0,0.0
-0.74894714,6.118454,7.2885437,-0.15170938,-0.17309284,-0.21013212,0.0,0.0,0.0
-0.6616211,6.06221,7.2825623,-0.06063533,-0.22110176,-0.22271538,0.0,0.0,0.0
-0.59580994,6.0801697,7.0707855,0.0065787435,-0.20662594,-0.4314623,0.0,0.0,0.0
-0.53479004,6.10289,7.0791626,0.06683749,-0.18887663,-0.41897726,0.0,0.0,0.0
-0.56111145,6.0478516,7.2191467,0.036800742,-0.24141979,-0.28138304,0.0,0.0,0.0
-0.5766754,6.0143585,7.2933197,0.019747436,-0.26885462,-0.21240473,0.0,0.0,0.0
-0.5647125,6.0335083,7.117447,0.030308187,-0.25029087,-0.38789797,0.0,0.0,0.0
-0.59103394,6.10289,7.055237,0.0020205379,-0.18489552,-0.4469242,0.0,0.0,0.0
-0.6807556,6.1124725,7.075577,-0.087666094,-0.17765093,-0.42462206,0.0,0.0,0.0
-0.7896271,6.027527,7.228714,-0.19021147,-0.25754452,-0.2752161,0.0,0.0,0.0
-0.80519104,6.027527,7.277771,-0.2013362,-0.25145435,-0.23090029,0.0,0.0,0.0
-0.7525482,6.069397,7.3698883,-0.14505988,-0.20425844,-0.14294004,0.0,0.0,0.0
-0.72024536,6.04068,7.2346954,-0.10910386,-0.2313981,-0.27915382,0.0,0.0,0.0
-0.68434143,6.0131683,7.154541,-0.06870526,-0.258986,-0.35887766,0.0,0.0,0.0
-0.6520386,5.927017,7.1940155,-0.03465551,-0.3455019,-0.31895542,0.0,0.0,0.0
-0.6388855,5.8863373,7.2873383,-0.019853413,-0.38520575,-0.2263112,0.0,0.0,0.0
-0.55633545,5.9413757,7.2059784,0.061761677,-0.32166147,-0.31483984,0.0,0.0,0.0
-0.67836,6.0646057,7.068405,-0.05703008,-0.2000246,-0.45081997,0.0,0.0,0.0
-0.7142639,6.0263214,7.1844482,-0.09168184,-0.23943424,-0.33373547,0.0,0.0,0.0
-0.727417,5.9449615,7.2933197,-0.103322506,-0.31453228,-0.22995281,0.0,0.0,0.0
-0.68673706,5.9689026,7.3136597,-0.059856772,-0.28502798,-0.21400642,0.0,0.0,0.0
-0.75613403,5.9772644,7.223938,-0.12669033,-0.27319336,-0.3063979,0.0,0.0,0.0
-0.77526855,5.9892426,7.1940155,-0.14061826,-0.2599373,-0.3369441,0.0,0.0,0.0
-0.7525482,5.925827,7.276581,-0.112703204,-0.32074642,-0.2561016,0.0,0.0,0.0
-0.6197357,5.93779,7.1856537,0.019438744,-0.3069744,-0.3485856,0.0,0.0,0.0
-0.5886383,5.962921,7.12941,0.04761994,-0.2842784,-0.40305758,0.0,0.0,0.0
-0.63409424,5.9689026,7.1844482,0.0014228821,-0.27620983,-0.34981203,0.0,0.0,0.0
-0.6687927,5.9653015,7.2346954,-0.033061087,-0.2758975,-0.30278873,0.0,0.0,0.0
-0.6663971,6.0012054,7.245468,-0.032244325,-0.23713112,-0.29451847,0.0,0.0,0.0
-0.624527,6.0047913,7.2215424,0.007680595,-0.23275137,-0.31926394,0.0,0.0,0.0
-0.7465668,5.9653015,7.258621,-0.109809875,-0.27002287,-0.28363752,0.0,0.0,0.0
-0.80877686,5.929413,7.2921295,-0.16609275,-0.29957104,-0.25486374,0.0,0.0,0.0
-0.8111725,5.9306183,7.294525,-0.16429818,-0.29444456,-0.25534487,0.0,0.0,0.0
-0.7262268,5.904297,7.237091,-0.07713604,-0.31903696,-0.31401396,0.0,0.0,0.0
-0.66760254,5.9569244,7.183258,-0.017173648,-0.2677226,-0.36664867,0.0,0.0,0.0
-0.6927185,5.996414,7.133011,-0.04043454,-0.23030138,-0.41503,0.0,0.0,0.0
-0.68196106,5.905487,7.1976166,-0.028277814,-0.31875277,-0.35234547,0.0,0.0,0.0
-0.6352997,5.8181458,7.2682037,0.017359436,-0.40075588,-0.2862444,0.0,0.0,0.0
-0.6412811,5.9102783,7.2394867,0.011822164,-0.3035121,-0.31912756,0.0,0.0,0.0
-0.72502136,5.967697,7.2311096,-0.069689155,-0.2438283,-0.32917356,0.0,0.0,0.0
-0.7166443,5.9653015,7.249054,-0.061223865,-0.24382353,-0.31319284,0.0,0.0,0.0
-0.67477417,5.962921,7.1593323,-0.020491242,-0.24599695,-0.40318298,0.0,0.0,0.0
-0.6759796,5.9329987,7.135391,-0.022839665,-0.2791686,-0.42455387,0.0,0.0,0.0
-0.75852966,5.9234314,7.2550354,-0.10540587,-0.29044867,-0.303504,0.0,0.0,0.0
-0.7848511,5.922241,7.298111,-0.124163985,-0.28218222,-0.2675357,0.0,0.0,0.0
-0.6891327,5.9844513,7.228714,-0.027360678,-0.21846962,-0.33806992,0.0,0.0,0.0
-0.6006012,5.9820557,7.1688995,0.059256375,-0.22451973,-0.39505434,0.0,0.0,0.0
-0.59580994,5.995224,7.196411,0.0635764,-0.21372461,-0.36563587,0.0,0.0,0.0
-0.6017914,5.942581,7.2466583,0.058825076,-0.26540756,-0.31606865,0.0,0.0,0.0
-0.59939575,5.900696,7.3040924,0.058879137,-0.30215693,-0.26305246,0.0,0.0,0.0
-0.6089783,5.9198456,7.2729797,0.044429302,-0.28117275,-0.29608965,0.0,0.0,0.0
-0.6412811,6.0131683,7.1497498,0.01386106,-0.19118452,-0.41643667,0.0,0.0,0.0
-0.7776642,6.0335083,7.1078796,-0.11830783,-0.17460155,-0.4548583,0.0,0.0,0.0
-0.8638153,5.9353943,7.2335052,-0.19617027,-0.2709198,-0.32997942,0.0,0.0,0.0
-0.8877411,5.873184,7.2837524,-0.21719134,-0.33100653,-0.2812171,0.0,0.0,0.0
-0.8267212,5.9533386,7.2131653,-0.15011829,-0.24748659,-0.3540244,0.0,0.0,0.0
-0.86260986,5.9605255,7.1605225,-0.1766187,-0.24149561,-0.40484238,0.0,0.0,0.0
-0.8661957,5.9449615,7.249054,-0.16777408,-0.2568779,-0.31532192,0.0,0.0,0.0
-0.7800598,5.9306183,7.223938,-0.07312012,-0.2690525,-0.34142447,0.0,0.0,0.0
-0.7142639,5.927017,7.220337,-0.0056828856,-0.2735672,-0.3441229,0.0,0.0,0.0
-0.57188416,5.9066772,7.237091,0.13310695,-0.29510498,-0.32672262,0.0,0.0,0.0
-0.5922241,5.9318085,7.1808624,0.10979164,-0.27083635,-0.38251972,0.0,0.0,0.0
-0.59820557,5.934204,7.117447,0.101122856,-0.27223063,-0.44307518,0.0,0.0,0.0
-0.66760254,5.966507,7.1270294,0.02764684,-0.24487686,-0.42980337,0.0,0.0,0.0
-0.7166443,6.007187,7.274185,-0.02346313,-0.20347595,-0.28343058,0.0,0.0,0.0
-0.8267212,5.97847,7.2849426,-0.12874216,-0.227777,-0.2758584,0.0,0.0,0.0
-0.9068756,5.9820557,7.245468,-0.20227283,-0.22223568,-0.31632376,0.0,0.0,0.0
-0.9260254,5.9736786,7.2969055,-0.21625423,-0.22901344,-0.26571417,0.0,0.0,0.0
-0.8614197,6.0430756,7.307678,-0.14737558,-0.16024351,-0.25402546,0.0,0.0,0.0
-0.77526855,6.0346985,7.258621,-0.06105876,-0.16979265,-0.30210495,0.0,0.0,0.0
-0.73339844,5.971283,7.1808624,-0.020207226,-0.23857498,-0.37555313,0.0,0.0,0.0
-0.7142639,5.97966,7.2012024,-0.0022158623,-0.23296452,-0.35304642,0.0,0.0,0.0
-0.550354,5.9114685,7.2550354,0.15834546,-0.30004215,-0.30044365,0.0,0.0,0.0
-0.65802,5.9198456,7.3411865,0.044707596,-0.28871584,-0.21727371,0.0,0.0,0.0
-0.7082825,5.988037,7.244278,-0.0035924911,-0.22089195,-0.31369781,0.0,0.0,0.0
-0.7549286,6.0358887,7.2622223,-0.04729277,-0.17389822,-0.29477358,0.0,0.0,0.0
-0.7453613,5.9928284,7.414154,-0.03886074,-0.21573353,-0.14395428,0.0,0.0,0.0
-0.70947266,5.91626,7.356735,-0.004491508,-0.29169035,-0.2020173,0.0,0.0,0.0
-0.6855469,5.9521484,7.166504,0.019222379,-0.2599783,-0.38883686,0.0,0.0,0.0
-0.7393799,6.0012054,7.0791626,-0.03274852,-0.21739864,-0.47067356,0.0,0.0,0.0
-0.7848511,6.008377,7.104294,-0.07597005,-0.21551275,-0.44097424,0.0,0.0,0.0
-0.776474,5.947357,7.307678,-0.067171454,-0.27722216,-0.23698139,0.0,0.0,0.0
-0.67836,6.0023956,7.361511,0.029805541,-0.21890497,-0.18595886,0.0,0.0,0.0
-0.7046814,5.9521484,7.2012024,0.0015012026,-0.27047062,-0.34536695,0.0,0.0,0.0
-0.69750977,5.9605255,7.171295,0.009101093,-0.2654338,-0.3724785,0.0,0.0,0.0
-0.6927185,5.9689026,7.174881,0.014607251,-0.25994825,-0.3664379,0.0,0.0,0.0
-0.71784973,5.9976044,7.122238,-0.01041019,-0.23652172,-0.41471052,0.0,0.0,0.0
-0.7429657,6.01915,7.0791626,-0.032494247,-0.22047234,-0.45295048,0.0,0.0,0.0
-0.7956085,6.0107727,7.2012024,-0.08129132,-0.23130226,-0.32851458,0.0,0.0,0.0
-0.7992096,5.9928284,7.3962097,-0.08090609,-0.24241018,-0.13879061,0.0,0.0,0.0
-0.7788696,5.986847,7.3328094,-0.05958444,-0.24462175,-0.20521498,0.0,0.0,0.0
-0.673584,6.0311127,7.1533356,0.046377778,-0.19990063,-0.3850007,0.0,0.0,0.0
-0.6759796,6.0179443,7.0660095,0.045133293,-0.22504139,-0.46230412,0.0,0.0,0.0
-0.76091003,6.032303,7.125824,-0.035980463,-0.21274042,-0.40041685,0.0,0.0,0.0
-0.74775696,6.0012054,7.2143555,-0.022258282,-0.24255228,-0.3128972,0.0,0.0,0.0
-0.653244,5.976074,7.183258,0.07205069,-0.26517105,-0.34609747,0.0,0.0,0.0
-0.67118835,5.962921,7.1892395,0.052075922,-0.27688503,-0.3415041,0.0,0.0,0.0
-0.73698425,5.9904327,7.2969055,-0.012366414,-0.24579239,-0.23667336,0.0,0.0,0.0
-0.79800415,6.0143585,7.253845,-0.0697276,-0.21884584,-0.28188038,0.0,0.0,0.0
-0.8111725,5.9724884,7.1928253,-0.079152584,-0.26063347,-0.34260607,0.0,0.0,0.0
-0.6855469,5.9844513,7.21196,0.047990143,-0.24862623,-0.32336044,0.0,0.0,0.0
-0.82432556,5.9617157,7.278961,-0.08828759,-0.2692833,-0.25783443,0.0,0.0,0.0
-0.87338257,5.947357,7.227524,-0.13225055,-0.28152037,-0.31052637,0.0,0.0,0.0
-0.7992096,5.9653015,7.073181,-0.053067863,-0.26691484,-0.46161366,0.0,0.0,0.0
-0.76330566,5.949753,6.9846497,-0.015655339,-0.2882228,-0.54522896,0.0,0.0,0.0
-0.73698425,5.9365997,7.125824,0.010785878,-0.30196333,-0.4035554,0.0,0.0,0.0
-0.78245544,6.029907,7.2634125,-0.03477794,-0.20633459,-0.26789904,0.0,0.0,0.0
-0.76690674,5.974884,7.347168,-0.018584907,-0.25819302,-0.18669939,0.0,0.0,0.0
-0.6891327,5.9150543,7.3220367,0.064133346,-0.30623674,-0.2210741,0.0,0.0,0.0
-0.7513428,5.9808655,7.3782654,5.0216913E-4,-0.23583078,-0.16877413,0.0,0.0,0.0
-0.7956085,5.9413757,7.392624,-0.04289812,-0.27075195,-0.15809011,0.0,0.0,0.0
-0.7680969,5.913864,7.1521454,-0.011737227,-0.29790878,-0.39849567,0.0,0.0,0.0
-0.7262268,5.922241,7.019348,0.033417225,-0.29281473,-0.52826166,0.0,0.0,0.0
-0.6687927,5.9724884,7.0791626,0.09034109,-0.24665403,-0.46513128,0.0,0.0,0.0
-0.7525482,5.971283,7.3088837,0.0070407987,-0.2440176,-0.23853016,0.0,0.0,0.0
-0.8542328,5.9617157,7.335205,-0.09070194,-0.24526358,-0.21865606,0.0,0.0,0.0
-0.89372253,5.9019012,7.2957153,-0.12383604,-0.2961831,-0.26480103,0.0,0.0,0.0
-0.9152527,5.8672028,7.277771,-0.14143676,-0.3283577,-0.28441286,0.0,0.0,0.0
-0.8338928,5.8923187,7.227524,-0.057144046,-0.30095577,-0.33623123,0.0,0.0,0.0
-0.85543823,5.949753,7.1485596,-0.07587111,-0.24306393,-0.41528082,0.0,0.0,0.0
-0.82192993,5.905487,7.1653137,-0.038558066,-0.2864442,-0.39885902,0.0,0.0,0.0
-0.7573242,5.806183,7.237091,0.025157869,-0.3829913,-0.32942963,0.0,0.0,0.0
-0.6855469,5.864807,7.2382813,0.09577185,-0.3226409,-0.32977104,0.0,0.0,0.0
-0.776474,5.9234314,7.1066895,0.004366815,-0.26441097,-0.4610896,0.0,0.0,0.0
-0.82073975,5.9318085,7.1078796,-0.038092434,-0.26000118,-0.45646667,0.0,0.0,0.0
-0.7728882,5.9102783,7.215561,0.011294723,-0.28111887,-0.3489647,0.0,0.0,0.0
-0.7848511,5.954544,7.277771,-0.0014730692,-0.2352233,-0.2881713,0.0,0.0,0.0
-0.8111725,5.9353943,7.277771,-0.02625066,-0.2544346,-0.287961,0.0,0.0,0.0
-0.8422699,5.913864,7.1605225,-0.051414847,-0.27744055,-0.40338373,0.0,0.0,0.0
-0.77526855,5.87677,7.0791626,0.016195416,-0.3170972,-0.48258162,0.0,0.0,0.0
-0.62931824,5.9724884,7.155731,0.15407848,-0.22648287,-0.4026699,0.0,0.0,0.0
-0.7465668,5.97847,7.174881,0.034781992,-0.2219243,-0.38256502,0.0,0.0,0.0
-0.80996704,5.946167,7.2335052,-0.025348127,-0.2537942,-0.32395744,0.0,0.0,0.0
-0.776474,5.925827,7.2646027,0.009537041,-0.2670622,-0.29851198,0.0,0.0,0.0
-0.69511414,5.8911285,7.4368896,0.08811307,-0.29355955,-0.13322067,0.0,0.0,0.0
-0.7513428,5.921036,7.2837524,0.030328035,-0.2609048,-0.28876257,0.0,0.0,0.0
-0.78604126,5.9329987,7.0995026,-0.002988577,-0.25308752,-0.46948385,0.0,0.0,0.0
-0.79322815,5.93779,7.135391,-0.009703338,-0.2513275,-0.43106794,0.0,0.0,0.0
-0.7848511,5.929413,7.154541,-0.0016646981,-0.25927496,-0.4123044,0.0,0.0,0.0
-0.7728882,5.93779,7.278961,0.00967294,-0.24821186,-0.29014492,0.0,0.0,0.0
-0.8446655,5.9282227,7.4189453,-0.062689185,-0.25317144,-0.15398502,0.0,0.0,0.0
-0.8518524,5.9485626,7.434494,-0.067222595,-0.22674417,-0.14312601,0.0,0.0,0.0
-0.80877686,5.873184,7.216751,-0.021002233,-0.3037138,-0.35924625,0.0,0.0,0.0
-0.82192993,5.87558,7.1485596,-0.031667113,-0.30789423,-0.42181206,0.0,0.0,0.0
-0.95114136,5.9078827,7.1198425,-0.15380234,-0.28211832,-0.44445086,0.0,0.0,0.0
-1.022934,5.983246,7.1150513,-0.21001923,-0.2133336,-0.44219398,0.0,0.0,0.0
-0.9750824,5.9401855,7.137787,-0.1535303,-0.25979757,-0.41573238,0.0,0.0,0.0
-0.850647,5.950943,7.2095795,-0.022260368,-0.25354338,-0.33949423,0.0,0.0,0.0
-0.8446655,5.905487,7.350754,-0.013367236,-0.29708242,-0.19957447,0.0,0.0,0.0
-0.87815857,5.89592,7.314865,-0.04259664,-0.30241013,-0.23847389,0.0,0.0,0.0
-0.78245544,5.921036,7.1497498,0.053625047,-0.280375,-0.40100288,0.0,0.0,0.0
-0.6628113,5.91864,7.1365967,0.1693371,-0.2891116,-0.40937805,0.0,0.0,0.0
-0.6699829,5.9030914,7.2023926,0.15304005,-0.30665112,-0.3429451,0.0,0.0,0.0
-0.79681396,5.89711,7.3208466,0.02329433,-0.30879545,-0.2279644,0.0,0.0,0.0
-0.8757782,5.954544,7.1904297,-0.05124575,-0.25279093,-0.3567233,0.0,0.0,0.0
-0.85902405,5.9736786,7.1485596,-0.032930493,-0.23697805,-0.39569044,0.0,0.0,0.0
-0.9439697,5.9724884,7.2550354,-0.117632926,-0.24005318,-0.2876358,0.0,0.0,0.0
-0.9990082,5.9724884,7.2143555,-0.16481262,-0.23918056,-0.32816887,0.0,0.0,0.0
-1.0014038,5.991623,7.155731,-0.16059643,-0.22193527,-0.3845024,0.0,0.0,0.0
-0.7920227,5.9557343,7.220337,0.049110055,-0.2590084,-0.31888437,0.0,0.0,0.0
-0.7393799,5.8923187,7.2801666,0.098362744,-0.32087708,-0.2607069,0.0,0.0,0.0
-0.7800598,5.864807,7.3124695,0.056450546,-0.34525633,-0.23112011,0.0,0.0,0.0
-0.8769684,5.922241,7.1724854,-0.038567424,-0.2893238,-0.36965895,0.0,0.0,0.0
-0.89849854,5.988037,7.101898,-0.058737874,-0.2327547,-0.43248558,0.0,0.0,0.0
-0.86021423,6.016754,7.117447,-0.021663964,-0.20888186,-0.41306973,0.0,0.0,0.0
-0.88175964,5.988037,7.2394867,-0.042102873,-0.23800898,-0.29056787,0.0,0.0,0.0
-0.9523468,5.97847,7.310074,-0.110467374,-0.24391317,-0.22275877,0.0,0.0,0.0
-0.9451599,6.0,7.347168,-0.1019367,-0.22105885,-0.18660879,0.0,0.0,0.0
-0.80158997,6.0598297,7.256241,0.041097224,-0.1649208,-0.2745452,0.0,0.0,0.0
