-0.53718567,6.025131,7.578064,0.05893576,-0.124574184,-0.27910614,0.025012255,-0.06273937,9.502791
-0.34457397,5.9485626,7.623535,0.15365553,-0.23511696,-0.14730167,0.10977507,-0.09868717,9.52594
-0.3026886,5.8659973,7.495514,0.1798042,-0.23199797,-0.1990509,0.12855709,-0.06408882,9.482398
-0.29193115,5.9485626,7.4321136,0.18140793,-0.25598478,-0.44343662,0.09310031,0.06470251,9.275407
-0.3792572,5.971283,7.1569366,0.17267287,-0.21495533,-0.62721014,0.061258256,0.21138716,9.157823
-0.33259583,6.090927,7.249054,0.16678321,-0.23288298,-0.52347136,0.06886107,0.13620138,9.229779
-0.33499146,5.9437714,7.2466583,0.2510624,-0.28018427,-0.5045557,0.15112448,0.090706825,9.202461
-0.32661438,6.0143585,7.2059784,0.32851994,-0.27988768,-0.5742221,0.2180509,0.13855839,9.136391
-0.4019928,5.974884,7.0468597,0.3817563,-0.23986435,-0.7342696,0.25027287,0.27273846,9.028575
-0.45703125,5.9485626,7.0695953,0.22606087,-0.28864717,-0.71903515,0.017638683,-0.24249554,9.03703
-0.53001404,6.0179443,7.0001984,0.13961434,-0.28293037,-0.43369484,-0.024110794,-0.06855035,9.275282
-0.5467529,5.9234314,6.8147583,0.107904315,-0.1974492,-0.25068712,0.05485308,0.0032143593,9.474303
-0.43070984,5.9569244,6.5324097,0.16445935,-0.22776556,-0.32770538,0.09723592,0.02944231,9.3871355
-0.41874695,5.9449615,6.4857483,0.22780967,-0.22397518,-0.39164877,0.1506477,0.07553244,9.3301525
-0.24406433,6.027527,6.546768,0.18786466,-0.2649026,-0.40594864,0.10661042,0.05187559,9.300484
-0.3637085,6.008377,6.744171,0.19670546,-0.2836547,-0.30133295,-0.12752557,-0.037047386,9.368109
-0.42712402,6.0023956,6.793228,0.15795124,-0.28572226,-0.40529156,0.076313734,0.035577774,9.293076
-0.40438843,6.0023956,6.887741,0.17164898,-0.29948616,-0.5751643,0.06327927,0.13265371,9.152151
-0.49771118,5.971283,6.9559326,0.14168942,-0.27270365,-0.5741515,0.03535855,0.15271616,9.174574
-0.46780396,5.9198456,6.9978027,0.05096078,-0.31858826,-0.4144516,-0.0330801,0.013784409,9.282645
-0.50727844,6.0143585,7.178467,0.066034794,-0.35666895,-0.32926702,-0.024029493,0.064704895,9.32165
-0.49172974,6.04068,7.1976166,0.09053552,-0.3195691,-0.45188427,-3.0338764E-4,0.03821802,9.247133
-0.5001068,6.0670013,7.2179565,0.06924713,-0.25760603,-0.5760107,-0.036462784,0.16435003,9.194601
-0.47257996,6.1088715,7.3447723,0.032639146,-0.25781155,-0.45610523,-0.054698706,0.08796692,9.292031
-0.4893341,6.1040955,7.360321,0.030828834,-0.2903576,-0.2870655,0.009280205,0.054222822,9.400893
-0.45942688,6.168701,7.3878326,0.061144352,-0.33955622,-0.27715874,-0.005419731,-0.08721638,9.372809
-0.48214722,6.173477,7.335205,0.057482123,-0.3489232,-0.39809608,-0.028233647,-0.018530369,9.275246
-0.35772705,6.1256256,7.2598267,0.041014075,-0.32035828,-0.52384424,-0.0618577,0.08250713,9.199946
-0.23091125,6.2273254,7.253845,0.120150805,-0.2937193,-0.6206784,0.0032104254,0.16769695,9.13003
-0.279953,6.155533,7.228714,0.13814735,-0.36243868,-0.43095207,0.045924067,-0.0053544044,9.228699
-0.29193115,6.24646,7.4321136,0.11770105,-0.33954668,-0.35297632,0.039642215,-0.03854227,9.30597
-0.34336853,5.9976044,7.520645,0.07381487,-0.38518953,-0.32973337,-0.0029536486,-0.09133816,9.302476
-0.42712402,6.2237244,7.5433807,0.09917307,-0.36300325,-0.2486844,0.03576672,-0.12391949,9.37443
-0.36012268,6.1914215,7.326828,0.0998044,-0.38778496,-0.24598122,0.03498435,-0.1452837,9.361102
-0.3529358,6.258423,7.2801666,0.10744047,-0.34631872,-0.22935724,0.047540903,-0.12374067,9.39859
-0.41635132,6.1172485,7.412964,0.12113452,-0.30362415,-0.4387579,0.031971216,0.0407362,9.261959
-0.4785614,6.212967,7.483551,0.07020676,-0.34949112,-0.47078466,-0.02636993,0.023293495,9.217181
-0.39601135,6.0311127,7.5589294,0.104138374,-0.28681946,-0.29984522,0.037175417,-0.032419205,9.381699
-0.38285828,6.2201385,7.6378937,0.14011204,-0.24610901,-0.24531221,0.08373642,-0.033166885,9.442965
-0.3672943,6.0059814,7.1736755,0.19215214,-0.2629323,-0.361907,0.11602342,0.028787613,9.334694
-0.40438843,6.0550385,6.941574,0.14556015,-0.35298347,-0.5175514,-0.011288166,-0.06669927,9.167066
-0.38883972,5.9928284,6.715454,0.15072656,-0.28808594,-0.48910666,0.053886056,0.08840132,9.228534
-0.33857727,6.06221,6.6424713,0.16644657,-0.30665112,-0.4066081,0.0808202,0.023575306,9.277518
-0.26679993,6.025131,6.8350983,0.22829854,-0.3861971,-0.2765789,0.15695655,-0.1169405,9.31731
-0.27876282,5.9078827,7.00618,0.17185879,-0.40108395,-0.34546328,-0.11960101,0.03995657,9.264573
-0.35414124,5.77388,7.048065,0.18608236,-0.31476784,-0.39918184,0.101163745,0.013373375,9.275013
-0.40438843,5.6937256,6.9559326,0.15890372,-0.32598877,-0.38219357,0.07621181,-0.0071001053,9.28537
-0.4857483,5.7056885,6.693924,0.12919772,-0.3350706,-0.28248549,0.061703086,-0.07801247,9.360702
-0.4139557,5.785843,6.406784,0.14432776,-0.31689072,-0.27616024,0.07868266,-0.067522526,9.374489
-0.37327576,5.7894287,6.3804626,0.11322987,-0.2657442,-0.30946302,0.046257854,-0.008449078,9.385941
-0.26679993,5.883957,6.480957,0.1649375,-0.20796633,-0.3302269,0.09775829,0.052307606,9.397736
-0.3014984,5.864807,6.6628113,0.18253362,-0.21938086,-0.3488593,0.1114943,0.056263924,9.373577
-0.22492981,6.0442657,6.936798,0.22770584,-0.2947631,-0.3374896,0.15321589,-0.0073332787,9.328
-0.38523865,6.0646057,6.990631,0.15754318,-0.28684473,-0.35680056,0.08187568,0.00719738,9.329522
-0.4510498,5.9533386,7.1030884,0.13000453,-0.28569984,-0.36323643,0.053909898,0.010726929,9.329739
-0.5670929,5.9413757,7.2095795,0.115986586,-0.29650497,-0.2970786,-0.06239724,0.0123775005,9.375863
-0.49531555,6.0957184,7.1485596,0.17770827,-0.33042526,-0.3392148,0.10183215,-0.03686714,9.312588
-0.59820557,6.130417,6.9104767,0.15458453,-0.35029984,-0.3889532,0.070067406,-0.022398472,9.265837
-0.5144501,6.251251,6.8853455,0.13770592,-0.33406878,-0.42554665,0.048685074,0.012722969,9.250662
-0.447464,6.324234,7.031311,0.09014559,-0.36841583,-0.35483885,0.010655642,-0.060245037,9.290875
-0.3637085,6.344574,7.3746796,0.12760377,-0.36681318,-0.3057809,0.05527103,-0.08780956,9.323359
-0.46540833,6.2237244,7.554138,0.19113994,-0.2942567,-0.41931963,0.104643226,0.04296589,9.271716
-0.49890137,6.250046,7.5469666,0.18409038,-0.33038664,-0.5821028,0.07002652,0.11742449,9.126066
-0.49531555,6.34935,7.483551,0.13404953,-0.35538483,-0.568038,0.020925522,0.08736086,9.129254
-0.4008026,6.354141,7.319641,0.10619056,-0.35181284,-0.27458668,0.03882134,-0.09565592,9.359673
-0.4175415,6.4115753,7.3052826,0.13432562,-0.33131933,-0.28957367,0.06515324,-0.06900406,9.356469
-0.39720154,6.3888397,7.223938,0.09908974,-0.3500414,-0.35469055,0.018474221,-0.044168472,9.300822
-0.4510498,6.418747,7.2933197,0.075624466,-0.30581188,-0.44046545,-0.015508413,0.043435574,9.267092
-0.3361969,6.3601227,7.3830566,0.06502962,-0.34246588,-0.2778201,-0.0032173395,-0.08749342,9.36958
-0.34217834,6.45224,7.545761,0.07515812,-0.39714622,-0.28797483,-0.056238413,0.10957551,9.325887
-0.39242554,6.258423,7.5146637,0.0966388,-0.38801813,-0.35730934,0.01154685,-0.071801186,9.2753525
-0.5204315,6.3134613,7.4440765,0.12834811,-0.3516922,-0.4654808,-0.012851715,-0.036230564,9.210533
-0.5862427,6.1986084,7.1593323,0.14138341,-0.3078084,-0.47021818,0.042960525,0.06444836,9.232332
-0.59461975,6.241684,6.7872467,0.07932389,-0.36460114,-0.29092026,0.0057965517,-0.095528126,9.343291
-0.53718567,6.197403,6.7118683,0.10746944,-0.35620308,-0.29613352,0.033077836,-0.0848465,9.339925
-0.5359955,6.2357025,6.8566284,0.12966752,-0.3201542,-0.39947653,0.04105425,0.009094715,9.280224
-0.5156555,6.172287,7.0612183,0.11923051,-0.29299784,-0.4649434,0.0123353,-0.07368517,9.249287
-0.7310028,6.1746826,7.3854523,0.14452505,-0.34953833,-0.19908428,0.08491695,-0.13919401,9.411539
-0.80996704,6.065811,7.4273224,0.14834988,-0.3667369,-0.14180899,0.09644568,-0.18863201,9.443705
-0.7896271,6.0442657,6.9595184,0.19678926,-0.34665108,-0.33808947,0.11459005,-0.047700405,9.298919
-0.7381897,5.9940186,6.775284,0.23104739,-0.30297995,-0.44751978,0.1343627,0.056804657,9.237288
-0.7405853,5.950943,6.6269226,0.17865574,-0.28985214,-0.44533348,0.0841918,0.06417227,9.256152
-0.6400757,5.9401855,6.3553314,0.13799441,-0.21169472,-0.44126558,0.050478816,0.12121439,9.315395
-0.5204315,5.946167,6.2608185,0.2505716,-0.29588795,-0.4011364,0.16193527,0.036233902,9.274006
-0.4127655,6.1208344,6.24646,0.2601241,-0.32427788,-0.44313717,0.16295165,0.04116583,9.222747
-0.34695435,6.1208344,6.5862427,0.22371697,-0.29485416,-0.33789396,-0.13366127,-0.059306145,9.3273
-0.3361969,6.0765686,6.912857,0.14315248,-0.33820438,-0.20095015,-0.13232493,0.07864857,9.417344
-0.23808289,6.049057,7.0408783,0.15466464,-0.27145386,-0.074807644,0.12135744,-0.15571642,9.553217
-0.38523865,5.9246216,7.071991,0.24934018,-0.25321436,-0.20337296,0.19571269,-0.056104183,9.4514065
-0.43310547,6.0598297,6.9882355,0.5214069,-0.46644878,-0.3787179,0.42158532,-0.096461296,9.138947
-0.47257996,6.209381,6.7585297,0.58846855,-0.7254944,0.102375984,0.5427271,-0.5984392,9.326614
-0.33140564,6.2237244,6.6628113,1.8774446,-1.1619334,0.541451,1.827867,-1.1808083,9.14889
-0.33380127,6.214157,6.8350983,1.0118737,-1.0684881,0.6526141,0.9943261,-1.2068267,9.424099
-0.3146515,6.2117615,6.90329,1.1258607,-1.0599647,0.48975992,1.0171227,-1.1246123,9.230751
-0.3098755,6.1997986,6.9595184,0.75158834,-0.7305622,-0.16920996,0.58126885,-0.41505814,9.021099
-0.3744812,6.2476654,6.9966125,0.6491387,-0.5559764,-0.83363247,-0.19106936,-0.36789608,8.6870165
-0.43788147,6.16391,6.978668,0.06913638,-0.30767202,-1.5231533,-0.29929537,0.94187,8.605509
-0.5814514,6.263214,7.1030884,-0.71908116,0.11376381,-1.9790401,-1.0083653,1.6537278,8.972981
-0.5587311,6.2476654,7.1210327,-1.3190482,0.377985,-2.179089,-1.5259744,2.0176854,9.325466
-0.55633545,6.271591,7.1940155,-1.3311286,0.33331013,-1.8507929,-1.4805067,1.7431886,9.527673
-0.49771118,6.32782,7.2131653,-1.2218201,0.30463934,-1.2791476,-1.2706896,1.2675767,9.7850485
-0.501297,6.2907257,7.2394867,-1.1511822,0.18206882,-0.69484377,-1.1299517,0.7287352,9.9892235
-0.45224,6.295517,7.171295,-1.5568473,0.31519604,-0.4144311,-1.4016763,0.61850643,10.396252
-0.49172974,6.2392883,7.1772766,-1.0757487,0.23445511,-0.83874416,-1.0589144,0.88470674,9.914774
-0.49172974,6.2105713,7.2837524,-0.5306163,0.06344414,-1.2222414,1.1353986,-0.5485096,9.371381
-0.4390869,6.30867,7.350754,-0.39922333,-0.045420647,-1.1160455,-0.58334213,0.9020591,9.303658
-0.4749756,6.315857,7.1700897,0.136662,-0.42376614,-0.34398603,-0.08408189,0.02234602,9.250761
-0.48335266,6.2847443,7.117447,0.37638092,-0.5778775,-0.09355354,0.12728643,-0.28669405,9.185392
-0.44148254,6.3314056,7.2502594,0.2761488,-0.53045225,-0.06754923,0.055423737,-0.2742324,9.273804
-0.35891724,6.3876343,7.363907,0.05443263,-0.32879114,-0.16199923,-0.095439374,-0.0649333,9.4545355
-0.48454285,6.30867,7.5421753,-0.15416908,-0.19565582,-0.4264288,-0.28696656,0.24154377,9.485406
-0.5790558,6.1363983,7.5601196,-0.077785015,-0.10011196,-0.59663916,-0.21331507,0.43146396,9.431969
-0.69392395,6.2273254,7.2430725,-0.11180782,-0.10479164,-0.66804934,-0.25879496,0.49074197,9.404196
-0.65922546,6.2524414,6.8614197,-0.27336383,-0.047227383,-0.52388763,-0.3595844,0.4192655,9.5914
-0.6891327,6.197403,6.880554,-0.24856782,-0.14375973,-0.24897385,-0.3235675,0.13837194,9.66313
-0.35414124,6.2081757,6.8614197,-0.106058836,-0.21768093,-0.2125845,-0.21405405,0.056058884,9.572421
-0.45822144,6.1663055,6.7333984,0.041867495,-0.3512535,-0.35890484,-0.15383172,0.088897705,9.335081
-0.43070984,6.212967,6.838684,-0.01884818,-0.37050247,-0.4330635,-0.22961515,0.14401054,9.304944
-0.55752563,6.0382843,7.081558,-0.10561371,-0.25079393,-0.5396004,-0.28296405,0.30721498,9.369876
-0.5084686,6.0681915,6.8315125,0.091804504,-0.21969652,-1.2095985,-0.20738888,0.85893893,8.946978
-0.6161499,6.1770782,6.530014,-0.1516757,-0.25240755,-0.29151487,-0.28214276,0.106954575,9.522657
-0.5587311,6.250046,6.6711884,-0.21793008,-0.22743654,-0.011165142,0.17816806,0.24524617,9.720302
-0.6460571,6.1459656,6.8327026,-0.051599026,-0.17575693,-0.30581522,-0.16280597,0.15256834,9.528635
-0.707077,6.118454,6.8327026,-0.123259544,-0.1832757,-0.5181966,-0.2644353,0.32742548,9.432247
-0.6795654,6.212967,6.813568,-0.1878171,-0.14797926,-0.6302247,-0.32743055,0.44399524,9.419334
-0.66400146,6.1375885,6.945175,-0.16952968,-0.14839888,-0.85108423,0.63297033,-0.32384324,9.287439
-0.73220825,6.028717,6.878174,-0.06492281,-0.22957659,-0.85955715,0.5426674,-0.32190633,9.176058
-0.83509827,6.049057,6.7836456,-0.15580463,-0.31208372,-0.31063747,-0.3021642,0.08109999,9.459826
-0.8075714,6.168701,6.649658,-0.25106382,-0.28290606,-0.2263813,-0.3647346,0.037548542,9.561954
-0.7800598,6.201004,6.764511,-0.3693421,-0.16016483,-0.5287523,-0.47369534,0.3593526,9.509794
-0.6616211,6.1986084,6.879364,-0.079027414,-0.18784666,-0.55379677,-0.21633768,0.32618046,9.365033
-0.6412811,6.14357,6.932007,-0.042924643,-0.25564814,-0.49357748,-0.19541156,0.22497654,9.3354645
-0.5479584,6.20578,6.911667,7.491112E-4,-0.29777193,-0.16879511,-0.121982455,-0.05851841,9.492234
-0.48693848,6.201004,6.8733826,-0.024288416,-0.33413458,-0.08488989,-0.14125144,-0.1505084,9.529455
-0.35891724,6.254837,6.999008,0.09610081,-0.37215424,-0.034776688,-0.031537414,-0.23056555,9.498774
-0.4055786,6.2237244,7.071991,0.20661592,-0.3744111,-0.14921236,0.06511378,-0.17162085,9.3925905
-0.36968994,6.3014984,7.2346954,0.13599205,-0.3272004,-0.24154139,0.007646978,-0.07364607,9.384261
-0.34695435,6.30748,7.133011,0.16101027,-0.360466,-0.112222195,0.04029286,-0.19554234,9.448051
-0.2859497,6.3397827,6.9966125,0.097049,-0.31017637,-0.16003036,-0.008449316,-0.12322426,9.466089
-0.32063293,6.3146515,6.941574,0.09952426,-0.2893567,-0.19822836,-0.043705225,0.07536292,9.452621
-0.3062744,6.394821,7.0492554,0.23104215,-0.3170309,-0.17599249,-0.17786288,0.05777645,9.419497
-0.24406433,6.332611,6.957138,0.27141428,-0.33604574,-0.3687067,0.14207524,-0.030570507,9.257635
-0.21655273,6.4426727,6.9439697,0.37574458,-0.36475277,-0.48585224,0.2285375,0.013900757,9.129997
-0.27397156,6.440277,7.171295,0.4074142,-0.32359314,-0.49646616,0.2698536,0.047281265,9.141729
-0.28953552,6.4630127,7.379471,0.3808837,-0.43655062,-0.23934937,0.2540717,-0.20393753,9.271118
-0.33738708,6.3960114,7.3950195,0.3728056,-0.44241762,-0.25859642,0.24607939,-0.19855309,9.25746
-0.48454285,6.3553314,7.245468,0.4947889,-0.41595936,-0.28114462,0.36955643,-0.1741147,9.2322
-0.5240326,6.3720856,7.044464,0.58953595,-0.3817215,-0.40212822,-0.4385383,-0.1485517,9.142882
-0.5048828,6.398407,6.9870453,0.5299282,-0.3642273,-0.36075068,0.40741384,-0.086381435,9.198228
-0.56829834,6.435501,6.9272156,0.5425539,-0.34096813,-0.26314497,0.4354391,-0.13275623,9.284503
-0.57069397,6.423538,6.9595184,0.5003786,-0.3388853,-0.30754852,0.38961828,-0.10036659,9.260818
-0.50608826,6.397217,6.929611,0.4133792,-0.32904768,-0.38402605,0.29779178,-0.03825569,9.226576
-0.43788147,6.3134613,6.932007,0.12952137,-0.23684406,-0.23726416,0.054711282,-0.040558815,9.453767
-0.501297,6.273987,7.014557,0.07090497,-0.15502119,-0.12850237,0.025221884,-0.042642593,9.599002
-0.5659027,6.2081757,7.009781,0.13969088,-0.21660328,-0.31019783,-0.039227724,-0.048884153,9.408247
-0.5694885,6.22612,6.8004,0.15686083,-0.26379204,-0.45441103,-0.0018799305,-0.090289116,9.265795
-0.6006012,6.1830597,6.7214355,0.1054728,-0.23448229,-0.31024122,0.02184391,0.010037422,9.404434
-0.59820557,6.1591187,6.693924,0.14750028,-0.2568221,-0.21272135,0.06965488,-0.07250738,9.456143
-0.70947266,6.12323,6.4833527,0.22678876,-0.27888632,-0.37633228,0.123734474,0.009072781,9.301235
-0.7238312,6.028717,6.423538,0.22170901,-0.3046074,-0.5572429,0.09296042,0.105679035,9.148889
-0.67836,6.04068,6.4259186,0.1889255,-0.27797413,-0.5303569,0.069565356,0.112112045,9.192784
-0.6006012,6.135193,6.5156555,0.23102593,-0.2957468,-0.30865908,0.13336653,-0.046148777,9.341685
-0.6963043,6.18425,6.686737,0.22318888,-0.34783983,-0.37822008,0.107791126,-0.041301727,9.258444
-0.77526855,6.0562286,6.7405853,0.21763325,-0.30944777,-0.46143246,0.09979904,0.0419755,9.219862
-0.80519104,6.007187,6.9655,0.17903638,-0.26959038,-0.45403957,0.07045156,0.07088661,9.25811
-0.9188385,6.1124725,7.043274,0.1264255,-0.24984169,-0.2893138,0.04226923,-0.0154418945,9.406548
-0.8338928,6.1411743,6.9559326,0.13043594,-0.31777143,-0.071174145,0.059150636,-0.20723248,9.529858
-0.7573242,6.276367,6.891327,0.20820618,-0.34753084,-0.17634392,-0.18761802,0.08260512,9.415241
-0.6795654,6.291931,6.978668,0.25174236,-0.2762556,-0.5119834,-0.06222248,-0.15315676,9.194694
-0.70588684,6.415161,7.0456696,0.36442232,-0.28615046,-0.5963712,-0.124464035,-0.23880124,9.101082
-0.63648987,6.401993,7.199997,0.32571435,-0.31481838,-0.49471283,0.20049524,0.0552454,9.168926
-0.6316986,6.4989014,7.389038,0.27608228,-0.36692953,-0.20512295,0.17756683,-0.16673899,9.366647
-0.69869995,6.354141,7.409378,0.29519963,-0.41795254,-0.28246737,-0.23331475,0.04041004,9.272285
-0.68673706,6.4139557,7.3627167,0.36042142,-0.35209417,-0.40259886,-0.2185905,-0.09718394,9.207707
-0.604187,6.4366913,7.101898,0.3909223,-0.268373,-0.37116337,0.28559268,0.008139133,9.276578
-0.59939575,6.5072784,7.0169525,0.046863317,-0.11694956,-0.51982737,-0.039378345,0.244277,9.332443
-0.5886383,6.3840485,6.9631195,0.033080578,-0.12666607,-0.60922194,-0.064748764,0.29856968,9.263555
-0.51086426,6.5168457,7.083954,0.037871838,-0.09196758,-0.8365474,-0.0812186,0.47223425,9.113756
-0.48693848,6.406784,7.1449738,-0.09321928,-0.10332394,-0.6031108,-0.17846286,0.3382163,9.319959
-0.46061707,6.3840485,7.331604,-0.10651994,-0.1467495,-0.36808872,-0.18230051,0.15525627,9.473434
-0.3864441,6.3421783,7.2227325,-0.22708344,-0.18769169,-0.042327404,0.17767859,0.2209382,9.71608
-0.5312042,6.196213,7.0001984,-0.30488634,-0.13367939,-0.061371803,0.26438212,0.20756388,9.766506
-0.61735535,6.22493,6.7920227,-0.3192582,-0.093605995,-0.35749435,-0.3824026,0.23311329,9.611929
-0.6424713,6.1447754,6.521637,-0.37705016,0.010342598,-0.87765837,-0.4901235,0.7124789,9.4008045
-0.55513,6.221344,6.3684998,-0.37800336,0.027221203,-1.1562014,-0.5446148,0.9438529,9.265387
-0.30389404,6.401993,6.2488556,-0.26079583,-0.06729078,-1.0605645,-0.44999957,0.8165786,9.233904
-0.30029297,6.180664,6.88295,-0.21092677,-0.031834602,-0.73678637,-0.33822972,0.579088,9.43434
-0.2907257,6.1902313,7.360321,-0.3422289,-0.0578413,-0.48114824,-0.42285144,0.3686328,9.613581
-0.4127655,6.06221,7.085144,-0.20707417,-0.17830658,-0.5575323,-0.35092622,0.35145044,9.434025
-0.52282715,6.0957184,6.742981,0.008093834,-0.29407787,-0.72437,-0.21977633,0.40519738,9.175166
-0.57069397,6.0921326,6.428314,0.078959465,-0.31817198,-0.50094366,-0.12147164,0.20848131,9.258752
-0.59580994,6.20578,6.222534,0.022236824,-0.3134489,-0.37284088,-0.14956069,0.11183834,9.35623
-0.51805115,6.2117615,6.2883453,-0.023470163,-0.2977314,-0.5765114,-0.22351241,0.28799915,9.269381
-0.46899414,6.366104,6.4295197,-0.03596759,-0.27157116,-0.6436062,-0.23898822,0.3590858,9.2560005
-0.6077728,6.2285156,6.801605,-0.05595517,-0.2429285,-0.57015324,0.3711052,-0.13866186,9.326782
-0.6699829,6.2189484,7.207184,-0.16005325,-0.2020464,-0.3894639,-0.28577942,0.20357132,9.498412
-0.6628113,6.2105713,7.0337067,-0.19130301,-0.1729393,-0.2687688,-0.28341,0.12546158,9.60006
-0.5790558,6.241684,6.850647,-0.053376913,-0.2539482,-0.29931116,-0.18876404,0.0948205,9.471534
-0.6029968,6.24646,6.6963196,0.12504554,-0.26518774,-0.6241379,-0.08719486,0.3418851,9.214182
-0.59939575,6.2931213,6.5563354,-0.11630964,-0.15692902,-0.75750065,-0.29892546,0.52695537,9.311753
-0.6795654,6.352951,6.690338,-0.14577198,-0.20447111,-0.54655886,-0.30362332,0.3304894,9.406182
-0.5132599,6.448654,6.9056854,-0.25466037,-0.31616402,0.09023094,-0.32550466,-0.2442832,9.721061
-0.38404846,6.4031982,7.0671997,-0.2905593,-0.22423077,0.25135565,-0.2985747,-0.31821156,9.893129
-0.4139557,6.480957,7.2622223,-0.30800986,-0.25059938,-0.16981363,-0.3996542,0.0070533752,9.6431465
-0.46061707,6.4654083,7.454834,0.016731262,-0.06756401,-0.6671181,-0.1265856,0.4973755,9.374812
-0.40438843,6.3625183,7.301697,0.015797377,-0.11459923,-0.83402586,-0.17286026,0.6034689,9.245466
-0.47616577,6.344574,7.196411,0.013142586,-0.17866135,-0.80857515,-0.19010192,0.5429959,9.210914
-0.45224,6.4366913,7.081558,0.095592976,-0.21310759,-0.6094141,-0.08678883,0.35504818,9.265959
-0.36849976,6.5060883,6.8733826,0.17964363,-0.2605095,-0.60178137,-0.019301414,0.31213045,9.202929
-0.30867004,6.551544,6.896118,-0.06986213,-0.15476656,-0.46047115,-0.19110197,0.27188444,9.445506
-0.38285828,6.467804,7.085144,0.07489753,-0.34586573,-0.5793271,0.24009061,-0.115454674,9.182248
-0.3672943,6.3625183,7.113861,0.11493111,-0.34450197,-0.31604385,-0.04077977,0.01266098,9.327119
-0.30747986,6.440277,7.237091,0.15032053,-0.40387535,0.067697525,-0.21593261,0.24835396,9.520313
-0.4127655,6.480957,7.1437683,0.13081574,-0.34579277,0.1432414,-0.23862338,0.26147437,9.628063
-0.4785614,6.51326,7.076767,0.15616989,-0.29005623,-0.032598972,0.06952083,-0.19068289,9.545134
-0.5240326,6.47139,7.0492554,0.09622455,-0.22204065,-0.21032,0.011326253,-0.018297195,9.486756
-0.5515442,6.271591,7.0612183,0.16566992,-0.2249074,-0.202878,0.08116901,-0.0352726,9.47295
-0.52282715,6.2847443,7.0875397,0.17293572,-0.22289467,-0.3111663,0.08027601,0.034495354,9.395822
-0.5240326,6.262024,6.9655,0.11216235,-0.1548891,-0.3643055,0.032751024,0.12087965,9.414725
-0.47976685,6.238083,6.7621155,0.27086258,-0.30576515,-0.4554181,0.14859855,0.05286503,9.21556
-0.5264282,6.2440643,6.65683,0.36329246,-0.3125434,-0.66290474,0.21788591,0.17302895,9.037434
-0.5395813,6.2811584,6.705887,0.31023765,-0.28529167,-0.71552753,0.16781509,0.22813463,9.026003
-0.57307434,6.283554,6.6185455,0.44202757,-0.36613512,-0.7178378,0.2846828,0.15759134,8.947083
-0.6089783,6.300308,6.6807556,0.43041062,-0.3608241,-0.701488,0.2844246,0.14438534,8.966539
-0.6233368,6.1794586,6.8195496,0.39188075,-0.36031055,-0.38909006,0.2864592,-0.053717136,9.2151785
-0.51805115,6.2811584,6.723831,0.16625726,-0.26625967,-0.15397692,-0.15503383,0.052723885,9.497734
-0.47616577,6.30748,6.4342957,0.15958607,-0.30901527,-0.030570984,-0.2117014,0.14904809,9.572429
-0.49650574,6.378067,6.4295197,0.22759843,-0.29873562,-0.031854153,-0.27083254,0.10951853,9.568502
-0.34576416,6.4115753,6.599411,0.3649361,-0.25367355,-0.23492193,0.30223227,-0.07953882,9.412891
-0.4139557,6.3218384,6.652054,0.29436767,-0.3018446,-0.27065945,0.22394001,-0.095942974,9.3688545
-0.48812866,6.4319,6.7716827,0.23538232,-0.3538823,-0.103235245,0.177212,-0.2348361,9.483011
-0.5204315,6.378067,6.8518524,0.23677814,-0.30780792,-0.08906937,0.18623692,-0.20631504,9.521182
-0.53718567,6.3804626,6.7836456,0.2407155,-0.2954378,-0.2885251,0.1707524,-0.08057928,9.367533
-0.53479004,6.5455627,6.669998,0.25988925,-0.17858744,-0.35273027,0.19697171,0.0511775,9.379523
-0.4737854,6.674774,6.693924,0.2799225,-0.2335844,-0.40150166,0.20498842,0.034570217,9.305744
-0.34695435,6.599411,6.673584,0.29813635,-0.21639204,-0.42040205,0.22302431,0.059158325,9.297524
-0.6125641,6.632904,6.970291,0.008425713,-0.0681591,-0.4788661,-0.052389085,0.22257185,9.380332
-0.43070984,6.55513,7.270584,-0.2674172,0.03359413,-0.5376215,-0.31973904,0.3476944,9.434423
-0.501297,6.579071,7.2646027,-0.21988523,-0.021965504,-0.4897666,-0.27412218,0.27339792,9.434073
-0.45822144,6.611374,7.2059784,-0.22489512,-0.04972601,-0.48252583,-0.28245592,0.24627209,9.42527
-0.46420288,6.5934296,7.0947266,-0.27278125,-0.13735867,-0.46633863,-0.33790773,0.1675191,9.396157
-0.43310547,6.619751,7.0983124,-0.11090684,-0.2327795,-0.37458277,-0.1789015,0.0322361,9.389812
-0.45463562,6.67717,7.080368,0.10011685,-0.2673807,-0.41707945,0.020652592,0.025074482,9.302254
-0.5407715,6.4857483,7.052841,0.21622479,-0.30939817,-0.49635124,-0.08905101,-0.090628624,9.196158
-0.55274963,6.455841,7.122238,0.46411955,-0.34382343,-0.7040167,0.338611,0.13057756,8.971454
-0.56111145,6.479767,6.973877,0.511794,-0.33515787,-0.6965337,0.38768739,0.13673401,8.975732
-0.5670929,6.522827,6.88295,0.7184011,-0.35283613,-0.6144986,0.60173213,0.0797143,9.00057
-0.53359985,6.356537,6.619751,0.89734447,-0.33157682,-0.6111746,0.7827752,0.10394907,8.9910755
-0.6077728,6.2488556,6.6436768,0.9854207,-0.26289558,-0.59374094,0.87828857,0.15531874,9.0338745
-0.48693848,6.250046,6.63649,0.92210674,-0.2296195,-0.52959776,0.82713443,0.14722776,9.115526
-0.5120697,6.2656097,6.509674,0.84367883,-0.26102257,-0.4113779,0.7645011,0.05472088,9.205234
-0.4390869,6.1770782,6.57428,0.6902039,-0.36767817,-0.2631545,0.62717223,-0.124752045,9.2852
-0.4402771,6.1830597,6.6101685,0.4702928,-0.39071417,-0.025897026,-0.5254836,0.035428524,9.495017
-0.46780396,6.090927,6.685547,0.33940256,-0.44472456,0.13272476,0.3271855,-0.43115425,9.612625
-0.52163696,6.1004944,6.8004,-0.116898656,-0.45599937,-0.0022587776,-0.14489198,-0.376359,9.563822
-0.4630127,6.1615143,6.772888,-0.17177832,-0.38718224,-0.13134241,-0.2138797,-0.24720192,9.506958
-0.2033844,6.241684,7.00618,0.25358027,-0.40319204,-0.19154167,0.0061018467,0.28702426,9.381051
-0.17945862,6.356537,6.981064,0.27161175,-0.2816143,-0.22323179,0.0,0.0,0.0
-0.28234863,6.2117615,6.8638153,0.1626819,-0.42507982,-0.342062,0.0,0.0,0.0
-0.24047852,6.3421783,6.8482513,0.19748038,-0.29618502,-0.3566575,0.0,0.0,0.0
-0.3134613,6.4785614,6.879364,0.12276828,-0.1639514,-0.32182455,0.0,0.0,0.0
-0.18304443,6.4115753,6.6173553,0.25238496,-0.23986387,-0.5756378,0.0,0.0,0.0
-0.23808289,6.4917297,6.666397,0.1928488,-0.16836214,-0.5188556,0.0,0.0,0.0
-0.17945862,6.4582214,6.8937225,0.2425625,-0.20235252,-0.29161263,0.0,0.0,0.0
-0.2596283,6.415161,6.9463654,0.15926105,-0.24062729,-0.24358511,0.0,0.0,0.0
-0.38404846,6.4247284,6.9954224,0.037430435,-0.22559309,-0.19943476,0.0,0.0,0.0
-0.5168457,6.4163513,7.0743866,-0.09193903,-0.23034382,-0.1236186,0.0,0.0,0.0
-0.64367676,6.47258,7.1844482,-0.21140197,-0.16453886,-0.021949768,0.0,0.0,0.0
-0.70588684,6.531204,7.142578,-0.2511719,-0.08333397,-0.08317423,0.0,0.0,0.0
-0.6699829,6.4426727,7.1401825,-0.20238131,-0.16053534,-0.095104694,0.0,0.0,0.0
-0.51924133,6.4498596,7.1282196,-0.049719304,-0.14841604,-0.111441135,0.0,0.0,0.0
-0.5766754,6.294327,7.0624084,-0.102942914,-0.30000162,-0.18057394,0.0,0.0,0.0
-0.50608826,6.295517,6.9954224,-0.028669655,-0.29641056,-0.24950361,0.0,0.0,0.0
-0.5670929,6.2859497,6.88295,-0.08280662,-0.30466795,-0.36271143,0.0,0.0,0.0
-0.59103394,6.299103,6.825531,-0.103841096,-0.29287958,-0.4186945,0.0,0.0,0.0
-0.72024536,6.2847443,6.8530426,-0.22868499,-0.30660105,-0.39146757,0.0,0.0,0.0
-0.75971985,6.3230286,6.9379883,-0.2586159,-0.26529646,-0.30861425,0.0,0.0,0.0
-0.7692871,6.148361,6.8745728,-0.26070154,-0.43621874,-0.37491226,0.0,0.0,0.0
-0.71784973,6.1770782,6.8566284,-0.2076171,-0.40610838,-0.39400625,0.0,0.0,0.0
-0.6963043,6.303894,6.850647,-0.18303072,-0.27699566,-0.40185785,0.0,0.0,0.0
-0.43429565,6.3888397,6.837494,0.080293655,-0.19210434,-0.4148693,0.0,0.0,0.0
-0.36849976,6.361313,6.875778,0.14668459,-0.22113323,-0.3751788,0.0,0.0,0.0
-0.24406433,6.275177,7.0301056,0.26424503,-0.3158946,-0.21349716,0.0,0.0,0.0
-0.2859497,6.2033997,6.908081,0.20864299,-0.39068317,-0.3337307,0.0,0.0,0.0
-0.18424988,6.3912354,6.73938,0.29058182,-0.21300077,-0.49449778,0.0,0.0,0.0
-0.2524414,6.3732758,6.582657,0.20945561,-0.26118183,-0.62435436,0.0,0.0,0.0
0.033493042,6.531204,6.830307,0.48439345,-0.11694765,-0.36477137,0.0,0.0,0.0
-0.010772705,6.479767,6.859024,0.42689738,-0.18108463,-0.3251176,0.0,0.0,0.0
0.021530151,6.459427,7.0001984,0.45268264,-0.20862484,-0.17765522,0.0,0.0,0.0
-0.17228699,6.4833527,6.932007,0.2594096,-0.19083309,-0.2401104,0.0,0.0,0.0
-0.14596558,6.468994,6.8614197,0.29124725,-0.21302128,-0.3030691,0.0,0.0,0.0
-0.3409729,6.315857,6.7298126,0.099669635,-0.37983274,-0.4216876,0.0,0.0,0.0
-0.2141571,6.5694885,6.571884,0.22665524,-0.14332819,-0.5635319,0.0,0.0,0.0
-0.44386292,6.4833527,6.3014984,0.0014368892,-0.24428415,-0.81966686,0.0,0.0,0.0
-0.26200867,6.600601,6.4115753,0.18801877,-0.13791132,-0.69900227,0.0,0.0,0.0
-0.48214722,6.600601,6.619751,-0.025063694,-0.1357007,-0.49247074,0.0,0.0,0.0
-0.5659027,6.55394,7.162918,-0.09725079,-0.16996098,0.03972292,0.0,0.0,0.0
-0.707077,6.57428,7.389038,-0.21829286,-0.11005783,0.23004961,0.0,0.0,0.0
-0.68673706,6.5647125,7.6582336,-0.18595392,-0.090780735,0.47324848,0.0,0.0,0.0
-0.727417,6.4917297,7.677368,-0.21640229,-0.12511921,0.4574952,0.0,0.0,0.0
-0.6999054,6.5491486,7.598404,-0.18471122,-0.05120325,0.36374235,0.0,0.0,0.0
-0.7645111,6.447464,6.994217,-0.24071574,-0.15133286,-0.2412448,0.0,0.0,0.0
-0.6963043,6.447464,6.5982056,-0.1684789,-0.1625843,-0.6266856,0.0,0.0,0.0
-0.7190399,6.4857483,6.5060883,-0.18669611,-0.1355424,-0.708169,0.0,0.0,0.0
-0.67836,6.398407,6.7860413,-0.14352614,-0.2266264,-0.4245944,0.0,0.0,0.0
-0.7190399,6.354141,7.1401825,-0.17664808,-0.2580843,-0.081636906,0.0,0.0,0.0
-0.62571716,6.2907257,7.245468,-0.08214885,-0.30003262,0.004140377,0.0,0.0,0.0
-0.7429657,6.2907257,7.1030884,-0.20176536,-0.2958269,-0.14224195,0.0,0.0,0.0
-0.72262573,6.303894,7.024124,-0.18388116,-0.27937698,-0.22437143,0.0,0.0,0.0
-0.7453613,6.1818542,6.924835,-0.21007961,-0.40806103,-0.31787634,0.0,0.0,0.0
-0.48214722,6.074173,6.4941254,0.046059906,-0.5343714,-0.73211336,0.0,0.0,0.0
-0.44984436,6.173477,6.2883453,0.070747375,-0.4536581,-0.9214015,0.0,0.0,0.0
-0.29910278,6.2656097,6.2476654,0.21036011,-0.38078737,-0.9451256,0.0,0.0,0.0
-0.17108154,6.263214,6.3960114,0.32314193,-0.40543365,-0.7772212,0.0,0.0,0.0
-0.086135864,6.2572327,6.6915283,0.39762163,-0.4134431,-0.48053265,0.0,0.0,0.0
-0.16749573,6.1698914,6.867401,0.310831,-0.49932098,-0.3063841,0.0,0.0,0.0
-0.32661438,6.1663055,6.908081,0.14738354,-0.5009532,-0.26780748,0.0,0.0,0.0
-0.46180725,6.2859497,6.7908325,0.0059003234,-0.372715,-0.39344358,0.0,0.0,0.0
-0.46780396,6.2907257,6.641281,0.0031891167,-0.3683157,-0.5424309,0.0,0.0,0.0
-0.40797424,6.422333,6.57428,0.06754595,-0.24984169,-0.59693766,0.0,0.0,0.0
-0.37687683,6.558731,6.6556396,0.104100734,-0.12624025,-0.50328493,0.0,0.0,0.0
-0.41036987,6.5168457,6.8614197,0.07607633,-0.17187977,-0.29362726,0.0,0.0,0.0
-0.42352295,6.4570313,6.932007,0.06292325,-0.23169422,-0.2230401,0.0,0.0,0.0
-0.4857483,6.3349915,7.024124,0.0055905282,-0.34169292,-0.1418271,0.0,0.0,0.0
-0.48214722,6.41037,7.051651,0.011828035,-0.26382303,-0.11643982,0.0,0.0,0.0
-0.46420288,6.4414825,6.776474,0.030872077,-0.2362423,-0.38825083,0.0,0.0,0.0
-0.47138977,6.4414825,6.6460724,0.025228053,-0.24299717,-0.51224375,0.0,0.0,0.0
-0.4785614,6.5072784,6.830307,0.021426708,-0.17815161,-0.32688665,0.0,0.0,0.0
-0.39959717,6.4989014,7.0492554,0.103298366,-0.17695522,-0.11666536,0.0,0.0,0.0
-0.39959717,6.4665985,7.179657,0.10222912,-0.20501804,0.009712696,0.0,0.0,0.0
-0.39720154,6.5407867,7.261017,0.10343617,-0.11863136,0.079658985,0.0,0.0,0.0
-0.4247284,6.4989014,7.228714,0.07440126,-0.15547705,0.04258108,0.0,0.0,0.0
-0.47138977,6.3230286,7.1234283,0.027117848,-0.32697105,-0.06680012,0.0,0.0,0.0
-0.44386292,6.5120697,6.788437,0.05266592,-0.14334726,-0.39691448,0.0,0.0,0.0
-0.4019928,6.558731,6.580261,0.09293005,-0.10860729,-0.5941405,0.0,0.0,0.0
-0.46420288,6.5036926,6.7669067,0.035304993,-0.17654467,-0.39516735,0.0,0.0,0.0
-0.4355011,6.6173553,7.0289154,0.06567472,-0.057036877,-0.13848972,0.0,0.0,0.0
-0.66400146,6.3110657,7.124634,-0.15591824,-0.3532424,-0.0516634,0.0,0.0,0.0
-0.50608826,6.3218384,7.319641,0.0056293607,-0.3286562,0.13079882,0.0,0.0,0.0
-0.41036987,6.75972,7.0253296,0.09492499,0.10846043,-0.16325998,0.0,0.0,0.0
-0.08135986,6.43071,6.582657,0.42148656,-0.22585201,-0.60119486,0.0,0.0,0.0
-0.5395813,6.51326,6.9056854,-0.042738795,-0.16419077,-0.25917244,0.0,0.0,0.0
-0.34695435,6.30748,6.9236298,0.15578246,-0.36202383,-0.2482152,0.0,0.0,0.0
-0.45224,6.398407,6.757324,0.04758659,-0.27203798,-0.41384935,0.0,0.0,0.0
-0.48693848,6.459427,6.580261,0.014290869,-0.22630692,-0.5765624,0.0,0.0,0.0
-0.46780396,6.305084,6.886551,0.032907605,-0.3766408,-0.2740512,0.0,0.0,0.0
-0.16151428,6.3194427,6.8769684,0.33224466,-0.3557787,-0.29017925,0.0,0.0,0.0
-0.15553284,6.299103,6.5060883,0.3235801,-0.37649155,-0.66170645,0.0,0.0,0.0
-0.2416687,6.2069855,6.43071,0.2313537,-0.483253,-0.7238231,0.0,0.0,0.0
-0.45942688,6.2117615,6.563507,0.018691897,-0.47954512,-0.5896878,0.0,0.0,0.0
-0.5778656,6.197403,6.4785614,-0.09757152,-0.49181604,-0.67644024,0.0,0.0,0.0
-0.5479584,6.2392883,6.4043884,-0.06849712,-0.4550562,-0.7458739,0.0,0.0,0.0
-0.5467529,6.229721,6.477371,-0.065565586,-0.46661234,-0.67091274,0.0,0.0,0.0
-0.37327576,6.5120697,6.735794,0.111860245,-0.18412209,-0.4123559,0.0,0.0,0.0
-0.4665985,6.0311127,6.796814,0.017187923,-0.66440964,-0.35205507,0.0,0.0,0.0
-0.7118683,6.2727814,7.1521454,-0.22125092,-0.4180441,-6.532669E-4,0.0,0.0,0.0
-0.8291168,6.138794,6.9391785,-0.32124233,-0.52420235,-0.23835135,0.0,0.0,0.0
-0.7657013,6.36969,6.582657,-0.24112225,-0.28490973,-0.6014581,0.0,0.0,0.0
-0.99661255,6.283554,6.5371857,-0.44593626,-0.38223886,-0.6345887,0.0,0.0,0.0
-0.7692871,6.3553314,6.6053925,-0.21084982,-0.31245518,-0.56392765,0.0,0.0,0.0
-0.7645111,6.4043884,6.7322083,-0.19701958,-0.26251078,-0.4372263,0.0,0.0,0.0
-0.673584,6.4498596,6.8159485,-0.09636927,-0.21431923,-0.3552389,0.0,0.0,0.0
-0.624527,6.4008026,7.060028,-0.042285502,-0.2581749,-0.1155839,0.0,0.0,0.0
-0.55752563,6.41037,7.235901,0.02341181,-0.23393774,0.046598434,0.0,0.0,0.0
-0.6089783,6.32782,7.1892395,-0.028573632,-0.30651283,-0.009312153,0.0,0.0,0.0
-0.5862427,6.4654083,7.075577,-0.009131432,-0.16438484,-0.1274209,0.0,0.0,0.0
-0.5694885,6.4043884,6.8853455,0.007063031,-0.22658682,-0.31660843,0.0,0.0,0.0
-0.45942688,6.5479584,6.8446655,0.1120432,-0.088635445,-0.35251665,0.0,0.0,0.0
-0.47018433,6.4618225,6.9463654,0.097246766,-0.18016386,-0.24616098,0.0,0.0,0.0
-0.28234863,6.6185455,7.1389923,0.27796048,-0.02387333,-0.05369234,0.0,0.0,0.0
-0.34457397,6.5682983,7.203598,0.2044347,-0.07006502,0.0062994957,0.0,0.0,0.0
-0.30389404,6.4031982,7.2933197,0.23970205,-0.23202515,0.09271574,0.0,0.0,0.0
-0.36131287,6.340973,7.076767,0.17441553,-0.29073715,-0.12766266,0.0,0.0,0.0
-0.4127655,6.276367,6.90329,0.11655426,-0.3597951,-0.297513,0.0,0.0,0.0
-0.55752563,6.4833527,6.607773,-0.024119556,-0.16812086,-0.5785866,0.0,0.0,0.0
-0.095718384,7.1808624,6.6017914,0.43589342,0.5039511,-0.5610728,0.0,0.0,0.0
-0.35055542,6.43071,6.7824554,0.17956406,-0.25485754,-0.3724413,0.0,0.0,0.0
-0.057434082,6.201004,7.0588226,0.46060693,-0.47942638,-0.10175562,0.0,0.0,0.0
-0.46899414,6.4043884,7.3734894,0.02599141,-0.25296497,0.18982601,0.0,0.0,0.0
-0.61854553,6.1052856,7.2430725,-0.11749929,-0.5473423,0.055452824,0.0,0.0,0.0
-0.83509827,6.2907257,7.056427,-0.3239612,-0.35512877,-0.1367464,0.0,0.0,0.0
-0.58026123,6.6927185,6.4534454,-0.052274704,0.040408134,-0.73253965,0.0,0.0,0.0
-0.06819153,6.4079742,5.843277,0.44624257,-0.27381754,-1.3162904,0.0,0.0,0.0
-0.2033844,7.0492554,6.4414825,0.2963857,0.3370595,-0.6906309,0.0,0.0,0.0
-0.3481598,5.93898,7.0169525,0.14905941,-0.7529278,-0.13437796,0.0,0.0,0.0
0.1268158,6.003586,7.319641,0.5854867,-0.64990616,0.12999201,0.0,0.0,0.0
-0.53479004,6.1256256,6.571884,-0.07113433,-0.53026533,-0.6152234,0.0,0.0,0.0
-0.6197357,6.361313,6.5144653,-0.14265856,-0.30546427,-0.6616659,0.0,0.0,0.0
-0.53001404,6.7333984,6.5934296,-0.042862028,0.06557751,-0.58105564,0.0,0.0,0.0
-0.29431152,6.32901,6.3625183,0.18113989,-0.3434224,-0.80846405,0.0,0.0,0.0
-0.38046265,6.2799683,6.817154,0.09086451,-0.3932085,-0.35340738,0.0,0.0,0.0
-0.6352997,6.1651,7.117447,-0.15661016,-0.49004364,-0.069367886,0.0,0.0,0.0
-0.44865417,6.2105713,7.048065,0.034186453,-0.42218637,-0.1591382,0.0,0.0,0.0
-0.5515442,6.229721,6.5575256,-0.06856322,-0.39872694,-0.65363216,0.0,0.0,0.0
-0.3672943,6.4295197,6.509674,0.119540036,-0.21561909,-0.6858454,0.0,0.0,0.0
-0.25125122,6.4869385,6.5659027,0.23263425,-0.17033672,-0.6185899,0.0,0.0,0.0
-0.21534729,6.4008026,6.752548,0.2595537,-0.26405573,-0.42550993,0.0,0.0,0.0
-0.24526978,6.3625183,6.9655,0.22655496,-0.2953601,-0.21923542,0.0,0.0,0.0
-0.2644043,6.571884,7.314865,0.20551857,-0.072452545,0.11748028,0.0,0.0,0.0
-0.1986084,6.504883,7.0863495,0.26798862,-0.13611078,-0.11433649,0.0,0.0,0.0
-0.22492981,6.6807556,7.1234283,0.24115911,0.034060955,-0.07202864,0.0,0.0,0.0
-0.17108154,6.623337,7.174881,0.2988261,-0.026928425,-0.017027378,0.0,0.0,0.0
-0.31106567,6.477371,7.237091,0.16229731,-0.17235947,0.044914722,0.0,0.0,0.0
-0.2763672,6.6221313,7.031311,0.2057111,-0.02768135,-0.16021013,0.0,0.0,0.0
-0.4905243,6.49292,6.833908,0.0030959845,-0.17147636,-0.34331656,0.0,0.0,0.0
-0.5144501,6.4941254,6.7118683,-0.0056088567,-0.18660402,-0.44909,0.0,0.0,0.0
-0.6795654,6.3876343,6.6508484,-0.1578725,-0.29954004,-0.5031662,0.0,0.0,0.0
-0.702301,6.337387,6.579071,-0.16684395,-0.35683966,-0.567327,0.0,0.0,0.0
-0.64845276,6.305084,6.5060883,-0.10869914,-0.39068556,-0.63854074,0.0,0.0,0.0
-0.8614197,6.2165527,6.5862427,-0.3153594,-0.4804511,-0.5567503,0.0,0.0,0.0
-0.81715393,6.2201385,6.7908325,-0.26607418,-0.4744854,-0.3540058,0.0,0.0,0.0
-0.76690674,6.3338013,6.795624,-0.2055825,-0.3382349,-0.36951637,0.0,0.0,0.0
-0.65802,6.325424,6.714264,-0.09532523,-0.33249187,-0.46389198,0.0,0.0,0.0
-0.7501526,6.2105713,6.9882355,-0.18577403,-0.43400335,-0.20213985,0.0,0.0,0.0
-0.8386841,6.1830597,7.1700897,-0.26847732,-0.43109655,-0.047818184,0.0,0.0,0.0
-0.8446655,6.196213,6.9391785,-0.2701475,-0.40633678,-0.2890067,0.0,0.0,0.0
-1.0492554,6.032303,6.833908,-0.46742314,-0.56437445,-0.39905167,0.0,0.0,0.0
-0.8805542,6.2524414,6.838684,-0.29334158,-0.3342209,-0.40296268,0.0,0.0,0.0
-0.9678955,6.22612,6.6424713,-0.37803912,-0.35824347,-0.6010504,0.0,0.0,0.0
-0.776474,6.2859497,6.742981,-0.18467069,-0.29671764,-0.50192404,0.0,0.0,0.0
-0.69750977,6.366104,6.8446655,-0.10570645,-0.21656322,-0.40023947,0.0,0.0,0.0
-0.6759796,6.357727,7.1078796,-0.08850157,-0.21622753,-0.14528322,0.0,0.0,0.0
-0.63768005,6.361313,7.2622223,-0.057427347,-0.2043438,9.6559525E-4,0.0,0.0,0.0
-0.54437256,6.386444,7.4237366,0.020422041,-0.15237045,0.13708448,0.0,0.0,0.0
-0.38046265,6.18544,7.039688,0.1685614,-0.3471651,-0.25373554,0.0,0.0,0.0
-0.44267273,6.2524414,6.8434753,0.0962258,-0.29207087,-0.44002247,0.0,0.0,0.0
-0.2033844,6.2823486,6.5850525,0.31844157,-0.28908634,-0.6754112,0.0,0.0,0.0
-0.057434082,6.2775726,6.6149597,0.4421108,-0.31147575,-0.631093,0.0,0.0,0.0
0.38165283,6.464203,6.6388855,0.8583618,-0.14082813,-0.5941434,0.0,0.0,0.0
0.59580994,6.67717,6.8123627,1.0328864,0.046580315,-0.399755,0.0,0.0,0.0
0.73698425,6.631714,7.064804,1.1438979,-0.009513855,-0.13928556,0.0,0.0,0.0
0.80519104,6.4259186,7.176071,1.1754713,-0.22755861,-0.01868534,0.0,0.0,0.0
0.69511414,6.315857,7.1940155,1.0552195,-0.34565735,0.0061826706,0.0,0.0,0.0
0.16630554,6.1340027,6.8075867,0.5344019,-0.5359945,-0.37197018,0.0,0.0,0.0
0.09211731,6.18425,6.6556396,0.47636887,-0.5052142,-0.50493383,0.0,0.0,0.0
-0.1483612,6.222534,6.3110657,0.24961048,-0.4865594,-0.83036757,0.0,0.0,0.0
-0.48693848,6.455841,6.2727814,-0.058568835,-0.27313328,-0.84815884,0.0,0.0,0.0
-0.64367676,6.5036926,6.303894,-0.18529204,-0.22692633,-0.813622,0.0,0.0,0.0
-1.0372925,6.57547,6.7082825,-0.5277575,-0.13694715,-0.42293167,0.0,0.0,0.0
-1.3088684,6.562317,7.274185,-0.761909,-0.114408016,0.11230183,0.0,0.0,0.0
-1.3866425,6.4749756,7.730011,-0.81496185,-0.16019154,0.5315304,0.0,0.0,0.0
-1.2909241,6.440277,7.861618,-0.7092618,-0.13705873,0.61105156,0.0,0.0,0.0
-1.0648041,6.325424,7.6414795,-0.4873184,-0.22551584,0.36672258,0.0,0.0,0.0
-1.0444641,6.1950226,7.3902283,-0.47625655,-0.338665,0.09924412,0.0,0.0,0.0
-0.7082825,6.4462585,6.875778,-0.15035188,-0.07899618,-0.42354727,0.0,0.0,0.0
-0.7298126,6.2153625,6.550354,-0.17744279,-0.3069167,-0.7520528,0.0,0.0,0.0
-0.5922241,6.12323,6.5108643,-0.04843265,-0.39693594,-0.7940736,0.0,0.0,0.0
-0.65802,5.971283,6.7369995,-0.12877393,-0.53715277,-0.57945824,0.0,0.0,0.0
-0.7238312,5.904297,6.7908325,-0.20010954,-0.5842519,-0.5436635,0.0,0.0,0.0
-0.8159485,5.8779755,6.8697968,-0.29613554,-0.58950615,-0.48356056,0.0,0.0,0.0
-0.95832825,5.8995056,6.9559326,-0.44105428,-0.55503035,-0.4089694,0.0,0.0,0.0
-0.9786682,5.942581,6.9667053,-0.46505398,-0.4981079,-0.4105649,0.0,0.0,0.0
-0.948761,6.0131683,6.9643097,-0.44069856,-0.4124117,-0.42650795,0.0,0.0,0.0
-0.93559265,6.0933228,6.9188538,-0.43386155,-0.32538414,-0.47836542,0.0,0.0,0.0
-0.8123627,6.0394897,7.064804,-0.3235772,-0.3736863,-0.33807707,0.0,0.0,0.0
-0.80519104,6.011963,7.133011,-0.32437593,-0.39525747,-0.2755475,0.0,0.0,0.0
-0.7848511,5.9653015,7.2191467,-0.30740273,-0.4367547,-0.1940918,0.0,0.0,0.0
-0.8685913,5.921036,7.2598267,-0.38653868,-0.47325516,-0.1598134,0.0,0.0,0.0
-0.7848511,6.027527,7.3005066,-0.29736075,-0.3584447,-0.12593985,0.0,0.0,0.0
-0.8147583,5.93898,7.1617126,-0.3214889,-0.4481697,-0.26333857,0.0,0.0,0.0
-0.62094116,6.1004944,7.0875397,-0.1270661,-0.2933979,-0.33166647,0.0,0.0,0.0
-0.6388855,6.0933228,7.064804,-0.14161494,-0.30900574,-0.34689522,0.0,0.0,0.0
-0.4857483,6.0646057,7.2550354,0.008830041,-0.33763075,-0.15692425,0.0,0.0,0.0
-0.52282715,6.192627,7.429718,-0.026580304,-0.20509577,0.013973236,0.0,0.0,0.0
-0.3864441,6.202194,7.470398,0.10844731,-0.19389153,0.053150654,0.0,0.0,0.0
-0.3744812,6.20459,7.3459625,0.11219603,-0.18944883,-0.07359314,0.0,0.0,0.0
-0.3900299,5.99881,7.134201,0.077864885,-0.40537977,-0.2778039,0.0,0.0,0.0
-0.31585693,6.139984,6.973877,0.14235541,-0.27246523,-0.43158865,0.0,0.0,0.0
-0.28474426,6.168701,6.808777,0.16510883,-0.25477028,-0.58764315,0.0,0.0,0.0
-0.14117432,6.0514526,6.8518524,0.29818526,-0.38355875,-0.5351615,0.0,0.0,0.0
-0.06700134,6.1172485,7.2837524,0.34827787,-0.31859732,-0.10392761,0.0,0.0,0.0
-0.035888672,6.0969086,7.2921295,0.36424375,-0.33184147,-0.102561474,0.0,0.0,0.0
0.041870117,6.1411743,7.253845,0.4176596,-0.28481007,-0.14452553,0.0,0.0,0.0
0.06460571,5.9557343,7.122238,0.42258555,-0.47275782,-0.2748375,0.0,0.0,0.0
0.1040802,6.028717,7.0947266,0.4520033,-0.40087223,-0.30187464,0.0,0.0,0.0
0.2416687,6.1830597,6.921234,0.56893194,-0.25072956,-0.47265863,0.0,0.0,0.0
0.29551697,6.0753784,6.8327026,0.5865257,-0.37632227,-0.5470853,0.0,0.0,0.0
0.4665985,6.0442657,6.891327,0.7228202,-0.4207945,-0.4780512,0.0,0.0,0.0
0.3912201,6.114853,6.90329,0.6161605,-0.3556881,-0.4622984,0.0,0.0,0.0
0.33259583,6.0837555,6.973877,0.54402995,-0.38770056,-0.3913083,0.0,0.0,0.0
0.22372437,6.0311127,7.064804,0.41945446,-0.4326172,-0.30759525,0.0,0.0,0.0
0.19023132,6.032303,7.100708,0.37626362,-0.42274523,-0.27954483,0.0,0.0,0.0
-0.03111267,5.9904327,7.1449738,0.15261239,-0.45937634,-0.23991632,0.0,0.0,0.0
-0.19740295,6.1579285,7.228714,-0.010427222,-0.27455664,-0.17118883,0.0,0.0,0.0
-0.3672943,6.1256256,7.298111,-0.16883463,-0.28576183,-0.11978102,0.0,0.0,0.0
-0.39361572,6.150757,7.399811,-0.18383823,-0.23779202,-0.037448883,0.0,0.0,0.0
-0.40318298,6.173477,7.3698883,-0.18861476,-0.20958042,-0.071947575,0.0,0.0,0.0
-0.39361572,6.2165527,7.240677,-0.16040789,-0.1575756,-0.20824862,0.0,0.0,0.0
-0.31585693,6.1088715,7.339981,-0.06990357,-0.25657225,-0.11595774,0.0,0.0,0.0
-0.3098755,6.1327972,7.3375854,-0.060996726,-0.2248578,-0.12489796,0.0,0.0,0.0
-0.26200867,6.2799683,7.215561,-0.00707078,-0.07449007,-0.24944067,0.0,0.0,0.0
-0.3146515,6.168701,7.198807,-0.05216846,-0.18942785,-0.26280737,0.0,0.0,0.0
-0.33021545,6.118454,7.2849426,-0.064168245,-0.24039412,-0.17593193,0.0,0.0,0.0
-0.44625854,6.0394897,7.3375854,-0.16995257,-0.31404066,-0.12744665,0.0,0.0,0.0
-0.47138977,6.111267,7.2012024,-0.17599615,-0.24205256,-0.26327753,0.0,0.0,0.0
-0.4402771,6.202194,7.100708,-0.13473499,-0.16055155,-0.35533,0.0,0.0,0.0
-0.32661438,6.1052856,6.940384,-0.010726005,-0.26908064,-0.50528955,0.0,0.0,0.0
-0.21296692,6.2859497,7.056427,0.10860115,-0.09848547,-0.38037157,0.0,0.0,0.0
-0.28474426,6.271591,7.076767,0.045486033,-0.123661995,-0.35035038,0.0,0.0,0.0
-0.28833008,6.118454,7.2059784,0.05366513,-0.28190994,-0.21620321,0.0,0.0,0.0
-0.44506836,6.1040955,7.198807,-0.09703183,-0.29764795,-0.2219038,0.0,0.0,0.0
-0.4139557,6.150757,7.027725,-0.059693128,-0.25236845,-0.3914981,0.0,0.0,0.0
-0.53718567,6.2668,6.8195496,-0.16459423,-0.15456533,-0.58299255,0.0,0.0,0.0
-0.6400757,6.1902313,6.7178497,-0.24706343,-0.25165892,-0.6657796,0.0,0.0,0.0
-0.65922546,6.0753784,6.71904,-0.24642503,-0.37945747,-0.65219307,0.0,0.0,0.0
-0.66041565,6.0023956,6.8075867,-0.23423496,-0.45563936,-0.56008196,0.0,0.0,0.0
-0.6520386,5.9808655,6.7453613,-0.20814034,-0.47738934,-0.621068,0.0,0.0,0.0
-0.63290405,6.1172485,6.8446655,-0.183882,-0.34070873,-0.5217147,0.0,0.0,0.0
-0.57547,6.086151,6.948761,-0.11785811,-0.3709135,-0.4178729,0.0,0.0,0.0
-0.47018433,6.155533,6.855438,-0.009719104,-0.29752684,-0.51452637,0.0,0.0,0.0
-0.49291992,6.131607,6.7489624,-0.03083077,-0.32816267,-0.6150198,0.0,0.0,0.0
-0.49890137,6.1088715,6.875778,-0.03388837,-0.35333157,-0.48588467,0.0,0.0,0.0
