0.008377075,0.071777344,9.174088,-0.0139888525,-0.2494688,-0.2540202,-0.020614624,-0.048924446,9.454319
0.008377075,0.071777344,9.174088,-0.047097087,-0.23929787,-0.28827763,-0.062378287,-0.031980515,9.435609
0.008377075,0.071777344,9.174088,-0.010162771,-0.17670679,-0.27608538,-0.037456155,0.019955635,9.481456
0.008377075,0.071777344,9.174088,0.007995546,-0.15455961,-0.20295858,-0.0076104403,5.464554E-4,9.551529
0.008377075,0.071777344,9.174088,-0.046853304,-0.14056492,-0.13518572,-0.046762228,-0.04448843,9.616747
0.008377075,0.071777344,9.174088,-0.0688045,-0.14944506,-0.15280294,0.040965557,0.07431936,9.598768
0.008377075,0.071777344,9.174088,-0.0719524,-0.20281696,-0.12960148,-0.056602716,-0.102956295,9.584604
0.008377075,0.071777344,9.174088,-0.0985561,-0.26312447,-0.17197752,-0.07951796,-0.13310051,9.515987
0.008377075,0.071777344,9.174088,-0.078876555,-0.26968098,-0.20804691,-0.06788552,-0.11163759,9.482364
0.008377075,0.071777344,9.174088,-0.3974747,-0.11465073,-0.32300282,-0.4292761,-0.025500774,9.505763
0.008377075,0.071777344,9.174088,-0.28129536,-0.18544626,-0.4583397,-0.33595002,0.033040524,9.348787
0.008377075,0.071777344,9.174088,0.01601392,-0.18765068,-0.49613476,-0.062120795,0.14614391,9.30029
0.008377075,0.071777344,9.174088,-0.0010360479,-0.270514,-0.53609943,-0.06968856,0.10153389,9.21893
0.008377075,0.071777344,9.174088,0.064319074,-0.27670908,-0.5699401,-0.014153957,0.13780117,9.1850815
0.008377075,0.071777344,9.174088,0.046732962,-0.34564972,-0.50739384,-7.6174736E-5,0.045209408,9.1925955
0.008377075,0.071777344,9.174088,0.018515527,-0.34478807,-0.42866278,-0.0074584484,-0.008228779,9.256332
0.008377075,0.071777344,9.174088,0.0655013,-0.31972218,-0.34923267,-0.05479431,-0.0016384125,9.331812
0.008377075,0.071777344,9.174088,0.13668066,-0.3087759,-0.35005283,0.11648226,0.013027191,9.33461
0.008377075,0.071777344,9.174088,0.16565111,-0.30192614,-0.36152935,0.14016223,0.034860134,9.328693
0.008377075,0.071777344,9.174088,0.15037546,-0.31506014,-0.3751278,0.12591827,0.027802944,9.310698
0.008377075,0.071777344,9.174088,0.10569191,-0.31267643,-0.3942976,0.0789516,0.025779247,9.299196
0.008377075,0.071777344,9.174088,0.02926001,-0.26236725,-0.3558159,0.0045357943,0.016161919,9.3639145
0.008377075,0.071777344,9.174088,0.008507729,-0.27746677,-0.30177832,0.0013501644,-0.0330925,9.397954
0.008377075,0.071777344,9.174088,-0.018310934,-0.22238159,-0.30957222,-0.038692832,0.0037846565,9.427029
0.008377075,0.071777344,9.174088,-0.020004272,-0.1755414,-0.25425434,0.037813425,0.008609533,9.4994755
0.008377075,0.071777344,9.174088,-0.11550045,-0.16004276,-0.2815647,-0.13842106,0.0027050972,9.491905
0.008377075,0.071777344,9.174088,-0.11004344,-0.20291662,-0.3464923,-0.13875997,0.009438992,9.414225
0.008377075,0.071777344,9.174088,-0.0477753,-0.17967844,-0.3178134,-0.07861161,0.031058788,9.448281
0.008377075,0.071777344,9.174088,-0.00795719,-0.22793102,-0.3961568,-0.048382163,0.052891254,9.35519
0.008377075,0.071777344,9.174088,4.965961E-4,-0.234766,-0.46212053,-0.054469347,0.08888817,9.298907
0.008377075,0.071777344,9.174088,0.010563672,-0.23579693,-0.43951797,-0.039355755,0.07877827,9.3155985
0.008377075,0.071777344,9.174088,-0.029781878,-0.2563281,-0.32077885,-0.04436505,-0.018066883,9.397755
0.008377075,0.071777344,9.174088,-0.0028491318,-0.26430178,-0.2798934,-0.007198453,-0.03875017,9.423701
0.008377075,0.071777344,9.174088,0.05407819,-0.27812433,-0.31114864,-0.044102907,-0.004723549,9.388172
0.008377075,0.071777344,9.174088,0.0634965,-0.2864113,-0.30952215,-0.056226254,-0.006019354,9.383958
0.008377075,0.071777344,9.174088,0.026031941,-0.2848072,-0.31074572,0.018252015,-0.027235031,9.385603
0.008377075,0.071777344,9.174088,-0.0072335005,-0.28505087,-0.31495,-0.013931274,-0.036073685,9.383561
0.008377075,0.071777344,9.174088,-0.058737576,-0.27212858,-0.3493905,-0.07370627,-0.02362442,9.366665
0.008377075,0.071777344,9.174088,-0.04456252,-0.28186083,-0.37484884,-0.06414056,-0.011534691,9.340072
0.008377075,0.071777344,9.174088,-0.057642967,-0.27339458,-0.37277317,-0.07800102,-0.010606289,9.347488
0.008377075,0.071777344,9.174088,-0.09735304,-0.2929263,-0.39011097,-0.11499703,-0.028444767,9.323498
0.008377075,0.071777344,9.174088,-0.097087234,-0.29191065,-0.39089584,-0.11516237,-0.027199745,9.323498
0.008377075,0.071777344,9.174088,-0.09905994,-0.3257823,-0.37721825,-0.105692506,-0.061415195,9.313397
0.008377075,0.071777344,9.174088,0.004282266,-0.29682064,-0.41222095,-0.022529125,0.013970852,9.299359
0.008377075,0.071777344,9.174088,-0.033465058,-0.28067017,-0.44910574,-0.07036352,0.034561157,9.28182
0.008377075,0.071777344,9.174088,-0.06371039,-0.2829237,-0.4351921,-0.095160246,0.014418602,9.292614
0.008377075,0.071777344,9.174088,-0.019488186,-0.2789278,-0.41591454,-0.04976237,0.02046156,9.308383
0.008377075,0.071777344,9.174088,0.10785937,-0.25845194,-0.4570017,0.056488276,0.10014105,9.28314
0.008377075,0.071777344,9.174088,0.14815292,-0.2267456,-0.40841675,0.098511696,0.10888195,9.339095
0.008377075,0.071777344,9.174088,-0.068623126,-0.31234884,-0.39749765,-0.08414698,-0.033777237,9.304602
0.008377075,0.071777344,9.174088,-0.13742295,-0.22028303,-0.3593545,-0.16236639,-0.00876236,9.394213
0.008377075,0.071777344,9.174088,-0.10478073,-0.20167255,-0.2849474,-0.11881614,-0.026786804,9.463123
0.008377075,0.071777344,9.174088,-0.022477657,-0.22057915,-0.33611822,-0.048302412,0.013024807,9.407108
0.008377075,0.071777344,9.174088,-0.15362144,-0.22703695,-0.31969118,-0.16744006,-0.04359007,9.4227085
0.008377075,0.071777344,9.174088,-0.067917615,-0.2559309,-0.39967203,-0.098047495,0.0047717094,9.337379
0.008377075,0.071777344,9.174088,0.028338045,-0.27684593,-0.44420433,-0.011795759,0.04274988,9.28435
0.008377075,0.071777344,9.174088,0.1306557,-0.28258276,-0.3527279,-0.08872342,-0.06361413,9.349023
0.008377075,0.071777344,9.174088,0.08803803,-0.35077238,-0.28395033,0.098941684,-0.08685112,9.366097
0.008377075,0.071777344,9.174088,0.0969322,-0.3578658,-0.2208662,0.123232365,-0.12556362,9.412579
0.008377075,0.071777344,9.174088,0.08333829,-0.37813044,-0.29574776,0.09844828,-0.105305195,9.341232
0.008377075,0.071777344,9.174088,0.061659157,-0.3266883,-0.29157782,0.067704916,-0.07544708,9.376223
0.008377075,0.071777344,9.174088,-0.031488866,-0.27173948,-0.2971115,-0.034351468,-0.05927229,9.408635
0.008377075,0.071777344,9.174088,0.006964326,-0.24184513,-0.39435434,0.035620928,-0.014082909,9.34558
0.008377075,0.071777344,9.174088,0.010189772,-0.20897007,-0.4351411,-0.038850307,0.07681465,9.33156
0.008377075,0.071777344,9.174088,-0.07915172,-0.21676588,-0.39923954,-0.113842845,0.023073673,9.360386
0.008377075,0.071777344,9.174088,-0.1002273,-0.19199228,-0.1498785,-0.08452034,-0.10018444,9.578199
0.008377075,0.071777344,9.174088,-0.06488201,-0.25865507,-0.12608004,-0.030763268,-0.15461254,9.557339
0.008377075,0.071777344,9.174088,-0.019992024,-0.22333145,-0.3225751,0.03125167,0.024164677,9.415792
0.008377075,0.071777344,9.174088,-0.03701821,-0.25390005,-0.43986654,-0.07349241,0.026090622,9.303425
0.008377075,0.071777344,9.174088,-0.011393368,-0.2314043,-0.3493929,-0.034446597,0.0029029846,9.388849
0.008377075,0.071777344,9.174088,0.043304563,-0.27086973,-0.21643972,0.055599213,-0.08290911,9.471797
0.008377075,0.071777344,9.174088,-0.007963955,-0.2820158,-0.3126588,-0.011248946,-0.056149006,9.389429
0.008377075,0.071777344,9.174088,-0.04316613,-0.22115612,-0.47562838,0.11352444,-0.023668528,9.293282
0.008377075,0.071777344,9.174088,-0.053496957,-0.20859575,-0.51007843,-0.11403024,0.09369469,9.273008
0.008377075,0.071777344,9.174088,-0.004102856,-0.26778507,-0.33766365,0.00248003,0.03407502,9.377028
0.008377075,0.071777344,9.174088,0.0026949048,-0.28715944,-0.32542944,-0.002821684,-0.049828053,9.375509
0.008377075,0.071777344,9.174088,-0.020956576,-0.24427652,-0.27073765,-0.022932172,-0.053124428,9.446011
0.008377075,0.071777344,9.174088,-0.09687215,-0.22660065,-0.28233624,-0.10170615,-0.056450367,9.4504
0.027511597,0.086135864,9.159729,-0.084525526,-0.26279068,-0.311934,-0.08851206,-0.06494284,9.404837
0.033493042,0.098098755,9.159729,-0.05008501,-0.21341228,-0.36092472,-0.07779157,0.011352539,9.391753
0.058624268,0.07777405,9.132202,-0.04630184,-0.23346043,-0.36763144,-0.0712589,6.3467026E-4,9.3745365
0.04307556,0.09451294,9.158524,-0.030403942,-0.21429443,-0.34261322,-0.05513072,0.0074834824,9.405234
0.032302856,0.090927124,9.134598,-0.01709652,-0.24628973,-0.3256054,-0.0319618,-0.021951199,9.399875
0.0035858154,0.08734131,9.1453705,6.0230494E-5,-0.23398304,-0.4140873,-0.03796184,0.04144907,9.33436
0.015548706,0.10647583,9.153748,-0.004211217,-0.22599411,-0.42349195,-0.045880914,0.05220318,9.331671
0.0035858154,0.08973694,9.147766,-0.010107696,-0.20355082,-0.4192686,-0.05555761,0.06595516,9.348518
0.039474487,0.07537842,9.152542,-0.09470287,-0.24533224,-0.39192533,-0.120767474,-0.0071816444,9.350443
0.020339966,0.086135864,9.141785,-0.09430751,-0.22790003,-0.3780117,-0.121442676,-9.2840195E-4,9.371937
0.011962891,0.08135986,9.122635,-0.2224912,-0.18804264,-0.343153,-0.24476588,-0.02826786,9.429945
0.028717041,0.105285645,9.134598,-0.34727904,-0.092068195,-0.34090185,-0.38452554,0.007196903,9.494591
0.0035858154,0.11126709,9.168106,-0.3902489,-0.074602604,-0.43476677,-0.45048046,0.058254242,9.431743
0.027511597,0.095718384,9.146561,-0.27501446,-0.08869028,-0.41186476,-0.3333447,0.07067251,9.436491
0.01914978,0.08015442,9.166901,-0.25650358,-0.09064579,-0.31040525,0.2721126,0.11012578,9.516497
0.041870117,0.07896423,9.162125,-0.29879433,-0.121366024,-0.25663042,-0.31412363,-0.04743576,9.544081
0.015548706,0.086135864,9.120239,-0.40670276,-0.114852905,-0.13937044,-0.39155543,-0.1402936,9.648459
0.04547119,0.095718384,9.141785,-0.55386674,-0.18422747,-0.09355831,-0.5045574,-0.26689196,9.652856
0.026321411,0.1040802,9.136993,-0.59073293,-0.3090849,-0.07974768,-0.5076748,-0.3836031,9.5922365
0.022735596,0.09211731,9.176468,-0.351053,-0.21618795,-0.1149025,-0.30747545,-0.21853209,9.604461
0.01914978,0.10169983,9.141785,-0.14841974,-0.142622,-0.2623539,-0.16722095,-0.015007496,9.518534
0.025131226,0.09451294,9.154938,0.040060878,-0.008901119,-0.6913872,-0.12546206,0.38797903,9.2468
0.029907227,0.088531494,9.168106,0.07919398,-0.06617975,-0.7318797,-0.08735478,0.38548708,9.1820965
0.011962891,0.08135986,9.144165,0.3016963,-0.084694386,-0.82242775,0.10038042,0.50624204,9.093752
0.028717041,0.112457275,9.136993,0.44356692,-0.14199781,-0.79063654,-0.060902596,-0.5618768,9.0837345
0.025131226,0.088531494,9.129822,0.39181212,-0.18982935,-0.7503004,0.22650397,0.4320836,9.089361
-0.011962891,0.1040802,9.153748,0.30716097,-0.35012627,-0.3637967,0.29175758,0.06605911,9.296947
0.037094116,0.08973694,9.148956,0.26846027,-0.4391203,-0.116885185,0.34493732,-0.15348864,9.437843
0.027511597,0.107681274,9.163315,0.25815618,-0.5091591,-0.078100204,0.36643136,-0.23102236,9.426724
0.028717041,0.095718384,9.139389,0.23953687,-0.6663842,0.062549114,-0.54866457,0.2713945,9.445168
0.020339966,0.093322754,9.133408,0.24664257,-0.66942406,0.14654827,0.46322095,-0.47872138,9.512219
0.04067993,0.07537842,9.153748,0.16370018,-0.65303993,0.12075329,0.37699866,-0.4846239,9.505234
0.026321411,0.08734131,9.176468,0.20731632,-0.58840466,-0.052820206,0.35664976,-0.3239205,9.406817
0.027511597,0.11126709,9.180069,0.22635874,-0.5048504,-0.26147604,0.29854214,-0.13853312,9.29074
0.022735596,0.07058716,9.159729,0.22269204,-0.4579444,-0.44611692,-0.22572422,-0.07004452,9.172247
0.029907227,0.08973694,9.151352,0.17786393,-0.39735842,-0.56810284,0.14658642,0.09511328,9.112578
0.039474487,0.08015442,9.160919,0.16233581,-0.28464222,-0.69125414,0.06665063,0.24210429,9.084051
0.029907227,0.08135986,9.147766,0.13496429,-0.26413107,-0.66720486,0.04083979,0.23401427,9.116205
0.029907227,0.0993042,9.147766,0.048074,-0.23490953,-0.5895939,-0.02902937,0.17797709,9.196245
0.0382843,0.08135986,9.139389,-0.080245875,-0.1037879,-0.5033536,-0.16638756,0.17487621,9.34588
0.029907227,0.09690857,9.135803,-0.19821207,-0.107655525,-0.36391878,-0.23959303,0.04743576,9.454998
0.027511597,0.0993042,9.126221,-0.20043415,-0.1440897,-0.26180315,-0.20559132,-0.037246227,9.513697
0.0382843,0.0993042,9.153748,-0.16739231,-0.14370918,-0.2355547,-0.16889715,-0.038677692,9.53437
0.035888672,0.071777344,9.138184,-0.14145279,-0.087379456,-0.295362,-0.17683995,0.046191692,9.521209
0.013153076,0.08255005,9.159729,-0.13193022,-0.13287306,-0.3673501,-0.17255986,0.057427883,9.436607
0.022735596,0.10169983,9.147766,-0.10237408,-0.16115522,-0.4179387,0.16565275,-0.029252052,9.379067
0.023925781,0.09451294,9.158524,-0.15082566,-0.177279,-0.42148733,-0.19089818,0.04825878,9.367269
0.037094116,0.09690857,9.152542,-0.13127063,-0.1954608,-0.44112206,-0.17276132,0.053484917,9.340477
0.034698486,0.08494568,9.142975,-0.11502789,-0.16945887,-0.42287445,-0.16148579,0.0683403,9.370735
0.025131226,0.08135986,9.133408,-0.2268593,-0.18149042,-0.5744014,-0.29939377,0.10160732,9.2459545
0.0047912598,0.08135986,9.128616,-0.24035501,-0.15507221,-0.6957264,-0.3503827,0.18382668,9.166891
0.04067993,0.114852905,9.156143,-0.3071131,-0.021263123,-0.9163351,-0.5048332,0.3813076,9.0757675
0.028717041,0.071777344,9.138184,-0.60632956,-0.0048265457,-1.4435525,-0.9188249,0.57892275,8.678771
0.029907227,0.07537842,9.164505,-0.51168215,0.027835846,-1.4028544,-0.8282653,0.6169765,8.727803
0.0382843,0.093322754,9.1453705,0.1583544,-0.53201294,-0.80463743,0.079835415,0.07806301,8.835524
0.0143585205,0.093322754,9.152542,0.43366575,-0.30472326,-0.61213017,-0.22967815,-0.32735252,9.10258
0.020339966,0.07777405,9.136993,0.4299596,-0.14987898,-0.6353197,0.29482317,0.33722544,9.16609
0.022735596,0.07298279,9.156143,-1.3632609,0.31253767,-0.047851563,-1.3734837,-0.06057453,10.068038
0.039474487,0.107681274,9.134598,-1.2701719,0.4901719,-0.10481453,-1.3134648,0.18265724,10.132286
0.01914978,0.09211731,9.128616,-0.93740785,0.6363659,-0.010989189,-0.9665469,0.37655497,10.26251
0.03111267,0.07777405,9.171692,-0.7013267,0.6558652,0.0024280548,-0.7069235,0.4632368,10.262384
0.0382843,0.07298279,9.140579,-0.55654764,0.61028147,0.24720669,-0.4945742,0.33885336,10.426227
0.015548706,0.098098755,9.164505,-0.32735968,0.77443457,0.29368496,-0.23487878,0.49645996,10.507737
0.0047912598,0.086135864,9.151352,-0.28249884,0.8558192,0.12956047,-0.20965934,0.6557908,10.402469
0.027511597,0.08135986,9.147766,-0.67328095,0.33107138,-0.33148384,-0.7089796,0.41087556,9.843066
0.010772705,0.06819153,9.147766,-0.1984384,-0.18527651,-0.8152046,0.45165944,0.015018225,9.075869
0.021530151,0.07896423,9.181259,0.2548046,-0.1148839,-1.1063395,-0.0056943893,0.45578122,8.760543
0.0047912598,0.093322754,9.152542,0.892308,0.47734022,-1.4354811,0.60718983,1.1285646,8.605679
0.010772705,0.09451294,9.163315,2.004376,1.1395345,-1.723587,1.7433277,1.7848754,8.370739
0.013153076,0.08375549,9.159729,1.9002497,0.58162737,-2.3187037,1.4853681,1.4820647,7.5879135
0.023925781,0.08135986,9.158524,1.6969624,0.018279314,-2.9303284,-0.117070675,-1.553944,6.8002605
0.011962891,0.10169983,9.128616,1.7572985,-0.4506786,-3.7336607,0.9226365,0.87244105,5.8545594
0.015548706,0.06819153,9.160919,0.62879825,-1.0088825,-2.6954346,-0.1912964,0.07075691,6.867773
0.055038452,0.08135986,9.133408,-1.0090353,-0.41670656,-2.9235954,-1.4671066,1.2315788,7.342909
0.011962891,0.09690857,9.163315,-2.6758647,-0.93874955,-1.609602,-2.7000794,1.6649194,9.051708
0.022735596,0.098098755,9.154938,-2.839372,-0.19866753,-1.1783295,2.7759573,1.3295212,9.678621
0.026321411,0.0765686,9.156143,-2.5196702,-0.10704607,-0.9949541,-1.2587166,2.4001849,9.736802
0.037094116,0.056228638,9.134598,0.4847083,0.7815072,-0.34338093,0.873468,-0.048151493,9.361296
0.013153076,0.093322754,9.135803,1.0540504,0.8544783,-0.07968998,1.0009972,-0.8313565,9.413768
0.039474487,0.08135986,9.158524,2.1087945,0.03353992,1.2303066,0.2795592,-2.3538754,10.392239
0.009567261,0.0765686,9.1453705,2.4449856,-0.60942805,1.4154348,-0.65895087,-2.7119844,10.557473
0.025131226,0.09451294,9.1453705,2.6434,-0.77320284,1.2038603,-0.9965482,-2.784287,10.344539
0.034698486,0.06700134,9.146561,2.7248845,-0.8804856,-0.05565548,-1.164086,-2.532255,9.146394
0.028717041,0.0993042,9.142975,2.3271463,-1.4262757,-0.65509033,-1.6986552,-1.9456892,8.707615
0.026321411,0.07537842,9.129822,2.3106241,-1.9072894,-0.7888212,-2.1630015,-1.879195,8.62808
0.04067993,0.10647583,9.135803,2.252954,-1.2398255,0.33737373,-2.5804534,-0.25771558,9.766234
0.028717041,0.090927124,9.147766,1.604578,-1.1819388,1.2041521,-1.3774736,-1.6188157,10.757246
0.032302856,0.08255005,9.153748,0.99360776,-1.4782107,1.2007332,-1.5859281,-0.96721387,10.885285
0.0143585205,0.10887146,9.151352,0.7002324,-1.0294576,0.4529457,-1.1016892,-0.6360353,10.176797
0.061019897,0.07537842,9.148956,-0.70931566,-0.36177826,-0.13673592,-0.29239583,0.7531012,9.813877
0.01914978,0.1040802,9.163315,-0.9172114,-0.55769014,-0.2281456,0.4185295,1.0137174,9.767212
0.022735596,0.102890015,9.134598,-0.77482533,-1.0113037,-1.2880144,-1.1481372,0.8712146,8.709
0.007171631,0.090927124,9.160919,0.7335708,-2.581632,-5.3618727,-2.4659166,0.0631212,4.341498
0.039474487,0.08015442,9.127426,2.1727974,-4.5425406,-9.33397,-3.9158258,0.08376221,-0.04921168
0.0382843,0.095718384,9.159729,4.560357,-2.115243,-11.419517,-0.92341006,0.77908003,-2.6117566
0.01675415,0.07896423,9.172882,3.3409839,-2.0973186,-12.610453,1.8991799,2.3637242,-3.0537686
0.010772705,0.095718384,9.129822,4.7804685,-3.39371,-2.490038,-2.3163676,-4.1005483,5.518249
0.015548706,0.08375549,9.134598,0.014301062,-9.529232,-12.640558,-9.966219,1.7107012,-2.3727639
0.06341553,0.088531494,9.127426,4.398184,-0.6212559,-11.283912,-0.17563242,0.35847592,-2.3134687
0.032302856,0.088531494,9.141785,4.019478,-0.681858,-8.0806055,-0.33425245,-0.7786233,0.7955825
0.0035858154,0.07417297,9.153748,6.948801,1.7087053,14.910325,4.358904,-9.908239,22.31065
0.01914978,0.08494568,9.144165,6.277895,1.2351134,4.096463,3.3205452,-6.487402,11.952831
0.023925781,0.10647583,9.169296,4.6456513,-0.619704,0.32654953,0.82186675,-4.4730034,8.6278715
0.023925781,0.093322754,9.157333,3.5274088,-0.023196012,0.9261074,1.1333798,-3.4620147,9.6313505
0.035888672,0.098098755,9.156143,2.9838588,-0.30582905,-0.64388275,0.59107184,-2.5962172,8.282898
0.023925781,0.086135864,9.139389,3.0731049,-0.23474446,-0.0038108826,0.7406054,-2.8415377,8.870563
0.015548706,0.093322754,9.158524,2.9921203,-0.2520818,-0.25724506,0.68231034,-2.699592,8.653759
0.017944336,0.09690857,9.157333,3.051698,-0.27092576,-0.16658688,0.6947588,-2.7865236,8.726553
0.029907227,0.095718384,9.154938,2.9460485,-0.24856004,-0.22942543,0.6934322,-2.6635478,8.70289
0.025131226,0.049057007,9.154938,3.0014424,-0.25816846,-0.22057533,0.70967966,-2.719422,8.699828
0.011962891,0.0765686,9.138184,2.9520063,-0.25057328,-0.24185658,-1.4067743,-2.3730762,8.6998005
0.034698486,0.07896423,9.140579,2.952912,-0.2272346,-0.19809818,0.7378298,-2.6723187,8.746042
0.047851563,0.07777405,9.126221,2.9216974,-0.2645747,-0.25445747,0.69469994,-2.6404169,8.7036295
0.032302856,0.088531494,9.157333,2.8878684,-0.2424627,-0.2090559,0.72103167,-2.6137137,8.762193
0.020339966,0.08015442,9.168106,2.8838422,-0.23904139,-0.25591278,0.72549784,-2.595544,8.722223
0.041870117,0.09211731,9.146561,2.8852804,-0.25246984,-0.2547903,-1.417235,-2.2982504,8.7282295
0.044265747,0.110076904,9.134598,2.8537428,-0.2798367,-0.28637695,0.6946236,-2.5727394,8.709983
0.020339966,0.053833008,9.154938,2.8465073,-0.2647274,-0.28434372,0.7195715,-2.559505,8.718217
0.032302856,0.08973694,9.16571,2.8442402,-0.24184978,-0.2840147,0.76601326,-2.5441587,8.72529
0.0023956299,0.09211731,9.126221,2.824186,-0.24905336,-0.28063774,0.76421535,-2.5278187,8.737576
0.021530151,0.09451294,9.163315,2.8096316,-0.22281677,-0.2815323,0.7991589,-2.5022988,8.747035
0.01675415,0.093322754,9.142975,2.7873933,-0.22695139,-0.28759956,0.79384965,-2.4816782,8.750781
0.010772705,0.10647583,9.178864,2.7658083,-0.23717332,-0.27351475,0.7878874,-2.468371,8.773628
0.0059814453,0.100494385,9.170486,2.7139637,-0.25665274,-0.2799921,0.7654147,-2.4253585,8.786041
0.0143585205,0.095718384,9.171692,2.7333007,-0.22417134,-0.29564667,0.81323874,-2.4234354,8.770216
0.03111267,0.071777344,9.1453705,2.7101438,-0.24856043,-0.3092394,-1.3346552,-2.1543965,8.767631
0.0,0.07537842,9.158524,2.7439044,-0.23187363,-0.30451965,0.8370435,-2.4277866,8.767074
0.025131226,0.09211731,9.121445,2.592122,-0.23900658,-0.32444668,0.7941051,-2.2960358,8.817154
0.022735596,0.100494385,9.147766,2.528471,-0.22273716,-0.34608746,0.76327765,-2.2384927,8.822215
0.035888672,0.08375549,9.1501465,2.4401588,-0.21864805,-0.38685894,0.73884726,-2.1573005,8.830945
0.032302856,0.08375549,9.139389,2.367895,-0.19359109,-0.39803982,-1.1715374,-1.8771281,8.854428
0.039474487,0.086135864,9.128616,2.2700493,-0.20455012,-0.3892727,0.68816555,-2.0161242,8.907668
0.051452637,0.08973694,9.154938,2.2139583,-0.18745199,-0.42930698,0.68284726,-1.9558239,8.895866
0.025131226,0.08494568,9.158524,2.136734,-0.17635533,-0.46814346,0.6848093,-1.8749933,8.894878
0.032302856,0.07896423,9.144165,2.0422165,-0.18434048,-0.46059513,0.6314472,-1.804523,8.933867
0.0035858154,0.086135864,9.1453705,1.9657713,-0.17651339,-0.4619789,0.61223996,-1.7367938,8.95957
0.01914978,0.098098755,9.160919,1.9289443,-0.16217256,-0.5079603,0.62305987,-1.6891217,8.932685
0.017944336,0.08135986,9.202789,1.8610314,-0.16221778,-0.51530266,0.5874575,-1.6376358,8.953227
0.01675415,0.07777405,9.128616,1.7994628,-0.16296871,-0.4857769,0.58454984,-1.5875537,9.00754
0.039474487,0.102890015,9.156143,1.7375759,-0.17413117,-0.52001476,0.5396203,-1.5384818,8.993145
0.0047912598,0.06460571,9.153748,1.6749791,-0.17211229,-0.5261793,0.519201,-1.483664,9.005892
0.0382843,0.08494568,9.135803,1.6039118,-0.11915657,-0.5176563,-0.83381987,-1.2526653,9.038357
0.009567261,0.1040802,9.188446,1.5662842,-0.15605968,-0.55495167,0.4961946,-1.3822376,9.013692
0.033493042,0.08494568,9.129822,1.5073833,-0.1450416,-0.5509596,0.4914149,-1.3276364,9.036786
0.03111267,0.08973694,9.162125,1.4557347,-0.12681857,-0.55017376,0.49121964,-1.2753909,9.051655
0.0047912598,0.102890015,9.152542,1.396005,-0.13524584,-0.578351,0.47536546,-1.2202122,9.040672
0.041870117,0.08255005,9.151352,1.3530885,-0.1328658,-0.5683689,-0.75814897,-1.020745,9.061778
0.03111267,0.046661377,9.135803,1.281773,-0.12534985,-0.56647396,0.4426352,-1.120835,9.080462
0.011962891,0.08734131,9.144165,1.259078,-0.11861041,-0.58568764,0.43384725,-1.100053,9.069061
0.022735596,0.07417297,9.151352,1.2312233,-0.10622594,-0.59733105,0.43689072,-1.0694722,9.065466
0.022735596,0.07417297,9.151352,1.1613412,-0.11955257,-0.5880604,0.3986505,-1.017065,9.088682
0.022735596,0.07417297,9.151352,1.1261032,-0.09867221,-0.60869217,0.40488732,-0.9751687,9.076265
0.022735596,0.07417297,9.151352,1.1055963,-0.10901958,-0.61647415,0.40236068,-0.95828277,9.0758505
0.022735596,0.07417297,9.151352,1.0547111,-0.07763,-0.6269865,0.40275693,-0.90183854,9.074511
0.022735596,0.07417297,9.151352,1.008877,-0.08661297,-0.5921564,0.3894996,-0.8661449,9.118126
0.022735596,0.07417297,9.151352,0.98244685,-0.078612834,-0.60942554,-0.5449574,-0.7453623,9.106482
0.022735596,0.07417297,9.151352,0.9457278,-0.08652787,-0.6373091,0.3581618,-0.81153387,9.08472
0.022735596,0.07417297,9.151352,0.8827066,-0.09190686,-0.62431526,0.3314696,-0.76009554,9.106814
0.022735596,0.07417297,9.151352,0.87060344,-0.0853761,-0.63857174,0.33547288,-0.7452685,9.095984
0.022735596,0.07417297,9.151352,0.83678794,-0.07410321,-0.60840416,0.33393198,-0.71274096,9.131113
0.022735596,0.07417297,9.151352,0.80432636,-0.07047944,-0.65316963,-0.45845556,-0.59799135,9.091972
0.022735596,0.07417297,9.151352,0.78307945,-0.09304802,-0.65271664,0.30015483,-0.6724674,9.095592
0.022735596,0.07417297,9.151352,0.79011655,-0.09674348,-0.637455,0.31634715,-0.6772952,9.112974
0.022735596,0.07417297,9.151352,0.7411262,-0.06289637,-0.67744255,0.3165185,-0.6182376,9.07881
0.022735596,0.07417297,9.151352,0.6880203,-0.074270725,-0.6418724,0.28400213,-0.5811156,9.119239
0.022735596,0.07417297,9.151352,0.6640907,-0.079873964,-0.64871883,-0.4006304,-0.48020512,9.115904
0.022735596,0.07417297,9.151352,0.6521361,-0.06754397,-0.6452255,0.28090554,-0.5458697,9.121611
0.022735596,0.07417297,9.151352,0.61711323,-0.07097998,-0.6626425,0.27077872,-0.5135249,9.108128
0.022735596,0.07417297,9.151352,0.5982285,-0.050666675,-0.6529741,0.27644753,-0.4891505,9.120263
0.022735596,0.07417297,9.151352,0.5969555,-0.06330791,-0.6683607,0.26867515,-0.49369425,9.105829
0.022735596,0.07417297,9.151352,0.5506748,-0.054711834,-0.6303549,0.2555331,-0.45198897,9.14787
0.022735596,0.07417297,9.151352,0.5223621,-0.07235657,-0.6659107,0.22786027,-0.43637004,9.11441
0.022735596,0.07417297,9.151352,0.537125,-0.057482496,-0.64527035,0.25264442,-0.44019878,9.1354
0.022735596,0.07417297,9.151352,0.53270733,-0.056058586,-0.65364647,0.25710937,-0.43387148,9.128548
0.022735596,0.07417297,9.151352,0.47981313,-0.05223769,-0.66156673,0.23264843,-0.3876527,9.123847
0.022735596,0.07417297,9.151352,0.46327743,-0.07006474,-0.65772915,0.21289854,-0.38443887,9.129138
0.022735596,0.07417297,9.151352,0.44738576,-0.06394307,-0.6667328,0.21174458,-0.36680722,9.12153
0.022735596,0.07417297,9.151352,0.43363568,-0.066673175,-0.65806675,0.2120673,-0.3534517,9.131642
0.022735596,0.07417297,9.151352,0.0010267124,-0.019866504,-0.6548233,0.0,0.0,0.0
0.022735596,0.07417297,9.151352,0.0010267124,-0.019866504,-0.6548233,0.0,0.0,0.0
0.022735596,0.07417297,9.151352,0.0010267124,-0.019866504,-0.6548233,0.0,0.0,0.0
0.022735596,0.07417297,9.151352,0.0010267124,-0.019866504,-0.6548233,0.0,0.0,0.0
0.022735596,0.07417297,9.151352,0.0010267124,-0.019866504,-0.6548233,0.0,0.0,0.0
0.022735596,0.07417297,9.151352,0.0010267124,-0.019866504,-0.6548233,0.0,0.0,0.0
0.022735596,0.07417297,9.151352,0.0010267124,-0.019866504,-0.6548233,0.0,0.0,0.0
0.022735596,0.07417297,9.151352,0.0010267124,-0.019866504,-0.6548233,0.0,0.0,0.0
0.022735596,0.07417297,9.151352,0.0010267124,-0.019866504,-0.6548233,0.0,0.0,0.0
0.022735596,0.07417297,9.151352,0.0010267124,-0.019866504,-0.6548233,0.0,0.0,0.0
0.022735596,0.07417297,9.151352,0.0010267124,-0.019866504,-0.6548233,0.0,0.0,0.0
0.022735596,0.07417297,9.151352,0.0010267124,-0.019866504,-0.6548233,0.0,0.0,0.0
0.022735596,0.07417297,9.151352,0.0010267124,-0.019866504,-0.6548233,0.0,0.0,0.0
0.022735596,0.07417297,9.151352,0.0010267124,-0.019866504,-0.6548233,0.0,0.0,0.0
0.022735596,0.07417297,9.151352,0.0010267124,-0.019866504,-0.6548233,0.0,0.0,0.0
0.022735596,0.07417297,9.151352,0.0010267124,-0.019866504,-0.6548233,0.0,0.0,0.0
0.022735596,0.07417297,9.151352,0.0010267124,-0.019866504,-0.6548233,0.0,0.0,0.0
0.022735596,0.07417297,9.151352,0.0010267124,-0.019866504,-0.6548233,0.0,0.0,0.0
0.022735596,0.07417297,9.151352,0.0010267124,-0.019866504,-0.6548233,0.0,0.0,0.0
0.022735596,0.07417297,9.151352,0.0010267124,-0.019866504,-0.6548233,0.0,0.0,0.0
0.022735596,0.07417297,9.151352,0.0010267124,-0.019866504,-0.6548233,0.0,0.0,0.0
0.022735596,0.07417297,9.151352,0.0010267124,-0.019866504,-0.6548233,0.0,0.0,0.0
0.022735596,0.07417297,9.151352,0.0010267124,-0.019866504,-0.6548233,0.0,0.0,0.0
0.022735596,0.07417297,9.151352,0.0010267124,-0.019866504,-0.6548233,0.0,0.0,0.0
0.022735596,0.07417297,9.151352,0.0010267124,-0.019866504,-0.6548233,0.0,0.0,0.0
0.022735596,0.07417297,9.151352,0.0010267124,-0.019866504,-0.6548233,0.0,0.0,0.0
0.022735596,0.07417297,9.151352,0.0010267124,-0.019866504,-0.6548233,0.0,0.0,0.0
0.022735596,0.07417297,9.151352,0.0010267124,-0.019866504,-0.6548233,0.0,0.0,0.0
0.022735596,0.07417297,9.151352,0.0010267124,-0.019866504,-0.6548233,0.0,0.0,0.0
0.022735596,0.07417297,9.151352,0.0010267124,-0.019866504,-0.6548233,0.0,0.0,0.0
0.022735596,0.07417297,9.151352,0.0010267124,-0.019866504,-0.6548233,0.0,0.0,0.0
0.022735596,0.07417297,9.151352,0.0010267124,-0.019866504,-0.6548233,0.0,0.0,0.0
0.022735596,0.07417297,9.151352,0.0010267124,-0.019866504,-0.6548233,0.0,0.0,0.0
0.022735596,0.07417297,9.151352,0.0010267124,-0.019866504,-0.6548233,0.0,0.0,0.0
0.022735596,0.07417297,9.151352,0.0010267124,-0.019866504,-0.6548233,0.0,0.0,0.0
0.022735596,0.07417297,9.151352,0.0010267124,-0.019866504,-0.6548233,0.0,0.0,0.0
0.022735596,0.07417297,9.151352,0.0010267124,-0.019866504,-0.6548233,0.0,0.0,0.0
0.022735596,0.07417297,9.151352,0.0010267124,-0.019866504,-0.6548233,0.0,0.0,0.0
0.022735596,0.07417297,9.151352,0.0010267124,-0.019866504,-0.6548233,0.0,0.0,0.0
0.022735596,0.07417297,9.151352,0.0010267124,-0.019866504,-0.6548233,0.0,0.0,0.0
0.022735596,0.07417297,9.151352,0.0010267124,-0.019866504,-0.6548233,0.0,0.0,0.0
0.022735596,0.07417297,9.151352,0.0010267124,-0.019866504,-0.6548233,0.0,0.0,0.0
0.022735596,0.07417297,9.151352,0.0010267124,-0.019866504,-0.6548233,0.0,0.0,0.0
0.022735596,0.07417297,9.151352,0.0010267124,-0.019866504,-0.6548233,0.0,0.0,0.0
0.022735596,0.07417297,9.151352,0.0010267124,-0.019866504,-0.6548233,0.0,0.0,0.0
0.022735596,0.07417297,9.151352,0.0010267124,-0.019866504,-0.6548233,0.0,0.0,0.0
0.022735596,0.07417297,9.151352,0.0010267124,-0.019866504,-0.6548233,0.0,0.0,0.0
0.022735596,0.07417297,9.151352,0.0010267124,-0.019866504,-0.6548233,0.0,0.0,0.0
0.022735596,0.07417297,9.151352,0.0010267124,-0.019866504,-0.6548233,0.0,0.0,0.0
0.022735596,0.07417297,9.151352,0.0010267124,-0.019866504,-0.6548233,0.0,0.0,0.0
0.022735596,0.07417297,9.151352,0.0010267124,-0.019866504,-0.6548233,0.0,0.0,0.0
0.022735596,0.07417297,9.151352,0.0010267124,-0.019866504,-0.6548233,0.0,0.0,0.0
0.022735596,0.07417297,9.151352,0.0010267124,-0.019866504,-0.6548233,0.0,0.0,0.0
0.022735596,0.07417297,9.151352,0.0010267124,-0.019866504,-0.6548233,0.0,0.0,0.0
0.022735596,0.07417297,9.151352,0.0010267124,-0.019866504,-0.6548233,0.0,0.0,0.0
0.022735596,0.07417297,9.151352,0.0010267124,-0.019866504,-0.6548233,0.0,0.0,0.0
0.022735596,0.07417297,9.151352,0.0010267124,-0.019866504,-0.6548233,0.0,0.0,0.0
0.022735596,0.07417297,9.151352,0.0010267124,-0.019866504,-0.6548233,0.0,0.0,0.0
0.022735596,0.07417297,9.151352,0.0010267124,-0.019866504,-0.6548233,0.0,0.0,0.0
0.022735596,0.07417297,9.151352,0.0010267124,-0.019866504,-0.6548233,0.0,0.0,0.0
0.022735596,0.07417297,9.151352,0.0010267124,-0.019866504,-0.6548233,0.0,0.0,0.0
0.022735596,0.07417297,9.151352,0.0010267124,-0.019866504,-0.6548233,0.0,0.0,0.0
0.022735596,0.07417297,9.151352,0.0010267124,-0.019866504,-0.6548233,0.0,0.0,0.0
0.022735596,0.07417297,9.151352,0.0010267124,-0.019866504,-0.6548233,0.0,0.0,0.0
0.022735596,0.07417297,9.151352,0.0010267124,-0.019866504,-0.6548233,0.0,0.0,0.0
0.022735596,0.07417297,9.151352,0.0010267124,-0.019866504,-0.6548233,0.0,0.0,0.0
0.022735596,0.07417297,9.151352,0.0010267124,-0.019866504,-0.6548233,0.0,0.0,0.0
0.022735596,0.07417297,9.151352,0.0010267124,-0.019866504,-0.6548233,0.0,0.0,0.0
0.022735596,0.07417297,9.151352,0.0010267124,-0.019866504,-0.6548233,0.0,0.0,0.0
0.022735596,0.07417297,9.151352,0.0010267124,-0.019866504,-0.6548233,0.0,0.0,0.0
0.022735596,0.07417297,9.151352,0.0010267124,-0.019866504,-0.6548233,0.0,0.0,0.0
0.022735596,0.07417297,9.151352,0.0010267124,-0.019866504,-0.6548233,0.0,0.0,0.0
0.022735596,0.07417297,9.151352,0.0010267124,-0.019866504,-0.6548233,0.0,0.0,0.0
0.022735596,0.07417297,9.151352,0.0010267124,-0.019866504,-0.6548233,0.0,0.0,0.0
0.022735596,0.07417297,9.151352,0.0010267124,-0.019866504,-0.6548233,0.0,0.0,0.0
0.022735596,0.07417297,9.151352,0.0010267124,-0.019866504,-0.6548233,0.0,0.0,0.0
0.022735596,0.07417297,9.151352,0.0010267124,-0.019866504,-0.6548233,0.0,0.0,0.0
0.022735596,0.07417297,9.151352,0.0010267124,-0.019866504,-0.6548233,0.0,0.0,0.0
0.022735596,0.07417297,9.151352,0.0010267124,-0.019866504,-0.6548233,0.0,0.0,0.0
0.022735596,0.07417297,9.151352,0.0010267124,-0.019866504,-0.6548233,0.0,0.0,0.0
0.022735596,0.07417297,9.151352,0.0010267124,-0.019866504,-0.6548233,0.0,0.0,0.0
0.022735596,0.07417297,9.151352,0.0010267124,-0.019866504,-0.6548233,0.0,0.0,0.0
0.022735596,0.07417297,9.151352,0.0010267124,-0.019866504,-0.6548233,0.0,0.0,0.0
0.022735596,0.07417297,9.151352,0.0010267124,-0.019866504,-0.6548233,0.0,0.0,0.0
0.022735596,0.07417297,9.151352,0.0010267124,-0.019866504,-0.6548233,0.0,0.0,0.0
0.022735596,0.07417297,9.151352,0.0010267124,-0.019866504,-0.6548233,0.0,0.0,0.0
0.022735596,0.07417297,9.151352,0.0010267124,-0.019866504,-0.6548233,0.0,0.0,0.0
0.022735596,0.07417297,9.151352,0.0010267124,-0.019866504,-0.6548233,0.0,0.0,0.0
0.022735596,0.07417297,9.151352,0.0010267124,-0.019866504,-0.6548233,0.0,0.0,0.0
0.022735596,0.07417297,9.151352,0.0010267124,-0.019866504,-0.6548233,0.0,0.0,0.0
0.022735596,0.07417297,9.151352,0.0010267124,-0.019866504,-0.6548233,0.0,0.0,0.0
0.022735596,0.07417297,9.151352,0.0010267124,-0.019866504,-0.6548233,0.0,0.0,0.0
0.022735596,0.07417297,9.151352,0.0010267124,-0.019866504,-0.6548233,0.0,0.0,0.0
0.022735596,0.07417297,9.151352,0.0010267124,-0.019866504,-0.6548233,0.0,0.0,0.0
0.022735596,0.07417297,9.151352,0.0010267124,-0.019866504,-0.6548233,0.0,0.0,0.0
0.022735596,0.07417297,9.151352,0.0010267124,-0.019866504,-0.6548233,0.0,0.0,0.0
0.022735596,0.07417297,9.151352,0.0010267124,-0.019866504,-0.6548233,0.0,0.0,0.0
0.022735596,0.07417297,9.151352,0.0010267124,-0.019866504,-0.6548233,0.0,0.0,0.0
0.022735596,0.07417297,9.151352,0.0010267124,-0.019866504,-0.6548233,0.0,0.0,0.0
0.022735596,0.07417297,9.151352,0.0010267124,-0.019866504,-0.6548233,0.0,0.0,0.0
0.022735596,0.07417297,9.151352,0.0010267124,-0.019866504,-0.6548233,0.0,0.0,0.0
0.022735596,0.07417297,9.151352,0.0010267124,-0.019866504,-0.6548233,0.0,0.0,0.0
0.022735596,0.07417297,9.151352,0.0010267124,-0.019866504,-0.6548233,0.0,0.0,0.0
0.022735596,0.07417297,9.151352,0.0010267124,-0.019866504,-0.6548233,0.0,0.0,0.0
0.022735596,0.07417297,9.151352,0.0010267124,-0.019866504,-0.6548233,0.0,0.0,0.0
0.022735596,0.07417297,9.151352,0.0010267124,-0.019866504,-0.6548233,0.0,0.0,0.0
0.022735596,0.07417297,9.151352,0.0010267124,-0.019866504,-0.6548233,0.0,0.0,0.0
0.022735596,0.07417297,9.151352,0.0010267124,-0.019866504,-0.6548233,0.0,0.0,0.0
0.022735596,0.07417297,9.151352,0.0010267124,-0.019866504,-0.6548233,0.0,0.0,0.0
0.022735596,0.07417297,9.151352,0.0010267124,-0.019866504,-0.6548233,0.0,0.0,0.0
0.022735596,0.07417297,9.151352,0.0010267124,-0.019866504,-0.6548233,0.0,0.0,0.0
0.022735596,0.07417297,9.151352,0.0010267124,-0.019866504,-0.6548233,0.0,0.0,0.0
0.022735596,0.07417297,9.151352,0.0010267124,-0.019866504,-0.6548233,0.0,0.0,0.0
0.022735596,0.07417297,9.151352,0.0010267124,-0.019866504,-0.6548233,0.0,0.0,0.0
0.022735596,0.07417297,9.151352,0.0010267124,-0.019866504,-0.6548233,0.0,0.0,0.0
0.022735596,0.07417297,9.151352,0.0010267124,-0.019866504,-0.6548233,0.0,0.0,0.0
0.022735596,0.07417297,9.151352,0.0010267124,-0.019866504,-0.6548233,0.0,0.0,0.0
0.022735596,0.07417297,9.151352,0.0010267124,-0.019866504,-0.6548233,0.0,0.0,0.0
0.022735596,0.07417297,9.151352,0.0010267124,-0.019866504,-0.6548233,0.0,0.0,0.0
0.022735596,0.07417297,9.151352,0.0010267124,-0.019866504,-0.6548233,0.0,0.0,0.0
0.022735596,0.07417297,9.151352,0.0010267124,-0.019866504,-0.6548233,0.0,0.0,0.0
0.022735596,0.07417297,9.151352,0.0010267124,-0.019866504,-0.6548233,0.0,0.0,0.0
0.022735596,0.07417297,9.151352,0.0010267124,-0.019866504,-0.6548233,0.0,0.0,0.0
0.022735596,0.07417297,9.151352,0.0010267124,-0.019866504,-0.6548233,0.0,0.0,0.0
0.022735596,0.07417297,9.151352,0.0010267124,-0.019866504,-0.6548233,0.0,0.0,0.0
0.022735596,0.07417297,9.151352,0.0010267124,-0.019866504,-0.6548233,0.0,0.0,0.0
0.022735596,0.07417297,9.151352,0.0010267124,-0.019866504,-0.6548233,0.0,0.0,0.0
0.022735596,0.07417297,9.151352,0.0010267124,-0.019866504,-0.6548233,0.0,0.0,0.0
0.022735596,0.07417297,9.151352,0.0010267124,-0.019866504,-0.6548233,0.0,0.0,0.0
0.022735596,0.07417297,9.151352,0.0010267124,-0.019866504,-0.6548233,0.0,0.0,0.0
0.022735596,0.07417297,9.151352,0.0010267124,-0.019866504,-0.6548233,0.0,0.0,0.0
0.022735596,0.07417297,9.151352,0.0010267124,-0.019866504,-0.6548233,0.0,0.0,0.0
0.022735596,0.07417297,9.151352,0.0010267124,-0.019866504,-0.6548233,0.0,0.0,0.0
0.022735596,0.07417297,9.151352,0.0010267124,-0.019866504,-0.6548233,0.0,0.0,0.0
0.022735596,0.07417297,9.151352,0.0010267124,-0.019866504,-0.6548233,0.0,0.0,0.0
0.022735596,0.07417297,9.151352,0.0010267124,-0.019866504,-0.6548233,0.0,0.0,0.0
0.022735596,0.07417297,9.151352,0.0010267124,-0.019866504,-0.6548233,0.0,0.0,0.0
0.022735596,0.07417297,9.151352,0.0010267124,-0.019866504,-0.6548233,0.0,0.0,0.0
0.022735596,0.07417297,9.151352,0.0010267124,-0.019866504,-0.6548233,0.0,0.0,0.0
0.022735596,0.07417297,9.151352,0.0010267124,-0.019866504,-0.6548233,0.0,0.0,0.0
0.022735596,0.07417297,9.151352,0.0010267124,-0.019866504,-0.6548233,0.0,0.0,0.0
0.022735596,0.07417297,9.151352,0.0010267124,-0.019866504,-0.6548233,0.0,0.0,0.0
0.022735596,0.07417297,9.151352,0.0010267124,-0.019866504,-0.6548233,0.0,0.0,0.0
0.022735596,0.07417297,9.151352,0.0010267124,-0.019866504,-0.6548233,0.0,0.0,0.0
0.022735596,0.07417297,9.151352,0.0010267124,-0.019866504,-0.6548233,0.0,0.0,0.0
0.022735596,0.07417297,9.151352,0.0010267124,-0.019866504,-0.6548233,0.0,0.0,0.0
0.022735596,0.07417297,9.151352,0.0010267124,-0.019866504,-0.6548233,0.0,0.0,0.0
0.022735596,0.07417297,9.151352,0.0010267124,-0.019866504,-0.6548233,0.0,0.0,0.0
0.022735596,0.07417297,9.151352,0.0010267124,-0.019866504,-0.6548233,0.0,0.0,0.0
0.022735596,0.07417297,9.151352,0.0010267124,-0.019866504,-0.6548233,0.0,0.0,0.0
0.022735596,0.07417297,9.151352,0.0010267124,-0.019866504,-0.6548233,0.0,0.0,0.0
0.022735596,0.07417297,9.151352,0.0010267124,-0.019866504,-0.6548233,0.0,0.0,0.0
0.022735596,0.07417297,9.151352,0.0010267124,-0.019866504,-0.6548233,0.0,0.0,0.0
0.022735596,0.07417297,9.151352,0.0010267124,-0.019866504,-0.6548233,0.0,0.0,0.0
0.022735596,0.07417297,9.151352,0.0010267124,-0.019866504,-0.6548233,0.0,0.0,0.0
0.022735596,0.07417297,9.151352,0.0010267124,-0.019866504,-0.6548233,0.0,0.0,0.0
0.022735596,0.07417297,9.151352,0.0010267124,-0.019866504,-0.6548233,0.0,0.0,0.0
0.022735596,0.07417297,9.151352,0.0010267124,-0.019866504,-0.6548233,0.0,0.0,0.0
0.022735596,0.07417297,9.151352,0.0010267124,-0.019866504,-0.6548233,0.0,0.0,0.0
0.022735596,0.07417297,9.151352,0.0010267124,-0.019866504,-0.6548233,0.0,0.0,0.0
0.022735596,0.07417297,9.151352,0.0010267124,-0.019866504,-0.6548233,0.0,0.0,0.0
0.022735596,0.07417297,9.151352,0.0010267124,-0.019866504,-0.6548233,0.0,0.0,0.0
0.022735596,0.07417297,9.151352,0.0010267124,-0.019866504,-0.6548233,0.0,0.0,0.0
0.022735596,0.07417297,9.151352,0.0010267124,-0.019866504,-0.6548233,0.0,0.0,0.0
0.022735596,0.07417297,9.151352,0.0010267124,-0.019866504,-0.6548233,0.0,0.0,0.0
0.022735596,0.07417297,9.151352,0.0010267124,-0.019866504,-0.6548233,0.0,0.0,0.0
0.022735596,0.07417297,9.151352,0.0010267124,-0.019866504,-0.6548233,0.0,0.0,0.0
0.022735596,0.07417297,9.151352,0.0010267124,-0.019866504,-0.6548233,0.0,0.0,0.0
0.022735596,0.07417297,9.151352,0.0010267124,-0.019866504,-0.6548233,0.0,0.0,0.0
0.022735596,0.07417297,9.151352,0.0010267124,-0.019866504,-0.6548233,0.0,0.0,0.0
0.022735596,0.07417297,9.151352,0.0010267124,-0.019866504,-0.6548233,0.0,0.0,0.0
0.022735596,0.07417297,9.151352,0.0010267124,-0.019866504,-0.6548233,0.0,0.0,0.0
0.022735596,0.07417297,9.151352,0.0010267124,-0.019866504,-0.6548233,0.0,0.0,0.0
0.022735596,0.07417297,9.151352,0.0010267124,-0.019866504,-0.6548233,0.0,0.0,0.0
0.022735596,0.07417297,9.151352,0.0010267124,-0.019866504,-0.6548233,0.0,0.0,0.0
0.022735596,0.07417297,9.151352,0.0010267124,-0.019866504,-0.6548233,0.0,0.0,0.0
0.022735596,0.07417297,9.151352,0.0010267124,-0.019866504,-0.6548233,0.0,0.0,0.0
0.022735596,0.07417297,9.151352,0.0010267124,-0.019866504,-0.6548233,0.0,0.0,0.0
0.022735596,0.07417297,9.151352,0.0010267124,-0.019866504,-0.6548233,0.0,0.0,0.0
0.022735596,0.07417297,9.151352,0.0010267124,-0.019866504,-0.6548233,0.0,0.0,0.0
0.022735596,0.07417297,9.151352,0.0010267124,-0.019866504,-0.6548233,0.0,0.0,0.0
0.022735596,0.07417297,9.151352,0.0010267124,-0.019866504,-0.6548233,0.0,0.0,0.0
0.022735596,0.07417297,9.151352,0.0010267124,-0.019866504,-0.6548233,0.0,0.0,0.0
0.022735596,0.07417297,9.151352,0.0010267124,-0.019866504,-0.6548233,0.0,0.0,0.0
0.022735596,0.07417297,9.151352,0.0010267124,-0.019866504,-0.6548233,0.0,0.0,0.0
0.022735596,0.07417297,9.151352,0.0010267124,-0.019866504,-0.6548233,0.0,0.0,0.0
0.022735596,0.07417297,9.151352,0.0010267124,-0.019866504,-0.6548233,0.0,0.0,0.0
0.022735596,0.07417297,9.151352,0.0010267124,-0.019866504,-0.6548233,0.0,0.0,0.0
0.022735596,0.07417297,9.151352,0.0010267124,-0.019866504,-0.6548233,0.0,0.0,0.0
0.022735596,0.07417297,9.151352,0.0010267124,-0.019866504,-0.6548233,0.0,0.0,0.0
0.022735596,0.07417297,9.151352,0.0010267124,-0.019866504,-0.6548233,0.0,0.0,0.0
0.022735596,0.07417297,9.151352,0.0010267124,-0.019866504,-0.6548233,0.0,0.0,0.0
0.022735596,0.07417297,9.151352,0.0010267124,-0.019866504,-0.6548233,0.0,0.0,0.0
0.022735596,0.07417297,9.151352,0.0010267124,-0.019866504,-0.6548233,0.0,0.0,0.0
0.022735596,0.07417297,9.151352,0.0010267124,-0.019866504,-0.6548233,0.0,0.0,0.0
0.022735596,0.07417297,9.151352,0.0010267124,-0.019866504,-0.6548233,0.0,0.0,0.0
0.022735596,0.07417297,9.151352,0.0010267124,-0.019866504,-0.6548233,0.0,0.0,0.0
0.022735596,0.07417297,9.151352,0.0010267124,-0.019866504,-0.6548233,0.0,0.0,0.0
0.022735596,0.07417297,9.151352,0.0010267124,-0.019866504,-0.6548233,0.0,0.0,0.0
0.022735596,0.07417297,9.151352,0.0010267124,-0.019866504,-0.6548233,0.0,0.0,0.0
0.022735596,0.07417297,9.151352,0.0010267124,-0.019866504,-0.6548233,0.0,0.0,0.0
0.022735596,0.07417297,9.151352,0.0010267124,-0.019866504,-0.6548233,0.0,0.0,0.0
0.022735596,0.07417297,9.151352,0.0010267124,-0.019866504,-0.6548233,0.0,0.0,0.0
0.022735596,0.07417297,9.151352,0.0010267124,-0.019866504,-0.6548233,0.0,0.0,0.0
0.022735596,0.07417297,9.151352,0.0010267124,-0.019866504,-0.6548233,0.0,0.0,0.0
0.022735596,0.07417297,9.151352,0.0010267124,-0.019866504,-0.6548233,0.0,0.0,0.0
0.022735596,0.07417297,9.151352,0.0010267124,-0.019866504,-0.6548233,0.0,0.0,0.0
0.022735596,0.07417297,9.151352,0.0010267124,-0.019866504,-0.6548233,0.0,0.0,0.0
0.022735596,0.07417297,9.151352,0.0010267124,-0.019866504,-0.6548233,0.0,0.0,0.0
0.027511597,0.086135864,9.158524,0.0018334445,-0.003754042,-0.64768124,0.0,0.0,0.0
0.035888672,0.090927124,9.152542,0.016813168,-0.0041000545,-0.6536293,0.0,0.0,0.0
0.037094116,0.07417297,9.116653,0.018566905,-0.020524472,-0.6895218,0.0,0.0,0.0
0.037094116,0.08015442,9.135803,0.018263748,-0.011508569,-0.6704006,0.0,0.0,0.0
0.0143585205,0.093322754,9.135803,-0.0032885484,0.0017209351,-0.6704035,0.0,0.0,0.0
0.037094116,0.10647583,9.148956,0.019411538,0.015159428,-0.6572523,0.0,0.0,0.0
0.050247192,0.102890015,9.127426,0.03295042,0.009818681,-0.6787672,0.0,0.0,0.0
0.007171631,0.08255005,9.153748,-0.012645975,-0.009561166,-0.65245056,0.0,0.0,0.0
0.035888672,0.086135864,9.127426,0.016272977,-0.005027227,-0.67878056,0.0,0.0,0.0
0.03111267,0.086135864,9.111862,0.011096591,-0.0038637817,-0.694355,0.0,0.0,0.0
0.055038452,0.09211731,9.148956,0.033944137,0.0011234283,-0.6572485,0.0,0.0,0.0
0.029907227,0.10169983,9.154938,0.0064111874,0.009901151,-0.65125465,0.0,0.0,0.0
0.013153076,0.07537842,9.144165,-0.0102883,-0.016728766,-0.6620245,0.0,0.0,0.0
0.007171631,0.08734131,9.164505,-0.017193977,-0.0041152313,-0.64168835,0.0,0.0,0.0
0.033493042,0.1040802,9.154938,0.008915154,0.011604831,-0.6512451,0.0,0.0,0.0
0.04067993,0.07417297,9.147766,0.01671171,-0.019444354,-0.65840816,0.0,0.0,0.0
0.037094116,0.107681274,9.166901,0.0127190575,0.014195867,-0.63927364,0.0,0.0,0.0
0.013153076,0.08135986,9.144165,-0.011055639,-0.011961415,-0.66201115,0.0,0.0,0.0
0.028717041,0.0993042,9.153748,0.005819967,0.0064581335,-0.65243626,0.0,0.0,0.0
0.050247192,0.08375549,9.169296,0.026470633,-0.009664662,-0.6368799,0.0,0.0,0.0
0.023925781,0.093322754,9.144165,4.362967E-4,-9.0707093E-4,-0.6620045,0.0,0.0,0.0
0.039474487,0.07537842,9.135803,0.016207317,-0.018884778,-0.6703663,0.0,0.0,0.0
0.029907227,0.07298279,9.172882,0.0064283386,-0.021515302,-0.63328457,0.0,0.0,0.0
0.053833008,0.088531494,9.128616,0.029788092,-0.005962968,-0.67754936,0.0,0.0,0.0
0.020339966,0.07896423,9.131012,-0.0044487305,-0.015703417,-0.6751499,0.0,0.0,0.0
0.04307556,0.08973694,9.147766,0.01840424,-0.0043656677,-0.6584015,0.0,0.0,0.0
0.010772705,0.08015442,9.148956,-0.012954298,-0.013872452,-0.6572151,0.0,0.0,0.0
-0.0143585205,0.08973694,9.126221,-0.03749013,-0.004114732,-0.6799526,0.0,0.0,0.0
0.008377075,0.10887146,9.154938,-0.014836555,0.015531212,-0.65124035,0.0,0.0,0.0
0.049057007,0.08015442,9.162125,0.025406383,-0.0134643465,-0.64404964,0.0,0.0,0.0
0.0,0.08015442,9.162125,-0.024590634,-0.013454594,-0.64404774,0.0,0.0,0.0
0.04547119,0.093322754,9.133408,0.020668902,-1.3887882E-4,-0.67276573,0.0,0.0,0.0
0.017944336,0.08375549,9.159729,-0.0066414643,-0.009353891,-0.64644814,0.0,0.0,0.0
0.0143585205,0.098098755,9.147766,-0.009903027,0.004929915,-0.658411,0.0,0.0,0.0
0.022735596,0.07777405,9.135803,-0.0015077479,-0.015371844,-0.6703749,0.0,0.0,0.0
0.027511597,0.08375549,9.170486,0.0028731562,-0.008806348,-0.63569546,0.0,0.0,0.0
0.033493042,0.0993042,9.140579,0.0076989364,0.0066630244,-0.6655998,0.0,0.0,0.0
0.01675415,0.08255005,9.144165,-0.009339696,-0.010701917,-0.66200733,0.0,0.0,0.0
0.0143585205,0.09690857,9.1453705,-0.011410559,0.003222771,-0.6607981,0.0,0.0,0.0
0.027511597,0.059814453,9.138184,0.0029462688,-0.033667065,-0.6679907,0.0,0.0,0.0
0.04067993,0.100494385,9.144165,0.016418705,0.007431917,-0.662014,0.0,0.0,0.0
-0.008377075,0.095718384,9.1453705,-0.03257735,0.0025643855,-0.6608076,0.0,0.0,0.0
0.04067993,0.100494385,9.122635,0.016952036,0.007705152,-0.683548,0.0,0.0,0.0
0.052642822,0.07896423,9.1501465,0.02882037,-0.014131181,-0.65603256,0.0,0.0,0.0
0.023925781,0.090927124,9.170486,-2.2171438E-4,-0.0023818687,-0.63568974,0.0,0.0,0.0
-0.015548706,0.090927124,9.169296,-0.040209338,-0.0016495436,-0.6368866,0.0,0.0,0.0
-0.0011901855,0.0765686,9.146561,-0.025560236,-0.017417192,-0.65960884,0.0,0.0,0.0
