-5.4420204,-0.92176765,-6.8689647,-0.49455214,-0.3827734,0.12434885,0.58839023,0.079814196,10.039033
-5.2361193,-1.2210429,-6.813898,-0.56877255,-0.38516808,0.026186585,0.28098997,-0.5875685,10.026569
-4.745308,-1.8579005,-6.715736,-0.56637836,-0.36601448,0.06928223,0.62868094,0.15597098,10.006644
-4.5178585,-1.8698715,-6.6965823,-0.35209727,-0.29403782,0.0016460121,0.39317057,0.1387963,9.997936
-5.140351,-1.067814,-6.71813,-0.21802187,-0.3179798,0.07586625,0.06884229,-0.29881662,10.052365
-5.9998693,-1.1851299,-7.965509,-0.048033714,-0.23418331,0.21712416,0.18201192,-0.17386653,10.008984
-6.1650696,-1.3215994,-7.422025,0.06943178,-0.1128273,0.05012861,-0.014801557,-0.06600683,9.9312105
-6.0645127,-0.581791,-8.341399,0.031124592,-0.21817207,-0.086340874,0.07886348,0.014059968,10.029484
-6.105214,-0.04070143,-8.264784,-0.062249422,-0.34985256,-0.31139585,0.037228,0.32974124,10.1431
-7.651869,-0.4141969,-7.917625,-0.10055661,-0.24690247,-0.44786534,0.4590082,0.079098746,10.040664
-4.927267,-1.5682021,-6.955156,-0.03232193,-0.30316544,-0.45819038,-0.052207872,0.45404577,10.113297
-5.41329,-0.9816227,-7.120356,-0.1280899,-0.33668423,-0.39594114,0.06457809,0.4313115,10.1170635
-5.1235914,-0.80445176,-6.519411,-0.1400609,-0.22415733,-0.046387672,0.13042921,-0.14898652,9.987814
-5.8634,-0.30406362,-6.931214,-0.105195284,-0.14694405,0.06763616,0.15725106,-0.019266782,9.916863
-5.7245364,-0.39983168,-6.3805475,-0.0070328712,-0.027234077,-0.018555105,0.021961894,-0.0032457574,9.832059
-6.6295447,-0.047884032,-7.21373,0.06718731,-0.07272339,-0.0401029,-0.05512573,0.017037569,9.896608
-6.253655,-0.47644615,-6.6079965,0.067337036,-0.11447239,0.016310483,-0.024212997,-0.03345746,9.934025
-6.7803793,-1.0630256,-6.3230867,0.060154438,-0.20545197,-0.1153706,0.0882829,0.05575347,10.0263815
-6.6606693,-0.81642276,-6.6247563,0.05776024,-0.28685474,-0.22789809,-0.055526577,0.20646192,10.109818
-6.373365,-0.90500826,-6.631939,0.043395042,-0.22700024,-0.29254153,-0.081295036,0.2690806,10.051658
-7.2113357,-1.0749966,-6.579266,0.03172326,-0.18001366,-0.3169324,-0.09006521,0.2954198,10.002855
-7.4483614,-1.958457,-6.493075,-0.04249692,-0.17522526,-0.3193266,0.31409493,0.079792924,9.97834
-7.620744,-2.3558946,-6.021417,-0.12150574,-0.21592712,-0.28820202,0.06725008,0.32336116,9.994761
-7.7428484,-2.717419,-6.6247563,-0.12779069,-0.18809414,-0.2041057,0.095130876,0.24495734,9.962615
-7.477092,-2.755726,-5.884948,-0.18764567,-0.31019878,-0.17537525,0.19181202,0.24489422,10.062466
1.1444284,2.456451,10.405201,-0.23792386,-0.3173809,0.08559272,0.32908094,0.018005738,10.043423
0.9600749,2.1811178,9.102755,-0.0990603,-0.33892918,0.3513491,-0.22595459,-0.34247616,10.089146
0.90500826,2.4301147,9.962274,-0.021398067,-0.32740688,0.27159226,0.20132236,-0.23157836,10.102075
0.8403648,2.4516625,9.718064,-0.028580666,-0.3034649,0.3314473,0.22189948,-0.2863697,10.074111
0.866701,2.4588451,8.889671,0.13183069,-0.2364273,0.30750528,0.051296905,-0.32239237,10.054208
0.90979666,2.5115175,8.698134,0.22804785,-0.22565365,0.3594295,-0.020173192,-0.4042591,10.068045
1.4077905,2.2122424,8.930372,0.386065,-0.19213486,0.2995745,-0.43040976,0.12255299,10.081388
1.6112977,2.0566192,8.992621,0.539294,-0.08918476,0.16310498,-0.40452328,-0.3342851,10.030362
1.091756,1.9967642,9.7324295,0.5048773,-0.021248817,-0.07586625,-0.47369558,-0.10366282,9.967839
1.2138603,1.9728222,9.739613,0.25827456,-0.13617039,-0.15487495,-0.2487243,0.061846,10.015349
1.1779473,1.9632454,9.844957,0.01646018,-0.19841957,-0.097414106,0.0051577794,0.095317,10.00672
1.4341269,1.8770541,9.792285,-0.110432625,-0.26066875,-0.059106857,0.12945068,-0.13002244,10.030223
1.5131354,2.1763294,9.363723,0.05312133,-0.16774368,-0.114622414,-0.042576477,0.0952394,9.9889145
2.2744915,2.4636335,7.4483614,0.055515528,-0.18689728,-0.5144541,-0.18180582,0.4681409,10.031312
2.2744915,2.4636335,7.4483614,-0.3107972,-0.4239235,-1.0483611,0.020200895,1.1076384,10.191497
1.7262194,2.4013844,10.680533,-1.112855,-0.76614475,-0.93463653,0.8585814,1.3099306,10.302639
1.8267759,2.336741,9.552865,-1.7090111,-0.6751652,-0.4318542,1.2886298,-1.3621804,10.023476
1.6927006,2.2146366,7.1227503,-1.9627964,-0.49320602,-0.17088616,1.8194691,0.9015158,9.764027
2.1045034,2.2697031,7.8410106,-1.8739116,-0.7656956,0.7266402,2.1394255,0.061241977,10.018771
1.3359646,2.432509,9.349358,-0.77497315,-0.11207867,1.6843209,1.3463337,-1.2649616,9.613527
1.2042835,2.3630772,9.31105,1.327136,0.52956676,1.5646108,-0.73808604,-1.9686341,9.543235
1.4389153,1.8626889,8.710106,3.1156049,0.23986912,0.8104373,-2.3141227,2.1894653,10.3287
1.3431472,1.8698715,9.174581,3.1591492,0.51954174,-0.63012403,-3.1904843,-0.55226094,10.210482
1.0007763,1.8602947,9.234436,2.598906,0.37110138,-1.0491092,-2.7961235,0.044232123,10.221929
0.82121116,1.8363527,9.267955,1.1097126,-0.3495531,-0.5774515,-1.0993193,0.1642233,10.478754
0.90979666,1.8028339,9.038112,-0.079756975,-0.40491962,0.12569559,0.23300655,-0.06635142,10.163705
0.9816227,1.3982137,8.916007,-0.5011363,-0.1224041,0.5398925,-0.19595201,-0.71830684,9.749799
1.1228806,1.5011644,9.323022,-1.078139,-0.026636124,0.2765303,1.064405,0.11830722,9.502422
0.60812724,1.541866,9.409213,-2.2791305,-0.88495636,0.2024597,2.3403463,0.7105414,9.997759
0.6799533,1.3790601,9.210494,-2.2911015,-1.150713,0.17851767,2.4169216,0.7530574,10.250091
0.9816227,1.376666,8.89446,-1.263989,-1.0166378,-0.01062423,1.4004035,0.53940284,10.422583
1.340753,1.0079589,9.607931,-0.8090906,-0.760458,-0.12554592,0.61832446,-0.78163356,10.312131
0.8858546,1.0007763,9.909601,0.078709364,-0.2641096,-0.6518214,-0.250421,0.587292,10.112021
0.39743748,1.7525556,9.801862,-0.060154438,-0.07496834,-0.97503865,-0.30169344,0.9266684,9.9077635
-0.20350714,2.0039468,8.966286,-0.74729025,-0.39579105,-0.76434886,0.47184116,1.0147812,10.023319
-0.7350199,1.7836803,7.668628,-0.79996264,-0.8604164,0.4122516,1.0927422,-0.026862366,10.402884
-1.1587936,1.3311762,6.2871737,-0.2325368,-0.5204401,1.5494974,0.9323927,-1.3123286,10.173212
-1.721431,1.1324574,5.17387,1.120187,0.61201763,1.8703206,-0.44343755,-2.1879902,9.427855
-2.0159178,1.0031705,4.711789,2.4073696,1.0241194,0.38741177,-2.266165,-1.317903,9.45745
-1.1971009,1.067814,5.363012,2.4289174,0.9020157,-0.6205472,-2.6301787,-0.385182,9.627394
-1.1971009,1.067814,5.363012,0.33159685,-0.740407,-1.1257237,-0.5172349,0.9636667,10.660634
-1.5658079,0.17956513,4.6830587,-0.50876784,-0.60872555,-0.88869774,0.28195754,1.0493859,10.295013
-0.2753332,-0.44532153,3.5936968,-0.78095865,-0.28805256,-0.52403086,0.58389664,0.7878169,9.883396
-0.25378537,-2.5330653,3.2369606,-0.78095865,-0.21622658,-0.13856441,0.7036884,0.4249142,9.795675
0.050278235,-2.813187,3.7804444,-1.0179845,-0.29284096,-0.045190573,0.9696885,0.42858425,9.796167
0.18674773,-2.3798366,4.5561657,-1.3786112,-0.7270889,-0.37514147,1.2806815,0.90299726,10.144974
-0.878672,-1.9776106,7.0581064,-1.2325649,-1.1221323,-0.6073791,1.172272,1.0869106,10.575957
0.40462008,-2.765303,10.668563,-0.6723218,-0.9090481,-0.104596704,0.8051048,0.4002367,10.500231
0.82360536,-3.25372,11.341333,0.38801026,-0.15337849,0.52612585,-0.11377843,-0.6221531,10.032285
1.0726024,-4.63278,11.456255,0.77826524,0.117165565,0.4878186,-0.5482499,-0.74274325,9.8784895
1.2593501,-4.5537715,11.71004,1.3361142,0.2823658,0.75836337,-0.9917242,-1.2058755,9.855683
0.2753332,-3.3877954,15.32768,0.80460143,0.016609192,0.55246204,-0.5213487,-0.8070727,9.979097
-0.4261679,-3.107674,15.078682,-0.18525124,-0.24944592,0.08185178,0.2615686,0.0028754387,9.9933605
-1.6687586,-1.9369092,13.912706,-1.2219406,-0.6827965,0.17522565,1.3385313,0.30804855,10.128479
-1.9919758,-0.8523358,12.65575,-1.6002245,-0.85039043,0.37633857,1.793668,0.26407492,10.178974
-2.327164,-0.90979666,12.392388,-1.0730512,-0.09980774,1.7555484,1.6156971,-1.2488551,9.536109
-2.1811178,-2.219425,14.7554655,1.3905823,0.20904446,1.4993688,-0.76736146,-1.9054799,9.883073
-1.9081788,-2.9041667,15.490485,2.4272716,0.4652233,0.36691138,-2.168366,-1.2317225,9.960853
-1.3072342,-3.572149,14.875175,2.4434323,0.08244991,-0.09322423,-2.25674,-0.742934,10.390649
-0.10055647,-3.691859,14.872781,2.4434323,0.08244991,-0.09322423,-2.25674,-0.742934,10.390649
-0.047884032,-3.25372,14.597447,0.72439575,-0.38920784,-0.73008186,0.20175928,0.89338815,10.41528
-0.9983821,-3.7110126,11.348516,0.11148,0.17821884,-0.5026327,-0.31820115,0.42720845,9.692347
-1.9153614,-3.13401,10.82658,-0.6974609,0.21173763,-0.54797286,0.38278863,0.7471173,9.450548
-1.9153614,-3.13401,10.82658,-1.7485155,-0.27907372,-0.66050035,1.5890409,-1.0108234,9.649753
-3.5697548,-2.7102363,10.840945,-2.2369328,-0.5591955,-0.68923074,1.9282755,1.4398308,9.790965
-4.3263226,-2.2529438,10.857705,-2.1630116,-1.1836329,-0.7350199,2.0023506,1.4790473,10.456984
-4.453215,-2.3942018,10.874464,-1.088015,-0.9346361,-0.7805097,1.3596629,-0.59128034,10.490966
-4.687847,-2.4947581,9.957485,-0.08723855,-0.33129692,-0.27772737,0.06874931,0.29790488,10.124546
-4.6830587,-2.6144683,8.2169,0.62862754,0.16714478,0.0026934743,-0.6116846,-0.22117317,9.800266
-4.510676,-2.5833437,8.228871,0.59989715,0.47120857,0.10085571,-0.6311794,-0.30760118,9.49194
-2.2481554,-3.1483753,1.42455,-0.31468773,0.17911625,0.15592235,0.042546444,-0.29090393,9.544055
-2.0254946,-2.8754363,0.15322891,-1.3202525,-0.2709942,0.41689035,1.4059213,0.06672583,9.710611
-2.9137435,-2.0015526,4.3287168,-1.3584102,-0.42332458,0.35808277,1.4630113,0.104041815,9.845203
-4.1395745,-1.2138603,12.332533,-0.19961667,-0.57176495,0.22640169,0.40383965,-0.14546591,10.290263
-5.121197,-1.2258313,13.79539,1.5744867,-0.7633009,0.2000655,-1.1721042,-0.69353914,10.923382
-2.980781,-0.17956513,8.841787,-1.8587984,3.6587892,-1.372925,1.8839005,0.23335475,5.9179
-3.4380736,-0.58897364,12.899959,0.55799866,-0.055665016,-1.3465889,-0.8796564,1.1204281,10.120689
-0.04070143,-1.6663644,-3.70383,-0.30391407,-0.46746826,-0.020201087,0.40267557,0.108402595,10.177343
-1.4413095,-1.7836803,-0.91458505,1.4972687E-4,0.049679756,-0.18300676,0.14802781,0.11403496,9.774366
-4.8123455,-1.151611,9.749189,0.68459225,0.0095767975,-0.5636848,-0.7858783,0.35357553,10.016145
-1.2617443,-1.0749966,11.039664,0.68459225,0.0095767975,-0.5636848,-0.7858783,0.35357553,10.016145
-0.7637503,-0.5674258,1.9321208,-1.2642881,-0.74699116,-0.5397428,1.2279127,0.878169,10.217517
-1.3982137,-3.6655228,19.6133,-1.5922936,-1.2665329,-0.47749364,1.3213214,-1.397224,10.624828
0.2753332,-0.79726917,5.17387,-1.7898153,-1.3456907,-0.5716157,1.8766079,1.0533694,10.64925
1.3910311,-0.94810385,10.785878,-1.7084124,-1.463007,-0.68653727,1.5468718,-1.4736602,10.789545
-0.34476504,0.24420857,11.429919,-1.2894272,-1.908329,-1.0241197,1.4484107,1.3724011,11.346801
-0.50996494,0.14844051,9.344569,-0.47001183,-1.9310732,-1.3429976,0.59034854,1.4107099,11.654747
0.12689269,-0.29688102,8.863335,0.3488052,-2.0890903,-1.9032407,1.6205841,0.70202535,12.040421
0.047884032,-0.2825158,9.526528,1.5435119,-1.5695486,-1.0365398,0.27164194,1.4190321,11.764552
0.14604631,-0.2753332,10.206482,1.1803415,-1.0802345,0.19393039,-0.7997045,-0.5507152,11.093137
0.04309563,-0.28491,9.828198,0.1388638,0.29164314,1.898602,-1.6870545,-0.7832614,9.307328
0.10534488,-0.25617957,9.818622,-0.27293897,0.7656956,1.2761096,0.33529684,-1.1126664,8.837793
0.059855044,-0.2825158,9.787497,-0.67321956,0.37559032,1.5664064,0.77564514,-1.3074157,8.948315
0.05746084,-0.38307226,9.701305,-1.1089643,-0.43604374,1.2168529,-0.33718017,-1.6657159,9.695573
0.15322891,-0.29448682,9.674969,-1.6380829,-0.79996204,1.4059949,1.9823936,-1.1684242,9.877321
0.05746084,-0.25378537,9.730036,-0.99643683,-0.079307556,2.1649568,-1.1597257,-1.9846166,9.172312
0.107739076,-0.2873042,9.816227,-0.12749147,0.853981,3.0083146,0.16087689,-2.666549,8.176031
0.050278235,-0.29209262,9.768343,0.2867055,1.4285898,2.9053638,-2.355908,-0.90419304,7.758218
0.088585466,-0.31603462,9.7324295,0.69371986,1.617732,2.445677,-0.87312895,-2.0665622,7.7950964
0.059855044,-0.320823,9.763555,1.2826934,1.2729669,1.7896659,-1.4081072,-1.6057636,8.425626
0.055066638,-0.32321724,9.787497,1.3376107,0.89213943,1.0422261,1.5365527,0.86848795,9.060999
0.095768064,-0.2705448,9.737218,1.3974657,0.7532759,0.9488522,1.557373,0.81300163,9.228546
0.107739076,-0.2705448,9.7563715,1.4453497,0.4061165,0.7429508,1.5114889,0.6961631,9.615135
0.047884032,-0.32321724,9.76116,1.3423991,-0.2690487,0.47001183,1.2345821,0.58340144,10.28711
0.08140286,-0.2633622,9.751583,1.4309845,-0.8364744,0.20664954,1.1705874,0.4640051,10.9042225
0.09816227,-0.2753332,9.830592,1.4932337,-0.9705496,0.24495697,1.1968063,0.53542227,11.036627
0.088585466,-0.34476504,9.718064,1.4716859,-0.75507164,0.6112697,-1.3315468,0.67943037,10.742125
0.10055647,-0.31364042,9.811439,0.9883566,-0.47644615,-0.2864064,0.73545015,-0.29714364,10.617051
0.09816227,-0.28491,9.746795,0.6435914,-0.43813896,-0.23612809,0.43208885,-0.21600407,10.461337
0.1388637,-0.28491,9.765948,0.3371334,-0.3447647,-0.09965861,0.19609065,-0.06656243,10.253416
0.055066638,-0.31364042,9.758766,0.18869305,0.035913467,0.7574656,0.3193388,0.7076337,9.717653
0.074220255,-0.2705448,9.758766,0.85188675,0.3040638,1.4661493,1.144852,1.2660611,9.573954
0.09816227,-0.2705448,9.753978,1.2684779,0.46208096,1.593042,1.6050222,1.3093797,9.542549
0.079008654,-0.2896984,9.744401,1.0314522,0.23941994,1.581071,1.3140085,1.3700482,9.67496
0.110133275,-0.30645782,9.82341,0.5861304,0.42616844,1.5738883,0.9506414,1.3770558,9.356914
0.076614454,-0.29688102,9.765948,-0.021996737,0.19393063,1.1261727,0.2328489,1.0588392,9.444745
0.033518825,-0.33039984,9.734824,-0.024390936,-0.4070139,1.2458827,0.07189755,1.2965822,9.98608
0.11492168,-0.30406362,9.718064,0.29403782,-0.30645752,1.1716624,0.3878633,1.1672405,10.007378
0.093373865,-0.25378537,9.749189,0.3941455,0.11177921,0.7350199,0.5520368,0.63228244,9.746944
0.11252748,-0.2753332,9.76116,0.2576759,-0.36466694,0.332794,0.19977458,0.3453428,10.195261
0.095768064,-0.2896984,9.7084875,-0.06314707,-1.4013567,0.22026652,-0.43191203,0.46611014,11.076569
0.10055647,-0.28491,9.78989,-0.41509485,-1.49473,0.18914193,-0.79418236,0.5081001,11.053082
0.074220255,-0.272939,9.82341,-0.5587468,-1.0158901,-0.24420857,-0.87431425,0.027123176,10.605918
0.09816227,-0.320823,9.765948,-0.6616976,-0.97997665,-0.61530983,-1.0359485,-0.32336727,10.5807085
0.088585466,-0.320823,9.8042555,-0.14455009,-0.89139175,-0.6488286,-0.5344692,-0.4537063,10.669829
0.11731588,-0.29448682,9.744401,0.35104966,-0.4939537,-0.7254431,0.030274061,-0.67582124,10.46691
0.11252748,-0.31364042,9.7803135,0.10444689,-0.06778622,-0.32082307,0.011030518,-0.31678873,9.9407215
0.062249243,-0.31603462,9.78989,0.035015106,-0.029479027,0.22026652,-0.22449028,-0.0041212062,9.82085
0.06464344,-0.28491,9.758766,0.06658888,-0.004638672,0.61291564,0.18345211,0.5876299,9.772755
0.10055647,-0.28491,9.770737,-0.2949357,-0.16026211,0.8858546,-0.14542997,0.9357382,9.78121
0.06464344,-0.2801216,9.737218,-0.46013546,-0.39010525,0.4381389,-0.45568463,0.56081957,9.990367
0.095768064,-0.3184288,9.76116,-0.9246106,-0.64149666,0.12689269,-0.10053144,-1.0854526,10.113711
0.062249243,-0.31124622,9.739613,-1.1089642,-0.75881195,-0.11252755,-1.2794513,0.18459956,10.190428
0.12449849,-0.25617957,9.765948,-0.68758464,-0.39249897,-0.13407534,-0.7837097,0.03986667,9.977113
0.110133275,-0.2873042,9.722853,-0.3093009,-0.15068531,-0.17717093,-0.36844012,-0.09995884,9.870202
0.074220255,-0.29688102,9.792285,0.21263504,-0.028580666,-0.4932056,0.09245513,-0.5108261,9.947456
0.090979666,-0.2801216,9.78989,0.02109909,-0.36855698,-0.486023,-0.18328573,-0.4211466,10.208695
0.10295067,-0.29927522,9.809045,-0.19916749,-0.45714283,-0.22266084,-0.36248574,-0.11535296,10.198596
0.093373865,-0.2705448,9.797073,-0.2638111,-0.45474815,-0.3998317,-0.45773414,-0.27806127,10.193323
0.06703765,-0.32321724,9.76116,-0.3093009,-0.48108482,-0.5434838,-0.5366082,-0.4067927,10.217939
0.090979666,-0.25857377,9.809045,-0.44816446,-0.44756603,-0.4525041,-0.63887423,-0.30081394,10.134309
0.08619126,-0.2657564,9.751583,-0.5729625,-0.06793594,0.09666592,-0.54641837,0.17830805,9.697651
0.076614454,-0.30166942,9.773131,-0.7118261,0.099658966,1.1237785,-0.46496117,1.178593,9.389226
0.10534488,-0.30406362,9.7563715,-0.25932217,-0.11581993,1.4086884,-0.045677975,1.4318256,9.693264
0.09816227,-0.30406362,9.765948,0.008828402,-0.24750042,1.0543466,0.1157637,1.0694168,9.932846
0.06943185,-0.272939,9.821015,-0.23777437,-0.34566307,0.8197148,-0.18314137,0.8854533,9.98095
0.11971009,-0.30406362,9.775525,-0.21143794,-0.9083004,-0.3223194,0.20963697,-0.47485426,10.645791
0.095768064,-0.29927522,9.82341,0.157269,-1.0112514,-1.2919712,-0.33197996,-1.137668,10.95209
0.095768064,-0.2753332,9.773131,0.083946705,-0.4824314,-1.2246343,-0.25605583,-1.1497104,10.40007
0.076614454,-0.30406362,9.744401,0.50772023,-0.21428108,-1.3754689,0.19198269,-1.3916862,10.277803
0.11492168,-0.320823,9.739613,0.44068265,-0.278924,-1.8830396,0.025278581,-1.8720953,10.365654
0.062249243,-0.2896984,9.7803135,0.36167407,-0.68354416,-1.6962918,1.616817,-0.20026864,10.712897
0.055066638,-0.29209262,9.832987,-0.09606743,-0.72798634,-1.5156794,-0.5418837,-1.3827178,10.601043
0.08619126,-0.2896984,9.744401,-0.77841496,-1.0871172,-0.6681319,0.31361017,-1.176814,10.673285
0.08619126,-0.2801216,9.768343,-1.6786346,-1.0919056,1.3406034,-1.6670824,1.6837591,10.246141
0.08619126,-0.2873042,9.775525,-1.8055273,-0.55321026,2.6215012,-1.427224,2.8901806,9.587348
0.107739076,-0.30406362,9.706094,-0.26844978,-0.2084446,1.6518495,-0.037471954,1.6859261,9.787488
0.05746084,-0.29209262,9.734824,0.46896434,-0.28505898,-0.46223062,0.28947222,-0.48077956,10.253833
0.093373865,-0.29448682,9.742006,0.22475576,-0.34251976,-1.9083283,-0.19744863,-1.8612676,10.360127
0.11252748,-0.2801216,9.758766,-0.28042102,-0.20126247,-2.8731916,2.6580591,-1.088112,10.1604395
0.055066638,-0.29209262,9.713276,-1.2298714,-0.104447365,-3.017143,-1.6751965,-2.7963188,9.837678
0.08619126,-0.30885202,9.763555,-1.9553146,-0.5354042,-2.24621,1.5958841,-2.5652902,9.973414
0.05746084,-0.29209262,9.816227,-2.3312042,-1.4643545,-1.4704888,-2.8388448,-0.9562185,10.682885
0.088585466,-0.33039984,9.715671,-2.115726,-1.9288292,-0.500837,-0.38362142,-2.5755248,11.097781
0.06464344,-0.2681506,9.7803135,-1.0996869,-1.7510586,0.53660035,-1.3637884,1.0044051,11.108545
0.062249243,-0.29927522,9.78989,-0.48437703,-1.1549025,0.61800325,-0.6287878,0.89575493,10.674258
0.050278235,-0.32800564,9.739613,0.73906016,-0.5324106,0.7760205,0.7101387,0.79697835,10.347482
0.08140286,-0.272939,9.765948,1.3543699,0.274436,0.53660035,1.4445276,0.33126205,9.772408
0.107739076,-0.31603462,9.816227,1.59379,0.80355453,-0.5814918,1.6291219,-0.8922385,9.534942
0.055066638,-0.2777274,9.7803135,1.3136685,1.20578,-1.0794858,1.373991,-1.4355106,9.177149
0.11971009,-0.25139117,9.787497,1.1101613,1.277606,-0.9478046,1.2120425,-1.3032635,9.035031
0.12449849,-0.3184288,9.715671,0.8755295,1.1435308,-0.41868603,1.0327371,-0.73751,9.007331
0.08140286,-0.2681506,9.746795,1.0934019,1.0333977,0.005087614,1.2803429,-0.3231196,9.085776
0.11492168,-0.3184288,9.77792,1.1963527,0.89213943,-0.27503407,0.6399438,1.2782354,9.297419
0.08140286,-0.30166942,9.816227,1.0119991,0.9926958,-0.7706338,1.0810826,-1.0603359,9.249588
0.11492168,-0.25378537,9.67018,0.68878174,1.2201452,-1.6564883,0.69055426,-1.9387904,9.120181
0.10055647,-0.31603462,9.787497,0.4565444,1.1794443,-2.4465752,0.34358546,-2.6753535,9.250241
0.05746084,-0.260968,9.77792,-0.28924942,0.47120857,-1.4281414,-0.57275665,-1.4202199,9.792018
0.090979666,-0.30885202,9.768343,-1.1894693,0.05461788,-1.3850458,-1.485666,-1.0552781,9.930634
0.074220255,-0.29209262,9.7563715,-1.2948142,-0.10579395,-1.152808,-1.5511383,-0.7639909,9.970997
0.079008654,-0.3184288,9.770737,-0.8183681,-0.25183964,-0.79367757,-1.0276672,-0.46981385,10.10039
0.059855044,-0.30166942,9.751583,-0.24136543,-0.21832085,-0.42018223,-0.37545362,-0.25073317,10.087142
0.088585466,-0.2777274,9.7563715,0.97414064,0.71481895,0.1954267,1.0823003,-0.33749917,9.345362
0.09816227,-0.30885202,9.739613,1.5343838,1.0907083,0.073322296,0.14555159,1.7754725,9.193616
0.110133275,-0.31364042,9.80665,1.6804304,1.184082,-0.37199903,1.6414187,-1.1898946,9.302535
0.08619126,-0.30166942,9.751583,1.4864998,1.2870331,-0.6880336,1.3772981,-1.4678792,9.2701235
0.076614454,-0.33279404,9.77792,0.95738125,1.6126442,-0.44143105,1.004668,-1.2630616,8.754374
0.14844051,-0.2705448,9.770737,0.38516712,1.2942157,-0.04878187,0.44690397,0.7237394,8.756835
0.08379706,-0.29448682,9.749189,-0.22400737,0.5415392,-0.17193365,-0.19274871,-0.31567445,9.320703
0.11731588,-0.30645782,9.78989,-0.63581014,0.6133652,-0.3634696,-0.6314152,-0.40132338,9.212709
0.095768064,-0.30406362,9.727641,-0.58313775,0.32845497,-1.1176431,-0.88878006,-0.9505241,9.74644
0.1364695,-0.2633622,9.746795,-0.03725958,-1.6922512,-2.6164134,-1.194166,-1.5516437,12.23098
0.10055647,-0.2873042,9.8042555,-0.57356095,-5.101595,-3.5932477,-2.509174,-0.8281085,15.488694
0.088585466,-0.30166942,9.792285,-1.892766,-7.163002,-1.2852376,-3.2003832,2.3913522,16.177107
0.10534488,-0.30885202,9.797073,-3.7386956,-3.8374557,3.6037226,-2.7183757,5.7367086,10.986259
0.08379706,-0.2681506,9.77792,-1.4091372,2.8160305,6.6180224,1.6646123,4.8663173,4.5854135
0.090979666,-0.2896984,9.718064,0.043843746,2.0890908,1.8441337,1.0339987,0.6647524,7.305426
0.08619126,-0.2825158,9.765948,-2.4245782,-0.4750986,0.4171896,-2.0927348,1.3241091,9.425127
0.05267244,-0.33279404,9.7563715,-2.7741315,-2.055272,1.3820529,-2.2170002,2.9234881,10.413379
0.10534488,-0.24181437,9.746795,-1.1605893,-1.6202755,0.65616107,-0.78200674,1.7220777,10.715341
0.12689269,-0.29209262,9.840169,-0.008978367,-0.67696,-0.09801245,-0.1314253,0.20939298,10.44449
0.10295067,-0.2801216,9.698911,0.410007,-0.40880966,-0.27757764,0.14878915,-0.23520936,10.3852825
0.076614454,-0.34715924,9.734824,0.69012856,-0.14065933,-0.29194283,0.40268824,-0.48652133,10.233768
0.12449849,-0.2753332,9.718064,-1.1725603,-0.9810238,0.79981303,-0.64727366,1.5738349,10.091408
0.02873042,-0.32561144,9.751583,-1.6825253,-1.4598646,1.1206361,-0.9488859,2.258851,10.270468
0.06703765,-0.31124622,9.770737,-1.28419,-0.67097473,0.1294365,-0.9646525,1.0677797,10.019835
0.08140286,-0.29448682,9.763555,-1.8755579,-0.82180977,0.39040458,-1.2679925,1.6504096,9.924447
0.1412579,-0.2873042,9.734824,-3.671209,-2.0524292,1.2666824,-2.2023883,3.764194,10.33123
0.090979666,-0.2633622,9.720459,-3.7789483,-2.459443,2.2028153,-1.7284764,4.665778,10.45837
0.10055647,-0.28491,9.785102,-1.0561422,-1.2886791,1.600823,0.22198477,2.2024155,10.469133
0.10534488,-0.29209262,9.77792,-0.09846139,-0.7260418,1.7636287,-1.5470283,1.0684884,10.141718
0.107739076,-0.2873042,9.730036,2.4657285,-0.891242,2.1754315,3.228489,0.27856523,10.858287
0.074220255,-0.32321724,9.727641,2.637363,-1.0329485,0.8414122,2.3334465,-1.1851482,11.1781845
0.08379706,-0.2825158,9.753978,1.3516766,-0.8725376,1.0066121,0.33982623,1.6009163,10.7674885
0.093373865,-0.2896984,9.758766,2.0412068,-0.092027664,1.3106757,2.3195703,-0.6569188,10.091113
0.076614454,-0.2633622,9.8042555,2.1428103,0.16490078,1.1308113,2.2348793,-0.94962233,9.839799
0.055066638,-0.29448682,9.818622,2.0374656,-0.7808094,1.458817,2.4077454,-0.5006404,10.723871
0.076614454,-0.33758244,9.76116,1.8674773,-1.1040258,1.6264112,2.424852,-0.21057796,11.001405
0.090979666,-0.272939,9.787497,1.4437038,-0.4958992,2.06455,2.504298,0.28081143,10.298842
0.12210429,-0.2873042,9.840169,1.4437038,-0.4958992,2.06455,2.504298,0.28081143,10.298842
0.08140286,-0.2633622,9.734824,0.11088145,-0.6310215,1.5659575,1.2506067,0.9997561,10.353627
0.11252748,-0.30166942,9.82341,1.8682255,-0.25992012,1.3839982,2.2544954,-0.4919469,10.192033
0.093373865,-0.3184288,9.737218,2.3614311,-1.2391491,1.7646763,2.8363376,-0.5001533,11.196249
0.059855044,-0.31124622,9.77792,2.2616227,-0.31977558,1.7761984,2.8220778,-0.38602448,10.31555
0.107739076,-0.33997664,9.713276,1.385345,0.9754877,1.9102737,1.4848793,1.8869423,8.938082
0.09816227,-0.2705448,9.78989,1.6271594,0.89408493,1.6756419,2.3807738,-0.09888471,9.04712
0.079008654,-0.29688102,9.832987,1.172261,0.83422947,1.7570448,1.3375137,1.676741,9.06041
0.059855044,-0.22744916,9.792285,0.039654016,0.82644844,1.8787001,0.27683276,1.8682688,9.002346
0.11971009,-0.33039984,9.734824,-0.7097311,0.8384199,1.7039233,0.71322745,1.6717612,8.908655
0.093373865,-0.2873042,9.837775,-1.5339351,0.3945942,1.0209774,-0.49199924,1.7345442,9.258638
0.06943185,-0.2753332,9.710882,-1.7685668,0.030675888,1.2364556,-1.6052214,1.4272771,9.597547
0.074220255,-0.31124622,9.787497,-0.020500347,-0.012270272,-0.0140657425,-0.019705398,0.013698306,9.792697
0.08619126,-0.3184288,9.694122,-0.00867898,-0.01885432,-0.107439995,0.0,0.0,0.0
0.08379706,-0.30645782,9.768343,-0.01107318,-0.006883323,-0.033219337,0.0,0.0,0.0
0.059855044,-0.29209262,9.739613,-0.035015196,0.007481873,-0.06194973,0.0,0.0,0.0
0.110133275,-0.2873042,9.737218,0.015263036,0.012270302,-0.064344406,0.0,0.0,0.0
0.10295067,-0.2753332,9.782708,0.00808043,0.024091661,-0.018854141,0.0,0.0,0.0
0.093373865,-0.32561144,9.737218,-0.0014963746,-0.026186585,-0.064344406,0.0,0.0,0.0
0.06943185,-0.29927522,9.801862,-0.02543839,1.4963746E-4,2.9945374E-4,0.0,0.0,0.0
0.076614454,-0.28491,9.720459,-0.017058685,0.013317764,-0.081103325,0.0,0.0,0.0
0.08619126,-0.34715924,9.751583,-0.0074818805,-0.04893148,-0.04997921,0.0,0.0,0.0
0.11971009,-0.2896984,9.739613,0.026036948,0.008529365,-0.06194973,0.0,0.0,0.0
0.12689269,-0.30645782,9.775525,0.033219546,-0.00823006,-0.026037216,0.0,0.0,0.0
0.107739076,-0.2633622,9.770737,0.013018474,0.03591302,-0.030825615,0.0,0.0,0.0
0.10055647,-0.31603462,9.782708,0.0058358684,-0.016759396,-0.018854141,0.0,0.0,0.0
0.107739076,-0.2633622,9.749189,0.013018474,0.03591302,-0.052372932,0.0,0.0,0.0
0.04070143,-0.29448682,9.787497,-0.05401917,0.0047883987,-0.0140657425,0.0,0.0,0.0
0.076614454,-0.25139117,9.765948,-0.017806873,0.04713586,-0.035614014,0.0,0.0,0.0
0.11252748,-0.25617957,9.7563715,0.018106155,0.04234746,-0.04519081,0.0,0.0,0.0
0.093373865,-0.2657564,9.715671,-0.0010474622,0.032770634,-0.08589172,0.0,0.0,0.0
0.08619126,-0.30645782,9.713276,-0.008529343,-0.0095767975,-0.0882864,0.0,0.0,0.0
0.10055647,-0.3184288,9.744401,0.0058358684,-0.021547794,-0.05716133,0.0,0.0,0.0
0.08379706,-0.30885202,9.773131,-0.010923542,-0.011970997,-0.028430939,0.0,0.0,0.0
0.12449849,-0.3184288,9.77792,0.029777884,-0.021547794,-0.02364254,0.0,0.0,0.0
0.08619126,-0.30885202,9.742006,-0.008230068,-0.010923535,-0.059556007,0.0,0.0,0.0
0.110133275,-0.2705448,9.749189,0.015711948,0.027383685,-0.052372932,0.0,0.0,0.0
0.110133275,-0.2705448,9.749189,0.015711948,0.027383685,-0.052372932,0.0,0.0,0.0
0.06703765,-0.31364042,9.785102,-0.027383678,-0.015711933,-0.016460419,0.0,0.0,0.0
0.093373865,-0.30645782,9.734824,-8.9782476E-4,-0.007781148,-0.06673813,0.0,0.0,0.0
0.110133275,-0.33518824,9.763555,0.015861586,-0.03651157,-0.038007736,0.0,0.0,0.0
0.06943185,-0.2801216,9.742006,-0.02483984,0.018555075,-0.059556007,0.0,0.0,0.0
0.12210429,-0.30885202,9.813833,0.027832597,-0.010474622,0.012270927,0.0,0.0,0.0
0.095768064,-0.2801216,9.78989,0.0014963746,0.0182558,-0.01167202,0.0,0.0,0.0
0.107739076,-0.2896984,9.694122,0.013467386,0.0086790025,-0.107439995,0.0,0.0,0.0
0.076614454,-0.29448682,9.773131,-0.018405423,0.0034416616,-0.028430939,0.0,0.0,0.0
0.06703765,-0.33997664,9.722853,-0.027982228,-0.042048156,-0.0787096,0.0,0.0,0.0
0.10055647,-0.30885202,9.765948,0.0055365935,-0.010923535,-0.035614014,0.0,0.0,0.0
0.08379706,-0.25378537,9.78989,-0.011222817,0.04414311,-0.01167202,0.0,0.0,0.0
0.055066638,-0.30406362,9.765948,-0.03995324,-0.006135136,-0.035614014,0.0,0.0,0.0
0.08140286,-0.28491,9.672575,-0.013617016,0.013018489,-0.12898731,0.0,0.0,0.0
0.10055647,-0.2873042,9.730036,0.0065840557,0.010474652,-0.07152653,0.0,0.0,0.0
0.10534488,-0.31124622,9.667787,0.011372462,-0.013467371,-0.13377571,0.0,0.0,0.0
0.22505496,-0.15322891,9.528923,0.13108255,0.14454994,-0.27263927,0.0,0.0,0.0
0.059855044,-0.33758244,9.445126,-0.038007952,-0.04234743,-0.35658646,0.0,0.0,0.0
-0.0047884034,-0.50996494,9.52174,-0.1026514,-0.21472993,-0.27997208,0.0,0.0,0.0
-0.033518825,-0.33518824,10.213664,-0.13138182,-0.03995323,0.41195202,0.0,0.0,0.0
0.06943185,-0.2873042,10.25676,-0.022595279,0.011971027,0.45519733,0.0,0.0,0.0
-0.033518825,-0.39025488,10.129868,-0.12554595,-0.090979666,0.32830524,0.0,0.0,0.0
0.2681506,-0.56982,10.06283,0.17612347,-0.27054477,0.26126766,0.0,0.0,0.0
-0.10055647,-0.25617957,10.163386,-0.1906383,0.047584772,0.36197376,0.0,0.0,0.0
0.016759412,-0.28491,9.746795,-0.07332243,0.01885435,-0.05461788,0.0,0.0,0.0
0.055066638,-0.25857377,9.622296,-0.035015203,0.045190573,-0.17911625,0.0,0.0,0.0
0.15083471,-0.34237084,10.378864,0.065242,-0.042796344,0.577302,0.0,0.0,0.0
0.038307227,-0.32561144,9.500193,-0.047285482,-0.026036948,-0.30136967,0.0,0.0,0.0
0.11731588,-0.320823,9.634268,0.03172317,-0.02124852,-0.1672945,0.0,0.0,0.0
0.15083471,-0.2801216,9.928755,0.065242,0.0194529,0.1271925,0.0,0.0,0.0
0.12210429,-0.34715924,9.890448,0.036661215,-0.047435105,0.08888531,0.0,0.0,0.0
0.074220255,-0.35194764,9.832987,-0.011222817,-0.052223504,0.031424522,0.0,0.0,0.0
0.01436521,-0.23702596,9.797073,-0.07107786,0.06269817,-0.004488945,0.0,0.0,0.0
0.08140286,-0.25617957,9.811439,-0.003591299,0.043843836,0.009876251,0.0,0.0,0.0
0.09816227,-0.2896984,9.768343,0.013168111,0.010325015,-0.033219337,0.0,0.0,0.0
0.076614454,-0.29209262,9.758766,-0.008379705,0.007930785,-0.042796135,0.0,0.0,0.0
0.11492168,-0.30885202,9.753978,0.029777884,-0.009876072,-0.04773426,0.0,0.0,0.0
0.076614454,-0.2777274,9.744401,-0.008529343,0.02124855,-0.057311058,0.0,0.0,0.0
0.06703765,-0.24899697,9.68694,-0.018106148,0.04997897,-0.11477184,0.0,0.0,0.0
0.07182605,-0.35194764,9.6845455,-0.013317749,-0.05297169,-0.11716652,0.0,0.0,0.0
0.059855044,-0.32800564,9.765948,-0.02543839,-0.02947861,-0.03576374,0.0,0.0,0.0
0.074220255,-0.2825158,9.68694,-0.01107318,0.016011238,-0.11477184,0.0,0.0,0.0
0.06943185,-0.31603462,9.758766,-0.015861586,-0.017507583,-0.04294586,0.0,0.0,0.0
0.093373865,-0.33039984,9.739613,0.00808043,-0.03187281,-0.062099457,0.0,0.0,0.0
0.08619126,-0.22266077,9.792285,8.9782476E-4,0.07586627,-0.009427071,0.0,0.0,0.0
0.047884032,-0.31364042,9.77792,-0.038606502,-0.01586157,-0.023792267,0.0,0.0,0.0
0.062249243,-0.30406362,9.842564,-0.024241291,-0.0062847733,0.040851593,0.0,0.0,0.0
0.059855044,-0.2801216,9.76116,-0.02663549,0.01765725,-0.04055214,0.0,0.0,0.0
0.038307227,-0.3184288,9.773131,-0.048183307,-0.02064997,-0.028580666,0.0,0.0,0.0
0.12689269,-0.29688102,9.739613,0.04040215,8.9782476E-4,-0.062099457,0.0,0.0,0.0
0.088585466,-0.23942018,9.746795,0.001795657,0.057610482,-0.054917336,0.0,0.0,0.0
0.110133275,-0.32321724,9.801862,0.023343466,-0.026186585,1.4972687E-4,0.0,0.0,0.0
0.11252748,-0.32561144,9.770737,0.025737673,-0.028580785,-0.030975342,0.0,0.0,0.0
0.06464344,-0.2681506,9.739613,-0.022595279,0.02768296,-0.062099457,0.0,0.0,0.0
0.093373865,-0.30645782,9.782708,0.0061351433,-0.01062426,-0.019003868,0.0,0.0,0.0
0.10534488,-0.29448682,9.775525,0.018106155,0.0013467371,-0.026186943,0.0,0.0,0.0
0.08619126,-0.31124622,9.718064,-0.0011970997,-0.015711933,-0.08364773,0.0,0.0,0.0
0.11731588,-0.28491,9.782708,0.029927522,0.0106242895,-0.019003868,0.0,0.0,0.0
0.110133275,-0.272939,9.785102,0.022744916,0.022595286,-0.016610146,0.0,0.0,0.0
0.076614454,-0.2633622,9.792285,-0.010773905,0.032172084,-0.009427071,0.0,0.0,0.0
0.05746084,-0.31603462,9.797073,-0.030226793,-0.020500332,-0.004638672,0.0,0.0,0.0
0.076614454,-0.3184288,9.742006,-0.01107318,-0.022894531,-0.059705734,0.0,0.0,0.0
0.074220255,-0.272939,9.753978,-0.013467379,0.022595286,-0.04773426,0.0,0.0,0.0
0.06703765,-0.32561144,9.770737,-0.020051435,-0.030226797,-0.030975342,0.0,0.0,0.0
0.08379706,-0.30166942,9.765948,-0.0032920241,-0.0062847733,-0.03576374,0.0,0.0,0.0
0.04309563,-0.23223756,9.825804,-0.043993454,0.06314708,0.02409172,0.0,0.0,0.0
0.095768064,-0.2825158,9.818622,0.00927753,0.011971027,0.0169096,0.0,0.0,0.0
0.06943185,-0.29688102,9.763555,-0.017058685,-0.0023941994,-0.038157463,0.0,0.0,0.0
0.09816227,-0.30885202,9.828198,0.011671737,-0.014365196,0.026486397,0.0,0.0,0.0
0.11731588,-0.29688102,9.718064,0.030825347,-0.0023941994,-0.08364773,0.0,0.0,0.0
0.074220255,-0.32561144,9.742006,-0.011971004,-0.031423897,-0.05985546,0.0,0.0,0.0
0.107739076,-0.29448682,9.758766,0.021547817,-2.9927492E-4,-0.04309559,0.0,0.0,0.0
0.076614454,-0.32321724,9.837775,-0.009576805,-0.029029697,0.035913467,0.0,0.0,0.0
0.090979666,-0.34237084,9.763555,0.004788406,-0.048183292,-0.03830719,0.0,0.0,0.0
0.12689269,-0.33518824,9.730036,0.0410007,-0.04055178,-0.071676254,0.0,0.0,0.0
0.093373865,-0.30885202,9.749189,0.0074818805,-0.014215559,-0.05252266,0.0,0.0,0.0
0.08619126,-0.28491,9.782708,-5.9854984E-4,0.010923564,-0.019003868,0.0,0.0,0.0
0.12449849,-0.29448682,9.744401,0.037708677,0.0013467371,-0.057311058,0.0,0.0,0.0
0.12449849,-0.29448682,9.744401,0.037708677,0.0013467371,-0.057311058,0.0,0.0,0.0
0.090979666,-0.2777274,9.782708,0.0041898564,0.018106163,-0.019003868,0.0,0.0,0.0
0.088585466,-0.29927522,9.739613,1.4963746E-4,-0.0046387613,-0.062099457,0.0,0.0,0.0
0.035913024,-0.30406362,9.746795,-0.052522805,-0.00942716,-0.054917336,0.0,0.0,0.0
0.079008654,-0.320823,9.737218,-0.009427175,-0.026186556,-0.06449413,0.0,0.0,0.0
0.08140286,-0.28491,9.765948,-0.007032968,0.009726465,-0.03576374,0.0,0.0,0.0
0.079008654,-0.25857377,9.7803135,-0.009427175,0.036361963,-0.021398544,0.0,0.0,0.0
0.08140286,-0.2705448,9.742006,-0.007032968,0.024390936,-0.059705734,0.0,0.0,0.0
0.09816227,-0.2825158,9.746795,0.009726442,0.012419939,-0.054917336,0.0,0.0,0.0
0.08619126,-0.29688102,9.80665,-0.002094932,-0.0029927492,0.0049381256,0.0,0.0,0.0
0.079008654,-0.2873042,9.739613,-0.009277537,0.006584078,-0.062099457,0.0,0.0,0.0
0.09816227,-0.2705448,9.770737,0.00987608,0.023343474,-0.030975342,0.0,0.0,0.0
0.08619126,-0.29688102,9.768343,-0.002094932,-0.0037409365,-0.03351879,0.0,0.0,0.0
0.09816227,-0.260968,9.844957,0.00987608,0.032172084,0.04309559,0.0,0.0,0.0
0.10295067,-0.2873042,9.763555,0.014664479,0.005835891,-0.03830719,0.0,0.0,0.0
0.088585466,-0.2777274,9.811439,2.9927492E-4,0.015412688,0.0095767975,0.0,0.0,0.0
0.088585466,-0.2777274,9.811439,2.9927492E-4,0.015412688,0.0095767975,0.0,0.0,0.0
0.10534488,-0.2753332,9.758766,0.017357968,0.0170587,-0.04309559,0.0,0.0,0.0
0.10534488,-0.2705448,9.787497,0.017357968,0.021847099,-0.014365196,0.0,0.0,0.0
0.093373865,-0.2657564,9.751583,0.005386956,0.026635498,-0.050278664,0.0,0.0,0.0
0.10534488,-0.24420857,9.8042555,0.016011223,0.04773441,0.0023937225,0.0,0.0,0.0
0.055066638,-0.2825158,9.77792,-0.034267016,0.00942719,-0.023941994,0.0,0.0,0.0
0.10534488,-0.29448682,9.768343,0.016011223,-0.0025438368,-0.03351879,0.0,0.0,0.0
0.08140286,-0.2873042,9.7324295,-0.007332243,0.0031423867,-0.06943226,0.0,0.0,0.0
0.10534488,-0.25857377,9.737218,0.016609773,0.03187281,-0.06464386,0.0,0.0,0.0
0.1604115,-0.25857377,9.734824,0.0716764,0.03187281,-0.06703758,0.0,0.0,0.0
0.1316811,-0.320823,9.883265,0.042347446,-0.030376434,0.08140278,0.0,0.0,0.0
0.05746084,-0.29209262,9.816227,-0.031872813,-0.0016460419,0.014365196,0.0,0.0,0.0
0.074220255,-0.2753332,9.82341,-0.015113398,0.0151133835,0.021548271,0.0,0.0,0.0
0.062249243,-0.30885202,9.7803135,-0.027234048,-0.018405437,-0.021548271,0.0,0.0,0.0
0.05267244,-0.31364042,9.837775,-0.036810853,-0.023193836,0.035913467,0.0,0.0,0.0
0.10055647,-0.2777274,9.773131,0.01107318,0.012719184,-0.028730392,0.0,0.0,0.0
0.10055647,-0.2777274,9.773131,0.01107318,0.012719184,-0.028730392,0.0,0.0,0.0
0.10295067,-0.31364042,9.775525,0.013467379,-0.023193836,-0.02633667,0.0,0.0,0.0
0.08140286,-0.30645782,9.78989,-0.008230068,-0.014215559,-0.011971474,0.0,0.0,0.0
0.08619126,-0.2633622,9.768343,-0.003441669,0.02888006,-0.03351879,0.0,0.0,0.0
0.06464344,-0.2777274,9.844957,-0.024989486,0.0145148635,0.04309559,0.0,0.0,0.0
0.074220255,-0.30645782,9.770737,-0.0148141235,-0.015711963,-0.031125069,0.0,0.0,0.0
0.11731588,-0.29209262,9.792285,0.028281502,-0.001346767,-0.0095767975,0.0,0.0,0.0
0.06943185,-0.2825158,9.734824,-0.01960253,0.00823006,-0.06703758,0.0,0.0,0.0
0.08619126,-0.29688102,9.775525,-0.0025438443,-0.0061351657,-0.02633667,0.0,0.0,0.0
0.10295067,-0.30406362,9.727641,0.014215566,-0.013317764,-0.07422066,0.0,0.0,0.0
0.11252748,-0.29448682,9.7324295,0.023792379,-0.0037409663,-0.06943226,0.0,0.0,0.0
0.062249243,-0.30166942,9.80665,-0.026336223,-0.010324985,0.0047883987,0.0,0.0,0.0
0.11971009,-0.272939,9.722853,0.031124622,0.018405437,-0.079009056,0.0,0.0,0.0
0.110133275,-0.31603462,9.753978,0.02154781,-0.024690181,-0.047883987,0.0,0.0,0.0
0.095768064,-0.31364042,9.753978,0.006434411,-0.022295982,-0.047883987,0.0,0.0,0.0
0.088585466,-0.2801216,9.828198,-7.481873E-4,0.011222839,0.02633667,0.0,0.0,0.0
0.10295067,-0.32561144,9.78989,0.013617016,-0.03426701,-0.011971474,0.0,0.0,0.0
0.09816227,-0.2705448,9.722853,0.00867898,0.021547824,-0.079009056,0.0,0.0,0.0
0.076614454,-0.2896984,9.825804,-0.0128688365,0.0023942292,0.023941994,0.0,0.0,0.0
0.12210429,-0.29209262,9.782708,0.032620996,0.0,-0.019153595,0.0,0.0,0.0
0.08140286,-0.33279404,9.773131,-0.00808043,-0.04070142,-0.028730392,0.0,0.0,0.0
0.12210429,-0.30885202,9.801862,0.032022446,-0.016759396,0.0,0.0,0.0,0.0
0.12689269,-0.272939,9.730036,0.036810845,0.019153625,-0.07182598,0.0,0.0,0.0
0.08619126,-0.24660277,9.866506,-0.0038905814,0.045489848,0.06464386,0.0,0.0,0.0
0.11731588,-0.2777274,9.758766,0.027084403,0.013617039,-0.04309559,0.0,0.0,0.0
0.062249243,-0.2753332,9.77792,-0.027982235,0.016011238,-0.023941994,0.0,0.0,0.0
0.08379706,-0.29209262,9.718064,-0.0064344183,-7.481873E-4,-0.083797455,0.0,0.0,0.0
0.10534488,-0.30166942,9.689334,0.016310498,-0.010474622,-0.11252785,0.0,0.0,0.0
0.12210429,-0.260968,9.82341,0.03306991,0.030226797,0.021548271,0.0,0.0,0.0
0.07182605,-0.28491,9.765948,-0.01720833,0.006284803,-0.035913467,0.0,0.0,0.0
0.1316811,-0.25378537,9.734824,0.04264672,0.037409425,-0.06703758,0.0,0.0,0.0
0.047884032,-0.29209262,9.758766,-0.041150346,-8.9782476E-4,-0.04309559,0.0,0.0,0.0
0.05267244,-0.29209262,9.751583,-0.03636194,-8.9782476E-4,-0.050278664,0.0,0.0,0.0
0.1364695,-0.29448682,9.718064,0.04743512,-0.0032920241,-0.083797455,0.0,0.0,0.0
0.04070143,-0.2705448,9.792285,-0.04833295,0.02065,-0.0095767975,0.0,0.0,0.0
0.10295067,-0.2633622,9.828198,0.013916291,0.027832597,0.02633667,0.0,0.0,0.0
0.12449849,-0.33758244,9.770737,0.035464108,-0.046387643,-0.031125069,0.0,0.0,0.0
0.107739076,-0.2753332,9.78989,0.016310498,0.014814109,-0.011971474,0.0,0.0,0.0
0.11252748,-0.2801216,9.799467,0.021098904,0.01002571,-0.0023946762,0.0,0.0,0.0
0.07182605,-0.31364042,9.758766,-0.01960253,-0.023493111,-0.04309559,0.0,0.0,0.0
0.08140286,-0.30645782,9.809045,-0.010025717,-0.016310513,0.007183075,0.0,0.0,0.0
0.10055647,-0.28491,9.842564,0.007930793,0.0064344406,0.040701866,0.0,0.0,0.0
0.10055647,-0.35434186,9.813833,0.007930793,-0.06299743,0.011971474,0.0,0.0,0.0
0.093373865,-0.30406362,9.739613,-7.481873E-4,-0.0115220845,-0.062099457,0.0,0.0,0.0
0.11252748,-0.24660277,9.725247,0.01840543,0.04593876,-0.07646465,0.0,0.0,0.0
0.1364695,-0.2873042,9.734824,0.042347446,0.005237341,-0.066887856,0.0,0.0,0.0
0.093373865,-0.23463176,9.763555,-7.481873E-4,0.05790977,-0.038157463,0.0,0.0,0.0
0.059855044,-0.30645782,9.77792,-0.03426701,-0.013916284,-0.023792267,0.0,0.0,0.0
0.079008654,-0.24420857,9.775525,-0.015113398,0.04833296,-0.026186943,0.0,0.0,0.0
0.050278235,-0.30885202,9.746795,-0.043843817,-0.016310483,-0.054917336,0.0,0.0,0.0
0.12689269,-0.2896984,9.742006,0.032770634,0.0020949543,-0.05985546,0.0,0.0,0.0
0.093373865,-0.32800564,9.792285,-7.481873E-4,-0.036212295,-0.0095767975,0.0,0.0,0.0
0.10295067,-0.29927522,9.751583,0.008828618,-0.007481873,-0.050278664,0.0,0.0,0.0
0.090979666,-0.272939,9.775525,-0.0029927492,0.019303262,-0.026186943,0.0,0.0,0.0
0.11252748,-0.34715924,9.746795,0.018555067,-0.054916978,-0.054917336,0.0,0.0,0.0
0.076614454,-0.2873042,9.770737,-0.01735796,0.004938066,-0.030975342,0.0,0.0,0.0
0.095768064,-0.32321724,9.749189,0.0017956495,-0.030974984,-0.05252266,0.0,0.0,0.0
0.10295067,-0.29209262,9.801862,0.008978255,1.4963746E-4,1.4972687E-4,0.0,0.0,0.0
0.06943185,-0.25617957,9.746795,-0.023792379,0.035164863,-0.055067062,0.0,0.0,0.0
0.110133275,-0.30166942,9.76116,0.016909048,-0.010324985,-0.040701866,0.0,0.0,0.0
0.14604631,-0.2896984,9.7324295,0.052822083,0.0016460419,-0.06943226,0.0,0.0,0.0
0.10295067,-0.2753332,9.799467,0.009726442,0.016011238,-0.0023946762,0.0,0.0,0.0
0.079008654,-0.28491,9.821015,-0.014215574,0.0064344406,0.019153595,0.0,0.0,0.0
0.11731588,-0.2896984,9.794679,0.024091654,0.0016460419,-0.007183075,0.0,0.0,0.0
0.09816227,-0.2873042,9.828198,0.0049380437,0.0040402412,0.02633667,0.0,0.0,0.0
0.06943185,-0.3184288,9.753978,-0.023792379,-0.02708438,-0.047883987,0.0,0.0,0.0
0.08619126,-0.2801216,9.792285,-0.007032968,0.011222839,-0.0095767975,0.0,0.0,0.0
0.076614454,-0.31364042,9.722853,-0.016609773,-0.022295982,-0.079009056,0.0,0.0,0.0
0.088585466,-0.30166942,9.816227,-0.004489124,-0.010324985,0.014365196,0.0,0.0,0.0
0.08140286,-0.260968,9.801862,-0.011671729,0.030376434,0.0,0.0,0.0,0.0
0.10534488,-0.2753332,9.744401,0.012270287,0.016011238,-0.057460785,0.0,0.0,0.0
0.093373865,-0.30406362,9.813833,2.9927492E-4,-0.012719184,0.011971474,0.0,0.0,0.0
0.06464344,-0.33758244,9.787497,-0.028431147,-0.046238005,-0.014365196,0.0,0.0,0.0
0.05746084,-0.32321724,9.763555,-0.03561375,-0.03187281,-0.03830719,0.0,0.0,0.0
0.08379706,-0.2801216,9.828198,-0.00927753,0.011222839,0.02633667,0.0,0.0,0.0
0.08619126,-0.24420857,9.799467,-0.0068833306,0.04713586,-0.0023946762,0.0,0.0,0.0
0.08379706,-0.30645782,9.782708,-0.00927753,-0.0151133835,-0.019153595,0.0,0.0,0.0
0.11731588,-0.2705448,9.801862,0.024241291,0.020799637,0.0,0.0,0.0,0.0
0.11971009,-0.30645782,9.7563715,0.026635498,-0.0151133835,-0.045490265,0.0,0.0,0.0
0.08379706,-0.25378537,9.775525,-0.00927753,0.037559062,-0.02633667,0.0,0.0,0.0
0.11731588,-0.31364042,9.696517,0.024241291,-0.022295982,-0.10534477,0.0,0.0,0.0
0.088585466,-0.25857377,9.77792,-0.004489124,0.032770663,-0.023941994,0.0,0.0,0.0
0.055066638,-0.2801216,9.8042555,-0.03755904,0.010474622,0.0023937225,0.0,0.0,0.0
0.10295067,-0.28491,9.78989,0.010324992,0.0056862235,-0.011971474,0.0,0.0,0.0
0.12928689,-0.2633622,9.768343,0.036661208,0.027234018,-0.03351879,0.0,0.0,0.0
0.09816227,-0.2777274,9.746795,0.0055365935,0.012868822,-0.055067062,0.0,0.0,0.0
0.10295067,-0.2633622,9.713276,0.010324992,0.027234018,-0.08858585,0.0,0.0,0.0
0.10295067,-0.2633622,9.713276,0.010324992,0.027234018,-0.08858585,0.0,0.0,0.0
0.10295067,-0.2633622,9.713276,0.010324992,0.027234018,-0.08858585,0.0,0.0,0.0
0.10295067,-0.2633622,9.713276,0.010324992,0.027234018,-0.08858585,0.0,0.0,0.0
0.06703765,-0.30645782,9.746795,-0.025588028,-0.0158616,-0.055067062,0.0,0.0,0.0
0.095768064,-0.272939,9.809045,0.0031423867,0.01765722,0.007183075,0.0,0.0,0.0
0.095768064,-0.272939,9.809045,0.0031423867,0.01765722,0.007183075,0.0,0.0,0.0
0.12210429,-0.2777274,9.876082,0.02947861,0.012270272,0.07422066,0.0,0.0,0.0
0.110133275,-0.30885202,9.770737,0.017507598,-0.01885435,-0.031125069,0.0,0.0,0.0
0.10055647,-0.29688102,9.768343,0.007930793,-0.006883353,-0.03351879,0.0,0.0,0.0
0.10055647,-0.32800564,9.770737,0.0071826056,-0.037858337,-0.031125069,0.0,0.0,0.0
0.09816227,-0.260968,9.859323,0.004788406,0.029179305,0.057460785,0.0,0.0,0.0
0.079008654,-0.29688102,9.744401,-0.014365211,-0.0067337155,-0.057460785,0.0,0.0,0.0
0.093373865,-0.2705448,9.763555,0.0,0.019602507,-0.03830719,0.0,0.0,0.0
0.08140286,-0.2777274,9.737218,-0.011971004,0.012419909,-0.06464386,0.0,0.0,0.0
0.10295067,-0.31124622,9.775525,0.009576805,-0.021098912,-0.02633667,0.0,0.0,0.0
0.11492168,-0.2777274,9.770737,0.021547817,0.012419909,-0.031125069,0.0,0.0,0.0
0.079008654,-0.31364042,9.799467,-0.014365211,-0.023493111,-0.0023946762,0.0,0.0,0.0
0.110133275,-0.2777274,9.782708,0.01675941,0.012419909,-0.019153595,0.0,0.0,0.0
0.12449849,-0.29688102,9.809045,0.031124622,-0.0067337155,0.007183075,0.0,0.0,0.0
0.05267244,-0.30406362,9.787497,-0.040701427,-0.013916314,-0.014365196,0.0,0.0,0.0
0.10534488,-0.29209262,9.751583,0.011971012,-0.0019453168,-0.050278664,0.0,0.0,0.0
0.10534488,-0.29209262,9.751583,0.011971012,-0.0019453168,-0.050278664,0.0,0.0,0.0
0.093373865,-0.2873042,9.768343,0.0,0.0028431118,-0.03351879,0.0,0.0,0.0
0.06703765,-0.2896984,9.720459,-0.026336215,4.4891238E-4,-0.08140278,0.0,0.0,0.0
0.062249243,-0.2753332,9.76116,-0.030974984,0.016909063,-0.04055214,0.0,0.0,0.0
0.1316811,-0.260968,9.746795,0.038456872,0.03127426,-0.054917336,0.0,0.0,0.0
0.10295067,-0.2633622,9.758766,0.009726442,0.02888006,-0.04294586,0.0,0.0,0.0
0.110133275,-0.320823,9.811439,0.016909048,-0.028580755,0.009726524,0.0,0.0,0.0
0.095768064,-0.2633622,9.7563715,0.0025438368,0.02888006,-0.045340538,0.0,0.0,0.0
0.12689269,-0.30645782,9.768343,0.03366846,-0.014215559,-0.033369064,0.0,0.0,0.0
0.11252748,-0.30166942,9.696517,0.019303255,-0.00942716,-0.105195045,0.0,0.0,0.0
0.107739076,-0.2753332,9.746795,0.014514849,0.016909063,-0.054917336,0.0,0.0,0.0
0.10055647,-0.32321724,9.744401,0.007332243,-0.030974984,-0.057311058,0.0,0.0,0.0
0.090979666,-0.2705448,9.787497,-0.0034416616,0.022146374,-0.014215469,0.0,0.0,0.0
