0.027511597,0.08015442,9.134598,-0.0139888525,-0.2494688,-0.2540202,-0.020614624,-0.048924446,9.454319
0.044265747,0.08135986,9.162125,-0.047097087,-0.23929787,-0.28827763,-0.062378287,-0.031980515,9.435609
0.062210083,0.09690857,9.126221,-0.010162771,-0.17670679,-0.27608538,-0.037456155,0.019955635,9.481456
0.01914978,0.047851563,9.1453705,0.007995546,-0.15455961,-0.20295858,-0.0076104403,5.464554E-4,9.551529
0.04067993,0.07298279,9.117844,-0.046853304,-0.14056492,-0.13518572,-0.046762228,-0.04448843,9.616747
0.032302856,0.06939697,9.136993,-0.0688045,-0.14944506,-0.15280294,0.040965557,0.07431936,9.598768
0.034698486,0.08135986,9.151352,-0.0719524,-0.20281696,-0.12960148,-0.056602716,-0.102956295,9.584604
0.033493042,0.056228638,9.148956,-0.0985561,-0.26312447,-0.17197752,-0.07951796,-0.13310051,9.515987
0.032302856,0.062210083,9.141785,-0.078876555,-0.26968098,-0.20804691,-0.06788552,-0.11163759,9.482364
0.029907227,0.08375549,9.159729,-0.3974747,-0.11465073,-0.32300282,-0.4292761,-0.025500774,9.505763
0.03111267,0.110076904,9.129822,-0.28129536,-0.18544626,-0.4583397,-0.33595002,0.033040524,9.348787
0.046661377,0.058624268,9.140579,0.01601392,-0.18765068,-0.49613476,-0.062120795,0.14614391,9.30029
0.044265747,0.071777344,9.127426,-0.0010360479,-0.270514,-0.53609943,-0.06968856,0.10153389,9.21893
0.023925781,0.093322754,9.133408,0.064319074,-0.27670908,-0.5699401,-0.014153957,0.13780117,9.1850815
0.034698486,0.07298279,9.132202,0.046732962,-0.34564972,-0.50739384,-7.6174736E-5,0.045209408,9.1925955
0.01914978,0.08734131,9.151352,0.018515527,-0.34478807,-0.42866278,-0.0074584484,-0.008228779,9.256332
0.028717041,0.08255005,9.146561,0.0655013,-0.31972218,-0.34923267,-0.05479431,-0.0016384125,9.331812
0.06460571,0.07537842,9.140579,0.13668066,-0.3087759,-0.35005283,0.11648226,0.013027191,9.33461
0.049057007,0.07298279,9.171692,0.16565111,-0.30192614,-0.36152935,0.14016223,0.034860134,9.328693
0.049057007,0.08375549,9.168106,0.15037546,-0.31506014,-0.3751278,0.12591827,0.027802944,9.310698
0.0382843,0.07777405,9.157333,0.10569191,-0.31267643,-0.3942976,0.0789516,0.025779247,9.299196
0.04547119,0.07896423,9.166901,0.02926001,-0.26236725,-0.3558159,0.0045357943,0.016161919,9.3639145
0.027511597,0.07298279,9.153748,0.008507729,-0.27746677,-0.30177832,0.0013501644,-0.0330925,9.397954
0.057434082,0.059814453,9.127426,-0.018310934,-0.22238159,-0.30957222,-0.038692832,0.0037846565,9.427029
0.04307556,0.07777405,9.126221,-0.020004272,-0.1755414,-0.25425434,0.037813425,0.008609533,9.4994755
0.057434082,0.07896423,9.147766,-0.11550045,-0.16004276,-0.2815647,-0.13842106,0.0027050972,9.491905
0.037094116,0.06341553,9.142975,-0.11004344,-0.20291662,-0.3464923,-0.13875997,0.009438992,9.414225
0.0143585205,0.08255005,9.152542,-0.0477753,-0.17967844,-0.3178134,-0.07861161,0.031058788,9.448281
0.021530151,0.047851563,9.127426,-0.00795719,-0.22793102,-0.3961568,-0.048382163,0.052891254,9.35519
0.04307556,0.09451294,9.123825,4.965961E-4,-0.234766,-0.46212053,-0.054469347,0.08888817,9.298907
0.044265747,0.07058716,9.126221,0.010563672,-0.23579693,-0.43951797,-0.039355755,0.07877827,9.3155985
0.023925781,0.07417297,9.146561,-0.029781878,-0.2563281,-0.32077885,-0.04436505,-0.018066883,9.397755
0.04067993,0.071777344,9.134598,-0.0028491318,-0.26430178,-0.2798934,-0.007198453,-0.03875017,9.423701
0.044265747,0.09690857,9.1250305,0.05407819,-0.27812433,-0.31114864,-0.044102907,-0.004723549,9.388172
0.050247192,0.086135864,9.148956,0.0634965,-0.2864113,-0.30952215,-0.056226254,-0.006019354,9.383958
0.023925781,0.08015442,9.148956,0.026031941,-0.2848072,-0.31074572,0.018252015,-0.027235031,9.385603
0.029907227,0.09690857,9.120239,-0.0072335005,-0.28505087,-0.31495,-0.013931274,-0.036073685,9.383561
0.049057007,0.062210083,9.142975,-0.058737576,-0.27212858,-0.3493905,-0.07370627,-0.02362442,9.366665
0.0382843,0.06819153,9.153748,-0.04456252,-0.28186083,-0.37484884,-0.06414056,-0.011534691,9.340072
0.037094116,0.088531494,9.131012,-0.057642967,-0.27339458,-0.37277317,-0.07800102,-0.010606289,9.347488
0.050247192,0.08135986,9.140579,-0.09735304,-0.2929263,-0.39011097,-0.11499703,-0.028444767,9.323498
0.046661377,0.06939697,9.1501465,-0.097087234,-0.29191065,-0.39089584,-0.11516237,-0.027199745,9.323498
0.017944336,0.095718384,9.157333,-0.09905994,-0.3257823,-0.37721825,-0.105692506,-0.061415195,9.313397
0.047851563,0.08734131,9.160919,0.004282266,-0.29682064,-0.41222095,-0.022529125,0.013970852,9.299359
0.03111267,0.086135864,9.126221,-0.033465058,-0.28067017,-0.44910574,-0.07036352,0.034561157,9.28182
0.053833008,0.08973694,9.113068,-0.06371039,-0.2829237,-0.4351921,-0.095160246,0.014418602,9.292614
0.041870117,0.07298279,9.139389,-0.019488186,-0.2789278,-0.41591454,-0.04976237,0.02046156,9.308383
0.039474487,0.06819153,9.110672,0.10785937,-0.25845194,-0.4570017,0.056488276,0.10014105,9.28314
0.022735596,0.08494568,9.180069,0.14815292,-0.2267456,-0.40841675,0.098511696,0.10888195,9.339095
0.023925781,0.09211731,9.168106,-0.068623126,-0.31234884,-0.39749765,-0.08414698,-0.033777237,9.304602
0.062210083,0.08135986,9.113068,-0.13742295,-0.22028303,-0.3593545,-0.16236639,-0.00876236,9.394213
0.04547119,0.08734131,9.174088,-0.10478073,-0.20167255,-0.2849474,-0.11881614,-0.026786804,9.463123
0.049057007,0.06939697,9.115463,-0.022477657,-0.22057915,-0.33611822,-0.048302412,0.013024807,9.407108
0.058624268,0.07896423,9.131012,-0.15362144,-0.22703695,-0.31969118,-0.16744006,-0.04359007,9.4227085
0.04547119,0.07537842,9.146561,-0.067917615,-0.2559309,-0.39967203,-0.098047495,0.0047717094,9.337379
0.0382843,0.07896423,9.135803,0.028338045,-0.27684593,-0.44420433,-0.011795759,0.04274988,9.28435
0.051452637,0.086135864,9.157333,0.1306557,-0.28258276,-0.3527279,-0.08872342,-0.06361413,9.349023
0.039474487,0.06341553,9.123825,0.08803803,-0.35077238,-0.28395033,0.098941684,-0.08685112,9.366097
0.051452637,0.08135986,9.148956,0.0969322,-0.3578658,-0.2208662,0.123232365,-0.12556362,9.412579
0.03111267,0.06939697,9.1501465,0.08333829,-0.37813044,-0.29574776,0.09844828,-0.105305195,9.341232
0.032302856,0.06819153,9.163315,0.061659157,-0.3266883,-0.29157782,0.067704916,-0.07544708,9.376223
0.04307556,0.059814453,9.122635,-0.031488866,-0.27173948,-0.2971115,-0.034351468,-0.05927229,9.408635
0.0382843,0.07058716,9.132202,0.006964326,-0.24184513,-0.39435434,0.035620928,-0.014082909,9.34558
0.034698486,0.07896423,9.152542,0.010189772,-0.20897007,-0.4351411,-0.038850307,0.07681465,9.33156
0.029907227,0.06341553,9.133408,-0.07915172,-0.21676588,-0.39923954,-0.113842845,0.023073673,9.360386
0.057434082,0.0657959,9.146561,-0.1002273,-0.19199228,-0.1498785,-0.08452034,-0.10018444,9.578199
0.029907227,0.07058716,9.154938,-0.06488201,-0.25865507,-0.12608004,-0.030763268,-0.15461254,9.557339
0.022735596,0.08135986,9.151352,-0.019992024,-0.22333145,-0.3225751,0.03125167,0.024164677,9.415792
0.04547119,0.07896423,9.152542,-0.03701821,-0.25390005,-0.43986654,-0.07349241,0.026090622,9.303425
0.046661377,0.08494568,9.152542,-0.011393368,-0.2314043,-0.3493929,-0.034446597,0.0029029846,9.388849
0.04307556,0.071777344,9.152542,0.043304563,-0.27086973,-0.21643972,0.055599213,-0.08290911,9.471797
0.06341553,0.062210083,9.138184,-0.007963955,-0.2820158,-0.3126588,-0.011248946,-0.056149006,9.389429
0.049057007,0.071777344,9.144165,-0.04316613,-0.22115612,-0.47562838,0.11352444,-0.023668528,9.293282
0.062210083,0.088531494,9.146561,-0.053496957,-0.20859575,-0.51007843,-0.11403024,0.09369469,9.273008
0.023925781,0.07058716,9.135803,-0.004102856,-0.26778507,-0.33766365,0.00248003,0.03407502,9.377028
0.0382843,0.07537842,9.152542,0.0026949048,-0.28715944,-0.32542944,-0.002821684,-0.049828053,9.375509
0.027511597,0.08255005,9.1453705,-0.020956576,-0.24427652,-0.27073765,-0.022932172,-0.053124428,9.446011
0.056228638,0.06341553,9.147766,-0.09687215,-0.22660065,-0.28233624,-0.10170615,-0.056450367,9.4504
0.052642822,0.058624268,9.148956,-0.084525526,-0.26279068,-0.311934,-0.08851206,-0.06494284,9.404837
0.056228638,0.08135986,9.135803,-0.05008501,-0.21341228,-0.36092472,-0.07779157,0.011352539,9.391753
0.051452637,0.07896423,9.1501465,-0.04630184,-0.23346043,-0.36763144,-0.0712589,6.3467026E-4,9.3745365
0.025131226,0.071777344,9.139389,-0.030403942,-0.21429443,-0.34261322,-0.05513072,0.0074834824,9.405234
0.034698486,0.086135864,9.148956,-0.01709652,-0.24628973,-0.3256054,-0.0319618,-0.021951199,9.399875
0.049057007,0.07537842,9.131012,6.0230494E-5,-0.23398304,-0.4140873,-0.03796184,0.04144907,9.33436
0.0143585205,0.059814453,9.141785,-0.004211217,-0.22599411,-0.42349195,-0.045880914,0.05220318,9.331671
0.03111267,0.08135986,9.131012,-0.010107696,-0.20355082,-0.4192686,-0.05555761,0.06595516,9.348518
0.052642822,0.08135986,9.162125,-0.09470287,-0.24533224,-0.39192533,-0.120767474,-0.0071816444,9.350443
0.050247192,0.06341553,9.1501465,-0.09430751,-0.22790003,-0.3780117,-0.121442676,-9.2840195E-4,9.371937
0.035888672,0.07777405,9.1453705,-0.2224912,-0.18804264,-0.343153,-0.24476588,-0.02826786,9.429945
0.028717041,0.08015442,9.146561,-0.34727904,-0.092068195,-0.34090185,-0.38452554,0.007196903,9.494591
0.04067993,0.06460571,9.142975,-0.3902489,-0.074602604,-0.43476677,-0.45048046,0.058254242,9.431743
0.041870117,0.0765686,9.146561,-0.27501446,-0.08869028,-0.41186476,-0.3333447,0.07067251,9.436491
0.01675415,0.06460571,9.122635,-0.25650358,-0.09064579,-0.31040525,0.2721126,0.11012578,9.516497
0.022735596,0.08973694,9.135803,-0.29879433,-0.121366024,-0.25663042,-0.31412363,-0.04743576,9.544081
0.051452637,0.098098755,9.102295,-0.40670276,-0.114852905,-0.13937044,-0.39155543,-0.1402936,9.648459
0.034698486,0.07298279,9.154938,-0.55386674,-0.18422747,-0.09355831,-0.5045574,-0.26689196,9.652856
0.049057007,0.0765686,9.132202,-0.59073293,-0.3090849,-0.07974768,-0.5076748,-0.3836031,9.5922365
0.021530151,0.0765686,9.154938,-0.351053,-0.21618795,-0.1149025,-0.30747545,-0.21853209,9.604461
0.029907227,0.08255005,9.142975,-0.14841974,-0.142622,-0.2623539,-0.16722095,-0.015007496,9.518534
0.026321411,0.07298279,9.1453705,0.040060878,-0.008901119,-0.6913872,-0.12546206,0.38797903,9.2468
0.041870117,0.06460571,9.134598,0.07919398,-0.06617975,-0.7318797,-0.08735478,0.38548708,9.1820965
0.061019897,0.07777405,9.121445,0.3016963,-0.084694386,-0.82242775,0.10038042,0.50624204,9.093752
0.028717041,0.06939697,9.152542,0.44356692,-0.14199781,-0.79063654,-0.060902596,-0.5618768,9.0837345
0.059814453,0.088531494,9.119049,0.39181212,-0.18982935,-0.7503004,0.22650397,0.4320836,9.089361
0.035888672,0.071777344,9.163315,0.30716097,-0.35012627,-0.3637967,0.29175758,0.06605911,9.296947
0.052642822,0.07537842,9.126221,0.26846027,-0.4391203,-0.116885185,0.34493732,-0.15348864,9.437843
0.04307556,0.06819153,9.134598,0.25815618,-0.5091591,-0.078100204,0.36643136,-0.23102236,9.426724
0.029907227,0.095718384,9.134598,0.23953687,-0.6663842,0.062549114,-0.54866457,0.2713945,9.445168
0.053833008,0.0657959,9.147766,0.24664257,-0.66942406,0.14654827,0.46322095,-0.47872138,9.512219
0.057434082,0.07537842,9.151352,0.16370018,-0.65303993,0.12075329,0.37699866,-0.4846239,9.505234
0.0382843,0.07298279,9.110672,0.20731632,-0.58840466,-0.052820206,0.35664976,-0.3239205,9.406817
0.04067993,0.07298279,9.119049,0.22635874,-0.5048504,-0.26147604,0.29854214,-0.13853312,9.29074
0.044265747,0.08734131,9.153748,0.22269204,-0.4579444,-0.44611692,-0.22572422,-0.07004452,9.172247
0.046661377,0.07058716,9.146561,0.17786393,-0.39735842,-0.56810284,0.14658642,0.09511328,9.112578
0.052642822,0.07298279,9.139389,0.16233581,-0.28464222,-0.69125414,0.06665063,0.24210429,9.084051
0.047851563,0.08375549,9.164505,0.13496429,-0.26413107,-0.66720486,0.04083979,0.23401427,9.116205
0.03111267,0.07298279,9.138184,0.048074,-0.23490953,-0.5895939,-0.02902937,0.17797709,9.196245
0.04067993,0.058624268,9.157333,-0.080245875,-0.1037879,-0.5033536,-0.16638756,0.17487621,9.34588
0.033493042,0.07896423,9.147766,-0.19821207,-0.107655525,-0.36391878,-0.23959303,0.04743576,9.454998
0.04067993,0.08255005,9.153748,-0.20043415,-0.1440897,-0.26180315,-0.20559132,-0.037246227,9.513697
0.023925781,0.086135864,9.144165,-0.16739231,-0.14370918,-0.2355547,-0.16889715,-0.038677692,9.53437
0.04547119,0.09211731,9.168106,-0.14145279,-0.087379456,-0.295362,-0.17683995,0.046191692,9.521209
0.061019897,0.08973694,9.146561,-0.13193022,-0.13287306,-0.3673501,-0.17255986,0.057427883,9.436607
0.023925781,0.08494568,9.1250305,-0.10237408,-0.16115522,-0.4179387,0.16565275,-0.029252052,9.379067
0.07417297,0.093322754,9.144165,-0.15082566,-0.177279,-0.42148733,-0.19089818,0.04825878,9.367269
0.055038452,0.07537842,9.109482,-0.13127063,-0.1954608,-0.44112206,-0.17276132,0.053484917,9.340477
0.057434082,0.090927124,9.148956,-0.11502789,-0.16945887,-0.42287445,-0.16148579,0.0683403,9.370735
0.034698486,0.08494568,9.159729,-0.2268593,-0.18149042,-0.5744014,-0.29939377,0.10160732,9.2459545
0.055038452,0.0765686,9.159729,-0.24035501,-0.15507221,-0.6957264,-0.3503827,0.18382668,9.166891
0.04067993,0.07058716,9.121445,-0.3071131,-0.021263123,-0.9163351,-0.5048332,0.3813076,9.0757675
0.044265747,0.086135864,9.128616,-0.60632956,-0.0048265457,-1.4435525,-0.9188249,0.57892275,8.678771
0.039474487,0.07058716,9.142975,-0.51168215,0.027835846,-1.4028544,-0.8282653,0.6169765,8.727803
0.03111267,0.07896423,9.174088,0.1583544,-0.53201294,-0.80463743,0.079835415,0.07806301,8.835524
0.04547119,0.07896423,9.141785,0.43366575,-0.30472326,-0.61213017,-0.22967815,-0.32735252,9.10258
0.052642822,0.07537842,9.1501465,0.4299596,-0.14987898,-0.6353197,0.29482317,0.33722544,9.16609
0.027511597,0.08135986,9.141785,-1.3632609,0.31253767,-0.047851563,-1.3734837,-0.06057453,10.068038
0.055038452,0.07058716,9.160919,-1.2701719,0.4901719,-0.10481453,-1.3134648,0.18265724,10.132286
0.06819153,0.0657959,9.133408,-0.93740785,0.6363659,-0.010989189,-0.9665469,0.37655497,10.26251
0.025131226,0.07537842,9.182449,-0.7013267,0.6558652,0.0024280548,-0.7069235,0.4632368,10.262384
0.028717041,0.08734131,9.135803,-0.55654764,0.61028147,0.24720669,-0.4945742,0.33885336,10.426227
0.049057007,0.07058716,9.144165,-0.32735968,0.77443457,0.29368496,-0.23487878,0.49645996,10.507737
0.07417297,0.0657959,9.128616,-0.28249884,0.8558192,0.12956047,-0.20965934,0.6557908,10.402469
0.041870117,0.07058716,9.146561,-0.67328095,0.33107138,-0.33148384,-0.7089796,0.41087556,9.843066
0.061019897,0.06460571,9.135803,-0.1984384,-0.18527651,-0.8152046,0.45165944,0.015018225,9.075869
0.050247192,0.08734131,9.131012,0.2548046,-0.1148839,-1.1063395,-0.0056943893,0.45578122,8.760543
0.033493042,0.06939697,9.146561,0.892308,0.47734022,-1.4354811,0.60718983,1.1285646,8.605679
0.034698486,0.07777405,9.123825,2.004376,1.1395345,-1.723587,1.7433277,1.7848754,8.370739
0.041870117,0.07298279,9.1250305,1.9002497,0.58162737,-2.3187037,1.4853681,1.4820647,7.5879135
0.062210083,0.07537842,9.135803,1.6969624,0.018279314,-2.9303284,-0.117070675,-1.553944,6.8002605
0.0382843,0.07777405,9.119049,1.7572985,-0.4506786,-3.7336607,0.9226365,0.87244105,5.8545594
0.034698486,0.07896423,9.147766,0.62879825,-1.0088825,-2.6954346,-0.1912964,0.07075691,6.867773
0.058624268,0.090927124,9.115463,-1.0090353,-0.41670656,-2.9235954,-1.4671066,1.2315788,7.342909
0.039474487,0.08015442,9.147766,-2.6758647,-0.93874955,-1.609602,-2.7000794,1.6649194,9.051708
0.044265747,0.06700134,9.129822,-2.839372,-0.19866753,-1.1783295,2.7759573,1.3295212,9.678621
0.025131226,0.06341553,9.151352,-2.5196702,-0.10704607,-0.9949541,-1.2587166,2.4001849,9.736802
0.06819153,0.08494568,9.087936,0.4847083,0.7815072,-0.34338093,0.873468,-0.048151493,9.361296
0.0023956299,0.07417297,9.162125,1.0540504,0.8544783,-0.07968998,1.0009972,-0.8313565,9.413768
0.044265747,0.08135986,9.128616,2.1087945,0.03353992,1.2303066,0.2795592,-2.3538754,10.392239
0.07298279,0.098098755,9.142975,2.4449856,-0.60942805,1.4154348,-0.65895087,-2.7119844,10.557473
0.026321411,0.07537842,9.1501465,2.6434,-0.77320284,1.2038603,-0.9965482,-2.784287,10.344539
0.047851563,0.07298279,9.138184,2.7248845,-0.8804856,-0.05565548,-1.164086,-2.532255,9.146394
0.059814453,0.0993042,9.107086,2.3271463,-1.4262757,-0.65509033,-1.6986552,-1.9456892,8.707615
0.053833008,0.061019897,9.135803,2.3106241,-1.9072894,-0.7888212,-2.1630015,-1.879195,8.62808
0.032302856,0.06819153,9.120239,2.252954,-1.2398255,0.33737373,-2.5804534,-0.25771558,9.766234
0.04067993,0.06819153,9.139389,1.604578,-1.1819388,1.2041521,-1.3774736,-1.6188157,10.757246
0.039474487,0.08135986,9.105881,0.99360776,-1.4782107,1.2007332,-1.5859281,-0.96721387,10.885285
0.053833008,0.062210083,9.120239,0.7002324,-1.0294576,0.4529457,-1.1016892,-0.6360353,10.176797
0.039474487,0.08494568,9.1501465,-0.70931566,-0.36177826,-0.13673592,-0.29239583,0.7531012,9.813877
0.035888672,0.08135986,9.147766,-0.9172114,-0.55769014,-0.2281456,0.4185295,1.0137174,9.767212
0.047851563,0.06939697,9.158524,-0.77482533,-1.0113037,-1.2880144,-1.1481372,0.8712146,8.709
0.04067993,0.08973694,9.157333,0.7335708,-2.581632,-5.3618727,-2.4659166,0.0631212,4.341498
0.03111267,0.08255005,9.151352,2.1727974,-4.5425406,-9.33397,-3.9158258,0.08376221,-0.04921168
0.050247192,0.08375549,9.128616,4.560357,-2.115243,-11.419517,-0.92341006,0.77908003,-2.6117566
0.04307556,0.06819153,9.1453705,3.3409839,-2.0973186,-12.610453,1.8991799,2.3637242,-3.0537686
0.0382843,0.09211731,9.134598,4.7804685,-3.39371,-2.490038,-2.3163676,-4.1005483,5.518249
0.051452637,0.08375549,9.152542,0.014301062,-9.529232,-12.640558,-9.966219,1.7107012,-2.3727639
0.033493042,0.07537842,9.131012,4.398184,-0.6212559,-11.283912,-0.17563242,0.35847592,-2.3134687
0.020339966,0.08973694,9.151352,4.019478,-0.681858,-8.0806055,-0.33425245,-0.7786233,0.7955825
0.025131226,0.08135986,9.133408,6.948801,1.7087053,14.910325,4.358904,-9.908239,22.31065
0.041870117,0.07298279,9.107086,6.277895,1.2351134,4.096463,3.3205452,-6.487402,11.952831
0.04067993,0.086135864,9.098709,4.6456513,-0.619704,0.32654953,0.82186675,-4.4730034,8.6278715
0.06341553,0.044265747,9.111862,3.5274088,-0.023196012,0.9261074,1.1333798,-3.4620147,9.6313505
0.041870117,0.06460571,9.139389,2.9838588,-0.30582905,-0.64388275,0.59107184,-2.5962172,8.282898
0.023925781,0.07417297,9.138184,3.0731049,-0.23474446,-0.0038108826,0.7406054,-2.8415377,8.870563
0.026321411,0.100494385,9.1453705,2.9921203,-0.2520818,-0.25724506,0.68231034,-2.699592,8.653759
0.046661377,0.100494385,9.132202,3.051698,-0.27092576,-0.16658688,0.6947588,-2.7865236,8.726553
0.06460571,0.033493042,9.140579,2.9460485,-0.24856004,-0.22942543,0.6934322,-2.6635478,8.70289
0.046661377,0.07537842,9.162125,3.0014424,-0.25816846,-0.22057533,0.70967966,-2.719422,8.699828
0.033493042,0.088531494,9.144165,2.9520063,-0.25057328,-0.24185658,-1.4067743,-2.3730762,8.6998005
0.029907227,0.08015442,9.146561,2.952912,-0.2272346,-0.19809818,0.7378298,-2.6723187,8.746042
0.035888672,0.08255005,9.138184,2.9216974,-0.2645747,-0.25445747,0.69469994,-2.6404169,8.7036295
0.015548706,0.07896423,9.148956,2.8878684,-0.2424627,-0.2090559,0.72103167,-2.6137137,8.762193
0.03111267,0.08255005,9.138184,2.8838422,-0.23904139,-0.25591278,0.72549784,-2.595544,8.722223
0.06939697,0.06460571,9.128616,2.8852804,-0.25246984,-0.2547903,-1.417235,-2.2982504,8.7282295
0.029907227,0.08135986,9.148956,2.8537428,-0.2798367,-0.28637695,0.6946236,-2.5727394,8.709983
0.033493042,0.0657959,9.138184,2.8465073,-0.2647274,-0.28434372,0.7195715,-2.559505,8.718217
0.04547119,0.08375549,9.146561,2.8442402,-0.24184978,-0.2840147,0.76601326,-2.5441587,8.72529
0.035888672,0.08255005,9.1250305,2.824186,-0.24905336,-0.28063774,0.76421535,-2.5278187,8.737576
0.035888672,0.059814453,9.131012,2.8096316,-0.22281677,-0.2815323,0.7991589,-2.5022988,8.747035
0.021530151,0.06700134,9.142975,2.7873933,-0.22695139,-0.28759956,0.79384965,-2.4816782,8.750781
0.028717041,0.062210083,9.144165,2.7658083,-0.23717332,-0.27351475,0.7878874,-2.468371,8.773628
0.035888672,0.09211731,9.163315,2.7139637,-0.25665274,-0.2799921,0.7654147,-2.4253585,8.786041
0.039474487,0.09211731,9.139389,2.7333007,-0.22417134,-0.29564667,0.81323874,-2.4234354,8.770216
0.062210083,0.08135986,9.092728,2.7101438,-0.24856043,-0.3092394,-1.3346552,-2.1543965,8.767631
0.017944336,0.071777344,9.147766,2.7439044,-0.23187363,-0.30451965,0.8370435,-2.4277866,8.767074
0.01914978,0.06341553,9.172882,2.592122,-0.23900658,-0.32444668,0.7941051,-2.2960358,8.817154
0.035888672,0.090927124,9.129822,2.528471,-0.22273716,-0.34608746,0.76327765,-2.2384927,8.822215
0.039474487,0.07537842,9.157333,2.4401588,-0.21864805,-0.38685894,0.73884726,-2.1573005,8.830945
0.057434082,0.07896423,9.134598,2.367895,-0.19359109,-0.39803982,-1.1715374,-1.8771281,8.854428
0.046661377,0.0657959,9.132202,2.2700493,-0.20455012,-0.3892727,0.68816555,-2.0161242,8.907668
0.021530151,0.07896423,9.154938,2.2139583,-0.18745199,-0.42930698,0.68284726,-1.9558239,8.895866
0.053833008,0.06939697,9.163315,2.136734,-0.17635533,-0.46814346,0.6848093,-1.8749933,8.894878
0.03111267,0.07777405,9.142975,2.0422165,-0.18434048,-0.46059513,0.6314472,-1.804523,8.933867
0.029907227,0.08375549,9.154938,1.9657713,-0.17651339,-0.4619789,0.61223996,-1.7367938,8.95957
0.039474487,0.08015442,9.136993,1.9289443,-0.16217256,-0.5079603,0.62305987,-1.6891217,8.932685
0.0382843,0.086135864,9.154938,1.8610314,-0.16221778,-0.51530266,0.5874575,-1.6376358,8.953227
0.03111267,0.098098755,9.123825,1.7994628,-0.16296871,-0.4857769,0.58454984,-1.5875537,9.00754
0.029907227,0.086135864,9.126221,1.7375759,-0.17413117,-0.52001476,0.5396203,-1.5384818,8.993145
0.03111267,0.0765686,9.142975,1.6749791,-0.17211229,-0.5261793,0.519201,-1.483664,9.005892
0.039474487,0.0993042,9.164505,1.6039118,-0.11915657,-0.5176563,-0.83381987,-1.2526653,9.038357
0.07058716,0.08135986,9.1250305,1.5662842,-0.15605968,-0.55495167,0.4961946,-1.3822376,9.013692
0.034698486,0.08375549,9.132202,1.5073833,-0.1450416,-0.5509596,0.4914149,-1.3276364,9.036786
0.056228638,0.08973694,9.176468,1.4557347,-0.12681857,-0.55017376,0.49121964,-1.2753909,9.051655
0.026321411,0.08135986,9.134598,1.396005,-0.13524584,-0.578351,0.47536546,-1.2202122,9.040672
0.052642822,0.08015442,9.116653,1.3530885,-0.1328658,-0.5683689,-0.75814897,-1.020745,9.061778
0.055038452,0.07777405,9.128616,1.281773,-0.12534985,-0.56647396,0.4426352,-1.120835,9.080462
0.04547119,0.08973694,9.139389,1.259078,-0.11861041,-0.58568764,0.43384725,-1.100053,9.069061
0.034698486,0.059814453,9.146561,1.2312233,-0.10622594,-0.59733105,0.43689072,-1.0694722,9.065466
0.053833008,0.08255005,9.134598,1.1613412,-0.11955257,-0.5880604,0.3986505,-1.017065,9.088682
0.052642822,0.0993042,9.114258,1.1261032,-0.09867221,-0.60869217,0.40488732,-0.9751687,9.076265
0.032302856,0.08494568,9.121445,1.1055963,-0.10901958,-0.61647415,0.40236068,-0.95828277,9.0758505
0.06460571,0.08375549,9.120239,1.0547111,-0.07763,-0.6269865,0.40275693,-0.90183854,9.074511
0.050247192,0.056228638,9.135803,1.008877,-0.08661297,-0.5921564,0.3894996,-0.8661449,9.118126
0.028717041,0.10887146,9.1453705,0.98244685,-0.078612834,-0.60942554,-0.5449574,-0.7453623,9.106482
0.0059814453,0.07777405,9.152542,0.9457278,-0.08652787,-0.6373091,0.3581618,-0.81153387,9.08472
0.034698486,0.08135986,9.134598,0.8827066,-0.09190686,-0.62431526,0.3314696,-0.76009554,9.106814
0.06460571,0.08973694,9.134598,0.87060344,-0.0853761,-0.63857174,0.33547288,-0.7452685,9.095984
0.06460571,0.061019897,9.131012,0.83678794,-0.07410321,-0.60840416,0.33393198,-0.71274096,9.131113
0.057434082,0.08375549,9.109482,0.80432636,-0.07047944,-0.65316963,-0.45845556,-0.59799135,9.091972
0.033493042,0.07417297,9.158524,0.78307945,-0.09304802,-0.65271664,0.30015483,-0.6724674,9.095592
-0.010772705,0.08255005,9.147766,0.79011655,-0.09674348,-0.637455,0.31634715,-0.6772952,9.112974
0.017944336,0.08375549,9.159729,0.7411262,-0.06289637,-0.67744255,0.3165185,-0.6182376,9.07881
0.028717041,0.07896423,9.131012,0.6880203,-0.074270725,-0.6418724,0.28400213,-0.5811156,9.119239
0.06460571,0.09451294,9.139389,0.6640907,-0.079873964,-0.64871883,-0.4006304,-0.48020512,9.115904
0.0765686,0.08734131,9.144165,0.6521361,-0.06754397,-0.6452255,0.28090554,-0.5458697,9.121611
0.051452637,0.09451294,9.154938,0.61711323,-0.07097998,-0.6626425,0.27077872,-0.5135249,9.108128
0.035888672,0.086135864,9.1453705,0.5982285,-0.050666675,-0.6529741,0.27644753,-0.4891505,9.120263
0.015548706,0.09690857,9.1501465,0.5969555,-0.06330791,-0.6683607,0.26867515,-0.49369425,9.105829
0.051452637,0.06939697,9.160919,0.5506748,-0.054711834,-0.6303549,0.2555331,-0.45198897,9.14787
0.03111267,0.08734131,9.153748,0.5223621,-0.07235657,-0.6659107,0.22786027,-0.43637004,9.11441
0.0765686,0.052642822,9.121445,0.537125,-0.057482496,-0.64527035,0.25264442,-0.44019878,9.1354
0.056228638,0.06819153,9.142975,0.53270733,-0.056058586,-0.65364647,0.25710937,-0.43387148,9.128548
0.04067993,0.09690857,9.157333,0.47981313,-0.05223769,-0.66156673,0.23264843,-0.3876527,9.123847
0.01914978,0.0993042,9.164505,0.46327743,-0.07006474,-0.65772915,0.21289854,-0.38443887,9.129138
0.04067993,0.07417297,9.147766,0.44738576,-0.06394307,-0.6667328,0.21174458,-0.36680722,9.12153
0.06939697,0.08734131,9.128616,0.43363568,-0.066673175,-0.65806675,0.2120673,-0.3534517,9.131642
0.041870117,0.1040802,9.1501465,-0.0029938594,0.017679326,-0.65602016,0.0,0.0,0.0
0.055038452,0.100494385,9.126221,0.010028377,0.013204336,-0.6799383,0.0,0.0,0.0
0.058624268,0.09211731,9.147766,0.0141419545,0.005020596,-0.6583967,0.0,0.0,0.0
0.055038452,0.08135986,9.128616,0.009968828,-0.0048448816,-0.6775522,0.0,0.0,0.0
0.025131226,0.07417297,9.129822,-0.019127343,-0.011824571,-0.67635155,0.0,0.0,0.0
0.023925781,0.095718384,9.138184,-0.019980252,0.009851411,-0.6679926,0.0,0.0,0.0
0.034698486,0.08375549,9.133408,-0.009384617,-0.0029366836,-0.67276,0.0,0.0,0.0
0.050247192,0.07058716,9.158524,0.0066272877,-0.015759349,-0.64764977,0.0,0.0,0.0
0.057434082,0.07896423,9.139389,0.014208276,-0.00696221,-0.66678905,0.0,0.0,0.0
0.033493042,0.08375549,9.147766,-0.009425174,-0.0019285157,-0.6584158,0.0,0.0,0.0
0.039474487,0.08734131,9.135803,-0.003259059,0.0017601177,-0.6703806,0.0,0.0,0.0
-0.013153076,0.07896423,9.1501465,-0.05491043,-0.006208837,-0.65604496,0.0,0.0,0.0
0.035888672,0.088531494,9.175278,-0.005452525,0.003437668,-0.6309166,0.0,0.0,0.0
0.04067993,0.088531494,9.120239,-0.001468502,0.0033723563,-0.6859503,0.0,0.0,0.0
0.057434082,0.09690857,9.140579,0.014952455,0.010675237,-0.6655998,0.0,0.0,0.0
0.047851563,0.095718384,9.144165,0.0044698976,0.010191806,-0.6620159,0.0,0.0,0.0
0.050247192,0.088531494,9.166901,0.0062429085,0.0028958991,-0.6392765,0.0,0.0,0.0
0.04067993,0.086135864,9.147766,-0.0039468855,8.517727E-4,-0.658412,0.0,0.0,0.0
0.010772705,0.08734131,9.141785,-0.033657283,0.0035427958,-0.6644068,0.0,0.0,0.0
0.06460571,0.071777344,9.151352,0.019204497,-0.011759207,-0.65483665,0.0,0.0,0.0
0.035888672,0.07298279,9.141785,-0.010390107,-0.0104365125,-0.66440105,0.0,0.0,0.0
0.035888672,0.08734131,9.127426,-0.010846011,0.004562676,-0.6787634,0.0,0.0,0.0
0.020339966,0.086135864,9.126221,-0.026204113,0.0033747628,-0.6799698,0.0,0.0,0.0
0.047851563,0.09451294,9.151352,0.0024352744,0.011117473,-0.65483856,0.0,0.0,0.0
0.0382843,0.08135986,9.123825,-0.0075828396,-0.0024344027,-0.6823597,0.0,0.0,0.0
0.041870117,0.095718384,9.151352,-0.0036309138,0.011578113,-0.6548319,0.0,0.0,0.0
0.0382843,0.0657959,9.1453705,-0.0070006065,-0.019194454,-0.66080666,0.0,0.0,0.0
0.03111267,0.105285645,9.153748,-0.015452437,0.020510823,-0.65242577,0.0,0.0,0.0
0.041870117,0.08973694,9.126221,-0.0044011623,0.0045295283,-0.67994976,0.0,0.0,0.0
0.034698486,0.1040802,9.159729,-0.0113361925,0.018483877,-0.64643955,0.0,0.0,0.0
0.03111267,0.08973694,9.135803,-0.01524609,0.004318163,-0.67036533,0.0,0.0,0.0
0.057434082,0.0657959,9.129822,0.011572305,-0.019539483,-0.67634964,0.0,0.0,0.0
0.041870117,0.056228638,9.140579,-0.0033147149,-0.028694332,-0.66559887,0.0,0.0,0.0
0.015548706,0.0765686,9.128616,-0.028788019,-0.0071917996,-0.67757607,0.0,0.0,0.0
0.041870117,0.06819153,9.144165,-0.0021842718,-0.014993466,-0.6620331,0.0,0.0,0.0
0.0035858154,0.08734131,9.176468,-0.04034828,0.003982641,-0.6297293,0.0,0.0,0.0
0.011962891,0.06700134,9.119049,-0.0308992,-0.016359791,-0.68715286,0.0,0.0,0.0
0.0382843,0.07417297,9.133408,-0.004406687,-0.009064473,-0.67279625,0.0,0.0,0.0
0.051452637,0.07896423,9.109482,0.009405084,-0.0042750463,-0.6967249,0.0,0.0,0.0
0.052642822,0.07896423,9.163315,0.010524452,-0.004475042,-0.64289,0.0,0.0,0.0
0.0023956299,0.08135986,9.142975,-0.03963325,-0.0022344217,-0.663229,0.0,0.0,0.0
0.057434082,0.08015442,9.148956,0.016478177,-0.0035553947,-0.65725136,0.0,0.0,0.0
0.033493042,0.08375549,9.1453705,-0.007500842,-2.2649765E-6,-0.6608362,0.0,0.0,0.0
0.059814453,0.08375549,9.127426,0.018094279,-5.004257E-4,-0.6787729,0.0,0.0,0.0
0.023925781,0.071777344,9.148956,-0.018242914,-0.011881016,-0.6572466,0.0,0.0,0.0
0.029907227,0.090927124,9.159729,-0.012063514,0.0072305053,-0.6464739,0.0,0.0,0.0
0.03111267,0.0993042,9.151352,-0.011085935,0.015415706,-0.65484905,0.0,0.0,0.0
0.017944336,0.08135986,9.135803,-0.024439666,-0.00247138,-0.6703968,0.0,0.0,0.0
0.057434082,0.11366272,9.159729,0.0151009,0.028729416,-0.64646244,0.0,0.0,0.0
0.023925781,0.08135986,9.127426,-0.018136304,-0.004111171,-0.6787615,0.0,0.0,0.0
0.028717041,0.08375549,9.16571,-0.013374392,-0.002233103,-0.6404724,0.0,0.0,0.0
0.039474487,0.06700134,9.131012,-0.0027210228,-0.019759826,-0.67516327,0.0,0.0,0.0
0.041870117,0.07777405,9.133408,-0.001056511,-0.009525806,-0.67276,0.0,0.0,0.0
0.037094116,0.08734131,9.160919,-0.0058979504,-4.3912977E-4,-0.64524364,0.0,0.0,0.0
0.059814453,0.102890015,9.120239,0.0155786015,0.01503966,-0.68591785,0.0,0.0,0.0
0.052642822,0.086135864,9.138184,0.008262064,-0.0021766871,-0.66796875,0.0,0.0,0.0
0.021530151,0.093322754,9.1453705,-0.023023218,0.0048489645,-0.660779,0.0,0.0,0.0
0.0143585205,0.06700134,9.138184,-0.03022533,-0.022191808,-0.66796017,0.0,0.0,0.0
0.010772705,0.0993042,9.140579,-0.033686846,0.01017037,-0.66556454,0.0,0.0,0.0
0.032302856,0.06939697,9.147766,-0.01215351,-0.018722929,-0.6583872,0.0,0.0,0.0
0.04307556,0.08255005,9.136993,8.227676E-5,-0.0061917007,-0.66916084,0.0,0.0,0.0
0.022735596,0.09451294,9.117844,-0.02014799,0.005175814,-0.68830585,0.0,0.0,0.0
0.026321411,0.086135864,9.123825,-0.016473979,-0.0046382546,-0.682312,0.0,0.0,0.0
0.04547119,0.0765686,9.1250305,0.002412185,-0.014615603,-0.6811018,0.0,0.0,0.0
0.033493042,0.10887146,9.147766,-0.008474115,0.016130656,-0.6583557,0.0,0.0,0.0
0.035888672,0.086135864,9.134598,-0.006245937,-0.0069998503,-0.6715193,0.0,0.0,0.0
0.021530151,0.086135864,9.162125,-0.018999644,-0.00789275,-0.6439915,0.0,0.0,0.0
0.021530151,0.06819153,9.140579,-0.018525802,-0.02573108,-0.66553974,0.0,0.0,0.0
0.04307556,0.08734131,9.152542,0.0030399635,-0.006650701,-0.6535759,0.0,0.0,0.0
0.04067993,0.09690857,9.148956,9.915121E-4,0.002512291,-0.65715885,0.0,0.0,0.0
0.034698486,0.086135864,9.140579,-0.0055632815,-0.008562461,-0.66553116,0.0,0.0,0.0
0.029907227,0.09690857,9.166901,-0.0104610585,0.0028395578,-0.63921547,0.0,0.0,0.0
0.029907227,0.07777405,9.163315,-0.009942729,-0.01605285,-0.6428051,0.0,0.0,0.0
0.01914978,0.08734131,9.146561,-0.02081132,-0.006372623,-0.6595602,0.0,0.0,0.0
0.015548706,0.06700134,9.139389,-0.024293438,-0.027008161,-0.6667299,0.0,0.0,0.0
0.029907227,0.08015442,9.128616,-0.010318067,-0.013456821,-0.67750454,0.0,0.0,0.0
0.032302856,0.07896423,9.142975,-0.008824423,-0.0141461715,-0.663147,0.0,0.0,0.0
0.039474487,0.09211731,9.141785,-0.0013703592,-0.0010498613,-0.6643381,0.0,0.0,0.0
0.032302856,0.105285645,9.144165,-0.008477397,0.012006968,-0.6619568,0.0,0.0,0.0
0.029907227,0.07417297,9.146561,-0.01130823,-0.018647656,-0.659564,0.0,0.0,0.0
0.06700134,0.06939697,9.131012,0.024934173,-0.021812357,-0.67512417,0.0,0.0,0.0
0.041870117,0.08973694,9.128616,-7.00593E-4,-9.5213205E-4,-0.6775217,0.0,0.0,0.0
0.027511597,0.088531494,9.156143,-0.0143395625,-0.0016382635,-0.65000343,0.0,0.0,0.0
0.051452637,0.0993042,9.136993,0.009484883,0.009096615,-0.66915226,0.0,0.0,0.0
0.044265747,0.06700134,9.1250305,0.0018463917,-0.0213437,-0.6811304,0.0,0.0,0.0
0.057434082,0.07298279,9.163315,0.014352165,-0.0140891,-0.64285374,0.0,0.0,0.0
0.037094116,0.093322754,9.126221,-0.006962195,0.006985292,-0.6799507,0.0,0.0,0.0
0.011962891,0.06819153,9.147766,-0.031935796,-0.017556727,-0.658411,0.0,0.0,0.0
0.052642822,0.088531494,9.135803,0.008229103,0.0027182028,-0.67037106,0.0,0.0,0.0
0.01914978,0.0765686,9.153748,-0.02432328,-0.009884052,-0.65242577,0.0,0.0,0.0
0.011962891,0.08135986,9.153748,-0.030272216,-0.004831776,-0.65243244,0.0,0.0,0.0
0.06460571,0.08135986,9.136993,0.02140439,-0.0039878115,-0.6691904,0.0,0.0,0.0
0.03111267,0.06819153,9.147766,-0.011876177,-0.017283008,-0.65841675,0.0,0.0,0.0
0.0047912598,0.07896423,9.144165,-0.038062867,-0.005889721,-0.6620245,0.0,0.0,0.0
0.049057007,0.08255005,9.160919,0.0072084814,-0.0020958334,-0.64527607,0.0,0.0,0.0
0.049057007,0.09211731,9.151352,0.006537698,0.008218788,-0.65484715,0.0,0.0,0.0
0.025131226,0.07537842,9.135803,-0.018693868,-0.008634217,-0.6703892,0.0,0.0,0.0
0.01675415,0.088531494,9.1501465,-0.02788689,0.004289955,-0.6560402,0.0,0.0,0.0
0.027511597,0.102890015,9.152542,-0.017382927,0.018251821,-0.6536398,0.0,0.0,0.0
0.071777344,0.0765686,9.116653,0.025947295,-0.008454554,-0.68952084,0.0,0.0,0.0
0.053833008,0.09211731,9.157333,0.007789299,0.0074769035,-0.64884377,0.0,0.0,0.0
0.026321411,0.06341553,9.144165,-0.018991292,-0.021101117,-0.6620159,0.0,0.0,0.0
0.0382843,0.093322754,9.1250305,-0.006952118,0.008447096,-0.6811476,0.0,0.0,0.0
0.034698486,0.08135986,9.139389,-0.010291286,-0.003087625,-0.6667948,0.0,0.0,0.0
0.020339966,0.09690857,9.122635,-0.02440707,0.011534058,-0.6835413,0.0,0.0,0.0
0.04547119,0.100494385,9.133408,0.0010740869,0.014726669,-0.67276764,0.0,0.0,0.0
0.008377075,0.0765686,9.178864,-0.034841467,-0.009335749,-0.6273155,0.0,0.0,0.0
0.050247192,0.07777405,9.141785,0.007023312,-0.0072012693,-0.664402,0.0,0.0,0.0
0.035888672,0.08015442,9.132202,-0.0063896626,-0.004152313,-0.67399406,0.0,0.0,0.0
0.021530151,0.10647583,9.133408,-0.02066696,0.022170648,-0.6727896,0.0,0.0,0.0
0.023925781,0.08135986,9.169296,-0.01786163,-0.0031300336,-0.6369009,0.0,0.0,0.0
0.04307556,0.10169983,9.131012,0.0017999299,0.017621517,-0.6751909,0.0,0.0,0.0
0.047851563,0.071777344,9.144165,0.0060561225,-0.011435248,-0.6620426,0.0,0.0,0.0
0.029907227,0.0657959,9.156143,-0.012355667,-0.017295547,-0.6500635,0.0,0.0,0.0
0.046661377,0.08494568,9.138184,0.0040431544,0.0023762807,-0.668026,0.0,0.0,0.0
0.044265747,0.086135864,9.113068,0.0014219284,0.0039897263,-0.6931448,0.0,0.0,0.0
0.029907227,0.12083435,9.144165,-0.013675425,0.038165413,-0.66203976,0.0,0.0,0.0
0.027511597,0.09690857,9.148956,-0.01534719,0.01299388,-0.65724087,0.0,0.0,0.0
0.053833008,0.09690857,9.146561,0.009814799,0.011991665,-0.65962315,0.0,0.0,0.0
0.023925781,0.08734131,9.127426,-0.020098481,0.001908347,-0.6787529,0.0,0.0,0.0
0.035888672,0.088531494,9.151352,-0.008634463,0.0029277653,-0.6548233,0.0,0.0,0.0
0.034698486,0.07298279,9.135803,-0.0108967535,-0.013304517,-0.6703615,0.0,0.0,0.0
0.021530151,0.07058716,9.168106,-0.024228167,-0.015198506,-0.6380615,0.0,0.0,0.0
0.041870117,0.07298279,9.117844,-0.003075324,-0.012014918,-0.6883354,0.0,0.0,0.0
0.037094116,0.0993042,9.1250305,-0.00760689,0.014494531,-0.6811514,0.0,0.0,0.0
0.037094116,0.08375549,9.138184,-0.0068980344,-0.0012190044,-0.6680002,0.0,0.0,0.0
0.041870117,0.10169983,9.171692,-0.0027173758,0.016293332,-0.63448524,0.0,0.0,0.0
0.04307556,0.098098755,9.148956,-6.4257905E-4,0.013033278,-0.6572275,0.0,0.0,0.0
0.04067993,0.08973694,9.136993,-0.003538441,0.004311092,-0.6691847,0.0,0.0,0.0
0.021530151,0.08135986,9.153748,-0.023940433,-0.0048827827,-0.65241814,0.0,0.0,0.0
0.051452637,0.086135864,9.142975,0.0064066127,-7.70241E-4,-0.663187,0.0,0.0,0.0
0.049057007,0.088531494,9.152542,0.0037233047,6.6452473E-4,-0.6536102,0.0,0.0,0.0
0.029907227,0.0765686,9.140579,-0.014644422,-0.01157102,-0.6655731,0.0,0.0,0.0
0.039474487,0.051452637,9.152542,-0.005564805,-0.03617818,-0.6536131,0.0,0.0,0.0
0.051452637,0.093322754,9.128616,0.0060422383,0.0059155226,-0.6775389,0.0,0.0,0.0
0.0382843,0.07058716,9.160919,-0.0067299195,-0.017251335,-0.6452341,0.0,0.0,0.0
0.032302856,0.110076904,9.126221,-0.0129520185,0.021663204,-0.6799259,0.0,0.0,0.0
0.020339966,0.071777344,9.136993,-0.02478835,-0.016379453,-0.669157,0.0,0.0,0.0
0.033493042,0.06939697,9.128616,-0.010062225,-0.017273426,-0.67755413,0.0,0.0,0.0
0.04307556,0.08375549,9.138184,-0.0010270216,-0.0029187128,-0.667984,0.0,0.0,0.0
0.032302856,0.10887146,9.129822,-0.012284938,0.021444991,-0.67633724,0.0,0.0,0.0
0.047851563,0.08973694,9.1453705,0.0033108704,0.0014657751,-0.66078186,0.0,0.0,0.0
0.037094116,0.0993042,9.120239,-0.0077151097,0.011348978,-0.68591404,0.0,0.0,0.0
0.055038452,0.095718384,9.1453705,0.009121746,0.006587222,-0.66076756,0.0,0.0,0.0
0.04307556,0.090927124,9.136993,-0.0033783317,0.0013026223,-0.669137,0.0,0.0,0.0
0.050247192,0.086135864,9.144165,0.003954787,-0.0031945556,-0.6619692,0.0,0.0,0.0
0.062210083,0.09451294,9.144165,0.0152359605,0.0052298754,-0.6619663,0.0,0.0,0.0
0.01675415,0.07298279,9.134598,-0.030571025,-0.016667597,-0.6715288,0.0,0.0,0.0
0.029907227,0.07298279,9.152542,-0.018213872,-0.016262762,-0.6535845,0.0,0.0,0.0
0.027511597,0.093322754,9.129822,-0.02104443,0.0034406483,-0.67629623,0.0,0.0,0.0
0.026321411,0.06460571,9.169296,-0.021719716,-0.024583943,-0.6368313,0.0,0.0,0.0
0.026321411,0.09211731,9.164505,-0.021892253,0.002903454,-0.64162064,0.0,0.0,0.0
0.029907227,0.088531494,9.132202,-0.018150821,-0.0011417866,-0.6739197,0.0,0.0,0.0
0.044265747,0.06341553,9.147766,-0.003596045,-0.026262388,-0.6583576,0.0,0.0,0.0
0.025131226,0.06939697,9.127426,-0.022718731,-0.01990974,-0.67870045,0.0,0.0,0.0
0.047851563,0.095718384,9.166901,-3.946796E-4,0.0062476546,-0.6392231,0.0,0.0,0.0
0.011962891,0.08015442,9.126221,-0.036172003,-0.009156011,-0.67990494,0.0,0.0,0.0
0.01675415,0.08734131,9.159729,-0.032583367,-0.001679942,-0.6463928,0.0,0.0,0.0
0.034698486,0.088531494,9.136993,-0.014923833,-3.5976619E-4,-0.6691284,0.0,0.0,0.0
0.046661377,0.06460571,9.135803,-0.003525976,-0.024029247,-0.67031765,0.0,0.0,0.0
0.049057007,0.102890015,9.152542,-0.0010487735,0.015313603,-0.65358925,0.0,0.0,0.0
0.010772705,0.086135864,9.147766,-0.03961196,-0.0011122599,-0.6583662,0.0,0.0,0.0
0.01675415,0.086135864,9.132202,-0.033737972,-0.00222034,-0.6739197,0.0,0.0,0.0
0.046661377,0.08255005,9.144165,-0.003872972,-0.006480865,-0.66195107,0.0,0.0,0.0
0.022735596,0.056228638,9.163315,-0.028392117,-0.03271251,-0.6427984,0.0,0.0,0.0
0.037094116,0.098098755,9.166901,-0.014528558,0.00957001,-0.63921356,0.0,0.0,0.0
0.04067993,0.095718384,9.119049,-0.010880489,0.007247247,-0.6870661,0.0,0.0,0.0
0.057434082,0.07537842,9.151352,0.006942045,-0.013598666,-0.6547642,0.0,0.0,0.0
0.052642822,0.07537842,9.126221,0.0026826002,-0.013172768,-0.6799021,0.0,0.0,0.0
0.051452637,0.08135986,9.127426,3.4784898E-4,-0.007567771,-0.67868805,0.0,0.0,0.0
0.049057007,0.093322754,9.153748,-0.0016352125,0.0045942664,-0.65237045,0.0,0.0,0.0
0.04307556,0.059814453,9.128616,-0.007974923,-0.02793008,-0.67750835,0.0,0.0,0.0
0.039474487,0.0657959,9.154938,-0.0113154575,-0.021479294,-0.65119267,0.0,0.0,0.0
0.047851563,0.08135986,9.151352,-0.0019801855,-0.0060061216,-0.6547823,0.0,0.0,0.0
0.01675415,0.08375549,9.1501465,-0.033060733,-0.0036604702,-0.65598774,0.0,0.0,0.0
0.051452637,0.08494568,9.1453705,0.0026075207,-0.002751261,-0.66076565,0.0,0.0,0.0
0.017944336,0.08494568,9.160919,-0.030623406,-0.0028833821,-0.64521694,0.0,0.0,0.0
0.051452637,0.061019897,9.135803,0.0022906624,-0.026670732,-0.67033195,0.0,0.0,0.0
0.0382843,0.07537842,9.163315,-0.01095115,-0.0118677765,-0.6428242,0.0,0.0,0.0
0.039474487,0.07777405,9.147766,-0.0090699345,-0.009010203,-0.65837955,0.0,0.0,0.0
0.050247192,0.088531494,9.148956,0.00237225,0.00172171,-0.6571932,0.0,0.0,0.0
0.04547119,0.100494385,9.135803,-0.0034196712,0.01253096,-0.670331,0.0,0.0,0.0
0.04307556,0.088531494,9.154938,-0.0062059984,-1.7473102E-4,-0.65118694,0.0,0.0,0.0
0.071777344,0.061019897,9.119049,0.022384923,-0.027394302,-0.6870785,0.0,0.0,0.0
0.034698486,0.07537842,9.172882,-0.014860157,-0.012607738,-0.6332483,0.0,0.0,0.0
0.0047912598,0.07537842,9.164505,-0.04420649,-0.013031237,-0.64162445,0.0,0.0,0.0
0.04067993,0.08135986,9.134598,-0.009107813,-0.0069325343,-0.6715288,0.0,0.0,0.0
0.049057007,0.102890015,9.142975,-0.0019069612,0.01339934,-0.6631346,0.0,0.0,0.0
0.029907227,0.08255005,9.146561,-0.02069866,-0.0074023083,-0.6595459,0.0,0.0,0.0
0.027511597,0.086135864,9.138184,-0.022396736,-0.0040222704,-0.6679249,0.0,0.0,0.0
0.051452637,0.08255005,9.152542,0.0011877902,-0.007876247,-0.65356255,0.0,0.0,0.0
0.052642822,0.058624268,9.151352,0.002213277,-0.03247691,-0.6547451,0.0,0.0,0.0
0.017944336,0.08135986,9.134598,-0.031924352,-0.009256579,-0.6715069,0.0,0.0,0.0
0.020339966,0.08135986,9.120239,-0.028592307,-0.010012299,-0.6858635,0.0,0.0,0.0
0.053833008,0.0765686,9.157333,0.005657412,-0.013949938,-0.6487808,0.0,0.0,0.0
0.044265747,0.0657959,9.134598,-0.0051202998,-0.023924828,-0.6715174,0.0,0.0,0.0
0.051452637,0.06341553,9.141785,0.0012144931,-0.025762655,-0.66433144,0.0,0.0,0.0
0.037094116,0.090927124,9.139389,-0.013657045,0.0023283586,-0.666729,0.0,0.0,0.0
0.035888672,0.086135864,9.128616,-0.0145612955,-0.0026953816,-0.6775017,0.0,0.0,0.0
0.029907227,0.10887146,9.158524,-0.019778341,0.019293122,-0.6475916,0.0,0.0,0.0
0.007171631,0.08494568,9.153748,-0.041313995,-0.0049085096,-0.65237045,0.0,0.0,0.0
0.01675415,0.09211731,9.138184,-0.032155264,0.0012960583,-0.6679239,0.0,0.0,0.0
0.0657959,0.071777344,9.154938,0.015972394,-0.019053683,-0.651165,0.0,0.0,0.0
0.0382843,0.07298279,9.144165,-0.013092324,-0.01769568,-0.66193104,0.0,0.0,0.0
0.039474487,0.095718384,9.144165,-0.013260737,0.004883386,-0.66192245,0.0,0.0,0.0
0.026321411,0.095718384,9.153748,-0.02641401,0.0049085394,-0.65233994,0.0,0.0,0.0
0.029907227,0.10887146,9.159729,-0.022177242,0.017951973,-0.64636135,0.0,0.0,0.0
0.046661377,0.08734131,9.128616,-0.0045829117,-0.004854806,-0.6774664,0.0,0.0,0.0
0.052642822,0.09451294,9.141785,7.80385E-4,0.002027288,-0.66429234,0.0,0.0,0.0
0.059814453,0.08015442,9.142975,0.006839864,-0.012160197,-0.6630974,0.0,0.0,0.0
0.034698486,0.095718384,9.163315,-0.017835911,0.0033533797,-0.6427593,0.0,0.0,0.0
0.013153076,0.09690857,9.164505,-0.039578263,0.0034817532,-0.64155865,0.0,0.0,0.0
0.0011901855,0.086135864,9.16571,-0.05011951,-0.007114634,-0.64036274,0.0,0.0,0.0
0.028717041,0.07058716,9.136993,-0.022451878,-0.02234435,-0.66908264,0.0,0.0,0.0
0.058624268,0.07537842,9.126221,0.006865777,-0.017677061,-0.67985153,0.0,0.0,0.0
0.037094116,0.08135986,9.1250305,-0.015227608,-0.012208164,-0.6810341,0.0,0.0,0.0
0.039474487,0.07417297,9.1501465,-0.01280136,-0.019709885,-0.65591526,0.0,0.0,0.0
0.0047912598,0.09690857,9.16571,-0.04741088,0.0026212335,-0.6403475,0.0,0.0,0.0
0.0023956299,0.088531494,9.159729,-0.049729876,-0.0052205995,-0.64633465,0.0,0.0,0.0
0.049057007,0.08734131,9.141785,-0.0020275638,-0.00601428,-0.6642885,0.0,0.0,0.0
0.046661377,0.09211731,9.138184,-0.005393639,-0.0010022372,-0.66788673,0.0,0.0,0.0
0.06939697,0.08135986,9.142975,0.015873492,-0.012029469,-0.66308403,0.0,0.0,0.0
0.021530151,0.06819153,9.123825,-0.031721067,-0.025080033,-0.6822367,0.0,0.0,0.0
0.058624268,0.086135864,9.1501465,0.0060136765,-0.007640861,-0.6559143,0.0,0.0,0.0
0.025131226,0.095718384,9.160919,-0.02713105,0.002070114,-0.64514446,0.0,0.0,0.0
0.03111267,0.100494385,9.147766,-0.02079235,0.0064170584,-0.65829563,0.0,0.0,0.0
0.049057007,0.07537842,9.142975,-0.0027098618,-0.0178869,-0.6630955,0.0,0.0,0.0
0.055038452,0.088531494,9.119049,0.0031547695,-0.0048245937,-0.68701935,0.0,0.0,0.0
0.035888672,0.093322754,9.133408,-0.017210674,0.0012412891,-0.67266655,0.0,0.0,0.0
0.026321411,0.102890015,9.146561,-0.026540853,0.010867208,-0.6595154,0.0,0.0,0.0
0.01914978,0.095718384,9.162125,-0.033800952,0.0031137317,-0.6439457,0.0,0.0,0.0
0.0382843,0.0993042,9.129822,-0.013698041,0.00628037,-0.6762495,0.0,0.0,0.0
0.033493042,0.093322754,9.127426,-0.018322326,7.8737736E-4,-0.67865086,0.0,0.0,0.0
0.055038452,0.09690857,9.156143,0.003132902,0.0036266893,-0.6499262,0.0,0.0,0.0
0.033493042,0.0765686,9.133408,-0.018025786,-0.016737573,-0.67266273,0.0,0.0,0.0
0.017944336,0.102890015,9.158524,-0.033449057,0.010097079,-0.64755344,0.0,0.0,0.0
0.026321411,0.11126709,9.164505,-0.024109945,0.017438293,-0.64156723,0.0,0.0,0.0
0.020339966,0.086135864,9.156143,-0.029707514,-0.0073229074,-0.6499338,0.0,0.0,0.0
0.049057007,0.08973694,9.163315,-8.563511E-4,-0.0034991503,-0.64276505,0.0,0.0,0.0
0.04067993,0.071777344,9.142975,-0.010060098,-0.021013126,-0.663105,0.0,0.0,0.0
0.047851563,0.090927124,9.138184,-0.0023923405,-0.0019519329,-0.6678982,0.0,0.0,0.0
0.027511597,0.090927124,9.135803,-0.023132913,-0.0015872195,-0.6702795,0.0,0.0,0.0
0.028717041,0.088531494,9.184845,-0.020912874,-0.004224822,-0.6212406,0.0,0.0,0.0
0.035888672,0.062210083,9.151352,-0.013286747,-0.029416323,-0.654747,0.0,0.0,0.0
0.033493042,0.098098755,9.151352,-0.015377067,0.0059693754,-0.6547432,0.0,0.0,0.0
0.029907227,0.08734131,9.142975,-0.019539326,-0.005195692,-0.66311455,0.0,0.0,0.0
0.039474487,0.112457275,9.1501465,-0.009795152,0.01884567,-0.6559334,0.0,0.0,0.0
0.033493042,0.102890015,9.1501465,-0.015291691,0.008709803,-0.65592957,0.0,0.0,0.0
0.01914978,0.086135864,9.154938,-0.029390682,-0.008347854,-0.6511364,0.0,0.0,0.0
0.04067993,0.0765686,9.158524,-0.008337457,-0.017268099,-0.64755535,0.0,0.0,0.0
0.032302856,0.100494385,9.148956,-0.016954139,0.0068979934,-0.65712357,0.0,0.0,0.0
0.026321411,0.08973694,9.134598,-0.022663943,-0.0044058487,-0.6714783,0.0,0.0,0.0
0.06460571,0.0993042,9.127426,0.014387939,0.0047265515,-0.6786394,0.0,0.0,0.0
0.025131226,0.08135986,9.134598,-0.024736729,-0.012066163,-0.6714802,0.0,0.0,0.0
0.01914978,0.0765686,9.136993,-0.030386671,-0.016480371,-0.6690903,0.0,0.0,0.0
0.022735596,0.09690857,9.140579,-0.026601776,0.004446298,-0.66551113,0.0,0.0,0.0
