2.9783869,-9.3661175,0.35434186,0.0,0.0,0.0,0.0,0.0,0.0
2.9783869,-9.3661175,0.35434186,0.0,0.0,0.0,0.0,0.0,0.0
3.0071173,-9.375694,0.40222588,0.0,0.0,0.0,0.0,0.0,0.0
3.0071173,-9.375694,0.40222588,0.0,0.0,0.0,0.0,0.0,0.0
2.9783869,-9.385271,0.39264908,0.0,0.0,0.0,0.0,0.0,0.0
2.9783869,-9.385271,0.39264908,0.0,0.0,0.0,0.0,0.0,0.0
2.9592333,-9.385271,0.38307226,0.0,0.0,0.0,0.0,0.0,0.0
2.9592333,-9.385271,0.38307226,0.0,0.0,0.0,0.0,0.0,0.0
2.9879637,-9.404425,0.41180268,0.0,0.0,0.0,0.0,0.0,0.0
2.9879637,-9.404425,0.41180268,0.0,0.0,0.0,0.0,0.0,0.0
2.9783869,-9.375694,0.41180268,0.0,0.0,0.0,0.0,0.0,0.0
2.9783869,-9.375694,0.41180268,0.0,0.0,0.0,0.0,0.0,0.0
2.96881,-9.385271,0.40222588,0.0,0.0,0.0,0.0,0.0,0.0
2.96881,-9.385271,0.40222588,0.0,0.0,0.0,0.0,0.0,0.0
2.9879637,-9.394848,0.38307226,0.0,0.0,0.0,0.0,0.0,0.0
2.9879637,-9.394848,0.38307226,0.0,0.0,0.0,0.0,0.0,0.0
2.9879637,-9.404425,0.41180268,0.0,0.0,0.0,0.0,0.0,0.0
2.9879637,-9.404425,0.41180268,0.0,0.0,0.0,0.0,0.0,0.0
2.96881,-9.385271,0.40222588,0.0,0.0,0.0,0.0,0.0,0.0
2.96881,-9.385271,0.40222588,0.0,0.0,0.0,0.0,0.0,0.0
2.9879637,-9.385271,0.37349546,0.0,0.0,0.0,0.0,0.0,0.0
2.9879637,-9.385271,0.37349546,0.0,0.0,0.0,0.0,0.0,0.0
2.9879637,-9.404425,0.39264908,0.0,0.0,0.0,0.0,0.0,0.0
2.9879637,-9.404425,0.39264908,0.0,0.0,0.0,0.0,0.0,0.0
2.9592333,-9.404425,0.38307226,0.0,0.0,0.0,0.0,0.0,0.0
2.9592333,-9.404425,0.38307226,0.0,0.0,0.0,0.0,0.0,0.0
2.9783869,-9.404425,0.41180268,0.0,0.0,0.0,0.0,0.0,0.0
2.9783869,-9.404425,0.41180268,0.0,0.0,0.0,0.0,0.0,0.0
2.9783869,-9.375694,0.40222588,0.0,0.0,0.0,0.0,0.0,0.0
2.9783869,-9.375694,0.40222588,0.0,0.0,0.0,0.0,0.0,0.0
2.9879637,-9.394848,0.41180268,0.0,0.0,0.0,0.0,0.0,0.0
2.9879637,-9.394848,0.41180268,0.0,0.0,0.0,0.0,0.0,0.0
2.9783869,-9.394848,0.40222588,0.0,0.0,0.0,0.0,0.0,0.0
2.9783869,-9.394848,0.40222588,0.0,0.0,0.0,0.0,0.0,0.0
2.9783869,-9.394848,0.39264908,0.0,0.0,0.0,0.0,0.0,0.0
2.9783869,-9.394848,0.39264908,0.0,0.0,0.0,0.0,0.0,0.0
2.9783869,-9.385271,0.39264908,0.0,0.0,0.0,0.0,0.0,0.0
2.9783869,-9.385271,0.39264908,0.0,0.0,0.0,0.0,0.0,0.0
2.9783869,-9.385271,0.39264908,0.0,0.0,0.0,0.0,0.0,0.0
2.9879637,-9.385271,0.40222588,0.0,0.0,0.0,0.0,0.0,0.0
2.9879637,-9.385271,0.40222588,0.0,0.0,0.0,0.0,0.0,0.0
2.9783869,-9.404425,0.39264908,0.0,0.0,0.0,0.0,0.0,0.0
2.9783869,-9.404425,0.39264908,0.0,0.0,0.0,0.0,0.0,0.0
2.9975405,-9.385271,0.39264908,0.0,0.0,0.0,0.0,0.0,0.0
2.9975405,-9.385271,0.39264908,0.0,0.0,0.0,0.0,0.0,0.0
2.9879637,-9.404425,0.4309563,0.0,0.0,0.0,0.0,0.0,0.0
2.9879637,-9.404425,0.4309563,0.0,0.0,0.0,0.0,0.0,0.0
2.9975405,-9.375694,0.40222588,0.0,0.0,0.0,0.0,0.0,0.0
2.9975405,-9.375694,0.40222588,0.0,0.0,0.0,0.0,0.0,0.0
2.9783869,-9.404425,0.39264908,0.0,0.0,0.0,0.0,0.0,0.0
2.96881,-9.385271,0.40222588,0.0,0.0,0.0,0.0,0.0,0.0
2.96881,-9.385271,0.40222588,0.0,0.0,0.0,0.0,0.0,0.0
2.9783869,-9.394848,0.41180268,0.0,0.0,0.0,0.0,0.0,0.0
2.9783869,-9.394848,0.41180268,0.0,0.0,0.0,0.0,0.0,0.0
3.0071173,-9.404425,0.39264908,0.0,0.0,0.0,0.0,0.0,0.0
3.0071173,-9.404425,0.39264908,0.0,0.0,0.0,0.0,0.0,0.0
2.9975405,-9.394848,0.40222588,0.0,0.0,0.0,0.0,0.0,0.0
2.9975405,-9.394848,0.40222588,0.0,0.0,0.0,0.0,0.0,0.0
2.9783869,-9.385271,0.40222588,0.0,0.0,0.0,0.0,0.0,0.0
2.9783869,-9.385271,0.40222588,0.0,0.0,0.0,0.0,0.0,0.0
2.9975405,-9.394848,0.39264908,0.0,0.0,0.0,0.0,0.0,0.0
2.9975405,-9.394848,0.39264908,0.0,0.0,0.0,0.0,0.0,0.0
2.9975405,-9.375694,0.39264908,0.0,0.0,0.0,0.0,0.0,0.0
2.9975405,-9.375694,0.39264908,0.0,0.0,0.0,0.0,0.0,0.0
2.9879637,-9.394848,0.4213795,0.0,0.0,0.0,0.0,0.0,0.0
2.9879637,-9.394848,0.4213795,0.0,0.0,0.0,0.0,0.0,0.0
2.9879637,-9.385271,0.41180268,0.0,0.0,0.0,0.0,0.0,0.0
2.9879637,-9.385271,0.41180268,0.0,0.0,0.0,0.0,0.0,0.0
2.9879637,-9.394848,0.39264908,0.0,0.0,0.0,0.0,0.0,0.0
2.9879637,-9.394848,0.39264908,0.0,0.0,0.0,0.0,0.0,0.0
2.9975405,-9.385271,0.39264908,0.0,0.0,0.0,0.0,0.0,0.0
2.9975405,-9.385271,0.39264908,0.0,0.0,0.0,0.0,0.0,0.0
2.96881,-9.394848,0.41180268,0.0,0.0,0.0,0.0,0.0,0.0
2.96881,-9.394848,0.41180268,0.0,0.0,0.0,0.0,0.0,0.0
2.9879637,-9.385271,0.39264908,0.0,0.0,0.0,0.0,0.0,0.0
2.9879637,-9.385271,0.39264908,0.0,0.0,0.0,0.0,0.0,0.0
2.9975405,-9.394848,0.40222588,0.0,0.0,0.0,0.0,0.0,0.0
2.9975405,-9.394848,0.40222588,0.0,0.0,0.0,0.0,0.0,0.0
2.9975405,-9.385271,0.41180268,0.0,0.0,0.0,0.0,0.0,0.0
2.9975405,-9.385271,0.41180268,0.0,0.0,0.0,0.0,0.0,0.0
2.9783869,-9.394848,0.4213795,0.0,0.0,0.0,0.0,0.0,0.0
2.9783869,-9.394848,0.4213795,0.0,0.0,0.0,0.0,0.0,0.0
2.9783869,-9.394848,0.4213795,0.0,0.0,0.0,0.0,0.0,0.0
2.9879637,-9.404425,0.38307226,0.0,0.0,0.0,0.0,0.0,0.0
2.9975405,-9.375694,0.41180268,0.0,0.0,0.0,0.0,0.0,0.0
2.9975405,-9.375694,0.41180268,0.0,0.0,0.0,0.0,0.0,0.0
2.9783869,-9.394848,0.4213795,0.0,0.0,0.0,0.0,0.0,0.0
2.9783869,-9.394848,0.4213795,0.0,0.0,0.0,0.0,0.0,0.0
2.9783869,-9.394848,0.41180268,0.0,0.0,0.0,0.0,0.0,0.0
2.9783869,-9.394848,0.41180268,0.0,0.0,0.0,0.0,0.0,0.0
2.9879637,-9.385271,0.37349546,0.0,0.0,0.0,0.0,0.0,0.0
2.9879637,-9.385271,0.37349546,0.0,0.0,0.0,0.0,0.0,0.0
2.9879637,-9.375694,0.29688102,0.0,0.0,0.0,0.0,0.0,0.0
2.9879637,-9.375694,0.29688102,0.0,0.0,0.0,0.0,0.0,0.0
2.9975405,-9.394848,0.37349546,0.0,0.0,0.0,0.0,0.0,0.0
2.9975405,-9.394848,0.37349546,0.0,0.0,0.0,0.0,0.0,0.0
2.9783869,-9.385271,0.40222588,0.0,0.0,0.0,0.0,0.0,0.0
2.9783869,-9.385271,0.40222588,0.0,0.0,0.0,0.0,0.0,0.0
2.9783869,-9.394848,0.39264908,0.0,0.0,0.0,0.0,0.0,0.0
2.9783869,-9.394848,0.39264908,0.0,0.0,0.0,0.0,0.0,0.0
2.9879637,-9.404425,0.39264908,0.0,0.0,0.0,0.0,0.0,0.0
2.9879637,-9.404425,0.39264908,0.0,0.0,0.0,0.0,0.0,0.0
2.9879637,-9.385271,0.41180268,0.0,0.0,0.0,0.0,0.0,0.0
2.9879637,-9.385271,0.41180268,0.0,0.0,0.0,0.0,0.0,0.0
2.96881,-9.394848,0.40222588,0.0,0.0,0.0,0.0,0.0,0.0
2.96881,-9.394848,0.40222588,0.0,0.0,0.0,0.0,0.0,0.0
2.9879637,-9.394848,0.37349546,0.0,0.0,0.0,0.0,0.0,0.0
2.9879637,-9.394848,0.37349546,0.0,0.0,0.0,0.0,0.0,0.0
2.9879637,-9.375694,0.37349546,0.0,0.0,0.0,0.0,0.0,0.0
2.9879637,-9.375694,0.37349546,0.0,0.0,0.0,0.0,0.0,0.0
2.9879637,-9.394848,0.40222588,0.0,0.0,0.0,0.0,0.0,0.0
2.9879637,-9.394848,0.40222588,0.0,0.0,0.0,0.0,0.0,0.0
2.9879637,-9.394848,0.36391866,0.0,0.0,0.0,0.0,0.0,0.0
2.9879637,-9.394848,0.36391866,0.0,0.0,0.0,0.0,0.0,0.0
2.96881,-9.394848,0.37349546,0.0,0.0,0.0,0.0,0.0,0.0
2.96881,-9.394848,0.37349546,0.0,0.0,0.0,0.0,0.0,0.0
2.9783869,-9.404425,0.4213795,0.0,0.0,0.0,0.0,0.0,0.0
2.9783869,-9.404425,0.4213795,0.0,0.0,0.0,0.0,0.0,0.0
3.0071173,-9.385271,0.4213795,0.0,0.0,0.0,0.0,0.0,0.0
3.0071173,-9.385271,0.4213795,0.0,0.0,0.0,0.0,0.0,0.0
2.9879637,-9.404425,0.38307226,0.0,0.0,0.0,0.0,0.0,0.0
2.9879637,-9.404425,0.38307226,0.0,0.0,0.0,0.0,0.0,0.0
2.9783869,-9.385271,0.40222588,0.0,0.0,0.0,0.0,0.0,0.0
2.9783869,-9.385271,0.40222588,0.0,0.0,0.0,0.0,0.0,0.0
2.9975405,-9.394848,0.41180268,0.0,0.0,0.0,0.0,0.0,0.0
2.9879637,-9.385271,0.4213795,0.0,0.0,0.0,0.0,0.0,0.0
2.9879637,-9.385271,0.4213795,0.0,0.0,0.0,0.0,0.0,0.0
2.9783869,-9.404425,0.40222588,0.0,0.0,0.0,0.0,0.0,0.0
2.9783869,-9.404425,0.40222588,0.0,0.0,0.0,0.0,0.0,0.0
2.9879637,-9.394848,0.39264908,0.0,0.0,0.0,0.0,0.0,0.0
2.9879637,-9.394848,0.39264908,0.0,0.0,0.0,0.0,0.0,0.0
2.9783869,-9.385271,0.40222588,0.0,0.0,0.0,0.0,0.0,0.0
2.9783869,-9.385271,0.40222588,0.0,0.0,0.0,0.0,0.0,0.0
2.9783869,-9.394848,0.38307226,0.0,0.0,0.0,0.0,0.0,0.0
2.9783869,-9.394848,0.38307226,0.0,0.0,0.0,0.0,0.0,0.0
2.9879637,-9.394848,0.38307226,0.0,0.0,0.0,0.0,0.0,0.0
2.9879637,-9.394848,0.38307226,0.0,0.0,0.0,0.0,0.0,0.0
2.9783869,-9.375694,0.4213795,0.0,0.0,0.0,0.0,0.0,0.0
2.9783869,-9.375694,0.4213795,0.0,0.0,0.0,0.0,0.0,0.0
2.9879637,-9.394848,0.41180268,0.0,0.0,0.0,0.0,0.0,0.0
2.9879637,-9.394848,0.41180268,0.0,0.0,0.0,0.0,0.0,0.0
2.9879637,-9.385271,0.39264908,0.0,0.0,0.0,0.0,0.0,0.0
2.9879637,-9.385271,0.39264908,0.0,0.0,0.0,0.0,0.0,0.0
2.9783869,-9.385271,0.41180268,0.0,0.0,0.0,0.0,0.0,0.0
2.9783869,-9.385271,0.41180268,0.0,0.0,0.0,0.0,0.0,0.0
2.9879637,-9.385271,0.40222588,0.0,0.0,0.0,0.0,0.0,0.0
2.9879637,-9.385271,0.40222588,0.0,0.0,0.0,0.0,0.0,0.0
2.9783869,-9.394848,0.39264908,0.0,0.0,0.0,0.0,0.0,0.0
2.9783869,-9.394848,0.39264908,0.0,0.0,0.0,0.0,0.0,0.0
2.9879637,-9.385271,0.39264908,0.0,0.0,0.0,0.0,0.0,0.0
2.9879637,-9.385271,0.39264908,0.0,0.0,0.0,0.0,0.0,0.0
2.9783869,-9.394848,0.4213795,0.0,0.0,0.0,0.0,0.0,0.0
2.9783869,-9.394848,0.4213795,0.0,0.0,0.0,0.0,0.0,0.0
2.9783869,-9.375694,0.41180268,0.0,0.0,0.0,0.0,0.0,0.0
2.9783869,-9.375694,0.41180268,0.0,0.0,0.0,0.0,0.0,0.0
2.9975405,-9.385271,0.40222588,0.0,0.0,0.0,0.0,0.0,0.0
2.9975405,-9.385271,0.40222588,0.0,0.0,0.0,0.0,0.0,0.0
2.9879637,-9.394848,0.41180268,0.0,0.0,0.0,0.0,0.0,0.0
2.9879637,-9.394848,0.41180268,0.0,0.0,0.0,0.0,0.0,0.0
2.9783869,-9.394848,0.39264908,0.0,0.0,0.0,0.0,0.0,0.0
2.9783869,-9.394848,0.39264908,0.0,0.0,0.0,0.0,0.0,0.0
2.9879637,-9.385271,0.39264908,0.0,0.0,0.0,0.0,0.0,0.0
2.9879637,-9.385271,0.39264908,0.0,0.0,0.0,0.0,0.0,0.0
2.9783869,-9.385271,0.40222588,0.0,0.0,0.0,0.0,0.0,0.0
2.9783869,-9.385271,0.40222588,0.0,0.0,0.0,0.0,0.0,0.0
2.9879637,-9.394848,0.40222588,0.0,0.0,0.0,0.0,0.0,0.0
2.9879637,-9.394848,0.40222588,0.0,0.0,0.0,0.0,0.0,0.0
2.9879637,-9.375694,0.41180268,0.0,0.0,0.0,0.0,0.0,0.0
2.9879637,-9.375694,0.41180268,0.0,0.0,0.0,0.0,0.0,0.0
2.9783869,-9.394848,0.38307226,0.0,0.0,0.0,0.0,0.0,0.0
2.9783869,-9.394848,0.38307226,0.0,0.0,0.0,0.0,0.0,0.0
2.9975405,-9.414001,0.38307226,0.0,0.0,0.0,0.0,0.0,0.0
2.9975405,-9.414001,0.38307226,0.0,0.0,0.0,0.0,0.0,0.0
2.9975405,-9.414001,0.40222588,0.0,0.0,0.0,0.0,0.0,0.0
2.9975405,-9.414001,0.40222588,0.0,0.0,0.0,0.0,0.0,0.0
2.9879637,-9.414001,0.38307226,0.0,0.0,0.0,0.0,0.0,0.0
2.9879637,-9.414001,0.38307226,0.0,0.0,0.0,0.0,0.0,0.0
2.9975405,-9.394848,0.4213795,0.0,0.0,0.0,0.0,0.0,0.0
2.9975405,-9.394848,0.4213795,0.0,0.0,0.0,0.0,0.0,0.0
2.9783869,-9.385271,0.40222588,0.0,0.0,0.0,0.0,0.0,0.0
2.9783869,-9.385271,0.40222588,0.0,0.0,0.0,0.0,0.0,0.0
2.9975405,-9.394848,0.40222588,0.0,0.0,0.0,0.0,0.0,0.0
2.9975405,-9.394848,0.40222588,0.0,0.0,0.0,0.0,0.0,0.0
2.9879637,-9.394848,0.39264908,0.0,0.0,0.0,0.0,0.0,0.0
2.9879637,-9.394848,0.39264908,0.0,0.0,0.0,0.0,0.0,0.0
2.9783869,-9.375694,0.39264908,0.0,0.0,0.0,0.0,0.0,0.0
2.9783869,-9.375694,0.39264908,0.0,0.0,0.0,0.0,0.0,0.0
2.9975405,-9.375694,0.39264908,0.0,0.0,0.0,0.0,0.0,0.0
2.9975405,-9.375694,0.39264908,0.0,0.0,0.0,0.0,0.0,0.0
2.9783869,-9.394848,0.38307226,0.0,0.0,0.0,0.0,0.0,0.0
2.9783869,-9.394848,0.38307226,0.0,0.0,0.0,0.0,0.0,0.0
2.9783869,-9.385271,0.39264908,0.0,0.0,0.0,0.0,0.0,0.0
2.9783869,-9.385271,0.39264908,0.0,0.0,0.0,0.0,0.0,0.0
2.9879637,-9.394848,0.39264908,0.0,0.0,0.0,0.0,0.0,0.0
2.9879637,-9.394848,0.39264908,0.0,0.0,0.0,0.0,0.0,0.0
2.9783869,-9.394848,0.40222588,0.0,0.0,0.0,0.0,0.0,0.0
2.9975405,-9.385271,0.38307226,0.0,0.0,0.0,0.0,0.0,0.0
2.9975405,-9.385271,0.38307226,0.0,0.0,0.0,0.0,0.0,0.0
2.9975405,-9.385271,0.41180268,0.0,0.0,0.0,0.0,0.0,0.0
2.9975405,-9.385271,0.41180268,0.0,0.0,0.0,0.0,0.0,0.0
3.0071173,-9.385271,0.39264908,0.0,0.0,0.0,0.0,0.0,0.0
3.0071173,-9.385271,0.39264908,0.0,0.0,0.0,0.0,0.0,0.0
2.9783869,-9.394848,0.38307226,0.0,0.0,0.0,0.0,0.0,0.0
2.9783869,-9.394848,0.38307226,0.0,0.0,0.0,0.0,0.0,0.0
2.9879637,-9.385271,0.39264908,0.0,0.0,0.0,0.0,0.0,0.0
2.9879637,-9.385271,0.39264908,0.0,0.0,0.0,0.0,0.0,0.0
2.9879637,-9.385271,0.40222588,0.0,0.0,0.0,0.0,0.0,0.0
2.9879637,-9.385271,0.40222588,0.0,0.0,0.0,0.0,0.0,0.0
2.9879637,-9.394848,0.38307226,0.0,0.0,0.0,0.0,0.0,0.0
2.9879637,-9.394848,0.38307226,0.0,0.0,0.0,0.0,0.0,0.0
2.9879637,-9.385271,0.39264908,0.0,0.0,0.0,0.0,0.0,0.0
2.9879637,-9.385271,0.39264908,0.0,0.0,0.0,0.0,0.0,0.0
2.9783869,-9.404425,0.40222588,0.0,0.0,0.0,0.0,0.0,0.0
2.9783869,-9.404425,0.40222588,0.0,0.0,0.0,0.0,0.0,0.0
2.9783869,-9.394848,0.40222588,0.0,0.0,0.0,0.0,0.0,0.0
2.9783869,-9.394848,0.40222588,0.0,0.0,0.0,0.0,0.0,0.0
2.9975405,-9.394848,0.39264908,0.0,0.0,0.0,0.0,0.0,0.0
2.9975405,-9.394848,0.39264908,0.0,0.0,0.0,0.0,0.0,0.0
2.9879637,-9.375694,0.39264908,0.0,0.0,0.0,0.0,0.0,0.0
2.9879637,-9.375694,0.39264908,0.0,0.0,0.0,0.0,0.0,0.0
2.9975405,-9.385271,0.41180268,0.0,0.0,0.0,0.0,0.0,0.0
2.9975405,-9.385271,0.41180268,0.0,0.0,0.0,0.0,0.0,0.0
2.9879637,-9.404425,0.37349546,0.0,0.0,0.0,0.0,0.0,0.0
2.9879637,-9.404425,0.37349546,0.0,0.0,0.0,0.0,0.0,0.0
2.9879637,-9.394848,0.38307226,0.0,0.0,0.0,0.0,0.0,0.0
2.9879637,-9.394848,0.38307226,0.0,0.0,0.0,0.0,0.0,0.0
2.9783869,-9.394848,0.40222588,0.0,0.0,0.0,0.0,0.0,0.0
2.9783869,-9.394848,0.40222588,0.0,0.0,0.0,0.0,0.0,0.0
2.9975405,-9.385271,0.36391866,0.0,0.0,0.0,0.0,0.0,0.0
2.9975405,-9.385271,0.36391866,0.0,0.0,0.0,0.0,0.0,0.0
2.9783869,-9.394848,0.39264908,0.0,0.0,0.0,0.0,0.0,0.0
2.9783869,-9.394848,0.39264908,0.0,0.0,0.0,0.0,0.0,0.0
2.9783869,-9.394848,0.40222588,0.0,0.0,0.0,0.0,0.0,0.0
2.9783869,-9.394848,0.40222588,0.0,0.0,0.0,0.0,0.0,0.0
2.9975405,-9.385271,0.40222588,0.0,0.0,0.0,0.0,0.0,0.0
2.9975405,-9.385271,0.40222588,0.0,0.0,0.0,0.0,0.0,0.0
2.96881,-9.394848,0.39264908,0.0,0.0,0.0,0.0,0.0,0.0
2.9783869,-9.385271,0.40222588,0.0,0.0,0.0,0.0,0.0,0.0
2.9783869,-9.385271,0.40222588,0.0,0.0,0.0,0.0,0.0,0.0
2.9975405,-9.404425,0.39264908,0.0,0.0,0.0,0.0,0.0,0.0
2.9975405,-9.404425,0.39264908,0.0,0.0,0.0,0.0,0.0,0.0
2.9975405,-9.414001,0.38307226,0.0,0.0,0.0,0.0,0.0,0.0
2.9975405,-9.414001,0.38307226,0.0,0.0,0.0,0.0,0.0,0.0
2.9975405,-9.385271,0.40222588,0.0,0.0,0.0,0.0,0.0,0.0
2.9975405,-9.385271,0.40222588,0.0,0.0,0.0,0.0,0.0,0.0
2.9879637,-9.385271,0.4309563,0.0,0.0,0.0,0.0,0.0,0.0
2.9879637,-9.385271,0.4309563,0.0,0.0,0.0,0.0,0.0,0.0
2.9879637,-9.385271,0.4309563,0.0,0.0,0.0,0.0,0.0,0.0
2.9879637,-9.385271,0.41180268,0.0,0.0,0.0,0.0,0.0,0.0
2.9975405,-9.414001,0.40222588,0.0,0.0,0.0,0.0,0.0,0.0
2.9975405,-9.414001,0.40222588,0.0,0.0,0.0,0.0,0.0,0.0
2.9879637,-9.375694,0.41180268,0.0,0.0,0.0,0.0,0.0,0.0
2.9879637,-9.375694,0.41180268,0.0,0.0,0.0,0.0,0.0,0.0
2.9879637,-9.385271,0.4405331,0.0,0.0,0.0,0.0,0.0,0.0
2.9879637,-9.385271,0.4405331,0.0,0.0,0.0,0.0,0.0,0.0
2.9879637,-9.394848,0.36391866,0.0,0.0,0.0,0.0,0.0,0.0
2.9879637,-9.394848,0.36391866,0.0,0.0,0.0,0.0,0.0,0.0
2.9879637,-9.385271,0.38307226,0.0,0.0,0.0,0.0,0.0,0.0
2.9879637,-9.385271,0.38307226,0.0,0.0,0.0,0.0,0.0,0.0
2.9879637,-9.385271,0.41180268,0.0,0.0,0.0,0.0,0.0,0.0
2.9879637,-9.385271,0.41180268,0.0,0.0,0.0,0.0,0.0,0.0
2.9975405,-9.404425,0.38307226,0.0,0.0,0.0,0.0,0.0,0.0
2.9975405,-9.404425,0.38307226,0.0,0.0,0.0,0.0,0.0,0.0
2.9879637,-9.375694,0.38307226,0.0,0.0,0.0,0.0,0.0,0.0
2.9879637,-9.375694,0.38307226,0.0,0.0,0.0,0.0,0.0,0.0
2.9879637,-9.404425,0.41180268,0.0,0.0,0.0,0.0,0.0,0.0
2.9879637,-9.404425,0.41180268,0.0,0.0,0.0,0.0,0.0,0.0
2.9879637,-9.414001,0.41180268,0.0,0.0,0.0,0.0,0.0,0.0
2.9879637,-9.414001,0.41180268,0.0,0.0,0.0,0.0,0.0,0.0
2.9879637,-9.394848,0.41180268,0.0,0.0,0.0,0.0,0.0,0.0
2.9879637,-9.394848,0.41180268,0.0,0.0,0.0,0.0,0.0,0.0
2.9783869,-9.394848,0.39264908,0.0,0.0,0.0,0.0,0.0,0.0
2.9783869,-9.394848,0.39264908,0.0,0.0,0.0,0.0,0.0,0.0
2.9783869,-9.394848,0.40222588,0.0,0.0,0.0,0.0,0.0,0.0
2.9783869,-9.394848,0.40222588,0.0,0.0,0.0,0.0,0.0,0.0
2.9975405,-9.394848,0.39264908,0.0,0.0,0.0,0.0,0.0,0.0
2.9975405,-9.394848,0.39264908,0.0,0.0,0.0,0.0,0.0,0.0
2.9879637,-9.394848,0.40222588,0.0,0.0,0.0,0.0,0.0,0.0
2.9879637,-9.394848,0.40222588,0.0,0.0,0.0,0.0,0.0,0.0
2.9879637,-9.404425,0.41180268,0.0,0.0,0.0,0.0,0.0,0.0
2.9879637,-9.404425,0.41180268,0.0,0.0,0.0,0.0,0.0,0.0
2.9879637,-9.375694,0.4213795,0.0,0.0,0.0,0.0,0.0,0.0
2.9879637,-9.375694,0.4213795,0.0,0.0,0.0,0.0,0.0,0.0
2.9879637,-9.394848,0.40222588,0.0,0.0,0.0,0.0,0.0,0.0
2.9879637,-9.394848,0.40222588,0.0,0.0,0.0,0.0,0.0,0.0
2.9879637,-9.394848,0.40222588,0.0,0.0,0.0,0.0,0.0,0.0
2.9879637,-9.394848,0.40222588,0.0,0.0,0.0,0.0,0.0,0.0
2.9879637,-9.394848,0.4213795,0.0,0.0,0.0,0.0,0.0,0.0
2.9879637,-9.394848,0.4213795,0.0,0.0,0.0,0.0,0.0,0.0
2.9975405,-9.385271,0.39264908,0.0,0.0,0.0,0.0,0.0,0.0
2.9975405,-9.385271,0.39264908,0.0,0.0,0.0,0.0,0.0,0.0
2.9975405,-9.385271,0.38307226,0.0,0.0,0.0,0.0,0.0,0.0
2.9975405,-9.385271,0.38307226,0.0,0.0,0.0,0.0,0.0,0.0
2.9879637,-9.385271,0.39264908,0.0,0.0,0.0,0.0,0.0,0.0
2.9879637,-9.385271,0.39264908,0.0,0.0,0.0,0.0,0.0,0.0
2.9783869,-9.404425,0.40222588,0.0,0.0,0.0,0.0,0.0,0.0
2.9783869,-9.404425,0.40222588,0.0,0.0,0.0,0.0,0.0,0.0
2.9975405,-9.394848,0.40222588,0.0,0.0,0.0,0.0,0.0,0.0
2.9975405,-9.394848,0.40222588,0.0,0.0,0.0,0.0,0.0,0.0
2.9879637,-9.385271,0.39264908,0.0,0.0,0.0,0.0,0.0,0.0
2.9879637,-9.385271,0.39264908,0.0,0.0,0.0,0.0,0.0,0.0
2.9879637,-9.394848,0.40222588,0.0,0.0,0.0,0.0,0.0,0.0
2.9879637,-9.394848,0.40222588,0.0,0.0,0.0,0.0,0.0,0.0
3.0071173,-9.394848,0.36391866,0.0,0.0,0.0,0.0,0.0,0.0
3.0071173,-9.394848,0.36391866,0.0,0.0,0.0,0.0,0.0,0.0
2.9783869,-9.385271,0.39264908,0.0,0.0,0.0,0.0,0.0,0.0
2.9783869,-9.385271,0.39264908,0.0,0.0,0.0,0.0,0.0,0.0
2.9975405,-9.404425,0.4309563,0.0,0.0,0.0,0.0,0.0,0.0
2.9975405,-9.404425,0.4309563,0.0,0.0,0.0,0.0,0.0,0.0
2.9975405,-9.385271,0.41180268,0.0,0.0,0.0,0.0,0.0,0.0
2.9975405,-9.385271,0.41180268,0.0,0.0,0.0,0.0,0.0,0.0
2.9879637,-9.385271,0.37349546,0.0,0.0,0.0,0.0,0.0,0.0
2.9879637,-9.385271,0.40222588,0.0,0.0,0.0,0.0,0.0,0.0
2.9879637,-9.385271,0.40222588,0.0,0.0,0.0,0.0,0.0,0.0
2.9879637,-9.404425,0.41180268,0.0,0.0,0.0,0.0,0.0,0.0
2.9879637,-9.404425,0.41180268,0.0,0.0,0.0,0.0,0.0,0.0
2.9592333,-9.385271,0.38307226,0.0,0.0,0.0,0.0,0.0,0.0
2.9592333,-9.385271,0.38307226,0.0,0.0,0.0,0.0,0.0,0.0
2.9975405,-9.394848,0.40222588,0.0,0.0,0.0,0.0,0.0,0.0
2.9975405,-9.394848,0.40222588,0.0,0.0,0.0,0.0,0.0,0.0
2.9783869,-9.394848,0.40222588,0.0,0.0,0.0,0.0,0.0,0.0
2.9783869,-9.394848,0.40222588,0.0,0.0,0.0,0.0,0.0,0.0
2.96881,-9.385271,0.39264908,0.0,0.0,0.0,0.0,0.0,0.0
2.96881,-9.385271,0.39264908,0.0,0.0,0.0,0.0,0.0,0.0
2.9879637,-9.375694,0.39264908,0.0,0.0,0.0,0.0,0.0,0.0
2.9879637,-9.375694,0.39264908,0.0,0.0,0.0,0.0,0.0,0.0
2.9879637,-9.414001,0.41180268,0.0,0.0,0.0,0.0,0.0,0.0
2.9879637,-9.414001,0.41180268,0.0,0.0,0.0,0.0,0.0,0.0
2.9879637,-9.385271,0.40222588,0.0,0.0,0.0,0.0,0.0,0.0
2.9879637,-9.385271,0.40222588,0.0,0.0,0.0,0.0,0.0,0.0
2.9783869,-9.394848,0.39264908,0.0,0.0,0.0,0.0,0.0,0.0
2.9783869,-9.394848,0.39264908,0.0,0.0,0.0,0.0,0.0,0.0
2.9975405,-9.375694,0.38307226,0.0,0.0,0.0,0.0,0.0,0.0
2.9975405,-9.375694,0.38307226,0.0,0.0,0.0,0.0,0.0,0.0
2.9879637,-9.404425,0.41180268,0.0,0.0,0.0,0.0,0.0,0.0
2.9879637,-9.404425,0.41180268,0.0,0.0,0.0,0.0,0.0,0.0
2.9879637,-9.394848,0.38307226,0.0,0.0,0.0,0.0,0.0,0.0
2.9783869,-9.394848,0.40222588,0.0,0.0,0.0,0.0,0.0,0.0
2.9783869,-9.394848,0.40222588,0.0,0.0,0.0,0.0,0.0,0.0
2.9879637,-9.385271,0.4309563,0.0,0.0,0.0,0.0,0.0,0.0
2.9879637,-9.385271,0.4309563,0.0,0.0,0.0,0.0,0.0,0.0
2.9975405,-9.394848,0.4213795,0.0,0.0,0.0,0.0,0.0,0.0
2.9975405,-9.394848,0.4213795,0.0,0.0,0.0,0.0,0.0,0.0
2.9975405,-9.385271,0.36391866,0.0,0.0,0.0,0.0,0.0,0.0
2.9975405,-9.385271,0.36391866,0.0,0.0,0.0,0.0,0.0,0.0
2.9879637,-9.404425,0.40222588,0.0,0.0,0.0,0.0,0.0,0.0
2.9879637,-9.404425,0.40222588,0.0,0.0,0.0,0.0,0.0,0.0
2.9975405,-9.385271,0.38307226,0.0,0.0,0.0,0.0,0.0,0.0
2.9975405,-9.385271,0.38307226,0.0,0.0,0.0,0.0,0.0,0.0
2.96881,-9.385271,0.40222588,0.0,0.0,0.0,0.0,0.0,0.0
2.96881,-9.385271,0.40222588,0.0,0.0,0.0,0.0,0.0,0.0
2.9975405,-9.375694,0.39264908,0.0,0.0,0.0,0.0,0.0,0.0
2.9975405,-9.375694,0.39264908,0.0,0.0,0.0,0.0,0.0,0.0
2.9975405,-9.404425,0.41180268,0.0,0.0,0.0,0.0,0.0,0.0
2.9975405,-9.404425,0.41180268,0.0,0.0,0.0,0.0,0.0,0.0
2.9783869,-9.385271,0.38307226,0.0,0.0,0.0,0.0,0.0,0.0
2.9783869,-9.385271,0.38307226,0.0,0.0,0.0,0.0,0.0,0.0
2.9975405,-9.404425,0.39264908,0.0,0.0,0.0,0.0,0.0,0.0
2.9975405,-9.404425,0.39264908,0.0,0.0,0.0,0.0,0.0,0.0
2.9975405,-9.404425,0.41180268,0.0,0.0,0.0,0.0,0.0,0.0
2.9975405,-9.404425,0.41180268,0.0,0.0,0.0,0.0,0.0,0.0
2.9783869,-9.414001,0.41180268,0.0,0.0,0.0,0.0,0.0,0.0
2.9783869,-9.414001,0.41180268,0.0,0.0,0.0,0.0,0.0,0.0
2.9975405,-9.385271,0.37349546,0.0,0.0,0.0,0.0,0.0,0.0
2.9975405,-9.385271,0.37349546,0.0,0.0,0.0,0.0,0.0,0.0
3.0071173,-9.394848,0.41180268,0.0,0.0,0.0,0.0,0.0,0.0
3.0071173,-9.394848,0.41180268,0.0,0.0,0.0,0.0,0.0,0.0
2.9975405,-9.385271,0.40222588,0.0,0.0,0.0,0.0,0.0,0.0
2.9975405,-9.385271,0.40222588,0.0,0.0,0.0,0.0,0.0,0.0
2.9879637,-9.385271,0.39264908,0.0,0.0,0.0,0.0,0.0,0.0
2.9879637,-9.385271,0.39264908,0.0,0.0,0.0,0.0,0.0,0.0
2.9975405,-9.404425,0.37349546,0.0,0.0,0.0,0.0,0.0,0.0
2.9975405,-9.404425,0.37349546,0.0,0.0,0.0,0.0,0.0,0.0
2.9783869,-9.394848,0.39264908,0.0,0.0,0.0,0.0,0.0,0.0
2.9783869,-9.394848,0.39264908,0.0,0.0,0.0,0.0,0.0,0.0
2.9975405,-9.385271,0.38307226,0.0,0.0,0.0,0.0,0.0,0.0
2.9975405,-9.385271,0.38307226,0.0,0.0,0.0,0.0,0.0,0.0
2.9975405,-9.385271,0.39264908,0.0,0.0,0.0,0.0,0.0,0.0
2.9975405,-9.385271,0.39264908,0.0,0.0,0.0,0.0,0.0,0.0
2.9975405,-9.385271,0.40222588,0.0,0.0,0.0,0.0,0.0,0.0
2.9975405,-9.385271,0.40222588,0.0,0.0,0.0,0.0,0.0,0.0
3.0071173,-9.385271,0.39264908,0.0,0.0,0.0,0.0,0.0,0.0
3.0071173,-9.385271,0.39264908,0.0,0.0,0.0,0.0,0.0,0.0
2.9879637,-9.375694,0.39264908,0.0,0.0,0.0,0.0,0.0,0.0
2.9879637,-9.375694,0.39264908,0.0,0.0,0.0,0.0,0.0,0.0
2.9879637,-9.385271,0.38307226,0.0,0.0,0.0,0.0,0.0,0.0
2.9975405,-9.404425,0.40222588,0.0,0.0,0.0,0.0,0.0,0.0
2.9975405,-9.404425,0.40222588,0.0,0.0,0.0,0.0,0.0,0.0
2.9879637,-9.394848,0.39264908,0.0,0.0,0.0,0.0,0.0,0.0
2.9879637,-9.394848,0.39264908,0.0,0.0,0.0,0.0,0.0,0.0
3.0071173,-9.394848,0.36391866,0.0,0.0,0.0,0.0,0.0,0.0
3.0071173,-9.394848,0.36391866,0.0,0.0,0.0,0.0,0.0,0.0
2.9879637,-9.404425,0.40222588,0.0,0.0,0.0,0.0,0.0,0.0
2.9879637,-9.404425,0.40222588,0.0,0.0,0.0,0.0,0.0,0.0
2.9879637,-9.404425,0.39264908,0.0,0.0,0.0,0.0,0.0,0.0
2.9879637,-9.404425,0.39264908,0.0,0.0,0.0,0.0,0.0,0.0
2.9975405,-9.3661175,0.39264908,0.0,0.0,0.0,0.0,0.0,0.0
2.9975405,-9.3661175,0.39264908,0.0,0.0,0.0,0.0,0.0,0.0
2.9879637,-9.423578,0.38307226,0.0,0.0,0.0,0.0,0.0,0.0
2.9879637,-9.423578,0.38307226,0.0,0.0,0.0,0.0,0.0,0.0
2.9975405,-9.385271,0.41180268,0.0,0.0,0.0,0.0,0.0,0.0
2.9975405,-9.385271,0.41180268,0.0,0.0,0.0,0.0,0.0,0.0
2.9975405,-9.394848,0.38307226,0.0,0.0,0.0,0.0,0.0,0.0
2.9975405,-9.394848,0.38307226,0.0,0.0,0.0,0.0,0.0,0.0
2.9975405,-9.385271,0.37349546,0.0,0.0,0.0,0.0,0.0,0.0
2.9975405,-9.385271,0.37349546,0.0,0.0,0.0,0.0,0.0,0.0
2.9975405,-9.375694,0.39264908,0.0,0.0,0.0,0.0,0.0,0.0
2.9975405,-9.375694,0.39264908,0.0,0.0,0.0,0.0,0.0,0.0
3.0071173,-9.385271,0.39264908,0.0,0.0,0.0,0.0,0.0,0.0
3.0071173,-9.385271,0.39264908,0.0,0.0,0.0,0.0,0.0,0.0
2.9975405,-9.404425,0.38307226,0.0,0.0,0.0,0.0,0.0,0.0
2.9975405,-9.404425,0.38307226,0.0,0.0,0.0,0.0,0.0,0.0
2.9879637,-9.385271,0.38307226,0.0,0.0,0.0,0.0,0.0,0.0
2.9879637,-9.385271,0.38307226,0.0,0.0,0.0,0.0,0.0,0.0
2.9975405,-9.394848,0.37349546,0.0,0.0,0.0,0.0,0.0,0.0
2.9975405,-9.394848,0.37349546,0.0,0.0,0.0,0.0,0.0,0.0
2.9879637,-9.385271,0.35434186,0.0,0.0,0.0,0.0,0.0,0.0
2.9879637,-9.385271,0.35434186,0.0,0.0,0.0,0.0,0.0,0.0
2.9879637,-9.414001,0.37349546,0.0,0.0,0.0,0.0,0.0,0.0
2.9879637,-9.414001,0.37349546,0.0,0.0,0.0,0.0,0.0,0.0
2.9879637,-9.385271,0.38307226,0.0,0.0,0.0,0.0,0.0,0.0
2.9879637,-9.385271,0.38307226,0.0,0.0,0.0,0.0,0.0,0.0
2.9975405,-9.404425,0.35434186,0.0,0.0,0.0,0.0,0.0,0.0
2.9975405,-9.404425,0.35434186,0.0,0.0,0.0,0.0,0.0,0.0
3.0071173,-9.3661175,0.37349546,0.0,0.0,0.0,0.0,0.0,0.0
3.0071173,-9.404425,0.38307226,0.0,0.0,0.0,0.0,0.0,0.0
3.0071173,-9.404425,0.38307226,0.0,0.0,0.0,0.0,0.0,0.0
2.9879637,-9.375694,0.40222588,0.0,0.0,0.0,0.0,0.0,0.0
2.9879637,-9.375694,0.40222588,0.0,0.0,0.0,0.0,0.0,0.0
2.9975405,-9.385271,0.37349546,0.0,0.0,0.0,0.0,0.0,0.0
2.9975405,-9.385271,0.37349546,0.0,0.0,0.0,0.0,0.0,0.0
2.9879637,-9.375694,0.36391866,0.0,0.0,0.0,0.0,0.0,0.0
2.9879637,-9.375694,0.36391866,0.0,0.0,0.0,0.0,0.0,0.0
2.9975405,-9.385271,0.38307226,0.0,0.0,0.0,0.0,0.0,0.0
2.9975405,-9.385271,0.38307226,0.0,0.0,0.0,0.0,0.0,0.0
2.9975405,-9.375694,0.24899697,0.0,0.0,0.0,0.0,0.0,0.0
2.9975405,-9.375694,0.24899697,0.0,0.0,0.0,0.0,0.0,0.0
2.9975405,-9.404425,0.1340753,0.0,0.0,0.0,0.0,0.0,0.0
2.9975405,-9.404425,0.1340753,0.0,0.0,0.0,0.0,0.0,0.0
2.9975405,-9.404425,0.1340753,0.0,0.0,0.0,0.0,0.0,0.0
2.9879637,-9.385271,0.047884032,0.0,0.0,0.0,0.0,0.0,0.0
2.9879637,-9.385271,0.047884032,0.0,0.0,0.0,0.0,0.0,0.0
2.9879637,-9.385271,0.047884032,0.0,0.0,0.0,0.0,0.0,0.0
2.9879637,-9.385271,0.047884032,0.0,0.0,0.0,0.0,0.0,0.0
2.9879637,-9.385271,0.047884032,0.0,0.0,0.0,0.0,0.0,0.0
2.9975405,-9.414001,0.038307227,0.0,0.0,0.0,0.0,0.0,0.0
2.9975405,-9.414001,0.038307227,0.0,0.0,0.0,0.0,0.0,0.0
2.9879637,-9.394848,0.02873042,0.0,0.0,0.0,0.0,0.0,0.0
2.9879637,-9.394848,0.02873042,0.0,0.0,0.0,0.0,0.0,0.0
2.9975405,-9.404425,0.02873042,0.0,0.0,0.0,0.0,0.0,0.0
2.9975405,-9.404425,0.02873042,0.0,0.0,0.0,0.0,0.0,0.0
2.9975405,-9.404425,0.038307227,0.0,0.0,0.0,0.0,0.0,0.0
2.9975405,-9.404425,0.038307227,0.0,0.0,0.0,0.0,0.0,0.0
3.0071173,-9.404425,0.02873042,0.0,0.0,0.0,0.0,0.0,0.0
3.0071173,-9.404425,0.02873042,0.0,0.0,0.0,0.0,0.0,0.0
3.0071173,-9.394848,0.038307227,0.0,0.0,0.0,0.0,0.0,0.0
3.0071173,-9.394848,0.038307227,0.0,0.0,0.0,0.0,0.0,0.0
2.9975405,-9.404425,0.038307227,0.0,0.0,0.0,0.0,0.0,0.0
2.9975405,-9.404425,0.038307227,0.0,0.0,0.0,0.0,0.0,0.0
2.9879637,-9.404425,0.06703765,0.0,0.0,0.0,0.0,0.0,0.0
3.0071173,-9.414001,0.06703765,0.0,0.0,0.0,0.0,0.0,0.0
3.0071173,-9.414001,0.06703765,0.0,0.0,0.0,0.0,0.0,0.0
3.0071173,-9.375694,0.06703765,0.0,0.0,0.0,0.0,0.0,0.0
3.0071173,-9.375694,0.06703765,0.0,0.0,0.0,0.0,0.0,0.0
2.9879637,-9.394848,0.08619126,0.0,0.0,0.0,0.0,0.0,0.0
2.9879637,-9.394848,0.08619126,0.0,0.0,0.0,0.0,0.0,0.0
2.9975405,-9.404425,0.076614454,0.0,0.0,0.0,0.0,0.0,0.0
2.9975405,-9.404425,0.076614454,0.0,0.0,0.0,0.0,0.0,0.0
2.9879637,-9.423578,0.076614454,0.0,0.0,0.0,0.0,0.0,0.0
2.9879637,-9.423578,0.076614454,0.0,0.0,0.0,0.0,0.0,0.0
3.0071173,-9.375694,0.08619126,0.0,0.0,0.0,0.0,0.0,0.0
3.0071173,-9.375694,0.08619126,0.0,0.0,0.0,0.0,0.0,0.0
2.9879637,-9.404425,0.08619126,0.0,0.0,0.0,0.0,0.0,0.0
2.9879637,-9.404425,0.08619126,0.0,0.0,0.0,0.0,0.0,0.0
2.9975405,-9.385271,0.095768064,0.0,0.0,0.0,0.0,0.0,0.0
2.9975405,-9.385271,0.095768064,0.0,0.0,0.0,0.0,0.0,0.0
2.9879637,-9.414001,0.11492168,0.0,0.0,0.0,0.0,0.0,0.0
2.9879637,-9.414001,0.11492168,0.0,0.0,0.0,0.0,0.0,0.0
2.9879637,-9.394848,0.10534488,0.0,0.0,0.0,0.0,0.0,0.0
2.9879637,-9.394848,0.10534488,0.0,0.0,0.0,0.0,0.0,0.0
2.9975405,-9.394848,0.10534488,0.0,0.0,0.0,0.0,0.0,0.0
2.9975405,-9.394848,0.10534488,0.0,0.0,0.0,0.0,0.0,0.0
3.0071173,-9.394848,0.12449849,0.0,0.0,0.0,0.0,0.0,0.0
3.0071173,-9.394848,0.12449849,0.0,0.0,0.0,0.0,0.0,0.0
3.0071173,-9.404425,0.10534488,0.0,0.0,0.0,0.0,0.0,0.0
3.016694,-9.414001,0.11492168,0.0,0.0,0.0,0.0,0.0,0.0
3.016694,-9.414001,0.11492168,0.0,0.0,0.0,0.0,0.0,0.0
3.0071173,-9.414001,0.12449849,0.0,0.0,0.0,0.0,0.0,0.0
3.0071173,-9.414001,0.12449849,0.0,0.0,0.0,0.0,0.0,0.0
3.0071173,-9.404425,0.12449849,0.0,0.0,0.0,0.0,0.0,0.0
3.0071173,-9.404425,0.12449849,0.0,0.0,0.0,0.0,0.0,0.0
3.0071173,-9.404425,0.12449849,0.0,0.0,0.0,0.0,0.0,0.0
2.9975405,-9.404425,0.1436521,0.0,0.0,0.0,0.0,0.0,0.0
2.9975405,-9.404425,0.1436521,0.0,0.0,0.0,0.0,0.0,0.0
3.0071173,-9.394848,0.12449849,0.0,0.0,0.0,0.0,0.0,0.0
3.0071173,-9.394848,0.12449849,0.0,0.0,0.0,0.0,0.0,0.0
2.9975405,-9.414001,0.12449849,0.0,0.0,0.0,0.0,0.0,0.0
2.9975405,-9.414001,0.12449849,0.0,0.0,0.0,0.0,0.0,0.0
2.9879637,-9.385271,0.1436521,0.0,0.0,0.0,0.0,0.0,0.0
2.9879637,-9.385271,0.1436521,0.0,0.0,0.0,0.0,0.0,0.0
2.9975405,-9.394848,0.1436521,0.0,0.0,0.0,0.0,0.0,0.0
2.9975405,-9.394848,0.1436521,0.0,0.0,0.0,0.0,0.0,0.0
3.0071173,-9.394848,0.15322891,0.0,0.0,0.0,0.0,0.0,0.0
3.0071173,-9.394848,0.15322891,0.0,0.0,0.0,0.0,0.0,0.0
2.9975405,-9.404425,0.16280572,0.0,0.0,0.0,0.0,0.0,0.0
2.9975405,-9.404425,0.16280572,0.0,0.0,0.0,0.0,0.0,0.0
3.0071173,-9.394848,0.16280572,0.0,0.0,0.0,0.0,0.0,0.0
3.0071173,-9.394848,0.16280572,0.0,0.0,0.0,0.0,0.0,0.0
3.0071173,-9.404425,0.15322891,0.0,0.0,0.0,0.0,0.0,0.0
3.0071173,-9.404425,0.15322891,0.0,0.0,0.0,0.0,0.0,0.0
3.0071173,-9.394848,0.15322891,0.0,0.0,0.0,0.0,0.0,0.0
3.0071173,-9.394848,0.15322891,0.0,0.0,0.0,0.0,0.0,0.0
2.9879637,-9.404425,0.15322891,0.0,0.0,0.0,0.0,0.0,0.0
2.9879637,-9.404425,0.15322891,0.0,0.0,0.0,0.0,0.0,0.0
3.0071173,-9.375694,0.15322891,0.0,0.0,0.0,0.0,0.0,0.0
3.0071173,-9.375694,0.15322891,0.0,0.0,0.0,0.0,0.0,0.0
2.9975405,-9.414001,0.16280572,0.0,0.0,0.0,0.0,0.0,0.0
2.9975405,-9.414001,0.16280572,0.0,0.0,0.0,0.0,0.0,0.0
2.9975405,-9.394848,0.15322891,0.0,0.0,0.0,0.0,0.0,0.0
2.9975405,-9.394848,0.15322891,0.0,0.0,0.0,0.0,0.0,0.0
2.9975405,-9.404425,0.18195933,0.0,0.0,0.0,0.0,0.0,0.0
2.9975405,-9.404425,0.18195933,0.0,0.0,0.0,0.0,0.0,0.0
2.9975405,-9.375694,0.18195933,0.0,0.0,0.0,0.0,0.0,0.0
2.9975405,-9.375694,0.18195933,0.0,0.0,0.0,0.0,0.0,0.0
3.016694,-9.394848,0.18195933,0.0,0.0,0.0,0.0,0.0,0.0
2.9975405,-9.404425,0.18195933,0.0,0.0,0.0,0.0,0.0,0.0
2.9975405,-9.404425,0.18195933,0.0,0.0,0.0,0.0,0.0,0.0
3.0071173,-9.394848,0.19153613,0.0,0.0,0.0,0.0,0.0,0.0
3.0071173,-9.394848,0.19153613,0.0,0.0,0.0,0.0,0.0,0.0
3.0071173,-9.394848,0.19153613,0.0,0.0,0.0,0.0,0.0,0.0
3.0071173,-9.394848,0.19153613,0.0,0.0,0.0,0.0,0.0,0.0
3.0071173,-9.394848,0.19153613,0.0,0.0,0.0,0.0,0.0,0.0
3.0071173,-9.404425,0.19153613,0.0,0.0,0.0,0.0,0.0,0.0
3.0071173,-9.385271,0.17238252,0.0,0.0,0.0,0.0,0.0,0.0
3.0071173,-9.385271,0.17238252,0.0,0.0,0.0,0.0,0.0,0.0
3.0071173,-9.404425,0.17238252,0.0,0.0,0.0,0.0,0.0,0.0
3.0071173,-9.404425,0.17238252,0.0,0.0,0.0,0.0,0.0,0.0
3.0071173,-9.404425,0.17238252,0.0,0.0,0.0,0.0,0.0,0.0
2.9975405,-9.394848,0.20111294,0.0,0.0,0.0,0.0,0.0,0.0
3.016694,-9.414001,0.16280572,0.0,0.0,0.0,0.0,0.0,0.0
3.016694,-9.414001,0.16280572,0.0,0.0,0.0,0.0,0.0,0.0
3.016694,-9.394848,0.19153613,0.0,0.0,0.0,0.0,0.0,0.0
3.016694,-9.394848,0.19153613,0.0,0.0,0.0,0.0,0.0,0.0
2.9975405,-9.394848,0.18195933,0.0,0.0,0.0,0.0,0.0,0.0
2.9975405,-9.394848,0.18195933,0.0,0.0,0.0,0.0,0.0,0.0
3.0071173,-9.385271,0.17238252,0.0,0.0,0.0,0.0,0.0,0.0
3.0071173,-9.385271,0.17238252,0.0,0.0,0.0,0.0,0.0,0.0
3.016694,-9.404425,0.20111294,0.0,0.0,0.0,0.0,0.0,0.0
3.016694,-9.404425,0.20111294,0.0,0.0,0.0,0.0,0.0,0.0
3.0071173,-9.394848,0.19153613,0.0,0.0,0.0,0.0,0.0,0.0
3.0071173,-9.394848,0.19153613,0.0,0.0,0.0,0.0,0.0,0.0
2.9975405,-9.394848,0.21068975,0.0,0.0,0.0,0.0,0.0,0.0
2.9975405,-9.394848,0.21068975,0.0,0.0,0.0,0.0,0.0,0.0
3.0071173,-9.394848,0.20111294,0.0,0.0,0.0,0.0,0.0,0.0
3.0071173,-9.394848,0.20111294,0.0,0.0,0.0,0.0,0.0,0.0
2.9975405,-9.394848,0.21068975,0.0,0.0,0.0,0.0,0.0,0.0
2.9975405,-9.394848,0.21068975,0.0,0.0,0.0,0.0,0.0,0.0
3.0071173,-9.414001,0.20111294,0.0,0.0,0.0,0.0,0.0,0.0
3.0071173,-9.414001,0.20111294,0.0,0.0,0.0,0.0,0.0,0.0
3.016694,-9.394848,0.18195933,0.0,0.0,0.0,0.0,0.0,0.0
3.016694,-9.394848,0.18195933,0.0,0.0,0.0,0.0,0.0,0.0
2.9975405,-9.375694,0.4309563,0.0,0.0,0.0,0.0,0.0,0.0
2.9975405,-9.375694,0.4309563,0.0,0.0,0.0,0.0,0.0,0.0
2.9975405,-9.394848,0.49799395,0.0,0.0,0.0,0.0,0.0,0.0
2.9975405,-9.394848,0.49799395,0.0,0.0,0.0,0.0,0.0,0.0
3.0071173,-9.385271,0.5267244,0.0,0.0,0.0,0.0,0.0,0.0
3.0071173,-9.385271,0.5267244,0.0,0.0,0.0,0.0,0.0,0.0
2.9879637,-9.3661175,0.5363012,0.0,0.0,0.0,0.0,0.0,0.0
2.9879637,-9.3661175,0.5363012,0.0,0.0,0.0,0.0,0.0,0.0
3.016694,-9.404425,0.5650316,0.0,0.0,0.0,0.0,0.0,0.0
3.016694,-9.404425,0.5650316,0.0,0.0,0.0,0.0,0.0,0.0
3.0071173,-9.394848,0.5650316,0.0,0.0,0.0,0.0,0.0,0.0
3.0071173,-9.394848,0.5650316,0.0,0.0,0.0,0.0,0.0,0.0
2.9975405,-9.394848,0.5554548,0.0,0.0,0.0,0.0,0.0,0.0
2.9975405,-9.394848,0.5554548,0.0,0.0,0.0,0.0,0.0,0.0
3.0071173,-9.394848,0.58418524,0.0,0.0,0.0,0.0,0.0,0.0
3.0071173,-9.394848,0.58418524,0.0,0.0,0.0,0.0,0.0,0.0
3.0071173,-9.394848,0.5650316,0.0,0.0,0.0,0.0,0.0,0.0
3.0071173,-9.394848,0.5650316,0.0,0.0,0.0,0.0,0.0,0.0
3.0071173,-9.385271,0.4405331,0.0,0.0,0.0,0.0,0.0,0.0
3.0071173,-9.385271,0.4405331,0.0,0.0,0.0,0.0,0.0,0.0
3.016694,-9.394848,0.40222588,0.0,0.0,0.0,0.0,0.0,0.0
3.016694,-9.394848,0.40222588,0.0,0.0,0.0,0.0,0.0,0.0
2.9975405,-9.3661175,0.51714754,0.0,0.0,0.0,0.0,0.0,0.0
3.0071173,-9.394848,0.5363012,0.0,0.0,0.0,0.0,0.0,0.0
3.0071173,-9.394848,0.5363012,0.0,0.0,0.0,0.0,0.0,0.0
3.0071173,-9.394848,0.5363012,0.0,0.0,0.0,0.0,0.0,0.0
3.0071173,-9.385271,0.51714754,0.0,0.0,0.0,0.0,0.0,0.0
2.9879637,-9.385271,0.5267244,0.0,0.0,0.0,0.0,0.0,0.0
2.9879637,-9.385271,0.5267244,0.0,0.0,0.0,0.0,0.0,0.0
2.9975405,-9.375694,0.5267244,0.0,0.0,0.0,0.0,0.0,0.0
2.9975405,-9.375694,0.5267244,0.0,0.0,0.0,0.0,0.0,0.0
3.0071173,-9.394848,0.51714754,0.0,0.0,0.0,0.0,0.0,0.0
3.0071173,-9.394848,0.51714754,0.0,0.0,0.0,0.0,0.0,0.0
3.016694,-9.375694,0.49799395,0.0,0.0,0.0,0.0,0.0,0.0
3.016694,-9.375694,0.49799395,0.0,0.0,0.0,0.0,0.0,0.0
3.0071173,-9.394848,0.50757074,0.0,0.0,0.0,0.0,0.0,0.0
3.0071173,-9.394848,0.50757074,0.0,0.0,0.0,0.0,0.0,0.0
3.0071173,-9.394848,0.51714754,0.0,0.0,0.0,0.0,0.0,0.0
3.0071173,-9.394848,0.51714754,0.0,0.0,0.0,0.0,0.0,0.0
3.0071173,-9.385271,0.50757074,0.0,0.0,0.0,0.0,0.0,0.0
3.0071173,-9.385271,0.50757074,0.0,0.0,0.0,0.0,0.0,0.0
3.016694,-9.385271,0.49799395,0.0,0.0,0.0,0.0,0.0,0.0
3.016694,-9.385271,0.49799395,0.0,0.0,0.0,0.0,0.0,0.0
3.0071173,-9.394848,0.49799395,0.0,0.0,0.0,0.0,0.0,0.0
3.0071173,-9.394848,0.49799395,0.0,0.0,0.0,0.0,0.0,0.0
3.0071173,-9.375694,0.49799395,0.0,0.0,0.0,0.0,0.0,0.0
3.0071173,-9.375694,0.49799395,0.0,0.0,0.0,0.0,0.0,0.0
2.9975405,-9.394848,0.48841715,0.0,0.0,0.0,0.0,0.0,0.0
2.9975405,-9.394848,0.48841715,0.0,0.0,0.0,0.0,0.0,0.0
2.9975405,-9.394848,0.48841715,0.0,0.0,0.0,0.0,0.0,0.0
2.9975405,-9.385271,0.48841715,0.0,0.0,0.0,0.0,0.0,0.0
3.0071173,-9.404425,0.48841715,0.0,0.0,0.0,0.0,0.0,0.0
3.0071173,-9.404425,0.48841715,0.0,0.0,0.0,0.0,0.0,0.0
2.9975405,-9.385271,0.45968673,0.0,0.0,0.0,0.0,0.0,0.0
2.9975405,-9.385271,0.45968673,0.0,0.0,0.0,0.0,0.0,0.0
2.9975405,-9.394848,0.45010993,0.0,0.0,0.0,0.0,0.0,0.0
2.9975405,-9.394848,0.45010993,0.0,0.0,0.0,0.0,0.0,0.0
3.0071173,-9.375694,0.48841715,0.0,0.0,0.0,0.0,0.0,0.0
3.0071173,-9.375694,0.48841715,0.0,0.0,0.0,0.0,0.0,0.0
2.9879637,-9.414001,0.49799395,0.0,0.0,0.0,0.0,0.0,0.0
2.9879637,-9.414001,0.49799395,0.0,0.0,0.0,0.0,0.0,0.0
2.9975405,-9.385271,0.45968673,0.0,0.0,0.0,0.0,0.0,0.0
2.9975405,-9.385271,0.45968673,0.0,0.0,0.0,0.0,0.0,0.0
2.9879637,-9.375694,0.46926352,0.0,0.0,0.0,0.0,0.0,0.0
2.9879637,-9.375694,0.46926352,0.0,0.0,0.0,0.0,0.0,0.0
3.016694,-9.375694,0.46926352,0.0,0.0,0.0,0.0,0.0,0.0
3.016694,-9.375694,0.46926352,0.0,0.0,0.0,0.0,0.0,0.0
2.9975405,-9.385271,0.45968673,0.0,0.0,0.0,0.0,0.0,0.0
2.9975405,-9.385271,0.45968673,0.0,0.0,0.0,0.0,0.0,0.0
2.9975405,-9.385271,0.45968673,0.0,0.0,0.0,0.0,0.0,0.0
3.016694,-9.385271,0.45968673,0.0,0.0,0.0,0.0,0.0,0.0
3.0071173,-9.404425,0.45010993,0.0,0.0,0.0,0.0,0.0,0.0
3.0071173,-9.404425,0.45010993,0.0,0.0,0.0,0.0,0.0,0.0
3.0071173,-9.375694,0.45010993,0.0,0.0,0.0,0.0,0.0,0.0
3.0071173,-9.375694,0.45010993,0.0,0.0,0.0,0.0,0.0,0.0
3.0071173,-9.385271,0.4405331,0.0,0.0,0.0,0.0,0.0,0.0
3.0071173,-9.385271,0.4405331,0.0,0.0,0.0,0.0,0.0,0.0
3.0071173,-9.375694,0.4405331,0.0,0.0,0.0,0.0,0.0,0.0
3.0071173,-9.375694,0.4405331,0.0,0.0,0.0,0.0,0.0,0.0
3.0071173,-9.394848,0.46926352,0.0,0.0,0.0,0.0,0.0,0.0
3.0071173,-9.394848,0.46926352,0.0,0.0,0.0,0.0,0.0,0.0
2.9975405,-9.375694,0.4309563,0.0,0.0,0.0,0.0,0.0,0.0
2.9975405,-9.375694,0.4309563,0.0,0.0,0.0,0.0,0.0,0.0
2.9975405,-9.404425,0.4309563,0.0,0.0,0.0,0.0,0.0,0.0
2.9975405,-9.404425,0.4309563,0.0,0.0,0.0,0.0,0.0,0.0
3.016694,-9.385271,0.45010993,0.0,0.0,0.0,0.0,0.0,0.0
3.016694,-9.385271,0.45010993,0.0,0.0,0.0,0.0,0.0,0.0
3.016694,-9.394848,0.4213795,0.0,0.0,0.0,0.0,0.0,0.0
3.016694,-9.394848,0.4213795,0.0,0.0,0.0,0.0,0.0,0.0
3.016694,-9.385271,0.4213795,0.0,0.0,0.0,0.0,0.0,0.0
2.9975405,-9.375694,0.4405331,0.0,0.0,0.0,0.0,0.0,0.0
2.9975405,-9.375694,0.4405331,0.0,0.0,0.0,0.0,0.0,0.0
3.0071173,-9.394848,0.4309563,0.0,0.0,0.0,0.0,0.0,0.0
3.0071173,-9.394848,0.4309563,0.0,0.0,0.0,0.0,0.0,0.0
3.016694,-9.394848,0.4405331,0.0,0.0,0.0,0.0,0.0,0.0
3.016694,-9.394848,0.4405331,0.0,0.0,0.0,0.0,0.0,0.0
2.9783869,-9.385271,0.40222588,0.0,0.0,0.0,0.0,0.0,0.0
2.9783869,-9.385271,0.40222588,0.0,0.0,0.0,0.0,0.0,0.0
3.016694,-9.394848,0.4213795,0.0,0.0,0.0,0.0,0.0,0.0
3.016694,-9.394848,0.4213795,0.0,0.0,0.0,0.0,0.0,0.0
3.0071173,-9.385271,0.4309563,0.0,0.0,0.0,0.0,0.0,0.0
3.0071173,-9.385271,0.4309563,0.0,0.0,0.0,0.0,0.0,0.0
3.016694,-9.414001,0.39264908,0.0,0.0,0.0,0.0,0.0,0.0
3.016694,-9.414001,0.39264908,0.0,0.0,0.0,0.0,0.0,0.0
2.9975405,-9.404425,0.4309563,0.0,0.0,0.0,0.0,0.0,0.0
2.9975405,-9.404425,0.4309563,0.0,0.0,0.0,0.0,0.0,0.0
2.9975405,-9.385271,0.4309563,0.0,0.0,0.0,0.0,0.0,0.0
2.9975405,-9.385271,0.4309563,0.0,0.0,0.0,0.0,0.0,0.0
2.9879637,-9.3661175,0.41180268,0.0,0.0,0.0,0.0,0.0,0.0
2.9879637,-9.3661175,0.41180268,0.0,0.0,0.0,0.0,0.0,0.0
2.9783869,-9.394848,0.41180268,0.0,0.0,0.0,0.0,0.0,0.0
2.9783869,-9.394848,0.41180268,0.0,0.0,0.0,0.0,0.0,0.0
3.016694,-9.394848,0.4309563,0.0,0.0,0.0,0.0,0.0,0.0
3.016694,-9.394848,0.4309563,0.0,0.0,0.0,0.0,0.0,0.0
2.9975405,-9.404425,0.4405331,0.0,0.0,0.0,0.0,0.0,0.0
2.9975405,-9.404425,0.4405331,0.0,0.0,0.0,0.0,0.0,0.0
3.0071173,-9.375694,0.4213795,0.0,0.0,0.0,0.0,0.0,0.0
3.0071173,-9.375694,0.4213795,0.0,0.0,0.0,0.0,0.0,0.0
3.0071173,-9.394848,0.4213795,0.0,0.0,0.0,0.0,0.0,0.0
3.0071173,-9.394848,0.4213795,0.0,0.0,0.0,0.0,0.0,0.0
3.016694,-9.385271,0.41180268,0.0,0.0,0.0,0.0,0.0,0.0
3.016694,-9.385271,0.41180268,0.0,0.0,0.0,0.0,0.0,0.0
2.9975405,-9.375694,0.4213795,0.0,0.0,0.0,0.0,0.0,0.0
2.9975405,-9.375694,0.4213795,0.0,0.0,0.0,0.0,0.0,0.0
3.016694,-9.385271,0.41180268,0.0,0.0,0.0,0.0,0.0,0.0
3.016694,-9.385271,0.41180268,0.0,0.0,0.0,0.0,0.0,0.0
2.9975405,-9.394848,0.4309563,0.0,0.0,0.0,0.0,0.0,0.0
2.9975405,-9.394848,0.4309563,0.0,0.0,0.0,0.0,0.0,0.0
3.0071173,-9.385271,0.39264908,0.0,0.0,0.0,0.0,0.0,0.0
3.0071173,-9.385271,0.39264908,0.0,0.0,0.0,0.0,0.0,0.0
3.0071173,-9.394848,0.40222588,0.0,0.0,0.0,0.0,0.0,0.0
3.0071173,-9.394848,0.40222588,0.0,0.0,0.0,0.0,0.0,0.0
2.9975405,-9.385271,0.41180268,0.0,0.0,0.0,0.0,0.0,0.0
2.9975405,-9.385271,0.41180268,0.0,0.0,0.0,0.0,0.0,0.0
3.0071173,-9.404425,0.4213795,0.0,0.0,0.0,0.0,0.0,0.0
3.0071173,-9.404425,0.4213795,0.0,0.0,0.0,0.0,0.0,0.0
3.0262709,-9.394848,0.40222588,0.0,0.0,0.0,0.0,0.0,0.0
3.0262709,-9.394848,0.40222588,0.0,0.0,0.0,0.0,0.0,0.0
2.9975405,-9.394848,0.41180268,0.0,0.0,0.0,0.0,0.0,0.0
2.9975405,-9.394848,0.41180268,0.0,0.0,0.0,0.0,0.0,0.0
3.0071173,-9.385271,0.40222588,0.0,0.0,0.0,0.0,0.0,0.0
3.0071173,-9.385271,0.40222588,0.0,0.0,0.0,0.0,0.0,0.0
3.0071173,-9.394848,0.40222588,0.0,0.0,0.0,0.0,0.0,0.0
3.0071173,-9.394848,0.40222588,0.0,0.0,0.0,0.0,0.0,0.0
3.0071173,-9.394848,0.40222588,0.0,0.0,0.0,0.0,0.0,0.0
3.0071173,-9.394848,0.40222588,0.0,0.0,0.0,0.0,0.0,0.0
3.0071173,-9.414001,0.41180268,0.0,0.0,0.0,0.0,0.0,0.0
3.0071173,-9.414001,0.41180268,0.0,0.0,0.0,0.0,0.0,0.0
3.016694,-9.3661175,0.22984336,0.0,0.0,0.0,0.0,0.0,0.0
2.9975405,-9.385271,0.2777274,0.0,0.0,0.0,0.0,0.0,0.0
2.9975405,-9.385271,0.2777274,0.0,0.0,0.0,0.0,0.0,0.0
3.0071173,-9.385271,0.35434186,0.0,0.0,0.0,0.0,0.0,0.0
3.0071173,-9.385271,0.35434186,0.0,0.0,0.0,0.0,0.0,0.0
2.9975405,-9.385271,0.38307226,0.0,0.0,0.0,0.0,0.0,0.0
2.9975405,-9.385271,0.38307226,0.0,0.0,0.0,0.0,0.0,0.0
3.0071173,-9.394848,0.39264908,0.0,0.0,0.0,0.0,0.0,0.0
3.0071173,-9.394848,0.39264908,0.0,0.0,0.0,0.0,0.0,0.0
3.0262709,-9.375694,0.39264908,0.0,0.0,0.0,0.0,0.0,0.0
3.0262709,-9.375694,0.39264908,0.0,0.0,0.0,0.0,0.0,0.0
2.9879637,-9.375694,0.40222588,0.0,0.0,0.0,0.0,0.0,0.0
2.9879637,-9.375694,0.40222588,0.0,0.0,0.0,0.0,0.0,0.0
2.9975405,-9.3661175,0.39264908,0.0,0.0,0.0,0.0,0.0,0.0
2.9975405,-9.3661175,0.39264908,0.0,0.0,0.0,0.0,0.0,0.0
3.016694,-9.394848,0.37349546,0.0,0.0,0.0,0.0,0.0,0.0
3.016694,-9.394848,0.37349546,0.0,0.0,0.0,0.0,0.0,0.0
3.0071173,-9.385271,0.40222588,0.0,0.0,0.0,0.0,0.0,0.0
3.0071173,-9.385271,0.40222588,0.0,0.0,0.0,0.0,0.0,0.0
3.0071173,-9.394848,0.4213795,0.0,0.0,0.0,0.0,0.0,0.0
3.0071173,-9.394848,0.4213795,0.0,0.0,0.0,0.0,0.0,0.0
2.9975405,-9.385271,0.40222588,0.0,0.0,0.0,0.0,0.0,0.0
2.9975405,-9.385271,0.40222588,0.0,0.0,0.0,0.0,0.0,0.0
2.9879637,-9.394848,0.38307226,0.0,0.0,0.0,0.0,0.0,0.0
2.9879637,-9.394848,0.38307226,0.0,0.0,0.0,0.0,0.0,0.0
3.0071173,-9.414001,0.40222588,0.0,0.0,0.0,0.0,0.0,0.0
3.0071173,-9.414001,0.40222588,0.0,0.0,0.0,0.0,0.0,0.0
3.0071173,-9.385271,0.39264908,0.0,0.0,0.0,0.0,0.0,0.0
3.0071173,-9.385271,0.39264908,0.0,0.0,0.0,0.0,0.0,0.0
3.0071173,-9.385271,0.39264908,0.0,0.0,0.0,0.0,0.0,0.0
2.9879637,-9.414001,0.38307226,0.0,0.0,0.0,0.0,0.0,0.0
2.9879637,-9.414001,0.38307226,0.0,0.0,0.0,0.0,0.0,0.0
3.0071173,-9.3661175,0.39264908,0.0,0.0,0.0,0.0,0.0,0.0
3.0071173,-9.3661175,0.39264908,0.0,0.0,0.0,0.0,0.0,0.0
3.0071173,-9.404425,0.40222588,0.0,0.0,0.0,0.0,0.0,0.0
3.0071173,-9.404425,0.40222588,0.0,0.0,0.0,0.0,0.0,0.0
3.016694,-9.356541,0.39264908,0.0,0.0,0.0,0.0,0.0,0.0
3.016694,-9.356541,0.39264908,0.0,0.0,0.0,0.0,0.0,0.0
2.9975405,-9.414001,0.38307226,0.0,0.0,0.0,0.0,0.0,0.0
2.9975405,-9.414001,0.38307226,0.0,0.0,0.0,0.0,0.0,0.0
3.016694,-9.375694,0.39264908,0.0,0.0,0.0,0.0,0.0,0.0
3.016694,-9.375694,0.39264908,0.0,0.0,0.0,0.0,0.0,0.0
2.9975405,-9.404425,0.39264908,0.0,0.0,0.0,0.0,0.0,0.0
2.9975405,-9.404425,0.39264908,0.0,0.0,0.0,0.0,0.0,0.0
3.016694,-9.375694,0.36391866,0.0,0.0,0.0,0.0,0.0,0.0
2.9975405,-9.414001,0.41180268,0.0,0.0,0.0,0.0,0.0,0.0
2.9975405,-9.414001,0.41180268,0.0,0.0,0.0,0.0,0.0,0.0
3.0071173,-9.385271,0.40222588,0.0,0.0,0.0,0.0,0.0,0.0
3.0071173,-9.385271,0.40222588,0.0,0.0,0.0,0.0,0.0,0.0
2.9975405,-9.404425,0.37349546,0.0,0.0,0.0,0.0,0.0,0.0
2.9975405,-9.404425,0.37349546,0.0,0.0,0.0,0.0,0.0,0.0
2.9879637,-9.385271,0.36391866,0.0,0.0,0.0,0.0,0.0,0.0
2.9879637,-9.385271,0.36391866,0.0,0.0,0.0,0.0,0.0,0.0
3.0262709,-9.404425,0.39264908,0.0,0.0,0.0,0.0,0.0,0.0
3.0262709,-9.404425,0.39264908,0.0,0.0,0.0,0.0,0.0,0.0
3.016694,-9.404425,0.38307226,0.0,0.0,0.0,0.0,0.0,0.0
3.016694,-9.404425,0.38307226,0.0,0.0,0.0,0.0,0.0,0.0
2.9975405,-9.394848,0.38307226,0.0,0.0,0.0,0.0,0.0,0.0
2.9975405,-9.394848,0.38307226,0.0,0.0,0.0,0.0,0.0,0.0
2.9975405,-9.394848,0.38307226,0.0,0.0,0.0,0.0,0.0,0.0
2.9975405,-9.394848,0.38307226,0.0,0.0,0.0,0.0,0.0,0.0
3.0071173,-9.385271,0.40222588,0.0,0.0,0.0,0.0,0.0,0.0
3.0071173,-9.385271,0.40222588,0.0,0.0,0.0,0.0,0.0,0.0
2.9975405,-9.385271,0.37349546,0.0,0.0,0.0,0.0,0.0,0.0
2.9975405,-9.385271,0.37349546,0.0,0.0,0.0,0.0,0.0,0.0
2.9975405,-9.3661175,0.39264908,0.0,0.0,0.0,0.0,0.0,0.0
2.9975405,-9.3661175,0.39264908,0.0,0.0,0.0,0.0,0.0,0.0
3.016694,-9.414001,0.40222588,0.0,0.0,0.0,0.0,0.0,0.0
3.016694,-9.414001,0.40222588,0.0,0.0,0.0,0.0,0.0,0.0
2.9975405,-9.385271,0.37349546,0.0,0.0,0.0,0.0,0.0,0.0
2.9975405,-9.385271,0.37349546,0.0,0.0,0.0,0.0,0.0,0.0
2.9975405,-9.394848,0.37349546,0.0,0.0,0.0,0.0,0.0,0.0
2.9975405,-9.394848,0.37349546,0.0,0.0,0.0,0.0,0.0,0.0
3.016694,-9.394848,0.39264908,0.0,0.0,0.0,0.0,0.0,0.0
3.016694,-9.394848,0.39264908,0.0,0.0,0.0,0.0,0.0,0.0
2.9975405,-9.404425,0.41180268,0.0,0.0,0.0,0.0,0.0,0.0
2.9975405,-9.404425,0.41180268,0.0,0.0,0.0,0.0,0.0,0.0
3.0071173,-9.394848,0.38307226,0.0,0.0,0.0,0.0,0.0,0.0
3.0071173,-9.394848,0.38307226,0.0,0.0,0.0,0.0,0.0,0.0
3.0071173,-9.404425,0.39264908,0.0,0.0,0.0,0.0,0.0,0.0
3.0071173,-9.404425,0.39264908,0.0,0.0,0.0,0.0,0.0,0.0
2.9879637,-9.375694,0.38307226,0.0,0.0,0.0,0.0,0.0,0.0
2.9879637,-9.375694,0.38307226,0.0,0.0,0.0,0.0,0.0,0.0
3.0071173,-9.385271,0.36391866,0.0,0.0,0.0,0.0,0.0,0.0
3.0071173,-9.385271,0.36391866,0.0,0.0,0.0,0.0,0.0,0.0
3.016694,-9.394848,0.37349546,0.0,0.0,0.0,0.0,0.0,0.0
3.016694,-9.394848,0.37349546,0.0,0.0,0.0,0.0,0.0,0.0
2.9975405,-9.414001,0.38307226,0.0,0.0,0.0,0.0,0.0,0.0
2.9975405,-9.414001,0.38307226,0.0,0.0,0.0,0.0,0.0,0.0
2.9975405,-9.375694,0.39264908,0.0,0.0,0.0,0.0,0.0,0.0
2.9975405,-9.375694,0.39264908,0.0,0.0,0.0,0.0,0.0,0.0
2.9879637,-9.394848,0.37349546,0.0,0.0,0.0,0.0,0.0,0.0
2.9879637,-9.394848,0.37349546,0.0,0.0,0.0,0.0,0.0,0.0
3.0071173,-9.385271,0.37349546,0.0,0.0,0.0,0.0,0.0,0.0
3.016694,-9.385271,0.35434186,0.0,0.0,0.0,0.0,0.0,0.0
3.016694,-9.385271,0.35434186,0.0,0.0,0.0,0.0,0.0,0.0
3.016694,-9.385271,0.35434186,0.0,0.0,0.0,0.0,0.0,0.0
3.016694,-9.385271,0.37349546,0.0,0.0,0.0,0.0,0.0,0.0
3.0071173,-9.375694,0.37349546,0.0,0.0,0.0,0.0,0.0,0.0
3.0071173,-9.375694,0.37349546,0.0,0.0,0.0,0.0,0.0,0.0
3.0071173,-9.385271,0.37349546,0.0,0.0,0.0,0.0,0.0,0.0
3.0071173,-9.385271,0.37349546,0.0,0.0,0.0,0.0,0.0,0.0
3.0071173,-9.394848,0.38307226,0.0,0.0,0.0,0.0,0.0,0.0
3.0071173,-9.394848,0.38307226,0.0,0.0,0.0,0.0,0.0,0.0
3.016694,-9.385271,0.36391866,0.0,0.0,0.0,0.0,0.0,0.0
3.016694,-9.385271,0.36391866,0.0,0.0,0.0,0.0,0.0,0.0
3.016694,-9.404425,0.37349546,0.0,0.0,0.0,0.0,0.0,0.0
3.016694,-9.404425,0.37349546,0.0,0.0,0.0,0.0,0.0,0.0
3.016694,-9.394848,0.38307226,0.0,0.0,0.0,0.0,0.0,0.0
3.016694,-9.394848,0.38307226,0.0,0.0,0.0,0.0,0.0,0.0
2.9783869,-9.356541,0.40222588,0.0,0.0,0.0,0.0,0.0,0.0
2.9783869,-9.356541,0.40222588,0.0,0.0,0.0,0.0,0.0,0.0
3.0071173,-9.394848,0.35434186,0.0,0.0,0.0,0.0,0.0,0.0
3.0071173,-9.394848,0.35434186,0.0,0.0,0.0,0.0,0.0,0.0
2.9879637,-9.356541,0.36391866,0.0,0.0,0.0,0.0,0.0,0.0
2.9879637,-9.356541,0.36391866,0.0,0.0,0.0,0.0,0.0,0.0
2.9975405,-9.414001,0.37349546,0.0,0.0,0.0,0.0,0.0,0.0
2.9975405,-9.414001,0.37349546,0.0,0.0,0.0,0.0,0.0,0.0
2.9975405,-9.385271,0.39264908,0.0,0.0,0.0,0.0,0.0,0.0
2.9975405,-9.385271,0.39264908,0.0,0.0,0.0,0.0,0.0,0.0
2.9879637,-9.3661175,0.39264908,0.0,0.0,0.0,0.0,0.0,0.0
2.9879637,-9.3661175,0.39264908,0.0,0.0,0.0,0.0,0.0,0.0
3.0071173,-9.3661175,0.39264908,0.0,0.0,0.0,0.0,0.0,0.0
3.0071173,-9.3661175,0.39264908,0.0,0.0,0.0,0.0,0.0,0.0
2.9975405,-9.414001,0.38307226,0.0,0.0,0.0,0.0,0.0,0.0
2.9975405,-9.414001,0.38307226,0.0,0.0,0.0,0.0,0.0,0.0
3.0071173,-9.394848,0.36391866,0.0,0.0,0.0,0.0,0.0,0.0
3.0071173,-9.394848,0.36391866,0.0,0.0,0.0,0.0,0.0,0.0
3.0071173,-9.385271,0.39264908,0.0,0.0,0.0,0.0,0.0,0.0
3.0071173,-9.385271,0.39264908,0.0,0.0,0.0,0.0,0.0,0.0
3.016694,-9.375694,0.37349546,0.0,0.0,0.0,0.0,0.0,0.0
3.016694,-9.375694,0.37349546,0.0,0.0,0.0,0.0,0.0,0.0
2.9975405,-9.394848,0.35434186,0.0,0.0,0.0,0.0,0.0,0.0
2.9975405,-9.394848,0.35434186,0.0,0.0,0.0,0.0,0.0,0.0
3.0262709,-9.385271,0.36391866,0.0,0.0,0.0,0.0,0.0,0.0
3.0262709,-9.385271,0.36391866,0.0,0.0,0.0,0.0,0.0,0.0
3.0071173,-9.414001,0.39264908,0.0,0.0,0.0,0.0,0.0,0.0
3.0071173,-9.414001,0.39264908,0.0,0.0,0.0,0.0,0.0,0.0
3.0071173,-9.3661175,0.37349546,0.0,0.0,0.0,0.0,0.0,0.0
3.0071173,-9.3661175,0.37349546,0.0,0.0,0.0,0.0,0.0,0.0
3.0071173,-9.404425,0.38307226,0.0,0.0,0.0,0.0,0.0,0.0
3.0071173,-9.404425,0.38307226,0.0,0.0,0.0,0.0,0.0,0.0
3.0071173,-9.385271,0.37349546,0.0,0.0,0.0,0.0,0.0,0.0
2.9879637,-9.394848,0.38307226,0.0,0.0,0.0,0.0,0.0,0.0
2.9879637,-9.394848,0.38307226,0.0,0.0,0.0,0.0,0.0,0.0
3.0071173,-9.375694,0.35434186,0.0,0.0,0.0,0.0,0.0,0.0
3.0071173,-9.375694,0.35434186,0.0,0.0,0.0,0.0,0.0,0.0
3.0071173,-9.375694,0.35434186,0.0,0.0,0.0,0.0,0.0,0.0
2.9975405,-9.414001,0.37349546,0.0,0.0,0.0,0.0,0.0,0.0
3.0071173,-9.404425,0.39264908,0.0,0.0,0.0,0.0,0.0,0.0
3.0071173,-9.404425,0.39264908,0.0,0.0,0.0,0.0,0.0,0.0
3.0071173,-9.404425,0.39264908,0.0,0.0,0.0,0.0,0.0,0.0
3.016694,-9.356541,0.38307226,0.0,0.0,0.0,0.0,0.0,0.0
2.9975405,-9.394848,0.36391866,0.0,0.0,0.0,0.0,0.0,0.0
2.9975405,-9.394848,0.36391866,0.0,0.0,0.0,0.0,0.0,0.0
2.9975405,-9.385271,0.36391866,0.0,0.0,0.0,0.0,0.0,0.0
2.9975405,-9.385271,0.36391866,0.0,0.0,0.0,0.0,0.0,0.0
2.9975405,-9.385271,0.39264908,0.0,0.0,0.0,0.0,0.0,0.0
2.9975405,-9.385271,0.39264908,0.0,0.0,0.0,0.0,0.0,0.0
3.0071173,-9.414001,0.36391866,0.0,0.0,0.0,0.0,0.0,0.0
3.0071173,-9.414001,0.36391866,0.0,0.0,0.0,0.0,0.0,0.0
2.9975405,-9.385271,0.37349546,0.0,0.0,0.0,0.0,0.0,0.0
2.9975405,-9.385271,0.37349546,0.0,0.0,0.0,0.0,0.0,0.0
2.9975405,-9.394848,0.38307226,0.0,0.0,0.0,0.0,0.0,0.0
2.9975405,-9.394848,0.38307226,0.0,0.0,0.0,0.0,0.0,0.0
3.0071173,-9.394848,0.38307226,0.0,0.0,0.0,0.0,0.0,0.0
3.0071173,-9.394848,0.38307226,0.0,0.0,0.0,0.0,0.0,0.0
2.9879637,-9.404425,0.38307226,0.0,0.0,0.0,0.0,0.0,0.0
2.9879637,-9.404425,0.38307226,0.0,0.0,0.0,0.0,0.0,0.0
2.9975405,-9.375694,0.36391866,0.0,0.0,0.0,0.0,0.0,0.0
2.9975405,-9.375694,0.36391866,0.0,0.0,0.0,0.0,0.0,0.0
3.0071173,-9.404425,0.39264908,0.0,0.0,0.0,0.0,0.0,0.0
3.0071173,-9.404425,0.39264908,0.0,0.0,0.0,0.0,0.0,0.0
2.9975405,-9.385271,0.36391866,0.0,0.0,0.0,0.0,0.0,0.0
2.9975405,-9.385271,0.36391866,0.0,0.0,0.0,0.0,0.0,0.0
2.9975405,-9.385271,0.36391866,0.0,0.0,0.0,0.0,0.0,0.0
2.9975405,-9.385271,0.36391866,0.0,0.0,0.0,0.0,0.0,0.0
3.0262709,-9.394848,0.37349546,0.0,0.0,0.0,0.0,0.0,0.0
3.0262709,-9.394848,0.37349546,0.0,0.0,0.0,0.0,0.0,0.0
3.0262709,-9.394848,0.37349546,0.0,0.0,0.0,0.0,0.0,0.0
3.0262709,-9.394848,0.37349546,0.0,0.0,0.0,0.0,0.0,0.0
3.0071173,-9.385271,0.38307226,0.0,0.0,0.0,0.0,0.0,0.0
3.0071173,-9.385271,0.38307226,0.0,0.0,0.0,0.0,0.0,0.0
3.016694,-9.404425,0.39264908,0.0,0.0,0.0,0.0,0.0,0.0
3.016694,-9.404425,0.39264908,0.0,0.0,0.0,0.0,0.0,0.0
2.9975405,-9.375694,0.39264908,0.0,0.0,0.0,0.0,0.0,0.0
2.9975405,-9.375694,0.39264908,0.0,0.0,0.0,0.0,0.0,0.0
2.9975405,-9.404425,0.35434186,0.0,0.0,0.0,0.0,0.0,0.0
3.016694,-9.404425,0.37349546,0.0,0.0,0.0,0.0,0.0,0.0
3.016694,-9.404425,0.37349546,0.0,0.0,0.0,0.0,0.0,0.0
2.9975405,-9.375694,0.40222588,0.0,0.0,0.0,0.0,0.0,0.0
2.9975405,-9.375694,0.40222588,0.0,0.0,0.0,0.0,0.0,0.0
2.9879637,-9.404425,0.40222588,0.0,0.0,0.0,0.0,0.0,0.0
2.9879637,-9.404425,0.40222588,0.0,0.0,0.0,0.0,0.0,0.0
3.0071173,-9.394848,0.35434186,0.0,0.0,0.0,0.0,0.0,0.0
3.0071173,-9.394848,0.35434186,0.0,0.0,0.0,0.0,0.0,0.0
2.9879637,-9.385271,0.38307226,0.0,0.0,0.0,0.0,0.0,0.0
2.9879637,-9.385271,0.38307226,0.0,0.0,0.0,0.0,0.0,0.0
3.0071173,-9.375694,0.22026655,0.0,0.0,0.0,0.0,0.0,0.0
3.0071173,-9.375694,0.22026655,0.0,0.0,0.0,0.0,0.0,0.0
3.016694,-9.385271,0.32561144,0.0,0.0,0.0,0.0,0.0,0.0
3.016694,-9.385271,0.32561144,0.0,0.0,0.0,0.0,0.0,0.0
3.0071173,-9.375694,0.35434186,0.0,0.0,0.0,0.0,0.0,0.0
3.0071173,-9.375694,0.35434186,0.0,0.0,0.0,0.0,0.0,0.0
2.9975405,-9.394848,0.34476504,0.0,0.0,0.0,0.0,0.0,0.0
2.9975405,-9.394848,0.34476504,0.0,0.0,0.0,0.0,0.0,0.0
3.0071173,-9.404425,0.35434186,0.0,0.0,0.0,0.0,0.0,0.0
3.0071173,-9.404425,0.35434186,0.0,0.0,0.0,0.0,0.0,0.0
2.9975405,-9.375694,0.36391866,0.0,0.0,0.0,0.0,0.0,0.0
2.9975405,-9.375694,0.36391866,0.0,0.0,0.0,0.0,0.0,0.0
3.016694,-9.394848,0.37349546,0.0,0.0,0.0,0.0,0.0,0.0
3.016694,-9.394848,0.37349546,0.0,0.0,0.0,0.0,0.0,0.0
3.016694,-9.394848,0.37349546,0.0,0.0,0.0,0.0,0.0,0.0
3.016694,-9.394848,0.37349546,0.0,0.0,0.0,0.0,0.0,0.0
2.9975405,-9.414001,0.37349546,0.0,0.0,0.0,0.0,0.0,0.0
2.9975405,-9.414001,0.37349546,0.0,0.0,0.0,0.0,0.0,0.0
3.0262709,-9.3661175,0.2777274,0.0,0.0,0.0,0.0,0.0,0.0
3.0262709,-9.3661175,0.2777274,0.0,0.0,0.0,0.0,0.0,0.0
3.0071173,-9.394848,0.1340753,0.0,0.0,0.0,0.0,0.0,0.0
3.0071173,-9.394848,0.1340753,0.0,0.0,0.0,0.0,0.0,0.0
3.0071173,-9.394848,0.08619126,0.0,0.0,0.0,0.0,0.0,0.0
3.0071173,-9.394848,0.08619126,0.0,0.0,0.0,0.0,0.0,0.0
3.016694,-9.414001,0.05746084,0.0,0.0,0.0,0.0,0.0,0.0
3.016694,-9.414001,0.05746084,0.0,0.0,0.0,0.0,0.0,0.0
3.0071173,-9.385271,0.02873042,0.0,0.0,0.0,0.0,0.0,0.0
3.0071173,-9.385271,0.02873042,0.0,0.0,0.0,0.0,0.0,0.0
2.9975405,-9.404425,0.02873042,0.0,0.0,0.0,0.0,0.0,0.0
2.9975405,-9.404425,0.02873042,0.0,0.0,0.0,0.0,0.0,0.0
3.016694,-9.375694,0.22026655,0.0,0.0,0.0,0.0,0.0,0.0
3.016694,-9.375694,0.22026655,0.0,0.0,0.0,0.0,0.0,0.0
3.0071173,-9.423578,0.2873042,0.0,0.0,0.0,0.0,0.0,0.0
3.0071173,-9.423578,0.2873042,0.0,0.0,0.0,0.0,0.0,0.0
3.016694,-9.385271,0.32561144,0.0,0.0,0.0,0.0,0.0,0.0
3.016694,-9.385271,0.32561144,0.0,0.0,0.0,0.0,0.0,0.0
2.9975405,-9.375694,0.36391866,0.0,0.0,0.0,0.0,0.0,0.0
2.9975405,-9.375694,0.36391866,0.0,0.0,0.0,0.0,0.0,0.0
3.016694,-9.385271,0.37349546,0.0,0.0,0.0,0.0,0.0,0.0
3.016694,-9.385271,0.37349546,0.0,0.0,0.0,0.0,0.0,0.0
3.016694,-9.394848,0.40222588,0.0,0.0,0.0,0.0,0.0,0.0
3.016694,-9.394848,0.40222588,0.0,0.0,0.0,0.0,0.0,0.0
2.9975405,-9.394848,0.37349546,0.0,0.0,0.0,0.0,0.0,0.0
3.016694,-9.414001,0.4309563,0.0,0.0,0.0,0.0,0.0,0.0
3.016694,-9.414001,0.4309563,0.0,0.0,0.0,0.0,0.0,0.0
3.0071173,-9.3661175,0.38307226,0.0,0.0,0.0,0.0,0.0,0.0
3.0071173,-9.3661175,0.38307226,0.0,0.0,0.0,0.0,0.0,0.0
3.0071173,-9.375694,0.40222588,0.0,0.0,0.0,0.0,0.0,0.0
3.0071173,-9.375694,0.40222588,0.0,0.0,0.0,0.0,0.0,0.0
3.0071173,-9.414001,0.37349546,0.0,0.0,0.0,0.0,0.0,0.0
3.0071173,-9.414001,0.37349546,0.0,0.0,0.0,0.0,0.0,0.0
3.0262709,-9.385271,0.41180268,0.0,0.0,0.0,0.0,0.0,0.0
3.0262709,-9.385271,0.41180268,0.0,0.0,0.0,0.0,0.0,0.0
3.0071173,-9.394848,0.41180268,0.0,0.0,0.0,0.0,0.0,0.0
3.0071173,-9.394848,0.41180268,0.0,0.0,0.0,0.0,0.0,0.0
3.0071173,-9.385271,0.39264908,0.0,0.0,0.0,0.0,0.0,0.0
3.0071173,-9.385271,0.39264908,0.0,0.0,0.0,0.0,0.0,0.0
3.016694,-9.3661175,0.39264908,0.0,0.0,0.0,0.0,0.0,0.0
3.016694,-9.3661175,0.39264908,0.0,0.0,0.0,0.0,0.0,0.0
3.0071173,-9.375694,0.39264908,0.0,0.0,0.0,0.0,0.0,0.0
3.0071173,-9.375694,0.39264908,0.0,0.0,0.0,0.0,0.0,0.0
3.016694,-9.404425,0.39264908,0.0,0.0,0.0,0.0,0.0,0.0
3.016694,-9.404425,0.39264908,0.0,0.0,0.0,0.0,0.0,0.0
3.016694,-9.375694,0.39264908,0.0,0.0,0.0,0.0,0.0,0.0
3.016694,-9.375694,0.39264908,0.0,0.0,0.0,0.0,0.0,0.0
3.0071173,-9.385271,0.37349546,0.0,0.0,0.0,0.0,0.0,0.0
3.0071173,-9.385271,0.37349546,0.0,0.0,0.0,0.0,0.0,0.0
2.9975405,-9.3661175,0.38307226,0.0,0.0,0.0,0.0,0.0,0.0
2.9975405,-9.3661175,0.38307226,0.0,0.0,0.0,0.0,0.0,0.0
2.9975405,-9.404425,0.38307226,0.0,0.0,0.0,0.0,0.0,0.0
2.9975405,-9.404425,0.38307226,0.0,0.0,0.0,0.0,0.0,0.0
3.0071173,-9.385271,0.37349546,0.0,0.0,0.0,0.0,0.0,0.0
3.0071173,-9.385271,0.37349546,0.0,0.0,0.0,0.0,0.0,0.0
3.0262709,-9.394848,0.40222588,0.0,0.0,0.0,0.0,0.0,0.0
3.0262709,-9.394848,0.40222588,0.0,0.0,0.0,0.0,0.0,0.0
2.9975405,-9.385271,0.38307226,0.0,0.0,0.0,0.0,0.0,0.0
2.9975405,-9.385271,0.38307226,0.0,0.0,0.0,0.0,0.0,0.0
3.0071173,-9.394848,0.40222588,0.0,0.0,0.0,0.0,0.0,0.0
3.0071173,-9.394848,0.40222588,0.0,0.0,0.0,0.0,0.0,0.0
3.0071173,-9.3661175,0.37349546,0.0,0.0,0.0,0.0,0.0,0.0
3.0071173,-9.3661175,0.37349546,0.0,0.0,0.0,0.0,0.0,0.0
3.0071173,-9.414001,0.37349546,0.0,0.0,0.0,0.0,0.0,0.0
3.0071173,-9.414001,0.37349546,0.0,0.0,0.0,0.0,0.0,0.0
2.9975405,-9.375694,0.36391866,0.0,0.0,0.0,0.0,0.0,0.0
2.9975405,-9.375694,0.36391866,0.0,0.0,0.0,0.0,0.0,0.0
3.0071173,-9.404425,0.40222588,0.0,0.0,0.0,0.0,0.0,0.0
3.0071173,-9.404425,0.40222588,0.0,0.0,0.0,0.0,0.0,0.0
3.0071173,-9.385271,0.36391866,0.0,0.0,0.0,0.0,0.0,0.0
3.0071173,-9.385271,0.36391866,0.0,0.0,0.0,0.0,0.0,0.0
3.016694,-9.404425,0.35434186,0.0,0.0,0.0,0.0,0.0,0.0
3.016694,-9.404425,0.35434186,0.0,0.0,0.0,0.0,0.0,0.0
3.016694,-9.3661175,0.37349546,0.0,0.0,0.0,0.0,0.0,0.0
3.016694,-9.3661175,0.37349546,0.0,0.0,0.0,0.0,0.0,0.0
3.016694,-9.394848,0.37349546,0.0,0.0,0.0,0.0,0.0,0.0
3.016694,-9.394848,0.37349546,0.0,0.0,0.0,0.0,0.0,0.0
3.0071173,-9.375694,0.38307226,0.0,0.0,0.0,0.0,0.0,0.0
3.0071173,-9.375694,0.38307226,0.0,0.0,0.0,0.0,0.0,0.0
2.9975405,-9.394848,0.39264908,0.0,0.0,0.0,0.0,0.0,0.0
2.9975405,-9.394848,0.39264908,0.0,0.0,0.0,0.0,0.0,0.0
3.016694,-9.394848,0.38307226,0.0,0.0,0.0,0.0,0.0,0.0
3.016694,-9.394848,0.38307226,0.0,0.0,0.0,0.0,0.0,0.0
3.0071173,-9.404425,0.38307226,0.0,0.0,0.0,0.0,0.0,0.0
3.0071173,-9.3661175,0.37349546,0.0,0.0,0.0,0.0,0.0,0.0
3.0071173,-9.3661175,0.37349546,0.0,0.0,0.0,0.0,0.0,0.0
2.9975405,-9.414001,0.39264908,0.0,0.0,0.0,0.0,0.0,0.0
2.9975405,-9.414001,0.39264908,0.0,0.0,0.0,0.0,0.0,0.0
2.9975405,-9.3661175,0.39264908,0.0,0.0,0.0,0.0,0.0,0.0
2.9975405,-9.3661175,0.39264908,0.0,0.0,0.0,0.0,0.0,0.0
3.0071173,-9.414001,0.37349546,0.0,0.0,0.0,0.0,0.0,0.0
3.0071173,-9.414001,0.37349546,0.0,0.0,0.0,0.0,0.0,0.0
3.016694,-9.385271,0.36391866,0.0,0.0,0.0,0.0,0.0,0.0
3.016694,-9.385271,0.36391866,0.0,0.0,0.0,0.0,0.0,0.0
3.0071173,-9.414001,0.38307226,0.0,0.0,0.0,0.0,0.0,0.0
3.0071173,-9.414001,0.38307226,0.0,0.0,0.0,0.0,0.0,0.0
3.0262709,-9.375694,0.39264908,0.0,0.0,0.0,0.0,0.0,0.0
3.0262709,-9.375694,0.39264908,0.0,0.0,0.0,0.0,0.0,0.0
3.0071173,-9.394848,0.38307226,0.0,0.0,0.0,0.0,0.0,0.0
