-0.052642822,-10.1766815,-1.105484,-1.9476085,-0.27916086,3.054204,0.10929012,0.80854475,13.3469305
-0.052642822,-10.1766815,-1.105484,-1.5291443,0.5267774,2.8274794,0.123107344,-0.15148449,13.058159
-0.052642822,-10.1766815,-1.105484,-0.6864705,1.1307266,2.0895185,-0.54278183,-0.85346043,12.063387
-0.052642822,-10.1766815,-1.105484,0.04717064,1.3826618,0.8889084,1.3716624,-0.19443846,10.692579
-0.052642822,-10.1766815,-1.105484,1.6246061,1.3758343,-0.5253825,1.7540909,-0.617085,8.64447
-0.052642822,-10.1766815,-1.105484,2.22467,1.1080196,-0.65147686,1.660692,-1.033323,8.140627
-0.052642822,-10.1766815,-1.105484,2.7173486,0.7441596,-0.7760439,1.4413441,-1.4009352,7.6853514
-0.052642822,-10.1766815,-1.105484,2.8034244,0.33973348,-0.25392866,1.066589,-1.8742132,7.965781
-0.052642822,-10.1766815,-1.105484,2.5896025,0.28602123,-0.23491001,0.9596879,-1.7256618,8.090807
-0.052642822,-10.1766815,-1.105484,2.0016618,0.22922719,-0.7437091,0.7339961,-0.96917343,8.036269
-0.052642822,-10.1766815,-1.105484,1.9850864,-0.0065569878,-1.3372726,0.51939267,-0.61076546,7.5514097
-0.052642822,-10.1766815,-1.105484,1.875536,-0.1753143,-1.6175127,0.3419658,-0.39055896,7.378639
-0.052642822,-10.1766815,-1.105484,1.3265085,-0.6043527,-2.358067,-0.23230669,0.343755,7.0656266
-0.052642822,-10.1766815,-1.105484,1.2169285,-0.54689014,-2.7245317,-0.2090557,0.64985657,6.8507986
-0.052642822,-10.1766815,-1.105484,1.2418404,-0.21546268,-3.0513983,0.121363044,0.8967066,6.6316214
-0.052642822,-10.1766815,-1.105484,1.2099504,0.07951665,-3.385672,0.38490644,1.2035656,6.4397
-0.052642822,-10.1766815,-1.105484,0.6567073,0.24251103,-2.6272244,0.37194815,1.186985,7.3889856
-0.052642822,-10.1766815,-1.105484,0.6185236,0.0062031746,-2.6357207,0.7176006,-0.87558913,7.3473763
-0.052642822,-10.1766815,-1.105484,0.8095317,-0.4765241,-2.6549435,-0.1468893,0.7944517,7.108797
-0.052642822,-10.1766815,-1.105484,0.8902478,-0.7462084,-2.2379422,-0.30873773,0.38801408,7.3344283
-0.052642822,-10.1766815,-1.105484,-1.6790905,-1.1484003,-1.3431206,-1.8950706,1.4621296,9.345104
-0.052642822,-10.1766815,-1.105484,-3.8379235,-0.90190387,0.96405697,-2.3506646,1.8093977,12.576658
-0.052642822,-10.1766815,-1.105484,-5.2941537,-0.6588448,2.8024764,-2.3760297,1.7508702,15.060691
-0.052642822,-10.1766815,-1.105484,-4.965117,-0.110333204,3.975194,-1.3962069,0.9351511,15.942024
0.7465668,-10.430313,-0.0059814453,-4.2029715,0.64146733,3.2992883,-0.2738437,1.0310631,15.081465
0.21655273,-9.57608,1.4356995,-2.933735,1.2463093,1.5620522,0.700608,1.3918409,12.996012
0.0035858154,-9.376282,2.1296082,-1.4105835,1.6242368,-0.032324314,1.3190155,1.364533,10.82015
-0.8949127,-9.388245,3.1118622,0.2488761,1.5339158,-1.399118,1.4892684,0.96585584,8.701404
-1.3292084,-8.9192505,2.4550323,2.1720805,1.4254112,-2.1364026,1.7356306,-0.049105883,6.92583
-1.2322998,-8.93959,2.1870422,2.5845184,1.3125036,-2.6957684,1.7170547,-0.043299675,6.240221
-0.8231354,-9.786652,1.5409851,2.5581918,1.2887722,-2.9386587,1.7034554,0.11419392,6.074868
-0.77168274,-10.317856,0.64845276,1.6650853,0.95488656,-2.9606667,1.1915704,0.73277473,6.5673504
-0.60658264,-10.354935,0.1375885,0.96092844,0.28533745,-2.5030427,0.40365827,0.82711935,7.2722955
-0.46061707,-10.010376,-0.1531372,1.1869717,-0.45637703,-2.3029995,-0.2285299,0.3350737,7.207326
-0.5934143,-9.61676,-0.57547,1.4312034,-0.76346886,-2.5129719,-0.42024,0.1269722,6.8480134
-0.5312042,-9.609573,-0.67836,0.25279713,-0.7826153,-2.3902197,-0.77000254,0.9221444,7.582624
-0.22492981,-9.704086,-0.1483612,-0.07849121,-0.80610406,-2.4106722,-0.90250707,1.1168339,7.7077284
0.28953552,-10.217346,0.025131226,-0.63973,-0.9553206,-2.1163797,-1.2146466,1.3273354,8.205473
0.33738708,-10.374084,0.39361572,-1.9814868,-0.49949408,-0.7524357,-1.3073399,1.7109351,10.13147
0.07777405,-9.988831,0.88653564,-2.9418268,-0.37232757,-0.03621006,-1.5619335,2.035143,11.294212
-0.6352997,-9.686142,1.3328094,-4.784683,0.42943954,0.9832263,-1.5474669,2.9962912,13.366417
-1.0839539,-9.664612,1.655838,-2.2403398,0.5983689,1.3432918,-0.2899143,0.98460627,12.28215
-1.8281097,-9.547363,1.5708923,-1.1914659,0.9291891,1.6735368,0.4874255,0.17516232,12.001062
-3.397812,-8.805588,0.4055786,0.00810957,2.1143267,2.5565152,2.122799,-0.836678,12.214949
-3.4504547,-8.568695,-0.117248535,0.9418464,2.2620025,1.7873812,2.5439985,-1.0524945,11.078967
-2.6871338,-8.754135,-0.55274963,1.6214056,1.8484415,0.894207,2.3290675,-1.1881382,9.901875
-2.3724823,-8.648865,-1.0779724,2.022695,1.1231409,0.25419664,1.8127639,-1.2504668,9.053273
-1.7658997,-8.652451,-0.75852966,2.2786875,0.39625025,-0.0055327415,1.256727,-1.5104356,8.5865345
-1.5278168,-8.635696,-0.70947266,2.2203922,-0.1231159,-0.5488477,0.82761806,-1.2945657,8.107922
-1.5086823,-8.819946,-0.42233276,1.7149177,-0.45279884,-1.1592202,0.30370992,-0.7192302,7.83682
-1.7694855,-9.214767,-0.24765015,1.7806363,-0.95520616,-1.2427158,0.023547828,-0.95366335,7.634692
-2.1296082,-9.530609,-0.0765686,1.904841,-1.1169448,-1.578845,0.015877664,-0.94896054,7.263432
-2.535202,-8.824722,-0.34934998,1.4754467,-0.7294731,-1.1128054,0.24149185,-0.73242736,7.9756284
-2.6608124,-8.498108,-0.5694885,-0.068982124,-0.12834382,0.033003807,-0.13537776,-0.060534477,9.824771
-2.506485,-8.354538,-0.82073975,-0.8620572,0.08098316,0.35363483,-0.5551466,0.32635498,10.484931
-2.3593292,-7.9788666,-0.7692871,0.12034249,0.3440447,-2.2416868,0.051933646,1.3413849,7.9747114
-2.5076752,-8.225327,-0.49172974,-0.11831212,-1.2018199,-1.304327,-0.88241816,-0.19646645,8.276168
-2.3808594,-8.611771,-0.56829834,-1.2475061,-1.574692,1.3955564,0.33954144,2.147995,10.9266205
-2.0207367,-8.321045,-0.604187,-1.8566301,-0.55715346,3.5153112,-1.5159242,-0.9105067,13.410517
-1.7778625,-8.511276,-0.5048828,-2.3044343,0.8201623,2.729762,-0.95892465,0.80725,13.250994
-1.4033966,-9.006592,-0.5407715,-1.9038744,1.0927348,0.8583727,1.6461768,-0.2996236,11.466752
-1.2586212,-9.119049,-0.62931824,-0.991719,0.69046545,-0.49900436,-0.28278077,1.2762218,9.830051
-1.5972137,-8.634506,-0.82432556,-0.07228851,0.13597107,-1.8621063,-0.07502657,0.8657484,8.152563
-1.4667969,-8.496918,-0.91645813,0.60365176,-0.41321135,-3.1142035,0.040202826,0.5267041,6.651596
-1.401001,-8.371292,-0.96310425,0.9379673,-0.6785929,-3.9317255,0.20368403,0.38594556,5.7313232
-1.6007996,-8.877365,-1.4368896,0.41053188,-0.9696832,-4.193039,-0.29977977,0.3348794,5.5068383
-1.7575226,-9.104691,-1.4811554,-0.004672408,-1.2893727,-4.12527,-0.6997045,0.1012907,5.54279
-2.720642,-7.8927307,-1.3256226,-0.075045824,-1.8287156,-3.4218311,-0.8197018,-0.6923045,6.0773654
-2.675171,-6.9954224,-1.2957153,0.5131264,-1.3966441,-3.3314867,0.18510723,-0.5854956,6.2100334
-2.5136566,-6.5168457,-1.2370911,0.9233621,-1.0420737,-3.3687983,0.7423452,-0.26480436,6.2477007
-2.8546448,-6.632904,-1.2634125,1.1396176,0.22113061,-2.5498896,1.0594285,0.88231087,7.367655
-3.0891266,-6.9344025,-1.3986053,0.17736642,0.5499072,-0.8550968,0.1529201,0.750129,9.114574
-2.7972107,-8.118851,-1.1222382,-0.606253,-0.5615883,-1.1882486,-0.64376605,-0.23461163,8.531746
-1.9992065,-8.547165,-0.94636536,-1.3421943,-1.3381612,0.8458128,-1.5017288,-1.3141072,10.377171
-1.8137665,-8.544769,-1.3866425,-0.24224102,-0.69017696,2.1193676,-0.31668165,-1.1045476,11.73186
-1.9669037,-8.642868,-1.7359924,0.70471126,0.47676682,3.4346504,0.8519841,-0.2849797,13.229173
-1.9872437,-8.930008,-2.0829468,1.1520021,2.2293215,4.711423,2.164826,0.8630245,14.609065
-2.271988,-9.830917,-2.4215393,1.2971406,2.9177797,3.8220587,3.087613,0.5881268,13.669926
-2.7469635,-10.473389,-3.0101776,1.7863938,2.8345325,2.691618,3.356257,-0.80603546,12.367203
-3.702896,-11.67099,-5.2989044,2.0840893,2.1469712,-0.34463978,2.8224607,-0.88805735,9.243835
-4.019943,-13.627121,-3.473175,2.2310622,1.5311368,-1.4486465,-0.52569497,-2.4616487,8.050368
-5.7690887,-18.18425,0.36610413,2.1051865,1.3179678,-1.9506721,2.1579614,-0.52687395,7.5617495
1.7132568,-16.058228,0.55513,1.5281281,0.5560204,-2.7427378,-0.038622856,-1.2081038,6.856067
0.89611816,-7.1389923,-2.634491,2.1386337,-0.31554055,-2.757226,0.8824554,-0.9179208,6.542556
-0.40318298,-5.9892426,2.766098,1.6963043,-0.88151586,-2.7075825,0.2025133,-0.8711952,6.6151733
-0.8446655,-7.356735,6.253647,0.88728,-0.43923116,-2.761858,0.048386574,-0.08114438,6.8742237
-0.74894714,-8.584244,5.5322113,1.1714926,0.0680995,-3.625679,0.6057742,0.56011724,6.0861816
0.06460571,-10.21257,4.179062,0.8335748,0.040939093,-3.3459797,0.3897105,0.7810273,6.4704514
0.4295044,-12.351746,1.8364868,-0.23151565,-0.19260192,-1.264226,-0.39630854,0.5138643,8.680662
-0.0011901855,-13.038498,-0.89849854,-0.42193365,-0.25577712,-0.7009611,-0.5458775,0.35870218,9.251541
0.46420288,-12.583847,-0.5120697,0.18759489,0.062126637,-0.94866943,0.09592199,0.37803984,8.919571
2.2695923,-10.033112,2.8079834,-0.79661655,-0.3673494,-0.48162842,-0.89305526,0.37445164,9.554169
2.889328,-8.910873,2.0889282,-1.0479369,-0.7277498,1.8620539,-1.0882359,-0.8166914,11.607705
3.012558,-8.4179535,0.89611816,-1.2646742,-0.13310623,2.3222485,-0.7838066,-0.33689117,12.313065
2.6117706,-7.944168,0.4510498,-2.4321487,1.2363925,2.2667007,-0.47699744,1.3251157,13.062183
2.1056824,-7.225128,0.39601135,-1.9057596,1.3874443,1.2045412,0.010570109,1.5457568,11.955689
1.5457611,-6.693924,0.33738708,-1.0819745,1.2156079,0.853673,0.40929598,1.0279899,11.273907
0.20219421,-7.1605225,-0.0382843,-0.12840939,0.9775994,0.07196903,0.72319883,0.5914254,10.130021
-0.9714813,-7.848465,-0.63290405,0.1883645,1.0194764,-1.2683802,0.68031144,-1.1080719,8.810179
-1.282547,-8.461014,-1.3136597,0.6880522,0.6184304,-1.8668203,0.7587411,0.6728928,7.9866457
-1.2562256,-8.5208435,-2.0147552,0.93372345,0.34463048,-2.0891552,0.6691,0.43302178,7.634101
-0.7657013,-8.8498535,-3.1872406,1.7549496,-0.38269997,-2.7103033,0.562873,-0.2928393,6.617689
0.5670929,-9.157333,-3.4624176,2.3613858,-0.64265394,-3.3671503,0.73395544,-0.56254554,5.7481165
2.1152496,-9.266205,-2.141571,2.3231368,-0.7178271,-4.1527424,0.61885315,-0.22678208,5.0397744
2.2277222,-8.963516,-1.8951111,2.3231368,-0.7178271,-4.1527424,0.61885315,-0.22678208,5.0397744
2.572281,-8.988632,-2.1762695,2.3231368,-0.7178271,-4.1527424,0.61885315,-0.22678208,5.0397744
3.8859406,-11.091934,-0.14715576,2.3231368,-0.7178271,-4.1527424,0.61885315,-0.22678208,5.0397744
2.3042908,-12.18306,0.92123413,2.3231368,-0.7178271,-4.1527424,0.61885315,-0.22678208,5.0397744
1.2466583,-12.169891,1.5553284,-1.0345113,0.27517247,-3.931075,2.8996513,0.1952675,6.9512725
-1.3507538,-11.779861,3.6813507,-1.0345113,0.27517247,-3.931075,2.8996513,0.1952675,6.9512725
-3.221939,-12.147171,4.080963,-3.3064485,0.97376394,1.9923034,-2.1020617,0.6522436,13.124182
-5.2785645,-13.283752,4.430313,-2.490025,1.3008032,2.469788,-1.087366,0.3467145,13.3688965
-7.4440765,-13.263412,3.932602,-3.703549,4.105288,2.6409736,-0.40266693,2.5713844,15.353746
-5.091919,-9.262619,1.2610168,-2.6903887,3.9309525,3.6850195,0.66465616,1.4576049,15.612127
-3.9170532,-8.076965,0.07058716,0.22590303,3.986277,4.299984,3.276517,0.22106647,14.669455
-2.3641052,-8.171494,-2.0482635,1.7041116,3.4879735,4.0281534,4.106274,-0.5683403,13.563175
0.41516113,-8.054245,-3.0664063,3.2978177,2.0669787,3.194538,4.188243,-1.962378,11.796818
0.948761,-7.068405,-3.0460663,2.743803,1.2261679,-1.0681896,2.6942751,-0.31384182,8.128749
1.7144623,-6.192627,-2.1990051,2.6543581,2.0406353,0.15589046,3.3313105,-0.24840426,9.533202
1.4656067,-4.841873,-0.7884369,2.355167,2.7862728,-2.3610077,3.3897674,1.4741623,7.5217414
1.7910309,-3.9876404,-0.6999054,-0.21688771,3.1698895,-2.9163399,1.2749915,3.6163967,7.832733
1.8017883,-4.4494476,-1.9465637,0.24159908,2.425117,-4.4805813,1.1441562,3.346999,6.131915
1.5756683,-7.0947266,-4.5810547,0.7439816,-0.39080143,-5.3972416,0.013638973,1.2588633,4.4914336
1.5828552,-8.123627,-4.9878387,1.4262655,-1.1300628,-7.0278664,1.0162718,-0.7820665,2.66118
0.5312042,-10.578674,-5.637497,2.5474997,-1.7693343,-7.275861,0.99941087,0.6708478,1.989388
-0.9104614,-12.177078,-4.183853,1.4134449,-2.971556,-6.321986,0.003845185,-0.40818995,2.691255
-1.2394867,-13.039688,-2.6476593,5.197397,-2.882566,-1.214345,5.044425,-1.789457,6.9521136
-1.4584198,-12.380463,-2.7756805,4.3793845,-2.151458,-2.4193983,4.2038736,-0.44861042,6.3733625
-2.2181396,-9.894318,-3.3391876,7.5908,-1.7668378,1.9614267,7.960861,-0.8402684,10.519245
-2.6979065,-11.386246,-1.866394,3.243838,-5.7748966,2.4557457,-6.4315042,2.9105484,10.065613
-3.5892334,-12.385254,0.39959717,0.7568623,-6.158887,5.4986515,5.3538556,-5.5236497,12.899452
-2.3940125,-12.0143585,4.0462646,0.99188924,-4.968834,4.2770157,5.298908,-3.0630863,12.357161
-1.640274,-10.493729,2.7792664,2.2892778,-3.4777417,1.9211359,4.3824234,-0.23602772,11.135148
-1.0396881,-10.327423,2.2911224,0.86504316,-1.5019112,0.17083073,1.6797985,0.4513259,9.894983
0.47737122,-10.585846,2.6069794,0.75871706,-1.735806,0.9267645,-1.68445,1.0780909,10.475915
1.4775696,-11.065613,4.5092773,2.0702715,-1.8186705,2.1729965,2.499189,0.6545315,12.181761
1.7575226,-9.847656,5.1110687,2.0702715,-1.8186705,2.5761795,2.5832076,0.44964743,12.518688
2.7649078,-8.437088,4.0175476,4.7978187,-2.3275537,1.2652426,-4.2180977,-0.6346841,13.247906
2.7098694,-5.97966,1.5996094,5.407371,-1.1706547,0.22035837,-0.11393905,3.978507,13.655957
2.5387878,-5.5549316,1.1162567,7.3351693,-1.9827372,-2.12999,-1.0581049,6.8917418,13.502204
1.586441,-6.0047913,0.63409424,10.961189,-0.1557884,-2.996121,-5.1178465,7.9043093,16.1689
0.1268158,-8.011169,-0.46780396,12.232466,2.1449883,-5.989764,-9.132627,8.725954,15.33515
-0.40318298,-8.370087,-1.0660095,10.220531,5.5110836,-8.204739,-12.561533,6.0038905,12.689409
-0.21655273,-7.9082794,-2.8821564,10.293534,7.831563,-8.175974,9.389785,-11.738428,12.666376
0.07058716,-7.983658,-3.8022003,7.565941,5.1877117,-4.1532254,-9.514766,0.6368124,13.042208
0.28234863,-8.401199,-3.7914276,6.2554255,3.3567998,-2.5716715,5.8771057,-3.346502,13.164107
1.7144623,-9.49472,-3.1776733,4.775365,-0.018740416,-0.95754004,2.3561552,-2.1124792,13.508988
2.0685883,-10.965103,-2.9144592,3.3472948,-2.2479432,-1.3222938,-1.3843269,2.7370005,12.738981
2.5375824,-12.177078,-2.9742737,1.638649,-3.8148823,-1.5017903,-0.7342917,-4.0068164,11.509622
4.006775,-12.473785,-2.519638,-3.1476984,-13.917223,-3.7203505,5.9560375,13.39907,8.248232
4.307083,-11.787048,-1.2837524,-5.5819063,-12.952023,-2.949641,7.0673623,11.869162,5.709292
3.9601288,-11.251053,0.61016846,-3.7834396,-9.738323,-4.2504964,3.5940018,10.111349,6.333923
0.3361969,-12.608978,1.655838,-0.064600945,-5.9201703,-6.357299,-1.4498942,8.45472,8.43428
-0.08015442,-11.077576,3.6394806,-3.305317,1.7118722,-6.5303664,4.2953014,-2.463212,4.151185
-0.73220825,-11.166107,4.845459,-3.2526894,0.76055884,-5.726263,-3.3805766,2.5683577,4.7151117
-3.090332,-12.131607,5.2857513,-3.9597712,0.37582064,-2.0049925,-0.3270194,0.52380097,5.395333
-3.9242249,-13.000198,4.3836517,-3.8345594,-0.6061239,-0.4090116,-1.3409802,-0.28381896,6.1515527
-3.571289,-12.439087,3.5820618,-3.587757,-0.8264028,0.3112347,1.8558183,0.16302228,6.6158557
-2.872589,-10.838287,2.0745697,-1.4164181,-0.89627576,-0.19041085,0.818977,0.73092353,8.525701
-1.3328094,-9.519852,-0.27278137,-0.66597843,-1.5263972,-1.5633826,-0.08934721,2.1441338,9.024161
-0.3900299,-9.389435,-1.2933197,-0.6789694,0.5815642,-4.166979,-3.4076807,2.096782,8.33895
3.763916,-8.847458,-5.6327057,-0.2884903,0.44798183,-1.602843,-1.4861361,0.6302353,9.309435
4.340576,-7.505081,-5.2570343,4.5948257,-0.62433344,3.1344347,2.3658152,-1.5659117,14.631351
3.2614136,-5.6482544,-5.700897,4.9366655,-2.9299607,6.6219873,6.8036413,-2.0867805,14.921517
1.5792694,-4.8023987,-3.2015991,4.706197,-4.793581,8.735211,9.7240305,-1.8901367,14.633787
0.7190399,-3.9110718,-1.5397797,4.4689407,-4.7850556,6.8474927,8.222356,-0.65453553,14.467207
0.55513,-3.5892334,-1.3196411,4.162924,-5.111205,5.2114205,7.0190735,0.7714772,14.361944
0.2859497,-5.5657043,-2.8989105,3.078453,-6.7489705,2.2831502,-6.142945,-3.252771,13.25947
-0.54437256,-10.331009,-1.9944153,1.9209156,-6.947837,1.8144629,-6.0687475,-3.61578,12.119886
0.2679901,-11.903091,-0.77526855,0.06567192,-5.703319,1.1946192,4.3123274,3.8924615,10.266921
0.14596558,-12.484558,-4.898102,-2.3457136,-3.9433825,2.1481657,4.3293133,1.8977115,7.9837413
3.0723877,-10.475784,-3.152542,-2.9746962,-2.5942342,0.33592832,2.1615465,1.908849,7.090821
2.5986023,-10.101303,-2.4335022,-3.5156088,-3.5727353,-0.8599616,1.7591579,3.4384794,6.498222
-3.9170532,-13.861618,2.8103638,-3.409752,-2.7854614,-1.3898509,0.8487616,3.113001,6.50427
-6.55513,-17.702103,8.799606,-1.3537273,-1.504358,-1.1325511,0.050009787,1.8922225,8.466749
-3.8009949,-12.972687,1.9369965,-0.8741665,-1.7522659,-1.0066401,0.18879074,2.039213,8.998011
-2.6237335,-8.226517,-0.3361969,-0.07530117,-2.070903,-0.98481834,0.16403013,2.2883306,9.835223
0.6652069,-6.727417,1.6510468,-2.6018114,0.5883033,0.060477138,0.4210322,-0.45272768,7.211087
1.5553284,-9.354736,2.506485,-2.7975597,0.14298224,1.6816039,2.1117992,-0.72205526,7.420541
1.8484497,-11.858826,4.924423,-2.1696033,-0.345294,1.4176123,1.9782428,-0.057768226,8.098067
2.6763763,-10.9782715,3.600006,0.042201996,-2.2476878,-0.47011042,0.34324598,2.197416,10.379743
3.0556335,-9.828522,2.7960205,2.4547367,-3.1907601,-1.6153288,-0.12909956,-3.1737635,12.760719
3.1680908,-7.0337067,1.8197479,2.8477592,-2.9678726,-0.14755833,-0.073794484,2.0224557,13.390505
2.3282166,-5.99881,0.6233368,0.64573,-2.0352163,0.9523251,1.3144119,1.3340185,11.206193
1.9477539,-5.863617,-1.2275238,-0.36594105,-1.6595387,1.1059432,1.5791501,1.2291417,10.133126
1.6821594,-5.60997,-2.9551392,-0.5663481,-2.5358357,1.2291422,-2.5925057,-1.1631243,10.240306
0.7776642,-4.8047943,-3.3403778,0.4125824,-3.0077813,1.9059169,2.5345201,1.9969302,11.368052
-0.5276184,-5.60878,-3.0520477,1.5500479,-1.9146011,2.5156846,2.6827228,0.46495658,12.039101
0.062210083,-7.360321,-2.0398865,0.8581276,-1.5907047,3.9028943,4.071822,0.0066918135,11.192121
1.6773682,-8.914459,-1.4201355,-3.3163338,-1.8024011,6.5104456,6.9967856,1.2710689,7.3445354
3.0759735,-9.298508,-1.331604,-4.34301,-2.1628804,5.5218005,6.16362,2.4433818,6.6333632
3.4145508,-9.306885,-1.0707855,-3.3591366,-2.062358,4.786575,-5.7756658,0.69626975,7.660651
2.8498535,-12.08136,-1.2693939,-1.5351782,-0.8977771,3.4104645,3.5397027,1.0334721,8.712811
3.2291107,-12.78006,-1.7312012,-2.7941341,-0.20426655,3.120975,2.9927063,1.4296892,7.239727
3.3140564,-12.661621,-1.8185425,-3.9376302,0.1910305,2.5998962,2.2078185,2.071092,6.1821504
1.8364868,-9.008972,-1.6534424,-4.8434567,0.9449916,1.8285663,1.0503072,2.4279375,5.257177
1.5744781,-9.49472,1.4560394,-5.1808834,1.78193,0.905704,-1.6780055,-1.9471052,4.884231
2.7445679,-11.144577,4.118042,-4.26422,3.3459249,-0.9860542,-1.9870503,0.8468898,4.7385635
2.1379852,-11.17926,4.922043,-2.7815228,5.277379,0.23004389,-0.60150874,-0.50373256,3.8884618
0.0035858154,-13.241882,5.67099,-2.5882006,4.72746,3.2961583,1.8614671,1.2094679,3.8918853
-1.0815582,-14.311478,5.6123657,-2.3364916,4.4615126,2.6581178,0.68699294,1.4718945,4.348496
-1.9298096,-14.100906,4.2436676,0.11546767,1.3398056,-0.2542925,0.6921537,0.22348088,8.647316
-1.5637054,-11.871994,1.6247253,0.4925492,-14.914611,2.1590204,5.09996,5.1358113,23.034025
-1.4201355,-11.278564,0.97029114,-4.992957,-13.559188,7.3328867,4.552681,11.633261,20.126183
0.57547,-9.340378,-0.16390991,-4.831484,-4.38945,1.6238155,-1.3664792,5.1124024,13.959161
1.6737823,-7.527817,-1.0588226,-4.334653,2.537384,-2.430309,2.870514,-4.7278123,9.070524
2.1343994,-7.379471,-1.6857452,-4.2074943,5.033183,0.35705423,-4.7864323,2.1308649,5.8426986
1.9190369,-5.024933,-2.6069794,-1.8279471,1.9754171,2.4499846,-0.80694747,2.6480494,7.443864
1.5649109,-4.2006073,-2.794815,-0.7725345,0.11507797,1.7542157,0.29254425,1.7942758,9.188333
0.5431671,-4.023529,-3.053238,-0.06527436,-0.57897854,1.4608564,-1.5724132,-0.032227427,9.799061
1.2909241,-5.852844,-2.6967163,0.069770455,-1.0038414,2.1318812,1.4950116,1.8197519,9.911188
1.606781,-8.137985,-2.5878448,-0.76572573,-1.3647709,3.7655337,-4.0236087,-0.661887,9.781101
2.6883392,-9.416946,-2.7828522,-2.2301123,-2.3852901,5.4864883,-6.002305,-2.119821,10.299864
3.1489563,-10.721039,-4.1946106,-2.2423656,2.2922258,6.92458,0.8317423,6.203835,5.441682
0.23330688,-11.785843,-3.3595276,-1.0660292,1.799839,6.1658654,1.6100123,4.9972177,5.9557524
-0.69750977,-12.608978,-3.1788635,-0.115557075,-0.25948906,5.2400794,-4.930929,-0.49669048,8.080857
-2.7373962,-13.103104,-0.899704,6.9059935,-3.4138231,6.020235,9.694667,1.2415462,9.557303
-5.063217,-13.277771,3.7328033,2.2195942,-4.3710985,11.070295,8.901817,8.199556,9.475752
-5.5453644,-13.6905365,5.75354,-1.1233373,-2.6432867,7.4427977,4.0319114,6.883872,9.815906
-1.1437683,-10.444672,0.6316986,-0.3997121,0.22361565,3.4397578,1.4376986,2.8716073,8.491887
0.69750977,-6.619751,-0.015548706,-1.2834945,2.2704306,-0.1557262,0.91798925,-1.7468084,8.09422
1.4584198,-6.818344,2.8713837,0.28187394,0.24492931,1.2011561,-1.0407168,0.1445769,9.115113
-0.017944336,-11.05365,5.782257,0.24081397,0.60604477,3.6246228,1.7948476,2.6693,8.013182
-0.037094116,-13.751556,6.4905243,-1.2680471,-0.33753014,2.9087744,0.5601613,3.125309,9.488058
0.99302673,-11.891129,4.3956146,-1.6909761,-0.107439995,1.960787,-0.3333611,2.5677328,9.700588
1.1652985,-9.433701,3.139389,-1.3437893,1.2763472,1.3430102,-0.8591189,1.702901,8.541521
2.096115,-7.819748,1.8711853,-1.7412882,1.2544184,1.0692358,-1.3078327,1.702395,8.738783
2.2612152,-7.574478,1.4033966,-0.672585,0.09889126,1.6107697,0.18388557,1.6890855,9.394454
2.5998077,-7.4273224,0.5539398,-0.101803064,0.5816498,1.2513902,0.28409916,1.0051358,8.8991
2.897705,-6.447464,-1.1497498,1.3364816,2.1368523,-1.7195599,-0.48634624,-2.5134044,8.14669
2.752945,-6.028717,-1.8017883,1.0290732,1.7446346,-1.2963464,-0.39357758,-1.9521536,8.458524
0.8338928,-5.674576,-2.8079834,0.8064079,1.0788145,2.842907,-2.2663171,-0.057927698,7.625662
0.5084686,-6.1423798,-2.539978,1.6597617,2.6290379,4.822526,2.4662151,2.609791,5.3311405
0.6855469,-6.2847443,-2.1128693,1.9305034,4.435131,6.5115004,2.7847195,3.560744,3.0714214
-0.06939697,-7.4895325,-1.0683899,4.8681245,4.1809006,3.7144153,-2.8666267,3.3744206,3.859282
0.60658264,-8.224136,-0.9188385,4.6807384,4.5044155,4.2095394,4.511526,0.055633485,3.5167906
1.2885284,-8.227722,-1.3674927,3.8947186,4.9516726,3.3615072,3.4261038,-0.5416266,3.56517
3.1680908,-10.608582,-1.627121,2.2661564,4.5244627,1.5243795,1.3612211,-1.2849662,4.864394
4.9543457,-12.55275,-1.9776611,0.5113221,-1.6079426,1.3811073,1.5095758,1.3368874,10.636288
5.1972046,-14.371292,-2.8055878,0.13490033,-4.878151,2.4948092,2.7097063,3.5499163,12.983787
4.7521515,-14.946762,-2.786438,0.34325433,-11.624096,4.7278066,6.310501,7.911866,17.234274
6.583847,-15.731613,-1.3423767,-1.6645525,-8.091042,3.259241,-5.7192607,-4.34277,15.03051
4.412369,-12.161514,-0.098098755,-3.16414,-6.259133,2.2439432,0.6612817,5.8698063,14.203454
2.8570251,-7.2466583,1.3794556,-6.27704,-2.9052057,-0.2863989,-4.1485505,4.1000147,13.535305
2.5040894,-8.839081,2.4705963,-2.6783285,-0.3863697,1.7594476,0.0035290718,-3.2243223,9.657948
2.617752,-10.182663,3.2039948,-0.027837992,0.7396951,2.2455482,-0.9903786,-1.057521,7.9381723
2.551941,-12.59343,4.87059,0.1262734,3.1272879,1.8752084,-0.6686199,0.008857489,6.2198486
1.5672913,-11.267807,4.8873444,-0.72648716,1.2119756,2.0511937,-0.45107877,1.3554199,7.7662015
0.7657013,-9.242279,3.9684906,-0.3214394,0.2716961,1.2475753,0.044864416,0.96893716,8.916295
-0.8159485,-7.470398,3.274582,1.3577428,-0.6687565,-0.7640786,1.1140904,-1.0020843,10.599838
-0.7884369,-6.089737,2.4382935,2.7555425,1.0866251,-0.761899,1.629544,-2.4427176,8.951095
-0.36968994,-4.8801575,1.6127625,1.8429836,2.688527,0.33253765,0.7731472,-1.7056904,7.118117
-0.34336853,-4.170685,0.77407837,1.3950245,3.5176773,1.5159922,0.64687157,-0.85037804,5.872595
-0.8147583,-4.52124,0.034698486,0.9753107,4.71319,6.709408,-3.3105972,-1.229132,2.3426883
-1.7371826,-4.0366974,-0.9224396,0.13169414,4.6368246,7.413328,1.7907937,3.6900802,2.083226
-0.45344543,-6.870987,-0.63290405,-1.0035884,2.7554235,7.385706,1.5733364,4.9023366,3.7535586
2.904892,-12.5312195,-7.299301,1.2989284,-2.8780508,-7.937737,7.576002,3.0309467,12.335609
2.416748,-12.912872,-11.21994,0.7211001,-3.301897,-12.181354,0.0,0.0,0.0
0.21894836,-13.476379,-5.69133,-1.5234221,-3.8863869,-6.771412,0.0,0.0,0.0
-1.6522369,-14.136795,-0.2141571,-3.4028847,-4.525897,-1.0722115,0.0,0.0,0.0
-2.3653107,-13.588837,4.8502502,-4.073235,-3.9496546,4.267538,0.0,0.0,0.0
-1.7718811,-11.437698,5.9102783,-3.3997784,-1.7681742,5.766616,0.0,0.0,0.0
-0.15911865,-8.306686,5.296509,-1.7565646,1.368968,5.2804346,0.0,0.0,0.0
1.1724854,-11.310867,3.5808563,-0.4469967,-1.6393156,3.4872515,0.0,0.0,0.0
1.927414,-13.038498,3.410965,0.21418941,-3.3849106,3.2023833,0.0,0.0,0.0
3.9098663,-12.958328,3.604782,1.9836282,-3.3482265,3.2793117,0.0,0.0,0.0
4.400406,-9.962524,2.1882324,2.3360753,-0.38262844,1.8214655,0.0,0.0,0.0
4.1024933,-8.037491,1.036087,1.840414,1.4962845,0.6354543,0.0,0.0,0.0
3.7459564,-6.417557,0.43669128,1.3843076,3.0924377,0.045524955,0.0,0.0,0.0
2.9838562,-5.1960144,-0.12562561,0.5230677,4.289178,-0.507769,0.0,0.0,0.0
2.145172,-4.655243,-0.16630554,-0.40567827,4.8057632,-0.5573349,0.0,0.0,0.0
1.9728851,-4.384842,-0.19262695,-0.6306834,5.0605354,-0.612947,0.0,0.0,0.0
0.49771118,-4.9830475,-0.44506836,-2.1296256,4.454788,-0.8863606,0.0,0.0,0.0
0.673584,-5.024933,-0.5635071,-1.991859,4.3992767,-1.0635884,0.0,0.0,0.0
1.4237366,-6.271591,-0.7142639,-1.262877,3.1379023,-1.3576317,0.0,0.0,0.0
0.8757782,-7.523041,-0.39361572,-1.8387179,1.8687725,-1.1654582,0.0,0.0,0.0
1.434494,-9.49472,-0.0023956299,-1.2992113,-0.11426735,-0.8416412,0.0,0.0,0.0
1.6797638,-11.718842,0.15074158,-1.0745234,-2.3532457,-0.78194034,0.0,0.0,0.0
1.0181427,-12.579071,-0.38046265,-1.7521586,-3.2287588,-1.413651,0.0,0.0,0.0
1.7048798,-12.270401,-1.8891296,-1.0435629,-2.923708,-3.0097513,0.0,0.0,0.0
2.930008,-11.164917,-3.0843506,0.20945263,-1.8152552,-4.24745,0.0,0.0,0.0
3.4121704,-9.263809,-2.300705,0.65399194,0.08335018,-3.393152,0.0,0.0,0.0
2.8127594,-9.121445,-0.22132874,-0.014513016,0.22007942,-1.176755,0.0,0.0,0.0
2.4394836,-10.626526,2.5016937,-0.47856593,-1.2890692,1.8181267,0.0,0.0,0.0
1.360321,-12.08136,5.070389,-1.5801868,-2.742978,4.5060964,0.0,0.0,0.0
0.73698425,-12.3685,5.535797,-2.1704657,-3.0235987,4.9113426,0.0,0.0,0.0
0.22372437,-13.357925,6.2033997,-2.5893686,-3.9937706,5.448748,0.0,0.0,0.0
1.8963165,-14.807983,6.6831512,-0.75377655,-5.4175425,5.6997824,0.0,0.0,0.0
1.7324066,-14.184647,6.1914215,-0.92209387,-4.810766,5.0714273,0.0,0.0,0.0
1.532608,-8.5950165,0.17826843,-1.1580603,0.7383299,-1.1705571,0.0,0.0,0.0
1.8448639,-6.0107727,-1.7060852,-0.88637805,3.2531376,-3.4062834,0.0,0.0,0.0
2.219345,-4.796417,-2.1846466,-0.50850415,4.4535255,-3.9644728,0.0,0.0,0.0
1.6163483,-4.7557373,-2.157135,-1.0710919,4.527253,-3.8227115,0.0,0.0,0.0
0.7537384,-4.6325073,-2.0243225,-1.8710063,4.6966877,-3.523397,0.0,0.0,0.0
-0.095718384,-4.566696,-1.8699951,-2.6172776,4.8198204,-3.1759205,0.0,0.0,0.0
0.033493042,-4.80838,-2.009964,-2.2342808,4.6823807,-2.98621,0.0,0.0,0.0
2.0602264,-5.5585327,-2.5244293,-0.030838966,3.992158,-3.2874076,0.0,0.0,0.0
3.3882294,-6.550354,-2.3270264,1.4671286,3.0594425,-2.6897578,0.0,0.0,0.0
3.8548431,-8.630905,-1.9465637,1.8933042,0.97714996,-2.036203,0.0,0.0,0.0
3.4695892,-13.307678,-1.02771,1.315443,-3.748314,-0.6422243,0.0,0.0,0.0
1.7682953,-13.529022,-0.71784973,-0.4718957,-4.0036764,-0.06998843,0.0,0.0,0.0
1.6319122,-11.879166,0.044265747,-0.58603287,-2.3645554,0.89474034,0.0,0.0,0.0
-2.1654968,-13.643875,-2.3485565,-4.2788773,-4.111745,-1.430678,0.0,0.0,0.0
-2.0901337,-19.444077,-1.7048798,-4.06527,-9.8672,-0.96147245,0.0,0.0,0.0
-0.4019928,-16.186249,2.843872,-2.067278,-6.5360136,3.363647,0.0,0.0,0.0
-1.5852509,-10.340576,2.445465,-3.030346,-0.64659595,2.7753768,0.0,0.0,0.0
-1.3172455,-8.252838,1.257431,-2.5012698,1.482069,1.2645943,0.0,0.0,0.0
-0.21774292,-7.8149567,3.164505,-1.2471426,1.9345856,2.925423,0.0,0.0,0.0
-0.23449707,-4.6827545,2.778061,-1.2362257,5.0596037,2.2746851,0.0,0.0,0.0
-0.015548706,-4.557129,3.534195,-1.2192613,5.105027,2.3662024,0.0,0.0,0.0
3.0245209,-3.8416748,3.8775635,1.6786045,5.73752,2.2657614,0.0,0.0,0.0
2.4502563,-10.136002,4.6372833,1.172613,-0.59661007,2.7563214,0.0,0.0,0.0
0.7896271,-9.101105,4.241272,-0.44991922,0.42498112,2.2695718,0.0,0.0,0.0
0.42233276,-7.8233337,1.8233337,-0.9211855,1.6408415,-0.36635542,0.0,0.0,0.0
-0.5659027,-8.941971,-0.16630554,-2.0240622,0.48106956,-2.4576986,0.0,0.0,0.0
-1.3615112,-11.637497,0.4175415,-2.892951,-2.209835,-1.8060286,0.0,0.0,0.0
2.1044922,-2.5220337,1.228714,0.528031,6.9494095,-0.7655115,0.0,0.0,0.0
0.3481598,-5.8612213,2.0434723,-1.2471803,3.664586,0.3451593,0.0,0.0,0.0
-2.0685883,-7.0983124,1.0420685,-3.6368494,2.4438372,-0.58836746,0.0,0.0,0.0
-0.8721771,-8.060226,-0.10887146,-2.3904138,1.4831457,-1.7790169,0.0,0.0,0.0
1.529007,-8.901306,-2.2456665,-0.021167397,0.63429165,-3.9308157,0.0,0.0,0.0
4.278366,-10.33699,-5.441284,2.5979457,-0.8147974,-7.0766454,0.0,0.0,0.0
3.172882,-11.840881,-5.1924286,1.1769276,-2.3341503,-6.537277,0.0,0.0,0.0
3.9924316,-13.878372,-3.1872406,1.7899787,-4.3736897,-4.1774945,0.0,0.0,0.0
5.3443756,-12.118454,-1.696518,2.9363773,-2.6248055,-2.189034,0.0,0.0,0.0
5.09552,-10.5798645,-2.030304,2.6816847,-1.0808573,-2.3659377,0.0,0.0,0.0
3.3044891,-11.30249,-0.44267273,0.94510627,-1.7875233,-0.70554274,0.0,0.0,0.0
2.2624207,-10.834702,3.4205475,-0.0075507164,-1.2943878,3.4153972,0.0,0.0,0.0
1.5062866,-10.41835,5.0895386,-0.6964989,-0.8645859,5.2986307,0.0,0.0,0.0
0.01914978,-11.040482,4.5272217,-2.0680394,-1.4738331,5.0687547,0.0,0.0,0.0
-1.8831482,-11.229523,3.2291107,-3.8939435,-1.6573563,3.9367275,0.0,0.0,0.0
-2.499298,-11.477173,1.9226379,-4.3868103,-1.8894281,2.7489762,0.0,0.0,0.0
-2.5830536,-12.03949,0.77526855,-4.396162,-2.439291,1.6233342,0.0,0.0,0.0
-1.4440613,-11.952148,-1.0576324,-3.1570592,-2.333354,-0.21215862,0.0,0.0,0.0
-0.43429565,-11.315659,-3.1669006,-2.008298,-1.6710777,-2.3453426,0.0,0.0,0.0
1.6773682,-9.438492,-4.8694,0.19481134,0.2140274,-3.9742532,0.0,0.0,0.0
1.434494,-7.5014954,-3.5569305,0.05440712,2.1361313,-2.3813906,0.0,0.0,0.0
1.3674927,-6.9655,-3.0436707,0.07698119,2.6547556,-1.6452211,0.0,0.0,0.0
0.46540833,-5.4843445,-2.1056824,-0.7457377,4.123789,-0.56059885,0.0,0.0,0.0
0.36489868,-5.0117645,-1.0827484,-0.72887075,4.584839,0.6140908,0.0,0.0,0.0
-0.16390991,-5.63031,-1.0899353,-1.0713589,3.9572306,0.7610053,0.0,0.0,0.0
-0.102890015,-5.6315155,-0.24526978,-0.793812,3.9633465,1.6604116,0.0,0.0,0.0
0.41993713,-6.2404785,0.03111267,-0.15136212,3.3660526,1.9175277,0.0,0.0,0.0
1.3339996,-7.410568,-2.251648,0.80967116,2.2120867,-0.43506014,0.0,0.0,0.0
1.9573364,-9.6514435,-5.77507,1.4087484,-0.018584251,-4.0208015,0.0,0.0,0.0
2.3976135,-10.553543,-8.986252,1.6795337,-0.949522,-7.137597,0.0,0.0,0.0
2.3976135,-10.553543,-8.986252,1.615078,-0.96458435,-7.086278,0.0,0.0,0.0
2.3976135,-10.553543,-8.986252,1.615078,-0.96458435,-7.086278,0.0,0.0,0.0
2.3976135,-10.553543,-8.986252,1.615078,-0.96458435,-7.086278,0.0,0.0,0.0
2.3976135,-10.553543,-8.986252,1.615078,-0.96458435,-7.086278,0.0,0.0,0.0
2.3976135,-10.553543,-8.986252,1.615078,-0.96458435,-7.086278,0.0,0.0,0.0
2.3976135,-10.553543,-8.986252,1.615078,-0.96458435,-7.086278,0.0,0.0,0.0
2.3976135,-10.553543,-8.986252,1.615078,-0.96458435,-7.086278,0.0,0.0,0.0
2.3976135,-10.553543,-8.986252,1.615078,-0.96458435,-7.086278,0.0,0.0,0.0
2.3976135,-10.553543,-8.986252,1.615078,-0.96458435,-7.086278,0.0,0.0,0.0
2.3976135,-10.553543,-8.986252,1.615078,-0.96458435,-7.086278,0.0,0.0,0.0
2.3976135,-10.553543,-8.986252,1.615078,-0.96458435,-7.086278,0.0,0.0,0.0
2.3976135,-10.553543,-8.986252,1.615078,-0.96458435,-7.086278,0.0,0.0,0.0
2.3976135,-10.553543,-8.986252,1.615078,-0.96458435,-7.086278,0.0,0.0,0.0
2.3976135,-10.553543,-8.986252,1.615078,-0.96458435,-7.086278,0.0,0.0,0.0
2.3976135,-10.553543,-8.986252,1.615078,-0.96458435,-7.086278,0.0,0.0,0.0
2.3976135,-10.553543,-8.986252,1.615078,-0.96458435,-7.086278,0.0,0.0,0.0
2.3976135,-10.553543,-8.986252,1.615078,-0.96458435,-7.086278,0.0,0.0,0.0
2.3976135,-10.553543,-8.986252,1.615078,-0.96458435,-7.086278,0.0,0.0,0.0
2.3976135,-10.553543,-8.986252,1.615078,-0.96458435,-7.086278,0.0,0.0,0.0
2.3976135,-10.553543,-8.986252,1.615078,-0.96458435,-7.086278,0.0,0.0,0.0
2.3976135,-10.553543,-8.986252,1.615078,-0.96458435,-7.086278,0.0,0.0,0.0
2.3976135,-10.553543,-8.986252,1.615078,-0.96458435,-7.086278,0.0,0.0,0.0
2.3976135,-10.553543,-8.986252,1.615078,-0.96458435,-7.086278,0.0,0.0,0.0
2.3976135,-10.553543,-8.986252,1.615078,-0.96458435,-7.086278,0.0,0.0,0.0
2.3976135,-10.553543,-8.986252,1.615078,-0.96458435,-7.086278,0.0,0.0,0.0
0.73220825,-10.862213,2.5244293,-0.05032736,-1.2732544,4.424403,0.0,0.0,0.0
0.6999054,-10.6336975,3.0269165,-1.2807493,-1.9236517,7.074447,0.0,0.0,0.0
0.6999054,-10.6336975,3.0269165,-1.221162,-1.8200932,6.8740287,0.0,0.0,0.0
0.6999054,-10.6336975,3.0269165,-1.221162,-1.8200932,6.8740287,0.0,0.0,0.0
0.6999054,-10.6336975,3.0269165,-1.221162,-1.8200932,6.8740287,0.0,0.0,0.0
0.6999054,-10.6336975,3.0269165,-1.221162,-1.8200932,6.8740287,0.0,0.0,0.0
0.6999054,-10.6336975,3.0269165,-1.221162,-1.8200932,6.8740287,0.0,0.0,0.0
0.6999054,-10.6336975,3.0269165,-1.221162,-1.8200932,6.8740287,0.0,0.0,0.0
0.6999054,-10.6336975,3.0269165,-1.221162,-1.8200932,6.8740287,0.0,0.0,0.0
0.6999054,-10.6336975,3.0269165,-1.221162,-1.8200932,6.8740287,0.0,0.0,0.0
0.6999054,-10.6336975,3.0269165,-1.221162,-1.8200932,6.8740287,0.0,0.0,0.0
0.6999054,-10.6336975,3.0269165,-1.221162,-1.8200932,6.8740287,0.0,0.0,0.0
0.6999054,-10.6336975,3.0269165,-1.221162,-1.8200932,6.8740287,0.0,0.0,0.0
0.6999054,-10.6336975,3.0269165,-1.221162,-1.8200932,6.8740287,0.0,0.0,0.0
0.6999054,-10.6336975,3.0269165,-1.221162,-1.8200932,6.8740287,0.0,0.0,0.0
0.6999054,-10.6336975,3.0269165,-1.221162,-1.8200932,6.8740287,0.0,0.0,0.0
0.6999054,-10.6336975,3.0269165,-1.221162,-1.8200932,6.8740287,0.0,0.0,0.0
0.6999054,-10.6336975,3.0269165,-1.221162,-1.8200932,6.8740287,0.0,0.0,0.0
0.6999054,-10.6336975,3.0269165,-1.221162,-1.8200932,6.8740287,0.0,0.0,0.0
0.6999054,-10.6336975,3.0269165,-1.221162,-1.8200932,6.8740287,0.0,0.0,0.0
0.6999054,-10.6336975,3.0269165,-1.221162,-1.8200932,6.8740287,0.0,0.0,0.0
0.6999054,-10.6336975,3.0269165,-1.221162,-1.8200932,6.8740287,0.0,0.0,0.0
0.6999054,-10.6336975,3.0269165,-1.221162,-1.8200932,6.8740287,0.0,0.0,0.0
0.6999054,-10.6336975,3.0269165,-1.221162,-1.8200932,6.8740287,0.0,0.0,0.0
0.6999054,-10.6336975,3.0269165,-1.221162,-1.8200932,6.8740287,0.0,0.0,0.0
0.6999054,-10.6336975,3.0269165,-1.221162,-1.8200932,6.8740287,0.0,0.0,0.0
0.6999054,-10.6336975,3.0269165,-1.221162,-1.8200932,6.8740287,0.0,0.0,0.0
0.6999054,-10.6336975,3.0269165,-1.221162,-1.8200932,6.8740287,0.0,0.0,0.0
0.6999054,-10.6336975,3.0269165,-1.221162,-1.8200932,6.8740287,0.0,0.0,0.0
0.6999054,-10.6336975,3.0269165,-1.221162,-1.8200932,6.8740287,0.0,0.0,0.0
0.6999054,-10.6336975,3.0269165,-1.221162,-1.8200932,6.8740287,0.0,0.0,0.0
0.6999054,-10.6336975,3.0269165,-1.221162,-1.8200932,6.8740287,0.0,0.0,0.0
0.6999054,-10.6336975,3.0269165,-1.221162,-1.8200932,6.8740287,0.0,0.0,0.0
0.6999054,-10.6336975,3.0269165,-1.221162,-1.8200932,6.8740287,0.0,0.0,0.0
0.6999054,-10.6336975,3.0269165,-1.221162,-1.8200932,6.8740287,0.0,0.0,0.0
0.6999054,-10.6336975,3.0269165,-1.221162,-1.8200932,6.8740287,0.0,0.0,0.0
0.6999054,-10.6336975,3.0269165,-1.221162,-1.8200932,6.8740287,0.0,0.0,0.0
0.6999054,-10.6336975,3.0269165,-1.221162,-1.8200932,6.8740287,0.0,0.0,0.0
0.6999054,-10.6336975,3.0269165,-1.221162,-1.8200932,6.8740287,0.0,0.0,0.0
0.6999054,-10.6336975,3.0269165,-1.221162,-1.8200932,6.8740287,0.0,0.0,0.0
0.6999054,-10.6336975,3.0269165,-1.221162,-1.8200932,6.8740287,0.0,0.0,0.0
0.6999054,-10.6336975,3.0269165,-1.221162,-1.8200932,6.8740287,0.0,0.0,0.0
0.6999054,-10.6336975,3.0269165,-1.221162,-1.8200932,6.8740287,0.0,0.0,0.0
0.6999054,-10.6336975,3.0269165,-1.221162,-1.8200932,6.8740287,0.0,0.0,0.0
0.6999054,-10.6336975,3.0269165,-1.221162,-1.8200932,6.8740287,0.0,0.0,0.0
0.6999054,-10.6336975,3.0269165,-1.221162,-1.8200932,6.8740287,0.0,0.0,0.0
0.6999054,-10.6336975,3.0269165,-1.221162,-1.8200932,6.8740287,0.0,0.0,0.0
0.6999054,-10.6336975,3.0269165,-1.221162,-1.8200932,6.8740287,0.0,0.0,0.0
0.6999054,-10.6336975,3.0269165,-1.221162,-1.8200932,6.8740287,0.0,0.0,0.0
0.6999054,-10.6336975,3.0269165,-1.221162,-1.8200932,6.8740287,0.0,0.0,0.0
0.6999054,-10.6336975,3.0269165,-1.221162,-1.8200932,6.8740287,0.0,0.0,0.0
0.6999054,-10.6336975,3.0269165,-1.221162,-1.8200932,6.8740287,0.0,0.0,0.0
0.6999054,-10.6336975,3.0269165,-1.221162,-1.8200932,6.8740287,0.0,0.0,0.0
0.6999054,-10.6336975,3.0269165,-1.221162,-1.8200932,6.8740287,0.0,0.0,0.0
0.6999054,-10.6336975,3.0269165,-1.221162,-1.8200932,6.8740287,0.0,0.0,0.0
-0.76091003,-4.8598175,-0.501297,-1.2745112,4.5485325,2.2170763,0.0,0.0,0.0
-0.39482117,-5.4185486,0.67477417,-1.32189,4.003089,3.2328336,0.0,0.0,0.0
1.134201,-5.97847,-0.25723267,0.049822927,3.5239458,1.9103935,0.0,0.0,0.0
1.9465637,-6.82193,-2.0626068,1.002146,2.8411474,-0.68297446,0.0,0.0,0.0
2.6656036,-10.62413,-7.0361023,1.7588785,-0.9224539,-5.92898,0.0,0.0,0.0
-0.5048828,-10.533203,-4.6456604,-1.4046326,-0.81005764,-3.7394161,0.0,0.0,0.0
-0.5096741,-11.068008,-1.4309082,-1.4264792,-1.3486462,-0.5014769,0.0,0.0,0.0
-1.4440613,-12.644867,-0.55274963,-2.422394,-2.9076462,0.07953465,0.0,0.0,0.0
-1.0959167,-13.837692,-2.1343994,-2.1801996,-4.095269,-1.851702,0.0,0.0,0.0
-1.4584198,-13.871185,-1.7563324,-2.6643257,-4.143075,-1.4733942,0.0,0.0,0.0
-2.9001007,-12.489334,1.5637054,-4.1838307,-2.7773008,2.0096226,0.0,0.0,0.0
-3.1214447,-9.536591,2.054245,-4.468231,0.1622324,2.5921955,0.0,0.0,0.0
-1.7671051,-9.077179,1.1006927,-3.234248,0.6071539,1.5819255,0.0,0.0,0.0
-0.4127655,-10.549957,0.9882355,-1.9995021,-0.8813677,1.4017899,0.0,0.0,0.0
0.49172974,-11.660217,4.1850433,-1.2778581,-2.0200043,4.509452,0.0,0.0,0.0
0.62213135,-10.91246,4.758133,-1.4205909,-1.3227215,4.944085,0.0,0.0,0.0
1.4584198,-9.041275,2.5627136,-0.7279389,0.51825905,2.6370716,0.0,0.0,0.0
1.3914337,-8.510071,0.6352997,-0.92291355,1.0192137,0.7185016,0.0,0.0,0.0
1.0217285,-7.367508,-0.15074158,-1.371146,2.1413374,0.0117177665,0.0,0.0,0.0
0.28234863,-6.3840485,-0.24047852,-2.1722496,3.1070642,0.012721956,0.0,0.0,0.0
0.42712402,-5.922241,-0.4857483,-2.033792,3.567628,-0.24772575,0.0,0.0,0.0
0.97387695,-5.5585327,-0.90927124,-1.46609,3.9386015,-0.7630489,0.0,0.0,0.0
1.3387909,-5.7690887,-1.3722839,-1.0442383,3.7436094,-1.383487,0.0,0.0,0.0
1.9322052,-7.578064,-1.450058,-0.41347933,1.9430494,-1.5787013,0.0,0.0,0.0
2.0374908,-7.8675995,-1.6642151,-0.27092838,1.6595583,-1.9378152,0.0,0.0,0.0
1.910675,-8.878571,-2.2755737,-0.3922603,0.6478739,-2.612815,0.0,0.0,0.0
2.7182465,-10.587036,-4.2065887,0.40913963,-1.0698156,-4.717398,0.0,0.0,0.0
3.049652,-10.76651,-3.8847504,0.7078967,-1.2622557,-4.481179,0.0,0.0,0.0
2.8654022,-11.246262,-3.8153534,0.4427712,-1.7654676,-4.4601707,0.0,0.0,0.0
3.3894348,-12.904495,-0.7621155,0.9482763,-3.4267654,-1.3816156,0.0,0.0,0.0
3.879959,-12.4702,-0.47018433,1.4066865,-2.9934158,-0.9640299,0.0,0.0,0.0
1.3016968,-12.312271,-0.08494568,-1.1939831,-2.8333502,-0.3883076,0.0,0.0,0.0
-0.037094116,-11.123032,1.9513397,-2.5564523,-1.6468506,1.7925669,0.0,0.0,0.0
0.40318298,-11.481964,4.445862,-2.086504,-1.9983959,4.629668,0.0,0.0,0.0
0.3672943,-11.425735,4.6731873,-2.0183394,-1.923481,5.104807,0.0,0.0,0.0
-0.28234863,-10.916061,4.2759705,-2.5720375,-1.3947725,4.798239,0.0,0.0,0.0
-1.8149567,-11.509476,3.9481506,-3.9912562,-1.9627008,4.4896207,0.0,0.0,0.0
-2.5005035,-11.918655,3.5892334,-4.476482,-2.3247137,4.0605936,0.0,0.0,0.0
-1.910675,-11.7344055,1.4033966,-3.7220333,-2.1033993,1.7682016,0.0,0.0,0.0
0.12802124,-10.437485,-2.3497467,-1.4176912,-0.75542736,-2.1524737,0.0,0.0,0.0
1.4189453,-9.346359,-3.7507477,0.07204163,0.3657837,-3.5760462,0.0,0.0,0.0
1.5625153,-6.744171,-1.9034882,0.46403897,2.9964705,-1.6142855,0.0,0.0,0.0
0.71784973,-5.6111755,-1.5613098,-0.25649762,4.139039,-1.1684378,0.0,0.0,0.0
-0.43190002,-4.9076843,-1.4536438,-1.3004354,4.8463144,-0.9287083,0.0,0.0,0.0
-0.95832825,-4.8586273,-0.8279114,-1.680078,4.886036,0.003352642,0.0,0.0,0.0
-0.7537384,-4.9543457,-0.0993042,-1.4212564,4.777423,0.90939915,0.0,0.0,0.0
-0.4247284,-5.5334015,0.03111267,-1.0172267,4.1884174,1.17373,0.0,0.0,0.0
0.056228638,-6.3840485,-1.0480499,-0.5013393,3.3374405,0.114771724,0.0,0.0,0.0
1.9058838,-9.221939,-3.8656006,1.3857617,0.5041914,-2.7244384,0.0,0.0,0.0
2.8749695,-10.421936,-5.83609,2.3622074,-0.690773,-4.735215,0.0,0.0,0.0
1.6307068,-11.113464,-4.1766663,1.1130497,-1.3890772,-3.019637,0.0,0.0,0.0
-0.48214722,-12.896118,-2.774475,-1.0066948,-3.183074,-1.5286772,0.0,0.0,0.0
-1.2933197,-13.213165,-2.745758,-1.8603268,-3.5083504,-1.4552304,0.0,0.0,0.0
-0.77049255,-12.2034,-3.6071777,-1.3587018,-2.50031,-2.3131752,0.0,0.0,0.0
-0.20698547,-12.960724,0.015548706,-0.8512168,-3.2719116,1.3875083,0.0,0.0,0.0
-1.3232269,-12.43071,1.9441681,-2.0357728,-2.7724857,3.4873362,0.0,0.0,0.0
-3.0029907,-10.077377,4.639679,-3.7651603,-0.44570732,6.3190913,0.0,0.0,0.0
-1.9322052,-10.236496,2.5830536,-2.728197,-0.60639095,4.2557335,0.0,0.0,0.0
-0.7082825,-10.939987,0.82432556,-1.5317779,-1.2906475,2.367857,0.0,0.0,0.0
-0.19262695,-11.188843,3.0293121,-1.1230881,-1.5263252,4.4222875,0.0,0.0,0.0
0.2033844,-10.065414,4.975876,-0.8362709,-0.40580654,6.310597,0.0,0.0,0.0
0.9296112,-9.114258,3.4671936,-0.17432272,0.5458784,4.745274,0.0,0.0,0.0
1.0372925,-8.934799,1.5852509,-0.092880964,0.73377895,2.773397,0.0,0.0,0.0
0.53359985,-8.108078,-0.23568726,-0.5955374,1.5677271,0.89313674,0.0,0.0,0.0
0.16270447,-6.9678955,-1.3471527,-0.9487649,2.7203083,-0.31093764,0.0,0.0,0.0
0.098098755,-5.6566315,-1.956131,-0.99194777,4.053542,-1.1226285,0.0,0.0,0.0
0.76091003,-4.956726,-2.219345,-0.3351717,4.766959,-1.5720898,0.0,0.0,0.0
1.5122681,-5.50589,-2.629715,0.38459027,4.2304783,-2.3105445,0.0,0.0,0.0
1.6342926,-7.289734,-1.9286194,0.47162104,2.4468145,-1.7936759,0.0,0.0,0.0
1.0205383,-7.8999023,-0.99780273,-0.19778645,1.8306856,-1.0394487,0.0,0.0,0.0
1.3268127,-8.233704,-1.002594,0.08777976,1.4933844,-1.1402158,0.0,0.0,0.0
2.5387878,-10.310669,-2.148758,1.2971474,-0.58499527,-2.3487105,0.0,0.0,0.0
3.4456635,-10.528412,-2.2959137,2.2030745,-0.80552006,-2.5988069,0.0,0.0,0.0
2.6811523,-11.255844,-2.0985107,1.4286097,-1.535696,-2.4452624,0.0,0.0,0.0
2.848648,-12.046661,-1.8675995,1.6058619,-2.3247766,-2.2005022,0.0,0.0,0.0
3.907486,-11.496323,-2.054245,2.667231,-1.7722712,-2.3280728,0.0,0.0,0.0
3.6430664,-11.040482,-1.4775696,2.392142,-1.3150444,-1.624006,0.0,0.0,0.0
1.421341,-9.665802,1.9142609,0.15628207,0.058835983,1.876555,0.0,0.0,0.0
1.0947113,-11.107483,7.0301056,-0.19726753,-1.387517,7.183211,0.0,0.0,0.0
0.928421,-12.294327,7.618744,-0.41980648,-2.5908394,8.060328,0.0,0.0,0.0
1.0528412,-13.160522,6.283554,-0.3350228,-3.4668484,6.8097577,0.0,0.0,0.0
-0.89372253,-14.554337,3.591629,-2.310401,-4.8652754,4.125958,0.0,0.0,0.0
-1.3710938,-14.970688,2.7768707,-2.7843647,-5.2810793,3.3102949,0.0,0.0,0.0
-0.48095703,-13.399811,-2.967102,-1.829778,-3.7006226,-2.4409616,0.0,0.0,0.0
0.80996704,-11.041687,-3.3224335,-0.3769343,-1.3281736,-2.6826632,0.0,0.0,0.0
1.524231,-8.865402,-2.0219421,0.47383583,0.84774494,-1.1723293,0.0,0.0,0.0
