-1.168,-3.13,3.736,-1.7419457,10.968742,3.875093,0.3433839,-5.8504977,-0.39226276
-1.8,-2.014,3.652,-1.742657,11.12623,3.0666714,0.3121669,-5.229777,-0.62341845
-2.875,-0.937,2.976,-1.9442087,11.264939,2.6317987,0.43779433,-4.8594003,-0.86104614
-3.38,-0.606,2.074,-2.0978785,11.205598,2.9453073,0.7548105,-5.241999,-0.7096747
-3.38,-1.963,0.202,-2.1495314,11.006437,4.3474126,1.1476873,-6.551078,-0.21474427
-2.123,-2.726,-1.213,-1.833934,10.995516,5.558633,1.1855798,-7.8317833,0.19308332
-0.236,-3.911,-3.86,-1.4232448,11.371554,5.254444,0.70008326,-7.7494235,-0.11319814
2.266,-10.034,-13.201,-1.2756662,12.060766,3.9341307,0.25295627,-6.8771834,-0.9268117
0.501,-15.769,-11.647,-1.4359636,13.094639,4.074611,0.2960407,-7.3197746,-1.87527
0.755,-18.976,-7.504,-1.6734684,14.109265,6.0620074,0.7847991,-9.485824,-2.3598242
-1.209,-14.511,-8.478,-1.1136528,14.879274,8.40562,0.6243752,-12.0188875,-2.3771098
-2.267,-8.608,-10.835,-0.91512775,15.299789,10.197634,0.69126505,-13.935672,-2.2030108
-6.524,-9.455,-14.982,-1.5243301,15.433146,10.06008,1.1803308,-13.78559,-2.452026
-5.205,19.151,0.15,-0.9899906,14.985188,8.206506,0.21774039,-12.132967,-2.260925
-2.819,18.051,7.14,-0.37421393,14.523493,9.621067,-0.002363386,-13.399303,-1.3331687
-1.236,-10.703,-2.138,-1.3330778,13.914868,12.168577,1.4128613,-15.273121,-0.59577656
3.247,-3.611,4.957,-2.5927467,14.200364,10.914318,2.188843,-13.931143,-1.5347444
-1.854,-7.689,7.001,-2.8378916,14.877708,7.573748,1.4484601,-10.947736,-3.0312073
-1.743,-13.361,1.222,-2.3665688,15.209519,6.4593067,0.6559152,-10.022594,-3.526398
7.111,-19.068,-0.122,-1.9063809,14.939217,7.018489,0.32321382,-10.348772,-3.1884315
-0.66,-8.928,-1.157,-2.04774,14.323905,7.4149246,0.6328836,-10.46608,-2.619502
-3.094,-5.309,-1.451,-2.9338129,13.738977,6.7876396,1.272566,-9.462725,-2.533376
-2.157,-5.196,-0.623,-3.6177766,13.224888,4.9816284,1.5697,-7.493853,-2.610304
-0.849,-8.103,-1.071,-4.3041153,12.675529,4.0214047,1.9704115,-6.3616185,-2.4821024
-0.477,-9.669,0.748,-4.7591944,12.096041,4.1409116,2.5187557,-6.2705145,-2.0444183
1.268,-10.574,3.676,-4.939115,11.56289,4.3294554,2.7958279,-6.3104534,-1.5600123
-0.405,-8.746,3.254,-4.4209566,11.204556,3.926711,2.3075094,-5.9185047,-1.1547709
-1.986,-9.769,-0.469,-3.7113047,10.81384,3.8974738,1.7557055,-5.9228125,-0.5731867
2.543,-14.332,-5.46,-3.1599922,10.523024,3.8120022,1.2932694,-5.869472,-0.14963955
5.238,-16.285,-5.469,-3.07612,10.299347,3.6269925,1.2320677,-5.6954446,0.07330139
1.822,-10.162,-1.854,-3.2917295,10.250598,3.7421355,1.4730606,-5.773501,0.09013708
3.192,-12.377,-2.922,-3.2570972,10.393837,3.5606823,1.3749446,-5.690411,-0.044630624
8.314,-15.355,-2.544,-3.243231,10.606206,3.665851,1.333202,-5.8686028,-0.2048784
7.309,-13.887,-3.69,-3.5964115,10.8765745,3.7287188,1.6099552,-6.0025992,-0.5139237
2.338,-14.369,-3.899,-4.131757,11.1942005,3.7738552,2.0568898,-6.071663,-0.9417276
3.54,-14.881,-1.684,-3.8344865,11.897029,3.47574,1.6219022,-6.088456,-1.5345814
3.347,-14.451,0.08,-3.9083447,12.563936,4.0475426,1.7005086,-6.8253174,-2.0269272
-1.4,-13.6,0.506,-4.1033487,13.246971,5.009774,2.1017325,-7.9751706,-2.4161546
-2.445,-15.299,3.012,-4.4543715,13.998362,5.7437067,2.506507,-8.876997,-2.9879582
-4.622,-19.094,3.55,-4.5993805,14.676418,5.6299915,2.7558808,-9.115344,-3.5186648
-8.044,18.051,-4.08,-4.212313,15.253256,5.495201,2.3549576,-9.272445,-3.9439352
-7.598,18.308,-6.357,-3.5587063,15.694637,6.533814,2.228245,-10.517205,-3.8352
-1.122,-19.319,0.678,-3.1017065,15.691637,6.9028134,1.880282,-10.939096,-3.620845
5.394,18.45,0.538,-1.0673234,15.651422,6.8051977,0.14650893,-10.978895,-3.302863
6.363,19.335,-0.978,1.0573866,14.788502,10.831969,-0.7315077,-14.62457,-1.2719887
0.442,-8.051,2.191,0.22736669,13.612727,14.598944,1.1243453,-17.426157,0.1344148
-1.641,-3.508,3.79,-0.15507603,13.212075,14.027405,10.019226,-13.240118,0.02577369
-1.678,-2.811,4.136,0.10374284,13.34414,11.558845,0.40384966,-14.168044,-0.7189002
-1.678,-2.811,4.136,0.58834267,13.434265,10.007435,-0.48774037,-12.678556,-1.1473776
-2.575,0.237,3.362,0.92878795,13.3213215,8.759328,-1.1442896,-11.413199,-1.3053089
3.346,-13.567,-3.004,0.4569955,12.787506,8.188503,4.6083174,-9.549538,-1.0722498
4.986,-15.274,-1.902,-1.0085135,11.97381,6.97491,0.37326702,-8.9763155,-0.7917034
2.561,-16.886,-1.2,-1.6027787,11.644477,5.8322196,0.7252319,-7.734374,-0.7683684
2.938,-16.132,-0.578,-1.6027787,11.644477,5.8322196,0.7252319,-7.734374,-0.7683684
-2.625,-15.206,1.105,-1.6027787,11.644477,5.8322196,0.7252319,-7.734374,-0.7683684
-7.278,-16.362,3.129,-3.01316,11.024455,1.8603274,1.3737081,-3.6086333,-1.109816
-8.772,18.858,-0.878,-3.0050273,11.05376,1.7977146,2.8671215,-2.5781593,-1.1286266
-8.772,18.858,-0.878,-2.7462666,11.749111,1.3783106,1.0254376,-3.4854925,-1.7814116
-5.264,18.535,-5.57,-2.7061505,11.9495125,1.8185635,1.1494331,-4.027937,-1.8499275
6.664,18.201,0.521,-2.117988,11.789394,3.9902096,1.1819297,-6.146915,-1.1576542
4.21,-14.069,-0.796,-1.2354409,11.388824,7.555824,5.2437105,-8.088618,0.0393643
-0.734,-5.387,2.705,-1.0105827,11.216545,8.876757,1.4845182,-10.785575,0.47409943
-1.971,-2.261,3.317,-1.2045634,11.329294,7.571871,5.376347,-8.073061,0.16000834
-2.1,-1.913,3.198,-1.4620671,11.736503,6.1393948,1.1704233,-8.360295,-0.50406766
-2.664,-1.064,2.625,-1.9736407,13.604589,5.020863,1.1329556,-7.782217,-2.5360703
-3.206,-0.117,1.932,-1.7562801,14.7644005,5.846635,0.97622603,-8.965586,-3.3812387
-3.373,-1.355,0.33,-1.2719355,15.20101,7.744569,0.8910543,-11.091911,-3.1872883
-2.073,-2.377,-1.401,-1.5593741,15.260551,10.152092,1.7134016,-13.338081,-2.7448833
-0.315,-3.228,-3.168,-1.762701,15.044752,8.766983,1.4388112,-12.061265,-2.7936435
1.783,-6.918,-8.675,-1.1729188,15.145356,7.369008,0.43868843,-10.915733,-3.0663517
4.607,-13.375,-15.311,-1.8121216,14.310728,9.841216,1.4686348,-12.678992,-2.1104186
5.136,-18.295,-11.463,-2.9844482,13.517811,12.256576,3.2111752,-14.412724,-1.320956
-3.355,-18.624,-7.343,-4.0842085,13.50694,12.059285,3.836199,-13.720064,-2.0924296
-4.534,-16.646,-7.4,-4.1265483,13.717654,9.384633,3.087609,-11.123288,-2.8429706
-6.862,-12.886,-12.393,-2.743966,13.869074,7.366637,1.2000152,-9.215013,-3.1467814
-3.728,19.251,-9.027,-1.3790016,13.899923,6.6160426,-0.3028181,-8.665362,-2.987931
-3.088,-11.566,7.779,-1.2923163,13.32209,6.346519,4.2235446,-6.8934283,-2.6057942
-3.672,-7.456,-0.864,-2.8887749,12.138666,7.250661,1.4571166,-8.181985,-1.9914961
2.835,-7.613,4.67,-2.9147828,12.137457,7.327099,1.433615,-8.170548,-2.0545115
-0.903,-9.746,6.425,-3.9837828,11.025457,8.225099,7.264307,-5.5304933,-1.2263471
1.638,-17.134,1.875,-3.473835,10.94062,5.7978406,1.9495963,-6.4588575,-1.1414961
5.481,-19.245,0.884,-3.141109,10.803344,4.906028,1.5338461,-5.7202215,-0.94389987
0.879,-12.617,-1.937,-2.752198,10.486088,4.88407,1.3497634,-5.813852,-0.47751567
-3.433,-6.089,-2.009,-2.4442272,10.03585,5.3646975,4.575777,-4.6648707,0.17473711
-2.729,-4.749,-1.199,-2.1419535,10.141306,4.316804,0.8894428,-5.645813,0.14215067
-0.509,-7.584,-0.741,-1.9855943,10.511501,2.5679858,2.3319376,-3.6187568,-0.3173552
0.492,-10.952,-0.103,-1.9592894,10.777576,1.8814291,-0.075833574,-3.884367,-0.60683584
0.924,-10.843,2.014,-2.0405362,11.073237,2.8255918,3.0381076,-3.8735926,-0.7066523
1.318,-8.855,3.681,-2.7122302,11.247385,5.623955,1.3034139,-7.5101094,-0.55617404
-0.65,-8.117,2.2,-3.956545,11.71266,6.2701917,6.7005773,-5.0424104,-1.2311187
-0.817,-11.788,-2.103,-4.6195116,12.941585,5.1189823,2.0809488,-7.299968,-2.7396102
1.593,-13.98,-5.141,-4.8598566,13.9222145,4.461258,5.613844,-4.517995,-3.810308
4.42,-13.176,-4.648,-5.076972,15.172482,5.900271,1.6659971,-8.655462,-4.791312
2.155,-10.069,-3.565,-4.8566084,15.685787,7.8137255,1.5414473,-10.510888,-4.9524136
2.581,-12.02,-2.921,-3.880168,15.641515,7.989358,0.49638182,-10.617194,-4.704426
4.899,-15.391,-3.055,-3.3062725,15.371008,8.739481,-0.0030235818,-11.014632,-4.415016
4.332,-15.187,-3.267,-2.9043293,13.812548,13.185295,0.89471126,-14.67935,-2.7149243
0.941,-14.913,-3.674,-4.0379877,13.190226,14.232391,2.121603,-15.087103,-2.871148
2.098,-16.1,-2.431,-4.424926,13.149609,12.626302,2.0100152,-13.21595,-3.3544343
2.626,-15.104,-1.0,-3.5187852,13.039367,11.561577,1.005366,-12.105175,-3.175298
1.631,-13.877,0.436,-2.210752,12.688499,10.491425,-0.18970281,-11.062581,-2.5844266
0.675,-16.065,5.857,-1.9227359,12.224238,9.152081,-0.47516176,-9.613586,-2.2034569
-1.227,-17.96,5.786,-2.7652752,11.21345,7.907145,0.42800045,-8.079014,-1.6151496
-6.636,18.051,-6.325,-3.5242517,10.56543,7.498244,1.3890064,-7.378499,-1.3244191
-5.477,18.837,-5.106,-3.294259,10.428794,6.7869806,1.1487399,-6.733327,-1.102873
0.329,-19.52,1.456,-1.9670621,10.590509,4.7371974,-0.3880318,-5.1526756,-0.76541907
5.075,19.602,0.89,-2.7051187,10.233138,5.0362797,0.5639583,-5.3278747,-0.61902136
4.467,-13.265,0.197,-3.8653588,9.599916,5.893305,2.1407058,-5.9575872,-0.28071594
-0.18,-5.971,3.023,-4.040311,9.467443,5.183319,2.339485,-5.391191,-0.10724363
-1.465,-3.638,3.713,-3.6961572,9.883863,4.1796503,1.845643,-4.7487445,-0.33557948
-1.972,-0.838,3.779,-2.5824542,10.893673,3.4470985,0.5306073,-4.630945,-0.9402776
-2.425,0.377,3.49,-1.3384103,11.784633,4.1849585,-0.55925184,-5.9064593,-1.2831552
-2.773,0.439,2.293,-1.3559935,11.908845,7.307758,0.22143587,-8.977021,-0.98347026
-3.325,-0.553,0.845,-1.9194589,11.813209,10.462104,1.5510309,-11.937525,-0.57514393
-2.271,-1.283,-1.728,-2.4865944,12.390282,9.997454,1.7373495,-11.683938,-1.1532108
0.076,-4.779,-6.951,-2.6129756,13.522268,7.4540386,0.8215307,-9.644029,-2.5043142
3.481,-11.54,-14.434,-2.354345,14.512359,7.18208,0.0855807,-9.6327505,-3.4197102
5.258,-16.596,-12.295,-1.4498122,14.532691,8.578989,-0.73390716,-10.948714,-3.0963407
0.056,-18.682,-7.589,-2.235313,13.28399,11.906996,0.6560436,-13.4151945,-2.1449096
-5.438,-15.151,-6.88,-4.0930967,12.105708,14.385822,2.7576315,-14.993661,-1.9338391
-5.423,-6.926,-7.959,-5.3281956,11.994595,12.248297,2.9432847,-12.483703,-2.7542043
-9.31,-4.443,-9.796,-3.9236884,12.258846,10.312704,0.67247,-10.53681,-2.86418
-7.565,-16.072,-0.395,-4.232859,11.691531,12.203636,0.86111283,-11.942623,-2.849178
2.578,18.051,-0.009,-6.632303,10.282252,15.312106,3.5005043,-14.309152,-3.1226714
6.033,-12.127,0.884,-8.218152,9.438015,15.517275,5.172118,-14.12875,-3.2711
1.489,-0.669,3.978,-8.019156,9.363744,12.380639,4.729903,-10.965944,-2.9465044
-2.946,-4.777,5.939,-6.1405635,9.625088,8.735651,2.7261841,-7.645644,-2.0581074
-0.395,-14.254,2.66,-4.593837,9.759208,5.0070305,0.89102423,-4.2371554,-1.2689276
5.73,-19.046,1.48,-4.4247193,9.349848,5.8457937,1.1640149,-5.0435824,-0.8881381
1.442,-13.516,-0.709,-4.938757,8.556413,10.010888,2.8282359,-9.051215,-0.58074725
-2.944,-8.426,-1.92,-4.784575,8.298014,8.4937935,2.7325308,-7.779805,0.013711201
-3.424,-6.311,-0.5,-4.087673,8.844508,4.1162167,1.2479763,-3.8667653,0.04098024
-1.971,-7.355,0.258,-3.3252344,9.51422,2.7737036,0.17680225,-2.894999,-0.23619479
0.649,-8.964,-0.335,-3.2330077,9.494755,5.9150667,0.8223809,-6.0900946,-0.08400957
1.66,-11.248,1.814,-3.564152,8.991818,9.608125,2.1420565,-9.71593,0.48547378
-0.685,-8.653,3.805,-3.7641702,9.153174,9.737014,2.3943946,-10.0242195,0.50391126
-1.617,-10.463,0.28,-2.970849,10.230724,6.341308,0.55837756,-7.1526265,-0.3044332
0.155,-14.874,-5.077,-2.5585976,11.3642645,6.137954,-0.41224876,-7.2047386,-1.2064891
3.244,-12.346,-4.931,-3.7939236,11.453349,11.075507,1.4573722,-11.845863,-1.4090328
5.263,-10.066,-3.264,-5.077235,11.762829,12.878233,2.6673124,-13.5343895,-2.0127065
5.789,-12.019,-1.881,-4.2988377,12.789374,9.626987,0.7437467,-10.587449,-2.9244037
3.689,-13.288,-3.599,-3.5098553,13.316358,7.5645537,-0.8738047,-8.468981,-3.3986442
4.334,-14.016,-3.902,-4.109459,12.107744,10.748794,0.30531797,-10.984837,-2.7735684
5.477,-14.571,-2.229,-5.1516743,11.454261,13.839309,1.589173,-13.47055,-3.049679
2.483,-14.622,-2.661,-6.4222035,11.160036,15.2917,2.7568214,-14.448299,-3.731216
2.981,-15.17,-1.975,-5.985318,11.282099,13.265354,1.8641796,-12.266835,-3.7995625
0.744,-13.894,-0.575,-5.2478657,11.195787,10.579795,0.75995386,-9.475633,-3.4014032
-1.891,-13.079,0.401,-5.474086,10.613416,8.824011,0.8852898,-7.481098,-2.9887714
-1.658,-14.494,3.044,-5.9618044,10.144646,8.908403,1.4763305,-7.3888845,-2.8835611
-3.672,19.475,1.391,-6.6307774,9.30773,12.809115,2.7714982,-10.863633,-3.1923804
-4.929,18.051,-4.674,-6.040481,9.146506,13.888323,2.6757085,-12.012347,-2.904588
-5.574,18.412,-5.457,-4.875019,9.622866,8.1685505,1.2112049,-6.6054206,-1.9403483
0.132,18.584,2.585,-4.467108,9.784125,5.954876,0.8176981,-4.5797715,-1.5732361
4.893,18.67,-0.812,-3.9257536,9.726617,6.7999725,0.6896504,-5.593226,-1.3512392
3.87,-13.056,-0.498,-3.8271668,9.694027,7.6577816,0.969241,-6.580056,-1.2850777
-0.07,-4.963,2.889,-3.930028,9.72475,7.7062435,1.3371587,-6.8059635,-1.2066565
-0.792,-4.075,3.31,-3.7642293,10.070868,6.3091674,1.1699784,-5.696457,-1.2196336
-1.193,-3.456,3.21,-3.2833169,10.73531,5.1656504,0.4910221,-4.7738647,-1.5810666
-2.69,-1.174,3.016,-2.6758232,11.053861,5.51339,0.29865724,-5.5165854,-1.5609981
-4.1,0.475,2.188,-3.064983,11.150463,8.880111,1.4594523,-8.909307,-1.642262
-4.18,0.133,1.131,-3.9946165,11.811719,8.846886,2.2660675,-8.876074,-2.433503
-2.464,-0.82,-0.679,-4.7850466,13.260601,6.422397,2.4082487,-6.7329254,-3.9358208
0.665,-3.473,-4.707,-4.786662,14.372419,5.4971795,2.1269526,-6.0468154,-4.978805
1.729,-8.853,-9.853,-2.272053,14.37795,8.622947,0.36600867,-9.251483,-4.353824
-1.583,-13.209,-11.394,-0.94064355,12.132388,16.79904,1.3320761,-16.856028,-2.2094767
0.328,-17.438,-9.672,-2.3783433,10.042493,-19.200798,-4.779549,18.929157,0.11016377
3.334,-19.281,-8.435,-3.3132684,10.18692,17.646027,4.205829,-16.82781,-1.3857187
0.241,-14.969,-12.052,-2.5690393,11.588588,10.896361,1.6318647,-10.4921255,-2.3126864
-6.141,-16.168,-12.61,-2.018443,12.323766,9.154156,0.40099958,-8.805161,-2.9234812
-4.249,-19.576,4.507,-2.3945353,12.002449,10.485199,0.9761366,-9.815809,-2.9381142
-11.151,-9.523,4.052,-2.5232131,11.358894,11.826377,1.493798,-10.855884,-2.6501827
0.804,-7.808,-5.085,-2.0249138,11.0039835,12.425359,1.2660671,-11.342383,-2.4132068
6.179,-7.37,11.927,-1.769267,10.82852,11.395343,0.92918795,-10.292162,-2.1703672
-2.953,-12.027,4.149,-2.1462383,10.529015,9.027058,0.91907287,-7.8771133,-1.7718084
3.678,-18.74,-1.289,-2.2554853,10.348216,7.703279,0.8494932,-6.5199194,-1.5195278
6.684,-15.799,-0.038,-2.0514336,10.089344,5.7427626,0.32181755,-4.6593046,-1.0178545
0.716,-8.213,-1.736,-2.018698,9.824572,5.167609,0.15603209,-4.0584183,-0.7198139
-2.858,-4.48,-1.504,-2.4665275,9.3699465,5.2377963,0.6706364,-4.0211973,-0.42537767
-1.858,-5.547,-0.62,-3.277859,8.882575,6.2127943,1.6479157,-4.783713,-0.32467702
-0.618,-8.659,-0.35,-4.2338767,8.439085,6.8307295,2.6358333,-5.2524614,-0.25648957
-0.416,-10.158,1.067,-4.2488036,8.386486,5.8475747,2.4705827,-4.415249,-0.04126468
-0.474,-9.67,3.148,-4.417802,8.575834,5.675031,2.5607924,-4.330993,-0.19098686
0.524,-10.443,3.24,-5.277602,8.871002,6.9488325,3.5991733,-5.5584083,-0.7282489
-0.899,-11.363,-0.347,-5.760385,9.702015,7.610953,4.0771136,-6.329012,-1.5317141
0.406,-12.696,-4.498,-4.9014225,11.51831,5.9332156,2.572256,-5.212469,-2.7676144
4.166,-12.66,-5.184,-4.661731,13.479251,4.7703447,1.6406002,-4.4979553,-4.4501004
3.926,-10.233,-3.521,-5.231991,14.301798,7.1918736,2.3962135,-6.9513745,-5.345074
3.006,-11.956,-2.257,-5.3526964,13.908994,8.9906,2.8717852,-8.740654,-4.968199
4.212,-14.138,-3.345,-5.2574368,13.346579,10.473272,3.0841587,-10.116976,-4.4620547
7.535,-14.426,-3.088,-4.9156604,12.929533,12.511374,3.1045635,-12.084483,-4.0569
7.395,-14.18,-2.818,-5.3294935,12.48353,14.558504,3.8476026,-13.980886,-3.8287027
3.521,-15.346,-2.565,-5.9913845,12.359214,14.991213,4.505404,-14.309219,-3.916723
2.928,-16.637,-1.606,-7.0431085,12.677581,13.772629,5.295569,-13.009684,-4.4312167
0.911,-15.212,0.754,-5.1569395,13.675295,11.719129,3.15424,-11.357441,-4.753744
-0.226,-15.508,3.056,-1.3459088,14.1578865,10.998199,-0.4302348,-11.153535,-4.2870054
-3.876,-18.497,4.525,1.5165999,12.888792,13.326622,-2.2533693,-13.609262,-2.672541
-9.662,18.224,-1.106,-0.07312298,9.794176,17.837017,0.8970434,-17.301672,-0.8675215
-9.932,18.051,-7.018,-2.5386927,8.826154,18.045475,3.2724593,-16.814526,-0.98908854
-4.271,19.272,-1.456,-3.8477616,9.361436,11.935345,2.9816756,-10.578256,-1.3335627
4.541,18.43,3.492,-3.1611793,10.033113,7.781853,1.3468875,-6.707997,-1.3469284
6.693,-19.305,-1.661,-1.2237458,10.980588,4.05536,-1.3998088,-3.391885,-1.3760358
2.08,-9.86,1.242,-0.42965174,11.067678,4.1104126,-2.229727,-3.4561007,-1.268425
-2.081,-2.484,3.967,-1.6749841,10.217184,7.85443,-0.32266104,-6.754589,-1.2910926
-2.45,-0.635,4.075,-3.2860441,9.169734,11.67139,2.0320148,-10.194475,-1.2860051
-2.449,0.87,3.747,-3.8387523,8.7224245,10.922225,2.5603416,-9.529486,-0.8115057
-2.35,0.784,3.22,-3.9814687,8.894919,7.292335,2.062438,-6.2012577,-0.46177575
-2.548,-1.294,1.864,-3.9692714,9.6154,5.248513,1.5022936,-4.4584293,-0.8527815
-2.511,-1.534,1.626,-4.3408375,10.495693,6.988521,1.9092261,-6.3712296,-1.752078
-2.261,-1.515,0.711,-4.4907885,11.494257,8.881326,2.164311,-8.56587,-2.5668993
-1.43,-1.833,-1.31,-3.7576914,12.967536,7.1687737,0.7320843,-7.4889317,-3.4993076
0.674,-10.018,-13.339,-3.3677604,14.003855,7.9633417,0.0784118,-8.702166,-4.162271
1.14,-16.602,-14.722,-3.7586975,13.706245,10.759544,0.7937094,-11.549638,-3.7481549
-0.167,18.051,-6.048,-4.4200735,13.142417,9.892126,0.9928098,-10.6712265,-3.4316885
-4.228,-13.509,-8.182,-5.5013866,12.397299,11.380498,2.0104344,-11.873083,-3.172643
-4.534,-7.637,-8.806,-7.895321,11.752586,14.991199,4.58909,-15.087775,-3.4784832
-8.334,-14.135,-7.505,-9.073074,11.814384,14.887042,5.4491053,-15.120253,-3.802526
-3.851,18.108,1.695,-7.110756,12.218607,10.989137,9.695099,-7.6088653,-3.1829054
2.734,-19.024,-0.617,-5.247536,13.0828,9.170367,1.1345849,-10.796811,-3.035996
2.734,-19.024,-0.617,-4.458999,14.002998,10.29496,7.8255982,-9.788005,-3.0349946
1.067,-3.214,4.383,-3.5324943,14.605591,7.1652694,-0.71637636,-10.178217,-3.3475735
-1.488,-8.442,5.095,-3.8293295,14.443666,2.7733955,2.8436098,-5.6579814,-4.0091424
2.771,-15.163,1.41,-6.5319643,13.094209,5.0889616,1.8994977,-7.8212047,-3.4312918
5.095,-16.612,-0.745,-8.84285,11.349139,11.222727,12.410143,-6.8226514,-1.699362
-0.123,-11.166,-1.576,-9.342871,11.0506115,12.96594,6.2557826,-14.62839,-1.3466573
-2.862,-6.04,-2.09,-9.253891,11.45715,12.218605,13.252688,-7.5097547,-1.7763087
-1.808,-5.475,-1.367,-7.7211843,12.4218645,7.704624,3.6592562,-10.1023,-2.756553
-0.813,-7.993,-0.103,-6.0128655,12.681284,4.633023,5.7107315,-5.1387334,-2.8193302
-0.475,-10.3,1.981,-5.3442144,12.33916,4.412305,1.5099679,-7.290002,-2.229122
0.654,-10.657,3.221,-5.283179,11.7778635,5.359466,6.382534,-5.3368893,-1.4243252
-1.215,-10.084,1.483,-4.8523536,11.487456,5.029824,2.0134091,-7.725055,-1.0135075
-1.427,-11.483,-1.829,-3.759838,11.546243,4.782221,5.0215874,-5.9658318,-0.6582558
2.349,-13.458,-4.978,-2.4269857,11.756754,4.831668,0.31843212,-8.065882,-0.307534
6.797,-12.349,-5.018,-2.6231627,11.419031,4.2048106,4.388924,-6.1680098,-0.07508552
5.548,-10.43,-3.587,-3.1236138,11.698279,1.9862802,0.94379807,-5.776961,-0.97704136
4.017,-13.165,-2.845,-2.4923463,12.928963,-0.09877801,1.9243573,-4.242595,-2.5090666
2.177,-14.974,-4.188,-0.46996188,13.1191845,0.7594762,-1.5658151,-5.97291,-1.8029685
5.021,-14.9,-3.244,0.43626642,12.215717,6.281263,4.913612,-9.494658,1.1708974
5.407,-14.933,-2.74,0.46886468,12.040512,7.939533,-0.10714712,-12.039506,1.8524808
3.664,-16.423,-1.212,-0.09893513,13.66088,5.5575,-0.36293036,-10.468814,-0.5754241
2.306,-16.183,-0.042,-0.20198298,14.921062,3.5847065,-0.99740136,-9.158492,-2.467562
-0.259,-13.501,-0.193,-0.50490844,14.543715,4.9457183,-0.4995813,-9.959913,-1.8888725
-2.085,-15.025,2.737,-1.1955396,13.402731,6.4837723,0.45570326,-10.519735,-0.7871867
-5.373,-18.599,2.394,-1.9273163,12.424662,5.467143,0.75753176,-8.812854,-0.66885364
-5.851,18.051,-3.49,-2.386195,11.663964,4.875889,0.9253917,-7.6235576,-0.5152344
-5.099,18.92,-5.136,-2.269181,11.169235,6.506882,1.0623481,-8.76581,0.09724717
-0.07,-19.012,1.059,-1.7027699,11.333737,13.765717,1.8888152,-15.783845,1.5513089
6.138,-18.677,-1.506,-3.23793,10.969494,6.8698015,1.4805156,-9.187658,0.24614623
1.643,-10.699,0.782,-5.3392334,11.754503,-1.6753757,1.0278503,-1.3753487,-3.0981781
-1.912,-4.655,3.406,-4.687264,11.94043,-2.3514593,0.10077984,-1.0608778,-3.190967
-1.784,-2.716,3.369,-4.3307514,11.511017,-1.0042716,0.111950725,-2.198854,-2.3350143
-1.751,-1.365,3.07,-4.4299335,11.672548,1.9376652,0.6116846,-4.8355417,-1.8497062
-2.1,-0.488,3.341,-4.2863126,12.199469,7.2924714,1.1547748,-9.983214,-1.119537
-2.53,0.117,2.987,-4.6623263,11.997043,8.827683,1.6250397,-11.4556265,-0.6681861
-2.576,-0.779,1.789,-5.3984933,11.8929,5.390933,1.5141047,-8.218261,-1.5869727
-1.456,-2.165,-1.809,-6.3998766,12.5926895,4.378624,1.7976679,-7.4816766,-2.8226619
0.269,-6.008,-8.946,-6.9522867,13.206957,4.1882715,1.9770335,-7.52394,-3.6016033
-4.749,-17.58,-4.96,-4.720145,-17.897476,-14.761467,16.326311,-7.698996,-5.5125327
-1.956,18.051,8.562,-1.927145,17.733524,-1.2394667,0.0,0.0,0.0
-3.098,-14.601,-1.772,-3.0691452,-14.918476,-11.573467,0.0,0.0,0.0
2.967,0.099,5.871,2.9958549,-0.21847609,-3.9304671,0.0,0.0,0.0
-1.528,-5.63,9.086,-1.499145,-5.9474764,-0.7154665,0.0,0.0,0.0
-0.318,-15.709,0.205,-0.28914508,-16.026476,-9.596467,0.0,0.0,0.0
7.556,18.051,0.061,7.584855,17.733524,-9.740467,0.0,0.0,0.0
3.152,-15.232,-0.264,3.1808548,-15.549477,-10.065467,0.0,0.0,0.0
-0.499,-9.846,-2.033,-0.2909369,-10.474235,-11.817295,0.0,0.0,0.0
-0.499,-9.846,-2.033,-0.2909369,-10.474235,-11.817295,0.0,0.0,0.0
0.117,-9.452,1.895,0.9044219,-10.620684,-7.8098702,0.0,0.0,0.0
1.963,-12.274,3.958,3.265182,-13.878299,-5.628495,0.0,0.0,0.0
-1.397,-9.123,3.581,0.19621491,-11.055851,-5.9003563,0.0,0.0,0.0
-2.102,-10.755,-1.024,-0.47109985,-12.948534,-10.442012,0.0,0.0,0.0
1.353,-13.794,-5.904,3.2411513,-16.300686,-15.194952,0.0,0.0,0.0
4.804,-13.419,-5.499,7.1066513,-16.213879,-14.612551,0.0,0.0,0.0
4.305,-11.484,-2.508,6.9810896,-14.460875,-11.460493,0.0,0.0,0.0
1.01,-10.51,-3.326,3.8819234,-13.60451,-12.177352,0.0,0.0,0.0
1.344,-12.192,-4.008,4.3227715,-15.373894,-12.792809,0.0,0.0,0.0
3.964,-14.395,-2.496,7.045068,-17.666298,-11.212422,0.0,0.0,0.0
6.646,-14.047,-2.758,9.841146,-17.34726,-11.422277,0.0,0.0,0.0
4.558,-15.021,-2.083,7.7884636,-18.28996,-10.746048,0.0,0.0,0.0
5.378,-16.341,-0.439,8.561291,-19.428722,-9.1856,0.0,0.0,0.0
4.246,-16.14,1.593,7.3157215,-18.854918,-7.316344,0.0,0.0,0.0
-2.217,-15.155,-0.16,0.55117726,-17.320015,-9.315342,0.0,0.0,0.0
-6.96,-17.063,2.394,-4.3618455,-18.909006,-6.8802767,0.0,0.0,0.0
-7.652,18.306,-1.561,-5.5493646,17.356821,-11.09244,0.0,0.0,0.0
-6.001,18.164,-6.115,-3.7880266,17.840673,-15.663223,0.0,0.0,0.0
-1.477,-19.112,-0.917,1.0965242,-18.772364,-10.37385,0.0,0.0,0.0
6.006,18.467,1.913,8.424448,19.378073,-7.5469894,0.0,0.0,0.0
6.798,-17.999,-1.83,8.7197275,-16.490145,-11.327404,0.0,0.0,0.0
0.317,-6.978,2.203,2.0457838,-5.176128,-7.280404,0.0,0.0,0.0
-1.655,-3.911,3.662,-0.78471786,-1.4794552,-5.7984753,0.0,0.0,0.0
-1.585,-3.985,3.665,-1.0425054,-1.3635778,-5.769204,0.0,0.0,0.0
-2.634,-2.172,3.283,-2.6831326,0.74774337,-6.078788,0.0,0.0,0.0
-3.362,-0.56,2.991,-3.9621122,2.5405293,-6.293232,0.0,0.0,0.0
-3.517,0.285,2.238,-4.620867,3.4372113,-6.982382,0.0,0.0,0.0
-2.983,-0.295,0.28,-4.532607,2.7832925,-8.901134,0.0,0.0,0.0
-0.827,-1.635,-2.751,-2.7187943,1.2581522,-11.928209,0.0,0.0,0.0
1.726,-6.092,-8.464,-0.35002267,-3.4689715,-17.68247,0.0,0.0,0.0
1.525,-12.649,-12.795,-0.6145624,-10.26637,-22.064074,0.0,0.0,0.0
-1.258,-17.609,-9.084,-3.579925,-15.335385,-18.336552,0.0,0.0,0.0
-1.096,18.051,-6.774,-3.5620952,20.259403,-16.00502,0.0,0.0,0.0
-2.876,-14.436,-9.414,-5.642391,-12.1582985,-18.5425,0.0,0.0,0.0
-2.9,-7.959,-10.607,-5.8891,-5.5695696,-19.636192,0.0,0.0,0.0
-5.949,-7.488,-14.096,-9.057274,-5.072453,-23.077879,0.0,0.0,0.0
2.484,18.051,3.701,-0.66459894,20.72782,-5.1923304,0.0,0.0,0.0
-0.943,19.5,9.453,-3.750022,22.206282,0.45483017,0.0,0.0,0.0
-5.592,-12.006,-4.77,-8.393472,-9.250467,-13.754942,0.0,0.0,0.0
4.119,-6.022,3.878,1.2839639,-3.2368605,-5.087262,0.0,0.0,0.0
0.023,-7.445,8.127,-2.1606965,-5.154204,-1.1549225,0.0,0.0,0.0
-0.632,-14.322,1.588,-2.2838297,-12.459206,-7.8973475,0.0,0.0,0.0
5.103,-17.111,0.612,3.716724,-15.604013,-8.978495,0.0,0.0,0.0
2.066,-12.836,-0.808,0.99889946,-11.83758,-10.505156,0.0,0.0,0.0
-2.17,-7.667,-2.167,-2.8247464,-7.2234206,-11.941709,0.0,0.0,0.0
-2.266,-6.376,-1.376,-2.4703462,-6.4877524,-11.179882,0.0,0.0,0.0
-1.567,-7.949,-0.499,-1.2392776,-8.624252,-10.276883,0.0,0.0,0.0
-1.264,-9.38,0.685,-0.38798302,-10.535186,-9.013893,0.0,0.0,0.0
-0.102,-9.289,2.795,1.2797393,-10.810506,-6.7938576,0.0,0.0,0.0
1.196,-9.678,3.846,2.9492626,-11.469123,-5.634946,0.0,0.0,0.0
-0.047,-10.788,1.4,1.822566,-12.85362,-8.00257,0.0,0.0,0.0
0.53,-13.161,-3.966,2.5524545,-15.577382,-13.252613,0.0,0.0,0.0
3.965,-13.305,-5.391,6.3224907,-16.087301,-14.494373,0.0,0.0,0.0
3.951,-11.574,-4.216,6.608037,-14.590753,-13.160816,0.0,0.0,0.0
2.729,-10.111,-3.817,5.5838823,-13.280348,-12.64736,0.0,0.0,0.0
3.35,-14.511,-4.116,6.3214254,-17.797493,-12.864714,0.0,0.0,0.0
5.432,-14.527,-3.334,8.467659,-17.899183,-12.02788,0.0,0.0,0.0
7.108,-14.279,-3.027,10.194098,-17.680294,-11.6917305,0.0,0.0,0.0
4.187,-15.333,-2.159,7.2913523,-18.672981,-10.841045,0.0,0.0,0.0
2.399,-15.68,0.187,5.436881,-18.832567,-8.588134,0.0,0.0,0.0
0.507,-14.269,0.803,3.341078,-16.981218,-8.184895,0.0,0.0,0.0
-2.377,-16.314,1.843,0.100999355,-18.454123,-7.400903,0.0,0.0,0.0
-7.805,18.704,2.61,-5.595677,17.221851,-6.828884,0.0,0.0,0.0
-11.522,18.051,-3.614,-9.483116,17.231766,-13.1713085,0.0,0.0,0.0
-8.754,18.619,-5.279,-6.5897865,18.11699,-14.830677,0.0,0.0,0.0
1.848,-18.607,2.164,4.4033947,-18.487247,-7.303098,0.0,0.0,0.0
6.477,19.406,-0.143,8.77767,20.150545,-9.646838,0.0,0.0,0.0
6.129,-16.704,-1.555,8.010759,-15.314232,-11.078545,0.0,0.0,0.0
1.06,-7.971,2.12,2.757521,-6.2678814,-7.38727,0.0,0.0,0.0
-2.484,-2.49,3.897,-1.6467655,-0.24307466,-5.6119814,0.0,0.0,0.0
-2.913,-1.333,3.929,-2.353278,1.0649366,-5.563472,0.0,0.0,0.0
-2.377,-0.638,3.646,-2.6787019,2.086712,-5.7696943,0.0,0.0,0.0
-2.102,-0.101,2.519,-2.699265,2.667554,-6.8697567,0.0,0.0,0.0
-2.256,-0.855,1.066,-3.6386166,1.8704741,-8.252291,0.0,0.0,0.0
-2.189,-1.73,-0.215,-3.7833657,0.9329872,-9.517519,0.0,0.0,0.0
-0.672,-2.722,-2.313,-2.692411,-0.42323184,-11.629866,0.0,0.0,0.0
0.817,-7.146,-8.545,-1.2667987,-5.025385,-17.890114,0.0,0.0,0.0
1.46,-14.326,-15.203,-0.81114435,-12.595317,-24.58474,0.0,0.0,0.0
2.136,-18.992,-11.136,-0.2819252,-17.347813,-20.496592,0.0,0.0,0.0
-0.065,18.163,-8.849,-2.5891688,19.896326,-18.16536,0.0,0.0,0.0
-4.161,-11.612,-8.697,-6.9162188,-9.7807665,-17.928778,0.0,0.0,0.0
-5.868,-6.575,-9.593,-9.110658,-4.6013145,-18.635132,0.0,0.0,0.0
-7.564,-14.88,-12.543,-10.86204,-12.847183,-21.551937,0.0,0.0,0.0
0.631,18.051,-0.181,-2.552083,20.503386,-9.126622,0.0,0.0,0.0
-3.072,-9.641,1.601,-5.9956694,-7.258093,-7.451309,0.0,0.0,0.0
-1.327,-3.146,-0.275,-4.2368197,-0.7457311,-9.327185,0.0,0.0,0.0
1.118,-3.653,6.354,-1.3842497,-1.5318341,-2.887742,0.0,0.0,0.0
0.199,-14.308,3.085,-1.7189374,-12.680148,-6.3935013,0.0,0.0,0.0
5.564,-19.171,0.342,4.0051327,-17.914669,-9.258101,0.0,0.0,0.0
3.668,-14.035,-0.355,2.3405702,-13.225765,-10.037635,0.0,0.0,0.0
0.565,-10.027,-1.007,-0.42060548,-9.796469,-10.7612705,0.0,0.0,0.0
-3.546,-3.985,-1.526,-4.088104,-4.3672214,-11.310191,0.0,0.0,0.0
-0.566,-7.908,-0.07,-0.87556505,-8.59637,-9.847561,0.0,0.0,0.0
0.111,-10.573,0.404,0.33241206,-11.837857,-9.318215,0.0,0.0,0.0
0.915,-11.377,2.203,1.6558385,-13.097584,-7.423065,0.0,0.0,0.0
1.552,-10.786,3.132,2.7386765,-12.820276,-6.38766,0.0,0.0,0.0
-0.935,-10.036,0.106,0.4719239,-12.300484,-9.331324,0.0,0.0,0.0
0.114,-11.278,-3.771,1.5865299,-13.797278,-13.133439,0.0,0.0,0.0
2.699,-13.73,-5.214,4.376205,-16.594933,-14.4416485,0.0,0.0,0.0
2.557,-11.99,-3.716,4.610544,-15.206669,-12.749624,0.0,0.0,0.0
0.82,-9.479,-2.83,3.2135155,-12.902332,-11.702557,0.0,0.0,0.0
3.548,-13.33,-2.22,6.1240683,-16.858002,-10.999947,0.0,0.0,0.0
5.398,-14.114,-2.511,8.148735,-17.739954,-11.197558,0.0,0.0,0.0
6.033,-13.618,-3.253,8.900483,-17.327587,-11.866181,0.0,0.0,0.0
4.761,-14.246,-2.818,7.7218447,-17.980215,-11.388846,0.0,0.0,0.0
5.551,-16.461,0.141,8.526999,-20.158,-8.440724,0.0,0.0,0.0
4.941,-16.576,1.404,7.8800173,-20.09234,-7.2659435,0.0,0.0,0.0
0.506,-15.889,0.54,3.3588076,-19.033281,-8.299986,0.0,0.0,0.0
-6.313,-16.997,0.908,-3.7328086,-19.594633,-8.189543,0.0,0.0,0.0
-9.535,-18.898,1.758,-7.2868557,-20.874025,-7.580712,0.0,0.0,0.0
-9.163,18.313,-2.294,-7.215043,16.923191,-11.804218,0.0,0.0,0.0
-6.983,18.921,-6.216,-4.824244,18.168898,-15.752483,0.0,0.0,0.0
-0.708,-18.411,-0.211,1.8416994,-18.51257,-9.67985,0.0,0.0,0.0
6.578,18.639,1.383,9.018496,19.114206,-8.1032295,0.0,0.0,0.0
4.865,-15.152,-0.705,6.862537,-14.037953,-10.2412,0.0,0.0,0.0
0.364,-8.491,1.908,1.9504501,-6.838557,-7.6273546,0.0,0.0,0.0
-1.906,-3.89,3.626,-0.8986907,-1.8491037,-5.912892,0.0,0.0,0.0
-2.02,-2.797,3.288,-1.5599151,-0.4348917,-6.218796,0.0,0.0,0.0
-2.546,-1.212,2.685,-2.5902777,1.3453656,-6.7822223,0.0,0.0,0.0
-3.028,-0.404,2.126,-3.5050445,2.2453024,-7.3039536,0.0,0.0,0.0
-3.073,-0.991,1.14,-3.9072332,1.6373885,-8.27095,0.0,0.0,0.0
-2.496,-2.185,0.134,-3.6206017,0.30891037,-9.283329,0.0,0.0,0.0
-0.634,-2.795,-1.605,-1.9696231,-0.5364144,-11.054089,0.0,0.0,0.0
1.894,-6.744,-10.108,0.44064152,-4.786041,-19.606659,0.0,0.0,0.0
1.638,-12.161,-15.717,0.08453798,-10.39445,-25.237316,0.0,0.0,0.0
0.907,-14.388,-12.595,-0.81183666,-12.660489,-22.094036,0.0,0.0,0.0
0.246,18.927,-7.12,-1.5677527,20.702923,-16.592422,0.0,0.0,0.0
-3.164,-14.89,-8.779,-5.364569,-12.951434,-18.136875,0.0,0.0,0.0
-5.796,-7.212,-12.336,-8.144956,-5.2185106,-21.646145,0.0,0.0,0.0
-5.244,-19.036,-5.081,-7.707455,-16.735392,-14.290178,0.0,0.0,0.0
-1.868,18.051,5.327,-4.117489,20.49688,-3.8994756,0.0,0.0,0.0
-0.768,-11.489,-0.715,-2.9129682,-9.046738,-9.967289,0.0,0.0,0.0
1.959,-6.003,3.038,-0.088118196,-3.5943928,-6.245227,0.0,0.0,0.0
-0.837,-8.397,8.407,-2.386407,-6.3534827,-1.0583973,0.0,0.0,0.0
-0.403,-15.533,1.533,-1.4625325,-13.952675,-8.087309,0.0,0.0,0.0
5.205,-18.16,0.041,4.4373083,-16.962685,-9.661962,0.0,0.0,0.0
1.052,-13.266,-0.98,0.67836475,-12.586161,-10.75592,0.0,0.0,0.0
-2.525,-7.09,-1.535,-2.3556309,-6.9793277,-11.339563,0.0,0.0,0.0
-1.614,-5.042,-0.903,-0.9052885,-5.523531,-10.672147,0.0,0.0,0.0
-0.062,-7.236,0.043,1.2250328,-8.31863,-9.618358,0.0,0.0,0.0
0.329,-9.929,0.773,2.2047062,-11.586573,-8.708801,0.0,0.0,0.0
-0.128,-10.008,3.004,2.2921693,-12.110409,-6.2638493,0.0,0.0,0.0
0.742,-9.827,3.419,3.6251802,-12.280436,-5.627454,0.0,0.0,0.0
-0.314,-10.541,0.94,2.847498,-13.269622,-7.9329896,0.0,0.0,0.0
-0.497,-12.889,-2.787,2.763896,-15.904801,-11.530105,0.0,0.0,0.0
1.965,-13.304,-5.26,5.441575,-16.692423,-13.780704,0.0,0.0,0.0
4.215,-11.254,-4.34,8.0387945,-14.984526,-12.563877,0.0,0.0,0.0
3.346,-10.789,-4.152,7.39268,-14.700687,-12.182783,0.0,0.0,0.0
4.137,-13.693,-3.269,8.343421,-17.760612,-11.138622,0.0,0.0,0.0
4.67,-14.439,-3.805,8.968379,-18.633335,-11.55754,0.0,0.0,0.0
7.373,-14.301,-3.055,11.722404,-18.57104,-10.737435,0.0,0.0,0.0
6.446,-15.151,-2.114,10.819035,-19.430788,-9.777576,0.0,0.0,0.0
5.174,-16.291,0.199,9.471569,-20.406675,-7.5960298,0.0,0.0,0.0
1.79,-15.175,0.377,6.039343,-19.136078,-7.5238442,0.0,0.0,0.0
-3.34,-15.41,0.369,0.71335816,-18.917004,-7.843285,0.0,0.0,0.0
-5.001,-16.776,2.754,-1.2218635,-19.678896,-5.8169794,0.0,0.0,0.0
-8.541,18.764,0.084,-5.0524397,16.482035,-8.792538,0.0,0.0,0.0
-8.692,18.151,-1.911,-5.3474593,16.172134,-10.914806,0.0,0.0,0.0
-7.925,18.051,-6.849,-4.6279535,16.381317,-15.932611,0.0,0.0,0.0
-1.905,-19.552,-1.507,1.7318609,-20.567228,-10.557576,0.0,0.0,0.0
2.264,-10.158,-3.589,5.960593,-10.869011,-12.644386,0.0,0.0,0.0
2.264,-10.158,-3.589,5.960593,-10.869011,-12.644386,0.0,0.0,0.0
2.264,-10.158,-3.589,5.960593,-10.869011,-12.644386,0.0,0.0,0.0
2.264,-10.158,-3.589,5.960593,-10.869011,-12.644386,0.0,0.0,0.0
2.264,-10.158,-3.589,5.960593,-10.869011,-12.644386,0.0,0.0,0.0
2.264,-10.158,-3.589,5.960593,-10.869011,-12.644386,0.0,0.0,0.0
2.264,-10.158,-3.589,5.960593,-10.869011,-12.644386,0.0,0.0,0.0
-5.69,-17.599,3.038,-2.1504288,-18.007534,-6.098461,0.0,0.0,0.0
-6.241,18.051,-5.66,-2.870289,18.244627,-14.867127,0.0,0.0,0.0
-5.083,18.091,-6.742,-1.54456,18.91851,-15.850515,0.0,0.0,0.0
2.804,18.893,1.979,6.34244,19.72051,-7.1295147,0.0,0.0,0.0
6.625,-19.34,-1.158,9.345948,-17.552769,-10.4085455,0.0,0.0,0.0
1.872,-11.193,0.493,4.3702416,-9.129028,-8.762764,0.0,0.0,0.0
-1.476,-4.838,2.945,0.5134984,-2.2779448,-6.3101826,0.0,0.0,0.0
-1.626,-3.08,3.02,-0.23527467,-0.15218735,-6.235494,0.0,0.0,0.0
-2.045,-2.355,2.82,-1.2036135,0.88097286,-6.3990517,0.0,0.0,0.0
-2.225,-1.942,3.016,-1.8681327,1.4711589,-6.1705856,0.0,0.0,0.0
-2.499,-1.008,2.393,-2.6309142,2.4844055,-6.7697544,0.0,0.0,0.0
-2.982,-0.754,1.257,-3.5419695,2.6984854,-7.904723,0.0,0.0,0.0
-2.556,-1.13,-0.296,-3.472913,2.209619,-9.470781,0.0,0.0,0.0
-0.703,-2.739,-3.243,-1.8085997,0.34182477,-12.487272,0.0,0.0,0.0
0.363,-5.176,-6.201,-0.80107415,-2.252615,-15.489119,0.0,0.0,0.0
1.228,-14.541,-14.976,-0.1925509,-11.824108,-24.29109,0.0,0.0,0.0
1.798,18.927,-8.51,0.34121025,21.614716,-17.827957,0.0,0.0,0.0
-3.304,19.332,-7.224,-4.7974977,22.043447,-16.529263,0.0,0.0,0.0
-4.145,-6.284,-7.89,-6.194865,-3.330993,-17.014044,0.0,0.0,0.0
-6.996,-4.247,-9.818,-9.105143,-1.2530966,-18.915165,0.0,0.0,0.0
-7.112,-13.895,-13.322,-9.377983,-10.716774,-22.318363,0.0,0.0,0.0
4.066,18.051,2.582,1.8325329,21.380943,-6.3674974,0.0,0.0,0.0
-1.548,-16.554,3.012,-3.4321523,-13.209404,-6.012081,0.0,0.0,0.0
0.037,-7.548,-1.379,-1.873049,-4.173646,-10.386542,0.0,0.0,0.0
2.067,-5.043,6.871,0.6844326,-2.0512753,-2.3652587,0.0,0.0,0.0
-0.257,-10.935,3.247,-1.3812647,-8.170446,-6.0945015,0.0,0.0,0.0
5.046,-17.341,1.195,4.417802,-15.160952,-8.345605,0.0,0.0,0.0
5.819,-17.559,1.833,5.302284,-15.627926,-7.767746,0.0,0.0,0.0
-0.641,-11.212,-0.915,-0.8580391,-10.179008,-10.664676,0.0,0.0,0.0
-4.132,-6.322,-2.348,-4.2339973,-5.5737376,-12.12553,0.0,0.0,0.0
-4.331,-6.047,-1.119,-3.7680073,-6.186636,-10.90848,0.0,0.0,0.0
-2.827,-8.86,0.307,-1.990726,-9.303529,-9.453855,0.0,0.0,0.0
-0.329,-10.748,1.795,1.3019063,-11.923547,-7.8033657,0.0,0.0,0.0
1.698,-11.36,4.311,3.5966592,-12.726676,-5.212533,0.0,0.0,0.0
-0.768,-9.555,3.214,1.6440262,-11.344335,-6.121459,0.0,0.0,0.0
-1.274,-11.244,-2.544,1.1771942,-13.159509,-11.844153,0.0,0.0,0.0
1.398,-12.819,-4.84,4.0944967,-15.190341,-13.96557,0.0,0.0,0.0
3.895,-12.557,-4.732,6.7487864,-15.099758,-13.763094,0.0,0.0,0.0
3.315,-9.909,-3.271,6.685457,-12.767572,-12.025368,0.0,0.0,0.0
2.717,-10.331,-3.793,6.2754755,-13.347426,-12.419053,0.0,0.0,0.0
3.01,-13.586,-3.606,6.6888943,-16.738914,-12.132151,0.0,0.0,0.0
5.067,-14.581,-2.42,8.782242,-17.779741,-10.913259,0.0,0.0,0.0
4.548,-14.0,-3.404,8.3284645,-17.222326,-11.859477,0.0,0.0,0.0
3.031,-14.734,-3.167,6.809337,-17.920803,-11.636878,0.0,0.0,0.0
3.435,-16.582,-1.2,7.1866016,-19.60172,-9.742667,0.0,0.0,0.0
2.32,-14.747,0.256,6.0131197,-17.418291,-8.427056,0.0,0.0,0.0
0.022,-13.545,0.332,3.4820502,-15.698912,-8.58759,0.0,0.0,0.0
-2.724,-15.662,1.995,0.41881967,-17.177061,-7.170022,0.0,0.0,0.0
-6.353,-19.469,2.572,-3.6015508,-20.3775,-6.796805,0.0,0.0,0.0
-6.952,18.051,-3.834,-4.3958836,17.762644,-13.297272,0.0,0.0,0.0
-4.871,-19.588,-4.849,-1.9915984,-19.219679,-14.216164,0.0,0.0,0.0
5.493,18.669,2.233,8.420383,19.670134,-7.072834,0.0,0.0,0.0
6.584,18.494,0.005,8.918822,20.146622,-9.37518,0.0,0.0,0.0
3.518,-14.246,-0.822,5.4298825,-11.979883,-10.169716,0.0,0.0,0.0
-1.303,-6.363,2.445,0.0572021,-3.6988864,-6.894312,0.0,0.0,0.0
-2.045,-3.545,3.277,-1.2932179,-0.53469944,-6.025863,0.0,0.0,0.0
-1.713,-2.305,2.895,-1.5037556,0.97624016,-6.344051,0.0,0.0,0.0
-2.095,-1.637,2.631,-2.3800635,1.8284577,-6.5385003,0.0,0.0,0.0
-2.458,-1.167,2.326,-2.966793,2.3251464,-6.8236675,0.0,0.0,0.0
-2.974,-0.873,1.353,-3.8760715,2.5980253,-7.7743564,0.0,0.0,0.0
-2.931,-1.426,0.096,-4.15258,1.9057952,-9.04606,0.0,0.0,0.0
-0.905,-3.969,-4.238,-2.3555658,-0.898031,-13.437748,0.0,0.0,0.0
0.089,-6.599,-7.465,-1.5024797,-3.802255,-16.72868,0.0,0.0,0.0
1.81,-15.788,-13.564,0.0459224,-13.154118,-22.844143,0.0,0.0,0.0
2.575,18.465,-8.942,0.6839136,21.074606,-18.203972,0.0,0.0,0.0
-2.503,-18.621,-8.813,-4.475027,-15.994802,-18.053375,0.0,0.0,0.0
-4.416,-8.919,-8.479,-6.7068233,-6.1602516,-17.60653,0.0,0.0,0.0
-7.834,-5.803,-10.552,-10.338402,-2.9559147,-19.595919,0.0,0.0,0.0
-4.476,-15.675,-9.609,-7.1604147,-12.663794,-18.547508,0.0,0.0,0.0
2.4,18.051,6.1,-0.20653296,21.343964,-2.7618718,0.0,0.0,0.0
-2.28,-12.666,0.301,-4.6222467,-9.347427,-8.62488,0.0,0.0,0.0
1.198,-3.694,-1.295,-1.1647453,-0.33279157,-10.199498,0.0,0.0,0.0
1.598,-4.601,7.88,-0.42037153,-1.4686501,-1.1911039,0.0,0.0,0.0
-1.98,-11.78,2.289,-3.416573,-9.087641,-7.0307555,0.0,0.0,0.0
1.025,-16.22,0.049,-0.17675996,-13.709295,-9.354325,0.0,0.0,0.0
5.426,-17.65,0.557,4.5323925,-15.802129,-9.032432,0.0,0.0,0.0
-2.069,-8.436,-1.972,-2.8364906,-6.867069,-11.6218605,0.0,0.0,0.0
-3.577,-5.854,-1.278,-4.048589,-4.8181553,-11.01838,0.0,0.0,0.0
-3.083,-5.9,-1.294,-3.258848,-5.4340963,-11.087997,0.0,0.0,0.0
