-4.731092,-6.75509,-0.51325697,-2.3971944,2.7271454,-1.4140754,-0.8392691,3.1073084,7.6103997
-4.731092,-6.75509,-0.51325697,-2.3971944,2.7271454,-1.4140754,-0.8392691,3.1073084,7.6103997
-2.2267573,-8.72073,-1.7965491,0.24241292,0.6877344,-3.0445268,-2.9142451,0.28248903,8.698537
-2.2267573,-8.72073,-1.7965491,0.24241292,0.6877344,-3.0445268,-2.9142451,0.28248903,8.698537
-1.6736966,-8.653692,-2.366369,0.95034844,0.66992754,-3.901651,-3.7706597,-0.3176144,8.304733
-1.6736966,-8.653692,-2.366369,0.95034844,0.66992754,-3.901651,-3.7706597,-0.3176144,8.304733
-2.1118355,-8.948179,-0.9849147,0.66259533,0.2928408,-2.7395654,-2.6558578,-0.25908813,8.853197
-2.1118355,-8.948179,-0.9849147,0.66259533,0.2928408,-2.7395654,-2.6558578,-0.25908813,8.853197
-3.1700728,-9.218724,-0.7694366,-0.24346039,-0.0676362,-2.7355251,-2.6677213,0.5098288,9.394127
-3.1700728,-9.218724,-0.7694366,-0.24346039,-0.0676362,-2.7355251,-2.6677213,0.5098288,9.394127
-2.2650645,-10.147675,-1.6624738,0.8017583,-1.1080664,-3.9100306,-4.0861106,-0.66853124,9.68124
-2.2650645,-10.147675,-1.6624738,0.8017583,-1.1080664,-3.9100306,-4.0861106,-0.66853124,9.68124
-0.24435821,-11.526734,-0.9825205,2.947412,-2.6068368,-3.5161846,-4.151982,-3.2177703,10.310075
-0.24435821,-11.526734,-0.9825205,2.947412,-2.6068368,-3.5161846,-4.151982,-3.2177703,10.310075
-2.415899,-12.996775,-1.3201029,0.8940847,-4.173991,-4.035726,-5.1043487,-1.7314724,12.142611
-2.415899,-12.996775,-1.3201029,0.8940847,-4.173991,-4.035726,-5.1043487,-1.7314724,12.142611
-3.3592145,-13.437307,-1.9880853,0.057161566,-4.681562,-4.7876554,-5.995974,-1.0432836,12.599917
-3.3592145,-13.437307,-1.9880853,0.057161566,-4.681562,-4.7876554,-5.995974,-1.0432836,12.599917
-3.5842695,-13.576171,-1.8635868,-0.07496844,-4.8626237,-4.679617,-5.957529,-1.0175916,12.810337
-3.5842695,-13.576171,-1.8635868,-0.07496844,-4.8626237,-4.679617,-5.957529,-1.0175916,12.810337
-1.6880618,-14.818762,-1.2219406,1.9006969,-6.1296053,-4.0132804,-5.7302513,-3.3976924,13.399936
-1.6880618,-14.818762,-1.2219406,1.9006969,-6.1296053,-4.0132804,-5.7302513,-3.3976924,13.399936
-0.5436334,-14.095713,-0.30256724,3.095254,-5.4086514,-3.0348003,-4.5906696,-4.3756356,12.6038
-0.5436334,-14.095713,-0.30256724,3.095254,-5.4086514,-3.0348003,-4.5906696,-4.3756356,12.6038
-1.7574937,-12.431743,0.7628525,1.8798972,-3.7062242,-1.8459295,-2.919973,-2.7752852,11.9159775
-1.7574937,-12.431743,0.7628525,1.8798972,-3.7062242,-1.8459295,-2.919973,-2.7752852,11.9159775
-4.0128317,-10.482862,0.6096236,-0.44472298,-1.6666636,-1.7808372,-2.1515057,0.12150371,11.032729
-4.0128317,-10.482862,0.6096236,-0.44472298,-1.6666636,-1.7808372,-2.1515057,0.12150371,11.032729
-6.435764,-11.184363,0.27682957,-3.0029275,-2.2328923,-1.7866731,-2.0473883,2.3751378,12.520088
-6.435764,-11.184363,0.27682957,-3.0029275,-2.2328923,-1.7866731,-2.0473883,2.3751378,12.520088
-8.904185,-13.032687,-0.45100775,-5.643732,-3.9278376,-2.0771196,-2.2350788,4.447484,14.985435
-8.904185,-13.032687,-0.45100775,-5.643732,-3.9278376,-2.0771196,-2.2350788,4.447484,14.985435
-9.256133,-14.737359,1.2847885,-6.152799,-5.4957404,0.21936873,0.21075517,4.116188,16.95668
-9.256133,-14.737359,1.2847885,-6.152799,-5.4957404,0.21936873,0.21075517,4.116188,16.95668
-5.454141,-12.48681,0.80115974,-2.490269,-3.1516674,0.30885202,0.39622167,1.3686337,13.574971
-5.454141,-12.48681,0.80115974,-2.490269,-3.1516674,0.30885202,0.39622167,1.3686337,13.574971
-5.3847094,-11.787703,-2.4501662,-2.5706244,-2.3934536,-2.4265234,-1.9977485,2.2393486,12.842999
-5.3847094,-11.787703,-2.4501662,-2.5706244,-2.3934536,-2.4265234,-1.9977485,2.2393486,12.842999
-4.54195,-11.96248,-3.7645829,-1.9381063,-2.5224411,-3.2366614,-2.7186494,1.8677711,12.923726
-4.54195,-11.96248,-3.7645829,-1.9381063,-2.5224411,-3.2366614,-2.7186494,1.8677711,12.923726
-2.794183,-12.455685,-2.3520038,-0.43843818,-2.9921536,-1.3208512,-1.0398427,-0.036319308,12.938348
-2.794183,-12.455685,-2.3520038,-0.43843818,-2.9921536,-1.3208512,-1.0398427,-0.036319308,12.938348
-1.4941314,-12.723835,-0.60902506,0.5882254,-3.2601545,0.89917237,0.95521647,-1.5998329,12.689658
-1.4941314,-12.723835,-0.60902506,0.5882254,-3.2601545,0.89917237,0.95521647,-1.5998329,12.689658
-3.8715737,-7.032818,2.3909097,-2.1188686,2.4377463,4.2374377,4.356527,1.3104637,7.033449
-3.8715737,-7.032818,2.3909097,-2.1188686,2.4377463,4.2374377,4.356527,1.3104637,7.033449
-3.1102176,-1.8062755,1.2800001,-1.7069162,7.668179,3.3864486,2.5077374,2.1488965,1.9151971
-3.1102176,-1.8062755,1.2800001,-1.7069162,7.668179,3.3864486,2.5077374,2.1488965,1.9151971
-2.0854993,-0.82465285,0.33429042,-0.9729437,8.619426,2.731036,1.1766641,1.6899338,0.9490493
-2.0854993,-0.82465285,0.33429042,-0.9729437,8.619426,2.731036,1.1766641,1.6899338,0.9490493
-2.3392847,0.15218145,-0.6880337,-1.4246997,9.525182,2.0474913,0.13880712,2.4247687,0.2646348
-2.3392847,0.15218145,-0.6880337,-1.4246997,9.525182,2.0474913,0.13880712,2.4247687,0.2646348
-0.8596681,-1.7081133,-1.1764508,-0.045190558,7.56059,1.9219455,-0.3041114,0.8455571,2.05749
-0.8596681,-1.7081133,-1.1764508,-0.045190558,7.56059,1.9219455,-0.3041114,0.8455571,2.05749
-1.9801544,-4.7631145,-1.5810709,-1.199944,4.396802,1.8335096,0.69891745,1.4229966,5.157
-1.9801544,-4.7631145,-1.5810709,-1.199944,4.396802,1.8335096,0.69891745,1.4229966,5.157
-1.5563807,-3.1254807,1.7444752,-0.7706337,5.9424086,5.3950343,3.0813057,0.38059154,2.365344
-1.5563807,-3.1254807,1.7444752,-0.7706337,5.9424086,5.3950343,3.0813057,0.38059154,2.365344
-0.56518126,-2.7687447,4.399645,0.28909984,6.2277675,8.208371,5.0201125,-1.1685271,0.8804935
-0.56518126,-2.7687447,4.399645,0.28909984,6.2277675,8.208371,5.0201125,-1.1685271,0.8804935
1.1442788,-4.1334395,1.5074493,2.1027076,4.8527474,5.3157263,2.413073,-2.3008568,3.0903456
1.1442788,-4.1334395,1.5074493,2.1027076,4.8527474,5.3157263,2.413073,-2.3008568,3.0903456
1.9918262,-6.2116065,-3.328838,3.0268695,2.852841,0.26800096,-1.5615141,-2.36711,6.7521152
1.9918262,-6.2116065,-3.328838,3.0268695,2.852841,0.26800096,-1.5615141,-2.36711,6.7521152
0.909647,-10.494834,-10.626365,2.0263925,-1.3150153,-7.3620205,-6.9150867,-0.55553305,13.257511
0.909647,-10.494834,-10.626365,2.0263925,-1.3150153,-7.3620205,-6.9150867,-0.55553305,13.257511
-0.42631754,-15.989527,-16.231192,0.7293337,-6.6896987,-13.341689,-10.893518,0.89398855,19.995758
-0.42631754,-15.989527,-16.231192,0.7293337,-6.6896987,-13.341689,-10.893518,0.89398855,19.995758
3.246388,-19.688568,-13.856143,4.4494743,-10.308085,-11.261726,-9.320637,-3.8569,22.100264
3.246388,-19.688568,-13.856143,4.4494743,-10.308085,-11.261726,-9.320637,-3.8569,22.100264
2.0708349,-12.443714,-10.817901,3.3017538,-3.0617352,-8.242189,-7.858533,-2.1342766,14.48619
2.0708349,-12.443714,-10.817901,3.3017538,-3.0617352,-8.242189,-7.858533,-2.1342766,14.48619
-2.8013656,-11.237036,-5.878663,-1.7269676,-1.8918682,-3.1064768,-2.0326002,1.960201,12.676887
-2.8013656,-11.237036,-5.878663,-1.7269676,-1.8918682,-3.1064768,-2.0326002,1.960201,12.676887
-5.703138,-15.271266,-1.6121956,-4.797382,-5.9501896,1.2981062,3.9199948,3.477919,15.5201235
-5.703138,-15.271266,-1.6121956,-4.797382,-5.9501896,1.2981062,3.9199948,3.477919,15.5201235
-3.3544261,-19.688568,-2.1939867,-2.5600002,-10.365995,0.74399817,4.1216884,0.879573,19.645447
-3.3544261,-19.688568,-2.1939867,-2.5600002,-10.365995,0.74399817,4.1216884,0.879573,19.645447
-5.7653875,-12.422166,0.77242935,-5.005677,-3.0783448,3.6513073,5.3232713,3.8039646,12.055673
-10.7812395,7.61012,2.9727006,-10.18658,16.950499,5.9011087,3.0096247,10.860267,-7.482161
-10.7812395,7.61012,2.9727006,-10.18658,16.950499,5.9011087,3.0096247,10.860267,-7.482161
-7.8579197,0.07556699,-0.46776715,-7.370849,9.410859,2.496554,1.2305022,7.761823,0.45973814
-7.8579197,0.07556699,-0.46776715,-7.370849,9.410859,2.496554,1.2305022,7.761823,0.45973814
-7.8579197,0.07556699,-0.46776715,-7.370849,9.410859,2.496554,1.2305022,7.761823,0.45973814
-4.759823,-6.0320415,13.2390375,-4.2172365,3.317765,16.147694,15.08069,1.589996,2.0876539
-4.759823,-6.0320415,13.2390375,-4.2172365,3.317765,16.147694,15.08069,1.589996,2.0876539
-5.736657,-16.664692,3.3294368,-5.1137156,-7.269245,6.0699,8.671573,3.0591073,15.399742
-5.736657,-16.664692,3.3294368,-5.1137156,-7.269245,6.0699,8.671573,3.0591073,15.399742
-0.30421326,-15.242536,-5.63206,0.4611831,-5.7005944,-3.50152,-2.3311124,-0.45423737,16.078157
-3.352032,-9.668834,0.80594814,-2.4313118,-0.033369187,2.381632,2.8540328,1.8504788,9.685157
-3.352032,-9.668834,0.80594814,-2.4313118,-0.033369187,2.381632,2.8540328,1.8504788,9.685157
-3.352032,-9.668834,0.80594814,-2.4313118,-0.033369187,2.381632,2.8540328,1.8504788,9.685157
-3.9170637,-6.8364935,0.3103484,-2.7644053,2.8167782,1.5976807,1.885575,2.7406185,7.1491942
-2.5499744,-8.816498,0.33429042,-1.0114006,0.8242039,1.261894,1.3976027,0.86428165,9.035733
-2.5499744,-8.816498,0.33429042,-1.0114006,0.8242039,1.261894,1.3976027,0.86428165,9.035733
-2.5499744,-8.816498,0.33429042,-1.0114006,0.8242039,1.261894,1.3976027,0.86428165,9.035733
1.0437223,-9.522788,-0.027234044,2.9691093,0.08020575,0.4700117,-0.12369898,-2.925408,9.121419
0.28236616,-8.12218,1.6678607,2.4895208,1.4318823,1.8101661,1.3716828,-2.3909404,7.8251634
0.28236616,-8.12218,1.6678607,2.4895208,1.4318823,1.8101661,1.3716828,-2.3909404,7.8251634
-1.9777602,-6.427085,0.6359598,0.3883096,3.0885203,0.47420156,0.5799628,0.2741191,6.72398
-1.9777602,-6.427085,0.6359598,0.3883096,3.0885203,0.47420156,0.5799628,0.2741191,6.72398
-4.479701,-5.407155,0.39175126,-2.005144,4.0661025,-0.1604115,0.5052277,2.924556,6.375753
-4.479701,-5.407155,0.39175126,-2.005144,4.0661025,-0.1604115,0.5052277,2.924556,6.375753
-4.4725184,-6.6617165,0.25288755,-1.8903719,2.7513866,-0.6947674,-0.092026696,2.594656,7.596389
-4.4725184,-6.6617165,0.25288755,-1.8903719,2.7513866,-0.6947674,-0.092026696,2.594656,7.596389
-2.8372786,-8.519617,-1.3224971,-0.11222821,0.81313074,-2.6057892,-2.4123435,0.6857564,8.723151
-2.8372786,-8.519617,-1.3224971,-0.11222821,0.81313074,-2.6057892,-2.4123435,0.6857564,8.723151
-1.7742531,-8.402301,-2.0239983,1.108665,0.839467,-3.5889084,-3.4405162,-0.34891233,8.116915
-1.7742531,-8.402301,-2.0239983,1.108665,0.839467,-3.5889084,-3.4405162,-0.34891233,8.116915
-1.8819922,-8.804527,-1.0687118,1.1519103,0.3429694,-2.8827684,-2.8109784,-0.62474346,8.5972
-1.8819922,-8.804527,-1.0687118,1.1519103,0.3429694,-2.8827684,-2.8109784,-0.62474346,8.5972
-3.445406,-10.111761,-0.9849147,-0.2669535,-1.070657,-3.0653265,-3.2152865,0.31071094,10.230054
-3.445406,-10.111761,-0.9849147,-0.2669535,-1.070657,-3.0653265,-3.2152865,0.31071094,10.230054
-1.4606127,-10.047118,-1.8827404,1.8632874,-1.1279683,-4.2434235,-4.450407,-1.5972999,9.179607
-1.4606127,-10.047118,-1.8827404,1.8632874,-1.1279683,-4.2434235,-4.450407,-1.5972999,9.179607
-1.060781,-12.146832,-2.222717,2.409016,-3.3485904,-4.815338,-5.624599,-2.7920272,10.685494
-1.060781,-12.146832,-2.222717,2.409016,-3.3485904,-4.815338,-5.624599,-2.7920272,10.685494
-1.7048212,-13.542652,-0.84844524,1.8875288,-4.83105,-3.5640686,-4.8808374,-2.9921625,12.419907
-1.7048212,-13.542652,-0.84844524,1.8875288,-4.83105,-3.5640686,-4.8808374,-2.9921625,12.419907
-1.9466356,-13.753342,-2.0862474,1.7416321,-5.0911202,-4.83105,-6.177651,-2.8159292,12.296478
-1.9466356,-13.753342,-2.0862474,1.7416321,-5.0911202,-4.83105,-6.177651,-2.8159292,12.296478
-1.4510359,-14.368651,-1.7223289,2.3147442,-5.73127,-4.4400473,-6.0094666,-3.637216,12.735269
-1.4510359,-14.368651,-1.7223289,2.3147442,-5.73127,-4.4400473,-6.0094666,-3.637216,12.735269
-1.2810476,-14.641591,0.027832596,2.513014,-6.0015154,-2.6415527,-4.377433,-4.149223,13.40299
-1.2810476,-14.641591,0.027832596,2.513014,-6.0015154,-2.6415527,-4.377433,-4.149223,13.40299
-2.6026468,-13.063812,0.24331075,1.1707647,-4.3863273,-2.332551,-3.562193,-2.3282137,12.624831
-2.6026468,-13.063812,0.24331075,1.1707647,-4.3863273,-2.332551,-3.562193,-2.3282137,12.624831
-3.529203,-11.483639,2.144307,0.16654666,-2.7247512,-0.26276365,-1.0329206,-1.0652653,12.113034
-3.529203,-11.483639,2.144307,0.16654666,-2.7247512,-0.26276365,-1.0329206,-1.0652653,12.113034
-6.402245,-11.529129,1.3135189,-2.8398225,-2.6452937,-0.82151043,-1.2768909,1.8841234,13.055824
-6.402245,-11.529129,1.3135189,-2.8398225,-2.6452937,-0.82151043,-1.2768909,1.8841234,13.055824
-9.71582,-13.602508,0.35344404,-6.3359556,-4.5649943,-1.398962,-1.7518696,4.707875,15.947322
-9.71582,-13.602508,0.35344404,-6.3359556,-4.5649943,-1.398962,-1.7518696,4.707875,15.947322
-10.692655,-14.229788,0.39414546,-7.487118,-5.0454807,-0.8488941,-0.73674214,5.63719,16.871704
-10.692655,-14.229788,0.39414546,-7.487118,-5.0454807,-0.8488941,-0.73674214,5.63719,16.871704
-7.731027,-12.546664,0.6215946,-4.6776714,-3.2517748,-0.051624972,0.30514872,3.4348998,14.341628
-7.731027,-12.546664,0.6215946,-4.6776714,-3.2517748,-0.051624972,0.30514872,3.4348998,14.341628
-5.6145525,-11.737424,-1.4039,-2.7138276,-2.37011,-1.5056536,-1.1206708,2.1644018,12.85771
-5.6145525,-11.737424,-1.4039,-2.7138276,-2.37011,-1.5056536,-1.1206708,2.1644018,12.85771
-4.7023616,-11.423783,-3.539528,-2.0169654,-2.0026002,-3.0907648,-2.584264,2.0250976,12.424324
-4.7023616,-11.423783,-3.539528,-2.0169654,-2.0026002,-3.0907648,-2.584264,2.0250976,12.424324
-4.1301475,-11.481245,-1.7223289,-1.714847,-2.0254946,-0.75985974,-0.21366127,1.2541417,12.256632
-4.1301475,-11.481245,-1.7223289,-1.714847,-2.0254946,-0.75985974,-0.21366127,1.2541417,12.256632
-1.1565491,-11.984027,-0.85323364,0.97279406,-2.5218425,0.5979519,0.47571084,-1.6986313,11.940307
-1.1565491,-11.984027,-0.85323364,0.97279406,-2.5218425,0.5979519,0.47571084,-1.6986313,11.940307
-3.7374985,-9.201964,1.9288287,-1.9174563,0.25333646,3.7882257,4.1409245,0.7590695,9.200108
-3.7374985,-9.201964,1.9288287,-1.9174563,0.25333646,3.7882257,4.1409245,0.7590695,9.200108
-2.6553192,-2.5556607,2.275988,-1.166874,6.88752,4.463241,3.4111087,1.2547739,2.3562953
-2.6553192,-2.5556607,2.275988,-1.166874,6.88752,4.463241,3.4111087,1.2547739,2.3562953
-2.035221,-0.5804443,0.7389105,-0.8435072,8.8159,3.2809541,1.4848734,1.5638788,0.61193335
-2.035221,-0.5804443,0.7389105,-0.8435072,8.8159,3.2809541,1.4848734,1.5638788,0.61193335
-2.056769,-0.36736032,-0.19961657,-1.0948983,8.945636,2.718616,0.6064611,1.9144734,0.6099954
-2.056769,-0.36736032,-0.19961657,-1.0948983,8.945636,2.718616,0.6064611,1.9144734,0.6099954
-1.6114473,-2.3162405,-1.5355811,-0.76764095,6.8956003,1.7203835,-0.17966846,1.5202553,2.8242314
-1.6114473,-2.3162405,-1.5355811,-0.76764095,6.8956003,1.7203835,-0.17966846,1.5202553,2.8242314
-1.9370588,-4.044854,-0.9130887,-1.1697172,5.074361,2.6116252,1.0941775,1.3278923,4.2410197
-1.690456,-2.6490345,0.8705916,-0.9279028,6.384438,4.610634,2.1976426,0.8874929,2.2395713
-1.690456,-2.6490345,0.8705916,-0.9279028,6.384438,4.610634,2.1976426,0.8874929,2.2395713
-1.0272622,-1.9858407,2.6039937,-0.22550388,6.9801455,6.4950204,3.3209627,-0.013788654,0.86638814
-1.0272622,-1.9858407,2.6039937,-0.22550388,6.9801455,6.4950204,3.3209627,-0.013788654,0.86638814
-0.14380173,-3.0895677,1.2321161,0.7356185,5.8619037,5.139902,2.254125,-0.7197416,2.342031
-0.14380173,-3.0895677,1.2321161,0.7356185,5.8619037,5.139902,2.254125,-0.7197416,2.342031
1.0389339,-4.6290393,-1.3823522,2.0123265,4.3743563,2.3810337,0.094440535,-1.591554,4.6772137
1.0389339,-4.6290393,-1.3823522,2.0123265,4.3743563,2.3810337,0.094440535,-1.591554,4.6772137
1.0509049,-8.033594,-7.054216,2.1305401,1.0806828,-3.5992334,-4.1619353,-1.1571527,9.835866
1.0509049,-8.033594,-7.054216,2.1305401,1.0806828,-3.5992334,-4.1619353,-1.1571527,9.835866
-0.69207394,-14.481179,-16.31499,0.4794389,-5.234473,-13.265673,-11.028566,0.96047485,18.809855
-0.69207394,-14.481179,-16.31499,0.4794389,-5.234473,-13.265673,-11.028566,0.96047485,18.809855
3.9861963,-19.688568,-18.764257,5.222053,-10.354473,-16.022297,-13.637625,-4.259939,23.483929
3.9861963,-19.688568,-18.764257,5.222053,-10.354473,-16.022297,-13.637625,-4.259939,23.483929
0.6414964,-18.88651,-12.319065,1.9604023,-9.533412,-9.682451,-7.283008,-2.1786427,21.238705
-0.5460276,-4.590732,-6.776489,0.63281745,4.7041574,-3.8802528,-5.051844,0.76243556,6.418047
-0.5460276,-4.590732,-6.776489,0.63281745,4.7041574,-3.8802528,-5.051844,0.76243556,6.418047
-4.810101,-5.919514,0.9424176,-3.7948096,3.3108816,4.095432,3.53973,3.6445167,5.7665997
-4.810101,-5.919514,0.9424176,-3.7948096,3.3108816,4.095432,3.53973,3.6445167,5.7665997
-4.0248027,-12.280908,0.1810615,-3.1142578,-3.0732572,3.4310408,4.695816,2.1709452,11.844358
-4.0248027,-12.280908,0.1810615,-3.1142578,-3.0732572,3.4310408,4.695816,2.1709452,11.844358
-2.9258642,-19.688568,-1.8683752,-2.0822072,-10.457125,1.3316251,4.825727,0.48642543,19.395027
-2.9258642,-19.688568,-1.8683752,-2.0822072,-10.457125,1.3316251,4.825727,0.48642543,19.395027
-6.304083,-14.881011,-6.244976,-5.5445223,-5.5853734,-3.214066,-0.51458687,5.185033,16.523811
-6.304083,-14.881011,-6.244976,-5.5445223,-5.5853734,-3.214066,-0.51458687,5.185033,16.523811
-10.99193,5.893477,1.5792753,-10.404752,15.201834,4.6092873,1.5603825,11.233755,-5.4238043
-10.99193,5.893477,1.5792753,-10.404752,15.201834,4.6092873,1.5603825,11.233755,-5.4238043
-7.1803603,-1.6722002,4.995801,-6.6352305,7.602488,8.134899,6.3249555,6.257897,0.38148087
-7.1803603,-1.6722002,4.995801,-6.6352305,7.602488,8.134899,6.3249555,6.257897,0.38148087
-5.1021934,-7.590667,11.10341,-4.451719,1.7009307,14.171879,13.480448,2.9599662,4.0561643
-5.1021934,-7.590667,11.10341,-4.451719,1.7009307,14.171879,13.480448,2.9599662,4.0561643
-3.0575452,-15.764471,1.220145,-2.3124995,-6.3756094,3.9526772,5.7961516,1.1000543,14.985008
-3.0575452,-15.764471,1.220145,-2.3124995,-6.3756094,3.9526772,5.7961516,1.1000543,14.985008
-1.7431284,-16.137966,-2.567482,-0.87927055,-6.6051536,-0.43379942,1.0537387,0.13637538,16.399252
-1.7431284,-16.137966,-2.567482,-0.87927055,-6.6051536,-0.43379942,1.0537387,0.13637538,16.399252
-3.85242,-10.664822,0.25767595,-2.8390744,-1.0443208,1.8674773,2.4328551,2.3868196,10.818053
-4.3671737,-7.4206786,0.1786673,-3.1091702,2.223166,1.4384663,1.6499664,3.1728137,7.8346334
-4.3671737,-7.4206786,0.1786673,-3.1091702,2.223166,1.4384663,1.6499664,3.1728137,7.8346334
-3.4286466,-8.929026,-0.20679916,-1.8267759,0.70494276,0.6835446,0.88802356,1.8178544,9.350546
-3.4286466,-8.929026,-0.20679916,-1.8267759,0.70494276,0.6835446,0.88802356,1.8178544,9.350546
0.4643255,-8.670452,0.887351,2.410662,0.9267057,1.4139258,1.061741,-2.3252194,8.345405
0.4643255,-8.670452,0.887351,2.410662,0.9267057,1.4139258,1.061741,-2.3252194,8.345405
0.4715081,-8.12218,1.5194203,2.683152,1.4294881,1.7314568,1.419746,-2.466638,7.771795
0.4715081,-8.12218,1.5194203,2.683152,1.4294881,1.7314568,1.419746,-2.466638,7.771795
-2.3608325,-6.8867717,1.1890204,0.0013467384,2.6304796,1.0691607,1.160583,0.5133702,7.2666645
-2.3608325,-6.8867717,1.1890204,0.0013467384,2.6304796,1.0691607,1.160583,0.5133702,7.2666645
-4.956147,-6.2451253,0.5880758,-2.5074773,3.2366614,0.06539164,0.5201973,3.2012558,7.3069963
-4.956147,-6.2451253,0.5880758,-2.5074773,3.2366614,0.06539164,0.5201973,3.2012558,7.3069963
-4.383933,-6.8364935,-0.13736732,-1.8499697,2.5912745,-1.0697592,-0.63140285,2.531864,7.691968
-4.383933,-6.8364935,-0.13736732,-1.8499697,2.5912745,-1.0697592,-0.63140285,2.531864,7.691968
-2.5164557,-8.1964,-1.3464391,0.15726912,1.1513118,-2.6286838,-2.4302924,0.38943,8.322766
-2.5164557,-8.1964,-1.3464391,0.15726912,1.1513118,-2.6286838,-2.4302924,0.38943,8.322766
-1.6521488,-8.7710085,-2.282572,1.1742063,0.49051207,-3.8344636,-3.7290304,-0.6580928,8.398307
-1.2355577,-9.484481,-1.8133085,1.7390883,-0.30870238,-3.5823243,-3.6172361,-1.444079,8.921899
-1.2355577,-9.484481,-1.8133085,1.7390883,-0.30870238,-3.5823243,-3.6172361,-1.444079,8.921899
-2.6218004,-10.28175,-2.648885,0.492607,-1.2047324,-4.6689925,-4.8268237,-0.44192386,9.803635
-2.6218004,-10.28175,-2.648885,0.492607,-1.2047324,-4.6689925,-4.8268237,-0.44192386,9.803635
-1.2235867,-9.678411,-1.8252795,2.0135236,-0.71197575,-4.126257,-4.1747975,-1.7872436,8.824811
-1.2235867,-9.678411,-1.8252795,2.0135236,-0.71197575,-4.126257,-4.1747975,-1.7872436,8.824811
-1.132607,-10.825233,-1.190816,2.218527,-1.9681834,-3.7394438,-4.103592,-2.4366605,9.854428
-1.132607,-10.825233,-1.190816,2.218527,-1.9681834,-3.7394438,-4.103592,-2.4366605,9.854428
-2.4757543,-12.901006,-1.8109143,0.9826702,-4.134487,-4.523545,-5.5017896,-1.9621804,11.904822
-2.4757543,-12.901006,-1.8109143,0.9826702,-4.134487,-4.523545,-5.5017896,-1.9621804,11.904822
-3.3304842,-12.929737,-2.4812908,0.22310968,-4.229058,-5.281609,-6.2953563,-1.2327651,11.969789
-3.3304842,-12.929737,-2.4812908,0.22310968,-4.229058,-5.281609,-6.2953563,-1.2327651,11.969789
-3.3496377,-12.889035,-1.9880853,0.28999767,-4.227861,-4.800225,-5.839459,-1.3564017,12.056561
-3.3496377,-12.889035,-1.9880853,0.28999767,-4.227861,-4.800225,-5.839459,-1.3564017,12.056561
-1.5491982,-14.514698,-0.86041623,2.1582232,-5.865794,-3.6215293,-5.1508546,-3.8091376,13.144428
-0.040851068,-13.5642,-0.15891513,3.6982934,-4.8968906,-2.8172271,-4.0532894,-4.9521704,11.960825
-0.040851068,-13.5642,-0.15891513,3.6982934,-4.8968906,-2.8172271,-4.0532894,-4.9521704,11.960825
-1.4606127,-11.907413,1.6630723,2.2527943,-3.1772554,-0.820463,-1.6592737,-3.156817,11.57441
-1.4606127,-11.907413,1.6630723,2.2527943,-3.1772554,-0.820463,-1.6592737,-3.156817,11.57441
-4.867562,-10.966492,0.48991352,-1.2577041,-2.119467,-1.7172412,-2.1641645,0.62054205,11.795272
-4.867562,-10.966492,0.48991352,-1.2577041,-2.119467,-1.7172412,-2.1641645,0.62054205,11.795272
-8.293664,-12.493992,0.102052845,-4.8490067,-3.494038,-1.7163434,-2.1666691,3.5902438,14.398294
-8.293664,-12.493992,0.102052845,-4.8490067,-3.494038,-1.7163434,-2.1666691,3.5902438,14.398294
-9.895385,-14.660745,-1.2075754,-6.638074,-5.5060654,-2.531569,-2.8653793,4.851443,16.80974
-9.895385,-14.660745,-1.2075754,-6.638074,-5.5060654,-2.531569,-2.8653793,4.851443,16.80974
-8.932917,-15.000721,1.5337855,-5.831826,-5.7228904,0.84260935,0.8701547,3.6283717,17.124512
-8.932917,-15.000721,1.5337855,-5.831826,-5.7228904,0.84260935,0.8701547,3.6283717,17.124512
-4.831649,-12.740595,0.19303252,-1.8676269,-3.392883,0.10684125,0.18796673,0.73466,13.606243
-4.831649,-12.740595,0.19303252,-1.8676269,-3.392883,0.10684125,0.18796673,0.73466,13.606243
-4.8268604,-12.426954,-2.1796215,-2.045097,-3.0340521,-1.7254713,-1.3507408,1.3505238,13.372737
-2.995296,-12.812421,-2.5866356,-0.490961,-3.3770216,-1.6525977,-1.3741688,-0.115755625,13.338623
-2.995296,-12.812421,-2.5866356,-0.490961,-3.3770216,-1.6525977,-1.3741688,-0.115755625,13.338623
-1.3049896,-13.990368,-0.6904279,0.89917237,-4.532972,0.67770875,0.7828458,-2.1443982,13.8816
-1.3049896,-13.990368,-0.6904279,0.89917237,-4.532972,0.67770875,0.7828458,-2.1443982,13.8816
-4.3432317,-11.442938,0.41329905,-2.4666264,-1.9783587,2.166154,2.9964411,1.3172063,11.800916
-4.3432317,-11.442938,0.41329905,-2.4666264,-1.9783587,2.166154,2.9964411,1.3172063,11.800916
-4.041562,-2.893243,3.0876224,-2.5139117,6.568642,5.1642933,4.570879,2.3849602,2.7672255
-4.041562,-2.893243,3.0876224,-2.5139117,6.568642,5.1642933,4.570879,2.3849602,2.7672255
-2.4302645,0.10908581,0.638354,-1.1866262,9.535208,3.0413845,1.312122,2.1451607,0.04691953
-2.4302645,0.10908581,0.638354,-1.1866262,9.535208,3.0413845,1.312122,2.1451607,0.04691953
-2.14296,1.1218331,0.6287772,-1.1074679,10.483312,3.360711,0.9668508,2.066735,-1.0197817
-2.14296,1.1218331,0.6287772,-1.1074679,10.483312,3.360711,0.9668508,2.066735,-1.0197817
-1.8436849,-0.4990414,-0.9633669,-0.90051913,8.774899,2.0822072,-0.20191486,1.906829,0.94843334
-1.8436849,-0.4990414,-0.9633669,-0.90051913,8.774899,2.0822072,-0.20191486,1.906829,0.94843334
-1.3241432,-3.2284315,-2.7638066,-0.4221277,5.948843,0.5732617,-1.1559858,1.3429931,4.0834813
-1.3241432,-3.2284315,-2.7638066,-0.4221277,5.948843,0.5732617,-1.1559858,1.3429931,4.0834813
-2.9282584,-3.5420718,-0.6760627,-2.0531776,5.5476646,2.8993783,1.3715682,2.3078473,3.7908673
-2.9282584,-3.5420718,-0.6760627,-2.0531776,5.5476646,2.8993783,1.3715682,2.3078473,3.7908673
-1.2594998,-2.012177,4.0788217,-0.3576339,7.006182,7.824401,4.7012653,-0.057595316,0.408378
-0.39998132,-2.9914055,3.415628,0.63087213,5.9730844,7.2559276,4.237533,-0.8646784,1.4389774
-0.39998132,-2.9914055,3.415628,0.63087213,5.9730844,7.2559276,4.237533,-0.8646784,1.4389774
-0.39998132,-2.9914055,3.415628,0.63087213,5.9730844,7.2559276,4.237533,-0.8646784,1.4389774
0.80909055,-4.554819,0.4635773,1.984494,4.4249334,4.225766,1.814102,-1.7739278,3.8959107
1.3453918,-8.007258,-5.282507,2.647688,1.0609306,-1.7830818,-2.572929,-2.0519094,9.11048
1.3453918,-8.007258,-5.282507,2.647688,1.0609306,-1.7830818,-2.572929,-2.0519094,9.11048
-1.7574937,-13.35351,-14.2583685,-0.3863643,-4.1581297,-11.137826,-9.144873,1.2871426,17.303774
-1.7574937,-13.35351,-14.2583685,-0.3863643,-4.1581297,-11.137826,-9.144873,1.2871426,17.303774
1.5896003,-19.688568,-19.4484,2.9616275,-10.386196,-16.663494,-13.720255,-2.2998562,23.97649
1.5896003,-19.688568,-19.4484,2.9616275,-10.386196,-16.663494,-13.720255,-2.2998562,23.97649
2.1474493,-19.688568,-10.9304285,3.5446155,-10.328137,-8.361001,-6.2208533,-4.1453166,21.350475
2.1474493,-19.688568,-10.9304285,3.5446155,-10.328137,-8.361001,-6.2208533,-4.1453166,21.350475
2.3892636,-8.615385,-9.532215,3.6822822,0.72798693,-6.8486137,-7.3826833,-2.4506378,10.501759
2.3892636,-8.615385,-9.532215,3.6822822,0.72798693,-6.8486137,-7.3826833,-2.4506378,10.501759
-2.296189,-9.522788,-2.9792848,-1.1932102,-0.22011691,-0.07811083,0.21111481,1.1400423,10.172897
-2.296189,-9.522788,-2.9792848,-1.1932102,-0.22011691,-0.07811083,0.21111481,1.1400423,10.172897
-2.889951,-14.2082405,-2.1484969,-1.9608512,-4.931756,0.8940847,2.623572,1.0803217,14.380255
-2.889951,-14.2082405,-2.1484969,-1.9608512,-4.931756,0.8940847,2.623572,1.0803217,14.380255
-0.72798693,-19.688568,-1.8635868,0.10564415,-10.398018,1.163582,4.1138973,-1.6253636,19.289288
-0.72798693,-19.688568,-1.8635868,0.10564415,-10.398018,1.163582,4.1138973,-1.6253636,19.289288
-8.071004,-12.951284,-1.0758944,-7.3211694,-3.6198833,1.8454806,3.9318273,6.5357723,13.261174
-8.071004,-12.951284,-1.0758944,-7.3211694,-3.6198833,1.8454806,3.9318273,6.5357723,13.261174
-11.456405,6.3603463,2.8601732,-10.906786,15.709255,5.770325,2.8096733,11.518502,-6.270061
-8.444499,0.2311901,-4.2146926,-8.012944,9.573365,-1.2633903,-2.6362505,8.953274,1.4197624
-8.444499,0.2311901,-4.2146926,-8.012944,9.573365,-1.2633903,-2.6362505,8.953274,1.4197624
-2.59307,-5.4741926,12.322059,-2.0790648,3.864391,15.271416,13.625713,0.40571514,1.6429424
-2.59307,-5.4741926,12.322059,-2.0790648,3.864391,15.271416,13.625713,0.40571514,1.6429424
-6.4788594,-16.099659,6.4993596,-5.8264394,-6.7093015,9.250447,11.47009,3.8970256,14.023785
-6.4788594,-16.099659,6.4993596,-5.8264394,-6.7093015,9.250447,11.47009,3.8970256,14.023785
-0.8189666,-14.835521,-5.7972603,-0.05551555,-5.2950764,-3.6593876,-2.4474049,-0.014383164,15.760128
-0.8189666,-14.835521,-5.7972603,-0.05551555,-5.2950764,-3.6593876,-2.4474049,-0.014383164,15.760128
-3.919458,-9.805304,1.622371,-2.9981391,-0.16011223,3.1365538,3.5839767,2.4506164,9.761549
-3.919458,-9.805304,1.622371,-2.9981391,-0.16011223,3.1365538,3.5839767,2.4506164,9.761549
-4.869956,-7.3823714,0.19303252,-3.7452796,2.2828712,1.4139258,1.7702291,3.7574396,7.810319
-4.869956,-7.3823714,0.19303252,-3.7452796,2.2828712,1.4139258,1.7702291,3.7574396,7.810319
-3.9625535,-8.1580925,0.07332243,-2.4598925,1.4884453,0.9995792,1.2608023,2.505962,8.625091
-3.9625535,-8.1580925,0.07332243,-2.4598925,1.4884453,0.9995792,1.2608023,2.505962,8.625091
-0.09591771,-10.241048,-0.3696049,1.8236336,-0.6385037,0.15936404,-0.07398847,-1.9198513,10.06646
-0.09591771,-10.241048,-0.3696049,1.8236336,-0.6385037,0.15936404,-0.07398847,-1.9198513,10.06646
0.5840356,-8.945785,0.5018845,2.8363807,0.5976526,0.65167177,0.32299823,-2.6790948,8.563769
0.5840356,-8.945785,0.5018845,2.8363807,0.5976526,0.65167177,0.32299823,-2.6790948,8.563769
-1.0224738,-7.181258,0.8801684,1.428291,2.3129485,0.7236475,0.67577136,-0.8811104,7.222023
-1.0224738,-7.181258,0.8801684,1.428291,2.3129485,0.7236475,0.67577136,-0.8811104,7.222023
-2.9905076,-6.3648357,-0.51804537,-0.42721537,3.0868742,-1.0336965,-0.7604291,1.2991879,6.888867
-2.9905076,-6.3648357,-0.51804537,-0.42721537,3.0868742,-1.0336965,-0.7604291,1.2991879,6.888867
-3.9050927,-6.783821,0.37499183,-1.2547113,2.6152165,-0.5220856,-0.1475381,1.9384329,7.591529
-3.9050927,-6.783821,0.37499183,-1.2547113,2.6152165,-0.5220856,-0.1475381,1.9384329,7.591529
-2.569128,-7.664887,-1.0160394,0.18270752,1.6689082,-2.231845,-1.9775996,0.46503997,7.890252
-2.0304327,-8.033594,-2.234688,0.84814596,1.2186487,-3.7449803,-3.5072932,-0.16061036,7.831234
-2.0304327,-8.033594,-2.234688,0.84814596,1.2186487,-3.7449803,-3.5072932,-0.16061036,7.831234
-2.5715222,-8.289774,-0.45340195,0.4297592,0.8831611,-2.1918917,-1.9889358,0.031843983,8.460601
-2.5715222,-8.289774,-0.45340195,0.4297592,0.8831611,-2.1918917,-1.9889358,0.031843983,8.460601
-3.766229,-9.510817,-1.2937667,-0.6429928,-0.42437226,-3.2570121,-3.2625086,0.74483263,9.752703
-3.766229,-9.510817,-1.2937667,-0.6429928,-0.42437226,-3.2570121,-3.2625086,0.74483263,9.752703
-2.0902877,-9.668834,-2.2179286,1.1360487,-0.6971616,-4.513968,-4.5443583,-0.9342484,9.013926
-2.0902877,-9.668834,-2.2179286,1.1360487,-0.6971616,-4.513968,-4.5443583,-0.9342484,9.013926
-0.80220723,-10.700735,-1.5595231,2.5389013,-1.8510172,-4.1463084,-4.4532065,-2.673947,9.518423
-0.80220723,-10.700735,-1.5595231,2.5389013,-1.8510172,-4.1463084,-4.4532065,-2.673947,9.518423
-3.1557074,-12.788479,-1.5092449,0.29972413,-4.038719,-4.2794857,-5.2658935,-1.3214692,12.095685
-3.1676786,-13.6432085,-0.9178771,0.38262334,-4.957344,-3.7677252,-5.0774517,-1.7799171,12.963997
-3.1676786,-13.6432085,-0.9178771,0.38262334,-4.957344,-3.7677252,-5.0774517,-1.7799171,12.963997
-3.3328784,-13.63842,-2.9385834,0.30062196,-4.9890676,-5.794866,-7.028912,-1.5460925,12.407813
-3.3328784,-13.63842,-2.9385834,0.30062196,-4.9890676,-5.794866,-7.028912,-1.5460925,12.407813
-1.4486417,-14.476391,-1.3751696,2.2604256,-5.840356,-4.173842,-5.687646,-3.8339145,12.90377
-1.4486417,-14.476391,-1.3751696,2.2604256,-5.840356,-4.173842,-5.687646,-3.8339145,12.90377
-1.4414591,-14.296825,-0.22834699,2.3006783,-5.6450787,-2.9330468,-4.437959,-3.901398,13.100105
-1.4414591,-14.296825,-0.22834699,2.3006783,-5.6450787,-2.9330468,-4.437959,-3.901398,13.100105
-1.4414591,-14.296825,-0.22834699,2.3006783,-5.6450787,-2.9330468,-4.437959,-3.901398,13.100105
-3.8811505,-10.487651,0.48273093,-0.21517888,-1.681777,-1.795352,-2.1648366,-0.18521053,10.98027
-6.428581,-11.488427,0.09008184,-2.9095535,-2.53531,-1.8154035,-2.1906488,2.0867226,12.812705
-6.428581,-11.488427,0.09008184,-2.9095535,-2.53531,-1.8154035,-2.1906488,2.0867226,12.812705
-9.909751,-13.87784,0.78918874,-6.5855513,-4.761768,-0.6313211,-0.93790233,4.7363753,16.37399
-8.700679,-14.768483,1.5840636,-5.5570917,-5.5163903,0.75492173,0.6915034,3.4214706,16.856293
-8.700679,-14.768483,1.5840636,-5.5570917,-5.5163903,0.75492173,0.6915034,3.4214706,16.856293
-4.70715,-12.61849,-0.51325697,-1.7010803,-3.2885857,-0.81073654,-0.812433,0.749183,13.432262
-4.70715,-12.61849,-0.51325697,-1.7010803,-3.2885857,-0.81073654,-0.812433,0.749183,13.432262
-4.783765,-12.256966,-3.467702,-1.9476831,-2.8719945,-3.2435448,-2.9372275,1.5718834,13.192591
-4.783765,-12.256966,-3.467702,-1.9476831,-2.8719945,-3.2435448,-2.9372275,1.5718834,13.192591
-4.146907,-12.699893,-3.3096845,-1.5816694,-3.266589,-2.531569,-2.0616672,1.1032987,13.563567
-4.146907,-12.699893,-3.3096845,-1.5816694,-3.266589,-2.531569,-2.0616672,1.1032987,13.563567
-3.1581018,-12.766931,-1.4015058,-0.89707744,-3.3128269,-0.10519524,0.36312827,0.021660522,13.221196
-3.1581018,-12.766931,-1.4015058,-0.89707744,-3.3128269,-0.10519524,0.36312827,0.021660522,13.221196
-3.1126118,-12.5682125,1.8593969,-1.1695676,-3.110517,3.5769374,4.1019773,-0.4744778,12.411863
-3.1126118,-12.5682125,1.8593969,-1.1695676,-3.110517,3.5769374,4.1019773,-0.4744778,12.411863
-3.754258,-4.1310453,2.8314428,-2.159121,5.3366756,4.8288054,4.3642974,1.9878992,4.0222154
-3.754258,-4.1310453,2.8314428,-2.159121,5.3366756,4.8288054,4.3642974,1.9878992,4.0222154
-2.686444,-0.81268185,0.8801684,-1.4326304,8.647108,3.1416416,1.7499948,2.176028,0.9244192
-2.686444,-0.81268185,0.8801684,-1.4326304,8.647108,3.1416416,1.7499948,2.176028,0.9244192
-1.8772038,-0.02498948,-0.27144262,-0.8776246,9.373749,2.343325,0.29978725,1.8508315,0.28766325
-1.8772038,-0.02498948,-0.27144262,-0.8776246,9.373749,2.343325,0.29978725,1.8508315,0.28766325
-1.0224738,0.38681322,-0.9442133,-0.17567454,9.686641,2.0506337,-0.67634314,1.276354,0.00982057
-1.0224738,0.38681322,-0.9442133,-0.17567454,9.686641,2.0506337,-0.67634314,1.276354,0.00982057
-1.3839983,-2.9315503,-1.9425954,-0.61276597,6.254852,1.4021044,-0.46994433,1.2997826,3.517504
-1.3839983,-2.9315503,-1.9425954,-0.61276597,6.254852,1.4021044,-0.46994433,1.2997826,3.517504
-2.4566007,-3.058443,-0.17328034,-1.7102082,6.031443,3.4307413,1.5482508,1.871204,3.085531
-2.4566007,-3.058443,-0.17328034,-1.7102082,6.031443,3.4307413,1.5482508,1.871204,3.085531
-0.8644565,-1.6841712,3.0062196,-0.07317279,7.3186255,6.813449,3.5224483,-0.109743856,0.44876567
-0.8644565,-1.6841712,3.0062196,-0.07317279,7.3186255,6.813449,3.5224483,-0.109743856,0.44876567
-0.055216275,-2.7232547,1.8450317,0.85652566,6.2174425,5.770026,2.669001,-0.7994953,1.7494428
-0.055216275,-2.7232547,1.8450317,0.85652566,6.2174425,5.770026,2.669001,-0.7994953,1.7494428
1.4339771,-4.5021467,-1.023222,2.4809916,4.442142,2.8595746,0.38416395,-2.0569181,4.3582234
1.4339771,-4.5021467,-1.023222,2.4809916,4.442142,2.8595746,0.38416395,-2.0569181,4.3582234
1.8218379,-7.770232,-6.1827264,2.9834745,1.2517185,-2.518401,-3.3771954,-2.2553897,9.2428055
1.8218379,-7.770232,-6.1827264,2.9834745,1.2517185,-2.518401,-3.3771954,-2.2553897,9.2428055
-0.32576108,-12.855516,-14.373291,0.9144354,-3.7135565,-11.047595,-9.293489,0.04336643,16.89944
-0.32576108,-12.855516,-14.373291,0.9144354,-3.7135565,-11.047595,-9.293489,0.04336643,16.89944
0.6175544,-19.688568,-19.4484,1.8957589,-10.444256,-16.434998,-12.884291,-1.4855998,24.455051
0.6175544,-19.688568,-19.4484,1.8957589,-10.444256,-16.434998,-12.884291,-1.4855998,24.455051
1.6063597,-19.688568,-12.8003,2.933346,-10.398018,-9.954791,-7.162907,-3.4903798,22.148989
1.6063597,-19.688568,-12.8003,2.933346,-10.398018,-9.954791,-7.162907,-3.4903798,22.148989
1.2999018,-8.323293,-10.073304,2.5305216,0.9142858,-7.0193505,-7.298681,-1.4918674,10.813973
1.2999018,-8.323293,-10.073304,2.5305216,0.9142858,-7.0193505,-7.298681,-1.4918674,10.813973
-3.6106057,-8.050354,-0.46058455,-2.534113,1.1225814,2.8363807,2.693111,2.344567,8.081272
-3.6106057,-8.050354,-0.46058455,-2.534113,1.1225814,2.8363807,2.693111,2.344567,8.081272
-3.8835447,-15.850663,-0.14215572,-2.905663,-6.7096004,3.2722752,5.6956306,1.5875002,15.211354
-3.8835447,-15.850663,-0.14215572,-2.905663,-6.7096004,3.2722752,5.6956306,1.5875002,15.211354
-7.3120418,-19.688568,-0.6784569,-6.4362125,-10.531495,2.7205613,6.9119625,4.7291226,19.27242
-7.3120418,-19.688568,-0.6784569,-6.4362125,-10.531495,2.7205613,6.9119625,4.7291226,19.27242
-7.4269633,-5.064784,2.680608,-6.657676,4.1388264,5.978172,5.161758,6.4566774,4.4345307
-7.4269633,-5.064784,2.680608,-6.657676,4.1388264,5.978172,5.161758,6.4566774,4.4345307
-10.790816,2.5870845,-2.2179286,-10.147076,11.812243,1.0461165,-1.3558266,11.191126,-0.9871137
-10.790816,2.5870845,-2.2179286,-10.147076,11.812243,1.0461165,-1.3558266,11.191126,-0.9871137
-8.57618,-3.02253,7.2822638,-7.8853035,6.21026,10.515184,8.971177,7.357668,1.0491171
-8.57618,-3.02253,7.2822638,-7.8853035,6.21026,10.515184,8.971177,7.357668,1.0491171
-7.1324763,-10.497228,9.427468,-6.3106666,-1.2229881,12.50746,13.011933,4.8390403,7.5640235
-7.1324763,-10.497228,9.427468,-6.3106666,-1.2229881,12.50746,13.011933,4.8390403,7.5640235
-0.9698013,-16.19064,-1.439813,-0.018854339,-6.7893577,1.1839328,2.8515272,-1.0020483,16.00047
-0.9698013,-16.19064,-1.439813,-0.018854339,-6.7893577,1.1839328,2.8515272,-1.0020483,16.00047
-1.3959693,-13.92333,-1.5140333,-0.2674024,-4.379893,0.440982,1.2618152,-0.41719067,14.011921
-1.3959693,-13.92333,-1.5140333,-0.2674024,-4.379893,0.440982,1.2618152,-0.41719067,14.011921
-3.931429,-8.39033,-0.6569091,-2.643498,1.2208933,0.8052,1.058658,2.658282,8.837314
-3.931429,-8.39033,-0.6569091,-2.643498,1.2208933,0.8052,1.058658,2.658282,8.837314
-3.8907273,-7.0878844,-0.72873515,-2.3071127,2.529474,0.35389295,0.4913875,2.6447406,7.659686
-3.8907273,-7.0878844,-0.72873515,-2.3071127,2.529474,0.35389295,0.4913875,2.6447406,7.659686
-1.1613375,-8.4525795,-0.59465986,0.81866735,1.1258733,0.11522096,-0.05301654,-0.5718141,8.533383
1.4579192,-8.126968,0.57131636,3.7964556,1.3892355,0.954239,0.4306896,-3.4381871,7.516177
1.4579192,-8.126968,0.57131636,3.7964556,1.3892355,0.954239,0.4306896,-3.4381871,7.516177
-0.30900165,-6.996905,2.0269911,2.2448633,2.4709659,2.1187189,1.8956026,-1.7608302,6.816672
-0.30900165,-6.996905,2.0269911,2.2448633,2.4709659,2.1187189,1.8956026,-1.7608302,6.816672
-3.0862756,-5.3042045,0.66469026,-0.440982,4.1352353,0.3983353,0.6678822,1.4765323,5.9561124
-3.0862756,-5.3042045,0.66469026,-0.440982,4.1352353,0.3983353,0.6678822,1.4765323,5.9561124
-4.9250226,-5.4981346,-0.19722237,-2.2153847,3.9020998,-0.8801684,-0.3288413,3.260041,6.6172657
-4.9250226,-5.4981346,-0.19722237,-2.2153847,3.9020998,-0.8801684,-0.3288413,3.260041,6.6172657
-3.613,-7.6217914,-0.42467153,-0.79756844,1.7142484,-1.465401,-1.1791477,1.3794233,8.248189
-3.613,-7.6217914,-0.42467153,-0.79756844,1.7142484,-1.465401,-1.1791477,1.3794233,8.248189
-1.8700212,-9.309704,-2.3376386,1.0881647,-0.053420626,-3.6572928,-3.6675527,-0.7203797,9.0367155
-1.8700212,-9.309704,-2.3376386,1.0881647,-0.053420626,-3.6572928,-3.6675527,-0.7203797,9.0367155
-1.7934067,-9.345616,-1.2650363,1.3019968,-0.1683423,-2.80361,-2.8315191,-1.0419285,9.113399
-1.7934067,-9.345616,-1.2650363,1.3019968,-0.1683423,-2.80361,-2.8315191,-1.0419285,9.113399
-3.2371104,-9.355193,-1.1046249,-0.005686229,-0.2677017,-2.8785787,-2.873263,0.17015699,9.535939
-3.2371104,-9.355193,-1.1046249,-0.005686229,-0.2677017,-2.8785787,-2.873263,0.17015699,9.535939
-2.698415,-9.221118,-1.0304046,0.67232174,-0.2515408,-3.117849,-3.097674,-0.44597465,9.142086
-2.698415,-9.221118,-1.0304046,0.67232174,-0.2515408,-3.117849,-3.097674,-0.44597465,9.142086
-1.1158476,-11.687146,-2.0838532,2.405574,-2.8501475,-4.4666824,-5.0215507,-2.8743684,10.425882
-1.1158476,-11.687146,-2.0838532,2.405574,-2.8501475,-4.4666824,-5.0215507,-2.8743684,10.425882
-2.5475802,-14.845098,-2.0623055,1.108665,-6.120477,-4.647894,-6.1208563,-2.8877747,13.613086
-2.5475802,-14.845098,-2.0623055,1.108665,-6.120477,-4.647894,-6.1208563,-2.8877747,13.613086
-2.485331,-15.110854,-2.6225486,1.2883798,-6.4583592,-5.2805614,-6.848652,-3.1825478,13.577919
-2.485331,-15.110854,-2.6225486,1.2883798,-6.4583592,-5.2805614,-6.848652,-3.1825478,13.577919
-2.485331,-15.110854,-2.6225486,1.2883798,-6.4583592,-5.2805614,-0.39890224,-7.541453,13.577919
-1.8700212,-14.531458,-3.7621887,2.0008044,-5.9159226,-6.4007487,-7.7515054,-3.5600007,12.49219
0.4451719,-14.469209,-2.7829602,4.376451,-5.855918,-5.3378725,-6.6435285,-5.8145227,11.804912
0.4451719,-14.469209,-2.7829602,4.376451,-5.855918,-5.3378725,-6.6435285,-5.8145227,11.804912
-1.6521488,-13.77489,-1.5595231,2.282572,-5.1191025,-3.9610572,-5.149669,-3.6954448,12.439209
-1.6521488,-13.77489,-1.5595231,2.282572,-5.1191025,-3.9610572,-5.149669,-3.6954448,12.439209
-2.0735283,-11.059865,1.0836755,1.8121114,-2.3171384,-1.0699089,-1.6235821,-2.4337778,10.919486
-2.0735283,-11.059865,1.0836755,1.8121114,-2.3171384,-1.0699089,-1.6235821,-2.4337778,10.919486
-3.9170637,-9.582643,0.48991352,-0.15741876,-0.712275,-1.3412019,-1.4570194,0.041776635,10.260887
-3.9170637,-9.582643,0.48991352,-0.15741876,-0.712275,-1.3412019,-1.4570194,0.041776635,10.260887
-6.476465,-11.703905,1.7013795,-2.8942907,-2.6825533,0.30271688,0.012017389,1.7126653,13.374876
-6.476465,-11.703905,1.7013795,-2.8942907,-2.6825533,0.30271688,0.012017389,1.7126653,13.374876
-7.8411603,-14.912136,2.120365,-4.461894,-5.7475805,1.2460324,0.91623724,2.0926201,16.826555
-7.8411603,-14.912136,2.120365,-4.461894,-5.7475805,1.2460324,0.91623724,2.0926201,16.826555
-7.2138796,-15.345486,0.47554833,-4.0571246,-6.066608,0.1455974,0.17950124,1.8806784,16.857666
-7.2138796,-15.345486,0.47554833,-4.0571246,-6.066608,0.1455974,0.17950124,1.8806784,16.857666
-4.965724,-13.336751,-2.2322938,-2.0334253,-3.979612,-2.0974703,-1.9029537,1.0439973,14.240762
-4.965724,-13.336751,-2.2322938,-2.0334253,-3.979612,-2.0974703,-1.9029537,1.0439973,14.240762
-5.15726,-13.087754,-4.370316,-2.473809,-3.6774938,-3.7225347,-3.1635418,1.9173684,14.258401
-5.15726,-13.087754,-4.370316,-2.473809,-3.6774938,-3.7225347,-3.1635418,1.9173684,14.258401
-4.697573,-12.61849,-1.071106,-2.3216274,-3.18354,0.15696985,0.88472545,1.3288623,13.412389
-4.697573,-12.61849,-1.071106,-2.3216274,-3.18354,0.15696985,0.88472545,1.3288623,13.412389
-1.9298762,-12.805238,-0.2594716,0.113574944,-3.3723826,1.4775218,1.8047656,-1.2487309,12.7651615
-1.9298762,-12.805238,-0.2594716,0.113574944,-3.3723826,1.4775218,1.8047656,-1.2487309,12.7651615
-4.920234,-10.961703,2.0389621,-3.212869,-1.5272014,4.1000705,4.998586,1.7657893,10.9736595
-4.920234,-10.961703,2.0389621,-3.212869,-1.5272014,4.1000705,4.998586,1.7657893,10.9736595
-3.4118872,-3.1613936,3.3246484,-2.0488381,6.2823853,5.5897126,4.6584063,1.8497576,2.7506957
-3.4118872,-3.1613936,3.3246484,-2.0488381,6.2823853,5.5897126,4.6584063,1.8497576,2.7506957
-2.5619454,-0.83662385,0.43724108,-1.4950293,8.588301,2.928408,1.2923388,2.2000792,0.97169846
-2.5619454,-0.83662385,0.43724108,-1.4950293,8.588301,2.928408,1.2923388,2.2000792,0.97169846
-1.5420156,-0.26201546,0.1714847,-0.7110779,9.10066,2.9683611,0.6417613,1.397804,0.33189973
-1.5420156,-0.26201546,0.1714847,-0.7110779,9.10066,2.9683611,0.6417613,1.397804,0.33189973
-1.6689082,0.04683657,-1.2099696,-0.961272,9.308656,1.9348142,-0.6998626,1.8831317,0.46420023
-1.6689082,0.04683657,-1.2099696,-0.961272,9.308656,1.9348142,-0.6998626,1.8831317,0.46420023
-1.4606127,-1.8493712,-1.2530653,-0.80804306,7.299023,2.2186768,-0.18388352,1.3982403,2.26602
-1.4606127,-1.8493712,-1.2530653,-0.80804306,7.299023,2.2186768,-0.18388352,1.3982403,2.26602
-1.5300446,-2.2468088,1.3254899,-0.8776246,6.8085113,5.0332108,2.3447511,0.9173876,1.6753069
-1.5300446,-2.2468088,1.3254899,-0.8776246,6.8085113,5.0332108,2.3447511,0.9173876,1.6753069
-0.60348845,-2.3162405,4.354155,0.13946225,6.6674027,8.216152,4.9269757,-0.45573014,0.4528408
-0.60348845,-2.3162405,4.354155,0.13946225,6.6674027,8.216152,4.9269757,-0.45573014,0.4528408
-0.44786537,-3.4223616,2.9607296,0.43828854,5.5331497,6.857742,4.0603294,-0.48558182,1.989221
-0.44786537,-3.4223616,2.9607296,0.43828854,5.5331497,6.857742,4.0603294,-0.48558182,1.989221
-0.040851068,-5.730372,-1.248277,0.99269587,3.2653918,2.5173535,0.9551741,-0.73188126,5.7401233
-0.040851068,-5.730372,-1.248277,0.99269587,3.2653918,2.5173535,0.9551741,-0.73188126,5.7401233
-0.72798693,-10.765378,-9.402928,0.42482117,-1.6657659,-5.932832,-5.020878,-0.14292939,13.401818
-0.72798693,-10.765378,-9.402928,0.42482117,-1.6657659,-5.932832,-5.020878,-0.14292939,13.401818
-5.071069,-16.439636,-19.164087,-3.8506246,-7.2183685,-16.057312,-12.522296,3.9181807,22.160315
-5.071069,-16.439636,-19.164087,-3.8506246,-7.2183685,-16.057312,-12.522296,3.9181807,22.160315
1.7978958,-19.688568,-18.280628,3.0855274,-10.37258,-15.50081,-12.346744,-3.6521356,23.648962
1.7978958,-19.688568,-18.280628,3.0855274,-10.37258,-15.50081,-12.346744,-3.6521356,23.648962
0.8880992,-12.740595,-10.02542,2.2563856,-3.4231098,-7.289596,-6.2833266,-2.398972,14.777865
0.8880992,-12.740595,-10.02542,2.2563856,-3.4231098,-7.289596,-6.2833266,-2.398972,14.777865
0.7372645,-4.2675147,-6.103718,1.9541175,4.974852,-3.0590415,-4.5841565,-1.0297018,5.825447
0.7372645,-4.2675147,-6.103718,1.9541175,4.974852,-3.0590415,-4.5841565,-1.0297018,5.825447
-2.332102,-9.807697,0.1834557,-1.2984055,-0.635062,3.4950855,3.613055,1.0240413,9.357373
-2.332102,-9.807697,0.1834557,-1.2984055,-0.635062,3.4950855,3.613055,1.0240413,9.357373
-1.9011458,-16.44682,-1.9449896,-0.973243,-7.277924,1.4080899,3.8390932,0.0706828,16.221949
-1.9011458,-16.44682,-1.9449896,-0.973243,-7.277924,1.4080899,3.8390932,0.0706828,16.221949
-6.9768534,-19.688568,2.086846,-6.1481605,-10.478523,5.351789,8.895144,4.8499875,18.385462
-6.9768534,-19.688568,2.086846,-6.1481605,-10.478523,5.351789,8.895144,4.8499875,18.385462
-10.1204405,-2.1247044,2.620753,-9.4479685,7.1332245,5.7846904,3.854388,9.772998,1.8542542
-10.1204405,-2.1247044,2.620753,-9.4479685,7.1332245,5.7846904,3.854388,9.772998,1.8542542
-10.685472,5.7665844,-3.125331,-10.201544,15.024513,0.07287352,-4.014583,11.2202635,-3.8973424
-10.685472,5.7665844,-3.125331,-10.201544,15.024513,0.07287352,-4.014583,11.2202635,-3.8973424
-6.584204,-1.4279916,7.8233533,-6.060323,7.8220067,11.038467,8.216208,6.191879,-0.8662036
-6.584204,-1.4279916,7.8233533,-6.060323,7.8220067,11.038467,8.216208,6.191879,-0.8662036
-8.78687,-11.0478945,11.347618,-8.128315,-1.7661726,14.444069,14.605911,7.680934,7.463522
-8.78687,-11.0478945,11.347618,-8.128315,-1.7661726,14.444069,14.605911,7.680934,7.463522
-2.071134,-18.331057,-2.8332384,-1.3579613,-8.929175,-0.13706805,2.365387,0.6011191,18.503733
-2.071134,-18.331057,-2.8332384,-1.3579613,-8.929175,-0.13706805,2.365387,0.6011191,18.503733
-1.4007577,-14.325556,-2.009633,-0.5244798,-4.760571,-0.030974984,0.938902,0.04449267,14.503061
-1.4007577,-14.325556,-2.009633,-0.5244798,-4.760571,-0.030974984,0.938902,0.04449267,14.503061
-4.589834,-8.462156,-0.4127005,-3.577835,1.1754034,1.0925041,1.1709334,3.6187851,8.853151
-4.8651676,-7.803751,-0.11342531,-3.5833716,1.8426375,1.101632,1.1407436,3.7357578,8.326107
-4.8651676,-7.803751,-0.11342531,-3.5833716,1.8426375,1.101632,1.1407436,3.7357578,8.326107
-1.273865,-9.295339,-0.1062427,0.41988313,0.32366616,0.7757214,0.7192697,-0.39253375,9.346972
-1.273865,-9.295339,-0.1062427,0.41988313,0.32366616,0.7757214,0.7192697,-0.39253375,9.346972
-1.273865,-9.295339,-0.1062427,0.41988313,0.32366616,0.7757214,0.53232354,0.6229472,9.346972
2.2216694,-8.627357,0.42527008,4.285621,0.9446622,0.9633669,0.69146585,-4.023215,7.9299164
2.2216694,-8.627357,0.42527008,4.285621,0.9446622,0.9633669,4.0686398,-0.33249697,7.9299164
0.3302502,-7.3943424,1.433229,2.5983074,2.1440077,1.6558897,1.5144367,-2.0921714,7.082996
-2.1477485,-5.8740244,0.9376292,0.19916765,3.6465187,0.78559744,0.8643503,0.6496023,6.2311363
-2.1477485,-5.8740244,0.9376292,0.19916765,3.6465187,0.78559744,0.8643503,0.6496023,6.2311363
-4.2690115,-5.5125,0.78200614,-1.8412907,3.9716814,0.20814592,0.48735347,2.7555535,6.4337435
-4.2690115,-5.5125,0.78200614,-1.8412907,3.9716814,0.20814592,0.48735347,2.7555535,6.4337435
-2.7439048,-7.0136642,-0.22834699,-0.19812019,2.408567,-1.1834838,-0.93690276,0.84175324,7.428748
-2.7439048,-7.0136642,-0.22834699,-0.19812019,2.408567,-1.1834838,-0.93690276,0.84175324,7.428748
-2.198027,-8.689606,-2.1891983,0.49455228,0.6510732,-3.4832642,-3.3568702,-0.23550469,8.591224
-2.198027,-8.689606,-2.1891983,0.49455228,0.6510732,-3.4832642,-3.3568702,-0.23550469,8.591224
-2.7846062,-8.555531,-2.7709892,0.057760116,0.6955156,-4.3556514,-4.186405,0.19382551,8.430063
-2.7846062,-8.555531,-2.7709892,0.057760116,0.6955156,-4.3556514,-4.186405,0.19382551,8.430063
-2.664896,-8.799739,-1.2985551,0.33518824,0.3561375,-3.1260793,-2.9905787,-0.18019724,8.789044
-2.664896,-8.799739,-1.2985551,0.33518824,0.3561375,-3.1260793,-2.9905787,-0.18019724,8.789044
-2.5858874,-9.925014,-0.83886844,0.55964464,-0.88510644,-2.9738977,-3.0482943,-0.8052736,9.795708
-2.5858874,-9.925014,-0.83886844,0.55964464,-0.88510644,-2.9738977,-3.0482943,-0.8052736,9.795708
-0.69925654,-10.444555,0.1786673,2.5802011,-1.5351322,-2.278831,-2.3434832,-2.9518962,9.7675
-0.69925654,-10.444555,0.1786673,2.5802011,-1.5351322,-2.278831,-2.3434832,-2.9518962,9.7675
-2.485331,-13.195493,-1.6505028,0.93239194,-4.401291,-4.3248262,-5.1838536,-2.4711332,12.249215
-2.485331,-13.195493,-1.6505028,0.93239194,-4.401291,-4.3248262,-5.1838536,-2.4711332,12.249215
-2.7917888,-14.404565,-1.8971056,0.7484873,-5.6983495,-4.696825,-5.9319324,-2.8313205,13.254447
-2.7917888,-14.404565,-1.8971056,0.7484873,-5.6983495,-4.696825,-5.9319324,-2.8313205,13.254447
-2.6577134,-15.209017,-3.395876,0.98416656,-6.5617585,-6.247819,-7.6412807,-3.4184928,13.410231
-2.6577134,-15.209017,-3.395876,0.98416656,-6.5617585,-6.247819,-7.6412807,-3.4184928,13.410231
-2.59307,-14.725388,-2.495656,1.1388918,-6.108656,-5.323657,-6.6107955,-3.420499,13.205564
-2.59307,-14.725388,-2.495656,1.1388918,-6.108656,-5.323657,-6.6107955,-3.420499,13.205564
0.5433341,-16.372599,-1.059135,4.3384433,-7.7572136,-3.8057332,-5.249222,-7.0257025,13.876748
0.5433341,-16.372599,-1.059135,4.3384433,-7.7572136,-3.8057332,-5.249222,-7.0257025,13.876748
0.2057517,-13.7389765,-0.9513959,4.0096893,-5.0789995,-3.541174,-4.353423,-5.6109734,11.801341
0.2057517,-13.7389765,-0.9513959,4.0096893,-5.0789995,-3.541174,-4.353423,-5.6109734,11.801341
-1.927482,-11.098172,1.2033856,1.8103157,-2.3409307,-1.1441292,-1.5466743,-2.530798,10.933235
-1.927482,-11.098172,1.2033856,1.8103157,-2.3409307,-1.1441292,-1.5466743,-2.530798,10.933235
-4.242675,-9.69517,-0.07272387,-0.65436524,-0.7959224,-2.097171,-2.238684,0.41048658,10.335458
-4.242675,-9.69517,-0.07272387,-0.65436524,-0.7959224,-2.097171,-2.238684,0.41048658,10.335458
-8.36549,-11.648839,0.8777742,-4.9736547,-2.586935,-0.7187094,-1.1928616,3.8175263,13.800398
-8.36549,-11.648839,0.8777742,-4.9736547,-2.586935,-0.7187094,-1.1928616,3.8175263,13.800398
-11.0996685,-15.367034,2.0293853,-7.898621,-6.1542954,1.0043676,0.42193285,5.4261127,18.271454
-11.0996685,-15.367034,2.0293853,-7.898621,-6.1542954,1.0043676,0.42193285,5.4261127,18.271454
-6.972065,-13.468432,0.8801684,-3.930531,-4.155287,0.44726682,0.36606896,2.4286351,14.99169
-6.972065,-13.468432,0.8801684,-3.930531,-4.155287,0.44726682,0.36606896,2.4286351,14.99169
-4.9130516,-12.604125,-1.3201029,-2.004695,-3.2387564,-1.261894,-1.173487,1.0346801,13.501743
-4.9130516,-12.604125,-1.3201029,-2.004695,-3.2387564,-1.261894,-1.173487,1.0346801,13.501743
-4.968118,-12.307244,-3.3910875,-2.2610242,-2.8993783,-2.8121395,-2.4812446,1.5854635,13.378327
-4.968118,-12.307244,-3.3910875,-2.2610242,-2.8993783,-2.8121395,-2.4812446,1.5854635,13.378327
-3.864391,-12.7382,-1.937807,-1.4362217,-3.3056443,-0.7957728,-0.31019944,0.60522777,13.434575
-3.864391,-12.7382,-1.937807,-1.4362217,-3.3056443,-0.7957728,-0.31019944,0.60522777,13.434575
0.11716624,-14.344709,-1.1381437,2.2369325,-4.9114056,0.50278234,0.7563561,-3.3953304,13.963502
0.11716624,-14.344709,-1.1381437,2.2369325,-4.9114056,0.50278234,0.7563561,-3.3953304,13.963502
-5.063886,-10.786926,1.0932523,-3.294721,-1.3426982,3.0548518,3.8023314,2.429655,11.083094
-5.063886,-10.786926,1.0932523,-3.294721,-1.3426982,3.0548518,3.8023314,2.429655,11.083094
-4.3767505,-2.1701941,3.5880105,-2.9836242,7.2939353,5.7471313,4.7209682,3.2774773,1.9261646
-2.1645079,-0.23567922,1.385345,-1.0501567,9.2130375,3.7627873,1.7989787,1.8451767,0.13718216
-2.1645079,-0.23567922,1.385345,-1.0501567,9.2130375,3.7627873,1.7989787,1.8451767,0.13718216
-1.9466356,0.09711481,0.5018845,-1.0503063,9.492262,3.1664815,0.8265127,1.8343761,-0.051485073
-1.9466356,0.09711481,0.5018845,-1.0503063,9.492262,3.1664815,0.8265127,1.8343761,-0.051485073
-1.7958009,0.13302784,-0.1110311,-1.0057143,9.438392,2.881721,0.18621433,1.7937421,0.052337285
-1.7958009,0.13302784,-0.1110311,-1.0057143,9.438392,2.881721,0.18621433,1.7937421,0.052337285
-2.3584383,-1.5884032,-1.4422072,-1.6101006,7.613412,1.8653824,-0.42562076,2.3091726,2.1568
-2.3584383,-1.5884032,-1.4422072,-1.6101006,7.613412,1.8653824,-0.42562076,2.3091726,2.1568
-2.8755858,-1.870919,1.0693103,-2.1386206,7.2390184,4.6245503,2.1061325,2.4542456,1.5664102
-2.8755858,-1.870919,1.0693103,-2.1386206,7.2390184,4.6245503,2.1061325,2.4542456,1.5664102
-1.2810476,-1.8852842,3.2504282,-0.4731541,7.152528,6.970419,3.8660483,0.664999,0.61000925
-1.2810476,-1.8852842,3.2504282,-0.4731541,7.152528,6.970419,3.8660483,0.664999,0.61000925
-0.27548283,-3.7838862,2.0533273,0.6757634,5.209783,5.8457427,3.3343155,-0.4323844,2.7028182
-0.27548283,-3.7838862,2.0533273,0.6757634,5.209783,5.8457427,3.3343155,-0.4323844,2.7028182
1.3094786,-5.7734675,-1.9425954,2.3901615,3.2456396,1.7536031,0.1545763,-2.0039937,5.8975806
1.3094786,-5.7734675,-1.9425954,2.3901615,3.2456396,1.7536031,0.1545763,-2.0039937,5.8975806
0.39489365,-10.207529,-10.032603,1.5613188,-1.0951977,-6.6006646,-5.965853,-1.3202928,12.948671
0.39489365,-10.207529,-10.032603,1.5613188,-1.0951977,-6.6006646,-5.965853,-1.3202928,12.948671
-2.485331,-15.668703,-19.4484,-1.2984055,-6.436512,-16.361227,-13.421204,1.2105794,21.173832
6.7562876,-19.688568,-16.391603,7.9468045,-10.359411,-13.612533,-10.838416,-8.706107,22.554476
6.7562876,-19.688568,-16.391603,7.9468045,-10.359411,-13.612533,-10.838416,-8.706107,22.554476
3.9646485,-13.798832,-7.9999256,5.1949687,-4.4666824,-5.2486887,-4.1524844,-5.6148643,14.878009
3.9646485,-13.798832,-7.9999256,5.1949687,-4.4666824,-5.2486887,-4.1524844,-5.6148643,14.878009
0.7683891,-7.121403,-6.3838396,1.8314147,2.145055,-3.3547256,-3.9548,-1.4679663,8.617589
0.7683891,-7.121403,-6.3838396,1.8314147,2.145055,-3.3547256,-3.9548,-1.4679663,8.617589
-5.394286,-10.47568,-0.37678748,-4.513968,-1.2662334,2.8766334,3.3520532,4.3137507,10.446792
-5.394286,-10.47568,-0.37678748,-4.513968,-1.2662334,2.8766334,3.3520532,4.3137507,10.446792
-8.059032,-19.688568,-2.0503345,-7.2997713,-10.494385,1.2759598,4.981279,6.388223,19.777996
-8.059032,-19.688568,-2.0503345,-7.2997713,-10.494385,1.2759598,4.981279,6.388223,19.777996
-13.752444,-19.688568,-5.4692545,-13.084612,-10.4789715,-2.166154,1.833066,12.28748,21.268282
-13.752444,-19.688568,-5.4692545,-13.084612,-10.4789715,-2.166154,1.833066,12.28748,21.268282
-4.800524,3.0132525,8.4386635,-4.2561426,12.2203045,11.771242,7.073301,4.8803034,-5.430178
-4.800524,3.0132525,8.4386635,-4.2561426,12.2203045,11.771242,7.073301,4.8803034,-5.430178
-9.888203,4.957344,-1.2458827,-9.398738,14.10948,2.2430677,-2.5786288,10.180442,-3.6896262
-9.888203,4.957344,-1.2458827,-9.398738,14.10948,2.2430677,-2.5786288,10.180442,-3.6896262
-4.939388,-2.476652,7.8496895,-4.332009,6.6633625,11.351509,8.306955,4.80706,-0.188797
-7.6544123,-10.791715,11.510424,-6.913108,-1.5873557,14.812477,14.555534,7.000384,6.831692
-7.6544123,-10.791715,11.510424,-6.913108,-1.5873557,14.812477,14.555534,7.000384,6.831692
-1.9849428,-19.10917,-3.8196495,-1.2394483,-9.767744,-0.9295488,2.0125575,0.44845673,19.479187
-1.9849428,-19.10917,-3.8196495,-1.2394483,-9.767744,-0.9295488,2.0125575,0.44845673,19.479187
-2.3751976,-14.081347,-0.71436995,-1.4927847,-4.575469,1.5285481,2.5840006,1.0077815,14.02653
-2.3751976,-14.081347,-0.71436995,-1.4927847,-4.575469,1.5285481,2.5840006,1.0077815,14.02653
-5.29373,-7.511658,0.6215946,-4.2793365,2.0685902,2.4549546,2.2658107,4.3971353,7.7695723
-5.29373,-7.511658,0.6215946,-4.2793365,2.0685902,2.4549546,2.2658107,4.3971353,7.7695723
-4.989666,-5.1773114,-0.42227733,-3.688567,4.431967,1.0405799,0.577528,4.2341805,5.798087
-4.989666,-5.1773114,-0.42227733,-3.688567,4.431967,1.0405799,0.577528,4.2341805,5.798087
-3.5842695,-9.458144,-1.7893665,-1.8854338,0.15008652,-0.8060978,-0.7380898,1.9012101,10.067071
-3.5842695,-9.458144,-1.7893665,-1.8854338,0.15008652,-0.8060978,-0.7380898,1.9012101,10.067071
1.8697219,-10.600179,-0.065541275,3.9791632,-1.0381857,0.47300446,0.4087238,-4.117189,9.937082
1.8697219,-10.600179,-0.065541275,3.9791632,-1.0381857,0.47300446,0.4087238,-4.117189,9.937082
0.82584995,-7.7008,0.7173627,3.2501287,1.7986441,0.95349085,0.8709782,-2.7112427,7.238059
0.82584995,-7.7008,0.7173627,3.2501287,1.7986441,0.95349085,0.8709782,-2.7112427,7.238059
-0.6609493,-6.2594905,-1.2626421,1.9005473,3.2065842,-1.3355156,-1.3097916,-0.9956798,6.2052727
-0.6609493,-6.2594905,-1.2626421,1.9005473,3.2065842,-1.3355156,-1.3097916,-0.9956798,6.2052727
-1.0751462,-5.7638907,-0.70958155,1.5402199,3.6748004,-1.2030864,-1.0026175,-0.503088,5.7985806
-1.0751462,-5.7638907,-0.70958155,1.5402199,3.6748004,-1.2030864,-1.0026175,-0.503088,5.7985806
-0.9482535,-6.3528647,-1.7366941,1.7287632,3.0416837,-2.6014497,-2.2926853,-0.82599425,6.191567
-0.9482535,-6.3528647,-1.7366941,1.7287632,3.0416837,-2.6014497,0.04571122,-2.4365106,6.191567
-1.3480852,-7.4063134,-2.567482,1.4041992,1.9354128,-3.72044,-3.434708,-0.7782708,7.1316104
-1.8317139,-7.475745,-0.6569091,0.9991303,1.8101661,-2.0461447,-1.7430344,-0.4108997,7.5144186
-1.8317139,-7.475745,-0.6569091,0.9991303,1.8101661,-2.0461447,-1.7430344,-0.4108997,7.5144186
-2.5858874,-8.34484,1.1339538,0.33054948,0.8789713,-0.47494975,-0.31535918,-0.045652207,8.803834
-2.5858874,-8.34484,1.1339538,0.33054948,0.8789713,-0.47494975,-0.31535918,-0.045652207,8.803834
-4.18282,-9.283367,0.37020344,-1.1757027,-0.13856442,-1.5007155,-1.5514444,1.0978448,10.010079
-4.18282,-9.283367,0.37020344,-1.1757027,-0.13856442,-1.5007155,-1.5514444,1.0978448,10.010079
-4.855591,-9.508423,-0.9442133,-1.7250223,-0.46267948,-3.0759506,-3.1999695,1.5218648,10.115459
-4.855591,-9.508423,-0.9442133,-1.7250223,-0.46267948,-3.0759506,-3.1999695,1.5218648,10.115459
-4.525191,-10.717494,-1.7079636,-1.2446856,-1.7919103,-4.1044097,-4.490956,0.5891764,10.850962
-4.525191,-10.717494,-1.7079636,-1.2446856,-1.7919103,-4.1044097,-4.490956,0.5891764,10.850962
-4.5204024,-13.743765,-1.0423756,-1.0857705,-4.9458222,-3.6825814,-4.896967,-0.7639349,13.632601
-4.5204024,-13.743765,-1.0423756,-1.0857705,-4.9458222,-3.6825814,-4.896967,-0.7639349,13.632601
-3.0120554,-15.517869,-1.6385318,0.58747727,-6.8442745,-4.4639893,-6.0395727,-3.149935,14.358378
-3.0120554,-15.517869,-1.6385318,0.58747727,-6.8442745,-4.4639893,-6.0395727,-3.149935,14.358378
-0.79741883,-15.357457,-1.85401,2.9722517,-6.7910037,-4.7825675,-6.0933995,-5.421836,13.168102
-0.41434655,-14.785243,-3.0702643,3.4891,-6.290765,-6.033089,-7.0938845,-5.7285423,12.044177
-0.41434655,-14.785243,-3.0702643,3.4891,-6.290765,-6.033089,-7.0938845,-5.7285423,12.044177
0.028580783,-14.543428,-4.468478,4.020463,-6.0806737,-7.404368,-8.300413,-6.092865,11.200873
0.028580783,-14.543428,-4.468478,4.020463,-6.0806737,-7.404368,-8.300413,-6.092865,11.200873
-0.06000468,-11.883471,-0.6616975,3.981707,-3.4060512,-3.4847605,-3.8550396,-4.9646034,10.106914
-0.06000468,-11.883471,-0.6616975,3.981707,-3.4060512,-3.4847605,-3.8550396,-4.9646034,10.106914
-0.30900165,-9.690382,3.3126774,3.7220857,-1.1338041,0.72289926,0.71488065,-3.8766735,9.45691
-0.30900165,-9.690382,3.3126774,3.7220857,-1.1338041,0.72289926,0.71488065,-3.8766735,9.45691
-4.0726867,-10.176405,1.3470377,-0.16385318,-1.4703391,-0.9103952,-1.2281431,-0.40143862,10.967727
-4.0726867,-10.176405,1.3470377,-0.16385318,-1.4703391,-0.9103952,-1.2281431,-0.40143862,10.967727
-8.525902,-14.976779,-0.9322423,-4.818032,-6.080524,-2.743755,-3.9590619,2.3195903,16.637587
-8.525902,-14.976779,-0.9322423,-4.818032,-6.080524,-2.743755,-3.9590619,2.3195903,16.637587
-13.977499,-17.344645,2.4866776,-10.5184765,-8.254459,1.2307693,0.21389912,6.896223,21.32574
-13.977499,-17.344645,2.4866776,-10.5184765,-8.254459,1.2307693,0.21389912,6.896223,21.32574
-9.112481,-12.984803,0.042197805,-5.8818054,-3.7469256,-0.5868787,-0.578959,4.3776193,15.2363205
-7.434146,-13.102119,-1.9449896,-4.3676224,-3.7877767,-2.0557215,-1.819312,3.1519666,14.746874
-7.434146,-13.102119,-1.9449896,-4.3676224,-3.7877767,-2.0557215,-1.819312,3.1519666,14.746874
-6.5530796,-12.414984,-2.2849662,-3.728969,-3.030012,-1.9402012,-1.4799634,2.8852093,13.848503
-6.5530796,-12.414984,-2.2849662,-3.728969,-3.030012,-1.9402012,-1.4799634,2.8852093,13.848503
-5.940164,-11.900229,-1.6217724,-3.4657567,-2.4509144,-0.74998367,-0.07007517,2.7691202,13.10947
-5.940164,-11.900229,-1.6217724,-3.4657567,-2.4509144,-0.74998367,-0.07007517,2.7691202,13.10947
0.82106155,-14.3279505,-0.9585785,2.9369373,-4.861726,0.4858733,0.40203908,-4.0539985,13.794443
0.82106155,-14.3279505,-0.9585785,2.9369373,-4.861726,0.4858733,0.40203908,-4.0539985,13.794443
-3.8811505,-12.340763,-1.7773955,-2.1342812,-2.8835168,0.14155717,1.0694187,1.3889538,12.940018
-3.8811505,-12.340763,-1.7773955,-2.1342812,-2.8835168,0.14155717,1.0694187,1.3889538,12.940018
-3.6225767,-3.9754224,2.024597,-2.3274634,5.5017257,4.1879077,3.5591466,2.313846,3.8735812
-3.6225767,-3.9754224,2.024597,-2.3274634,5.5017257,4.1879077,3.5591466,2.313846,3.8735812
-3.160496,-0.81507605,3.853767,-2.2501006,8.641123,6.2873235,4.6123734,2.0531626,0.12302472
-3.160496,-0.81507605,3.853767,-2.2501006,8.641123,6.2873235,4.6123734,2.0531626,0.12302472
-2.3775918,0.55440736,0.56413376,-1.683423,9.925313,3.3704374,0.954301,2.257085,-0.5229064
-2.3775918,0.55440736,0.56413376,-1.683423,9.925313,3.3704374,0.954301,2.257085,-0.5229064
-1.1613375,1.9286791,1.0238205,-0.6109703,11.172692,4.2515035,0.6159099,1.1705222,-2.0897965
-1.1613375,1.9286791,1.0238205,-0.6109703,11.172692,4.2515035,0.6159099,1.1705222,-2.0897965
-1.1780969,-0.21891981,-0.7694366,-0.6792051,8.892664,2.822764,-0.37223372,1.261784,0.54517347
-1.1780969,-0.21891981,-0.7694366,-0.6792051,8.892664,2.822764,-0.37223372,1.261784,0.54517347
-2.035221,-2.3425767,-0.43903673,-1.5286977,6.677578,3.3756747,0.8813202,1.7714585,2.430587
-0.8093898,-1.2747627,1.7253217,-0.25767595,7.695563,5.649867,2.2004218,0.37874553,0.521117
-0.8093898,-1.2747627,1.7253217,-0.25767595,7.695563,5.649867,2.2004218,0.37874553,0.521117
-0.26830024,-1.9786581,1.2895769,0.3788824,6.9707184,5.247342,1.9817652,-0.15836845,1.3029225
-0.26830024,-1.9786581,1.2895769,0.3788824,6.9707184,5.247342,1.9817652,-0.15836845,1.3029225
0.7588123,-4.1094975,-1.9330186,1.5283985,4.8635216,1.9482816,-0.3140698,-1.0769334,4.4656353
0.7588123,-4.1094975,-1.9330186,1.5283985,4.8635216,1.9482816,-0.3140698,-1.0769334,4.4656353
1.146673,-9.012823,-8.830713,2.0506337,0.031124622,-5.147833,-5.039122,-1.539652,11.522327
1.146673,-9.012823,-8.830713,2.0506337,0.031124622,-5.147833,-5.039122,-1.539652,11.522327
-0.43589434,-16.269648,-17.574339,0.580145,-7.1324763,-14.160954,-10.904699,-0.49832574,21.321066
-0.43589434,-16.269648,-17.574339,0.580145,-7.1324763,-14.160954,-10.904699,-0.49832574,21.321066
2.4108114,-19.688568,-14.969447,3.5242648,-10.468048,-11.820772,-8.251707,-4.290595,23.044222
2.4108114,-19.688568,-14.969447,3.5242648,-10.468048,-11.820772,-8.251707,-4.290595,23.044222
0.51939213,-11.964873,-9.254487,1.6977882,-2.7543795,-6.099977,-5.0425086,-1.8364086,14.151825
0.51939213,-11.964873,-9.254487,1.6977882,-2.7543795,-6.099977,-5.0425086,-1.8364086,14.151825
-3.907487,-8.852411,-5.5626283,-2.8266544,0.28865093,-2.179771,-1.9374044,2.9051826,10.601076
-3.907487,-8.852411,-5.5626283,-2.8266544,0.28865093,-2.179771,-1.9374044,2.9051826,10.601076
-8.461259,-17.70617,-2.9266124,-7.50672,-8.615984,0.6271312,4.1381125,6.46356,18.296581
-8.461259,-17.70617,-2.9266124,-7.50672,-8.615984,0.6271312,4.1381125,6.46356,18.296581
-9.679907,-19.688568,-11.830648,-8.837148,-10.616638,-8.202535,-3.243831,7.886446,23.421915
-0.9769839,1.6174328,11.050737,-0.253935,10.657041,14.783747,9.660626,0.84647137,-5.6254077
-0.9769839,1.6174328,11.050737,-0.253935,10.657041,14.783747,9.660626,0.84647137,-5.6254077
-10.383802,8.80722,-0.9968857,-9.826552,17.76752,2.9496565,-3.7620137,11.065578,-7.0558114
-10.383802,8.80722,-0.9968857,-9.826552,17.76752,2.9496565,-3.7620137,11.065578,-7.0558114
-6.852355,-2.747197,5.874473,-6.272509,6.231359,9.775974,6.7943535,6.519805,0.5832619
-6.852355,-2.747197,5.874473,-6.272509,6.231359,9.775974,6.7943535,6.519805,0.5832619
-11.734132,-13.272107,13.3587475,-11.118822,-4.2161894,17.071405,17.825844,10.562793,7.934829
-11.734132,-13.272107,13.3587475,-11.118822,-4.2161894,17.071405,17.825844,10.562793,7.934829
-1.8724154,-19.688568,-4.573823,-1.3410522,-10.487351,-1.2229881,2.4831016,0.63054687,20.137085
-1.8724154,-19.688568,-4.573823,-1.3410522,-10.487351,-1.2229881,2.4831016,0.63054687,20.137085
0.030974984,-14.995933,-2.1197662,0.7128736,-5.571158,0.50353056,1.8907024,-1.2235749,14.9766655
0.030974984,-14.995933,-2.1197662,0.7128736,-5.571158,0.50353056,1.8907024,-1.2235749,14.9766655
-3.4861073,-6.0583777,1.2416929,-2.6898856,3.4837132,3.3601124,2.774392,2.7887757,5.9096675
-3.4861073,-6.0583777,1.2416929,-2.6898856,3.4837132,3.3601124,2.774392,2.7887757,5.9096675
-4.1756372,-4.4734163,1.3901334,-3.1141083,5.1360116,3.0343513,2.3978672,3.5282438,4.602348
-4.1756372,-4.4734163,1.3901334,-3.1141083,5.1360116,3.0343513,2.3978672,3.5282438,4.602348
-3.6656725,-7.913884,-1.5499463,-2.2764368,1.7347487,-0.4794389,-0.50281143,2.5287223,8.474775
-3.6656725,-7.913884,-1.5499463,-2.2764368,1.7347487,-0.4794389,-0.50281143,2.5287223,8.474775
0.6295254,-9.790938,-1.8971056,2.40318,-0.15981296,-1.378312,-1.4914589,-2.3311317,9.602038
0.6295254,-9.790938,-1.8971056,2.40318,-0.15981296,-1.378312,-1.4914589,-2.3311317,9.602038
1.2448353,-7.044789,1.0812813,3.3924341,2.5225909,1.2430396,1.1138233,-2.7892134,6.5823655
-0.79981303,-5.218013,0.3007716,1.5725416,4.296844,0.18854338,0.23540534,-0.48884827,5.259604
-0.79981303,-5.218013,0.3007716,1.5725416,4.296844,0.18854338,0.23540534,-0.48884827,5.259604
-2.6194062,-3.5468602,-0.27144262,-0.1436521,5.927445,-0.8005612,-0.4924213,1.6374327,4.0732694
-2.6194062,-3.5468602,-0.27144262,-0.1436521,5.927445,-0.8005612,-0.4924213,1.6374327,4.0732694
-2.6457424,-5.186888,1.409287,-0.0887351,4.230255,0.4345476,0.8307025,1.1977203,5.8107877
-2.6457424,-5.186888,1.409287,-0.0887351,4.230255,0.4345476,0.8307025,1.1977203,5.8107877
-2.3129485,-9.383924,-1.3081319,0.35823244,-0.043544542,-2.647688,-2.6139476,-0.36500165,9.388985
-2.3129485,-9.383924,-1.3081319,0.35823244,-0.043544542,-2.647688,-2.6139476,-0.36500165,9.388985
-1.5635633,-10.6815815,-1.6241666,1.2394483,-1.4314333,-3.2820017,-3.4027836,-1.6072527,10.247762
-1.5635633,-10.6815815,-1.6241666,1.2394483,-1.4314333,-3.2820017,-3.4027836,-1.6072527,10.247762
-2.0376153,-9.896283,-1.8180969,0.89588034,-0.7436989,-3.7668273,-3.776645,-1.0852102,9.484358
-2.0376153,-9.896283,-1.8180969,0.89588034,-0.7436989,-3.7668273,-3.776645,-1.0852102,9.484358
-2.8803742,-8.493281,-0.31214404,0.19602527,0.55096567,-2.5281274,-2.3306215,0.002705022,8.665911
-2.8803742,-8.493281,-0.31214404,0.19602527,0.55096567,-2.5281274,-2.3306215,0.002705022,8.665911
-2.1621137,-8.6512985,-0.04878186,1.0702082,0.27039516,-2.5243864,-2.2932246,-0.89691406,8.570808
-2.1621137,-8.6512985,-0.04878186,1.0702082,0.27039516,-2.5243864,-2.2932246,-0.89691406,8.570808
-1.5611691,-13.418154,-1.6265608,1.8188452,-4.6260467,-4.3555017,-5.222666,-3.3276742,12.115284
-2.652925,-16.257677,-3.3743281,0.85682493,-7.575703,-6.2859764,-8.012084,-3.5902374,14.340603
-2.652925,-16.257677,-3.3743281,0.85682493,-7.575703,-6.2859764,-8.012084,-3.5902374,14.340603
-2.7295396,-16.856228,-1.9330186,0.90396076,-8.252813,-4.9250226,-6.932647,-3.9915235,15.209389
-2.7295396,-16.856228,-1.9330186,0.90396076,-8.252813,-4.9250226,-6.932647,-3.9915235,15.209389
-0.5220856,-17.684622,-1.8755578,3.2019455,-9.123255,-4.8766894,-6.8798366,-6.5043716,15.063107
-0.5220856,-17.684622,-1.8755578,3.2019455,-9.123255,-4.8766894,-6.8798366,-6.5043716,15.063107
0.5624878,-15.498715,-0.8173206,4.322731,-6.92867,-3.7476737,-5.0787234,-6.6484213,13.0843315
0.5624878,-15.498715,-0.8173206,4.322731,-6.92867,-3.7476737,-5.0787234,-6.6484213,13.0843315
-1.8628385,-13.846716,0.1858499,1.831265,-5.197363,-2.591873,-3.7498574,-3.6106694,12.966801
-1.8628385,-13.846716,0.1858499,1.831265,-5.197363,-2.591873,-3.7498574,-3.6106694,12.966801
-5.8707323,-12.5203285,-0.86520463,-2.3388357,-3.7267246,-3.389142,-4.3522186,0.96702,13.118527
-5.8707323,-12.5203285,-0.86520463,-2.3388357,-3.7267246,-3.389142,-4.3522186,0.96702,13.118527
-9.4596405,-14.641591,-0.055964466,-6.130503,-5.66947,-2.1984756,-3.568,3.969199,16.594547
-9.4596405,-14.641591,-0.055964466,-6.130503,-5.66947,-2.1984756,-3.568,3.969199,16.594547
-11.583298,-15.594483,3.0876224,-8.445696,-6.4502788,1.4410101,0.30240995,5.887662,18.765345
-11.583298,-15.594483,3.0876224,-8.445696,-6.4502788,1.4410101,0.30240995,5.887662,18.765345
-11.30557,-12.922554,1.5050551,-8.30369,-3.6447232,0.4647744,0.28199315,6.774887,15.845976
-11.30557,-12.922554,1.5050551,-8.30369,-3.6447232,0.4647744,0.28199315,6.774887,15.845976
-9.481189,-10.56666,-1.2387002,-6.57762,-1.2110171,-1.6989853,-1.4368238,6.0344586,12.829749
-9.481189,-10.56666,-1.2387002,-6.57762,-1.2110171,-1.6989853,-1.4368238,6.0344586,12.829749
-5.889886,-11.656021,-3.8292263,-3.1045315,-2.2538416,-3.713706,-3.4909945,2.6070728,12.893126
-5.889886,-11.656021,-3.8292263,-3.1045315,-2.2538416,-3.713706,-3.4909945,2.6070728,12.893126
-1.4917372,-13.178734,-3.3001077,1.1008838,-3.7506666,-2.5501242,-2.479432,-1.8210446,13.316578
-1.4917372,-13.178734,-3.3001077,1.1008838,-3.7506666,-2.5501242,-2.479432,-1.8210446,13.316578
-4.13733,-14.356681,-1.3655928,-1.7916111,-4.925621,-0.0525228,0.7093035,0.46503434,14.979227
-4.13733,-14.356681,-1.3655928,-1.7916111,-4.925621,-0.0525228,0.7093035,0.46503434,14.979227
-2.640954,-4.834941,1.6199768,-0.5515642,4.6022544,3.2773628,2.6774292,1.1779121,4.941611
-2.640954,-4.834941,1.6199768,-0.5515642,4.6022544,3.2773628,2.6774292,1.1779121,4.941611
-0.9769839,-0.3242647,3.3485904,0.8005612,9.105747,5.3701944,3.4792678,0.356135,-0.20139983
0.12674305,1.1888708,1.56491,1.6496049,10.575788,3.9607577,1.2192129,-0.14300585,-1.5399646
0.12674305,1.1888708,1.56491,1.6496049,10.575788,3.9607577,1.2192129,-0.14300585,-1.5399646
1.716493,2.0052936,1.3997102,3.0186393,11.320534,4.1751885,0.45326126,-1.5251998,-2.5288453
1.716493,2.0052936,1.3997102,3.0186393,11.320534,4.1751885,0.45326126,-1.5251998,-2.5288453
-0.39279872,1.1745056,0.058957215,0.7472902,10.380361,3.2411506,-0.21131158,0.5786269,-1.0759968
-0.39279872,1.1745056,0.058957215,0.7472902,10.380361,3.2411506,-0.21131158,0.5786269,-1.0759968
-2.8875568,-3.2906806,-1.1884218,-1.8207904,5.7749643,2.396147,0.5850925,2.4225614,3.7904856
-2.8875568,-3.2906806,-1.1884218,-1.8207904,5.7749643,2.396147,0.5850925,2.4225614,3.7904856
-2.497302,-4.4494743,1.9455881,-1.4676456,4.4529157,5.928193,3.915773,1.4689443,3.5112083
-2.497302,-4.4494743,1.9455881,-1.4676456,4.4529157,5.928193,3.915773,1.4689443,3.5112083
-1.4318823,-6.0942907,0.14514847,-0.3657143,2.6613047,4.431817,2.9074695,0.3757584,5.533278
-1.4318823,-6.0942907,0.14514847,-0.3657143,2.6613047,4.431817,2.9074695,0.3757584,5.533278
-0.16534956,-8.512435,-4.501997,0.9660604,0.17417817,-0.093373865,-0.29422286,-0.91416234,9.583036
-0.16534956,-8.512435,-4.501997,0.9660604,0.17417817,-0.093373865,-0.29422286,-0.91416234,9.583036
-0.6489783,-8.921843,-12.053309,0.502932,-0.22056583,-7.679103,-6.824811,-0.075525664,13.368585
-0.6489783,-8.921843,-12.053309,0.502932,-0.22056583,-7.679103,-6.824811,-0.075525664,13.368585
0.97429043,-9.551518,-12.89128,2.086547,-0.8137293,-8.58022,-7.576259,-1.7567987,14.066976
0.97429043,-9.551518,-12.89128,2.086547,-0.8137293,-8.58022,-7.576259,-1.7567987,14.066976
0.52178633,-8.893112,-6.757335,1.5457565,-0.12779051,-2.480393,-2.3287048,-1.4369504,10.841291
0.52178633,-8.893112,-6.757335,1.5457565,-0.12779051,-2.480393,-2.3287048,-1.4369504,10.841291
-1.0655694,-9.834034,-10.420464,-0.10938509,-1.0712556,-6.1225724,-5.0276933,0.19198732,13.457904
-1.0655694,-9.834034,-10.420464,-0.10938509,-1.0712556,-6.1225724,-5.0276933,0.19198732,13.457904
-3.5579333,-14.313585,-7.849091,-2.668188,-5.5632267,-3.5119946,-0.51717865,2.10889,16.56596
-3.5579333,-14.313585,-7.849091,-2.668188,-5.5632267,-3.5119946,-0.51717865,2.10889,16.56596
-5.451747,-3.5061588,9.669283,-4.7245083,5.226243,14.072669,10.606178,4.7280016,-0.8153181
-5.451747,-3.5061588,9.669283,-4.7245083,5.226243,14.072669,10.606178,4.7280016,-0.8153181
-9.557803,-3.0416837,-5.7014923,-9.040655,5.7278285,-1.3425486,-2.925638,9.56002,5.758218
-1.1613375,-5.1773114,-1.272219,-0.669329,3.7342064,2.7917888,1.0628705,0.81023616,5.290144
-1.1613375,-5.1773114,-1.272219,-0.669329,3.7342064,2.7917888,1.0628705,0.81023616,5.290144
-5.8946743,-6.44145,6.051644,-5.4143376,2.5924716,9.837176,8.536137,4.9890995,3.8865287
-5.8946743,-6.44145,6.051644,-5.4143376,2.5924716,9.837176,8.536137,4.9890995,3.8865287
-4.6520834,-11.969662,-7.1547723,-4.247314,-2.7663505,-3.792266,-2.1928282,4.322743,13.878433
-4.6520834,-11.969662,-7.1547723,-4.247314,-2.7663505,-3.792266,-2.1928282,4.322743,13.878433
-5.830031,-13.425337,-1.2817957,-5.394585,-4.035726,1.5143325,3.1707394,4.9138594,13.47859
-5.830031,-13.425337,-1.2817957,-5.394585,-4.035726,1.5143325,3.1707394,4.9138594,13.47859
-5.643283,-13.018322,1.5361797,-5.030068,-3.5314474,3.9436991,5.2567782,4.249668,12.569398
-5.643283,-13.018322,1.5361797,-5.030068,-3.5314474,3.9436991,5.2567782,4.249668,12.569398
-5.4254107,-15.886576,-0.58987147,-4.39755,-6.3208423,1.3105261,2.9574971,3.413735,16.179182
-5.4254107,-15.886576,-0.58987147,-4.39755,-6.3208423,1.3105261,2.9574971,3.413735,16.179182
-4.7263036,-19.688568,-1.3344681,-3.14224,-10.0825815,-0.15667057,1.2258333,1.3564669,20.2093
-4.7263036,-19.688568,-1.3344681,-3.14224,-10.0825815,-0.15667057,1.2258333,1.3564669,20.2093
-4.7263036,-19.688568,-1.3344681,-3.14224,-10.0825815,-0.15667057,1.2258333,1.3564669,20.2093
5.4251113,-19.688568,1.2752117,7.65546,-10.150068,1.7389386,1.5381694,-9.874193,17.85587
1.3334208,-16.47076,-2.5100212,4.0530844,-7.048979,-2.5830443,-2.7759342,-5.7789254,15.435749
1.3334208,-16.47076,-2.5100212,4.0530844,-7.048979,-2.5830443,-2.7759342,-5.7789254,15.435749
-7.2473984,-16.097265,-10.303147,-4.4195466,-6.729502,-10.951228,-11.404915,2.4433002,16.785704
-7.2473984,-16.097265,-10.303147,-4.4195466,-6.729502,-10.951228,-11.404915,2.4433002,16.785704
-8.150012,-11.627291,-11.785158,-5.307197,-2.3400328,-13.140576,-13.529703,4.4166355,11.74508
-8.150012,-11.627291,-11.785158,-5.307197,-2.3400328,-13.140576,-13.529703,4.4166355,11.74508
-3.5579333,-8.974515,-5.5650225,-0.62339026,0.20560206,-7.3780317,-7.261079,0.5160216,8.436867
-3.5579333,-8.974515,-5.5650225,-0.62339026,0.20560206,-7.3780317,-7.261079,0.5160216,8.436867
-2.7654526,-5.416732,-3.4413657,0.27503392,3.6801872,-5.484368,-4.651566,0.718361,5.1651335
-2.7654526,-5.416732,-3.4413657,0.27503392,3.6801872,-5.484368,-4.651566,0.718361,5.1651335
0.3350386,0.3820248,1.3470377,3.5001733,9.402928,-0.83856916,1.425396,-0.12475173,-0.15933537
0.3350386,0.3820248,1.3470377,3.5001733,9.402928,-0.83856916,1.425396,-0.12475173,-0.15933537
4.390816,-0.9970354,-3.5802293,7.691373,7.949797,-5.86759,-3.1371233,-4.613109,-1.4032339
4.390816,-0.9970354,-3.5802293,7.691373,7.949797,-5.86759,-3.1371233,-4.613109,-1.4032339
2.9662662,-2.3162405,-4.547487,6.310218,6.615179,-6.832154,-4.504137,-3.8150492,0.038623776
2.9662662,-2.3162405,-4.547487,6.310218,6.615179,-6.832154,-4.504137,-3.8150492,0.038623776
0.7396587,-0.3458125,-1.0854712,4.015974,8.658481,-3.1733646,-1.0349866,-0.8648167,-0.16069731
0.7396587,-0.3458125,-1.0854712,4.015974,8.658481,-3.1733646,-1.0349866,-0.8648167,-0.16069731
-1.3768156,-0.6259341,1.4643536,1.7558477,8.489241,-0.34476504,1.1955075,1.1549551,1.291738
-1.3768156,-0.6259341,1.4643536,1.7558477,8.489241,-0.34476504,1.1955075,1.1549551,1.291738
-3.7015855,-4.8876133,-0.27862522,-0.6952163,4.329315,-1.7556981,-1.2130814,1.964864,5.6864643
-3.7015855,-4.8876133,-0.27862522,-0.6952163,4.329315,-1.7556981,-1.2130814,1.964864,5.6864643
-8.044667,-13.468432,-0.41748893,-5.107281,-4.176685,-1.5156794,-2.185185,3.574388,15.124099
-8.044667,-13.468432,-0.41748893,-5.107281,-4.176685,-1.5156794,-2.185185,3.574388,15.124099
-10.228179,-17.150715,-1.1979986,-7.324611,-7.801207,-1.7718589,-2.3743281,4.659953,19.309202
-10.228179,-17.150715,-1.1979986,-7.324611,-7.801207,-1.7718589,-2.3743281,4.659953,19.309202
-14.621539,-13.470826,-0.9154829,-11.758373,-4.0916905,-0.8358757,-0.8749733,10.043279,17.159771
-14.621539,-13.470826,-0.9154829,-11.758373,-4.0916905,-0.8358757,-0.8749733,10.043279,17.159771
-14.181006,-14.5266695,-0.33129767,-11.367969,-5.167136,0.4798878,1.0359553,9.413863,17.959421
-14.181006,-14.5266695,-0.33129767,-11.367969,-5.167136,0.4798878,1.0359553,9.413863,17.959421
-5.403863,-19.688568,-1.5595231,-2.6639984,-10.3987665,-0.02184709,1.6619548,-0.3801526,20.40507
-5.403863,-19.688568,-1.5595231,-2.6639984,-10.3987665,-0.02184709,1.6619548,-0.3801526,20.40507
2.5137622,-19.688568,-4.360739,5.04159,-10.46326,-2.198326,-0.42719603,-7.6184716,18.834837
2.5137622,-19.688568,-4.360739,5.04159,-10.46326,-2.198326,-0.42719603,-7.6184716,18.834837
0.6678326,-19.688568,-9.618406,2.8995278,-10.526707,-6.9256773,-4.3821154,-5.0294204,20.883041
0.6678326,-19.688568,-9.618406,2.8995278,-10.526707,-6.9256773,-4.3821154,-5.0294204,20.883041
-3.4597712,-13.60969,-7.126042,-1.6424223,-4.5046906,-3.9688382,-2.1449802,0.9547017,15.571183
-3.4597712,-13.60969,-7.126042,-1.6424223,-4.5046906,-3.9688382,-2.1449802,0.9547017,15.571183
-4.285771,-8.057536,-4.487632,-2.7672482,0.94765496,-0.9136872,-0.672715,2.9876695,9.698032
-4.285771,-8.057536,-4.487632,-2.7672482,0.94765496,-0.9136872,-0.672715,2.9876695,9.698032
-0.15577275,-5.1797056,-3.194763,1.2128128,3.7163997,0.698658,-0.9635366,-0.51544434,5.9888268
-0.15577275,-5.1797056,-3.194763,1.2128128,3.7163997,0.698658,-0.9635366,-0.51544434,5.9888268
1.2951134,-4.092738,-1.8803462,2.529923,4.7412677,2.1948843,-0.3557443,-1.8174506,4.305095
1.2951134,-4.092738,-1.8803462,2.529923,4.7412677,2.1948843,-0.3557443,-1.8174506,4.305095
0.21532851,-2.7926867,-1.6217724,1.3868413,6.0266547,2.5035868,-0.39754128,-0.53036606,3.1680095
0.21532851,-2.7926867,-1.6217724,1.3868413,6.0266547,2.5035868,-0.39754128,-0.53036606,3.1680095
-0.60588264,1.4378678,3.6957495,0.5602432,10.275166,7.7839985,2.8797054,0.39826193,-2.764382
-0.60588264,1.4378678,3.6957495,0.5602432,10.275166,7.7839985,2.8797054,0.39826193,-2.764382
0.028580783,2.4410384,5.5464673,1.2702737,11.3084135,9.546281,4.083301,-0.20262441,-4.473073
0.028580783,2.4410384,5.5464673,1.2702737,11.3084135,9.546281,4.083301,-0.20262441,-4.473073
2.9183822,2.8863597,5.8936267,4.281431,11.818079,9.706693,3.8504534,-2.8966691,-5.3259926
2.9183822,2.8863597,5.8936267,4.281431,11.818079,9.706693,3.8504534,-2.8966691,-5.3259926
4.553622,0.8776246,2.9559412,5.9771247,9.920973,6.4721255,1.7031872,-4.576117,-2.530138
4.553622,0.8776246,2.9559412,5.9771247,9.920973,6.4721255,1.7031872,-4.576117,-2.530138
2.5520694,-2.807052,-0.8963293,3.9311295,6.403891,2.1745336,-0.45783922,-2.9054344,2.5582883
2.5520694,-2.807052,-0.8963293,3.9311295,6.403891,2.1745336,-0.45783922,-2.9054344,2.5582883
1.4291887,-8.584261,-9.941624,2.7097874,0.7966706,-7.386112,-7.713591,-1.5423001,10.615549
1.4291887,-8.584261,-9.941624,2.7097874,0.7966706,-7.386112,-7.713591,-1.5423001,10.615549
3.9981673,-19.688568,-4.4948144,5.125088,-10.192266,-2.321777,-1.1176265,-6.1923256,19.601902
3.9981673,-19.688568,-4.4948144,5.125088,-10.192266,-2.321777,-1.1176265,-6.1923256,19.601902
-18.48578,-19.688568,-7.2720885,-17.754353,-10.168624,-5.0344076,1.1177796,17.039188,22.150928
-18.48578,-19.688568,-7.2720885,-17.754353,-10.168624,-5.0344076,1.1177796,17.039188,22.150928
-11.013477,7.4999866,4.897639,-10.838252,16.994194,7.3476553,5.6310034,10.056789,-8.287709
-11.013477,7.4999866,4.897639,-10.838252,16.994194,7.3476553,5.6310034,10.056789,-8.287709
-7.6687775,7.4209776,13.794493,-7.438635,16.903812,16.283714,12.9026,5.2439995,-10.49726
-7.6687775,7.4209776,13.794493,-7.438635,16.903812,16.283714,12.9026,5.2439995,-10.49726
-10.759692,-9.122956,7.567174,-10.361656,0.33773208,10.118196,11.521229,8.407094,7.2693563
-10.759692,-9.122956,7.567174,-10.361656,0.33773208,10.118196,11.521229,8.407094,7.2693563
-2.5475802,-19.688568,-3.9417539,-1.9096751,-10.152313,-1.7449241,0.82686186,1.0864619,20.19414
-2.5475802,-19.688568,-3.9417539,-1.9096751,-10.152313,-1.7449241,0.82686186,1.0864619,20.19414
5.3413143,-19.688568,-5.5650225,6.5129766,-10.094104,-3.9079356,-3.6659434,-7.1363926,19.564548
5.3413143,-19.688568,-5.5650225,6.5129766,-10.094104,-3.9079356,-3.6659434,-7.1363926,19.564548
-0.2228104,-18.975096,-1.9473838,1.3346179,-9.385719,-0.6087258,0.13801287,-2.8886836,18.855574
-0.2228104,-18.975096,-1.9473838,1.3346179,-9.385719,-0.6087258,0.13801287,-2.8886836,18.855574
0.2033575,-19.688568,0.0398036,1.9825486,-10.092308,0.99883103,1.295429,-4.0497975,19.225077
0.2033575,-19.688568,0.0398036,1.9825486,-10.092308,0.99883103,1.295429,-4.0497975,19.225077
-3.6058173,-16.882565,-4.5331216,-1.4876971,-7.3108444,-4.2733507,-4.055095,0.41458827,17.376894
-3.6058173,-16.882565,-4.5331216,-1.4876971,-7.3108444,-4.2733507,-4.055095,0.41458827,17.376894
-10.216208,-16.662296,-11.282376,-7.816769,-7.1622543,-11.686248,-11.389926,7.0134196,18.176268
-10.216208,-16.662296,-11.282376,-7.816769,-7.1622543,-11.686248,-11.389926,7.0134196,18.176268
-2.87798,-15.599272,-9.441236,-0.2697966,-6.1960444,-10.414628,-11.036617,-0.5738341,14.785829
-2.87798,-15.599272,-9.441236,-0.2697966,-6.1960444,-10.414628,-11.036617,-0.5738341,14.785829
-0.12704232,-10.463709,-7.9041576,2.7123313,-1.1707647,-9.227552,-9.313156,-2.5083542,8.885626
-0.12704232,-10.463709,-7.9041576,2.7123313,-1.1707647,-9.227552,-9.313156,-2.5083542,8.885626
2.1354783,-2.8908489,-4.7797246,5.187936,6.31351,-6.240337,-5.1271486,-2.7728343,1.336703
2.1354783,-2.8908489,-4.7797246,5.187936,6.31351,-6.240337,-5.1271486,-2.7728343,1.336703
5.6286187,1.2223896,-2.816479,8.861838,10.362404,-4.292804,-2.4280512,-4.850078,-3.4189842
5.6286187,1.2223896,-2.816479,8.861838,10.362404,-4.292804,-2.4280512,-4.850078,-3.4189842
6.4378586,0.6358102,1.3063363,9.756671,9.752332,-0.124648124,1.6282378,-5.8526645,-2.5791383
6.4378586,0.6358102,1.3063363,9.756671,9.752332,-0.124648124,1.6282378,-5.8526645,-2.5791383
7.043592,0.29583356,-0.28341362,10.288034,9.462035,-1.558326,-0.041296013,-6.54136,-2.6436589
7.043592,0.29583356,-0.28341362,10.288034,9.462035,-1.558326,-0.041296013,-6.54136,-2.6436589
1.11076,-1.217302,-0.46537295,4.0889974,8.055591,-1.6117467,-0.5868439,-1.4181833,0.7593117
1.11076,-1.217302,-0.46537295,4.0889974,8.055591,-1.6117467,-0.5868439,-1.4181833,0.7593117
-7.5514617,-7.9450088,-0.3648165,-4.9738045,1.4686931,-1.3181577,-1.1549445,5.2197924,9.576047
-9.940875,-16.032621,-0.62578446,-7.6829934,-6.508338,-1.2274773,-1.4598432,6.0440335,17.821222
-9.940875,-16.032621,-0.62578446,-7.6829934,-6.508338,-1.2274773,-1.4598432,6.0440335,17.821222
-9.940875,-16.032621,-0.62578446,-7.6829934,-6.508338,-1.2274773,-6.2023168,-0.439055,17.821226
-12.936022,-16.71497,-0.8843582,-10.839,-7.136816,-1.0709563,-0.77756697,9.1142,19.074585
-12.936022,-16.71497,-0.8843582,-10.839,-7.136816,-1.0709563,-9.12151,0.6865121,19.074585
-12.68463,-14.227394,-2.5100212,-10.683377,-4.630835,-2.2375312,-1.59869,9.599199,16.580662
-14.204948,-19.688568,-3.1923687,-12.234819,-10.119991,-2.3352444,-0.76627314,9.990817,22.342964
-14.204948,-19.688568,-3.1923687,-12.234819,-10.119991,-2.3352444,-0.76627314,9.990817,22.342964
-1.7958009,-19.271976,-2.9481602,-0.04189853,-9.74485,-1.4221559,-0.03720492,-1.7249571,19.502531
-1.7958009,-19.271976,-2.9481602,-0.04189853,-9.74485,-1.4221559,-0.03720492,-1.7249571,19.502531
0.4667197,-19.688568,-5.497985,1.9761143,-10.223391,-3.4232595,-1.6351173,-3.411391,20.094135
0.4667197,-19.688568,-5.497985,1.9761143,-10.223391,-3.4232595,-1.6351173,-3.411391,20.094135
0.4667197,-19.688568,-5.497985,1.9761143,-10.223391,-3.4232595,3.0604954,-2.2236376,20.094135
-4.113388,-14.56737,-6.2138515,-2.873042,-5.162946,-3.7259765,-1.9190431,2.4342427,16.066486
-4.0248027,-7.727136,-2.6321254,-3.0892684,1.5981296,0.2551321,0.35292876,3.2168205,8.5066595
-4.0248027,-7.727136,-2.6321254,-3.0892684,1.5981296,0.2551321,0.35292876,3.2168205,8.5066595
-0.6202479,-7.128586,-5.119701,0.17836803,2.084452,-1.8555063,-2.4147506,0.3900666,8.451605
-0.6202479,-7.128586,-5.119701,0.17836803,2.084452,-1.8555063,-2.4147506,0.3900666,8.451605
0.033369187,-7.238719,-1.9761143,0.71197575,1.8884265,1.5465046,0.63863194,-0.69018894,7.4445267
0.033369187,-7.238719,-1.9761143,0.71197575,1.8884265,1.5465046,0.63863194,-0.69018894,7.4445267
0.3374328,-3.14224,0.7293337,0.9305963,5.9424086,4.374805,1.7081293,-0.8606923,2.6193445
0.3374328,-3.14224,0.7293337,0.9305963,5.9424086,4.374805,1.7081293,-0.8606923,2.6193445
0.3374328,-3.14224,0.7293337,0.9305963,5.9424086,4.374805,1.1466951,1.5308776,2.6193445
0.059705406,1.6389807,5.144242,0.6277298,10.71525,8.814553,4.0985975,-0.69426167,-3.4456558
2.892046,4.203171,8.97257,3.481768,13.296648,12.596344,6.179197,-3.7132099,-7.38696
2.892046,4.203171,8.97257,3.481768,13.296648,12.596344,6.179197,-3.7132099,-7.38696
2.9710546,4.3563995,7.615058,3.6103065,13.520356,11.048044,5.047149,-3.505983,-6.930284
2.9710546,4.3563995,7.615058,3.6103065,13.520356,11.048044,5.047149,-3.505983,-6.930284
1.7667712,2.3572412,3.0134022,2.4100633,11.633575,6.129156,1.8013856,-1.8983006,-3.3030477
1.7667712,2.3572412,3.0134022,2.4100633,11.633575,6.129156,1.8013856,-1.8983006,-3.3030477
1.2639889,-1.6865655,-3.680786,1.8359038,7.754969,-1.0919056,-3.3030434,-0.8491793,2.5217361
1.2639889,-1.6865655,-3.680786,1.8359038,7.754969,-1.0919056,-3.3030434,-0.8491793,2.5217361
1.8984523,-11.591378,-19.4484,2.3995886,-2.0020015,-17.457172,-16.895485,0.34800097,15.186371
1.8984523,-11.591378,-19.4484,2.3995886,-2.0020015,-17.457172,-16.895485,0.34800097,15.186371
8.20478,-19.688568,0.36541504,8.615385,-10.012701,1.9087774,1.7218575,-9.49672,19.0247
8.20478,-19.688568,0.36541504,8.615385,-10.012701,1.9087774,1.7218575,-9.49672,19.0247
-11.882573,-16.638355,-10.137948,-11.941829,-7.028329,-8.184279,-3.6663258,13.199127,18.252382
-11.882573,-16.638355,-10.137948,-11.941829,-7.028329,-8.184279,-3.6663258,13.199127,18.252382
-9.52189,19.231575,16.047436,-10.19077,28.778154,18.189499,13.119722,4.754418,-22.875938
-9.52189,19.231575,16.047436,-10.19077,28.778154,18.189499,13.119722,4.754418,-22.875938
-10.568156,7.890241,16.068983,-11.213094,17.418266,18.299034,15.557615,6.764064,-12.015078
-10.568156,7.890241,16.068983,-11.213094,17.418266,18.299034,15.557615,6.764064,-12.015078
-11.817929,-12.096555,8.685266,-12.429199,-2.5911248,11.018715,13.611859,9.825733,8.921674
-11.817929,-12.096555,8.685266,-12.429199,-2.5911248,11.018715,13.611859,9.825733,8.921674
-4.786159,-19.688568,-8.536227,-5.243152,-10.076896,-6.644658,-3.1553118,6.642152,20.720522
-4.786159,-19.688568,-8.536227,-5.243152,-10.076896,-6.644658,-3.1553118,6.642152,20.720522
3.0787938,-19.688568,-6.1587844,3.1982045,-9.972898,-4.830751,-4.0842834,-2.4871616,20.302265
3.0787938,-19.688568,-6.1587844,3.1982045,-9.972898,-4.830751,-4.0842834,-2.4871616,20.302265
-1.714398,-16.870592,-4.097377,-1.1278186,-7.13517,-3.0723593,-2.115206,1.1487844,17.278622
-1.714398,-16.870592,-4.097377,-1.1278186,-7.13517,-3.0723593,-2.115206,1.1487844,17.278622
-0.6322189,-19.465908,2.4483705,0.23523031,-9.717017,3.0644286,3.3975835,-1.7576745,19.253126
-0.6322189,-19.465908,2.4483705,0.23523031,-9.717017,3.0644286,3.3975835,-1.7576745,19.253126
-6.4190044,-17.897705,-5.6512136,-5.2145715,-8.165276,-5.626075,-4.8944,4.9853125,18.564997
-6.4190044,-17.897705,-5.6512136,-5.2145715,-8.165276,-5.626075,-4.8944,4.9853125,18.564997
-2.9282584,-15.97995,-13.097181,-1.4463971,-6.2951045,-13.520057,-13.628415,2.1277845,15.659138
-2.9282584,-15.97995,-13.097181,-1.4463971,-6.2951045,-13.520057,-13.628415,2.1277845,15.659138
-2.3584383,-13.188311,-8.670302,-0.62967503,-3.5760396,-9.557803,-9.811632,0.8361577,12.557892
-2.3584383,-13.188311,-8.670302,-0.62967503,-3.5760396,-9.557803,-9.811632,0.8361577,12.557892
-1.7072154,-7.0639424,-5.050269,0.20620061,2.4881742,-6.1758432,-5.824783,0.61702484,6.6340246
-1.7072154,-7.0639424,-5.050269,0.20620061,2.4881742,-6.1758432,-5.824783,0.61702484,6.6340246
1.6063597,0.039653964,-3.0319571,3.7098155,9.541642,-4.24058,-3.0248845,-1.4325844,-0.7566383
1.6063597,0.039653964,-3.0319571,3.7098155,9.541642,-4.24058,-3.0248845,-1.4325844,-0.7566383
4.2854714,1.548001,-1.4469956,6.566248,11.005397,-2.6825533,-1.2448477,-3.7638898,-2.6718645
4.2854714,1.548001,-1.4469956,6.566248,11.005397,-2.6825533,-1.2448477,-3.7638898,-2.6718645
4.7499466,-0.26919806,-1.2698247,7.1233487,9.163358,-2.521244,-1.2698851,-4.6396303,-1.052683
4.7499466,-0.26919806,-1.2698247,7.1233487,9.163358,-2.521244,-1.2698851,-4.6396303,-1.052683
3.2799067,-1.6650176,-1.0088568,5.618892,7.774871,-2.2691047,-1.2066076,-3.5517242,0.6908078
3.2799067,-1.6650176,-1.0088568,5.618892,7.774871,-2.2691047,-1.2066076,-3.5517242,0.6908078
-1.7550995,-0.9874586,-1.3177087,0.44547117,8.48939,-2.5499744,-1.427414,1.5349221,1.1825008
-1.7550995,-0.9874586,-1.3177087,0.44547117,8.48939,-2.5499744,-1.427414,1.5349221,1.1825008
-4.0248027,-2.9554923,-0.5515642,-2.0036476,6.578069,-1.6461633,-0.81905127,3.3629868,3.6411085
-4.0248027,-2.9554923,-0.5515642,-2.0036476,6.578069,-1.6461633,-0.81905127,3.3629868,3.6411085
-4.4844894,-10.81805,3.1211412,-2.6032455,-1.2307693,2.2749405,2.241284,2.1994946,11.705608
-4.4844894,-10.81805,3.1211412,-2.6032455,-1.2307693,2.2749405,2.241284,2.1994946,11.705608
-5.269788,-19.688568,1.9767128,-3.510199,-10.051607,1.5231612,1.135802,1.5799003,20.384592
-5.269788,-19.688568,1.9767128,-3.510199,-10.051607,1.5231612,1.135802,1.5799003,20.384592
-12.529007,-19.688568,-0.45819035,-10.97113,-10.006416,-0.4086603,0.2522497,9.245386,21.43093
-12.529007,-19.688568,-0.45819035,-10.97113,-10.006416,-0.4086603,0.2522497,9.245386,21.43093
-15.844976,-17.912071,-1.1596915,-14.5845785,-8.20478,-0.56533086,0.90281856,13.376368,19.837044
-15.844976,-17.912071,-1.1596915,-14.5845785,-8.20478,-0.56533086,0.90281856,13.376368,19.837044
-14.36536,-13.712641,-1.1956044,-13.304579,-4.040066,0.024241293,1.682764,12.693166,15.227653
-14.36536,-13.712641,-1.1956044,-13.304579,-4.040066,0.024241293,1.682764,12.693166,15.227653
-5.856367,-13.257742,-4.796484,-4.968268,-3.6492124,-3.0476692,-1.7414848,4.835405,14.375573
2.1857564,-15.618425,-5.356727,2.7373207,-6.083068,-3.133262,-2.1869755,-2.7666852,16.277895
2.1857564,-15.618425,-5.356727,2.7373207,-6.083068,-3.133262,-2.1869755,-2.7666852,16.277895
-0.44786537,-19.688568,-3.0151978,-0.109534726,-10.299407,-0.20425533,2.6585782,-0.77079225,19.729918
-0.44786537,-19.688568,-3.0151978,-0.109534726,-10.299407,-0.20425533,2.6585782,-0.77079225,19.729918
-6.1245174,-14.069377,-2.3807342,-5.9320836,-4.8750434,1.0251672,3.767208,5.201695,14.137732
-6.1245174,-14.069377,-2.3807342,-5.9320836,-4.8750434,1.0251672,3.767208,5.201695,14.137732
-4.66166,-5.3401175,-1.142932,-4.5790606,3.6750996,2.7159226,1.9346178,4.3210936,5.3981137
-4.66166,-5.3401175,-1.142932,-4.5790606,3.6750996,2.7159226,1.9346178,4.3210936,5.3981137
-1.690456,-2.1845593,-0.30735564,-1.7087119,6.6769795,3.8932712,0.9822036,1.5294263,2.102508
-1.690456,-2.1845593,-0.30735564,-1.7087119,6.6769795,3.8932712,0.9822036,1.5294263,2.102508
0.41165304,-3.937115,-1.0495582,0.33892918,4.811298,3.3812113,0.74832946,-0.5439552,3.989489
0.41165304,-3.937115,-1.0495582,0.33892918,4.811298,3.3812113,0.74832946,-0.5439552,3.989489
1.1969513,-4.200477,-1.5212159,1.1210849,4.5245924,2.9553428,0.31651458,-1.2528529,4.44083
1.1969513,-4.200477,-1.5212159,1.1210849,4.5245924,2.9553428,0.31651458,-1.2528529,4.44083
2.0061915,-1.8182466,-1.5882535,1.9385552,6.9792476,2.7443538,-1.0106828,-1.8234907,2.3466518
2.0061915,-1.8182466,-1.5882535,1.9385552,6.9792476,2.7443538,-1.0106828,-1.8234907,2.3466518
2.0181625,0.33174658,-0.34326866,1.9934722,9.2447605,3.7470753,-0.831575,-1.8936378,-0.1532555
2.0181625,0.33174658,-0.34326866,1.9934722,9.2447605,3.7470753,-0.831575,-1.8936378,-0.1532555
2.1833622,0.8441057,0.67426705,2.2366333,9.880122,4.484639,-0.09847804,-2.1951375,-1.0516148
2.1833622,0.8441057,0.67426705,2.2366333,9.880122,4.484639,2.1526015,-0.4411737,-1.0516149
3.3948283,-3.2763155,-5.1484313,3.552247,5.8949733,-1.6792332,-4.166437,-2.8407032,4.8308034
2.523339,-11.033529,-8.847473,2.7612627,-1.7256209,-5.768829,-5.292651,-2.10535,13.1886015
2.523339,-11.033529,-8.847473,2.7612627,-1.7256209,-5.768829,-5.292651,-2.10535,13.1886015
5.7195983,-17.141138,-6.474819,6.064064,-7.7637978,-3.6251206,-2.0109208,-6.1522727,18.071007
5.7195983,-17.141138,-6.474819,6.064064,-7.7637978,-3.6251206,-2.0109208,-6.1522727,18.071007
-8.190714,-17.32549,6.0803747,-7.9726915,-7.9486,8.943541,11.799442,6.3885283,14.973018
-8.190714,-17.32549,6.0803747,-7.9726915,-7.9486,8.943541,11.799442,6.3885283,14.973018
-19.68767,-18.625542,-16.903961,-19.86918,-9.263765,-13.989021,-7.539511,21.443863,22.440496
-19.68767,-18.625542,-16.903961,-19.86918,-9.263765,-13.989021,-7.539511,21.443863,22.440496
-2.8612206,-2.7448027,8.158542,-3.4220624,6.630592,10.979959,8.958483,1.4195385,0.11321477
-2.8612206,-2.7448027,8.158542,-3.4220624,6.630592,10.979959,8.958483,1.4195385,0.11321477
-7.824401,-7.602638,14.036306,-8.382849,1.7302597,16.99554,16.702782,5.5256114,2.5542076
-7.824401,-7.602638,14.036306,-8.382849,1.7302597,16.99554,16.702782,5.5256114,2.5542076
-7.3575315,-11.162816,2.8314428,-7.9068513,-1.7990929,5.693412,7.0996337,6.900412,9.420102
-7.3575315,-11.162816,2.8314428,-7.9068513,-1.7990929,5.693412,7.0996337,6.900412,9.420102
-4.8388314,-15.10846,-1.0495582,-5.1897316,-5.5885158,1.2782044,3.3593647,4.914168,14.742697
-4.8388314,-15.10846,-1.0495582,-5.1897316,-5.5885158,1.2782044,3.3593647,4.914168,14.742697
-3.7590463,-12.707076,-0.83168584,-3.8229415,-3.0885203,1.0788871,2.2338474,3.5384126,12.60085
-3.7590463,-12.707076,-0.83168584,-3.8229415,-3.0885203,1.0788871,2.2338474,3.5384126,12.60085
-4.0343795,-11.3663225,1.457171,-3.7440825,-1.7015293,3.0940568,3.8582342,3.1598089,11.07802
-3.2418988,-12.130074,0.48033673,-2.558055,-2.422184,1.6891093,2.2942288,2.0959551,12.174677
-3.2418988,-12.130074,0.48033673,-2.558055,-2.422184,1.6891093,2.2942288,2.0959551,12.174677
0.38771105,-10.664822,-0.34805706,1.4601637,-0.93957454,0.31618425,0.17583896,-1.5875849,10.557392
0.38771105,-10.664822,-0.34805706,1.4601637,-0.93957454,0.31618425,0.17583896,-1.5875849,10.557392
0.67980367,-9.534759,-0.50846857,2.0919337,0.16579847,-0.2287959,-0.4690092,-2.0064003,9.3480835
0.67980367,-9.534759,-0.50846857,2.0919337,0.16579847,-0.2287959,-0.4690092,-2.0064003,9.3480835
-0.6465841,-7.8923364,-2.0527287,1.0181342,1.7720085,-2.0863972,-2.1394331,-0.49189293,7.880458
-0.6465841,-7.8923364,-2.0527287,1.0181342,1.7720085,-2.0863972,-2.1394331,-0.49189293,7.880458
-3.1102176,-6.783821,-1.1525089,-1.2404958,2.83264,-1.5987282,-1.3288872,1.8761829,7.1927714
-3.1102176,-6.783821,-1.1525089,-1.2404958,2.83264,-1.5987282,-1.3288872,1.8761829,7.1927714
-2.911499,-6.3408937,-1.4829087,-0.863409,3.2101755,-2.3509564,-1.9699676,1.6575464,6.652409
-2.911499,-6.3408937,-1.4829087,-0.863409,3.2101755,-2.3509564,-1.9699676,1.6575464,6.652409
-0.43350014,-7.391948,-2.141314,1.7989433,2.078616,-3.364751,-3.1056848,-1.0892873,6.970095
-0.43350014,-7.391948,-2.141314,1.7989433,2.078616,-3.364751,-3.1056848,-1.0892873,6.970095
-0.0839467,-9.070284,-4.135684,2.32058,0.31109658,-5.677999,-5.5731273,-1.888294,8.047085
-1.5491982,-9.211541,-4.9832315,0.9932944,0.07511808,-6.844723,-6.692651,-0.63313997,8.178797
-1.5491982,-9.211541,-4.9832315,0.9932944,0.07511808,-6.844723,-6.692651,-0.63313997,8.178797
-1.2211925,-8.4286375,-3.5323453,1.448941,0.7529764,-5.709423,-5.3673406,-0.92356306,7.439716
-1.2211925,-8.4286375,-3.5323453,1.448941,0.7529764,-5.709423,-5.3673406,-0.92356306,7.439716
0.339827,-10.142886,-3.2282817,3.1560068,-1.065719,-5.645827,-5.64489,-3.063691,8.494965
