2.374878,-7.996811,-1.4524384,-1.9476085,-0.27916086,3.054204,0.10929012,0.80854475,13.3469305
2.374878,-7.996811,-1.4524384,-1.5291443,0.5267774,2.8274794,0.123107344,-0.15148449,13.058159
2.374878,-7.996811,-1.4524384,-0.6864705,1.1307266,2.0895185,-0.54278183,-0.85346043,12.063387
2.374878,-7.996811,-1.4524384,0.04717064,1.3826618,0.8889084,1.3716624,-0.19443846,10.692579
2.374878,-7.996811,-1.4524384,1.6246061,1.3758343,-0.5253825,1.7540909,-0.617085,8.64447
2.374878,-7.996811,-1.4524384,2.22467,1.1080196,-0.65147686,1.660692,-1.033323,8.140627
2.374878,-7.996811,-1.4524384,2.7173486,0.7441596,-0.7760439,1.4413441,-1.4009352,7.6853514
2.374878,-7.996811,-1.4524384,2.8034244,0.33973348,-0.25392866,1.066589,-1.8742132,7.965781
2.374878,-7.996811,-1.4524384,2.5896025,0.28602123,-0.23491001,0.9596879,-1.7256618,8.090807
2.374878,-7.996811,-1.4524384,2.0016618,0.22922719,-0.7437091,0.7339961,-0.96917343,8.036269
2.374878,-7.996811,-1.4524384,1.9850864,-0.0065569878,-1.3372726,0.51939267,-0.61076546,7.5514097
2.374878,-7.996811,-1.4524384,1.875536,-0.1753143,-1.6175127,0.3419658,-0.39055896,7.378639
2.374878,-7.996811,-1.4524384,1.3265085,-0.6043527,-2.358067,-0.23230669,0.343755,7.0656266
2.374878,-7.996811,-1.4524384,1.2169285,-0.54689014,-2.7245317,-0.2090557,0.64985657,6.8507986
2.374878,-7.996811,-1.4524384,1.2418404,-0.21546268,-3.0513983,0.121363044,0.8967066,6.6316214
2.374878,-7.996811,-1.4524384,1.2099504,0.07951665,-3.385672,0.38490644,1.2035656,6.4397
2.374878,-7.996811,-1.4524384,0.6567073,0.24251103,-2.6272244,0.37194815,1.186985,7.3889856
2.374878,-7.996811,-1.4524384,0.6185236,0.0062031746,-2.6357207,0.7176006,-0.87558913,7.3473763
2.374878,-7.996811,-1.4524384,0.8095317,-0.4765241,-2.6549435,-0.1468893,0.7944517,7.108797
2.374878,-7.996811,-1.4524384,0.8902478,-0.7462084,-2.2379422,-0.30873773,0.38801408,7.3344283
2.374878,-7.996811,-1.4524384,-1.6790905,-1.1484003,-1.3431206,-1.8950706,1.4621296,9.345104
2.374878,-7.996811,-1.4524384,-3.8379235,-0.90190387,0.96405697,-2.3506646,1.8093977,12.576658
2.374878,-7.996811,-1.4524384,-5.2941537,-0.6588448,2.8024764,-2.3760297,1.7508702,15.060691
2.374878,-7.996811,-1.4524384,-4.965117,-0.110333204,3.975194,-1.3962069,0.9351511,15.942024
2.374878,-7.996811,-1.4524384,-4.2029715,0.64146733,3.2992883,-0.2738437,1.0310631,15.081465
2.374878,-7.996811,-1.4524384,-2.933735,1.2463093,1.5620522,0.700608,1.3918409,12.996012
2.374878,-7.996811,-1.4524384,-1.4105835,1.6242368,-0.032324314,1.3190155,1.364533,10.82015
2.374878,-7.996811,-1.4524384,0.2488761,1.5339158,-1.399118,1.4892684,0.96585584,8.701404
2.374878,-7.996811,-1.4524384,2.1720805,1.4254112,-2.1364026,1.7356306,-0.049105883,6.92583
2.374878,-7.996811,-1.4524384,2.5845184,1.3125036,-2.6957684,1.7170547,-0.043299675,6.240221
2.374878,-7.996811,-1.4524384,2.5581918,1.2887722,-2.9386587,1.7034554,0.11419392,6.074868
2.374878,-7.996811,-1.4524384,1.6650853,0.95488656,-2.9606667,1.1915704,0.73277473,6.5673504
2.374878,-7.996811,-1.4524384,0.96092844,0.28533745,-2.5030427,0.40365827,0.82711935,7.2722955
2.374878,-7.996811,-1.4524384,1.1869717,-0.45637703,-2.3029995,-0.2285299,0.3350737,7.207326
2.374878,-7.996811,-1.4524384,1.4312034,-0.76346886,-2.5129719,-0.42024,0.1269722,6.8480134
2.374878,-7.996811,-1.4524384,0.25279713,-0.7826153,-2.3902197,-0.77000254,0.9221444,7.582624
2.374878,-7.996811,-1.4524384,-0.07849121,-0.80610406,-2.4106722,-0.90250707,1.1168339,7.7077284
2.374878,-7.996811,-1.4524384,-0.63973,-0.9553206,-2.1163797,-1.2146466,1.3273354,8.205473
2.374878,-7.996811,-1.4524384,-1.9814868,-0.49949408,-0.7524357,-1.3073399,1.7109351,10.13147
2.374878,-7.996811,-1.4524384,-2.9418268,-0.37232757,-0.03621006,-1.5619335,2.035143,11.294212
2.374878,-7.996811,-1.4524384,-4.784683,0.42943954,0.9832263,-1.5474669,2.9962912,13.366417
2.374878,-7.996811,-1.4524384,-2.2403398,0.5983689,1.3432918,-0.2899143,0.98460627,12.28215
2.374878,-7.996811,-1.4524384,-1.1914659,0.9291891,1.6735368,0.4874255,0.17516232,12.001062
2.374878,-7.996811,-1.4524384,0.00810957,2.1143267,2.5565152,2.122799,-0.836678,12.214949
2.374878,-7.996811,-1.4524384,0.9418464,2.2620025,1.7873812,2.5439985,-1.0524945,11.078967
2.374878,-7.996811,-1.4524384,1.6214056,1.8484415,0.894207,2.3290675,-1.1881382,9.901875
2.374878,-7.996811,-1.4524384,2.022695,1.1231409,0.25419664,1.8127639,-1.2504668,9.053273
2.374878,-7.996811,-1.4524384,2.2786875,0.39625025,-0.0055327415,1.256727,-1.5104356,8.5865345
2.374878,-7.996811,-1.4524384,2.2203922,-0.1231159,-0.5488477,0.82761806,-1.2945657,8.107922
2.374878,-7.996811,-1.4524384,1.7149177,-0.45279884,-1.1592202,0.30370992,-0.7192302,7.83682
2.374878,-7.996811,-1.4524384,1.7806363,-0.95520616,-1.2427158,0.023547828,-0.95366335,7.634692
2.374878,-7.996811,-1.4524384,1.904841,-1.1169448,-1.578845,0.015877664,-0.94896054,7.263432
2.374878,-7.996811,-1.4524384,1.4754467,-0.7294731,-1.1128054,0.24149185,-0.73242736,7.9756284
2.374878,-7.996811,-1.4524384,-0.068982124,-0.12834382,0.033003807,-0.13537776,-0.060534477,9.824771
2.374878,-7.996811,-1.4524384,-0.8620572,0.08098316,0.35363483,-0.5551466,0.32635498,10.484931
2.374878,-7.996811,-1.4524384,0.12034249,0.3440447,-2.2416868,0.051933646,1.3413849,7.9747114
2.374878,-7.996811,-1.4524384,-0.11831212,-1.2018199,-1.304327,-0.88241816,-0.19646645,8.276168
2.374878,-7.996811,-1.4524384,-1.2475061,-1.574692,1.3955564,0.33954144,2.147995,10.9266205
2.374878,-7.996811,-1.4524384,-1.8566301,-0.55715346,3.5153112,-1.5159242,-0.9105067,13.410517
2.374878,-7.996811,-1.4524384,-2.3044343,0.8201623,2.729762,-0.95892465,0.80725,13.250994
2.374878,-7.996811,-1.4524384,-1.9038744,1.0927348,0.8583727,1.6461768,-0.2996236,11.466752
2.374878,-7.996811,-1.4524384,-0.991719,0.69046545,-0.49900436,-0.28278077,1.2762218,9.830051
2.374878,-7.996811,-1.4524384,-0.07228851,0.13597107,-1.8621063,-0.07502657,0.8657484,8.152563
2.374878,-7.996811,-1.4524384,0.60365176,-0.41321135,-3.1142035,0.040202826,0.5267041,6.651596
2.374878,-7.996811,-1.4524384,0.9379673,-0.6785929,-3.9317255,0.20368403,0.38594556,5.7313232
2.374878,-7.996811,-1.4524384,0.41053188,-0.9696832,-4.193039,-0.29977977,0.3348794,5.5068383
2.374878,-7.996811,-1.4524384,-0.004672408,-1.2893727,-4.12527,-0.6997045,0.1012907,5.54279
2.374878,-7.996811,-1.4524384,-0.075045824,-1.8287156,-3.4218311,-0.8197018,-0.6923045,6.0773654
2.374878,-7.996811,-1.4524384,0.5131264,-1.3966441,-3.3314867,0.18510723,-0.5854956,6.2100334
2.374878,-7.996811,-1.4524384,0.9233621,-1.0420737,-3.3687983,0.7423452,-0.26480436,6.2477007
2.374878,-7.996811,-1.4524384,1.1396176,0.22113061,-2.5498896,1.0594285,0.88231087,7.367655
2.374878,-7.996811,-1.4524384,0.17736642,0.5499072,-0.8550968,0.1529201,0.750129,9.114574
2.374878,-7.996811,-1.4524384,-0.606253,-0.5615883,-1.1882486,-0.64376605,-0.23461163,8.531746
2.374878,-7.996811,-1.4524384,-1.3421943,-1.3381612,0.8458128,-1.5017288,-1.3141072,10.377171
2.374878,-7.996811,-1.4524384,-0.24224102,-0.69017696,2.1193676,-0.31668165,-1.1045476,11.73186
2.374878,-7.996811,-1.4524384,0.70471126,0.47676682,3.4346504,0.8519841,-0.2849797,13.229173
2.374878,-7.996811,-1.4524384,1.1520021,2.2293215,4.711423,2.164826,0.8630245,14.609065
2.374878,-7.996811,-1.4524384,1.2971406,2.9177797,3.8220587,3.087613,0.5881268,13.669926
2.374878,-7.996811,-1.4524384,1.7863938,2.8345325,2.691618,3.356257,-0.80603546,12.367203
2.374878,-7.996811,-1.4524384,2.0840893,2.1469712,-0.34463978,2.8224607,-0.88805735,9.243835
2.374878,-7.996811,-1.4524384,2.2310622,1.5311368,-1.4486465,-0.52569497,-2.4616487,8.050368
2.374878,-7.996811,-1.4524384,2.1051865,1.3179678,-1.9506721,2.1579614,-0.52687395,7.5617495
2.374878,-7.996811,-1.4524384,1.5281281,0.5560204,-2.7427378,-0.038622856,-1.2081038,6.856067
2.374878,-7.996811,-1.4524384,2.1386337,-0.31554055,-2.757226,0.8824554,-0.9179208,6.542556
-2.292328,-10.68634,5.091919,1.6963043,-0.88151586,-2.7075825,0.2025133,-0.8711952,6.6151733
2.778061,-10.073776,2.6931152,0.88728,-0.43923116,-2.761858,0.048386574,-0.08114438,6.8742237
-2.4107666,-13.244278,5.2055817,1.1714926,0.0680995,-3.625679,0.6057742,0.56011724,6.0861816
-2.7266235,-10.447067,3.3595276,0.8335748,0.040939093,-3.3459797,0.3897105,0.7810273,6.4704514
-1.8831482,-9.091522,3.8608246,-0.23151565,-0.19260192,-1.264226,-0.39630854,0.5138643,8.680662
-1.7084808,-9.069992,3.6275177,-0.42193365,-0.25577712,-0.7009611,-0.5458775,0.35870218,9.251541
1.5062866,-10.091736,-3.0592194,0.18759489,0.062126637,-0.94866943,0.09592199,0.37803984,8.919571
5.6362915,-7.055237,-7.502701,-0.79661655,-0.3673494,-0.48162842,-0.89305526,0.37445164,9.554169
1.7658997,-5.2869415,-4.913666,-1.0479369,-0.7277498,1.8620539,-1.0882359,-0.8166914,11.607705
-0.20817566,-4.8514404,-3.0305023,-1.2646742,-0.13310623,2.3222485,-0.7838066,-0.33689117,12.313065
0.4175415,-4.2520447,-1.5649109,-2.4321487,1.2363925,2.2667007,-0.47699744,1.3251157,13.062183
0.9690857,-4.1443634,-1.277771,-1.9057596,1.3874443,1.2045412,0.010570109,1.5457568,11.955689
2.8905334,-4.0989075,-2.773285,-1.0819745,1.2156079,0.853673,0.40929598,1.0279899,11.273907
4.1898346,-7.799408,-3.7579346,-0.12840939,0.9775994,0.07196903,0.72319883,0.5914254,10.130021
0.89849854,-10.967499,-0.86260986,0.1883645,1.0194764,-1.2683802,0.68031144,-1.1080719,8.810179
-0.79441833,-12.732208,0.14237976,0.6880522,0.6184304,-1.8668203,0.7587411,0.6728928,7.9866457
-0.73698425,-13.237091,-1.6630096,0.93372345,0.34463048,-2.0891552,0.6691,0.43302178,7.634101
1.3208313,-12.519241,-3.6681976,1.7549496,-0.38269997,-2.7103033,0.562873,-0.2928393,6.617689
-0.051452637,-12.1866455,-0.6400757,2.3613858,-0.64265394,-3.3671503,0.73395544,-0.56254554,5.7481165
-4.204193,-12.2357025,6.7609253,2.3231368,-0.7178271,-4.1527424,0.61885315,-0.22678208,5.0397744
-3.8249207,-12.431915,7.2969055,2.3231368,-0.7178271,-4.1527424,0.61885315,-0.22678208,5.0397744
-1.9669037,-10.777267,3.0628204,2.3231368,-0.7178271,-4.1527424,0.61885315,-0.22678208,5.0397744
-0.5694885,-8.551941,2.054245,2.3231368,-0.7178271,-4.1527424,0.61885315,-0.22678208,5.0397744
-0.7034912,-9.303299,4.104889,2.3231368,-0.7178271,-4.1527424,0.61885315,-0.22678208,5.0397744
-0.48095703,-11.370697,8.091324,-1.0345113,0.27517247,-3.931075,2.8996513,0.1952675,6.9512725
0.9870453,-9.287735,5.242676,-1.0345113,0.27517247,-3.931075,2.8996513,0.1952675,6.9512725
1.7718811,-8.376068,1.8065796,-3.3064485,0.97376394,1.9923034,-2.1020617,0.6522436,13.124182
1.927414,-8.0733795,-0.6687927,-2.490025,1.3008032,2.469788,-1.087366,0.3467145,13.3688965
1.7024994,-6.155533,-2.5543365,-3.703549,4.105288,2.6409736,-0.40266693,2.5713844,15.353746
1.4667969,-5.3000946,-3.2638092,-2.6903887,3.9309525,3.6850195,0.66465616,1.4576049,15.612127
2.2037964,-5.5250244,-3.3726807,0.22590303,3.986277,4.299984,3.276517,0.22106647,14.669455
1.6869354,-5.922241,-0.5084686,1.7041116,3.4879735,4.0281534,4.106274,-0.5683403,13.563175
1.6426697,-6.3469543,0.933197,3.2978177,2.0669787,3.194538,4.188243,-1.962378,11.796818
1.0540314,-7.404587,0.6699829,2.743803,1.2261679,-1.0681896,2.6942751,-0.31384182,8.128749
1.9142609,-8.372482,-1.1712799,2.6543581,2.0406353,0.15589046,3.3313105,-0.24840426,9.533202
2.7589264,-9.053238,-1.0444641,2.355167,2.7862728,-2.3610077,3.3897674,1.4741623,7.5217414
3.2530365,-11.0273285,-0.40678406,-0.21688771,3.1698895,-2.9163399,1.2749915,3.6163967,7.832733
3.193222,-13.204788,-0.8231354,0.24159908,2.425117,-4.4805813,1.1441562,3.346999,6.131915
3.900299,-12.318253,-1.2550354,0.7439816,-0.39080143,-5.3972416,0.013638973,1.2588633,4.4914336
5.23909,-10.905289,-1.7647095,1.4262655,-1.1300628,-7.0278664,1.0162718,-0.7820665,2.66118
3.9996033,-11.903091,0.18902588,2.5474997,-1.7693343,-7.275861,0.99941087,0.6708478,1.989388
1.3698883,-11.827728,5.038086,1.4134449,-2.971556,-6.321986,0.003845185,-0.40818995,2.691255
0.948761,-11.412567,5.36232,5.197397,-2.882566,-1.214345,5.044425,-1.789457,6.9521136
1.1353912,-10.35733,4.886139,4.3793845,-2.151458,-2.4193983,4.2038736,-0.44861042,6.3733625
0.5479584,-10.91246,4.2711945,7.5908,-1.7668378,1.9614267,7.960861,-0.8402684,10.519245
0.050247192,-11.11705,4.0713806,3.243838,-5.7748966,2.4557457,-6.4315042,2.9105484,10.065613
-1.2813568,-12.159134,3.875183,0.7568623,-6.158887,5.4986515,5.3538556,-5.5236497,12.899452
-0.9308014,-11.316849,3.0233307,0.99188924,-4.968834,4.2770157,5.298908,-3.0630863,12.357161
-0.42591858,-10.27478,1.9190369,2.2892778,-3.4777417,1.9211359,4.3824234,-0.23602772,11.135148
2.4849396,-8.742172,-1.450058,0.86504316,-1.5019112,0.17083073,1.6797985,0.4513259,9.894983
3.9182434,-7.831711,-2.0781708,0.75871706,-1.735806,0.9267645,-1.68445,1.0780909,10.475915
3.8285217,-7.240677,-2.305481,2.0702715,-1.8186705,2.1729965,2.499189,0.6545315,12.181761
2.079361,-5.75235,-1.5445709,2.0702715,-1.8186705,2.5761795,2.5832076,0.44964743,12.518688
0.4008026,-4.0055847,-0.5922241,4.7978187,-2.3275537,1.2652426,-4.2180977,-0.6346841,13.247906
0.17945862,-3.7052917,-0.5252228,5.407371,-1.1706547,0.22035837,-0.11393905,3.978507,13.655957
-0.28355408,-3.8141632,-0.2536316,7.3351693,-1.9827372,-2.12999,-1.0581049,6.8917418,13.502204
1.0217285,-5.9066772,-2.4095764,10.961189,-0.1557884,-2.996121,-5.1178465,7.9043093,16.1689
1.676178,-7.0301056,-4.939987,12.232466,2.1449883,-5.989764,-9.132627,8.725954,15.33515
1.5768738,-9.446869,-5.846863,10.220531,5.5110836,-8.204739,-12.561533,6.0038905,12.689409
1.9465637,-12.318253,-4.790436,10.293534,7.831563,-8.175974,9.389785,-11.738428,12.666376
1.9178467,-13.214355,-5.210373,7.565941,5.1877117,-4.1532254,-9.514766,0.6368124,13.042208
1.1377869,-13.113861,-5.8336945,6.2554255,3.3567998,-2.5716715,5.8771057,-3.346502,13.164107
1.134201,-11.21875,-1.0779724,4.775365,-0.018740416,-0.95754004,2.3561552,-2.1124792,13.508988
0.6663971,-11.973679,0.72262573,3.3472948,-2.2479432,-1.3222938,-1.3843269,2.7370005,12.738981
-1.7671051,-12.141174,7.771881,1.638649,-3.8148823,-1.5017903,-0.7342917,-4.0068164,11.509622
0.7429657,-12.425934,5.97966,-3.1476984,-13.917223,-3.7203505,5.9560375,13.39907,8.248232
0.39361572,-14.043472,1.8364868,-5.5819063,-12.952023,-2.949641,7.0673623,11.869162,5.709292
1.6749725,-12.776474,1.3938141,-3.7834396,-9.738323,-4.2504964,3.5940018,10.111349,6.333923
0.42591858,-11.235504,5.645859,-0.064600945,-5.9201703,-6.357299,-1.4498942,8.45472,8.43428
0.43070984,-9.7986145,6.949951,-3.305317,1.7118722,-6.5303664,4.2953014,-2.463212,4.151185
-0.12921143,-8.372482,4.3752747,-3.2526894,0.76055884,-5.726263,-3.3805766,2.5683577,4.7151117
0.66400146,-7.0169525,0.8159485,-3.9597712,0.37582064,-2.0049925,-0.3270194,0.52380097,5.395333
0.8889313,-6.4139557,-0.86021423,-3.8345594,-0.6061239,-0.4090116,-1.3409802,-0.28381896,6.1515527
1.1904297,-5.40419,-4.811966,-3.587757,-0.8264028,0.3112347,1.8558183,0.16302228,6.6158557
1.861618,-5.2534485,-6.558731,-1.4164181,-0.89627576,-0.19041085,0.818977,0.73092353,8.525701
2.0566254,-5.3395844,-6.6831512,-0.66597843,-1.5263972,-1.5633826,-0.08934721,2.1441338,9.024161
2.1654968,-7.068405,-2.5651093,-0.6789694,0.5815642,-4.166979,-3.4076807,2.096782,8.33895
2.013565,-8.346161,-0.67836,-0.2884903,0.44798183,-1.602843,-1.4861361,0.6302353,9.309435
1.146164,-9.517456,-0.94636536,4.5948257,-0.62433344,3.1344347,2.3658152,-1.5659117,14.631351
1.6905365,-9.78186,-0.982254,4.9366655,-2.9299607,6.6219873,6.8036413,-2.0867805,14.921517
2.2432709,-10.437485,-1.6378937,4.706197,-4.793581,8.735211,9.7240305,-1.8901367,14.633787
2.8330994,-11.708084,-2.8510437,4.4689407,-4.7850556,6.8474927,8.222356,-0.65453553,14.467207
4.6791687,-12.179474,-2.6943207,4.162924,-5.111205,5.2114205,7.0190735,0.7714772,14.361944
4.163513,-10.996216,-0.5288086,3.078453,-6.7489705,2.2831502,-6.142945,-3.252771,13.25947
3.4348907,-11.367111,1.1162567,1.9209156,-6.947837,1.8144629,-6.0687475,-3.61578,12.119886
0.31225586,-10.17189,3.4169464,0.06567192,-5.703319,1.1946192,4.3123274,3.8924615,10.266921
0.25125122,-10.960327,2.8833466,-2.3457136,-3.9433825,2.1481657,4.3293133,1.8977115,7.9837413
-0.049057007,-12.391235,3.1633148,-2.9746962,-2.5942342,0.33592832,2.1615465,1.908849,7.090821
-0.8889313,-13.527817,3.012558,-3.5156088,-3.5727353,-0.8599616,1.7591579,3.4384794,6.498222
-1.5397797,-13.832901,2.0949097,-3.409752,-2.7854614,-1.3898509,0.8487616,3.113001,6.50427
-0.49650574,-12.423538,0.86260986,-1.3537273,-1.504358,-1.1325511,0.050009787,1.8922225,8.466749
0.99302673,-10.823929,-1.0839539,-0.8741665,-1.7522659,-1.0066401,0.18879074,2.039213,8.998011
3.5078735,-9.256638,-2.892929,-0.07530117,-2.070903,-0.98481834,0.16403013,2.2883306,9.835223
3.2087708,-8.726624,-2.7792664,-2.6018114,0.5883033,0.060477138,0.4210322,-0.45272768,7.211087
2.4753723,-6.22493,-2.621338,-2.7975597,0.14298224,1.6816039,2.1117992,-0.72205526,7.420541
0.44625854,-4.5559387,-3.0711823,-2.1696033,-0.345294,1.4176123,1.9782428,-0.057768226,8.098067
-0.10887146,-3.9553375,-2.9730835,0.042201996,-2.2476878,-0.47011042,0.34324598,2.197416,10.379743
-1.195221,-3.912262,-1.6582336,2.4547367,-3.1907601,-1.6153288,-0.12909956,-3.1737635,12.760719
-1.5661011,-5.394623,-0.5036926,2.8477592,-2.9678726,-0.14755833,-0.073794484,2.0224557,13.390505
-1.9800568,-5.8707886,-0.41156006,0.64573,-2.0352163,0.9523251,1.3144119,1.3340185,11.206193
-0.33140564,-7.2717896,-1.8687897,-0.36594105,-1.6595387,1.1059432,1.5791501,1.2291417,10.133126
2.2755737,-9.320038,-7.25264,-0.5663481,-2.5358357,1.2291422,-2.5925057,-1.1631243,10.240306
3.8524475,-12.457031,-8.009979,0.4125824,-3.0077813,1.9059169,2.5345201,1.9969302,11.368052
5.432907,-13.854446,-7.0875397,1.5500479,-1.9146011,2.5156846,2.6827228,0.46495658,12.039101
4.219742,-12.495316,-4.8969116,0.8581276,-1.5907047,3.9028943,4.071822,0.0066918135,11.192121
2.4885406,-12.117249,-3.9146576,-3.3163338,-1.8024011,6.5104456,6.9967856,1.2710689,7.3445354
1.799408,-12.1375885,-0.65682983,-4.34301,-2.1628804,5.5218005,6.16362,2.4433818,6.6333632
-2.1104736,-10.086945,3.9960175,-3.3591366,-2.062358,4.786575,-5.7756658,0.69626975,7.660651
-0.7513428,-10.226929,3.225525,-1.5351782,-0.8977771,3.4104645,3.5397027,1.0334721,8.712811
-0.044265747,-12.051453,1.0875397,-2.7941341,-0.20426655,3.120975,2.9927063,1.4296892,7.239727
1.7288208,-13.409378,-1.2035828,-3.9376302,0.1910305,2.5998962,2.2078185,2.071092,6.1821504
2.1678925,-12.608978,1.3567352,-4.8434567,0.9449916,1.8285663,1.0503072,2.4279375,5.257177
1.5613098,-11.5334015,1.9920197,-5.1808834,1.78193,0.905704,-1.6780055,-1.9471052,4.884231
1.3543396,-9.410965,-0.36131287,-4.26422,3.3459249,-0.9860542,-1.9870503,0.8468898,4.7385635
1.311264,-8.047058,-2.638092,-2.7815228,5.277379,0.23004389,-0.60150874,-0.50373256,3.8884618
1.154541,-6.55394,-3.4348907,-2.5882006,4.72746,3.2961583,1.8614671,1.2094679,3.8918853
1.2299042,-5.248657,-3.4360962,-2.3364916,4.4615126,2.6581178,0.68699294,1.4718945,4.348496
1.5613098,-4.5918274,-2.3437653,0.11546767,1.3398056,-0.2542925,0.6921537,0.22348088,8.647316
1.7216339,-4.668396,-2.038681,0.4925492,-14.914611,2.1590204,5.09996,5.1358113,23.034025
1.6630096,-5.334793,-1.0456696,-4.992957,-13.559188,7.3328867,4.552681,11.633261,20.126183
1.804184,-6.898514,-0.75852966,-4.831484,-4.38945,1.6238155,-1.3664792,5.1124024,13.959161
2.0769653,-7.471588,-1.1605225,-4.334653,2.537384,-2.430309,2.870514,-4.7278123,9.070524
3.349945,-9.859619,-3.4408722,-4.2074943,5.033183,0.35705423,-4.7864323,2.1308649,5.8426986
3.7328033,-10.813171,-4.6026,-1.8279471,1.9754171,2.4499846,-0.80694747,2.6480494,7.443864
3.7304077,-11.972488,-7.3088837,-0.7725345,0.11507797,1.7542157,0.29254425,1.7942758,9.188333
4.393219,-12.498901,-5.679367,-0.06527436,-0.57897854,1.4608564,-1.5724132,-0.032227427,9.799061
5.173279,-12.098114,-3.6921234,0.069770455,-1.0038414,2.1318812,1.4950116,1.8197519,9.911188
4.7401886,-12.661621,-1.758728,-0.76572573,-1.3647709,3.7655337,-4.0236087,-0.661887,9.781101
3.0747833,-12.441483,0.19262695,-2.2301123,-2.3852901,5.4864883,-6.002305,-2.119821,10.299864
1.7048798,-10.691132,2.4729767,-2.2423656,2.2922258,6.92458,0.8317423,6.203835,5.441682
1.4512482,-11.193619,3.213562,-1.0660292,1.799839,6.1658654,1.6100123,4.9972177,5.9557524
0.5670929,-11.992828,2.9814606,-0.115557075,-0.25948906,5.2400794,-4.930929,-0.49669048,8.080857
-0.5515442,-13.357925,2.6141663,6.9059935,-3.4138231,6.020235,9.694667,1.2415462,9.557303
-1.866394,-13.566101,2.1966095,2.2195942,-4.3710985,11.070295,8.901817,8.199556,9.475752
-0.64367676,-10.80957,0.007171631,-1.1233373,-2.6432867,7.4427977,4.0319114,6.883872,9.815906
0.85902405,-8.894119,-1.4237366,-0.3997121,0.22361565,3.4397578,1.4376986,2.8716073,8.491887
2.100891,-8.011169,-2.038681,-1.2834945,2.2704306,-0.1557262,0.91798925,-1.7468084,8.09422
2.9443665,-7.1270294,-3.2721863,0.28187394,0.24492931,1.2011561,-1.0407168,0.1445769,9.115113
2.7804565,-5.863617,-5.2534485,0.24081397,0.60604477,3.6246228,1.7948476,2.6693,8.013182
1.2275238,-4.6002045,-4.9124603,-1.2680471,-0.33753014,2.9087744,0.5601613,3.125309,9.488058
-0.026321411,-4.4518433,-3.3894348,-1.6909761,-0.107439995,1.960787,-0.3333611,2.5677328,9.700588
0.26200867,-4.4291077,-1.5684967,-1.3437893,1.2763472,1.3430102,-0.8591189,1.702901,8.541521
-0.124420166,-4.667206,-0.31225586,-1.7412882,1.2544184,1.0692358,-1.3078327,1.702395,8.738783
-0.32781982,-5.21994,-0.055038452,-0.672585,0.09889126,1.6107697,0.18388557,1.6890855,9.394454
0.83509827,-6.886551,-1.9800568,-0.101803064,0.5816498,1.2513902,0.28409916,1.0051358,8.8991
2.560318,-9.158524,-6.089737,1.3364816,2.1368523,-1.7195599,-0.48634624,-2.5134044,8.14669
2.4311066,-11.778671,-5.6889343,1.0290732,1.7446346,-1.2963464,-0.39357758,-1.9521536,8.458524
1.9178467,-13.777878,-5.87558,0.8064079,1.0788145,2.842907,-2.2663171,-0.057927698,7.625662
1.7216339,-12.361328,-6.994217,1.6597617,2.6290379,4.822526,2.4662151,2.609791,5.3311405
2.0422668,-10.648056,-7.6091766,1.9305034,4.435131,6.5115004,2.7847195,3.560744,3.0714214
2.0422668,-10.648056,-7.6091766,4.8681245,4.1809006,3.7144153,-2.8666267,3.3744206,3.859282
2.0422668,-10.648056,-7.6091766,4.6807384,4.5044155,4.2095394,4.511526,0.055633485,3.5167906
2.0422668,-10.648056,-7.6091766,3.8947186,4.9516726,3.3615072,3.4261038,-0.5416266,3.56517
2.0422668,-10.648056,-7.6091766,2.2661564,4.5244627,1.5243795,1.3612211,-1.2849662,4.864394
2.0422668,-10.648056,-7.6091766,0.5113221,-1.6079426,1.3811073,1.5095758,1.3368874,10.636288
2.0422668,-10.648056,-7.6091766,0.13490033,-4.878151,2.4948092,2.7097063,3.5499163,12.983787
2.0422668,-10.648056,-7.6091766,0.34325433,-11.624096,4.7278066,6.310501,7.911866,17.234274
2.0422668,-10.648056,-7.6091766,-1.6645525,-8.091042,3.259241,-5.7192607,-4.34277,15.03051
2.0422668,-10.648056,-7.6091766,-3.16414,-6.259133,2.2439432,0.6612817,5.8698063,14.203454
2.0422668,-10.648056,-7.6091766,-6.27704,-2.9052057,-0.2863989,-4.1485505,4.1000147,13.535305
2.0422668,-10.648056,-7.6091766,-2.6783285,-0.3863697,1.7594476,0.0035290718,-3.2243223,9.657948
2.0422668,-10.648056,-7.6091766,-0.027837992,0.7396951,2.2455482,-0.9903786,-1.057521,7.9381723
2.0422668,-10.648056,-7.6091766,0.1262734,3.1272879,1.8752084,-0.6686199,0.008857489,6.2198486
2.0422668,-10.648056,-7.6091766,-0.72648716,1.2119756,2.0511937,-0.45107877,1.3554199,7.7662015
2.0422668,-10.648056,-7.6091766,-0.3214394,0.2716961,1.2475753,0.044864416,0.96893716,8.916295
2.0422668,-10.648056,-7.6091766,1.3577428,-0.6687565,-0.7640786,1.1140904,-1.0020843,10.599838
2.0422668,-10.648056,-7.6091766,2.7555425,1.0866251,-0.761899,1.629544,-2.4427176,8.951095
2.0422668,-10.648056,-7.6091766,1.8429836,2.688527,0.33253765,0.7731472,-1.7056904,7.118117
2.0422668,-10.648056,-7.6091766,1.3950245,3.5176773,1.5159922,0.64687157,-0.85037804,5.872595
2.0422668,-10.648056,-7.6091766,0.9753107,4.71319,6.709408,-3.3105972,-1.229132,2.3426883
2.0422668,-10.648056,-7.6091766,0.13169414,4.6368246,7.413328,1.7907937,3.6900802,2.083226
2.0422668,-10.648056,-7.6091766,-1.0035884,2.7554235,7.385706,1.5733364,4.9023366,3.7535586
2.0422668,-10.648056,-7.6091766,2.3930106,-0.9967594,-5.9062853,-3.4445958,-5.1038036,11.727638
2.0422668,-10.648056,-7.6091766,2.3930106,-0.9967594,-5.9062853,0.0,0.0,0.0
2.0422668,-10.648056,-7.6091766,2.3930106,-0.9967594,-5.9062853,0.0,0.0,0.0
2.0422668,-10.648056,-7.6091766,2.3930106,-0.9967594,-5.9062853,0.0,0.0,0.0
2.0422668,-10.648056,-7.6091766,2.3930106,-0.9967594,-5.9062853,0.0,0.0,0.0
2.0422668,-10.648056,-7.6091766,2.3930106,-0.9967594,-5.9062853,0.0,0.0,0.0
2.0422668,-10.648056,-7.6091766,2.3930106,-0.9967594,-5.9062853,0.0,0.0,0.0
2.0422668,-10.648056,-7.6091766,2.3930106,-0.9967594,-5.9062853,0.0,0.0,0.0
2.0422668,-10.648056,-7.6091766,2.3930106,-0.9967594,-5.9062853,0.0,0.0,0.0
2.0422668,-10.648056,-7.6091766,2.3930106,-0.9967594,-5.9062853,0.0,0.0,0.0
2.0422668,-10.648056,-7.6091766,2.3930106,-0.9967594,-5.9062853,0.0,0.0,0.0
2.0422668,-10.648056,-7.6091766,2.3930106,-0.9967594,-5.9062853,0.0,0.0,0.0
2.0422668,-10.648056,-7.6091766,2.3930106,-0.9967594,-5.9062853,0.0,0.0,0.0
2.0422668,-10.648056,-7.6091766,2.3930106,-0.9967594,-5.9062853,0.0,0.0,0.0
2.0422668,-10.648056,-7.6091766,2.3930106,-0.9967594,-5.9062853,0.0,0.0,0.0
2.0422668,-10.648056,-7.6091766,2.3930106,-0.9967594,-5.9062853,0.0,0.0,0.0
2.0422668,-10.648056,-7.6091766,2.3930106,-0.9967594,-5.9062853,0.0,0.0,0.0
2.0422668,-10.648056,-7.6091766,2.3930106,-0.9967594,-5.9062853,0.0,0.0,0.0
2.0422668,-10.648056,-7.6091766,2.3930106,-0.9967594,-5.9062853,0.0,0.0,0.0
2.0422668,-10.648056,-7.6091766,2.3930106,-0.9967594,-5.9062853,0.0,0.0,0.0
2.0422668,-10.648056,-7.6091766,2.3930106,-0.9967594,-5.9062853,0.0,0.0,0.0
2.0422668,-10.648056,-7.6091766,2.3930106,-0.9967594,-5.9062853,0.0,0.0,0.0
2.0422668,-10.648056,-7.6091766,2.3930106,-0.9967594,-5.9062853,0.0,0.0,0.0
2.0422668,-10.648056,-7.6091766,2.3930106,-0.9967594,-5.9062853,0.0,0.0,0.0
2.0422668,-10.648056,-7.6091766,2.3930106,-0.9967594,-5.9062853,0.0,0.0,0.0
2.0422668,-10.648056,-7.6091766,2.3930106,-0.9967594,-5.9062853,0.0,0.0,0.0
2.0422668,-10.648056,-7.6091766,2.3930106,-0.9967594,-5.9062853,0.0,0.0,0.0
2.0422668,-10.648056,-7.6091766,2.3930106,-0.9967594,-5.9062853,0.0,0.0,0.0
2.0422668,-10.648056,-7.6091766,2.3930106,-0.9967594,-5.9062853,0.0,0.0,0.0
2.0422668,-10.648056,-7.6091766,2.3930106,-0.9967594,-5.9062853,0.0,0.0,0.0
2.0422668,-10.648056,-7.6091766,2.3930106,-0.9967594,-5.9062853,0.0,0.0,0.0
2.0422668,-10.648056,-7.6091766,2.3930106,-0.9967594,-5.9062853,0.0,0.0,0.0
2.0422668,-10.648056,-7.6091766,2.3930106,-0.9967594,-5.9062853,0.0,0.0,0.0
2.0422668,-10.648056,-7.6091766,2.3930106,-0.9967594,-5.9062853,0.0,0.0,0.0
2.0422668,-10.648056,-7.6091766,2.3930106,-0.9967594,-5.9062853,0.0,0.0,0.0
2.0422668,-10.648056,-7.6091766,2.3930106,-0.9967594,-5.9062853,0.0,0.0,0.0
2.0422668,-10.648056,-7.6091766,2.3930106,-0.9967594,-5.9062853,0.0,0.0,0.0
2.0422668,-10.648056,-7.6091766,2.3930106,-0.9967594,-5.9062853,0.0,0.0,0.0
2.0422668,-10.648056,-7.6091766,2.3930106,-0.9967594,-5.9062853,0.0,0.0,0.0
2.0422668,-10.648056,-7.6091766,2.3930106,-0.9967594,-5.9062853,0.0,0.0,0.0
2.0422668,-10.648056,-7.6091766,2.3930106,-0.9967594,-5.9062853,0.0,0.0,0.0
2.0422668,-10.648056,-7.6091766,2.3930106,-0.9967594,-5.9062853,0.0,0.0,0.0
2.0422668,-10.648056,-7.6091766,2.3930106,-0.9967594,-5.9062853,0.0,0.0,0.0
2.0422668,-10.648056,-7.6091766,2.3930106,-0.9967594,-5.9062853,0.0,0.0,0.0
2.0422668,-10.648056,-7.6091766,2.3930106,-0.9967594,-5.9062853,0.0,0.0,0.0
2.0422668,-10.648056,-7.6091766,2.3930106,-0.9967594,-5.9062853,0.0,0.0,0.0
2.0422668,-10.648056,-7.6091766,2.3930106,-0.9967594,-5.9062853,0.0,0.0,0.0
2.0422668,-10.648056,-7.6091766,2.3930106,-0.9967594,-5.9062853,0.0,0.0,0.0
2.0422668,-10.648056,-7.6091766,2.3930106,-0.9967594,-5.9062853,0.0,0.0,0.0
2.0422668,-10.648056,-7.6091766,2.3930106,-0.9967594,-5.9062853,0.0,0.0,0.0
2.0422668,-10.648056,-7.6091766,2.3930106,-0.9967594,-5.9062853,0.0,0.0,0.0
2.0422668,-10.648056,-7.6091766,2.3930106,-0.9967594,-5.9062853,0.0,0.0,0.0
2.0422668,-10.648056,-7.6091766,2.3930106,-0.9967594,-5.9062853,0.0,0.0,0.0
2.0422668,-10.648056,-7.6091766,2.3930106,-0.9967594,-5.9062853,0.0,0.0,0.0
2.0422668,-10.648056,-7.6091766,2.3930106,-0.9967594,-5.9062853,0.0,0.0,0.0
2.0422668,-10.648056,-7.6091766,2.3930106,-0.9967594,-5.9062853,0.0,0.0,0.0
2.0422668,-10.648056,-7.6091766,2.3930106,-0.9967594,-5.9062853,0.0,0.0,0.0
2.0422668,-10.648056,-7.6091766,2.3930106,-0.9967594,-5.9062853,0.0,0.0,0.0
2.0422668,-10.648056,-7.6091766,2.3930106,-0.9967594,-5.9062853,0.0,0.0,0.0
2.0422668,-10.648056,-7.6091766,2.3930106,-0.9967594,-5.9062853,0.0,0.0,0.0
2.0422668,-10.648056,-7.6091766,2.3930106,-0.9967594,-5.9062853,0.0,0.0,0.0
2.0422668,-10.648056,-7.6091766,2.3930106,-0.9967594,-5.9062853,0.0,0.0,0.0
2.0422668,-10.648056,-7.6091766,2.3930106,-0.9967594,-5.9062853,0.0,0.0,0.0
2.0422668,-10.648056,-7.6091766,2.3930106,-0.9967594,-5.9062853,0.0,0.0,0.0
2.0422668,-10.648056,-7.6091766,2.3930106,-0.9967594,-5.9062853,0.0,0.0,0.0
2.0422668,-10.648056,-7.6091766,2.3930106,-0.9967594,-5.9062853,0.0,0.0,0.0
2.0422668,-10.648056,-7.6091766,2.3930106,-0.9967594,-5.9062853,0.0,0.0,0.0
2.0422668,-10.648056,-7.6091766,2.3930106,-0.9967594,-5.9062853,0.0,0.0,0.0
2.1798553,-5.395813,-3.1968079,4.081625,4.185094,-4.0685244,0.0,0.0,0.0
2.0865479,-5.6661987,-3.9421692,3.9883175,3.9147081,-4.8138857,0.0,0.0,0.0
1.9776611,-6.7405853,-3.9828491,4.2175503,2.634879,-5.7867174,0.0,0.0,0.0
1.9776611,-6.7405853,-3.9828491,4.2175503,2.634879,-5.7867174,0.0,0.0,0.0
1.9776611,-6.7405853,-3.9828491,4.025205,2.6185284,-6.076873,0.0,0.0,0.0
1.9776611,-6.7405853,-3.9828491,3.9324012,2.6403255,-6.0680065,0.0,0.0,0.0
1.9776611,-6.7405853,-3.9828491,3.9324012,2.6403255,-6.0680065,0.0,0.0,0.0
1.9776611,-6.7405853,-3.9828491,3.9324012,2.6403255,-6.0680065,0.0,0.0,0.0
1.9776611,-6.7405853,-3.9828491,3.9324012,2.6403255,-6.0680065,0.0,0.0,0.0
1.9776611,-6.7405853,-3.9828491,3.9324012,2.6403255,-6.0680065,0.0,0.0,0.0
1.9776611,-6.7405853,-3.9828491,3.9324012,2.6403255,-6.0680065,0.0,0.0,0.0
1.9776611,-6.7405853,-3.9828491,3.9324012,2.6403255,-6.0680065,0.0,0.0,0.0
1.9776611,-6.7405853,-3.9828491,3.9324012,2.6403255,-6.0680065,0.0,0.0,0.0
1.9776611,-6.7405853,-3.9828491,3.9324012,2.6403255,-6.0680065,0.0,0.0,0.0
1.9776611,-6.7405853,-3.9828491,3.9324012,2.6403255,-6.0680065,0.0,0.0,0.0
1.9776611,-6.7405853,-3.9828491,3.9324012,2.6403255,-6.0680065,0.0,0.0,0.0
1.9776611,-6.7405853,-3.9828491,3.9324012,2.6403255,-6.0680065,0.0,0.0,0.0
1.9776611,-6.7405853,-3.9828491,3.9324012,2.6403255,-6.0680065,0.0,0.0,0.0
1.9776611,-6.7405853,-3.9828491,3.9324012,2.6403255,-6.0680065,0.0,0.0,0.0
1.9776611,-6.7405853,-3.9828491,3.9324012,2.6403255,-6.0680065,0.0,0.0,0.0
1.9776611,-6.7405853,-3.9828491,3.9324012,2.6403255,-6.0680065,0.0,0.0,0.0
1.9776611,-6.7405853,-3.9828491,3.9324012,2.6403255,-6.0680065,0.0,0.0,0.0
1.9776611,-6.7405853,-3.9828491,3.9324012,2.6403255,-6.0680065,0.0,0.0,0.0
1.9776611,-6.7405853,-3.9828491,3.9324012,2.6403255,-6.0680065,0.0,0.0,0.0
1.9776611,-6.7405853,-3.9828491,3.9324012,2.6403255,-6.0680065,0.0,0.0,0.0
1.9776611,-6.7405853,-3.9828491,3.9324012,2.6403255,-6.0680065,0.0,0.0,0.0
1.9776611,-6.7405853,-3.9828491,3.9324012,2.6403255,-6.0680065,0.0,0.0,0.0
1.9776611,-6.7405853,-3.9828491,3.9324012,2.6403255,-6.0680065,0.0,0.0,0.0
1.9776611,-6.7405853,-3.9828491,3.9324012,2.6403255,-6.0680065,0.0,0.0,0.0
1.9776611,-6.7405853,-3.9828491,3.9324012,2.6403255,-6.0680065,0.0,0.0,0.0
1.9776611,-6.7405853,-3.9828491,3.9324012,2.6403255,-6.0680065,0.0,0.0,0.0
1.9776611,-6.7405853,-3.9828491,3.9324012,2.6403255,-6.0680065,0.0,0.0,0.0
1.9776611,-6.7405853,-3.9828491,3.9324012,2.6403255,-6.0680065,0.0,0.0,0.0
1.9776611,-6.7405853,-3.9828491,3.9324012,2.6403255,-6.0680065,0.0,0.0,0.0
1.9776611,-6.7405853,-3.9828491,3.9324012,2.6403255,-6.0680065,0.0,0.0,0.0
1.9776611,-6.7405853,-3.9828491,3.9324012,2.6403255,-6.0680065,0.0,0.0,0.0
1.9776611,-6.7405853,-3.9828491,3.9324012,2.6403255,-6.0680065,0.0,0.0,0.0
1.9776611,-6.7405853,-3.9828491,3.9324012,2.6403255,-6.0680065,0.0,0.0,0.0
1.9776611,-6.7405853,-3.9828491,3.9324012,2.6403255,-6.0680065,0.0,0.0,0.0
1.9776611,-6.7405853,-3.9828491,3.9324012,2.6403255,-6.0680065,0.0,0.0,0.0
1.9776611,-6.7405853,-3.9828491,3.9324012,2.6403255,-6.0680065,0.0,0.0,0.0
1.9776611,-6.7405853,-3.9828491,3.9324012,2.6403255,-6.0680065,0.0,0.0,0.0
1.9776611,-6.7405853,-3.9828491,3.9324012,2.6403255,-6.0680065,0.0,0.0,0.0
1.9776611,-6.7405853,-3.9828491,3.9324012,2.6403255,-6.0680065,0.0,0.0,0.0
1.9776611,-6.7405853,-3.9828491,3.9324012,2.6403255,-6.0680065,0.0,0.0,0.0
1.9776611,-6.7405853,-3.9828491,3.9324012,2.6403255,-6.0680065,0.0,0.0,0.0
1.9776611,-6.7405853,-3.9828491,3.9324012,2.6403255,-6.0680065,0.0,0.0,0.0
1.9776611,-6.7405853,-3.9828491,3.9324012,2.6403255,-6.0680065,0.0,0.0,0.0
1.9776611,-6.7405853,-3.9828491,3.9324012,2.6403255,-6.0680065,0.0,0.0,0.0
1.9776611,-6.7405853,-3.9828491,3.9324012,2.6403255,-6.0680065,0.0,0.0,0.0
1.9776611,-6.7405853,-3.9828491,3.9324012,2.6403255,-6.0680065,0.0,0.0,0.0
1.9776611,-6.7405853,-3.9828491,3.9324012,2.6403255,-6.0680065,0.0,0.0,0.0
1.9776611,-6.7405853,-3.9828491,3.9324012,2.6403255,-6.0680065,0.0,0.0,0.0
1.9776611,-6.7405853,-3.9828491,3.9324012,2.6403255,-6.0680065,0.0,0.0,0.0
1.9776611,-6.7405853,-3.9828491,3.9324012,2.6403255,-6.0680065,0.0,0.0,0.0
1.9776611,-6.7405853,-3.9828491,3.9324012,2.6403255,-6.0680065,0.0,0.0,0.0
1.9776611,-6.7405853,-3.9828491,3.9324012,2.6403255,-6.0680065,0.0,0.0,0.0
1.9776611,-6.7405853,-3.9828491,3.9324012,2.6403255,-6.0680065,0.0,0.0,0.0
1.9776611,-6.7405853,-3.9828491,3.9324012,2.6403255,-6.0680065,0.0,0.0,0.0
1.9776611,-6.7405853,-3.9828491,3.9324012,2.6403255,-6.0680065,0.0,0.0,0.0
1.9776611,-6.7405853,-3.9828491,3.9324012,2.6403255,-6.0680065,0.0,0.0,0.0
1.9776611,-6.7405853,-3.9828491,3.9324012,2.6403255,-6.0680065,0.0,0.0,0.0
1.9776611,-6.7405853,-3.9828491,3.9324012,2.6403255,-6.0680065,0.0,0.0,0.0
1.9776611,-6.7405853,-3.9828491,3.9324012,2.6403255,-6.0680065,0.0,0.0,0.0
1.9776611,-6.7405853,-3.9828491,3.9324012,2.6403255,-6.0680065,0.0,0.0,0.0
1.9776611,-6.7405853,-3.9828491,3.9324012,2.6403255,-6.0680065,0.0,0.0,0.0
1.9776611,-6.7405853,-3.9828491,3.9324012,2.6403255,-6.0680065,0.0,0.0,0.0
1.9776611,-6.7405853,-3.9828491,3.9324012,2.6403255,-6.0680065,0.0,0.0,0.0
1.9776611,-6.7405853,-3.9828491,3.9324012,2.6403255,-6.0680065,0.0,0.0,0.0
1.9776611,-6.7405853,-3.9828491,3.9324012,2.6403255,-6.0680065,0.0,0.0,0.0
1.9776611,-6.7405853,-3.9828491,3.9324012,2.6403255,-6.0680065,0.0,0.0,0.0
1.9776611,-6.7405853,-3.9828491,3.9324012,2.6403255,-6.0680065,0.0,0.0,0.0
1.9776611,-6.7405853,-3.9828491,3.9324012,2.6403255,-6.0680065,0.0,0.0,0.0
1.9776611,-6.7405853,-3.9828491,3.9324012,2.6403255,-6.0680065,0.0,0.0,0.0
1.9776611,-6.7405853,-3.9828491,3.9324012,2.6403255,-6.0680065,0.0,0.0,0.0
1.9776611,-6.7405853,-3.9828491,3.9324012,2.6403255,-6.0680065,0.0,0.0,0.0
1.9776611,-6.7405853,-3.9828491,3.9324012,2.6403255,-6.0680065,0.0,0.0,0.0
1.9776611,-6.7405853,-3.9828491,3.9324012,2.6403255,-6.0680065,0.0,0.0,0.0
1.9776611,-6.7405853,-3.9828491,3.9324012,2.6403255,-6.0680065,0.0,0.0,0.0
1.9776611,-6.7405853,-3.9828491,3.9324012,2.6403255,-6.0680065,0.0,0.0,0.0
1.9776611,-6.7405853,-3.9828491,3.9324012,2.6403255,-6.0680065,0.0,0.0,0.0
1.9776611,-6.7405853,-3.9828491,3.9324012,2.6403255,-6.0680065,0.0,0.0,0.0
1.9776611,-6.7405853,-3.9828491,3.9324012,2.6403255,-6.0680065,0.0,0.0,0.0
1.9776611,-6.7405853,-3.9828491,3.9324012,2.6403255,-6.0680065,0.0,0.0,0.0
1.9776611,-6.7405853,-3.9828491,3.9324012,2.6403255,-6.0680065,0.0,0.0,0.0
1.9776611,-6.7405853,-3.9828491,3.9324012,2.6403255,-6.0680065,0.0,0.0,0.0
1.9776611,-6.7405853,-3.9828491,3.9324012,2.6403255,-6.0680065,0.0,0.0,0.0
1.9776611,-6.7405853,-3.9828491,3.9324012,2.6403255,-6.0680065,0.0,0.0,0.0
1.9776611,-6.7405853,-3.9828491,3.9324012,2.6403255,-6.0680065,0.0,0.0,0.0
1.9776611,-6.7405853,-3.9828491,3.9324012,2.6403255,-6.0680065,0.0,0.0,0.0
1.9776611,-6.7405853,-3.9828491,3.9324012,2.6403255,-6.0680065,0.0,0.0,0.0
1.9776611,-6.7405853,-3.9828491,3.9324012,2.6403255,-6.0680065,0.0,0.0,0.0
1.9776611,-6.7405853,-3.9828491,3.9324012,2.6403255,-6.0680065,0.0,0.0,0.0
1.9776611,-6.7405853,-3.9828491,3.9324012,2.6403255,-6.0680065,0.0,0.0,0.0
1.9776611,-6.7405853,-3.9828491,3.9324012,2.6403255,-6.0680065,0.0,0.0,0.0
1.9776611,-6.7405853,-3.9828491,3.9324012,2.6403255,-6.0680065,0.0,0.0,0.0
1.9776611,-6.7405853,-3.9828491,3.9324012,2.6403255,-6.0680065,0.0,0.0,0.0
1.9776611,-6.7405853,-3.9828491,3.9324012,2.6403255,-6.0680065,0.0,0.0,0.0
1.9776611,-6.7405853,-3.9828491,3.9324012,2.6403255,-6.0680065,0.0,0.0,0.0
1.9776611,-6.7405853,-3.9828491,3.9324012,2.6403255,-6.0680065,0.0,0.0,0.0
1.9776611,-6.7405853,-3.9828491,3.9324012,2.6403255,-6.0680065,0.0,0.0,0.0
1.9776611,-6.7405853,-3.9828491,3.9324012,2.6403255,-6.0680065,0.0,0.0,0.0
1.9776611,-6.7405853,-3.9828491,3.9324012,2.6403255,-6.0680065,0.0,0.0,0.0
1.9776611,-6.7405853,-3.9828491,3.9324012,2.6403255,-6.0680065,0.0,0.0,0.0
1.9776611,-6.7405853,-3.9828491,3.9324012,2.6403255,-6.0680065,0.0,0.0,0.0
1.9776611,-6.7405853,-3.9828491,3.9324012,2.6403255,-6.0680065,0.0,0.0,0.0
1.9776611,-6.7405853,-3.9828491,3.9324012,2.6403255,-6.0680065,0.0,0.0,0.0
1.9776611,-6.7405853,-3.9828491,3.9324012,2.6403255,-6.0680065,0.0,0.0,0.0
1.9776611,-6.7405853,-3.9828491,3.9324012,2.6403255,-6.0680065,0.0,0.0,0.0
1.9776611,-6.7405853,-3.9828491,3.9324012,2.6403255,-6.0680065,0.0,0.0,0.0
1.9776611,-6.7405853,-3.9828491,3.9324012,2.6403255,-6.0680065,0.0,0.0,0.0
1.9776611,-6.7405853,-3.9828491,3.9324012,2.6403255,-6.0680065,0.0,0.0,0.0
1.9776611,-6.7405853,-3.9828491,3.9324012,2.6403255,-6.0680065,0.0,0.0,0.0
1.9776611,-6.7405853,-3.9828491,3.9324012,2.6403255,-6.0680065,0.0,0.0,0.0
1.9776611,-6.7405853,-3.9828491,3.9324012,2.6403255,-6.0680065,0.0,0.0,0.0
1.9776611,-6.7405853,-3.9828491,3.9324012,2.6403255,-6.0680065,0.0,0.0,0.0
1.9776611,-6.7405853,-3.9828491,3.9324012,2.6403255,-6.0680065,0.0,0.0,0.0
1.9776611,-6.7405853,-3.9828491,3.9324012,2.6403255,-6.0680065,0.0,0.0,0.0
1.9776611,-6.7405853,-3.9828491,3.9324012,2.6403255,-6.0680065,0.0,0.0,0.0
1.9776611,-6.7405853,-3.9828491,3.9324012,2.6403255,-6.0680065,0.0,0.0,0.0
1.9776611,-6.7405853,-3.9828491,3.9324012,2.6403255,-6.0680065,0.0,0.0,0.0
1.9776611,-6.7405853,-3.9828491,3.9324012,2.6403255,-6.0680065,0.0,0.0,0.0
1.9776611,-6.7405853,-3.9828491,3.9324012,2.6403255,-6.0680065,0.0,0.0,0.0
1.9776611,-6.7405853,-3.9828491,3.9324012,2.6403255,-6.0680065,0.0,0.0,0.0
1.9776611,-6.7405853,-3.9828491,3.9324012,2.6403255,-6.0680065,0.0,0.0,0.0
1.9776611,-6.7405853,-3.9828491,3.9324012,2.6403255,-6.0680065,0.0,0.0,0.0
1.9776611,-6.7405853,-3.9828491,3.9324012,2.6403255,-6.0680065,0.0,0.0,0.0
1.9776611,-6.7405853,-3.9828491,3.9324012,2.6403255,-6.0680065,0.0,0.0,0.0
1.9776611,-6.7405853,-3.9828491,3.9324012,2.6403255,-6.0680065,0.0,0.0,0.0
1.9776611,-6.7405853,-3.9828491,3.9324012,2.6403255,-6.0680065,0.0,0.0,0.0
1.9776611,-6.7405853,-3.9828491,3.9324012,2.6403255,-6.0680065,0.0,0.0,0.0
1.9776611,-6.7405853,-3.9828491,3.9324012,2.6403255,-6.0680065,0.0,0.0,0.0
1.9776611,-6.7405853,-3.9828491,3.9324012,2.6403255,-6.0680065,0.0,0.0,0.0
1.9776611,-6.7405853,-3.9828491,3.9324012,2.6403255,-6.0680065,0.0,0.0,0.0
1.9776611,-6.7405853,-3.9828491,3.9324012,2.6403255,-6.0680065,0.0,0.0,0.0
1.9776611,-6.7405853,-3.9828491,3.9324012,2.6403255,-6.0680065,0.0,0.0,0.0
1.9776611,-6.7405853,-3.9828491,3.9324012,2.6403255,-6.0680065,0.0,0.0,0.0
1.9776611,-6.7405853,-3.9828491,3.9324012,2.6403255,-6.0680065,0.0,0.0,0.0
1.9776611,-6.7405853,-3.9828491,3.9324012,2.6403255,-6.0680065,0.0,0.0,0.0
1.9776611,-6.7405853,-3.9828491,3.9324012,2.6403255,-6.0680065,0.0,0.0,0.0
1.9776611,-6.7405853,-3.9828491,3.9324012,2.6403255,-6.0680065,0.0,0.0,0.0
1.9776611,-6.7405853,-3.9828491,3.9324012,2.6403255,-6.0680065,0.0,0.0,0.0
1.9776611,-6.7405853,-3.9828491,3.9324012,2.6403255,-6.0680065,0.0,0.0,0.0
1.9776611,-6.7405853,-3.9828491,3.9324012,2.6403255,-6.0680065,0.0,0.0,0.0
1.9776611,-6.7405853,-3.9828491,3.9324012,2.6403255,-6.0680065,0.0,0.0,0.0
0.062210083,-4.594223,0.67836,2.0169501,4.786688,-1.4067976,0.0,0.0,0.0
1.7395782,-12.3589325,-5.9569244,1.9050844,-3.2489462,-2.3304763,0.0,0.0,0.0
-1.0468597,-12.92244,-3.1489563,-2.0571523,-3.8489227,0.43168592,0.0,0.0,0.0
-0.2763672,-14.006393,-3.9661102,-1.689503,-4.987875,-0.38284874,0.0,0.0,0.0
0.37327576,-14.721848,-1.2442627,-1.1172638,-5.781995,2.5010965,0.0,0.0,0.0
-0.43788147,-10.465012,2.6739807,-1.7613875,-1.649497,6.761207,0.0,0.0,0.0
-0.8757782,-10.25325,2.946762,-1.9380724,-1.5485382,7.3365126,0.0,0.0,0.0
0.5312042,-12.41037,1.5768738,-0.4508779,-3.674549,5.9232903,0.0,0.0,0.0
1.3926239,-13.137787,1.7192383,0.48209125,-4.2703333,5.806973,0.0,0.0,0.0
2.0087738,-12.391235,4.340576,1.1223274,-3.2943344,7.8945856,0.0,0.0,0.0
1.8927155,-10.534409,4.0821533,0.8579148,-1.2737818,7.1383543,0.0,0.0,0.0
1.984848,-10.082153,3.4169464,0.7950647,-0.74341106,6.1633425,0.0,0.0,0.0
1.8628082,-8.699112,1.8388824,0.62131,0.69938946,4.3483143,0.0,0.0,0.0
0.5252228,-6.3182526,0.33738708,-0.53897476,3.145975,2.6753907,0.0,0.0,0.0
0.1268158,-5.540573,-0.48454285,-0.7282843,3.9359894,1.8890522,0.0,0.0,0.0
0.03111267,-5.15654,-2.334198,-0.5665038,4.3686743,-0.07952738,0.0,0.0,0.0
1.8783722,-5.03331,-5.1744843,1.3535752,4.569395,-3.2553577,0.0,0.0,0.0
1.0624084,-4.9866486,-4.3549347,0.70447886,4.7452984,-3.2010374,0.0,0.0,0.0
1.7898254,-6.5025024,-2.0913239,1.5894606,3.2753973,-1.3681937,0.0,0.0,0.0
2.8402863,-8.941971,-2.5016937,2.73277,0.85356045,-2.04738,0.0,0.0,0.0
2.802002,-9.312866,-2.7469635,2.7139971,0.48777008,-2.415052,0.0,0.0,0.0
2.8366852,-10.658829,-1.680954,2.759907,-0.8541565,-1.4996154,0.0,0.0,0.0
2.9288177,-12.436691,-1.0289154,2.8459349,-2.6304035,-1.0441422,0.0,0.0,0.0
3.1417694,-13.103104,-0.28355408,3.0286875,-3.297247,-0.33630654,0.0,0.0,0.0
4.6815643,-12.71666,-0.38285828,4.531027,-2.9112024,-0.3558254,0.0,0.0,0.0
3.6765747,-12.005981,-1.627121,3.5117996,-2.2014008,-1.5112293,0.0,0.0,0.0
1.8699951,-13.305283,-0.5383911,1.6935805,-3.5030842,-0.30142623,0.0,0.0,0.0
-0.09690857,-11.56929,1.7850494,-0.34555405,-1.7863455,2.4195304,0.0,0.0,0.0
0.4402771,-10.731812,2.3485565,0.13544628,-0.9846134,3.3827684,0.0,0.0,0.0
0.6915283,-11.606384,3.2686005,0.32644916,-1.9494247,4.936007,0.0,0.0,0.0
-0.09451294,-12.156738,3.8189392,-0.4641308,-2.5303955,5.653958,0.0,0.0,0.0
-1.4309082,-12.305084,4.565506,-1.7995329,-2.7441492,6.7156267,0.0,0.0,0.0
-1.8436737,-11.93779,4.4195404,-2.191465,-2.4155607,6.738286,0.0,0.0,0.0
-1.1724854,-9.333206,2.0733795,-1.4838779,0.18624306,4.4086533,0.0,0.0,0.0
0.38046265,-8.027924,0.6616211,0.094690025,1.5104122,2.9218998,0.0,0.0,0.0
1.2921295,-7.4979095,-0.15074158,1.0111365,2.0577679,2.0356836,0.0,0.0,0.0
3.8213348,-6.977478,-5.065613,3.5542703,2.5866528,-2.9146914,0.0,0.0,0.0
2.1894379,-5.873184,-4.9100647,2.063942,3.6473923,-2.56203,0.0,0.0,0.0
1.4895325,-4.298706,-4.19223,1.5619109,5.1580467,-1.597045,0.0,0.0,0.0
-0.020339966,-4.088135,-3.0795593,0.26961678,5.3167143,-0.31638765,0.0,0.0,0.0
-0.5395813,-4.668396,-1.159317,-0.17455593,4.7376947,1.5907018,0.0,0.0,0.0
-0.5407715,-5.3910217,0.5264282,-0.1225588,4.0438557,3.1681273,0.0,0.0,0.0
0.5359955,-6.866211,-0.7537384,1.0804229,2.6467342,1.5652833,0.0,0.0,0.0
