6.1172485,-10.371689,3.3236237,-1.9476085,-0.27916086,3.054204,0.10929012,0.80854475,13.3469305
2.0159454,-13.758728,6.703491,-1.5291443,0.5267774,2.8274794,0.123107344,-0.15148449,13.058159
-2.3353882,-11.458038,7.281357,-0.6864705,1.1307266,2.0895185,-0.54278183,-0.85346043,12.063387
-3.686142,-7.196411,5.191223,0.04717064,1.3826618,0.8889084,1.3716624,-0.19443846,10.692579
-2.8211365,-5.64946,2.5184479,1.6246061,1.3758343,-0.5253825,1.7540909,-0.617085,8.64447
-2.4406738,-5.6398773,2.0362854,2.22467,1.1080196,-0.65147686,1.660692,-1.033323,8.140627
-0.023925781,-5.4388885,-0.38763428,2.7173486,0.7441596,-0.7760439,1.4413441,-1.4009352,7.6853514
0.24645996,-5.522629,-2.1439667,2.8034244,0.33973348,-0.25392866,1.066589,-1.8742132,7.965781
-0.035888672,-6.5407867,-3.5617218,2.5896025,0.28602123,-0.23491001,0.9596879,-1.7256618,8.090807
-0.80519104,-7.5804596,-6.705887,2.0016618,0.22922719,-0.7437091,0.7339961,-0.96917343,8.036269
1.3758698,-5.6351013,-6.855438,1.9850864,-0.0065569878,-1.3372726,0.51939267,-0.61076546,7.5514097
3.073578,-6.418747,-6.1543427,1.875536,-0.1753143,-1.6175127,0.3419658,-0.39055896,7.378639
4.1312103,-9.111862,-4.8765717,1.3265085,-0.6043527,-2.358067,-0.23230669,0.343755,7.0656266
3.4325104,-10.667206,-3.0400848,1.2169285,-0.54689014,-2.7245317,-0.2090557,0.64985657,6.8507986
1.9369965,-12.604187,0.12322998,1.2418404,-0.21546268,-3.0513983,0.121363044,0.8967066,6.6316214
2.5567322,-12.818344,0.16749573,1.2099504,0.07951665,-3.385672,0.38490644,1.2035656,6.4397
4.4147644,-11.619553,-1.8903351,0.6567073,0.24251103,-2.6272244,0.37194815,1.186985,7.3889856
4.4973145,-11.357529,-3.0029907,0.6185236,0.0062031746,-2.6357207,0.7176006,-0.87558913,7.3473763
0.050247192,-13.0672,0.49650574,0.8095317,-0.4765241,-2.6549435,-0.1468893,0.7944517,7.108797
-2.7960205,-12.588638,3.7411804,0.8902478,-0.7462084,-2.2379422,-0.30873773,0.38801408,7.3344283
-1.3507538,-11.536987,4.273575,-1.6790905,-1.1484003,-1.3431206,-1.8950706,1.4621296,9.345104
1.9346008,-11.666214,4.7030945,-3.8379235,-0.90190387,0.96405697,-2.3506646,1.8093977,12.576658
-1.5828552,-12.59462,5.3515472,-5.2941537,-0.6588448,2.8024764,-2.3760297,1.7508702,15.060691
-3.9469604,-15.244675,2.5950165,-4.965117,-0.110333204,3.975194,-1.3962069,0.9351511,15.942024
-1.5397797,-11.755936,-0.19740295,-4.2029715,0.64146733,3.2992883,-0.2738437,1.0310631,15.081465
-0.7908325,-8.274384,-2.580658,-2.933735,1.2463093,1.5620522,0.700608,1.3918409,12.996012
-0.4247284,-8.197815,-2.1595154,-1.4105835,1.6242368,-0.032324314,1.3190155,1.364533,10.82015
0.07777405,-6.6831512,-1.9034882,0.2488761,1.5339158,-1.399118,1.4892684,0.96585584,8.701404
0.5252228,-5.8372955,-3.382248,2.1720805,1.4254112,-2.1364026,1.7356306,-0.049105883,6.92583
1.351944,-4.331009,-3.9194489,2.5845184,1.3125036,-2.6957684,1.7170547,-0.043299675,6.240221
0.38165283,-4.2269287,-1.4847412,2.5581918,1.2887722,-2.9386587,1.7034554,0.11419392,6.074868
-0.2859497,-4.236496,-0.03111267,1.6650853,0.95488656,-2.9606667,1.1915704,0.73277473,6.5673504
-0.09690857,-4.347763,0.2536316,0.96092844,0.28533745,-2.5030427,0.40365827,0.82711935,7.2722955
1.8711853,-4.9794617,-0.8195343,1.1869717,-0.45637703,-2.3029995,-0.2285299,0.3350737,7.207326
3.9433746,-8.01236,-7.9908295,1.4312034,-0.76346886,-2.5129719,-0.42024,0.1269722,6.8480134
2.6799622,-8.946762,-9.572479,0.25279713,-0.7826153,-2.3902197,-0.77000254,0.9221444,7.582624
0.36610413,-12.5312195,-5.292923,-0.07849121,-0.80610406,-2.4106722,-0.90250707,1.1168339,7.7077284
0.5240326,-14.051849,-3.743576,-0.63973,-0.9553206,-2.1163797,-1.2146466,1.3273354,8.205473
0.053833008,-12.2357025,-3.5940247,-1.9814868,-0.49949408,-0.7524357,-1.3073399,1.7109351,10.13147
0.055038452,-10.454239,-6.8482513,-2.9418268,-0.37232757,-0.03621006,-1.5619335,2.035143,11.294212
-0.8614197,-10.119247,-2.367691,-4.784683,0.42943954,0.9832263,-1.5474669,2.9962912,13.366417
-0.89372253,-11.519043,4.0797577,-2.2403398,0.5983689,1.3432918,-0.2899143,0.98460627,12.28215
-0.8003998,-12.550354,6.1591187,-1.1914659,0.9291891,1.6735368,0.4874255,0.17516232,12.001062
1.1222382,-14.266006,1.6594238,0.00810957,2.1143267,2.5565152,2.122799,-0.836678,12.214949
1.2406769,-14.627319,0.3517456,0.9418464,2.2620025,1.7873812,2.5439985,-1.0524945,11.078967
1.7527466,-13.453644,0.6999054,1.6214056,1.8484415,0.894207,2.3290675,-1.1881382,9.901875
2.7373962,-11.782257,0.9654999,2.022695,1.1231409,0.25419664,1.8127639,-1.2504668,9.053273
2.600998,-9.717255,0.69392395,2.2786875,0.39625025,-0.0055327415,1.256727,-1.5104356,8.5865345
1.6295166,-8.037491,0.4283142,2.2203922,-0.1231159,-0.5488477,0.82761806,-1.2945657,8.107922
0.78604126,-6.880554,-0.102890015,1.7149177,-0.45279884,-1.1592202,0.30370992,-0.7192302,7.83682
1.2693939,-5.9569244,-0.2763672,1.7806363,-0.95520616,-1.2427158,0.023547828,-0.95366335,7.634692
2.0147552,-5.3395844,-1.0779724,1.904841,-1.1169448,-1.578845,0.015877664,-0.94896054,7.263432
2.399994,-4.347763,-4.6707916,1.4754467,-0.7294731,-1.1128054,0.24149185,-0.73242736,7.9756284
2.116455,-4.2604218,-5.223526,-0.068982124,-0.12834382,0.033003807,-0.13537776,-0.060534477,9.824771
2.0757751,-5.5657043,-5.251053,-0.8620572,0.08098316,0.35363483,-0.5551466,0.32635498,10.484931
2.449051,-7.6331024,-5.215164,0.12034249,0.3440447,-2.2416868,0.051933646,1.3413849,7.9747114
2.5579224,-8.15593,-5.067993,-0.11831212,-1.2018199,-1.304327,-0.88241816,-0.19646645,8.276168
3.8201447,-9.485153,-2.946762,-1.2475061,-1.574692,1.3955564,0.33954144,2.147995,10.9266205
3.899109,-11.170898,-1.5541382,-1.8566301,-0.55715346,3.5153112,-1.5159242,-0.9105067,13.410517
4.0989075,-11.681763,-0.98942566,-2.3044343,0.8201623,2.729762,-0.95892465,0.80725,13.250994
4.9124603,-12.051453,-1.7048798,-1.9038744,1.0927348,0.8583727,1.6461768,-0.2996236,11.466752
4.5104675,-10.868195,-3.1860504,-0.991719,0.69046545,-0.49900436,-0.28278077,1.2762218,9.830051
3.1369934,-12.104095,-2.8187408,-0.07228851,0.13597107,-1.8621063,-0.07502657,0.8657484,8.152563
0.9762726,-11.491531,1.076767,0.60365176,-0.41321135,-3.1142035,0.040202826,0.5267041,6.651596
1.6331024,-12.498901,3.661026,0.9379673,-0.6785929,-3.9317255,0.20368403,0.38594556,5.7313232
1.8065796,-13.244278,4.565506,0.41053188,-0.9696832,-4.193039,-0.29977977,0.3348794,5.5068383
1.0863342,-13.657028,4.91127,-0.004672408,-1.2893727,-4.12527,-0.6997045,0.1012907,5.54279
-0.027511597,-13.447662,4.3130646,-0.075045824,-1.8287156,-3.4218311,-0.8197018,-0.6923045,6.0773654
-0.35055542,-12.5156555,1.8831482,0.5131264,-1.3966441,-3.3314867,0.18510723,-0.5854956,6.2100334
-0.0143585205,-10.695923,0.948761,0.9233621,-1.0420737,-3.3687983,0.7423452,-0.26480436,6.2477007
1.1210327,-8.139191,-1.5912323,1.1396176,0.22113061,-2.5498896,1.0594285,0.88231087,7.367655
1.9776611,-7.3986053,-3.534195,0.17736642,0.5499072,-0.8550968,0.1529201,0.750129,9.114574
3.702896,-6.838684,-5.2139587,-0.606253,-0.5615883,-1.1882486,-0.64376605,-0.23461163,8.531746
2.148758,-4.944763,-6.3960114,-1.3421943,-1.3381612,0.8458128,-1.5017288,-1.3141072,10.377171
-0.83987427,-4.219742,-5.1266174,-0.24224102,-0.69017696,2.1193676,-0.31668165,-1.1045476,11.73186
0.87098694,-4.965103,-2.4729767,0.70471126,0.47676682,3.4346504,0.8519841,-0.2849797,13.229173
0.4127655,-4.627716,0.6006012,1.1520021,2.2293215,4.711423,2.164826,0.8630245,14.609065
0.23091125,-4.114456,1.7264252,1.2971406,2.9177797,3.8220587,3.087613,0.5881268,13.669926
0.7657013,-5.091919,1.1042938,1.7863938,2.8345325,2.691618,3.356257,-0.80603546,12.367203
2.5172424,-7.7431793,-4.3082733,2.0840893,2.1469712,-0.34463978,2.8224607,-0.88805735,9.243835
5.5752716,-10.492523,-11.313263,2.2310622,1.5311368,-1.4486465,-0.52569497,-2.4616487,8.050368
4.204193,-13.459625,-7.0911255,2.1051865,1.3179678,-1.9506721,2.1579614,-0.52687395,7.5617495
1.4715881,-12.588638,-3.817749,1.5281281,0.5560204,-2.7427378,-0.038622856,-1.2081038,6.856067
2.3413696,-10.716263,-5.9928284,2.1386337,-0.31554055,-2.757226,0.8824554,-0.9179208,6.542556
2.3437653,-11.036896,-6.111267,1.6963043,-0.88151586,-2.7075825,0.2025133,-0.8711952,6.6151733
0.26679993,-10.453049,4.5583344,0.88728,-0.43923116,-2.761858,0.048386574,-0.08114438,6.8742237
-0.44506836,-10.354935,6.344574,1.1714926,0.0680995,-3.625679,0.6057742,0.56011724,6.0861816
2.2576294,-13.131805,3.5030975,0.8335748,0.040939093,-3.3459797,0.3897105,0.7810273,6.4704514
3.254242,-13.975281,-0.09211731,-0.23151565,-0.19260192,-1.264226,-0.39630854,0.5138643,8.680662
2.8175507,-13.562515,1.2969055,-0.42193365,-0.25577712,-0.7009611,-0.5458775,0.35870218,9.251541
2.5363922,-12.396011,2.4753723,0.18759489,0.062126637,-0.94866943,0.09592199,0.37803984,8.919571
2.0626068,-10.493729,3.041275,-0.79661655,-0.3673494,-0.48162842,-0.89305526,0.37445164,9.554169
0.7525482,-7.7730865,1.475174,-1.0479369,-0.7277498,1.8620539,-1.0882359,-0.8166914,11.607705
0.2979126,-7.2646027,0.8063812,-1.2646742,-0.13310623,2.3222485,-0.7838066,-0.33689117,12.313065
1.1198425,-5.8923187,-0.47018433,-2.4321487,1.2363925,2.2667007,-0.47699744,1.3251157,13.062183
2.4107666,-5.294113,-1.195221,-1.9057596,1.3874443,1.2045412,0.010570109,1.5457568,11.955689
2.2085724,-4.9710846,-2.2492523,-1.0819745,1.2156079,0.853673,0.40929598,1.0279899,11.273907
1.3531342,-4.872986,-6.4342957,-0.12840939,0.9775994,0.07196903,0.72319883,0.5914254,10.130021
1.9776611,-6.151947,-5.8384857,0.1883645,1.0194764,-1.2683802,0.68031144,-1.1080719,8.810179
2.683548,-7.549362,-4.0785675,0.6880522,0.6184304,-1.8668203,0.7587411,0.6728928,7.9866457
3.069992,-8.553146,-2.8713837,0.93372345,0.34463048,-2.0891552,0.6691,0.43302178,7.634101
3.8775635,-9.548553,-1.6881409,1.7549496,-0.38269997,-2.7103033,0.562873,-0.2928393,6.617689
4.237686,-10.916061,-0.9415741,2.3613858,-0.64265394,-3.3671503,0.73395544,-0.56254554,5.7481165
4.204193,-12.5312195,-1.351944,2.3231368,-0.7178271,-4.1527424,0.61885315,-0.22678208,5.0397744
4.813156,-12.068207,-2.548355,2.3231368,-0.7178271,-4.1527424,0.61885315,-0.22678208,5.0397744
4.4470673,-11.138596,-3.3547363,2.3231368,-0.7178271,-4.1527424,0.61885315,-0.22678208,5.0397744
3.5892334,-11.273788,-3.0795593,2.3231368,-0.7178271,-4.1527424,0.61885315,-0.22678208,5.0397744
1.085144,-11.584854,2.2253265,2.3231368,-0.7178271,-4.1527424,0.61885315,-0.22678208,5.0397744
1.085144,-11.584854,2.2253265,-1.0345113,0.27517247,-3.931075,2.8996513,0.1952675,6.9512725
1.085144,-11.584854,2.2253265,-1.0345113,0.27517247,-3.931075,2.8996513,0.1952675,6.9512725
1.085144,-11.584854,2.2253265,-3.3064485,0.97376394,1.9923034,-2.1020617,0.6522436,13.124182
1.085144,-11.584854,2.2253265,-2.490025,1.3008032,2.469788,-1.087366,0.3467145,13.3688965
1.085144,-11.584854,2.2253265,-3.703549,4.105288,2.6409736,-0.40266693,2.5713844,15.353746
1.085144,-11.584854,2.2253265,-2.6903887,3.9309525,3.6850195,0.66465616,1.4576049,15.612127
1.085144,-11.584854,2.2253265,0.22590303,3.986277,4.299984,3.276517,0.22106647,14.669455
1.085144,-11.584854,2.2253265,1.7041116,3.4879735,4.0281534,4.106274,-0.5683403,13.563175
1.085144,-11.584854,2.2253265,3.2978177,2.0669787,3.194538,4.188243,-1.962378,11.796818
1.085144,-11.584854,2.2253265,2.743803,1.2261679,-1.0681896,2.6942751,-0.31384182,8.128749
1.085144,-11.584854,2.2253265,2.6543581,2.0406353,0.15589046,3.3313105,-0.24840426,9.533202
1.085144,-11.584854,2.2253265,2.355167,2.7862728,-2.3610077,3.3897674,1.4741623,7.5217414
1.085144,-11.584854,2.2253265,-0.21688771,3.1698895,-2.9163399,1.2749915,3.6163967,7.832733
1.085144,-11.584854,2.2253265,0.24159908,2.425117,-4.4805813,1.1441562,3.346999,6.131915
1.085144,-11.584854,2.2253265,0.7439816,-0.39080143,-5.3972416,0.013638973,1.2588633,4.4914336
1.085144,-11.584854,2.2253265,1.4262655,-1.1300628,-7.0278664,1.0162718,-0.7820665,2.66118
1.085144,-11.584854,2.2253265,2.5474997,-1.7693343,-7.275861,0.99941087,0.6708478,1.989388
1.085144,-11.584854,2.2253265,1.4134449,-2.971556,-6.321986,0.003845185,-0.40818995,2.691255
-0.0059814453,-11.799011,3.5677032,5.197397,-2.882566,-1.214345,5.044425,-1.789457,6.9521136
-1.2095642,-11.574081,5.3395844,4.3793845,-2.151458,-2.4193983,4.2038736,-0.44861042,6.3733625
-0.41993713,-11.039291,3.8440704,7.5908,-1.7668378,1.9614267,7.960861,-0.8402684,10.519245
-0.41993713,-11.039291,3.8440704,3.243838,-5.7748966,2.4557457,-6.4315042,2.9105484,10.065613
-0.41993713,-11.039291,3.8440704,0.7568623,-6.158887,5.4986515,5.3538556,-5.5236497,12.899452
-0.41993713,-11.039291,3.8440704,0.99188924,-4.968834,4.2770157,5.298908,-3.0630863,12.357161
-0.41993713,-11.039291,3.8440704,2.2892778,-3.4777417,1.9211359,4.3824234,-0.23602772,11.135148
-0.41993713,-11.039291,3.8440704,0.86504316,-1.5019112,0.17083073,1.6797985,0.4513259,9.894983
-0.41993713,-11.039291,3.8440704,0.75871706,-1.735806,0.9267645,-1.68445,1.0780909,10.475915
-0.41993713,-11.039291,3.8440704,2.0702715,-1.8186705,2.1729965,2.499189,0.6545315,12.181761
-0.41993713,-11.039291,3.8440704,2.0702715,-1.8186705,2.5761795,2.5832076,0.44964743,12.518688
-0.41993713,-11.039291,3.8440704,4.7978187,-2.3275537,1.2652426,-4.2180977,-0.6346841,13.247906
-0.41993713,-11.039291,3.8440704,5.407371,-1.1706547,0.22035837,-0.11393905,3.978507,13.655957
-0.41993713,-11.039291,3.8440704,7.3351693,-1.9827372,-2.12999,-1.0581049,6.8917418,13.502204
-0.41993713,-11.039291,3.8440704,10.961189,-0.1557884,-2.996121,-5.1178465,7.9043093,16.1689
-0.41993713,-11.039291,3.8440704,12.232466,2.1449883,-5.989764,-9.132627,8.725954,15.33515
-0.41993713,-11.039291,3.8440704,10.220531,5.5110836,-8.204739,-12.561533,6.0038905,12.689409
-0.41993713,-11.039291,3.8440704,10.293534,7.831563,-8.175974,9.389785,-11.738428,12.666376
-0.41993713,-11.039291,3.8440704,7.565941,5.1877117,-4.1532254,-9.514766,0.6368124,13.042208
-0.41993713,-11.039291,3.8440704,6.2554255,3.3567998,-2.5716715,5.8771057,-3.346502,13.164107
-0.41993713,-11.039291,3.8440704,4.775365,-0.018740416,-0.95754004,2.3561552,-2.1124792,13.508988
-0.41993713,-11.039291,3.8440704,3.3472948,-2.2479432,-1.3222938,-1.3843269,2.7370005,12.738981
-0.41993713,-11.039291,3.8440704,1.638649,-3.8148823,-1.5017903,-0.7342917,-4.0068164,11.509622
-0.41993713,-11.039291,3.8440704,-3.1476984,-13.917223,-3.7203505,5.9560375,13.39907,8.248232
-0.41993713,-11.039291,3.8440704,-5.5819063,-12.952023,-2.949641,7.0673623,11.869162,5.709292
-0.41993713,-11.039291,3.8440704,-3.7834396,-9.738323,-4.2504964,3.5940018,10.111349,6.333923
-0.41993713,-11.039291,3.8440704,-0.064600945,-5.9201703,-6.357299,-1.4498942,8.45472,8.43428
-0.41993713,-11.039291,3.8440704,-3.305317,1.7118722,-6.5303664,4.2953014,-2.463212,4.151185
-0.41993713,-11.039291,3.8440704,-3.2526894,0.76055884,-5.726263,-3.3805766,2.5683577,4.7151117
-0.41993713,-11.039291,3.8440704,-3.9597712,0.37582064,-2.0049925,-0.3270194,0.52380097,5.395333
-0.41993713,-11.039291,3.8440704,-3.8345594,-0.6061239,-0.4090116,-1.3409802,-0.28381896,6.1515527
-0.41993713,-11.039291,3.8440704,-3.587757,-0.8264028,0.3112347,1.8558183,0.16302228,6.6158557
-0.41993713,-11.039291,3.8440704,-1.4164181,-0.89627576,-0.19041085,0.818977,0.73092353,8.525701
-0.41993713,-11.039291,3.8440704,-0.66597843,-1.5263972,-1.5633826,-0.08934721,2.1441338,9.024161
-0.41993713,-11.039291,3.8440704,-0.6789694,0.5815642,-4.166979,-3.4076807,2.096782,8.33895
-0.41993713,-11.039291,3.8440704,-0.2884903,0.44798183,-1.602843,-1.4861361,0.6302353,9.309435
-0.41993713,-11.039291,3.8440704,4.5948257,-0.62433344,3.1344347,2.3658152,-1.5659117,14.631351
-0.41993713,-11.039291,3.8440704,4.9366655,-2.9299607,6.6219873,6.8036413,-2.0867805,14.921517
-0.41993713,-11.039291,3.8440704,4.706197,-4.793581,8.735211,9.7240305,-1.8901367,14.633787
-0.41993713,-11.039291,3.8440704,4.4689407,-4.7850556,6.8474927,8.222356,-0.65453553,14.467207
-0.41993713,-11.039291,3.8440704,4.162924,-5.111205,5.2114205,7.0190735,0.7714772,14.361944
-0.41993713,-11.039291,3.8440704,3.078453,-6.7489705,2.2831502,-6.142945,-3.252771,13.25947
-0.41993713,-11.039291,3.8440704,1.9209156,-6.947837,1.8144629,-6.0687475,-3.61578,12.119886
-0.41993713,-11.039291,3.8440704,0.06567192,-5.703319,1.1946192,4.3123274,3.8924615,10.266921
-0.41993713,-11.039291,3.8440704,-2.3457136,-3.9433825,2.1481657,4.3293133,1.8977115,7.9837413
-0.41993713,-11.039291,3.8440704,-2.9746962,-2.5942342,0.33592832,2.1615465,1.908849,7.090821
-0.41993713,-11.039291,3.8440704,-3.5156088,-3.5727353,-0.8599616,1.7591579,3.4384794,6.498222
-0.41993713,-11.039291,3.8440704,-3.409752,-2.7854614,-1.3898509,0.8487616,3.113001,6.50427
-0.41993713,-11.039291,3.8440704,-1.3537273,-1.504358,-1.1325511,0.050009787,1.8922225,8.466749
-0.41993713,-11.039291,3.8440704,-0.8741665,-1.7522659,-1.0066401,0.18879074,2.039213,8.998011
-0.41993713,-11.039291,3.8440704,-0.07530117,-2.070903,-0.98481834,0.16403013,2.2883306,9.835223
-0.41993713,-11.039291,3.8440704,-2.6018114,0.5883033,0.060477138,0.4210322,-0.45272768,7.211087
-0.41993713,-11.039291,3.8440704,-2.7975597,0.14298224,1.6816039,2.1117992,-0.72205526,7.420541
-0.41993713,-11.039291,3.8440704,-2.1696033,-0.345294,1.4176123,1.9782428,-0.057768226,8.098067
-0.41993713,-11.039291,3.8440704,0.042201996,-2.2476878,-0.47011042,0.34324598,2.197416,10.379743
-0.41993713,-11.039291,3.8440704,2.4547367,-3.1907601,-1.6153288,-0.12909956,-3.1737635,12.760719
-0.41993713,-11.039291,3.8440704,2.8477592,-2.9678726,-0.14755833,-0.073794484,2.0224557,13.390505
-0.41993713,-11.039291,3.8440704,0.64573,-2.0352163,0.9523251,1.3144119,1.3340185,11.206193
-0.41993713,-11.039291,3.8440704,-0.36594105,-1.6595387,1.1059432,1.5791501,1.2291417,10.133126
-0.41993713,-11.039291,3.8440704,-0.5663481,-2.5358357,1.2291422,-2.5925057,-1.1631243,10.240306
-0.41993713,-11.039291,3.8440704,0.4125824,-3.0077813,1.9059169,2.5345201,1.9969302,11.368052
-0.41993713,-11.039291,3.8440704,1.5500479,-1.9146011,2.5156846,2.6827228,0.46495658,12.039101
-0.41993713,-11.039291,3.8440704,0.8581276,-1.5907047,3.9028943,4.071822,0.0066918135,11.192121
-0.41993713,-11.039291,3.8440704,-3.3163338,-1.8024011,6.5104456,6.9967856,1.2710689,7.3445354
-0.41993713,-11.039291,3.8440704,-4.34301,-2.1628804,5.5218005,6.16362,2.4433818,6.6333632
-0.41993713,-11.039291,3.8440704,-3.3591366,-2.062358,4.786575,-5.7756658,0.69626975,7.660651
-0.41993713,-11.039291,3.8440704,-1.5351782,-0.8977771,3.4104645,3.5397027,1.0334721,8.712811
-0.41993713,-11.039291,3.8440704,-2.7941341,-0.20426655,3.120975,2.9927063,1.4296892,7.239727
-0.41993713,-11.039291,3.8440704,-3.9376302,0.1910305,2.5998962,2.2078185,2.071092,6.1821504
-0.41993713,-11.039291,3.8440704,-4.8434567,0.9449916,1.8285663,1.0503072,2.4279375,5.257177
-0.41993713,-11.039291,3.8440704,-5.1808834,1.78193,0.905704,-1.6780055,-1.9471052,4.884231
-0.41993713,-11.039291,3.8440704,-4.26422,3.3459249,-0.9860542,-1.9870503,0.8468898,4.7385635
-0.41993713,-11.039291,3.8440704,-2.7815228,5.277379,0.23004389,-0.60150874,-0.50373256,3.8884618
-0.41993713,-11.039291,3.8440704,-2.5882006,4.72746,3.2961583,1.8614671,1.2094679,3.8918853
-0.41993713,-11.039291,3.8440704,-2.3364916,4.4615126,2.6581178,0.68699294,1.4718945,4.348496
-0.41993713,-11.039291,3.8440704,0.11546767,1.3398056,-0.2542925,0.6921537,0.22348088,8.647316
-0.41993713,-11.039291,3.8440704,0.4925492,-14.914611,2.1590204,5.09996,5.1358113,23.034025
-0.41993713,-11.039291,3.8440704,-4.992957,-13.559188,7.3328867,4.552681,11.633261,20.126183
-0.41993713,-11.039291,3.8440704,-4.831484,-4.38945,1.6238155,-1.3664792,5.1124024,13.959161
-0.41993713,-11.039291,3.8440704,-4.334653,2.537384,-2.430309,2.870514,-4.7278123,9.070524
-0.41993713,-11.039291,3.8440704,-4.2074943,5.033183,0.35705423,-4.7864323,2.1308649,5.8426986
-0.41993713,-11.039291,3.8440704,-1.8279471,1.9754171,2.4499846,-0.80694747,2.6480494,7.443864
-0.41993713,-11.039291,3.8440704,-0.7725345,0.11507797,1.7542157,0.29254425,1.7942758,9.188333
-0.41993713,-11.039291,3.8440704,-0.06527436,-0.57897854,1.4608564,-1.5724132,-0.032227427,9.799061
-0.41993713,-11.039291,3.8440704,0.069770455,-1.0038414,2.1318812,1.4950116,1.8197519,9.911188
-0.41993713,-11.039291,3.8440704,-0.76572573,-1.3647709,3.7655337,-4.0236087,-0.661887,9.781101
-0.41993713,-11.039291,3.8440704,-2.2301123,-2.3852901,5.4864883,-6.002305,-2.119821,10.299864
-0.41993713,-11.039291,3.8440704,-2.2423656,2.2922258,6.92458,0.8317423,6.203835,5.441682
-0.41993713,-11.039291,3.8440704,-1.0660292,1.799839,6.1658654,1.6100123,4.9972177,5.9557524
-0.41993713,-11.039291,3.8440704,-0.115557075,-0.25948906,5.2400794,-4.930929,-0.49669048,8.080857
5.4831543,-13.456039,-0.21655273,6.9059935,-3.4138231,6.020235,9.694667,1.2415462,9.557303
0.18066406,-7.523041,1.1353912,2.2195942,-4.3710985,11.070295,8.901817,8.199556,9.475752
1.1210327,-6.9475555,-0.83151245,-1.1233373,-2.6432867,7.4427977,4.0319114,6.883872,9.815906
1.6019897,-6.106476,-1.9968109,-0.3997121,0.22361565,3.4397578,1.4376986,2.8716073,8.491887
0.01675415,-3.887146,-2.0279236,-1.2834945,2.2704306,-0.1557262,0.91798925,-1.7468084,8.09422
1.6988983,-6.467804,-6.217743,0.28187394,0.24492931,1.2011561,-1.0407168,0.1445769,9.115113
3.2123718,-6.037094,-6.1902313,0.24081397,0.60604477,3.6246228,1.7948476,2.6693,8.013182
2.1714935,-7.2107697,-5.9126587,-1.2680471,-0.33753014,2.9087744,0.5601613,3.125309,9.488058
1.9214325,-7.676178,-4.8143616,-1.6909761,-0.107439995,1.960787,-0.3333611,2.5677328,9.700588
1.9609222,-10.162323,-2.9120636,-1.3437893,1.2763472,1.3430102,-0.8591189,1.702901,8.541521
1.6187439,-10.68634,-2.646469,-1.7412882,1.2544184,1.0692358,-1.3078327,1.702395,8.738783
1.0600128,-11.599213,-2.8654022,-0.672585,0.09889126,1.6107697,0.18388557,1.6890855,9.394454
0.88534546,-12.046661,-2.305481,-0.101803064,0.5816498,1.2513902,0.28409916,1.0051358,8.8991
0.77049255,-10.93161,-2.4693909,1.3364816,2.1368523,-1.7195599,-0.48634624,-2.5134044,8.14669
1.6283112,-10.433899,-2.6416779,1.0290732,1.7446346,-1.2963464,-0.39357758,-1.9521536,8.458524
-0.22492981,-11.961716,0.46540833,0.8064079,1.0788145,2.842907,-2.2663171,-0.057927698,7.625662
-0.52282715,-10.88974,1.429718,1.6597617,2.6290379,4.822526,2.4662151,2.609791,5.3311405
1.0528412,-13.195221,5.0979156,1.9305034,4.435131,6.5115004,2.7847195,3.560744,3.0714214
0.6424713,-14.772095,6.0358887,4.8681245,4.1809006,3.7144153,-2.8666267,3.3744206,3.859282
0.39242554,-15.241089,4.463806,4.6807384,4.5044155,4.2095394,4.511526,0.055633485,3.5167906
0.049057007,-13.822144,2.169098,3.8947186,4.9516726,3.3615072,3.4261038,-0.5416266,3.56517
-0.6305084,-10.095322,0.36968994,2.2661564,4.5244627,1.5243795,1.3612211,-1.2849662,4.864394
-0.30508423,-9.109482,-0.022735596,0.5113221,-1.6079426,1.3811073,1.5095758,1.3368874,10.636288
0.447464,-7.7886353,-0.71784973,0.13490033,-4.878151,2.4948092,2.7097063,3.5499163,12.983787
0.8757782,-7.162918,-4.4063873,0.34325433,-11.624096,4.7278066,6.310501,7.911866,17.234274
0.93917847,-6.6185455,-5.684143,-1.6645525,-8.091042,3.259241,-5.7192607,-4.34277,15.03051
1.0001984,-4.2544403,-6.24527,-3.16414,-6.259133,2.2439432,0.6612817,5.8698063,14.203454
2.6105652,-4.2795563,-5.1230316,-6.27704,-2.9052057,-0.2863989,-4.1485505,4.1000147,13.535305
2.0733795,-4.3238373,-3.5844421,-2.6783285,-0.3863697,1.7594476,0.0035290718,-3.2243223,9.657948
0.34695435,-4.7042847,-0.46899414,-0.027837992,0.7396951,2.2455482,-0.9903786,-1.057521,7.9381723
1.1473541,-6.22612,-0.49650574,0.1262734,3.1272879,1.8752084,-0.6686199,0.008857489,6.2198486
1.8089752,-8.276779,-3.1896362,-0.72648716,1.2119756,2.0511937,-0.45107877,1.3554199,7.7662015
2.292328,-10.613358,-5.83609,-0.3214394,0.2716961,1.2475753,0.044864416,0.96893716,8.916295
2.8187408,-13.593628,-5.724823,1.3577428,-0.6687565,-0.7640786,1.1140904,-1.0020843,10.599838
2.025528,-13.385452,-5.4424744,2.7555425,1.0866251,-0.761899,1.629544,-2.4427176,8.951095
0.76690674,-13.275375,-5.4640045,1.8429836,2.688527,0.33253765,0.7731472,-1.7056904,7.118117
0.3900299,-12.504898,1.5014954,1.3950245,3.5176773,1.5159922,0.64687157,-0.85037804,5.872595
-0.36968994,-10.106079,4.466202,0.9753107,4.71319,6.709408,-3.3105972,-1.229132,2.3426883
-0.5647125,-10.679169,4.5140533,0.13169414,4.6368246,7.413328,1.7907937,3.6900802,2.083226
1.573288,-11.934204,1.6618195,-1.0035884,2.7554235,7.385706,1.5733364,4.9023366,3.7535586
1.2669983,-9.18605,2.9802551,-2.5349402,-0.14903831,3.1994796,3.6553166,1.5756464,8.889698
1.1976013,-7.348358,1.2669983,-2.656272,1.66891,1.1838961,0.0,0.0,0.0
1.0253296,-6.250046,-0.2907257,-2.8718436,2.7488575,-0.33730102,0.0,0.0,0.0
1.0061798,-5.5501556,-1.0504456,-2.9239552,3.4290333,-0.7364591,0.0,0.0,0.0
0.6927185,-5.4915314,-2.7673035,-3.3027377,3.4557724,-2.3768265,0.0,0.0,0.0
2.2875366,-7.203598,-7.613968,-1.7756467,1.7215004,-7.6735783,0.0,0.0,0.0
1.0205383,-5.412567,-7.5194397,-3.066186,3.4868517,-8.038488,0.0,0.0,0.0
1.3088684,-6.9882355,-5.5788727,-2.7948437,1.8882132,-6.3127656,0.0,0.0,0.0
1.9142609,-9.327225,-3.427719,-2.2099853,-0.4593048,-4.1495123,0.0,0.0,0.0
2.1128693,-9.442078,-2.4538422,-2.032268,-0.5824547,-3.1576204,0.0,0.0,0.0
2.6811523,-10.43869,-0.94277954,-1.4691567,-1.5805779,-1.6349924,0.0,0.0,0.0
3.2183533,-11.77269,-0.046661377,-0.95644283,-2.9139032,-0.5598518,0.0,0.0,0.0
4.3334045,-12.302704,0.23808289,0.12603855,-3.4490137,-0.045881003,0.0,0.0,0.0
4.463806,-12.330215,-1.1688995,0.22625351,-3.4873705,-1.3016647,0.0,0.0,0.0
2.428711,-12.727417,-1.0337067,-1.853291,-3.9059687,-1.163749,0.0,0.0,0.0
0.8674011,-10.322632,1.5720825,-3.440545,-1.5129023,1.5468332,0.0,0.0,0.0
1.4919281,-10.699509,2.3330078,-2.8178287,-1.8908863,2.400507,0.0,0.0,0.0
0.46540833,-11.803787,3.0197449,-3.7530055,-2.970909,3.616095,0.0,0.0,0.0
0.100494385,-12.275177,2.884552,-4.0318327,-3.440259,3.9036155,0.0,0.0,0.0
-1.3997955,-13.432114,2.8941193,-5.483887,-4.5897503,4.035693,0.0,0.0,0.0
-2.0745697,-11.85524,1.7395782,-6.1039395,-2.9831133,2.8440907,0.0,0.0,0.0
-1.8783722,-10.7521515,0.7501526,-5.754921,-1.7977648,1.7308247,0.0,0.0,0.0
-0.96191406,-9.534195,-0.9654999,-4.702796,-0.5144882,-0.059361935,0.0,0.0,0.0
1.1700897,-7.7395782,-3.303299,-2.3430636,1.3662386,-2.348187,0.0,0.0,0.0
1.4201355,-6.8973083,-3.5365906,-1.9500282,2.244585,-2.4238582,0.0,0.0,0.0
1.9968109,-4.864609,-4.8275146,-1.2600942,4.2903986,-3.505095,0.0,0.0,0.0
1.7001038,-4.823929,-5.3168488,-1.4390268,4.3396997,-3.785786,0.0,0.0,0.0
1.2921295,-4.097702,-4.1036835,-1.8242505,5.045223,-2.4109113,0.0,0.0,0.0
0.4857483,-4.256836,-0.72024536,-2.625646,4.8456116,1.1863393,0.0,0.0,0.0
0.3397827,-4.626526,0.15911865,-2.7780566,4.4321117,2.2544818,0.0,0.0,0.0
0.5670929,-6.130417,-0.10169983,-2.5745926,2.8859205,2.1356785,0.0,0.0,0.0
2.7517395,-7.348358,-4.543976,-0.4250543,1.6860752,-2.4327285,0.0,0.0,0.0
2.6967163,-12.033508,-6.0012054,-0.53927493,-3.0204496,-3.8885021,0.0,0.0,0.0
3.2662048,-14.288742,-6.18425,-0.063580036,-5.366865,-3.842664,0.0,0.0,0.0
1.3280182,-13.5673065,-5.694916,-2.0023007,-4.6653976,-3.2792625,0.0,0.0,0.0
1.2430725,-11.688934,-4.874176,-2.0799074,-2.7959385,-2.4159603,0.0,0.0,0.0
1.0827484,-12.025131,-1.7371826,-2.2787158,-3.1835327,0.8506911,0.0,0.0,0.0
0.09211731,-11.395813,3.9589233,-3.3544137,-2.6407242,6.7230225,0.0,0.0,0.0
-0.025131226,-12.440277,5.1852417,-3.7220771,-3.7461014,7.8147445,0.0,0.0,0.0
0.3864441,-13.41655,4.307083,-3.4425986,-4.658128,6.4977164,0.0,0.0,0.0
4.401596,-13.350754,3.098709,0.4881351,-4.4474487,4.358219,0.0,0.0,0.0
3.2996979,-12.90329,5.7882385,-0.65345836,-3.96517,6.596304,0.0,0.0,0.0
1.0695953,-11.531006,7.147354,-2.9123077,-2.5850801,7.681429,0.0,0.0,0.0
-1.2634125,-10.098907,6.2081757,-5.2076006,-1.1204443,6.1771007,0.0,0.0,0.0
-1.3674927,-7.672592,2.2301178,-5.106848,1.3836603,1.8155205,0.0,0.0,0.0
-0.16270447,-4.577469,-2.1750793,-3.4288497,4.6340513,-2.9816701,0.0,0.0,0.0
1.8604126,-3.1405792,-3.4695892,-1.0936592,6.1737747,-4.2982335,0.0,0.0,0.0
1.1868439,-5.38266,-6.8518524,-1.8357084,3.91296,-7.643059,0.0,0.0,0.0
0.0035858154,-5.5872345,-8.751755,-3.2947724,3.6103582,-9.5857315,0.0,0.0,0.0
1.0995026,-6.5491486,-5.1050873,-2.326776,2.5813637,-6.13695,0.0,0.0,0.0
3.4384918,-6.509674,-0.08973694,-0.035656452,2.590705,-1.2227777,0.0,0.0,0.0
3.723236,-8.428711,0.33259583,0.23288298,0.6711483,-0.75386393,0.0,0.0,0.0
2.8630066,-9.495911,-0.19142151,-0.64681196,-0.3962574,-1.2150754,0.0,0.0,0.0
2.5435638,-10.025925,-0.9954071,-0.9937141,-0.9363661,-2.014223,0.0,0.0,0.0
0.6161499,-11.915054,-1.0145569,-2.93715,-2.8383636,-2.0907269,0.0,0.0,0.0
0.41874695,-12.443878,-1.9178467,-3.154441,-3.3792753,-3.029463,0.0,0.0,0.0
3.213562,-12.001205,-2.499298,-0.38637137,-2.9429922,-3.5761569,0.0,0.0,0.0
2.958725,-11.290527,-1.9585266,-0.6671133,-2.2277107,-2.9014113,0.0,0.0,0.0
0.3134613,-11.921036,1.1700897,-3.3739123,-2.8642492,0.42963588,0.0,0.0,0.0
-1.0743713,-11.272583,2.7924194,-4.8078737,-2.2193222,2.272971,0.0,0.0,0.0
-0.79441833,-10.996216,3.2638092,-4.564969,-1.9451838,3.0845098,0.0,0.0,0.0
0.2416687,-12.096909,4.2137604,-3.5595908,-3.0646505,4.5867586,0.0,0.0,0.0
-1.5661011,-14.212173,5.3312073,-5.3979044,-5.209713,5.997067,0.0,0.0,0.0
-1.886734,-13.430908,4.718643,-5.7358146,-4.450038,5.5546627,0.0,0.0,0.0
-1.6977081,-11.825333,3.640686,-5.46706,-2.8159838,4.5317564,0.0,0.0,0.0
-1.0935211,-10.113266,1.9202423,-4.7742825,-1.0646715,2.7835693,0.0,0.0,0.0
-0.29431152,-8.774475,0.010772705,-3.890024,0.3112688,0.8417386,0.0,0.0,0.0
1.0061798,-8.123627,-2.2636108,-2.486553,0.9987869,-1.3959849,0.0,0.0,0.0
2.769699,-7.235901,-5.58844,-0.6379764,1.9068546,-4.604491,0.0,0.0,0.0
1.6331024,-4.520035,-6.1004944,-1.685013,4.632736,-4.9226685,0.0,0.0,0.0
1.6857452,-4.778473,-5.5334015,-1.5496798,4.3718185,-4.128206,0.0,0.0,0.0
0.3517456,-4.4494476,-2.6979065,-2.776217,4.7042446,-1.0866444,0.0,0.0,0.0
-0.41036987,-4.5104675,0.87457275,-3.5018802,4.6202087,2.6755977,0.0,0.0,0.0
-0.55274963,-4.738983,1.4356995,-3.5573661,4.355071,3.543029,0.0,0.0,0.0
1.3040924,-6.2979126,-1.758728,-1.5939748,2.8090172,0.44023323,0.0,0.0,0.0
3.0293121,-8.864212,-7.3663025,0.2431128,0.28593636,-5.202449,0.0,0.0,0.0
3.1609192,-11.163712,-7.895111,0.45083427,-1.9890127,-5.738558,0.0,0.0,0.0
3.2315063,-12.806381,-5.6147614,0.5089021,-3.670928,-3.312306,0.0,0.0,0.0
0.8829498,-13.484756,-3.0221405,-1.9514403,-4.3939705,-0.67816114,0.0,0.0,0.0
0.8542328,-12.884155,-3.8249207,-2.1506925,-3.8521404,-1.4662097,0.0,0.0,0.0
1.5218353,-13.405792,-1.6953125,-1.5375245,-4.3916893,0.6619432,0.0,0.0,0.0
-0.22372437,-11.125427,5.3479614,-3.3660893,-2.193637,7.901205,0.0,0.0,0.0
-0.6628113,-11.791824,5.370697,-3.9938457,-2.9689083,8.059704,0.0,0.0,0.0
0.6017914,-16.27359,3.3200378,-3.0420787,-7.503537,5.76519,0.0,0.0,0.0
2.210968,-15.157333,3.2458649,-1.502017,-6.32668,5.3443613,0.0,0.0,0.0
2.9324036,-11.132614,3.9242249,-0.8067982,-2.2215462,5.5920463,0.0,0.0,0.0
2.560318,-9.321243,3.1178436,-1.2166815,-0.37752247,4.5015044,0.0,0.0,0.0
0.7800598,-8.708679,2.4933167,-3.0185282,0.2718382,3.5380273,0.0,0.0,0.0
0.5024872,-7.442871,1.4979095,-3.2274234,1.6143904,1.9713823,0.0,0.0,0.0
0.08135986,-6.300308,0.50608826,-3.5591085,2.803975,0.6775757,0.0,0.0,0.0
0.88653564,-5.3240356,-1.0887299,-2.6158497,3.8344927,-1.2469511,0.0,0.0,0.0
1.4117584,-5.1110687,-3.4743805,-2.033164,4.067218,-3.7232811,0.0,0.0,0.0
-0.31585693,-4.7653046,-4.985443,-3.7570403,4.4137354,-5.257227,0.0,0.0,0.0
1.8317108,-6.1830597,-3.9768677,-1.6882746,2.9678488,-4.179246,0.0,0.0,0.0
2.876175,-6.880554,-3.3690948,-0.6883936,2.249301,-3.7007432,0.0,0.0,0.0
2.651245,-10.393219,-1.7946167,-0.940346,-1.2937756,-2.4809105,0.0,0.0,0.0
1.138977,-12.173492,-0.77168274,-2.4772325,-3.0933304,-1.5742211,0.0,0.0,0.0
0.8458557,-12.501297,-0.20458984,-2.771223,-3.4193583,-0.9827308,0.0,0.0,0.0
3.382248,-11.5681,-1.2873383,-0.15053988,-2.452589,-2.0601692,0.0,0.0,0.0
3.1202393,-12.147171,-1.0779724,-0.33967113,-3.0011587,-1.8195045,0.0,0.0,0.0
5.4676056,-11.91626,-1.277771,2.0947983,-2.72791,-1.8850489,0.0,0.0,0.0
2.1882324,-13.103104,1.7682953,-1.1473515,-3.8864298,1.4565164,0.0,0.0,0.0
0.119644165,-10.78804,3.2350922,-3.259925,-1.5832367,3.0919049,0.0,0.0,0.0
0.65682983,-10.46022,4.010376,-2.7562542,-1.2720737,4.325358,0.0,0.0,0.0
-0.3062744,-11.511871,3.7567291,-3.7061572,-2.3347092,4.381939,0.0,0.0,0.0
-2.4813538,-12.02034,2.6356964,-5.8789935,-2.8645763,3.5292382,0.0,0.0,0.0
-3.102295,-12.342178,2.4131622,-6.493374,-3.210475,3.5458412,0.0,0.0,0.0
-2.7218323,-12.232117,1.910675,-6.0594206,-3.0999765,3.189313,0.0,0.0,0.0
-1.0624084,-9.670593,0.45822144,-4.2823634,-0.51056194,1.8352153,0.0,0.0,0.0
-0.6006012,-8.991028,-0.026321411,-3.7714806,0.18548775,1.354793,0.0,0.0,0.0
0.8614197,-7.832901,-1.0588226,-2.1709318,1.3954544,0.2875383,0.0,0.0,0.0
0.5312042,-6.8410797,-1.9884338,-2.3814454,2.4280128,-0.65772796,0.0,0.0,0.0
0.38046265,-6.509674,-2.3114624,-2.4561498,2.7790775,-0.9538474,0.0,0.0,0.0
0.38046265,-6.509674,-2.3114624,-2.4561498,2.7790775,-0.9538474,0.0,0.0,0.0
0.38046265,-6.509674,-2.3114624,-2.4561498,2.7790775,-0.9538474,0.0,0.0,0.0
0.38046265,-6.509674,-2.3114624,-2.4561498,2.7790775,-0.9538474,0.0,0.0,0.0
0.38046265,-6.509674,-2.3114624,-2.4561498,2.7790775,-0.9538474,0.0,0.0,0.0
0.38046265,-6.509674,-2.3114624,-2.4561498,2.7790775,-0.9538474,0.0,0.0,0.0
0.38046265,-6.509674,-2.3114624,-2.4561498,2.7790775,-0.9538474,0.0,0.0,0.0
0.38046265,-6.509674,-2.3114624,-2.4561498,2.7790775,-0.9538474,0.0,0.0,0.0
0.38046265,-6.509674,-2.3114624,-2.4561498,2.7790775,-0.9538474,0.0,0.0,0.0
0.38046265,-6.509674,-2.3114624,-2.4561498,2.7790775,-0.9538474,0.0,0.0,0.0
0.38046265,-6.509674,-2.3114624,-2.4561498,2.7790775,-0.9538474,0.0,0.0,0.0
0.38046265,-6.509674,-2.3114624,-2.4561498,2.7790775,-0.9538474,0.0,0.0,0.0
0.38046265,-6.509674,-2.3114624,-2.4561498,2.7790775,-0.9538474,0.0,0.0,0.0
0.38046265,-6.509674,-2.3114624,-2.4561498,2.7790775,-0.9538474,0.0,0.0,0.0
0.38046265,-6.509674,-2.3114624,-2.4561498,2.7790775,-0.9538474,0.0,0.0,0.0
0.38046265,-6.509674,-2.3114624,-2.4561498,2.7790775,-0.9538474,0.0,0.0,0.0
0.38046265,-6.509674,-2.3114624,-2.4561498,2.7790775,-0.9538474,0.0,0.0,0.0
0.38046265,-6.509674,-2.3114624,-2.4561498,2.7790775,-0.9538474,0.0,0.0,0.0
0.38046265,-6.509674,-2.3114624,-2.4561498,2.7790775,-0.9538474,0.0,0.0,0.0
0.38046265,-6.509674,-2.3114624,-2.4561498,2.7790775,-0.9538474,0.0,0.0,0.0
0.38046265,-6.509674,-2.3114624,-2.4561498,2.7790775,-0.9538474,0.0,0.0,0.0
0.38046265,-6.509674,-2.3114624,-2.4561498,2.7790775,-0.9538474,0.0,0.0,0.0
0.38046265,-6.509674,-2.3114624,-2.4561498,2.7790775,-0.9538474,0.0,0.0,0.0
0.38046265,-6.509674,-2.3114624,-2.4561498,2.7790775,-0.9538474,0.0,0.0,0.0
0.38046265,-6.509674,-2.3114624,-2.4561498,2.7790775,-0.9538474,0.0,0.0,0.0
0.38046265,-6.509674,-2.3114624,-2.4561498,2.7790775,-0.9538474,0.0,0.0,0.0
0.38046265,-6.509674,-2.3114624,-2.4561498,2.7790775,-0.9538474,0.0,0.0,0.0
0.38046265,-6.509674,-2.3114624,-2.4561498,2.7790775,-0.9538474,0.0,0.0,0.0
0.38046265,-6.509674,-2.3114624,-2.4561498,2.7790775,-0.9538474,0.0,0.0,0.0
0.38046265,-6.509674,-2.3114624,-2.4561498,2.7790775,-0.9538474,0.0,0.0,0.0
0.38046265,-6.509674,-2.3114624,-2.4561498,2.7790775,-0.9538474,0.0,0.0,0.0
0.38046265,-6.509674,-2.3114624,-2.4561498,2.7790775,-0.9538474,0.0,0.0,0.0
0.38046265,-6.509674,-2.3114624,-2.4561498,2.7790775,-0.9538474,0.0,0.0,0.0
0.38046265,-6.509674,-2.3114624,-2.4561498,2.7790775,-0.9538474,0.0,0.0,0.0
0.38046265,-6.509674,-2.3114624,-2.4561498,2.7790775,-0.9538474,0.0,0.0,0.0
0.38046265,-6.509674,-2.3114624,-2.4561498,2.7790775,-0.9538474,0.0,0.0,0.0
0.38046265,-6.509674,-2.3114624,-2.4561498,2.7790775,-0.9538474,0.0,0.0,0.0
0.38046265,-6.509674,-2.3114624,-2.4561498,2.7790775,-0.9538474,0.0,0.0,0.0
0.38046265,-6.509674,-2.3114624,-2.4561498,2.7790775,-0.9538474,0.0,0.0,0.0
0.38046265,-6.509674,-2.3114624,-2.4561498,2.7790775,-0.9538474,0.0,0.0,0.0
0.38046265,-6.509674,-2.3114624,-2.4561498,2.7790775,-0.9538474,0.0,0.0,0.0
0.38046265,-6.509674,-2.3114624,-2.4561498,2.7790775,-0.9538474,0.0,0.0,0.0
0.38046265,-6.509674,-2.3114624,-2.4561498,2.7790775,-0.9538474,0.0,0.0,0.0
0.38046265,-6.509674,-2.3114624,-2.4561498,2.7790775,-0.9538474,0.0,0.0,0.0
0.38046265,-6.509674,-2.3114624,-2.4561498,2.7790775,-0.9538474,0.0,0.0,0.0
0.38046265,-6.509674,-2.3114624,-2.4561498,2.7790775,-0.9538474,0.0,0.0,0.0
0.38046265,-6.509674,-2.3114624,-2.4561498,2.7790775,-0.9538474,0.0,0.0,0.0
0.38046265,-6.509674,-2.3114624,-2.4561498,2.7790775,-0.9538474,0.0,0.0,0.0
0.38046265,-6.509674,-2.3114624,-2.4561498,2.7790775,-0.9538474,0.0,0.0,0.0
0.38046265,-6.509674,-2.3114624,-2.4561498,2.7790775,-0.9538474,0.0,0.0,0.0
0.38046265,-6.509674,-2.3114624,-2.4561498,2.7790775,-0.9538474,0.0,0.0,0.0
0.38046265,-6.509674,-2.3114624,-2.4561498,2.7790775,-0.9538474,0.0,0.0,0.0
0.38046265,-6.509674,-2.3114624,-2.4561498,2.7790775,-0.9538474,0.0,0.0,0.0
0.38046265,-6.509674,-2.3114624,-2.4561498,2.7790775,-0.9538474,0.0,0.0,0.0
0.38046265,-6.509674,-2.3114624,-2.4561498,2.7790775,-0.9538474,0.0,0.0,0.0
0.38046265,-6.509674,-2.3114624,-2.4561498,2.7790775,-0.9538474,0.0,0.0,0.0
0.38046265,-6.509674,-2.3114624,-2.4561498,2.7790775,-0.9538474,0.0,0.0,0.0
0.38046265,-6.509674,-2.3114624,-2.4561498,2.7790775,-0.9538474,0.0,0.0,0.0
0.38046265,-6.509674,-2.3114624,-2.4561498,2.7790775,-0.9538474,0.0,0.0,0.0
0.38046265,-6.509674,-2.3114624,-2.4561498,2.7790775,-0.9538474,0.0,0.0,0.0
0.38046265,-6.509674,-2.3114624,-2.4561498,2.7790775,-0.9538474,0.0,0.0,0.0
0.38046265,-6.509674,-2.3114624,-2.4561498,2.7790775,-0.9538474,0.0,0.0,0.0
0.38046265,-6.509674,-2.3114624,-2.4561498,2.7790775,-0.9538474,0.0,0.0,0.0
0.38046265,-6.509674,-2.3114624,-2.4561498,2.7790775,-0.9538474,0.0,0.0,0.0
0.38046265,-6.509674,-2.3114624,-2.4561498,2.7790775,-0.9538474,0.0,0.0,0.0
0.38046265,-6.509674,-2.3114624,-2.4561498,2.7790775,-0.9538474,0.0,0.0,0.0
0.38046265,-6.509674,-2.3114624,-2.4561498,2.7790775,-0.9538474,0.0,0.0,0.0
0.38046265,-6.509674,-2.3114624,-2.4561498,2.7790775,-0.9538474,0.0,0.0,0.0
0.38046265,-6.509674,-2.3114624,-2.4561498,2.7790775,-0.9538474,0.0,0.0,0.0
0.38046265,-6.509674,-2.3114624,-2.4561498,2.7790775,-0.9538474,0.0,0.0,0.0
0.38046265,-6.509674,-2.3114624,-2.4561498,2.7790775,-0.9538474,0.0,0.0,0.0
0.38046265,-6.509674,-2.3114624,-2.4561498,2.7790775,-0.9538474,0.0,0.0,0.0
0.38046265,-6.509674,-2.3114624,-2.4561498,2.7790775,-0.9538474,0.0,0.0,0.0
0.38046265,-6.509674,-2.3114624,-2.4561498,2.7790775,-0.9538474,0.0,0.0,0.0
0.38046265,-6.509674,-2.3114624,-2.4561498,2.7790775,-0.9538474,0.0,0.0,0.0
0.38046265,-6.509674,-2.3114624,-2.4561498,2.7790775,-0.9538474,0.0,0.0,0.0
0.38046265,-6.509674,-2.3114624,-2.4561498,2.7790775,-0.9538474,0.0,0.0,0.0
0.38046265,-6.509674,-2.3114624,-2.4561498,2.7790775,-0.9538474,0.0,0.0,0.0
0.38046265,-6.509674,-2.3114624,-2.4561498,2.7790775,-0.9538474,0.0,0.0,0.0
0.38046265,-6.509674,-2.3114624,-2.4561498,2.7790775,-0.9538474,0.0,0.0,0.0
0.38046265,-6.509674,-2.3114624,-2.4561498,2.7790775,-0.9538474,0.0,0.0,0.0
0.38046265,-6.509674,-2.3114624,-2.4561498,2.7790775,-0.9538474,0.0,0.0,0.0
0.38046265,-6.509674,-2.3114624,-2.4561498,2.7790775,-0.9538474,0.0,0.0,0.0
0.38046265,-6.509674,-2.3114624,-2.4561498,2.7790775,-0.9538474,0.0,0.0,0.0
0.38046265,-6.509674,-2.3114624,-2.4561498,2.7790775,-0.9538474,0.0,0.0,0.0
0.38046265,-6.509674,-2.3114624,-2.4561498,2.7790775,-0.9538474,0.0,0.0,0.0
0.38046265,-6.509674,-2.3114624,-2.4561498,2.7790775,-0.9538474,0.0,0.0,0.0
0.38046265,-6.509674,-2.3114624,-2.4561498,2.7790775,-0.9538474,0.0,0.0,0.0
0.38046265,-6.509674,-2.3114624,-2.4561498,2.7790775,-0.9538474,0.0,0.0,0.0
0.38046265,-6.509674,-2.3114624,-2.4561498,2.7790775,-0.9538474,0.0,0.0,0.0
0.38046265,-6.509674,-2.3114624,-2.4561498,2.7790775,-0.9538474,0.0,0.0,0.0
0.38046265,-6.509674,-2.3114624,-2.4561498,2.7790775,-0.9538474,0.0,0.0,0.0
0.38046265,-6.509674,-2.3114624,-2.4561498,2.7790775,-0.9538474,0.0,0.0,0.0
0.38046265,-6.509674,-2.3114624,-2.4561498,2.7790775,-0.9538474,0.0,0.0,0.0
0.38046265,-6.509674,-2.3114624,-2.4561498,2.7790775,-0.9538474,0.0,0.0,0.0
0.38046265,-6.509674,-2.3114624,-2.4561498,2.7790775,-0.9538474,0.0,0.0,0.0
0.38046265,-6.509674,-2.3114624,-2.4561498,2.7790775,-0.9538474,0.0,0.0,0.0
0.38046265,-6.509674,-2.3114624,-2.4561498,2.7790775,-0.9538474,0.0,0.0,0.0
0.38046265,-6.509674,-2.3114624,-2.4561498,2.7790775,-0.9538474,0.0,0.0,0.0
0.38046265,-6.509674,-2.3114624,-2.4561498,2.7790775,-0.9538474,0.0,0.0,0.0
0.38046265,-6.509674,-2.3114624,-2.4561498,2.7790775,-0.9538474,0.0,0.0,0.0
0.38046265,-6.509674,-2.3114624,-2.4561498,2.7790775,-0.9538474,0.0,0.0,0.0
0.38046265,-6.509674,-2.3114624,-2.4561498,2.7790775,-0.9538474,0.0,0.0,0.0
0.38046265,-6.509674,-2.3114624,-2.4561498,2.7790775,-0.9538474,0.0,0.0,0.0
0.38046265,-6.509674,-2.3114624,-2.4561498,2.7790775,-0.9538474,0.0,0.0,0.0
0.38046265,-6.509674,-2.3114624,-2.4561498,2.7790775,-0.9538474,0.0,0.0,0.0
0.38046265,-6.509674,-2.3114624,-2.4561498,2.7790775,-0.9538474,0.0,0.0,0.0
0.38046265,-6.509674,-2.3114624,-2.4561498,2.7790775,-0.9538474,0.0,0.0,0.0
0.38046265,-6.509674,-2.3114624,-2.4561498,2.7790775,-0.9538474,0.0,0.0,0.0
0.38046265,-6.509674,-2.3114624,-2.4561498,2.7790775,-0.9538474,0.0,0.0,0.0
0.38046265,-6.509674,-2.3114624,-2.4561498,2.7790775,-0.9538474,0.0,0.0,0.0
0.38046265,-6.509674,-2.3114624,-2.4561498,2.7790775,-0.9538474,0.0,0.0,0.0
0.38046265,-6.509674,-2.3114624,-2.4561498,2.7790775,-0.9538474,0.0,0.0,0.0
0.38046265,-6.509674,-2.3114624,-2.4561498,2.7790775,-0.9538474,0.0,0.0,0.0
0.38046265,-6.509674,-2.3114624,-2.4561498,2.7790775,-0.9538474,0.0,0.0,0.0
0.38046265,-6.509674,-2.3114624,-2.4561498,2.7790775,-0.9538474,0.0,0.0,0.0
0.38046265,-6.509674,-2.3114624,-2.4561498,2.7790775,-0.9538474,0.0,0.0,0.0
0.38046265,-6.509674,-2.3114624,-2.4561498,2.7790775,-0.9538474,0.0,0.0,0.0
0.38046265,-6.509674,-2.3114624,-2.4561498,2.7790775,-0.9538474,0.0,0.0,0.0
0.38046265,-6.509674,-2.3114624,-2.4561498,2.7790775,-0.9538474,0.0,0.0,0.0
0.38046265,-6.509674,-2.3114624,-2.4561498,2.7790775,-0.9538474,0.0,0.0,0.0
0.38046265,-6.509674,-2.3114624,-2.4561498,2.7790775,-0.9538474,0.0,0.0,0.0
0.38046265,-6.509674,-2.3114624,-2.4561498,2.7790775,-0.9538474,0.0,0.0,0.0
0.38046265,-6.509674,-2.3114624,-2.4561498,2.7790775,-0.9538474,0.0,0.0,0.0
0.38046265,-6.509674,-2.3114624,-2.4561498,2.7790775,-0.9538474,0.0,0.0,0.0
0.38046265,-6.509674,-2.3114624,-2.4561498,2.7790775,-0.9538474,0.0,0.0,0.0
0.38046265,-6.509674,-2.3114624,-2.4561498,2.7790775,-0.9538474,0.0,0.0,0.0
-0.3397827,-5.4269257,2.712265,-3.1763952,3.861826,4.06988,0.0,0.0,0.0
2.745758,-11.07518,-12.198608,1.1700026,-2.7424088,-7.273947,0.0,0.0,0.0
2.7840424,-13.154541,-9.273376,0.7069676,-4.5242805,-5.105073,0.0,0.0,0.0
1.0073853,-14.268402,-4.359726,-1.9450216,-6.461188,0.7881942,0.0,0.0,0.0
0.9403839,-11.499908,-5.1876373,-2.1887746,-4.2590094,0.6388655,0.0,0.0,0.0
0.81355286,-11.727219,-5.806183,-2.0302603,-4.0776715,-0.36857843,0.0,0.0,0.0
-0.5312042,-11.452042,3.1142578,-3.1738238,-3.382183,8.019799,0.0,0.0,0.0
-0.86979675,-10.424332,5.3120728,-3.393435,-2.0072165,9.665669,0.0,0.0,0.0
-0.31106567,-11.647064,3.8273163,-2.7511942,-2.9344177,7.6096377,0.0,0.0,0.0
1.6977081,-13.39502,0.35772705,-0.64797807,-4.4751587,3.6900268,0.0,0.0,0.0
1.8089752,-13.311279,1.4333038,-0.4326315,-4.209448,4.3146667,0.0,0.0,0.0
1.6187439,-11.850449,3.0149536,-0.58339095,-2.6062517,5.4368973,0.0,0.0,0.0
1.9333954,-10.13121,3.6382904,-0.2609985,-0.70946217,5.246294,0.0,0.0,0.0
1.1605225,-8.685944,2.8079834,-1.0072505,0.813735,3.9157948,0.0,0.0,0.0
0.58265686,-7.708481,1.4416809,-1.5780492,1.8318453,2.137324,0.0,0.0,0.0
0.30508423,-7.002594,0.08734131,-1.9377041,2.5413313,0.31925786,0.0,0.0,0.0
1.138977,-6.2596283,-1.3351898,-1.1699438,3.2713127,-1.3142382,0.0,0.0,0.0
