0.574,-15.877,-6.857,0.065699816,0.1733141,0.043522835,0.041097444,0.118974276,9.949494
0.928,-15.532,-7.128,0.047234178,0.14200068,-0.005166054,0.011643291,0.119288616,9.89641
0.452,-11.426,-7.556,-0.13628507,0.049729824,-0.08749151,-0.16678903,0.029282767,9.801609
-2.757,-7.267,-6.391,0.009934902,0.16361666,-0.38539648,-0.1771922,0.34769812,9.654635
-6.266,-2.743,-5.87,-0.024063468,0.25298166,-0.30086374,-0.19157375,0.34313962,9.781099
-8.819,-0.861,-3.993,-0.0277884,0.17359924,0.36133337,0.084078714,-0.1113749,10.1834755
-8.296,-1.201,-2.348,-0.092181444,0.057384014,0.44727516,0.083473794,-0.26899183,10.170685
-6.659,-1.828,-3.012,-0.17387903,0.029729366,0.34085608,-0.02648974,-0.25769675,10.089833
-4.842,-1.697,-2.004,-0.20157743,0.11607885,-0.055558205,-0.22563623,0.028553512,9.880592
-0.655,-2.295,1.313,-0.2007612,0.46931314,-0.11966944,-0.31917712,0.30907243,10.085003
1.048,-6.246,1.953,-0.07005012,0.537395,0.63988876,0.0849641,-0.046852957,10.639563
-0.817,-11.965,-1.169,-0.002513051,0.36975956,0.7653799,0.22797857,-0.20918767,10.598357
4.048,-19.614,3.897,-0.06212616,0.1548438,0.4741783,0.101499565,-0.20548986,10.254032
0.576,-19.614,0.885,-0.059063554,0.18818617,0.51603365,0.1146085,-0.20656428,10.30604
-4.382,-19.421,-6.434,-0.25077474,0.34018755,-0.13979769,-0.34675148,0.2125081,9.987655
-4.528,-17.726,-3.513,-0.21941698,0.40270662,-0.10896683,-0.3188287,0.24962868,10.047947
-3.22,-16.305,-2.071,-0.090860486,0.43537855,0.46843338,0.018095186,-0.02159476,10.451976
0.649,-14.75,-5.791,-0.030150414,0.39864826,0.7605796,0.19502985,-0.19703786,10.6199465
-1.316,-16.318,-8.546,0.03436637,0.40912676,0.3110385,0.072882704,0.106707856,10.305262
-0.307,-16.49,-7.317,0.040629506,0.4686308,0.14358902,2.6451817E-4,0.2505286,10.229873
0.284,-7.415,-1.704,0.03821957,0.4404273,0.42403936,0.1146413,0.06190684,10.405208
-0.469,-1.277,-0.63,0.025370836,0.30303,0.2918334,0.07799432,0.04205533,10.218702
0.67,0.316,-1.75,0.023320317,0.21457672,0.36758566,0.12359175,-0.064459495,10.209484
1.016,-1.5,-2.865,0.008256316,0.22950792,0.65202904,0.21967188,-0.23095305,10.4200735
1.519,-1.106,-1.711,-0.0139917135,0.31592464,0.39123678,0.07946255,-0.024911636,10.302771
1.714,1.164,-1.47,0.011117697,0.4153924,0.16314697,-0.008381034,0.19025798,10.210411
1.442,4.064,-2.897,0.020956278,0.4203925,0.37789536,0.084440105,0.06891424,10.361712
-0.21,6.63,-2.144,-0.007758975,0.35371208,0.33028316,0.053343464,0.040026836,10.286037
-0.975,9.752,-1.42,-0.08036399,0.24594879,0.28401184,-0.008417541,-0.03602736,10.189068
-2.32,4.473,-0.963,-0.112976074,0.16602421,0.17771006,-0.063768744,-0.04040227,10.063962
-4.882,-5.225,-2.598,-0.11359739,0.08768654,0.04858446,-0.099934496,-0.01655399,9.9193125
2.671,-16.854,-7.252,-0.12731409,0.15809345,-0.048901558,-0.16468218,0.0844794,9.903277
13.847,-19.614,-8.156,-0.046366096,0.26304102,0.274652,0.015239281,-0.0044548684,10.189432
-8.022,-6.359,5.915,0.0027222633,0.23910427,0.38873482,0.108983845,-0.06895786,10.244439
-8.022,-6.359,5.915,0.03480208,0.2633257,0.26243877,0.08280618,0.036738094,10.168893
-8.022,-6.359,5.915,-0.0011073351,0.3125353,0.39586735,0.093652844,-0.024503237,10.301643
-8.022,-6.359,5.915,-0.15731394,0.21832037,0.27725697,-0.07437403,-0.08250534,10.17671
-8.022,-6.359,5.915,-0.2571491,0.16688347,-0.19989586,-0.34241217,0.12792198,9.824644
-8.022,-6.359,5.915,-0.22913122,0.11860561,-0.26685524,-0.334299,0.14682797,9.739822
0.179,-6.659,-3.091,-0.1867578,0.08260536,0.009346962,-0.18007909,-0.026417365,9.899725
-3.844,-9.244,-3.299,-0.122175336,0.17492914,-0.09199715,-0.18033567,0.12429318,9.884242
-3.89,-9.567,-3.134,-0.056390405,0.32055712,0.12072039,-0.0663281,0.12350351,10.124231
-1.979,-9.914,-2.264,-0.013577938,0.3842106,0.5686822,0.13568054,-0.08354034,10.474342
-0.657,-9.956,-1.734,-0.123492,0.2882061,0.6121917,0.07293569,-0.22103772,10.453887
1.615,-6.422,-1.923,-0.20975268,0.0674448,0.57239103,0.024250746,-0.38452503,10.283859
1.968,-4.469,-1.812,-0.21361291,0.021152496,-0.07890034,-0.22696747,-0.027004179,9.798918
0.626,-6.323,-1.944,-0.1867522,0.16723585,-0.6127882,-0.44331142,0.40427038,9.526663
-0.161,-7.895,-2.379,-0.1489557,0.45357466,-0.50985956,-0.4261338,0.5532721,9.793404
-0.099,-8.084,-1.71,-0.09270668,0.58828354,0.035954,-0.18790704,0.3414472,10.25839
0.541,-8.224,-2.058,0.0049717426,0.50247765,0.6766019,0.16844094,-0.058950506,10.630331
-0.631,-9.33,-3.441,-0.016939402,0.36410093,0.78926563,0.2208424,-0.22988467,10.615462
-1.828,-10.28,-4.168,-0.09072614,0.27050972,0.72044563,0.14677234,-0.283839,10.512584
-2.591,-9.72,-4.24,-0.09283948,0.24714518,0.30923033,-0.0122398585,-0.055463012,10.209263
-4.416,-8.455,-2.382,-0.12961113,0.30156803,-0.29753637,-0.29647192,0.32839972,9.829641
-4.895,-8.496,-1.864,-0.06692302,0.44546652,-0.19394302,-0.22991835,0.39070633,9.993785
-3.981,-11.061,-4.501,-0.009565353,0.5794158,-0.043875217,-0.14812076,0.4161972,10.184247
-4.246,-15.853,-0.514,-0.0021344423,0.6150603,-0.08707857,-0.1670886,0.4689969,10.178147
-3.686,-17.007,-0.055,-0.02647698,0.62523365,0.17824316,-0.08698855,0.30678403,10.373841
-2.038,-14.682,-0.174,-0.06337118,0.60239744,0.5582442,0.033961087,0.049610555,10.628186
1.809,-13.851,0.493,-0.040572524,0.4946766,0.8117137,0.17647256,-0.16403309,10.727075
3.595,-11.714,0.506,-0.16868865,0.34611225,0.8250551,0.09931621,-0.3273857,10.650405
3.046,-12.291,-0.448,-0.409294,0.2283907,0.6412549,-0.16243336,-0.40047163,10.473081
0.161,-17.479,-0.724,-0.3092116,0.27537727,0.42388391,-0.1682922,-0.19669534,10.339672
-2.748,-19.417,1.746,-0.15983975,0.28944254,0.043301105,-0.1878882,0.10280006,10.062249
-4.325,-16.763,2.333,-0.027516484,0.26625633,-0.07503986,-0.11174661,0.213834,9.944737
-5.479,-16.985,1.304,0.18881512,0.37857914,0.09251785,0.12270976,0.28288254,10.11071
-4.972,-17.958,1.144,0.4329142,0.37701178,0.15932465,0.36689004,0.34685567,10.1229105
-2.32,-16.769,-1.051,0.618265,0.32347584,0.29171467,0.5968614,0.3104583,10.152132
2.756,-10.611,-1.347,0.6730046,0.35488224,0.55042744,0.7426651,0.19851746,10.345989
3.943,-5.049,-0.271,0.12055457,0.26875448,0.63634634,0.30155486,-0.14749528,10.422288
2.692,-4.99,0.827,0.103946686,-0.0443058,-0.25156355,0.0037704243,0.16438213,9.585253
2.049,-6.101,-0.843,-0.47882164,0.53781605,-0.27909803,-0.6457223,0.338587,10.061236
1.134,-7.618,-2.804,-0.089613676,0.10413885,-0.02955389,-0.112348795,0.05259582,9.872682
0.079,-8.709,-2.521,-0.3543675,0.07030153,-0.094341755,-0.36959624,-0.038026508,9.843686
-0.271,-7.087,-1.665,-0.50050974,0.052444458,0.10265303,-0.42222798,-0.22868346,9.988929
0.677,-4.36,-1.504,-0.7290524,0.30650377,0.41792965,-0.5578023,-0.3453621,10.414687
1.63,-2.845,-2.43,-0.7514529,0.5901518,0.37023115,-0.65870136,-0.14674732,10.57776
1.942,-3.071,-3.696,-0.88875175,0.7196264,0.26276064,-0.8588413,-0.0706442,10.603007
0.146,-4.318,-5.009,-0.77998173,0.95731735,0.0119485855,-0.92501456,0.26102468,10.58201
-0.865,-4.091,-4.904,-0.49804044,1.1784115,-0.08497715,-0.78733087,0.55709,10.651446
-1.336,-2.113,-4.606,-0.3128656,1.4154787,0.09004831,-0.634659,0.65943736,10.934446
-1.055,-0.628,-5.972,-0.34239703,1.3474736,0.7965307,-0.40513083,0.10268941,11.353488
-1.189,-1.048,-7.479,0.6546544,1.2338796,1.0907569,0.5838139,0.27760836,11.456765
-3.114,-2.203,-8.573,0.7370268,0.97225857,0.9447684,0.6625517,0.20986736,11.184353
-4.42,-2.994,-9.234,0.2554419,0.6606002,0.67558336,0.24834257,-0.01974345,10.753219
-3.393,-3.544,-9.827,-0.054189205,0.1177721,0.5757947,0.1267046,-0.39614597,10.225411
-2.503,-3.693,-9.132,-0.17015862,-0.07960987,0.4475999,0.04637427,-0.4530682,9.974628
-4.407,-5.768,-11.615,-0.2703758,-0.11709213,0.3498745,-0.06431024,-0.4486517,9.868305
-6.587,-12.192,-17.561,0.010680079,-0.18004894,0.6936145,0.32536945,-0.6032306,10.016127
-1.88,-18.465,-15.344,-0.2375722,-0.25012493,0.35234165,0.008432211,-0.48886925,9.742746
7.237,-5.341,-9.728,-0.43043286,-0.30080128,0.27946424,-0.16973647,-0.5427095,9.63198
4.613,2.97,-10.267,-0.25873494,-0.22937965,0.447196,0.0150397755,-0.56482846,9.789752
-0.693,0.534,4.089,-0.33183074,-0.34213352,0.5145006,0.012256355,-0.6936157,9.70357
0.92,-9.709,-4.638,-0.5978718,-0.41996288,-0.11628771,-0.42421627,-0.33009788,9.298302
1.012,-17.556,-7.4,-0.60362405,-0.26506424,-0.4475503,-0.6017532,-0.0013145134,9.284335
-1.477,-17.719,-6.556,-0.5406328,-0.26239967,-0.5692172,-0.5922632,0.13371454,9.244076
-0.703,-8.936,-2.686,-0.29975927,-0.030265808,-0.76937485,-0.5323496,0.48699397,9.403971
2.39,-4.245,-1.868,0.30262864,0.23680592,-0.55164695,-0.019589921,0.6714618,9.833681
4.25,-4.019,-2.74,0.41444933,0.16818142,0.12254572,0.34677994,0.14444591,10.0785885
3.289,-7.754,-3.757,-0.070246935,-0.10307598,0.01823616,-0.018804736,-0.07868567,9.70997
1.592,-10.261,-1.448,-0.5685036,-0.17080688,-0.9637599,-0.7892815,0.4857978,9.156852
-3.696,-10.264,-3.875,-0.6102264,0.077599525,-1.8814054,-1.2531347,1.3040489,9.002165
-8.717,-12.677,-5.925,-0.18785644,0.40680122,-2.5398943,-1.2553756,2.1435637,9.113104
-11.751,-19.258,-4.529,0.16629314,0.14215088,-1.6557281,-0.5304575,1.498597,9.294676
-12.156,-19.614,-3.079,0.10586047,-0.028305054,-0.09175992,0.0660198,0.11991987,9.765566
-4.904,-19.272,-6.465,-0.018831491,0.2378931,0.6907878,0.15056969,-0.5166921,10.301112
4.554,-16.622,-8.567,1.335141,0.68550396,1.1211939,1.271478,-0.084811635,11.179874
4.054,-14.802,-7.351,1.8513768,0.686985,1.0415597,1.6667076,0.24320142,11.272029
-0.512,-8.732,-4.828,0.9407351,0.62267685,0.2616601,0.63998455,0.41993645,10.6757
-3.82,-1.352,-4.654,0.46899366,0.08080864,0.545269,0.5656669,-0.19198371,10.215266
-5.976,-0.376,-5.165,-0.16852498,-0.25764465,0.23939991,0.044859294,-0.35779265,9.658104
-6.074,-3.326,-7.194,-0.012896419,0.058470726,-0.9463787,-0.38168454,0.7674443,9.400984
-7.817,-4.411,-5.185,0.33355558,-0.024365425,-0.85817504,-0.021812519,0.8360425,9.420807
-7.552,-2.281,1.534,0.20792687,-0.2695341,-0.1397891,0.22512117,0.108906455,9.53668
-3.14,-1.152,1.367,-0.44832838,-0.23963451,0.41147804,-0.15591832,-0.63372374,9.763981
-2.147,-4.342,-0.527,-0.7644151,-0.08883381,0.78639555,-0.36085093,-0.997903,10.097539
-3.223,-10.855,-6.97,-0.9676908,-0.17822886,0.6540437,-0.5617694,-1.0291299,9.9524975
-4.469,-18.571,-3.07,-0.6326093,0.24289417,0.19352102,-0.563995,-0.31603584,10.087138
-5.78,-19.614,1.971,-0.1603947,0.56541634,0.12379265,-0.25822446,0.13133036,10.332787
-4.043,-19.512,-4.869,-0.24030456,0.7281742,0.41431808,-0.25900555,-0.006001347,10.63883
-4.861,-19.524,-4.285,-0.19300422,0.87638426,0.5938754,-0.17772974,-0.010564145,10.867917
-7.822,-19.614,-7.486,0.057661235,1.0920234,0.527513,-0.014104439,0.28113097,10.9876995
-8.357,-19.614,-12.141,-0.128762,1.0566969,-0.09041214,-0.3833704,0.62218076,10.585931
-2.28,-14.92,-7.062,-0.22981817,1.0951223,-0.4426241,-0.59893686,0.85548604,10.404515
1.919,-7.191,-2.754,-0.23348546,1.1563907,-0.3553295,-0.5723517,0.8371893,10.506323
3.283,-2.372,0.543,-0.21238995,0.95295286,-0.15412378,-0.43186972,0.59180266,10.470157
1.397,-1.24,-0.663,-0.055425286,0.90520954,0.082722664,-0.1871143,0.46794626,10.56516
2.466,0.299,0.938,-0.012054682,0.8982258,0.52683353,0.022243984,0.17970255,10.832186
3.76,3.454,3.533,0.22201669,0.8280277,0.8706784,0.38120168,-0.005543184,10.967536
2.8,5.712,3.966,0.19302404,0.5870385,0.4301591,0.2410271,0.13839705,10.50641
4.108,6.389,1.822,-0.045399904,0.57282495,-0.01458025,-0.13220778,0.34631363,10.245957
4.21,6.727,2.104,-0.029270291,0.49526453,0.24785662,-0.0032163258,0.12455003,10.347071
2.591,7.119,3.65,-0.38749683,0.24879313,-0.0059304237,-0.38978437,0.018361393,10.051229
-0.478,4.841,1.35,-0.4559245,0.16967583,-0.21190071,-0.5180331,0.09037359,9.877594
-6.34,-8.066,-2.944,-0.4768089,0.23490477,-0.38975334,-0.6097895,0.24939136,9.826538
1.101,-1.422,0.026,-0.46305537,0.35683155,-0.74264765,-0.74203014,0.5768275,9.706977
-2.541,-4.19,-4.199,-0.31430137,0.403718,-0.9276371,-0.68055165,0.78742313,9.608917
-5.227,-8.454,-5.627,-0.16439283,0.3068285,-0.792665,-0.4830398,0.68560255,9.591921
-5.619,-12.535,-4.938,-0.061798573,0.29143858,-0.68067455,-0.3458119,0.6338427,9.631345
-5.619,-12.535,-4.938,0.119235516,0.3587036,-0.5240607,-0.1282441,0.6306988,9.7492285
2.074,-17.834,-10.757,0.23441541,0.3291049,-0.30352306,0.06327432,0.5001401,9.841917
4.149,-6.91,-2.251,0.32071102,0.3741684,-0.271976,0.14730853,0.53772444,9.883987
8.511,-3.649,-1.963,0.43740654,0.45450878,-0.3326583,0.22137864,0.672496,9.892115
-1.409,-15.236,-11.765,0.25878584,0.47818375,-0.47255707,8.797862E-4,0.7188066,9.854146
-5.403,-19.614,-10.113,0.08664942,0.4129901,-0.37126255,-0.11145285,0.5439986,9.893531
-2.122,-6.422,2.099,0.016988873,0.39980078,-0.17797852,-0.21525879,-0.32236502,10.010488
3.563,-0.642,1.878,0.11662996,0.4276595,0.0057635307,0.06000681,0.3007312,10.126788
2.616,-2.592,2.517,0.12711024,0.4619832,-0.0019931793,0.063377365,0.33161637,10.146655
-1.122,-8.685,1.933,0.10461354,0.49497652,-0.11089897,-0.002887145,0.41965613,10.110171
-4.799,-11.888,3.592,0.22819614,0.54876566,-0.20928526,0.06569374,0.5669639,10.073585
1.191,-7.741,1.452,0.348848,0.5460386,0.41000223,0.41764757,0.17859152,10.424413
5.46,-7.314,-3.433,0.012742162,0.5011196,0.56247616,0.023250898,0.19172035,10.534914
2.042,-8.503,-2.6,-0.18693995,0.5595646,0.27392626,-0.12192231,0.087413825,10.43957
-1.016,-10.024,-0.592,-0.2621621,0.5744071,0.064136505,0.019568896,-0.3469158,10.337736
-0.092,-9.461,-0.488,-0.31410825,0.6038065,-0.08250141,-0.37829778,0.3180043,10.281852
2.306,-8.434,-0.802,-0.39273155,0.69983435,-0.3020048,0.050918434,-0.73889816,10.23868
2.541,-9.616,-1.246,-0.22205389,0.76940775,-0.23964357,-0.372945,0.56248933,10.299846
0.763,-10.809,-1.892,0.17572951,0.8169937,-0.124231815,-0.46277162,-0.4699871,10.334616
-0.782,-10.971,-2.419,0.15907836,0.840281,-0.2209096,-0.026532022,0.7345937,10.296393
-2.058,-9.946,-1.947,0.044655323,0.8562274,-0.27050734,-0.3668341,-0.6571415,10.298474
-2.159,-8.734,-1.209,0.14428914,0.813077,-0.27304888,-0.061153624,0.7480126,10.246204
-2.008,-7.959,-0.636,0.26190114,0.77946854,-0.19171476,-0.52240616,-0.4931682,10.250264
-2.657,-8.663,-0.366,0.4007343,0.69985867,0.20359468,0.37100804,0.44604847,10.402666
-1.621,-9.596,-0.61,0.417817,0.66952133,0.45292187,0.4913297,0.2648263,10.52528
0.196,-8.997,-0.945,0.34648466,0.67035866,0.30025053,0.36393785,0.34341136,10.446338
-0.075,-8.007,-0.522,0.40245223,0.60940266,-0.14500666,-0.67318964,-0.04676095,10.121285
-0.527,-8.253,-0.713,0.5325953,0.48378754,-0.3524971,0.282412,0.7465326,9.876615
-0.322,-8.706,-1.063,0.5913274,0.35831022,-0.3649478,-0.47660506,0.61806333,9.760979
0.23,-8.961,-0.775,0.6289432,0.34347725,-0.23916721,0.43104178,0.62035185,9.817308
0.41,-8.941,0.802,0.57198226,0.3443408,-0.12087774,-0.28895456,0.6067657,9.899853
-0.131,-10.036,1.128,0.39369857,0.31248713,-0.083180904,0.28443974,0.40398842,9.93096
-0.75,-10.724,-0.125,0.3234192,0.3831606,-0.13897467,-0.45554036,0.19394718,9.966627
-2.437,-10.944,0.135,0.46741438,0.48483324,0.07266474,0.3924024,0.43326837,10.148876
-1.904,-12.412,0.447,0.4572661,0.5453377,0.1217823,-0.4565118,0.36687857,10.228923
-1.354,-13.57,0.958,0.2220484,0.46150064,-0.099552155,0.09969793,0.4377389,10.072439
-0.387,-14.942,-0.277,-0.16609251,0.3442526,-0.31222343,-0.1361646,-0.46047863,9.920661
-0.388,-13.578,-1.058,-0.26466846,0.30328608,-0.5304718,-0.49922937,0.43963528,9.776263
-0.129,-13.302,-1.122,-0.27694273,0.35477924,-0.74133825,-0.16873531,-0.8431388,9.693541
0.777,-14.198,-1.295,-0.18079841,0.48755074,-0.5583215,-0.4586764,0.6042417,9.888044
1.035,-13.287,-1.498,0.17119849,0.5311794,-0.1873498,-0.517362,0.064246096,10.080093
0.184,-11.369,-1.448,0.35426617,0.5171685,0.019638062,0.26100865,0.447564,10.160084
-1.179,-10.961,-2.248,0.3698964,0.51617527,0.078240395,0.29979166,0.41470385,10.190743
-1.827,-12.552,-3.647,0.04515612,0.49025297,0.025982857,-0.009954678,0.30331534,10.195189
-2.353,-16.933,-5.555,-0.09480381,0.54274607,-0.25424528,-0.5043305,-0.18224102,10.090626
-1.635,-18.471,-0.453,-0.014164805,0.71319866,-0.52013063,-0.3231736,0.7858905,10.046074
1.155,-15.004,4.303,0.17285848,0.8644366,-0.42038155,-0.8963621,0.0697945,10.188111
3.606,-15.465,3.444,0.14522743,0.8334389,-0.19258022,-0.05916412,0.7073655,10.305581
3.963,-15.288,-1.33,-0.11528957,0.6768031,-0.1808734,-0.55669564,-0.08963104,10.238072
2.86,-12.706,-3.98,-0.35077155,0.54183245,-0.1070838,-0.43144345,0.26686656,10.219842
-0.193,-10.758,-2.731,-0.31294703,0.6026387,0.0077695847,-0.3589967,0.24267572,10.329526
-0.568,-7.04,-1.715,-0.13732684,0.6782255,-0.21706629,-0.31115088,0.5092119,10.218784
0.286,-3.077,-1.396,0.23183048,0.8691597,-0.69024515,-0.21593654,1.0935537,10.014338
-0.268,-3.738,0.111,0.4386214,0.9375324,-0.63563824,-0.024192367,1.1867803,10.064251
-0.448,-3.506,0.866,0.6265476,0.79969263,-0.15795803,0.36484918,0.8678111,10.219939
-0.333,-1.605,-0.011,0.31448698,0.68314314,0.039417267,0.18731774,0.53513134,10.302319
0.634,-1.877,-1.383,0.04614389,0.5528116,0.10553312,-0.004331246,0.2978211,10.286389
1.054,-3.818,-2.514,-0.081166625,0.48131323,-0.04131031,-0.16981462,0.2949907,10.15893
0.228,-4.508,-3.608,-0.15893853,0.38830662,-0.35518074,-0.35766125,0.40671566,9.900764
-0.773,-4.717,-3.469,-0.2951876,0.26291943,-0.4680333,-0.5058053,0.34165552,9.754208
-0.171,-2.835,-4.758,-0.59077287,0.16508293,-0.6843996,-0.8438416,0.29061356,9.587236
-0.643,-0.386,-7.123,-0.5496305,0.20883226,-0.9359703,-0.92191494,0.4931784,9.448052
-2.749,1.621,-2.981,-0.11590397,0.45569706,-0.5492916,-0.42115852,0.5877302,9.810316
-6.942,-0.639,-8.39,0.63251096,0.8340502,-0.20435,0.30603743,0.94070756,10.205245
0.281,-15.992,-1.584,1.1850338,1.1624932,0.3240013,0.93880373,1.0718327,10.717964
3.126,-19.614,-7.612,1.0088836,1.1927853,0.89218235,1.006178,0.6663326,11.140884
-1.874,-10.51,0.533,0.56505615,1.15242,1.1591139,0.7313873,0.27859017,11.3488455
5.24,4.462,-1.371,-0.076014996,1.0738955,0.4152832,-0.12721838,0.39828405,10.882139
-0.909,-3.496,-2.053,-0.6767049,0.90239334,-0.24462652,-0.89436334,0.42530474,10.399368
-0.909,-3.496,-2.053,-0.8282993,0.82707024,-0.55926657,-1.1432663,0.5027586,10.15748
-0.909,-3.496,-2.053,-0.8397198,0.7627907,-0.72697115,-1.210618,0.55857867,10.001225
-0.909,-3.496,-2.053,-0.9542122,0.8668995,-0.6221652,-1.2922277,0.5038285,10.1608095
-0.909,-3.496,-2.053,-0.7972567,1.0123463,-0.06938934,-0.957803,0.3199472,10.610098
-3.058,-8.342,-2.005,-0.15922844,0.90592194,0.5024681,-0.13788134,0.18971369,10.8281765
-2.102,-7.974,-2.384,0.15919936,0.6486192,0.20131207,0.06838255,0.35950816,10.400499
-0.1,-6.99,-3.402,0.050168753,0.4107461,-0.24327135,-0.16251084,0.43012825,9.944454
0.602,-7.664,-3.848,-0.26760232,0.20149851,-0.242311,-0.38715118,0.14364499,9.826832
-1.996,-9.243,-2.419,-0.7207689,-0.07998228,0.53817415,-0.36741322,-0.7326845,10.18575
-2.483,-9.091,-2.431,-0.76995945,-0.0929575,0.4908309,-0.42206943,-0.7398276,10.148565
-2.33,-7.94,-3.053,-0.59305394,0.2567706,-0.2515459,-0.6875691,0.0099563105,9.896481
-2.264,-7.027,-2.519,-0.11781943,0.65215683,-0.59024525,-0.5428659,0.694177,9.911507
-2.555,-7.154,-2.082,0.036047935,0.8811207,-0.50998735,-0.4456906,0.8634163,10.112646
-2.226,-7.947,-2.156,0.059236765,0.99579287,0.009938717,-0.23156548,0.6377084,10.538031
-1.737,-9.161,-2.355,0.42711318,1.0856986,0.47919703,0.25655115,0.6140821,10.878043
-0.903,-10.152,-2.375,0.8233314,1.1903958,0.4432521,0.53161,0.91485465,10.889157
0.282,-9.948,-1.153,0.9958405,1.2324739,0.23220015,0.5573146,1.1599365,10.759832
0.278,-9.117,-1.198,1.017809,1.1732764,0.13471222,0.54382306,1.1953729,10.646891
-1.434,-9.397,-0.952,0.83709437,1.0209742,-0.08544254,0.33510014,1.1317929,10.404284
-2.961,-10.17,-1.307,0.69153285,1.003314,-0.3793459,0.07888631,1.2094406,10.2063875
-2.552,-11.357,-1.255,0.726367,1.1040063,-0.38473606,0.070007384,1.2948444,10.268105
-0.771,-12.247,-1.614,0.81604266,0.9368596,0.036842823,0.3938881,1.007905,10.418179
0.707,-13.686,-2.331,0.38092238,0.5583439,0.2798028,0.26893714,0.4009904,10.356213
-0.101,-14.038,0.733,-0.26539207,0.36217117,0.28376436,-0.20265734,-0.075531274,10.291777
1.655,-13.682,1.737,-0.13615596,0.4797349,0.35640526,-0.10144957,0.03244815,10.4102745
4.461,-14.286,-1.226,0.3120759,0.62896633,0.5807066,0.32264507,0.25461286,10.619843
4.489,-13.94,-1.738,0.13932526,0.59357166,0.3337493,0.07656142,0.27722156,10.439433
3.404,-13.402,-1.656,-0.3452022,0.4632721,0.37323284,-0.26796067,-0.08450982,10.434458
1.28,-11.836,-1.407,-0.3691827,0.39721918,0.961391,-0.0044645374,-0.44502637,10.81674
-1.629,-10.28,-2.259,-0.15043175,0.42161512,1.0165067,0.19157004,-0.33444598,10.848342
-2.122,-9.833,-3.073,0.38327658,0.5298724,0.6877341,0.44823962,0.20140974,10.618537
-1.15,-10.975,-3.135,0.7642766,0.44987202,0.2747345,0.3939713,0.7334132,10.217594
-1.799,-12.904,-1.413,0.08204138,0.14562416,0.13844681,0.08009399,0.06951591,9.996011
-1.474,-13.108,0.784,-0.20260012,-0.26977682,-0.025599957,-0.085406646,-0.27589664,9.630387
0.083,-10.635,0.414,0.1036728,-0.5757098,-0.12416172,0.23352207,-0.2544085,9.3184395
-0.412,-8.365,-0.788,0.7449685,-0.65731,0.11737633,0.9014174,-0.06266927,9.377312
-0.552,-7.037,-2.509,0.9387307,-0.6858382,0.2932992,1.1516528,-0.048764795,9.476602
-0.764,-5.493,-3.017,0.9017755,-0.67028856,0.11286402,1.0380868,0.0409273,9.364017
-0.28,-6.753,-3.15,0.8540424,-0.8339343,-0.60674334,0.74760896,0.28092405,8.731878
0.366,-7.851,-3.784,0.72205037,-1.0633888,-0.8096552,0.6491751,0.16289851,8.442931
0.24,-7.076,-2.852,0.44175112,-1.4343596,-0.03482437,0.92117983,-0.62949526,8.802204
-0.354,-5.715,-2.858,0.23671553,-1.6886992,1.0669928,1.3423932,-1.4645048,9.4913435
-1.017,-5.459,-3.216,0.33001685,-1.5391736,1.1814909,1.4065156,-1.3712401,9.682953
-0.799,-4.868,-3.548,0.4342373,-1.0616322,0.5639372,1.0300995,-0.701596,9.523263
-0.146,-4.287,-4.336,0.79053247,-0.44802618,0.25622702,0.9318121,0.04977663,9.663229
0.249,-3.938,-4.444,1.1479261,0.048531055,0.24868631,1.012591,0.5794587,9.950949
0.271,-3.086,-5.107,0.7956709,0.32900667,0.31659698,0.64285624,0.5205941,10.203249
0.345,-2.552,-5.475,0.3429949,0.32440948,0.52955675,0.36634737,0.15327789,10.39454
-0.336,-19.614,-5.554,4.3754463,-13.2056465,0.18234444,5.25481,-11.168177,16.227373
-0.825,-6.582,-7.4,3.9450915,-0.12041044,-1.7728806,0.0,0.0,0.0
4.392,1.522,-0.477,9.325336,8.3024235,4.608119,0.0,0.0,0.0
-1.51,-5.045,-1.583,3.437546,1.975349,3.1505873,0.0,0.0,0.0
-4.557,-15.042,-2.067,0.36618614,-7.7961416,2.3409662,0.0,0.0,0.0
-3.842,-14.717,-2.535,1.0578461,-7.2721996,1.5560691,0.0,0.0,0.0
-1.856,-9.976,-3.201,3.0430927,-2.4436436,0.72747207,0.0,0.0,0.0
-0.34,-6.245,-3.174,4.566613,1.4561663,0.40196896,0.0,0.0,0.0
-0.821,-6.253,-2.861,4.034336,1.6393762,0.34937048,0.0,0.0,0.0
-2.385,-8.09,-2.257,2.3233855,0.08750057,0.41319823,0.0,0.0,0.0
-2.224,-8.485,-2.542,2.3574605,-0.13907719,-0.1912148,0.0,0.0,0.0
-0.95,-8.177,-2.587,3.458492,0.33296108,-0.5094757,0.0,0.0,0.0
0.177,-8.059,-1.987,4.481335,0.5350275,-0.041293263,0.0,0.0,0.0
0.187,-8.272,-1.726,4.2747164,0.4832821,-0.050893664,0.0,0.0,0.0
-0.392,-8.63,-1.543,3.52765,0.24778461,-0.13172841,0.0,0.0,0.0
-0.771,-8.374,-1.25,3.0195937,0.5952654,-0.08635163,0.0,0.0,0.0
-0.893,-8.129,-1.383,2.8121471,0.902297,-0.44602513,0.0,0.0,0.0
-0.896,-8.435,-1.792,2.7450118,0.6418419,-1.0678874,0.0,0.0,0.0
-1.285,-9.201,-2.325,2.3151364,-0.095160484,-1.7836394,0.0,0.0,0.0
-2.063,-9.809,-2.418,1.5064502,-0.6829796,-2.0369856,0.0,0.0,0.0
-2.906,-9.42,-2.023,0.63963723,-0.28041172,-1.7646171,0.0,0.0,0.0
-3.326,-9.159,-1.41,0.19268513,-0.0067071915,-1.2526941,0.0,0.0,0.0
-3.477,-9.382,-2.092,-0.0067579746,-0.21023655,-2.0111864,0.0,0.0,0.0
-3.246,-9.364,-2.238,0.16293311,-0.16891956,-2.2295692,0.0,0.0,0.0
-2.116,-9.896,-1.648,1.2555754,-0.6872339,-1.686403,0.0,0.0,0.0
-0.9,-11.284,-1.613,2.3719697,-2.0407305,-1.7760237,0.0,0.0,0.0
-0.211,-12.188,-2.215,2.96145,-2.9133482,-2.5095763,0.0,0.0,0.0
-0.266,-12.27,-2.008,2.824709,-2.9736538,-2.4505477,0.0,0.0,0.0
-1.765,-11.447,-0.447,1.2576653,-2.1357307,-1.0250382,0.0,0.0,0.0
0.07,-12.86,0.931,3.0099137,-3.5283709,0.26168352,0.0,0.0,0.0
3.28,-14.76,-0.469,6.1433954,-5.4081125,-1.1856406,0.0,0.0,0.0
4.398,-13.399,-1.476,7.2092953,-4.0324364,-2.2070694,0.0,0.0,0.0
2.792,-12.485,-1.996,5.552761,-3.1025076,-2.7153125,0.0,0.0,0.0
0.512,-12.186,-2.91,3.2558794,-2.7913647,-3.5283282,0.0,0.0,0.0
-0.192,-11.955,-2.993,2.5846937,-2.5600233,-3.4343185,0.0,0.0,0.0
-0.584,-11.678,-4.699,2.3168879,-2.312684,-4.9136624,0.0,0.0,0.0
-1.947,-12.763,-5.331,1.0670681,-3.4312181,-5.3912,0.0,0.0,0.0
-2.341,-13.241,-1.097,1.1965988,-4.1060925,-0.63957137,0.0,0.0,0.0
-0.722,-11.026,0.724,3.2191072,-2.0840912,1.5488095,0.0,0.0,0.0
-0.015,-9.479,-0.374,4.280745,-0.7619772,0.94147056,0.0,0.0,0.0
-1.379,-7.483,-2.396,3.202953,0.9906521,-0.55934334,0.0,0.0,0.0
-2.285,-7.255,-2.344,2.5277297,0.95984936,0.00637722,0.0,0.0,0.0
-2.205,-7.392,-2.422,2.7726784,0.54720116,0.46974635,0.0,0.0,0.0
-1.028,-6.89,-2.493,4.028897,0.7665982,0.9674494,0.0,0.0,0.0
-0.138,-6.914,-2.851,4.9558835,0.4511404,1.1461802,0.0,0.0,0.0
0.334,-7.19,-3.49,5.4278836,0.17514038,0.5071802,0.0,0.0,0.0
1.922,-7.35,-2.527,7.0093617,-0.44238472,2.2242079,0.0,0.0,0.0
0.04,-6.197,-2.522,5.110905,0.55990696,2.458011,0.0,0.0,0.0
0.21,-9.426,-1.234,5.3085217,-2.9551759,4.0861416,0.0,0.0,0.0
-0.013,-9.452,-1.33,5.0855217,-2.981176,3.9901419,0.0,0.0,0.0
-0.053,-9.379,-1.387,5.0455217,-2.908176,3.9331417,0.0,0.0,0.0
0.079,-9.263,-1.409,5.1775217,-2.7921758,3.9111419,0.0,0.0,0.0
0.138,-9.237,-1.328,5.2365217,-2.7661767,3.9921417,0.0,0.0,0.0
0.134,-9.391,-1.24,5.2325215,-2.920176,4.080142,0.0,0.0,0.0
0.187,-9.394,-1.295,5.2855215,-2.9231763,4.0251417,0.0,0.0,0.0
0.187,-9.394,-1.295,5.2796235,-2.9231772,4.0307865,0.0,0.0,0.0
0.511,-9.323,-1.249,5.596812,-2.8521757,4.083294,0.0,0.0,0.0
0.453,-9.323,-1.215,5.5331497,-2.851523,4.121897,0.0,0.0,0.0
0.264,-9.379,-1.234,5.3380256,-2.9061122,4.107008,0.0,0.0,0.0
0.26,-9.347,-1.306,5.3313513,-2.8741121,4.037548,0.0,0.0,0.0
0.43,-9.352,-1.258,-0.06786364,0.32222557,0.26905096,0.0,0.0,0.0
0.481,-9.363,-1.258,-0.01702565,0.31152916,0.26707315,0.0,0.0,0.0
0.466,-9.364,-1.223,-0.032706708,0.3109808,0.29897487,0.0,0.0,0.0
0.442,-9.338,-1.218,-0.05802992,0.3373146,0.3014239,0.0,0.0,0.0
0.432,-9.381,-1.247,-0.073512405,0.29404354,0.2723279,0.0,0.0,0.0
0.398,-9.364,-1.268,-0.10895431,0.3109522,0.25142372,0.0,0.0,0.0
0.408,-9.384,-1.249,-0.10121995,0.2909603,0.26962316,0.0,0.0,0.0
0.475,-9.362,-1.284,-0.034266323,0.3132925,0.23249531,0.0,0.0,0.0
0.406,-9.43,-1.188,-0.10424796,0.24546432,0.3270594,0.0,0.0,0.0
0.41,-9.392,-1.206,-0.10024795,0.28346443,0.30905938,0.0,0.0,0.0
0.396,-9.364,-1.268,-0.11521432,0.3113966,0.24716544,0.0,0.0,0.0
0.421,-9.352,-1.172,-0.08969045,0.3235712,0.3422321,0.0,0.0,0.0
0.4,-9.335,-1.224,-0.109754235,0.34091568,0.28833747,0.0,0.0,0.0
0.406,-9.349,-1.28,-0.10423443,0.3275814,0.22791004,0.0,0.0,0.0
0.329,-9.388,-1.245,-0.18207437,0.2891302,0.25910997,0.0,0.0,0.0
0.296,-9.396,-1.183,-0.21574873,0.28133583,0.31955028,0.0,0.0,0.0
0.272,-9.383,-1.189,-0.24118274,0.29487705,0.30957115,0.0,0.0,0.0
0.325,-9.384,-1.231,-0.18713176,0.29414845,0.26618636,0.0,0.0,0.0
0.356,-9.42,-1.201,-0.15314716,0.2592125,0.29030275,0.0,0.0,0.0
0.356,-9.42,-1.201,-0.15216333,0.2595272,0.28859937,0.0,0.0,0.0
0.296,-9.407,-1.177,-0.2109909,0.27274895,0.31156182,0.0,0.0,0.0
0.226,-9.394,-1.209,-0.28043127,0.28593254,0.2785529,0.0,0.0,0.0
0.169,-9.437,-1.216,-0.33657584,0.24319458,0.27014017,0.0,0.0,0.0
0.329,-9.335,-1.26,-0.17284042,0.3459978,0.22217011,0.0,0.0,0.0
0.421,-9.284,-1.294,-0.0753991,0.39782143,0.18460429,0.0,0.0,0.0
0.14,-9.375,-1.282,-0.34988958,0.30776978,0.1925683,0.0,0.0,0.0
-0.135,-9.471,-1.277,-0.6214685,0.21227169,0.1954062,0.0,0.0,0.0
-0.271,-9.451,-1.3,-0.7530627,0.23236942,0.17320216,0.0,0.0,0.0
-0.074,-9.425,-1.23,-0.5544249,0.25804138,0.24589872,0.0,0.0,0.0
0.25,-9.537,-1.161,-0.22388825,0.14396858,0.33052683,0.0,0.0,0.0
0.44,-9.387,-1.189,-0.03018412,0.29310703,0.3092767,0.0,0.0,0.0
0.543,-9.301,-1.066,0.08372706,0.37664604,0.45143676,0.0,0.0,0.0
0.353,-9.44,-1.033,-0.103462994,0.23702908,0.48921502,0.0,0.0,0.0
0.183,-9.509,-0.874,-0.26861852,0.16670704,0.6580245,0.0,0.0,0.0
0.323,-9.49,-0.969,-0.12311077,0.18591785,0.5633104,0.0,0.0,0.0
0.529,-9.393,-1.235,0.094967544,0.28240967,0.30398488,0.0,0.0,0.0
0.788,-9.319,-1.204,0.36180505,0.35612583,0.33894384,0.0,0.0,0.0
1.198,-9.304,-0.666,0.77818537,0.36867237,0.8939842,0.0,0.0,0.0
1.207,-9.046,-0.608,0.7758465,0.6253996,0.9567726,0.0,0.0,0.0
0.061,-9.001,-1.179,-0.41215807,0.667613,0.390841,0.0,0.0,0.0
-0.691,-9.284,-1.556,-1.1724086,0.38432217,0.013117552,0.0,0.0,0.0
-0.196,-10.042,-2.167,-0.6782951,-0.3734665,-0.5994458,0.0,0.0,0.0
0.347,-10.017,-1.634,-0.11056423,-0.34914207,-0.054902434,0.0,0.0,0.0
0.736,-9.462,-1.048,0.3058821,0.20452785,0.54686654,0.0,0.0,0.0
0.763,-9.25,-0.966,0.35852662,0.41483498,0.6457471,0.0,0.0,0.0
0.811,-8.979,-0.99,0.4201535,0.6834078,0.6395627,0.0,0.0,0.0
0.317,-9.176,-1.089,-0.081428915,0.4823389,0.5627103,0.0,0.0,0.0
-0.059,-9.477,-1.277,-0.4716369,0.17825222,0.38921058,0.0,0.0,0.0
0.08,-9.333,-1.658,-0.33914924,0.32009315,0.019049048,0.0,0.0,0.0
0.114,-9.309,-1.755,-0.30156726,0.34125233,-0.060798645,0.0,0.0,0.0
0.074,-9.408,-1.456,-0.33192468,0.23909283,0.25840592,0.0,0.0,0.0
0.192,-9.341,-1.133,-0.2053152,0.30317593,0.59974456,0.0,0.0,0.0
0.188,-9.291,-1.208,-0.20754665,0.34994793,0.5430118,0.0,0.0,0.0
0.302,-9.237,-1.426,-0.09615451,0.400589,0.34281874,0.0,0.0,0.0
0.354,-9.253,-1.692,-0.04933703,0.38146114,0.0926131,0.0,0.0,0.0
0.094,-9.371,-1.853,-0.31169003,0.26008224,-0.050770283,0.0,0.0,0.0
-0.064,-9.489,-1.896,-0.46125203,0.13879585,-0.07442844,0.0,0.0,0.0
0.268,-9.307,-1.55,-0.11615795,0.31662083,0.29627,0.0,0.0,0.0
0.087,-9.272,-1.458,-0.28611487,0.34686756,0.41511142,0.0,0.0,0.0
-0.114,-9.332,-1.57,-0.47804376,0.28303623,0.32444894,0.0,0.0,0.0
0.007,-9.322,-1.883,-0.3462151,0.28979588,0.029849768,0.0,0.0,0.0
0.238,-9.266,-1.886,-0.1053642,0.34235764,0.0458287,0.0,0.0,0.0
0.197,-9.256,-1.649,-0.13779768,0.34916592,0.3001263,0.0,0.0,0.0
0.076,-9.374,-1.538,-0.2553668,0.22812939,0.4266076,0.0,0.0,0.0
0.087,-9.326,-1.784,-0.2446462,0.27323914,0.19462955,0.0,0.0,0.0
0.21,-9.223,-1.904,-0.12184809,0.37374783,0.08664334,0.0,0.0,0.0
0.207,-9.215,-1.939,-0.12524755,0.3801813,0.059123755,0.0,0.0,0.0
0.072,-9.311,-1.845,-0.26019353,0.2810526,0.16809726,0.0,0.0,0.0
0.042,-9.314,-1.82,-0.28929335,0.2749796,0.20782673,0.0,0.0,0.0
0.161,-9.331,-1.902,-0.168462,0.25437546,0.14308882,0.0,0.0,0.0
0.279,-9.341,-1.946,-0.048695207,0.24028492,0.11845863,0.0,0.0,0.0
0.336,-9.298,-1.922,0.010162562,0.2785263,0.16470873,0.0,0.0,0.0
0.336,-9.298,-1.922,0.010162562,0.2785263,0.16470873,0.0,0.0,0.0
0.336,-9.298,-1.922,0.010162562,0.2785263,0.16470873,0.0,0.0,0.0
0.336,-9.298,-1.922,0.010162562,0.2785263,0.16470873,0.0,0.0,0.0
0.559,-9.336,-1.855,0.23649961,0.22321606,0.3101201,0.0,0.0,0.0
0.481,-9.223,-1.798,0.15609178,0.33390236,0.3769611,0.0,0.0,0.0
0.372,-9.147,-1.844,0.03986448,0.40536404,0.34971678,0.0,0.0,0.0
0.042,-9.194,-1.848,-0.2928116,0.35194397,0.37308812,0.0,0.0,0.0
-0.138,-9.27,-1.925,-0.47206765,0.27414322,0.30392432,0.0,0.0,0.0
-0.139,-9.297,-1.723,-0.47016463,0.24248886,0.52619195,0.0,0.0,0.0
-0.164,-9.26,-1.746,-0.49383157,0.27840424,0.5079825,0.0,0.0,0.0
-0.287,-9.214,-1.784,-0.61489844,0.32251358,0.47825277,0.0,0.0,0.0
-0.119,-9.221,-1.919,-0.44770002,0.3148346,0.34598792,0.0,0.0,0.0
0.113,-9.364,-1.854,-0.22604665,0.17107487,0.4126717,0.0,0.0,0.0
0.141,-9.279,-1.872,-0.21294376,0.25531578,0.3955748,0.0,0.0,0.0
0.105,-9.143,-1.974,-0.2624192,0.38995838,0.29715252,0.0,0.0,0.0
0.055,-9.343,-1.937,-0.3242692,0.1890688,0.33592892,0.0,0.0,0.0
0.234,-9.252,-1.919,-0.15791935,0.27913857,0.3556813,0.0,0.0,0.0
0.331,-9.186,-1.983,-0.07638505,0.34350967,0.29578638,0.0,0.0,0.0
0.363,-9.126,-2.024,-0.05828798,0.40136814,0.2612052,0.0,0.0,0.0
0.448,-9.156,-2.081,0.01317063,0.36843777,0.21386003,0.0,0.0,0.0
0.527,-9.331,-1.893,0.07762286,0.19040966,0.4116081,0.0,0.0,0.0
1.5,-9.425,-1.226,1.0392959,0.09560585,1.0796832,0.0,0.0,0.0
1.386,-9.182,-1.826,0.8769591,0.3367033,0.47737408,0.0,0.0,0.0
0.278,-8.925,-2.763,-0.29426378,0.59046745,-0.4610932,0.0,0.0,0.0
0.037,-9.159,-2.621,-0.57854354,0.35030365,-0.3048315,0.0,0.0,0.0
-0.084,-9.608,-2.648,-0.720348,-0.104637146,-0.31314754,0.0,0.0,0.0
-0.05,-9.454,-2.308,-0.6840023,0.045110703,0.04471755,0.0,0.0,0.0
0.322,-9.198,-1.99,-0.29461804,0.29836464,0.37837815,0.0,0.0,0.0
0.453,-9.024,-1.91,-0.14508122,0.4703188,0.47129858,0.0,0.0,0.0
0.429,-9.055,-2.088,-0.15928438,0.43777275,0.3018856,0.0,0.0,0.0
0.483,-9.091,-1.992,-0.107070595,0.39948368,0.40652907,0.0,0.0,0.0
0.229,-9.226,-2.123,-0.3732138,0.26210117,0.2819271,0.0,0.0,0.0
0.153,-9.193,-2.153,-0.4586106,0.29261303,0.25936127,0.0,0.0,0.0
0.285,-9.22,-2.095,-0.33563706,0.26297665,0.32540488,0.0,0.0,0.0
0.42,-9.272,-2.077,-0.204923,0.20878506,0.35087276,0.0,0.0,0.0
0.544,-9.243,-2.076,-0.081126034,0.23613167,0.3582697,0.0,0.0,0.0
0.612,-9.168,-2.12,-0.012294292,0.30918503,0.32204795,0.0,0.0,0.0
0.411,-9.062,-2.147,-0.21109146,0.4132576,0.30307627,0.0,0.0,0.0
0.413,-9.062,-2.107,-0.20119804,0.4111805,0.35308456,0.0,0.0,0.0
0.584,-9.138,-2.165,-0.026078224,0.33313656,0.3039646,0.0,0.0,0.0
0.729,-9.2,-2.472,0.11909914,0.2694893,0.0033113956,0.0,0.0,0.0
0.726,-9.153,-2.427,0.121990025,0.3120737,0.066580534,0.0,0.0,0.0
0.858,-9.126,-2.247,0.25869906,0.3372383,0.25466704,0.0,0.0,0.0
0.784,-9.195,-2.151,0.17912894,0.26697826,0.35409403,0.0,0.0,0.0
0.551,-9.149,-2.338,-0.06445962,0.31053638,0.17372537,0.0,0.0,0.0
0.389,-9.113,-2.4,-0.23130953,0.344512,0.1181488,0.0,0.0,0.0
0.36,-9.254,-2.516,-0.25945473,0.20232391,0.006815195,0.0,0.0,0.0
0.467,-9.3,-2.515,-0.14615774,0.15563679,0.0119223595,0.0,0.0,0.0
0.567,-9.182,-2.43,-0.037332177,0.27282143,0.102092505,0.0,0.0,0.0
0.568,-9.136,-2.27,-0.027824998,0.31799603,0.26718807,0.0,0.0,0.0
0.41,-9.013,-1.941,-0.18133703,0.44064617,0.59854484,0.0,0.0,0.0
0.41,-9.013,-1.941,-0.18133703,0.44064617,0.59854484,0.0,0.0,0.0
0.41,-9.013,-1.941,-0.18133703,0.44064617,0.59854484,0.0,0.0,0.0
0.655,-9.209,-2.401,0.07043898,0.2459631,0.13520598,0.0,0.0,0.0
0.584,-9.223,-2.336,0.008867323,0.2337532,0.19568658,0.0,0.0,0.0
0.629,-9.22,-2.133,0.055428505,0.23805618,0.39416647,0.0,0.0,0.0
0.439,-9.219,-2.142,-0.13838685,0.24163532,0.37462544,0.0,0.0,0.0
0.254,-9.207,-2.19,-0.32564664,0.25464535,0.32230425,0.0,0.0,0.0
0.26,-9.16,-2.178,-0.32587928,0.3047266,0.32121658,0.0,0.0,0.0
0.312,-9.19,-2.242,-0.2753485,0.27648544,0.2501998,0.0,0.0,0.0
0.444,-9.237,-2.259,-0.14300412,0.23011208,0.230896,0.0,0.0,0.0
0.417,-9.152,-2.056,-0.16936284,0.31497574,0.4345634,0.0,0.0,0.0
0.407,-9.183,-1.951,-0.17990422,0.28494453,0.5357561,0.0,0.0,0.0
0.501,-9.202,-1.922,-0.08792287,0.2671528,0.5596782,0.0,0.0,0.0
0.542,-9.173,-2.176,-0.05132228,0.29752254,0.29939342,0.0,0.0,0.0
0.22,-9.229,-2.575,-0.38680896,0.24365711,-0.111070395,0.0,0.0,0.0
0.319,-9.222,-2.112,-0.2832598,0.2503395,0.35426188,0.0,0.0,0.0
0.431,-9.306,-2.276,-0.16734397,0.16703796,0.18854141,0.0,0.0,0.0
0.29,-9.162,-1.952,-0.30852595,0.30905724,0.52008855,0.0,0.0,0.0
0.178,-9.053,-1.91,-0.42362657,0.41793156,0.56181824,0.0,0.0,0.0
0.04,-9.288,-2.118,-0.58515066,0.17920208,0.36224842,0.0,0.0,0.0
0.302,-9.331,-2.236,-0.3253767,0.13655663,0.24233818,0.0,0.0,0.0
0.403,-9.203,-2.244,-0.23212463,0.26380157,0.23525524,0.0,0.0,0.0
0.484,-9.14,-2.055,-0.15226015,0.3267994,0.42396426,0.0,0.0,0.0
0.537,-9.249,-2.199,-0.10411042,0.21788979,0.2783699,0.0,0.0,0.0
0.567,-9.2,-2.195,-0.07591152,0.26644897,0.28358793,0.0,0.0,0.0
0.643,-9.076,-2.23,-0.0047442317,0.38797855,0.25674868,0.0,0.0,0.0
0.594,-9.189,-2.342,-0.054296315,0.2739706,0.14843512,0.0,0.0,0.0
0.7,-9.316,-2.308,0.0517233,0.1451559,0.18932676,0.0,0.0,0.0
0.767,-9.295,-2.404,0.11934179,0.16365528,0.1029439,0.0,0.0,0.0
0.842,-9.109,-2.205,0.20036662,0.3465767,0.31506848,0.0,0.0,0.0
0.944,-9.117,-2.139,0.29320437,0.3349743,0.39221287,0.0,0.0,0.0
0.612,-9.279,-2.32,-0.050484657,0.1688261,0.22363567,0.0,0.0,0.0
0.634,-9.194,-2.346,-0.034640193,0.24958801,0.21172523,0.0,0.0,0.0
0.451,-9.248,-2.402,-0.22041598,0.19169712,0.16932678,0.0,0.0,0.0
0.365,-9.186,-2.221,-0.30809873,0.25113106,0.35928917,0.0,0.0,0.0
0.604,-9.195,-2.118,-0.07737529,0.23959923,0.46936226,0.0,0.0,0.0
0.485,-9.309,-2.252,-0.20517439,0.12360573,0.3402927,0.0,0.0,0.0
0.365,-9.087,-2.372,-0.332685,0.34320927,0.22699618,0.0,0.0,0.0
0.316,-9.144,-2.376,-0.3882614,0.28333187,0.23164964,0.0,0.0,0.0
0.362,-9.232,-2.443,-0.34355205,0.19246387,0.17464066,0.0,0.0,0.0
0.454,-9.067,-2.521,-0.25234103,0.35439777,0.10744548,0.0,0.0,0.0
0.398,-9.02,-2.563,-0.3091944,0.39790154,0.077711344,0.0,0.0,0.0
0.383,-9.051,-2.608,-0.32315966,0.36309052,0.04654789,0.0,0.0,0.0
0.465,-9.164,-2.57,-0.23852584,0.24640465,0.09828138,0.0,0.0,0.0
0.527,-9.109,-2.476,-0.17356801,0.2987461,0.20241141,0.0,0.0,0.0
0.546,-9.039,-2.466,-0.15169549,0.3671503,0.21876693,0.0,0.0,0.0
0.515,-9.116,-2.589,-0.17959762,0.2888689,0.10104656,0.0,0.0,0.0
0.564,-9.095,-2.568,-0.12945771,0.30968094,0.122998476,0.0,0.0,0.0
0.527,-9.061,-2.634,-0.16389114,0.34126186,0.06609607,0.0,0.0,0.0
0.574,-9.047,-2.525,-0.11352879,0.35367012,0.18148828,0.0,0.0,0.0
0.665,-9.068,-2.469,-0.021133423,0.33137798,0.24232483,0.0,0.0,0.0
0.677,-9.171,-2.596,-0.010012329,0.22710991,0.11950421,0.0,0.0,0.0
0.6,-9.18,-2.621,-0.08708018,0.21733284,0.09716487,0.0,0.0,0.0
0.538,-9.102,-2.5,-0.14662528,0.2940569,0.22319627,0.0,0.0,0.0
0.531,-9.076,-2.457,-0.14974481,0.3190956,0.27048182,0.0,0.0,0.0
0.512,-9.076,-2.469,-0.16532415,0.3181858,0.2624638,0.0,0.0,0.0
0.416,-9.092,-2.53,-0.25886214,0.30129814,0.20512581,0.0,0.0,0.0
0.421,-9.093,-2.472,-0.25138718,0.29999065,0.26478434,0.0,0.0,0.0
0.421,-9.093,-2.472,-0.24893367,0.2999916,0.26538992,0.0,0.0,0.0
0.569,-9.141,-2.469,-0.09700787,0.25200176,0.26930785,0.0,0.0,0.0
0.527,-9.126,-2.596,-0.13355517,0.26591587,0.1473484,0.0,0.0,0.0
0.468,-9.101,-2.589,-0.19255519,0.29091644,0.15434837,0.0,0.0,0.0
0.493,-9.143,-2.521,-0.1648201,0.24828339,0.22517323,0.0,0.0,0.0
0.474,-9.158,-2.478,-0.18083814,0.23164368,0.27448678,0.0,0.0,0.0
0.43,-9.085,-2.491,-0.22389174,0.3044443,0.26239324,0.0,0.0,0.0
0.471,-9.062,-2.519,-0.18085775,0.32659435,0.23776746,0.0,0.0,0.0
0.51,-9.095,-2.515,-0.14047056,0.29306316,0.24390554,0.0,0.0,0.0
0.463,-9.098,-2.527,-0.18716258,0.28994846,0.23236322,0.0,0.0,0.0
0.408,-9.109,-2.601,-0.2410165,0.27861977,0.15975595,0.0,0.0,0.0
0.408,-9.109,-2.601,-0.2410165,0.27861977,0.15975595,0.0,0.0,0.0
2.938,-10.2,-7.482,2.2889833,-0.81237984,-4.721244,0.0,0.0,0.0
2.938,-10.2,-7.482,2.2889833,-0.81237984,-4.721244,0.0,0.0,0.0
-1.474,-5.882,-3.982,-2.1230164,3.50562,-1.2212441,0.0,0.0,0.0
