1.95,-9.774,-0.302,0.065699816,0.1733141,0.043522835,0.041097444,0.118974276,9.949494
1.696,-5.305,-0.411,0.047234178,0.14200068,-0.005166054,0.011643291,0.119288616,9.89641
-0.607,-7.015,0.511,-0.13628507,0.049729824,-0.08749151,-0.16678903,0.029282767,9.801609
-0.94,-7.392,0.663,0.009934902,0.16361666,-0.38539648,-0.1771922,0.34769812,9.654635
0.656,-7.512,2.851,-0.024063468,0.25298166,-0.30086374,-0.19157375,0.34313962,9.781099
1.863,-7.405,3.312,-0.0277884,0.17359924,0.36133337,0.084078714,-0.1113749,10.1834755
1.737,-8.988,-0.679,-0.092181444,0.057384014,0.44727516,0.083473794,-0.26899183,10.170685
1.015,-9.826,-2.02,-0.17387903,0.029729366,0.34085608,-0.02648974,-0.25769675,10.089833
-2.685,-10.893,-2.596,-0.20157743,0.11607885,-0.055558205,-0.22563623,0.028553512,9.880592
-5.703,-10.633,-1.607,-0.2007612,0.46931314,-0.11966944,-0.31917712,0.30907243,10.085003
-3.24,-6.906,-4.467,-0.07005012,0.537395,0.63988876,0.0849641,-0.046852957,10.639563
-2.678,-9.325,-3.91,-0.002513051,0.36975956,0.7653799,0.22797857,-0.20918767,10.598357
-4.628,-12.194,-2.862,-0.06212616,0.1548438,0.4741783,0.101499565,-0.20548986,10.254032
-5.707,-12.837,-3.36,-0.059063554,0.18818617,0.51603365,0.1146085,-0.20656428,10.30604
-4.959,-12.773,-4.855,-0.25077474,0.34018755,-0.13979769,-0.34675148,0.2125081,9.987655
-5.129,-14.021,0.31,-0.21941698,0.40270662,-0.10896683,-0.3188287,0.24962868,10.047947
-3.155,-13.682,0.671,-0.090860486,0.43537855,0.46843338,0.018095186,-0.02159476,10.451976
0.415,-13.929,-2.822,-0.030150414,0.39864826,0.7605796,0.19502985,-0.19703786,10.6199465
5.027,-14.626,-3.117,0.03436637,0.40912676,0.3110385,0.072882704,0.106707856,10.305262
9.817,-16.827,1.37,0.040629506,0.4686308,0.14358902,2.6451817E-4,0.2505286,10.229873
11.863,-19.523,1.489,0.03821957,0.4404273,0.42403936,0.1146413,0.06190684,10.405208
6.482,-19.462,-5.098,0.025370836,0.30303,0.2918334,0.07799432,0.04205533,10.218702
0.021,-18.143,-1.531,0.023320317,0.21457672,0.36758566,0.12359175,-0.064459495,10.209484
-6.72,-17.441,-0.63,0.008256316,0.22950792,0.65202904,0.21967188,-0.23095305,10.4200735
-3.617,-12.069,-0.101,-0.0139917135,0.31592464,0.39123678,0.07946255,-0.024911636,10.302771
-0.221,-7.915,1.474,0.011117697,0.4153924,0.16314697,-0.008381034,0.19025798,10.210411
2.929,-2.199,3.243,0.020956278,0.4203925,0.37789536,0.084440105,0.06891424,10.361712
3.984,0.107,3.323,-0.007758975,0.35371208,0.33028316,0.053343464,0.040026836,10.286037
3.106,2.266,2.403,-0.08036399,0.24594879,0.28401184,-0.008417541,-0.03602736,10.189068
2.402,2.682,1.531,-0.112976074,0.16602421,0.17771006,-0.063768744,-0.04040227,10.063962
0.795,0.597,0.988,-0.11359739,0.08768654,0.04858446,-0.099934496,-0.01655399,9.9193125
0.305,-0.428,0.787,-0.12731409,0.15809345,-0.048901558,-0.16468218,0.0844794,9.903277
0.569,-0.225,-0.63,-0.046366096,0.26304102,0.274652,0.015239281,-0.0044548684,10.189432
-1.438,-6.766,-9.101,0.0027222633,0.23910427,0.38873482,0.108983845,-0.06895786,10.244439
0.295,-11.847,-13.739,0.03480208,0.2633257,0.26243877,0.08280618,0.036738094,10.168893
0.823,-17.114,-11.775,-0.0011073351,0.3125353,0.39586735,0.093652844,-0.024503237,10.301643
-0.224,-19.614,-12.476,-0.15731394,0.21832037,0.27725697,-0.07437403,-0.08250534,10.17671
1.698,-6.979,-9.775,-0.2571491,0.16688347,-0.19989586,-0.34241217,0.12792198,9.824644
1.698,-6.979,-9.775,-0.22913122,0.11860561,-0.26685524,-0.334299,0.14682797,9.739822
1.698,-6.979,-9.775,-0.1867578,0.08260536,0.009346962,-0.18007909,-0.026417365,9.899725
1.698,-6.979,-9.775,-0.122175336,0.17492914,-0.09199715,-0.18033567,0.12429318,9.884242
1.698,-6.979,-9.775,-0.056390405,0.32055712,0.12072039,-0.0663281,0.12350351,10.124231
-4.802,-0.893,5.882,-0.013577938,0.3842106,0.5686822,0.13568054,-0.08354034,10.474342
-0.26,-5.154,11.945,-0.123492,0.2882061,0.6121917,0.07293569,-0.22103772,10.453887
1.5,-14.704,-2.822,-0.20975268,0.0674448,0.57239103,0.024250746,-0.38452503,10.283859
-4.986,-17.579,0.471,-0.21361291,0.021152496,-0.07890034,-0.22696747,-0.027004179,9.798918
-0.725,-12.773,1.145,-0.1867522,0.16723585,-0.6127882,-0.44331142,0.40427038,9.526663
3.485,-5.861,-2.314,-0.1489557,0.45357466,-0.50985956,-0.4261338,0.5532721,9.793404
2.501,-4.349,-1.136,-0.09270668,0.58828354,0.035954,-0.18790704,0.3414472,10.25839
0.8,-6.547,-0.322,0.0049717426,0.50247765,0.6766019,0.16844094,-0.058950506,10.630331
0.029,-8.104,-0.301,-0.016939402,0.36410093,0.78926563,0.2208424,-0.22988467,10.615462
0.237,-6.935,1.788,-0.09072614,0.27050972,0.72044563,0.14677234,-0.283839,10.512584
0.872,-6.076,2.179,-0.09283948,0.24714518,0.30923033,-0.0122398585,-0.055463012,10.209263
0.059,-7.531,1.269,-0.12961113,0.30156803,-0.29753637,-0.29647192,0.32839972,9.829641
-0.524,-9.612,-0.949,-0.06692302,0.44546652,-0.19394302,-0.22991835,0.39070633,9.993785
-1.726,-10.455,-2.321,-0.009565353,0.5794158,-0.043875217,-0.14812076,0.4161972,10.184247
-2.533,-11.086,-2.566,-0.0021344423,0.6150603,-0.08707857,-0.1670886,0.4689969,10.178147
-0.284,-8.335,-4.336,-0.02647698,0.62523365,0.17824316,-0.08698855,0.30678403,10.373841
-1.028,-9.401,-3.663,-0.06337118,0.60239744,0.5582442,0.033961087,0.049610555,10.628186
-3.819,-12.517,-2.284,-0.040572524,0.4946766,0.8117137,0.17647256,-0.16403309,10.727075
-4.397,-12.722,-3.807,-0.16868865,0.34611225,0.8250551,0.09931621,-0.3273857,10.650405
-6.246,-12.022,-3.131,-0.409294,0.2283907,0.6412549,-0.16243336,-0.40047163,10.473081
-7.255,-13.938,-0.096,-0.3092116,0.27537727,0.42388391,-0.1682922,-0.19669534,10.339672
-6.917,-14.101,1.592,-0.15983975,0.28944254,0.043301105,-0.1878882,0.10280006,10.062249
-1.346,-13.768,-1.211,-0.027516484,0.26625633,-0.07503986,-0.11174661,0.213834,9.944737
6.032,-15.391,-3.451,0.18881512,0.37857914,0.09251785,0.12270976,0.28288254,10.11071
8.375,-15.902,-0.096,0.4329142,0.37701178,0.15932465,0.36689004,0.34685567,10.1229105
10.61,-15.838,2.105,0.618265,0.32347584,0.29171467,0.5968614,0.3104583,10.152132
9.838,-18.818,0.512,0.6730046,0.35488224,0.55042744,0.7426651,0.19851746,10.345989
3.751,-18.568,-4.313,0.12055457,0.26875448,0.63634634,0.30155486,-0.14749528,10.422288
-3.459,-17.294,-0.704,0.103946686,-0.0443058,-0.25156355,0.0037704243,0.16438213,9.585253
-7.303,-16.966,-1.29,-0.47882164,0.53781605,-0.27909803,-0.6457223,0.338587,10.061236
-1.024,-10.894,0.352,-0.089613676,0.10413885,-0.02955389,-0.112348795,0.05259582,9.872682
2.026,-0.557,2.714,-0.3543675,0.07030153,-0.094341755,-0.36959624,-0.038026508,9.843686
1.793,-0.305,2.752,-0.50050974,0.052444458,0.10265303,-0.42222798,-0.22868346,9.988929
4.108,1.782,2.726,-0.7290524,0.30650377,0.41792965,-0.5578023,-0.3453621,10.414687
3.651,1.948,2.918,-0.7514529,0.5901518,0.37023115,-0.65870136,-0.14674732,10.57776
1.982,0.902,1.117,-0.88875175,0.7196264,0.26276064,-0.8588413,-0.0706442,10.603007
1.03,-0.379,-0.424,-0.77998173,0.95731735,0.0119485855,-0.92501456,0.26102468,10.58201
-0.077,-1.614,-1.231,-0.49804044,1.1784115,-0.08497715,-0.78733087,0.55709,10.651446
-1.307,-4.14,-4.781,-0.3128656,1.4154787,0.09004831,-0.634659,0.65943736,10.934446
-1.757,-7.043,-8.605,-0.34239703,1.3474736,0.7965307,-0.40513083,0.10268941,11.353488
-1.497,-10.063,-12.012,0.6546544,1.2338796,1.0907569,0.5838139,0.27760836,11.456765
-0.147,-14.866,-11.389,0.7370268,0.97225857,0.9447684,0.6625517,0.20986736,11.184353
0.092,-14.301,-9.616,0.2554419,0.6606002,0.67558336,0.24834257,-0.01974345,10.753219
-0.933,-8.248,-10.114,-0.054189205,0.1177721,0.5757947,0.1267046,-0.39614597,10.225411
-2.475,-5.819,-9.345,-0.17015862,-0.07960987,0.4475999,0.04637427,-0.4530682,9.974628
2.52,-8.554,-6.655,-0.2703758,-0.11709213,0.3498745,-0.06431024,-0.4486517,9.868305
9.41,-17.365,3.191,0.010680079,-0.18004894,0.6936145,0.32536945,-0.6032306,10.016127
8.358,-19.614,-4.719,-0.2375722,-0.25012493,0.35234165,0.008432211,-0.48886925,9.742746
0.53,-11.441,-2.815,-0.43043286,-0.30080128,0.27946424,-0.16973647,-0.5427095,9.63198
-3.615,5.709,6.062,-0.25873494,-0.22937965,0.447196,0.0150397755,-0.56482846,9.789752
3.24,-2.206,11.219,-0.33183074,-0.34213352,0.5145006,0.012256355,-0.6936157,9.70357
2.471,-13.774,-5.621,-0.5978718,-0.41996288,-0.11628771,-0.42421627,-0.33009788,9.298302
-8.227,-19.614,3.084,-0.60362405,-0.26506424,-0.4475503,-0.6017532,-0.0013145134,9.284335
-2.377,-14.553,0.892,-0.5406328,-0.26239967,-0.5692172,-0.5922632,0.13371454,9.244076
4.156,-3.888,-2.826,-0.29975927,-0.030265808,-0.76937485,-0.5323496,0.48699397,9.403971
5.13,-1.264,-0.028,0.30262864,0.23680592,-0.55164695,-0.019589921,0.6714618,9.833681
1.237,-5.939,-0.005,0.41444933,0.16818142,0.12254572,0.34677994,0.14444591,10.0785885
-0.649,-8.948,-1.243,-0.070246935,-0.10307598,0.01823616,-0.018804736,-0.07868567,9.70997
-0.286,-8.631,1.059,-0.5685036,-0.17080688,-0.9637599,-0.7892815,0.4857978,9.156852
1.689,-6.632,3.183,-0.6102264,0.077599525,-1.8814054,-1.2531347,1.3040489,9.002165
0.68,-7.826,2.02,-0.18785644,0.40680122,-2.5398943,-1.2553756,2.1435637,9.113104
-0.535,-10.531,-1.971,0.16629314,0.14215088,-1.6557281,-0.5304575,1.498597,9.294676
-1.301,-10.433,-3.501,0.10586047,-0.028305054,-0.09175992,0.0660198,0.11991987,9.765566
-1.618,-10.058,-3.295,-0.018831491,0.2378931,0.6907878,0.15056969,-0.5166921,10.301112
-3.375,-10.633,-1.963,1.335141,0.68550396,1.1211939,1.271478,-0.084811635,11.179874
-3.155,-12.125,-2.758,1.8513768,0.686985,1.0415597,1.6667076,0.24320142,11.272029
-4.776,-12.136,-4.285,0.9407351,0.62267685,0.2616601,0.63998455,0.41993645,10.6757
-5.703,-12.197,-4.107,0.46899366,0.08080864,0.545269,0.5656669,-0.19198371,10.215266
-5.742,-13.2,-1.188,-0.16852498,-0.25764465,0.23939991,0.044859294,-0.35779265,9.658104
-4.642,-12.996,0.642,-0.012896419,0.058470726,-0.9463787,-0.38168454,0.7674443,9.400984
-0.714,-12.81,-0.173,0.33355558,-0.024365425,-0.85817504,-0.021812519,0.8360425,9.420807
3.252,-14.564,-3.922,0.20792687,-0.2695341,-0.1397891,0.22512117,0.108906455,9.53668
6.814,-17.25,-1.665,-0.44832838,-0.23963451,0.41147804,-0.15591832,-0.63372374,9.763981
10.611,-19.614,0.127,-0.7644151,-0.08883381,0.78639555,-0.36085093,-0.997903,10.097539
5.277,-19.284,-4.658,-0.9676908,-0.17822886,0.6540437,-0.5617694,-1.0291299,9.9524975
2.912,-17.996,-4.049,-0.6326093,0.24289417,0.19352102,-0.563995,-0.31603584,10.087138
-4.188,-15.763,-1.193,-0.1603947,0.56541634,0.12379265,-0.25822446,0.13133036,10.332787
-4.88,-13.509,-0.065,-0.24030456,0.7281742,0.41431808,-0.25900555,-0.006001347,10.63883
1.009,-7.796,2.71,-0.19300422,0.87638426,0.5938754,-0.17772974,-0.010564145,10.867917
2.844,-3.723,3.396,0.057661235,1.0920234,0.527513,-0.014104439,0.28113097,10.9876995
3.114,-2.065,3.914,-0.128762,1.0566969,-0.09041214,-0.3833704,0.62218076,10.585931
3.725,1.813,3.669,-0.22981817,1.0951223,-0.4426241,-0.59893686,0.85548604,10.404515
2.494,5.152,1.594,-0.23348546,1.1563907,-0.3553295,-0.5723517,0.8371893,10.506323
1.661,2.722,0.986,-0.21238995,0.95295286,-0.15412378,-0.43186972,0.59180266,10.470157
1.23,0.06,1.772,-0.055425286,0.90520954,0.082722664,-0.1871143,0.46794626,10.56516
0.243,-1.381,0.629,-0.012054682,0.8982258,0.52683353,0.022243984,0.17970255,10.832186
-0.236,-2.815,-1.619,0.22201669,0.8280277,0.8706784,0.38120168,-0.005543184,10.967536
-0.855,-5.36,-5.922,0.19302404,0.5870385,0.4301591,0.2410271,0.13839705,10.50641
-0.632,-9.853,-15.155,-0.045399904,0.57282495,-0.01458025,-0.13220778,0.34631363,10.245957
1.963,-11.657,-12.364,-0.029270291,0.49526453,0.24785662,-0.0032163258,0.12455003,10.347071
1.156,-14.611,-6.774,-0.38749683,0.24879313,-0.0059304237,-0.38978437,0.018361393,10.051229
1.257,-12.86,-9.587,-0.4559245,0.16967583,-0.21190071,-0.5180331,0.09037359,9.877594
1.228,-8.333,-12.129,-0.4768089,0.23490477,-0.38975334,-0.6097895,0.24939136,9.826538
2.976,-6.973,-11.975,-0.46305537,0.35683155,-0.74264765,-0.74203014,0.5768275,9.706977
5.823,-7.847,-12.454,-0.31430137,0.403718,-0.9276371,-0.68055165,0.78742313,9.608917
9.506,-19.282,-3.817,-0.16439283,0.3068285,-0.792665,-0.4830398,0.68560255,9.591921
0.175,-18.026,-3.9,-0.061798573,0.29143858,-0.68067455,-0.3458119,0.6338427,9.631345
0.175,-18.026,-3.9,0.119235516,0.3587036,-0.5240607,-0.1282441,0.6306988,9.7492285
0.175,-18.026,-3.9,0.23441541,0.3291049,-0.30352306,0.06327432,0.5001401,9.841917
0.175,-18.026,-3.9,0.32071102,0.3741684,-0.271976,0.14730853,0.53772444,9.883987
0.175,-18.026,-3.9,0.43740654,0.45450878,-0.3326583,0.22137864,0.672496,9.892115
0.175,-18.026,-3.9,0.25878584,0.47818375,-0.47255707,8.797862E-4,0.7188066,9.854146
0.175,-18.026,-3.9,0.08664942,0.4129901,-0.37126255,-0.11145285,0.5439986,9.893531
0.175,-18.026,-3.9,0.016988873,0.39980078,-0.17797852,-0.21525879,-0.32236502,10.010488
5.676,-3.214,13.13,0.11662996,0.4276595,0.0057635307,0.06000681,0.3007312,10.126788
4.887,-13.937,-3.991,0.12711024,0.4619832,-0.0019931793,0.063377365,0.33161637,10.146655
-3.416,-18.188,-3.988,0.10461354,0.49497652,-0.11089897,-0.002887145,0.41965613,10.110171
-3.634,-17.605,1.872,0.22819614,0.54876566,-0.20928526,0.06569374,0.5669639,10.073585
1.661,-7.393,-2.989,0.348848,0.5460386,0.41000223,0.41764757,0.17859152,10.424413
3.2,-2.378,-0.97,0.012742162,0.5011196,0.56247616,0.023250898,0.19172035,10.534914
3.2,-2.378,-0.97,-0.18693995,0.5595646,0.27392626,-0.12192231,0.087413825,10.43957
-1.119,-9.184,0.293,-0.2621621,0.5744071,0.064136505,0.019568896,-0.3469158,10.337736
-0.134,-10.53,1.101,-0.31410825,0.6038065,-0.08250141,-0.37829778,0.3180043,10.281852
1.202,-7.137,0.659,-0.39273155,0.69983435,-0.3020048,0.050918434,-0.73889816,10.23868
-0.002,-7.639,-0.281,-0.22205389,0.76940775,-0.23964357,-0.372945,0.56248933,10.299846
-0.143,-8.414,-1.871,0.17572951,0.8169937,-0.124231815,-0.46277162,-0.4699871,10.334616
-0.449,-9.175,-3.99,0.15907836,0.840281,-0.2209096,-0.026532022,0.7345937,10.296393
-1.031,-9.238,-3.198,0.044655323,0.8562274,-0.27050734,-0.3668341,-0.6571415,10.298474
-1.902,-7.522,-3.663,0.14428914,0.813077,-0.27304888,-0.061153624,0.7480126,10.246204
-3.406,-9.694,-3.49,0.26190114,0.77946854,-0.19171476,-0.52240616,-0.4931682,10.250264
-4.021,-11.751,-3.295,0.4007343,0.69985867,0.20359468,0.37100804,0.44604847,10.402666
-5.569,-11.862,-3.882,0.417817,0.66952133,0.45292187,0.4913297,0.2648263,10.52528
-6.975,-13.378,-1.723,0.34648466,0.67035866,0.30025053,0.36393785,0.34341136,10.446338
-4.932,-15.65,0.552,0.40245223,0.60940266,-0.14500666,-0.67318964,-0.04676095,10.121285
-0.283,-15.206,-0.906,0.5325953,0.48378754,-0.3524971,0.282412,0.7465326,9.876615
2.821,-14.506,-2.065,0.5913274,0.35831022,-0.3649478,-0.47660506,0.61806333,9.760979
5.978,-15.468,-0.162,0.6289432,0.34347725,-0.23916721,0.43104178,0.62035185,9.817308
9.59,-17.744,1.41,0.57198226,0.3443408,-0.12087774,-0.28895456,0.6067657,9.899853
6.756,-19.399,-2.231,0.39369857,0.31248713,-0.083180904,0.28443974,0.40398842,9.93096
2.379,-18.128,-3.301,0.3234192,0.3831606,-0.13897467,-0.45554036,0.19394718,9.966627
-4.319,-19.329,1.174,0.46741438,0.48483324,0.07266474,0.3924024,0.43326837,10.148876
-5.91,-17.662,-1.021,0.4572661,0.5453377,0.1217823,-0.4565118,0.36687857,10.228923
0.982,-8.543,2.178,0.2220484,0.46150064,-0.099552155,0.09969793,0.4377389,10.072439
3.362,-1.908,3.237,-0.16609251,0.3442526,-0.31222343,-0.1361646,-0.46047863,9.920661
2.704,0.033,2.91,-0.26466846,0.30328608,-0.5304718,-0.49922937,0.43963528,9.776263
3.609,2.214,2.672,-0.27694273,0.35477924,-0.74133825,-0.16873531,-0.8431388,9.693541
3.368,3.217,1.241,-0.18079841,0.48755074,-0.5583215,-0.4586764,0.6042417,9.888044
0.001,-0.369,-0.112,0.17119849,0.5311794,-0.1873498,-0.517362,0.064246096,10.080093
1.887,0.796,-0.857,0.35426617,0.5171685,0.019638062,0.26100865,0.447564,10.160084
2.597,0.134,-1.795,0.3698964,0.51617527,0.078240395,0.29979166,0.41470385,10.190743
1.093,-3.678,-3.036,0.04515612,0.49025297,0.025982857,-0.009954678,0.30331534,10.195189
-1.615,-8.066,-5.16,-0.09480381,0.54274607,-0.25424528,-0.5043305,-0.18224102,10.090626
-0.669,-13.909,-9.549,-0.014164805,0.71319866,-0.52013063,-0.3231736,0.7858905,10.046074
-2.418,-19.614,-13.86,0.17285848,0.8644366,-0.42038155,-0.8963621,0.0697945,10.188111
-3.315,-17.019,-13.783,0.14522743,0.8334389,-0.19258022,-0.05916412,0.7073655,10.305581
-3.498,-2.831,-9.266,-0.11528957,0.6768031,-0.1808734,-0.55669564,-0.08963104,10.238072
1.734,-5.596,-0.952,-0.35077155,0.54183245,-0.1070838,-0.43144345,0.26686656,10.219842
8.922,-18.123,4.674,-0.31294703,0.6026387,0.0077695847,-0.3589967,0.24267572,10.329526
4.773,-19.614,-7.621,-0.13732684,0.6782255,-0.21706629,-0.31115088,0.5092119,10.218784
-0.11,-7.275,-3.621,0.23183048,0.8691597,-0.69024515,-0.21593654,1.0935537,10.014338
0.001,3.779,5.91,0.4386214,0.9375324,-0.63563824,-0.024192367,1.1867803,10.064251
3.87,-3.29,12.289,0.6265476,0.79969263,-0.15795803,0.36484918,0.8678111,10.219939
1.228,-12.495,-1.009,0.31448698,0.68314314,0.039417267,0.18731774,0.53513134,10.302319
-8.382,-19.5,-0.82,0.04614389,0.5528116,0.10553312,-0.004331246,0.2978211,10.286389
-1.252,-13.87,0.037,-0.081166625,0.48131323,-0.04131031,-0.16981462,0.2949907,10.15893
5.549,-4.028,-1.397,-0.15893853,0.38830662,-0.35518074,-0.35766125,0.40671566,9.900764
6.013,-1.738,-0.527,-0.2951876,0.26291943,-0.4680333,-0.5058053,0.34165552,9.754208
3.293,-4.337,-0.348,-0.59077287,0.16508293,-0.6843996,-0.8438416,0.29061356,9.587236
-1.149,-9.484,0.863,-0.5496305,0.20883226,-0.9359703,-0.92191494,0.4931784,9.448052
-2.017,-10.066,1.829,-0.11590397,0.45569706,-0.5492916,-0.42115852,0.5877302,9.810316
-0.556,-8.216,2.565,0.63251096,0.8340502,-0.20435,0.30603743,0.94070756,10.205245
0.283,-8.936,-0.395,1.1850338,1.1624932,0.3240013,0.93880373,1.0718327,10.717964
-1.215,-10.178,-3.404,1.0088836,1.1927853,0.89218235,1.006178,0.6663326,11.140884
-2.785,-10.242,-2.763,0.56505615,1.15242,1.1591139,0.7313873,0.27859017,11.3488455
-3.268,-8.799,-3.885,-0.076014996,1.0738955,0.4152832,-0.12721838,0.39828405,10.882139
-4.623,-9.801,-3.565,-0.6767049,0.90239334,-0.24462652,-0.89436334,0.42530474,10.399368
-3.41,-12.338,-3.16,-0.8282993,0.82707024,-0.55926657,-1.1432663,0.5027586,10.15748
-4.327,-12.265,-3.91,-0.8397198,0.7627907,-0.72697115,-1.210618,0.55857867,10.001225
-5.305,-11.636,-3.192,-0.9542122,0.8668995,-0.6221652,-1.2922277,0.5038285,10.1608095
-3.386,-12.349,-1.592,-0.7972567,1.0123463,-0.06938934,-0.957803,0.3199472,10.610098
-3.386,-12.349,-1.592,-0.15922844,0.90592194,0.5024681,-0.13788134,0.18971369,10.8281765
-3.386,-12.349,-1.592,0.15919936,0.6486192,0.20131207,0.06838255,0.35950816,10.400499
-3.386,-12.349,-1.592,0.050168753,0.4107461,-0.24327135,-0.16251084,0.43012825,9.944454
-3.386,-12.349,-1.592,-0.26760232,0.20149851,-0.242311,-0.38715118,0.14364499,9.826832
11.692,-19.36,-0.105,-0.7207689,-0.07998228,0.53817415,-0.36741322,-0.7326845,10.18575
8.039,-19.614,-3.395,-0.76995945,-0.0929575,0.4908309,-0.42206943,-0.7398276,10.148565
-1.59,-17.86,-0.679,-0.59305394,0.2567706,-0.2515459,-0.6875691,0.0099563105,9.896481
-7.118,-17.636,-1.43,-0.11781943,0.65215683,-0.59024525,-0.5428659,0.694177,9.911507
-7.042,-15.373,-1.387,0.036047935,0.8811207,-0.50998735,-0.4456906,0.8634163,10.112646
1.126,-3.692,2.276,0.059236765,0.99579287,0.009938717,-0.23156548,0.6377084,10.538031
2.244,-2.087,2.935,0.42711318,1.0856986,0.47919703,0.25655115,0.6140821,10.878043
2.834,-0.127,3.362,0.8233314,1.1903958,0.4432521,0.53161,0.91485465,10.889157
2.979,1.948,3.03,0.9958405,1.2324739,0.23220015,0.5573146,1.1599365,10.759832
2.839,2.574,1.802,1.017809,1.1732764,0.13471222,0.54382306,1.1953729,10.646891
1.09,0.545,0.037,0.83709437,1.0209742,-0.08544254,0.33510014,1.1317929,10.404284
0.632,0.111,-0.58,0.69153285,1.003314,-0.3793459,0.07888631,1.2094406,10.2063875
-0.022,-0.581,-2.816,0.726367,1.1040063,-0.38473606,0.070007384,1.2948444,10.268105
-1.017,-4.093,-5.016,0.81604266,0.9368596,0.036842823,0.3938881,1.007905,10.418179
-2.384,-8.608,-7.475,0.38092238,0.5583439,0.2798028,0.26893714,0.4009904,10.356213
-0.994,-15.494,-10.725,-0.26539207,0.36217117,0.28376436,-0.20265734,-0.075531274,10.291777
-0.851,-19.469,-13.72,-0.13615596,0.4797349,0.35640526,-0.10144957,0.03244815,10.4102745
-0.606,-9.576,-12.197,0.3120759,0.62896633,0.5807066,0.32264507,0.25461286,10.619843
0.084,-4.257,-7.937,0.13932526,0.59357166,0.3337493,0.07656142,0.27722156,10.439433
5.132,-14.933,-2.241,-0.3452022,0.4632721,0.37323284,-0.26796067,-0.08450982,10.434458
5.362,-19.614,1.68,-0.3691827,0.39721918,0.961391,-0.0044645374,-0.44502637,10.81674
3.961,-12.27,-4.807,-0.15043175,0.42161512,1.0165067,0.19157004,-0.33444598,10.848342
1.783,3.287,0.041,0.38327658,0.5298724,0.6877341,0.44823962,0.20140974,10.618537
-1.324,-0.985,11.87,0.7642766,0.44987202,0.2747345,0.3939713,0.7334132,10.217594
6.042,-11.087,4.763,0.08204138,0.14562416,0.13844681,0.08009399,0.06951591,9.996011
-4.351,-19.027,-3.728,-0.20260012,-0.26977682,-0.025599957,-0.085406646,-0.27589664,9.630387
-5.887,-17.962,2.224,0.1036728,-0.5757098,-0.12416172,0.23352207,-0.2544085,9.3184395
0.556,-7.63,-1.378,0.7449685,-0.65731,0.11737633,0.9014174,-0.06266927,9.377312
2.796,-2.613,-1.358,0.9387307,-0.6858382,0.2932992,1.1516528,-0.048764795,9.476602
-0.487,-5.439,0.02,0.9017755,-0.67028856,0.11286402,1.0380868,0.0409273,9.364017
-0.723,-7.692,0.94,0.8540424,-0.8339343,-0.60674334,0.74760896,0.28092405,8.731878
-0.019,-8.436,1.982,0.72205037,-1.0633888,-0.8096552,0.6491751,0.16289851,8.442931
2.079,-9.037,2.356,0.44175112,-1.4343596,-0.03482437,0.92117983,-0.62949526,8.802204
2.493,-8.843,-0.606,0.23671553,-1.6886992,1.0669928,1.3423932,-1.4645048,9.4913435
-1.178,-8.864,-2.199,0.33001685,-1.5391736,1.1814909,1.4065156,-1.3712401,9.682953
-1.792,-8.312,-1.599,0.4342373,-1.0616322,0.5639372,1.0300995,-0.701596,9.523263
-3.561,-9.259,-0.362,0.79053247,-0.44802618,0.25622702,0.9318121,0.04977663,9.663229
-4.396,-9.788,-4.301,1.1479261,0.048531055,0.24868631,1.012591,0.5794587,9.950949
-3.287,-9.802,-3.1,0.7956709,0.32900667,0.31659698,0.64285624,0.5205941,10.203249
-5.694,-11.837,-2.76,0.3429949,0.32440948,0.52955675,0.36634737,0.15327789,10.39454
0.375,-14.653,-0.186,6.100568,-7.4179688,-3.509035,-10.108945,-1.3581692,10.528544
3.595,-13.78,-2.607,9.582159,-6.576732,-5.511694,0.0,0.0,0.0
4.713,-16.558,0.28,10.972494,-9.35309,-1.973525,0.0,0.0,0.0
10.354,-19.126,1.367,16.817667,-11.953145,-0.3480959,0.0,0.0,0.0
8.741,-19.614,-3.022,15.333099,-12.479113,-4.36662,0.0,0.0,0.0
2.643,-17.762,-4.064,9.335234,-10.70212,-5.30597,0.0,0.0,0.0
-4.445,-17.718,0.038,2.4090118,-10.80147,-1.1258186,0.0,0.0,0.0
-7.676,-17.317,-0.322,-0.45694876,-10.718294,-1.0380797,0.0,0.0,0.0
-1.581,-9.568,1.55,6.120078,-3.4977279,1.4251896,0.0,0.0,0.0
1.904,-4.349,2.812,9.949969,1.2377329,3.2822638,0.0,0.0,0.0
3.255,-2.012,3.629,11.44673,3.2534795,4.78687,0.0,0.0,0.0
3.747,0.337,3.783,11.972756,5.3391843,5.649938,0.0,0.0,0.0
3.374,2.385,3.097,11.535212,7.183358,5.654495,0.0,0.0,0.0
2.103,1.91,1.584,10.1401415,6.5592375,4.739836,0.0,0.0,0.0
0.698,0.254,0.873,8.585668,4.7959867,4.523402,0.0,0.0,0.0
1.243,-0.037,-0.277,8.949142,4.4807944,3.7696376,0.0,0.0,0.0
1.171,-1.144,-3.469,8.739237,3.4424558,0.756706,0.0,0.0,0.0
-0.735,-5.325,-6.522,6.7828174,-0.6356578,-2.3192773,0.0,0.0,0.0
-1.815,-10.093,-9.339,5.6962967,-5.337289,-5.1996756,0.0,0.0,0.0
-0.737,-16.383,-12.391,6.791105,-11.6548,-8.250692,0.0,0.0,0.0
-0.78,-18.652,-13.528,6.7527094,-14.006211,-9.303628,0.0,0.0,0.0
0.542,-7.999,-11.685,8.014867,-3.4836602,-7.2197633,0.0,0.0,0.0
3.577,-5.185,-5.687,11.139849,-0.7908764,-1.2524352,0.0,0.0,0.0
5.362,-18.421,-1.734,12.944582,-14.014518,2.6543677,0.0,0.0,0.0
2.321,-19.279,-0.35,9.950344,-14.76176,3.840229,0.0,0.0,0.0
3.006,-3.424,-2.743,10.597135,1.1221535,1.4851847,0.0,0.0,0.0
-2.648,2.548,2.31,4.9243803,7.141325,6.5207953,0.0,0.0,0.0
2.73,-6.354,12.282,10.554817,-1.579256,15.766884,0.0,0.0,0.0
3.528,-16.349,-2.481,11.148545,-11.037809,0.663666,0.0,0.0,0.0
-6.225,-19.614,0.276,1.3060637,-13.982311,3.0576427,0.0,0.0,0.0
-0.204,-12.501,1.027,7.3052325,-6.626853,3.3239968,0.0,0.0,0.0
3.434,-2.515,-2.066,10.918829,3.5854337,-0.35356963,0.0,0.0,0.0
1.377,-4.678,0.345,8.788156,1.6483545,1.4506155,0.0,0.0,0.0
-1.061,-7.948,-0.844,6.300508,-1.5155435,-0.0680545,0.0,0.0,0.0
-1.507,-9.044,-0.308,5.733719,-2.4307737,-0.22074562,0.0,0.0,0.0
-0.624,-8.567,1.847,6.4552855,-1.7993903,1.3434727,0.0,0.0,0.0
0.519,-8.164,1.189,7.433784,-1.2735639,0.25196868,0.0,0.0,0.0
-0.141,-8.87,-1.207,6.612246,-1.8671255,-2.4414248,0.0,0.0,0.0
0.029,-8.544,-2.248,6.62404,-1.4404202,-3.7362833,0.0,0.0,0.0
0.32,-9.295,-2.345,6.732231,-2.09626,-4.1427245,0.0,0.0,0.0
-1.013,-9.372,-3.264,5.188186,-2.075787,-5.380825,0.0,0.0,0.0
-2.088,-8.143,-4.492,3.9039352,-0.7552581,-6.877027,0.0,0.0,0.0
-3.717,-11.14,-2.609,2.060635,-3.6573381,-5.216507,0.0,0.0,0.0
-3.517,-12.634,-3.693,2.0775802,-5.0954585,-6.5287437,0.0,0.0,0.0
-5.761,-12.016,-4.216,-0.321764,-4.4286165,-7.2187843,0.0,0.0,0.0
-6.922,-12.535,-1.384,-1.5830774,-4.909699,-4.469623,0.0,0.0,0.0
-5.778,-13.773,0.919,-0.4230647,-6.147829,-2.1390734,0.0,0.0,0.0
-2.727,-13.64,-0.108,2.8140695,-6.0763493,-2.9816933,0.0,0.0,0.0
1.538,-14.64,-2.437,7.3951488,-7.154879,-4.853018,0.0,0.0,0.0
6.396,-16.108,-1.828,12.582836,-8.707836,-3.5974567,0.0,0.0,0.0
10.483,-16.944,2.129,16.938255,-9.666847,0.88679147,0.0,0.0,0.0
10.886,-17.801,3.099,17.464193,-10.598167,2.0905635,0.0,0.0,0.0
7.134,-18.64,-1.57,13.816565,-11.514854,-2.4337175,0.0,0.0,0.0
2.024,-17.76,-3.275,8.998633,-10.906548,-4.0200257,0.0,0.0,0.0
-4.321,-17.743,-1.277,2.8346047,-11.056574,-1.786304,0.0,0.0,0.0
0.477,-8.55,-1.018,7.6326046,-1.8635736,-1.527304,0.0,0.0,0.0
-0.289,-10.09,-3.12,6.866605,-3.4035735,-3.629304,0.0,0.0,0.0
-2.317,-10.297,-3.037,4.838605,-3.6105733,-3.546304,0.0,0.0,0.0
-1.711,-6.999,-4.011,5.444605,-0.31257343,-4.520304,0.0,0.0,0.0
-2.988,-10.507,-2.394,4.167605,-3.8205733,-2.903304,0.0,0.0,0.0
-4.937,-12.244,-2.751,2.0880675,-5.4298167,-3.372057,0.0,0.0,0.0
-4.084,-12.054,-3.802,2.8536472,-5.154713,-4.4647613,0.0,0.0,0.0
-4.399,-13.727,-0.96,2.5041976,-6.7912407,-1.6014551,0.0,0.0,0.0
-4.399,-13.727,-0.96,2.4936051,-6.778763,-1.5799761,0.0,0.0,0.0
-3.551,-13.836,-1.716,3.4153366,-6.9529905,-2.2305071,0.0,0.0,0.0
0.712,-13.458,-1.449,7.9945526,-6.894808,-1.2054628,0.0,0.0,0.0
4.125,-14.642,0.196,11.503637,-8.207875,0.76880765,0.0,0.0,0.0
8.964,-16.627,1.987,16.613998,-10.656017,3.3995245,0.0,0.0,0.0
7.522,-19.524,-1.115,15.237358,-13.705404,0.554592,0.0,0.0,0.0
2.931,-18.261,-4.709,10.9514065,-12.910463,-2.9159002,0.0,0.0,0.0
-2.584,-17.677,0.405,5.5542493,-12.504533,2.1896126,0.0,0.0,0.0
-6.854,-17.529,-0.518,1.5539207,-13.194448,2.0682964,0.0,0.0,0.0
-4.064,-13.434,0.408,4.514082,-9.86688,3.5484698,0.0,0.0,0.0
2.027,-4.77,2.74,10.65711,-1.5838635,6.1370745,0.0,0.0,0.0
2.495,-3.122,2.793,11.109008,-0.2587402,6.503927,0.0,0.0,0.0
2.41,0.045,-0.145,10.958853,2.8856409,3.7303395,0.0,0.0,0.0
1.788,-2.581,-2.329,10.242094,0.32921147,1.6995678,0.0,0.0,0.0
-0.046,-7.169,-4.733,8.3500805,-4.149273,-0.66391563,0.0,0.0,0.0
0.277,-11.626,-7.415,8.644605,-8.473835,-3.3879118,0.0,0.0,0.0
-0.526,-19.16,-13.151,7.8112907,-15.983935,-9.080057,0.0,0.0,0.0
-3.783,-9.392,-12.884,4.3612804,-6.4532366,-8.2791395,0.0,0.0,0.0
-3.882,-3.692,-9.911,4.2335243,-0.85525846,-5.192786,0.0,0.0,0.0
0.096,-8.963,-0.758,8.365702,-6.265234,3.7701845,0.0,0.0,0.0
5.192,-19.614,1.055,13.477877,-16.813616,5.490365,0.0,0.0,0.0
4.394,-10.934,-7.977,12.650826,-8.034634,-3.5510678,0.0,0.0,0.0
1.688,4.951,3.065,9.793441,7.7504516,7.8226533,0.0,0.0,0.0
0.258,1.122,11.327,8.499874,4.106863,15.723873,0.0,0.0,0.0
5.477,-10.576,5.416,13.875499,-7.0819383,9.080305,0.0,0.0,0.0
-4.339,-17.454,-3.665,3.9447064,-13.467829,-0.2501793,0.0,0.0,0.0
-5.474,-17.551,2.068,2.763547,-13.313373,5.286029,0.0,0.0,0.0
1.374,-8.812,-2.092,9.589266,-4.318104,0.82084846,0.0,0.0,0.0
3.641,-3.718,-1.68,11.860419,1.0149283,0.81216896,0.0,0.0,0.0
2.655,-4.601,-0.678,10.837189,0.38928175,1.4002781,0.0,0.0,0.0
-1.055,-8.864,0.037,7.0653462,-3.5995522,1.6231658,0.0,0.0,0.0
-1.019,-9.492,1.993,7.063753,-4.0747533,3.2148497,0.0,0.0,0.0
1.873,-6.808,1.427,9.883654,-1.2302017,2.3693213,0.0,0.0,0.0
1.293,-7.838,-0.229,9.205302,-2.0945296,0.531533,0.0,0.0,0.0
0.574,-9.493,-2.053,8.379965,-3.5809817,-1.5188324,0.0,0.0,0.0
-0.666,-9.642,-2.533,7.018157,-3.5531964,-2.3080852,0.0,0.0,0.0
-2.651,-10.306,-1.841,4.908541,-4.059836,-1.9366355,0.0,0.0,0.0
-2.023,-8.733,-4.107,5.4138136,-2.3506436,-4.467154,0.0,0.0,0.0
-2.712,-8.314,-4.062,4.5900793,-1.7889814,-4.585617,0.0,0.0,0.0
-5.525,-11.194,-2.77,1.6635075,-4.554905,-3.4166284,0.0,0.0,0.0
-3.654,-11.198,-4.194,3.4556696,-4.4833264,-4.92621,0.0,0.0,0.0
-3.541,-11.709,-3.04,3.5213785,-4.9484687,-3.8070889,0.0,0.0,0.0
-4.434,-12.705,-1.498,2.6253,-5.935718,-2.2145784,0.0,0.0,0.0
-4.151,-14.265,-0.126,3.009841,-7.586958,-0.67050236,0.0,0.0,0.0
-0.482,-14.244,-1.236,6.866269,-7.752069,-1.4037716,0.0,0.0,0.0
1.577,-15.192,-1.939,9.110089,-8.936457,-1.3994513,0.0,0.0,0.0
7.292,-15.834,-0.413,14.983688,-9.866368,0.7683922,0.0,0.0,0.0
10.232,-16.682,1.003,18.056807,-11.007052,2.6576169,0.0,0.0,0.0
10.172,-17.838,0.074,18.06573,-12.307973,1.8845849,0.0,0.0,0.0
3.629,-16.947,-3.432,11.717124,-11.716112,-1.5906903,0.0,0.0,0.0
-0.072,-16.712,-0.839,8.239387,-11.821407,0.94238675,0.0,0.0,0.0
-8.023,-18.146,-0.993,0.47765636,-13.8163595,1.2793205,0.0,0.0,0.0
0.103,-9.578,1.637,8.825765,-6.0986166,4.461471,0.0,0.0,0.0
2.833,-3.396,3.158,11.60855,-0.63452363,6.554222,0.0,0.0,0.0
3.009,-1.725,3.348,11.655259,0.5514091,7.3767123,0.0,0.0,0.0
3.08,1.168,2.417,11.492539,3.0314102,7.099656,0.0,0.0,0.0
2.931,1.902,1.27,11.044247,3.4410987,6.5593066,0.0,0.0,0.0
1.726,-0.383,-0.057,9.514212,0.9380903,5.7540975,0.0,0.0,0.0
0.764,-1.268,-0.262,8.236761,-0.10047066,5.980204,0.0,0.0,0.0
1.191,-1.252,-0.6,8.370449,-0.13258731,5.9858036,0.0,0.0,0.0
1.185,-2.24,-3.204,8.161716,-1.0503205,3.58426,0.0,0.0,0.0
-0.488,-5.659,-5.98,6.436175,-4.3440094,0.8388686,0.0,0.0,0.0
-0.214,-7.777,-9.538,6.7159395,-6.323845,-2.753117,0.0,0.0,0.0
0.423,-13.542,-11.39,7.3248115,-11.956674,-4.6060395,0.0,0.0,0.0
-1.189,-18.465,-11.287,5.626151,-16.817802,-4.430556,0.0,0.0,0.0
-1.188,-8.669,-10.087,5.43404,-7.0999804,-3.026041,0.0,0.0,0.0
-0.95,-2.971,-8.004,5.6046405,-1.4428167,-0.8715601,0.0,0.0,0.0
3.736,-8.014,-2.65,10.47864,-6.447385,4.296431,0.0,0.0,0.0
9.65,-17.402,1.264,16.650295,-15.676232,7.9114037,0.0,0.0,0.0
0.337,-19.614,-7.195,7.2657824,-17.83698,-0.48645735,0.0,0.0,0.0
-4.583,-3.772,2.309,2.3154259,-2.1881142,9.096739,0.0,0.0,0.0
-4.583,-3.772,2.309,2.3154259,-2.1881142,9.096739,0.0,0.0,0.0
-4.583,-3.772,2.309,2.3154259,-2.1881142,9.096739,0.0,0.0,0.0
-4.583,-3.772,2.309,2.3154259,-2.1881142,9.096739,0.0,0.0,0.0
-4.583,-3.772,2.309,2.3154259,-2.1881142,9.096739,0.0,0.0,0.0
-1.356,-16.369,-0.569,5.956253,-12.957788,5.004595,0.0,0.0,0.0
4.398,-4.36,-2.906,11.815264,-0.6357713,2.317476,0.0,0.0,0.0
4.946,-1.935,-1.191,12.415666,2.1453247,3.6798759,0.0,0.0,0.0
1.015,-5.177,-0.811,8.546592,-0.71553516,3.6095014,0.0,0.0,0.0
-2.421,-10.017,0.083,5.1662536,-5.2346287,4.049472,0.0,0.0,0.0
-1.405,-9.543,1.801,6.215439,-4.54125,5.417874,0.0,0.0,0.0
1.185,-6.579,1.356,8.7759,-1.3714261,4.7367964,0.0,0.0,0.0
0.556,-8.807,-1.547,8.063925,-3.387298,1.6822845,0.0,0.0,0.0
-0.39,-9.435,-3.049,7.015914,-3.7650738,-0.020015955,0.0,0.0,0.0
-2.117,-9.848,-3.152,5.175739,-3.8981285,-0.39784098,0.0,0.0,0.0
-2.797,-8.551,-5.221,4.3913665,-2.364685,-2.7255476,0.0,0.0,0.0
-4.355,-9.128,-4.993,2.7365503,-2.7709293,-2.6546404,0.0,0.0,0.0
-4.082,-12.637,-3.639,2.9274626,-6.1650543,-1.3692582,0.0,0.0,0.0
0.036,-12.75,-6.001,7.0051074,-6.2130513,-3.7941396,0.0,0.0,0.0
-0.601,-12.17,-5.177,6.3454156,-5.6001487,-2.99646,0.0,0.0,0.0
-3.99,-13.564,-2.248,2.96428,-7.00705,-0.053744078,0.0,0.0,0.0
-6.009,-15.165,0.25,1.0231853,-8.724272,2.5381823,0.0,0.0,0.0
-5.924,-14.564,0.046,1.2576714,-8.411198,2.6415708,0.0,0.0,0.0
-2.429,-14.297,-1.369,4.8209767,-8.356371,1.5149453,0.0,0.0,0.0
3.66,-15.527,-2.795,11.006376,-10.377054,1.1646943,0.0,0.0,0.0
9.306,-19.105,-1.124,16.66911,-14.498843,3.4299378,0.0,0.0,0.0
6.597,-19.614,0.214,14.018833,-15.452551,5.0893598,0.0,0.0,0.0
1.74,-19.56,1.897,9.282777,-15.645782,6.791466,0.0,0.0,0.0
-7.701,-19.609,-0.074,-0.07211876,-16.367311,5.166422,0.0,0.0,0.0
-8.828,-19.476,1.647,-1.4561396,-17.346043,7.753499,0.0,0.0,0.0
-0.948,-13.433,3.884,5.940162,-12.528499,10.805379,0.0,0.0,0.0
2.443,-5.38,3.611,8.658603,-5.4549813,11.195922,0.0,0.0,0.0
3.568,-1.703,1.605,9.120117,-2.4057574,9.65798,0.0,0.0,0.0
5.277,0.495,0.803,10.2462225,-0.726917,9.168652,0.0,0.0,0.0
5.46,1.793,0.916,10.158983,0.336452,9.39942,0.0,0.0,0.0
2.153,0.399,0.847,6.0358014,-1.6882708,9.606996,0.0,0.0,0.0
1.359,-1.313,-0.746,4.836733,-3.69764,8.10777,0.0,0.0,0.0
2.497,-2.841,-2.49,5.665069,-5.4093056,6.428382,0.0,0.0,0.0
1.501,-2.991,-4.105,4.377257,-5.6704307,4.87933,0.0,0.0,0.0
-2.159,-4.437,-5.84,0.43477178,-7.1670256,3.214816,0.0,0.0,0.0
-2.464,-5.341,-7.931,-0.12233639,-8.103291,1.1825471,0.0,0.0,0.0
-1.182,-4.838,-9.563,0.9210352,-7.597742,-0.3906803,0.0,0.0,0.0
-1.838,-5.481,-12.532,0.088584185,-8.197654,-3.3082018,0.0,0.0,0.0
-1.892,-6.153,-11.372,-0.13243699,-8.8242235,-2.101677,0.0,0.0,0.0
-1.09,-5.597,-9.402,0.5280973,-8.177418,-0.080327034,0.0,0.0,0.0
4.768,-12.022,-13.852,6.2877665,-14.515198,-4.4901295,0.0,0.0,0.0
5.84,-19.614,-3.451,7.2509995,-22.205763,5.901124,0.0,0.0,0.0
6.456,-8.605,-4.019,7.956342,-10.86739,5.4044256,0.0,0.0,0.0
-1.716,0.682,-1.632,-0.08965087,-1.3861713,7.815117,0.0,0.0,0.0
1.104,-1.69,1.586,3.0458868,-3.4127383,11.042831,0.0,0.0,0.0
3.766,-11.119,-3.479,5.884552,-12.66481,5.970477,0.0,0.0,0.0
-3.507,-18.042,-2.949,-0.6448164,-18.917334,6.3897405,0.0,0.0,0.0
-5.922,-16.587,-3.324,-2.8230557,-17.20038,5.9598937,0.0,0.0,0.0
-3.893,-10.129,-2.582,-0.3895619,-10.2381525,6.5768404,0.0,0.0,0.0
-0.931,-4.693,-1.899,2.9037375,-4.2455,7.1157055,0.0,0.0,0.0
1.067,-3.59,-2.078,5.101294,-2.5486407,6.7995234,0.0,0.0,0.0
1.267,-5.842,-2.178,5.4416294,-4.1588097,6.534618,0.0,0.0,0.0
-0.146,-8.597,-0.744,4.1117253,-6.2130046,7.7623935,0.0,0.0,0.0
0.004,-8.917,-1.736,4.1956325,-5.882477,6.594202,0.0,0.0,0.0
0.454,-6.304,-1.556,4.4873934,-2.8234541,6.6773415,0.0,0.0,0.0
-0.474,-5.012,-0.481,3.4070196,-1.1410272,7.6506433,0.0,0.0,0.0
-1.291,-6.833,-1.489,2.5775328,-2.5345402,6.4311056,0.0,0.0,0.0
-0.633,-8.721,-1.442,3.2857437,-4.0465655,6.2367673,0.0,0.0,0.0
1.207,-8.142,0.546,5.143133,-3.3166552,8.121837,0.0,0.0,0.0
1.159,-8.748,1.289,5.0469,-3.6592727,8.715941,0.0,0.0,0.0
0.274,-11.083,-0.426,3.9805672,-5.601083,6.811425,0.0,0.0,0.0
0.296,-11.359,-2.989,3.9405258,-5.7638936,4.193102,0.0,0.0,0.0
-1.23,-9.874,-1.992,2.3668072,-4.0622077,5.040526,0.0,0.0,0.0
-5.113,-11.002,-2.497,-1.67273,-4.85436,4.3251295,0.0,0.0,0.0
-5.795,-11.606,-4.606,-2.4445379,-5.273253,2.0903497,0.0,0.0,0.0
-3.544,-12.98,-5.403,-0.29340744,-6.5177374,1.2184215,0.0,0.0,0.0
-3.489,-14.909,-5.178,-0.2841246,-8.44467,1.463656,0.0,0.0,0.0
-3.402,-16.518,-1.929,-0.22125769,-10.115112,4.7833977,0.0,0.0,0.0
0.422,-14.678,-1.593,3.676583,-8.525568,5.3153753,0.0,0.0,0.0
2.777,-12.67,-1.804,6.1154547,-6.9084597,5.3952875,0.0,0.0,0.0
3.729,-13.6,-0.332,7.0999327,-8.408733,7.2744403,0.0,0.0,0.0
4.59,-14.15,1.071,7.991153,-9.618761,9.075399,0.0,0.0,0.0
3.647,-15.444,2.304,6.996944,-11.530264,10.648514,0.0,0.0,0.0
1.148,-16.125,-3.657,4.562735,-12.774301,4.9035354,0.0,0.0,0.0
-0.688,-18.094,-1.758,2.8570585,-15.402174,6.980249,0.0,0.0,0.0
-1.886,-18.753,-0.458,1.441919,-16.768158,8.550647,0.0,0.0,0.0
2.502,-12.022,0.502,5.6129856,-10.797857,9.721197,0.0,0.0,0.0
4.279,-6.085,2.196,7.2795963,-5.5735316,11.518294,0.0,0.0,0.0
3.056,-2.157,1.647,5.75539,-2.2214332,11.074595,0.0,0.0,0.0
2.433,1.472,1.583,4.717743,0.9247096,11.10407,0.0,0.0,0.0
1.611,2.676,0.931,3.4456728,1.7619531,10.52104,0.0,0.0,0.0
1.846,1.344,0.329,3.2926936,0.17470431,9.957613,0.0,0.0,0.0
1.788,0.629,0.343,2.9154868,-0.6812332,9.996106,0.0,0.0,0.0
1.349,0.074,0.091,2.3685694,-1.2425649,9.755239,0.0,0.0,0.0
-0.308,-0.159,-2.245,0.5811901,-1.3880011,7.443616,0.0,0.0,0.0
-1.517,-2.885,-6.813,-0.61912477,-3.9204884,2.8974042,0.0,0.0,0.0
-2.672,-9.104,-10.141,-1.6862051,-9.95303,-0.42103386,0.0,0.0,0.0
-2.625,-10.306,-10.372,-1.650593,-11.046261,-0.6419983,0.0,0.0,0.0
-2.677,-17.052,-10.871,-1.9387951,-17.78944,-1.120019,0.0,0.0,0.0
-2.139,-11.291,-11.098,-1.7050332,-12.075266,-1.3323984,0.0,0.0,0.0
-2.255,-5.725,-9.183,-1.945502,-6.514096,0.5869503,0.0,0.0,0.0
0.171,-9.497,-5.066,0.5985695,-10.212854,4.7051373,0.0,0.0,0.0
4.624,-18.295,-2.22,5.3319597,-18.875557,7.5438166,0.0,0.0,0.0
8.727,-19.262,-1.16,9.8115015,-19.656881,8.578496,0.0,0.0,0.0
8.727,-19.262,-1.16,9.815881,-19.658947,8.577924,0.0,0.0,0.0
6.542,-1.722,-3.006,7.601466,-2.159492,6.7334323,0.0,0.0,0.0
-0.473,-9.295,-4.592,0.9242607,-9.603024,5.109708,0.0,0.0,0.0
-0.473,-9.295,-4.592,0.9242607,-9.603024,5.109708,0.0,0.0,0.0
-5.496,-19.614,1.485,-4.098739,-19.922024,11.1867075,0.0,0.0,0.0
-1.859,-16.3,-6.258,-0.4617393,-16.608023,3.443708,0.0,0.0,0.0
0.594,-16.775,-7.658,1.9912606,-17.083023,2.0437078,0.0,0.0,0.0
-0.048,-19.614,-11.679,1.3492607,-19.922024,-1.9772921,0.0,0.0,0.0
-2.683,-15.714,-8.132,-1.2857394,-16.022022,1.5697079,0.0,0.0,0.0
-1.998,-4.141,-4.03,-0.60073936,-4.4490232,5.6717076,0.0,0.0,0.0
-1.198,-0.29,-3.076,-0.04674959,-0.7093499,6.6538067,0.0,0.0,0.0
-1.198,-0.29,-3.076,-0.04674959,-0.7093499,6.6538067,0.0,0.0,0.0
5.019,1.692,1.216,5.4767528,1.3256099,11.005106,0.0,0.0,0.0
4.718,4.072,2.742,5.009708,3.827663,12.5412655,0.0,0.0,0.0
1.29,4.102,3.806,1.48307,4.007952,13.610298,0.0,0.0,0.0
1.112,4.732,2.234,1.321368,4.891938,12.037109,0.0,0.0,0.0
0.492,5.865,1.099,0.8989055,6.4268146,10.881084,0.0,0.0,0.0
-2.214,5.675,-0.644,-1.3118317,6.801982,9.055813,0.0,0.0,0.0
-5.572,0.243,-4.087,-3.9663136,1.7502238,5.4691706,0.0,0.0,0.0
1.879,-13.176,2.292,3.8467815,-11.43671,11.740442,0.0,0.0,0.0
5.315,-15.798,-6.929,7.27967,-13.939415,2.4973526,0.0,0.0,0.0
-0.936,-9.526,1.066,1.5454713,-7.268419,10.280987,0.0,0.0,0.0
0.372,-8.005,-1.381,3.0435889,-5.5082397,7.7184043,0.0,0.0,0.0
0.173,-11.491,-4.643,3.1121998,-8.642105,4.2685256,0.0,0.0,0.0
