2.4502563,-9.896713,-4.1718903,-1.9476085,-0.27916086,3.054204,0.10929012,0.80854475,13.3469305
2.1499481,-6.580261,-3.0113678,-1.5291443,0.5267774,2.8274794,0.123107344,-0.15148449,13.058159
0.70588684,-5.1768646,-2.5998077,-0.6864705,1.1307266,2.0895185,-0.54278183,-0.85346043,12.063387
-0.550354,-4.5798645,-2.4634094,0.04717064,1.3826618,0.8889084,1.3716624,-0.19443846,10.692579
-1.1353912,-4.0163574,-1.8245239,1.6246061,1.3758343,-0.5253825,1.7540909,-0.617085,8.64447
-0.9032898,-4.113266,-0.830307,2.22467,1.1080196,-0.65147686,1.660692,-1.033323,8.140627
-0.87338257,-4.8993073,-0.5168457,2.7173486,0.7441596,-0.7760439,1.4413441,-1.4009352,7.6853514
0.07777405,-5.9126587,-1.6043854,2.8034244,0.33973348,-0.25392866,1.066589,-1.8742132,7.965781
2.0913239,-7.704895,-4.919647,2.5896025,0.28602123,-0.23491001,0.9596879,-1.7256618,8.090807
2.967102,-9.927826,-6.5036926,2.0016618,0.22922719,-0.7437091,0.7339961,-0.96917343,8.036269
1.552948,-14.024338,-4.0283203,1.9850864,-0.0065569878,-1.3372726,0.51939267,-0.61076546,7.5514097
0.24645996,-13.408188,-3.775879,1.875536,-0.1753143,-1.6175127,0.3419658,-0.39055896,7.378639
0.8889313,-12.587448,-4.762909,1.3265085,-0.6043527,-2.358067,-0.23230669,0.343755,7.0656266
0.37687683,-12.691528,-1.7886353,1.2169285,-0.54689014,-2.7245317,-0.2090557,0.64985657,6.8507986
-2.0219421,-9.980469,3.7675018,1.2418404,-0.21546268,-3.0513983,0.121363044,0.8967066,6.6316214
-3.3009033,-8.6237335,5.145767,1.2099504,0.07951665,-3.385672,0.38490644,1.2035656,6.4397
-0.20817566,-11.69133,0.75971985,0.6567073,0.24251103,-2.6272244,0.37194815,1.186985,7.3889856
0.82192993,-12.985855,-0.31106567,0.6185236,0.0062031746,-2.6357207,0.7176006,-0.87558913,7.3473763
1.249054,-13.731216,4.2604218,0.8095317,-0.4765241,-2.6549435,-0.1468893,0.7944517,7.108797
1.1102753,-12.161514,4.7330017,0.8902478,-0.7462084,-2.2379422,-0.30873773,0.38801408,7.3344283
1.529007,-9.940979,-0.14715576,-1.6790905,-1.1484003,-1.3431206,-1.8950706,1.4621296,9.345104
1.3328094,-9.091522,-1.2143555,-3.8379235,-0.90190387,0.96405697,-2.3506646,1.8093977,12.576658
0.8027954,-7.265808,-1.2059784,-5.2941537,-0.6588448,2.8024764,-2.3760297,1.7508702,15.060691
0.24406433,-5.42453,-1.4380798,-4.965117,-0.110333204,3.975194,-1.3962069,0.9351511,15.942024
1.0755768,-5.42334,-1.5972137,-4.2029715,0.64146733,3.2992883,-0.2738437,1.0310631,15.081465
2.8115692,-5.69252,-2.8677979,-2.933735,1.2463093,1.5620522,0.700608,1.3918409,12.996012
2.391632,-6.02034,-3.0018005,-1.4105835,1.6242368,-0.032324314,1.3190155,1.364533,10.82015
2.1726837,-6.833908,-2.8522491,0.2488761,1.5339158,-1.399118,1.4892684,0.96585584,8.701404
2.1176453,-8.014755,-3.1405792,2.1720805,1.4254112,-2.1364026,1.7356306,-0.049105883,6.92583
2.3030853,-8.592621,-3.4301147,2.5845184,1.3125036,-2.6957684,1.7170547,-0.043299675,6.240221
2.774475,-10.432709,-4.1204376,2.5581918,1.2887722,-2.9386587,1.7034554,0.11419392,6.074868
2.465805,-11.647064,-4.0414734,1.6650853,0.95488656,-2.9606667,1.1915704,0.73277473,6.5673504
2.5782623,-12.483353,-3.493515,0.96092844,0.28533745,-2.5030427,0.40365827,0.82711935,7.2722955
3.1621094,-12.179474,-2.9515533,1.1869717,-0.45637703,-2.3029995,-0.2285299,0.3350737,7.207326
3.6227264,-11.742783,-1.8089752,1.4312034,-0.76346886,-2.5129719,-0.42024,0.1269722,6.8480134
0.8638153,-11.934204,-1.1892395,0.25279713,-0.7826153,-2.3902197,-0.77000254,0.9221444,7.582624
0.67836,-10.935196,-0.21894836,-0.07849121,-0.80610406,-2.4106722,-0.90250707,1.1168339,7.7077284
0.42712402,-11.778671,2.465805,-0.63973,-0.9553206,-2.1163797,-1.2146466,1.3273354,8.205473
-0.18066406,-12.744171,4.6827545,-1.9814868,-0.49949408,-0.7524357,-1.3073399,1.7109351,10.13147
-0.65563965,-13.185654,5.022537,-2.9418268,-0.37232757,-0.03621006,-1.5619335,2.035143,11.294212
-1.2957153,-13.31366,3.826126,-4.784683,0.42943954,0.9832263,-1.5474669,2.9962912,13.366417
-1.6331024,-11.860031,0.9798584,-2.2403398,0.5983689,1.3432918,-0.2899143,0.98460627,12.28215
-0.46061707,-9.736389,-1.2634125,-1.1914659,0.9291891,1.6735368,0.4874255,0.17516232,12.001062
0.47616577,-8.874985,-3.2111664,0.00810957,2.1143267,2.5565152,2.122799,-0.836678,12.214949
1.5385895,-7.073181,-4.52124,0.9418464,2.2620025,1.7873812,2.5439985,-1.0524945,11.078967
2.0398865,-5.571686,-4.384842,1.6214056,1.8484415,0.894207,2.3290675,-1.1881382,9.901875
1.3974152,-4.8179474,-3.6275177,2.022695,1.1231409,0.25419664,1.8127639,-1.2504668,9.053273
0.43310547,-4.0055847,-2.634491,2.2786875,0.39625025,-0.0055327415,1.256727,-1.5104356,8.5865345
-0.13639832,-4.2711945,-2.0865479,2.2203922,-0.1231159,-0.5488477,0.82761806,-1.2945657,8.107922
0.12083435,-5.292923,-0.80519104,1.7149177,-0.45279884,-1.1592202,0.30370992,-0.7192302,7.83682
0.102890015,-6.0131683,-0.76091003,1.7806363,-0.95520616,-1.2427158,0.023547828,-0.95366335,7.634692
0.058624268,-6.855438,-1.4273224,1.904841,-1.1169448,-1.578845,0.015877664,-0.94896054,7.263432
2.1020966,-9.834503,-5.728424,1.4754467,-0.7294731,-1.1128054,0.24149185,-0.73242736,7.9756284
2.4263153,-11.99881,-5.9976044,-0.068982124,-0.12834382,0.033003807,-0.13537776,-0.060534477,9.824771
2.6871338,-12.5156555,-5.0907288,-0.8620572,0.08098316,0.35363483,-0.5551466,0.32635498,10.484931
1.4117584,-12.786041,-5.8372955,0.12034249,0.3440447,-2.2416868,0.051933646,1.3413849,7.9747114
0.94636536,-12.632904,-7.245468,-0.11831212,-1.2018199,-1.304327,-0.88241816,-0.19646645,8.276168
0.100494385,-13.299301,-2.1678925,-1.2475061,-1.574692,1.3955564,0.33954144,2.147995,10.9266205
-1.9333954,-10.731812,3.8057861,-1.8566301,-0.55715346,3.5153112,-1.5159242,-0.9105067,13.410517
-1.3328094,-8.469391,3.4145508,-2.3044343,0.8201623,2.729762,-0.95892465,0.80725,13.250994
-0.022735596,-10.5308075,0.9260254,-1.9038744,1.0927348,0.8583727,1.6461768,-0.2996236,11.466752
0.45463562,-12.546768,0.4785614,-0.991719,0.69046545,-0.49900436,-0.28278077,1.2762218,9.830051
1.5074768,-12.642471,2.5531464,-0.07228851,0.13597107,-1.8621063,-0.07502657,0.8657484,8.152563
1.8783722,-12.035904,2.5088806,0.60365176,-0.41321135,-3.1142035,0.040202826,0.5267041,6.651596
2.6823578,-10.710281,0.7728882,0.9379673,-0.6785929,-3.9317255,0.20368403,0.38594556,5.7313232
2.7541351,-8.961121,-1.401001,0.41053188,-0.9696832,-4.193039,-0.29977977,0.3348794,5.5068383
1.4979095,-6.8410797,-1.9896393,-0.004672408,-1.2893727,-4.12527,-0.6997045,0.1012907,5.54279
0.7286072,-5.1672974,-1.7108612,-0.075045824,-1.8287156,-3.4218311,-0.8197018,-0.6923045,6.0773654
0.7286072,-5.1672974,-1.7108612,0.5131264,-1.3966441,-3.3314867,0.18510723,-0.5854956,6.2100334
1.1688995,-4.8801575,-1.7264252,0.9233621,-1.0420737,-3.3687983,0.7423452,-0.26480436,6.2477007
1.1688995,-4.8801575,-1.7264252,1.1396176,0.22113061,-2.5498896,1.0594285,0.88231087,7.367655
1.1688995,-4.8801575,-1.7264252,0.17736642,0.5499072,-0.8550968,0.1529201,0.750129,9.114574
1.1688995,-4.8801575,-1.7264252,-0.606253,-0.5615883,-1.1882486,-0.64376605,-0.23461163,8.531746
1.1688995,-4.8801575,-1.7264252,-1.3421943,-1.3381612,0.8458128,-1.5017288,-1.3141072,10.377171
1.1688995,-4.8801575,-1.7264252,-0.24224102,-0.69017696,2.1193676,-0.31668165,-1.1045476,11.73186
1.1688995,-4.8801575,-1.7264252,0.70471126,0.47676682,3.4346504,0.8519841,-0.2849797,13.229173
1.1688995,-4.8801575,-1.7264252,1.1520021,2.2293215,4.711423,2.164826,0.8630245,14.609065
1.1688995,-4.8801575,-1.7264252,1.2971406,2.9177797,3.8220587,3.087613,0.5881268,13.669926
1.1688995,-4.8801575,-1.7264252,1.7863938,2.8345325,2.691618,3.356257,-0.80603546,12.367203
1.1688995,-4.8801575,-1.7264252,2.0840893,2.1469712,-0.34463978,2.8224607,-0.88805735,9.243835
1.1688995,-4.8801575,-1.7264252,2.2310622,1.5311368,-1.4486465,-0.52569497,-2.4616487,8.050368
1.1688995,-4.8801575,-1.7264252,2.1051865,1.3179678,-1.9506721,2.1579614,-0.52687395,7.5617495
1.1688995,-4.8801575,-1.7264252,1.5281281,0.5560204,-2.7427378,-0.038622856,-1.2081038,6.856067
1.1688995,-4.8801575,-1.7264252,2.1386337,-0.31554055,-2.757226,0.8824554,-0.9179208,6.542556
1.1688995,-4.8801575,-1.7264252,1.6963043,-0.88151586,-2.7075825,0.2025133,-0.8711952,6.6151733
1.1688995,-4.8801575,-1.7264252,0.88728,-0.43923116,-2.761858,0.048386574,-0.08114438,6.8742237
1.1688995,-4.8801575,-1.7264252,1.1714926,0.0680995,-3.625679,0.6057742,0.56011724,6.0861816
1.1688995,-4.8801575,-1.7264252,0.8335748,0.040939093,-3.3459797,0.3897105,0.7810273,6.4704514
1.1688995,-4.8801575,-1.7264252,-0.23151565,-0.19260192,-1.264226,-0.39630854,0.5138643,8.680662
1.1688995,-4.8801575,-1.7264252,-0.42193365,-0.25577712,-0.7009611,-0.5458775,0.35870218,9.251541
1.1688995,-4.8801575,-1.7264252,0.18759489,0.062126637,-0.94866943,0.09592199,0.37803984,8.919571
1.1688995,-4.8801575,-1.7264252,-0.79661655,-0.3673494,-0.48162842,-0.89305526,0.37445164,9.554169
1.1688995,-4.8801575,-1.7264252,-1.0479369,-0.7277498,1.8620539,-1.0882359,-0.8166914,11.607705
1.1688995,-4.8801575,-1.7264252,-1.2646742,-0.13310623,2.3222485,-0.7838066,-0.33689117,12.313065
1.1688995,-4.8801575,-1.7264252,-2.4321487,1.2363925,2.2667007,-0.47699744,1.3251157,13.062183
1.1688995,-4.8801575,-1.7264252,-1.9057596,1.3874443,1.2045412,0.010570109,1.5457568,11.955689
1.1688995,-4.8801575,-1.7264252,-1.0819745,1.2156079,0.853673,0.40929598,1.0279899,11.273907
1.1688995,-4.8801575,-1.7264252,-0.12840939,0.9775994,0.07196903,0.72319883,0.5914254,10.130021
1.1688995,-4.8801575,-1.7264252,0.1883645,1.0194764,-1.2683802,0.68031144,-1.1080719,8.810179
1.1688995,-4.8801575,-1.7264252,0.6880522,0.6184304,-1.8668203,0.7587411,0.6728928,7.9866457
1.1688995,-4.8801575,-1.7264252,0.93372345,0.34463048,-2.0891552,0.6691,0.43302178,7.634101
1.1688995,-4.8801575,-1.7264252,1.7549496,-0.38269997,-2.7103033,0.562873,-0.2928393,6.617689
1.1688995,-4.8801575,-1.7264252,2.3613858,-0.64265394,-3.3671503,0.73395544,-0.56254554,5.7481165
1.1688995,-4.8801575,-1.7264252,2.3231368,-0.7178271,-4.1527424,0.61885315,-0.22678208,5.0397744
1.1688995,-4.8801575,-1.7264252,2.3231368,-0.7178271,-4.1527424,0.61885315,-0.22678208,5.0397744
1.1688995,-4.8801575,-1.7264252,2.3231368,-0.7178271,-4.1527424,0.61885315,-0.22678208,5.0397744
1.1688995,-4.8801575,-1.7264252,2.3231368,-0.7178271,-4.1527424,0.61885315,-0.22678208,5.0397744
1.1688995,-4.8801575,-1.7264252,2.3231368,-0.7178271,-4.1527424,0.61885315,-0.22678208,5.0397744
1.1688995,-4.8801575,-1.7264252,-1.0345113,0.27517247,-3.931075,2.8996513,0.1952675,6.9512725
1.1688995,-4.8801575,-1.7264252,-1.0345113,0.27517247,-3.931075,2.8996513,0.1952675,6.9512725
1.1688995,-4.8801575,-1.7264252,-3.3064485,0.97376394,1.9923034,-2.1020617,0.6522436,13.124182
1.1688995,-4.8801575,-1.7264252,-2.490025,1.3008032,2.469788,-1.087366,0.3467145,13.3688965
1.1688995,-4.8801575,-1.7264252,-3.703549,4.105288,2.6409736,-0.40266693,2.5713844,15.353746
1.1688995,-4.8801575,-1.7264252,-2.6903887,3.9309525,3.6850195,0.66465616,1.4576049,15.612127
1.1688995,-4.8801575,-1.7264252,0.22590303,3.986277,4.299984,3.276517,0.22106647,14.669455
1.1688995,-4.8801575,-1.7264252,1.7041116,3.4879735,4.0281534,4.106274,-0.5683403,13.563175
1.1688995,-4.8801575,-1.7264252,3.2978177,2.0669787,3.194538,4.188243,-1.962378,11.796818
1.1688995,-4.8801575,-1.7264252,2.743803,1.2261679,-1.0681896,2.6942751,-0.31384182,8.128749
1.1688995,-4.8801575,-1.7264252,2.6543581,2.0406353,0.15589046,3.3313105,-0.24840426,9.533202
1.1688995,-4.8801575,-1.7264252,2.355167,2.7862728,-2.3610077,3.3897674,1.4741623,7.5217414
1.1688995,-4.8801575,-1.7264252,-0.21688771,3.1698895,-2.9163399,1.2749915,3.6163967,7.832733
1.1688995,-4.8801575,-1.7264252,0.24159908,2.425117,-4.4805813,1.1441562,3.346999,6.131915
1.1688995,-4.8801575,-1.7264252,0.7439816,-0.39080143,-5.3972416,0.013638973,1.2588633,4.4914336
1.1688995,-4.8801575,-1.7264252,1.4262655,-1.1300628,-7.0278664,1.0162718,-0.7820665,2.66118
1.1688995,-4.8801575,-1.7264252,2.5474997,-1.7693343,-7.275861,0.99941087,0.6708478,1.989388
1.1688995,-4.8801575,-1.7264252,1.4134449,-2.971556,-6.321986,0.003845185,-0.40818995,2.691255
1.1688995,-4.8801575,-1.7264252,5.197397,-2.882566,-1.214345,5.044425,-1.789457,6.9521136
1.1688995,-4.8801575,-1.7264252,4.3793845,-2.151458,-2.4193983,4.2038736,-0.44861042,6.3733625
1.1688995,-4.8801575,-1.7264252,7.5908,-1.7668378,1.9614267,7.960861,-0.8402684,10.519245
1.1688995,-4.8801575,-1.7264252,3.243838,-5.7748966,2.4557457,-6.4315042,2.9105484,10.065613
1.1688995,-4.8801575,-1.7264252,0.7568623,-6.158887,5.4986515,5.3538556,-5.5236497,12.899452
1.1688995,-4.8801575,-1.7264252,0.99188924,-4.968834,4.2770157,5.298908,-3.0630863,12.357161
1.1688995,-4.8801575,-1.7264252,2.2892778,-3.4777417,1.9211359,4.3824234,-0.23602772,11.135148
1.1688995,-4.8801575,-1.7264252,0.86504316,-1.5019112,0.17083073,1.6797985,0.4513259,9.894983
1.1688995,-4.8801575,-1.7264252,0.75871706,-1.735806,0.9267645,-1.68445,1.0780909,10.475915
1.1688995,-4.8801575,-1.7264252,2.0702715,-1.8186705,2.1729965,2.499189,0.6545315,12.181761
1.1688995,-4.8801575,-1.7264252,2.0702715,-1.8186705,2.5761795,2.5832076,0.44964743,12.518688
1.1688995,-4.8801575,-1.7264252,4.7978187,-2.3275537,1.2652426,-4.2180977,-0.6346841,13.247906
1.1688995,-4.8801575,-1.7264252,5.407371,-1.1706547,0.22035837,-0.11393905,3.978507,13.655957
1.1688995,-4.8801575,-1.7264252,7.3351693,-1.9827372,-2.12999,-1.0581049,6.8917418,13.502204
1.1688995,-4.8801575,-1.7264252,10.961189,-0.1557884,-2.996121,-5.1178465,7.9043093,16.1689
1.1688995,-4.8801575,-1.7264252,12.232466,2.1449883,-5.989764,-9.132627,8.725954,15.33515
1.1688995,-4.8801575,-1.7264252,10.220531,5.5110836,-8.204739,-12.561533,6.0038905,12.689409
1.1688995,-4.8801575,-1.7264252,10.293534,7.831563,-8.175974,9.389785,-11.738428,12.666376
1.1688995,-4.8801575,-1.7264252,7.565941,5.1877117,-4.1532254,-9.514766,0.6368124,13.042208
1.1688995,-4.8801575,-1.7264252,6.2554255,3.3567998,-2.5716715,5.8771057,-3.346502,13.164107
1.1688995,-4.8801575,-1.7264252,4.775365,-0.018740416,-0.95754004,2.3561552,-2.1124792,13.508988
1.1688995,-4.8801575,-1.7264252,3.3472948,-2.2479432,-1.3222938,-1.3843269,2.7370005,12.738981
1.1688995,-4.8801575,-1.7264252,1.638649,-3.8148823,-1.5017903,-0.7342917,-4.0068164,11.509622
1.1688995,-4.8801575,-1.7264252,-3.1476984,-13.917223,-3.7203505,5.9560375,13.39907,8.248232
1.1688995,-4.8801575,-1.7264252,-5.5819063,-12.952023,-2.949641,7.0673623,11.869162,5.709292
1.1688995,-4.8801575,-1.7264252,-3.7834396,-9.738323,-4.2504964,3.5940018,10.111349,6.333923
1.1688995,-4.8801575,-1.7264252,-0.064600945,-5.9201703,-6.357299,-1.4498942,8.45472,8.43428
1.1688995,-4.8801575,-1.7264252,-3.305317,1.7118722,-6.5303664,4.2953014,-2.463212,4.151185
1.1688995,-4.8801575,-1.7264252,-3.2526894,0.76055884,-5.726263,-3.3805766,2.5683577,4.7151117
1.1688995,-4.8801575,-1.7264252,-3.9597712,0.37582064,-2.0049925,-0.3270194,0.52380097,5.395333
1.1688995,-4.8801575,-1.7264252,-3.8345594,-0.6061239,-0.4090116,-1.3409802,-0.28381896,6.1515527
1.1688995,-4.8801575,-1.7264252,-3.587757,-0.8264028,0.3112347,1.8558183,0.16302228,6.6158557
1.1688995,-4.8801575,-1.7264252,-1.4164181,-0.89627576,-0.19041085,0.818977,0.73092353,8.525701
1.1688995,-4.8801575,-1.7264252,-0.66597843,-1.5263972,-1.5633826,-0.08934721,2.1441338,9.024161
1.1688995,-4.8801575,-1.7264252,-0.6789694,0.5815642,-4.166979,-3.4076807,2.096782,8.33895
1.1688995,-4.8801575,-1.7264252,-0.2884903,0.44798183,-1.602843,-1.4861361,0.6302353,9.309435
1.1688995,-4.8801575,-1.7264252,4.5948257,-0.62433344,3.1344347,2.3658152,-1.5659117,14.631351
1.1688995,-4.8801575,-1.7264252,4.9366655,-2.9299607,6.6219873,6.8036413,-2.0867805,14.921517
1.1688995,-4.8801575,-1.7264252,4.706197,-4.793581,8.735211,9.7240305,-1.8901367,14.633787
1.1688995,-4.8801575,-1.7264252,4.4689407,-4.7850556,6.8474927,8.222356,-0.65453553,14.467207
1.1688995,-4.8801575,-1.7264252,4.162924,-5.111205,5.2114205,7.0190735,0.7714772,14.361944
1.1688995,-4.8801575,-1.7264252,3.078453,-6.7489705,2.2831502,-6.142945,-3.252771,13.25947
1.1688995,-4.8801575,-1.7264252,1.9209156,-6.947837,1.8144629,-6.0687475,-3.61578,12.119886
1.1688995,-4.8801575,-1.7264252,0.06567192,-5.703319,1.1946192,4.3123274,3.8924615,10.266921
1.1688995,-4.8801575,-1.7264252,-2.3457136,-3.9433825,2.1481657,4.3293133,1.8977115,7.9837413
1.1688995,-4.8801575,-1.7264252,-2.9746962,-2.5942342,0.33592832,2.1615465,1.908849,7.090821
1.1688995,-4.8801575,-1.7264252,-3.5156088,-3.5727353,-0.8599616,1.7591579,3.4384794,6.498222
1.1688995,-4.8801575,-1.7264252,-3.409752,-2.7854614,-1.3898509,0.8487616,3.113001,6.50427
1.1688995,-4.8801575,-1.7264252,-1.3537273,-1.504358,-1.1325511,0.050009787,1.8922225,8.466749
1.1688995,-4.8801575,-1.7264252,-0.8741665,-1.7522659,-1.0066401,0.18879074,2.039213,8.998011
1.1688995,-4.8801575,-1.7264252,-0.07530117,-2.070903,-0.98481834,0.16403013,2.2883306,9.835223
1.1688995,-4.8801575,-1.7264252,-2.6018114,0.5883033,0.060477138,0.4210322,-0.45272768,7.211087
1.1688995,-4.8801575,-1.7264252,-2.7975597,0.14298224,1.6816039,2.1117992,-0.72205526,7.420541
1.1688995,-4.8801575,-1.7264252,-2.1696033,-0.345294,1.4176123,1.9782428,-0.057768226,8.098067
1.1688995,-4.8801575,-1.7264252,0.042201996,-2.2476878,-0.47011042,0.34324598,2.197416,10.379743
1.1688995,-4.8801575,-1.7264252,2.4547367,-3.1907601,-1.6153288,-0.12909956,-3.1737635,12.760719
1.1688995,-4.8801575,-1.7264252,2.8477592,-2.9678726,-0.14755833,-0.073794484,2.0224557,13.390505
1.1688995,-4.8801575,-1.7264252,0.64573,-2.0352163,0.9523251,1.3144119,1.3340185,11.206193
1.1688995,-4.8801575,-1.7264252,-0.36594105,-1.6595387,1.1059432,1.5791501,1.2291417,10.133126
1.1688995,-4.8801575,-1.7264252,-0.5663481,-2.5358357,1.2291422,-2.5925057,-1.1631243,10.240306
1.1688995,-4.8801575,-1.7264252,0.4125824,-3.0077813,1.9059169,2.5345201,1.9969302,11.368052
1.1688995,-4.8801575,-1.7264252,1.5500479,-1.9146011,2.5156846,2.6827228,0.46495658,12.039101
1.1688995,-4.8801575,-1.7264252,0.8581276,-1.5907047,3.9028943,4.071822,0.0066918135,11.192121
1.1688995,-4.8801575,-1.7264252,-3.3163338,-1.8024011,6.5104456,6.9967856,1.2710689,7.3445354
1.1688995,-4.8801575,-1.7264252,-4.34301,-2.1628804,5.5218005,6.16362,2.4433818,6.6333632
1.1688995,-4.8801575,-1.7264252,-3.3591366,-2.062358,4.786575,-5.7756658,0.69626975,7.660651
0.7405853,-8.000397,0.9379883,-1.5351782,-0.8977771,3.4104645,3.5397027,1.0334721,8.712811
0.6508484,-4.64447,-2.177475,-2.7941341,-0.20426655,3.120975,2.9927063,1.4296892,7.239727
1.0911255,-4.636093,-2.0291138,-3.9376302,0.1910305,2.5998962,2.2078185,2.071092,6.1821504
2.2695923,-5.9318085,-2.8941193,-4.8434567,0.9449916,1.8285663,1.0503072,2.4279375,5.257177
1.9429779,-6.847061,-3.686142,-5.1808834,1.78193,0.905704,-1.6780055,-1.9471052,4.884231
1.5948181,-7.3782654,-3.9134674,-4.26422,3.3459249,-0.9860542,-1.9870503,0.8468898,4.7385635
1.463211,-9.284149,-4.947159,-2.7815228,5.277379,0.23004389,-0.60150874,-0.50373256,3.8884618
2.6488495,-9.981659,-4.455429,-2.5882006,4.72746,3.2961583,1.8614671,1.2094679,3.8918853
2.967102,-11.318054,-2.555542,-2.3364916,4.4615126,2.6581178,0.68699294,1.4718945,4.348496
2.703888,-12.728622,-1.503891,0.11546767,1.3398056,-0.2542925,0.6921537,0.22348088,8.647316
4.7772675,-12.587448,-2.1990051,0.4925492,-14.914611,2.1590204,5.09996,5.1358113,23.034025
4.6241302,-11.720047,-2.6572266,-4.992957,-13.559188,7.3328867,4.552681,11.633261,20.126183
2.133194,-13.264618,-1.1629181,-4.831484,-4.38945,1.6238155,-1.3664792,5.1124024,13.959161
1.056427,-10.87059,2.0362854,-4.334653,2.537384,-2.430309,2.870514,-4.7278123,9.070524
0.9104614,-11.105087,2.5459595,-4.2074943,5.033183,0.35705423,-4.7864323,2.1308649,5.8426986
0.29312134,-11.948563,4.7330017,-1.8279471,1.9754171,2.4499846,-0.80694747,2.6480494,7.443864
-0.63290405,-12.32663,5.26062,-0.7725345,0.11507797,1.7542157,0.29254425,1.7942758,9.188333
-1.0480499,-12.321838,4.6660004,-0.06527436,-0.57897854,1.4608564,-1.5724132,-0.032227427,9.799061
-2.0362854,-11.542969,0.7956085,0.069770455,-1.0038414,2.1318812,1.4950116,1.8197519,9.911188
-1.0671997,-10.02713,-0.9990082,-0.76572573,-1.3647709,3.7655337,-4.0236087,-0.661887,9.781101
0.6269226,-9.084351,-3.0783691,-2.2301123,-2.3852901,5.4864883,-6.002305,-2.119821,10.299864
2.047058,-8.021942,-4.116852,-2.2423656,2.2922258,6.92458,0.8317423,6.203835,5.441682
1.0085754,-5.95932,-4.1982117,-1.0660292,1.799839,6.1658654,1.6100123,4.9972177,5.9557524
0.1603241,-5.473587,-3.9565277,-0.115557075,-0.25948906,5.2400794,-4.930929,-0.49669048,8.080857
-0.5670929,-3.900299,-1.8568268,6.9059935,-3.4138231,6.020235,9.694667,1.2415462,9.557303
-0.3912201,-4.4243317,-0.4175415,2.2195942,-4.3710985,11.070295,8.901817,8.199556,9.475752
-0.2871399,-5.0572357,0.87338257,-1.1233373,-2.6432867,7.4427977,4.0319114,6.883872,9.815906
0.0657959,-5.50589,0.7800598,-0.3997121,0.22361565,3.4397578,1.4376986,2.8716073,8.491887
0.5814514,-6.7812653,-3.4157562,-1.2834945,2.2704306,-0.1557262,0.91798925,-1.7468084,8.09422
1.9346008,-9.713669,-5.580063,0.28187394,0.24492931,1.2011561,-1.0407168,0.1445769,9.115113
1.0755768,-12.527618,-6.508484,0.24081397,0.60604477,3.6246228,1.7948476,2.6693,8.013182
1.1904297,-13.247864,-6.324234,-1.2680471,-0.33753014,2.9087744,0.5601613,3.125309,9.488058
1.105484,-13.085144,-6.1794586,-1.6909761,-0.107439995,1.960787,-0.3333611,2.5677328,9.700588
0.8829498,-14.032715,-3.554535,-1.3437893,1.2763472,1.3430102,-0.8591189,1.702901,8.541521
-2.2528381,-12.38884,3.6765747,-1.7412882,1.2544184,1.0692358,-1.3078327,1.702395,8.738783
-2.6608124,-11.231903,4.619339,-0.672585,0.09889126,1.6107697,0.18388557,1.6890855,9.394454
-0.08255005,-11.224731,1.7072754,-0.101803064,0.5816498,1.2513902,0.28409916,1.0051358,8.8991
0.56111145,-12.482162,1.3304138,1.3364816,2.1368523,-1.7195599,-0.48634624,-2.5134044,8.14669
1.1497498,-12.601807,2.629715,1.0290732,1.7446346,-1.2963464,-0.39357758,-1.9521536,8.458524
1.5218353,-11.395813,3.041275,0.8064079,1.0788145,2.842907,-2.2663171,-0.057927698,7.625662
1.6187439,-10.1276245,1.4428711,1.6597617,2.6290379,4.822526,2.4662151,2.609791,5.3311405
1.3962097,-8.812759,-0.7501526,1.9305034,4.435131,6.5115004,2.7847195,3.560744,3.0714214
0.83628845,-7.668991,-1.8388824,4.8681245,4.1809006,3.7144153,-2.8666267,3.3744206,3.859282
0.84825134,-5.6123657,-2.8821564,4.6807384,4.5044155,4.2095394,4.511526,0.055633485,3.5167906
1.0432739,-4.9208374,-3.0305023,3.8947186,4.9516726,3.3615072,3.4261038,-0.5416266,3.56517
1.1437683,-4.0821533,-2.551941,2.2661564,4.5244627,1.5243795,1.3612211,-1.2849662,4.864394
1.3986053,-5.091919,-0.8183441,0.5113221,-1.6079426,1.3811073,1.5095758,1.3368874,10.636288
1.3124695,-5.8504486,-0.3361969,0.13490033,-4.878151,2.4948092,2.7097063,3.5499163,12.983787
0.95114136,-8.327026,-0.54556274,0.34325433,-11.624096,4.7278066,6.310501,7.911866,17.234274
1.0217285,-10.11087,-2.7230377,-1.6645525,-8.091042,3.259241,-5.7192607,-4.34277,15.03051
1.9920197,-10.656433,-4.7234344,-3.16414,-6.259133,2.2439432,0.6612817,5.8698063,14.203454
2.374878,-10.847855,-4.9256287,-6.27704,-2.9052057,-0.2863989,-4.1485505,4.1000147,13.535305
2.7026978,-12.45105,-3.8907318,-2.6783285,-0.3863697,1.7594476,0.0035290718,-3.2243223,9.657948
4.5798645,-12.959534,-3.1369934,-0.027837992,0.7396951,2.2455482,-0.9903786,-1.057521,7.9381723
3.871582,-12.050247,-2.2994995,0.1262734,3.1272879,1.8752084,-0.6686199,0.008857489,6.2198486
0.27278137,-12.248856,2.0087738,-0.72648716,1.2119756,2.0511937,-0.45107877,1.3554199,7.7662015
0.110076904,-11.224731,3.448059,-0.3214394,0.2716961,1.2475753,0.044864416,0.96893716,8.916295
0.5766754,-11.467606,3.780655,1.3577428,-0.6687565,-0.7640786,1.1140904,-1.0020843,10.599838
-0.15194702,-11.824127,3.7579346,2.7555425,1.0866251,-0.761899,1.629544,-2.4427176,8.951095
-0.6903229,-12.459427,3.3607178,1.8429836,2.688527,0.33253765,0.7731472,-1.7056904,7.118117
-1.9441681,-12.479767,2.642868,1.3950245,3.5176773,1.5159922,0.64687157,-0.85037804,5.872595
-1.5206451,-11.042877,0.78125,0.9753107,4.71319,6.709408,-3.3105972,-1.229132,2.3426883
0.04307556,-10.055832,-1.866394,0.13169414,4.6368246,7.413328,1.7907937,3.6900802,2.083226
2.1439667,-9.419342,-5.314453,-1.0035884,2.7554235,7.385706,1.5733364,4.9023366,3.7535586
-0.9272156,-4.040283,-1.0875397,-1.2758778,5.5745907,0.81062436,-0.75143194,0.8197351,4.138809
-0.2596283,-5.572891,0.8410797,-0.586892,4.00006,2.943911,0.0,0.0,0.0
-0.25483704,-6.2237244,-0.91645813,-0.57151604,3.3476715,1.1950514,0.0,0.0,0.0
1.7036896,-8.213364,-4.9375916,1.4101965,1.3819256,-2.9339275,0.0,0.0,0.0
2.4382935,-10.264008,-8.173889,2.1799593,-0.62498474,-6.3870225,0.0,0.0,0.0
2.5639038,-11.17926,-7.0695953,2.2937765,-1.5108128,-5.451403,0.0,0.0,0.0
0.91166687,-12.722641,-2.622528,0.6146419,-3.042427,-1.0812231,0.0,0.0,0.0
0.48335266,-11.992828,-3.7112732,0.17048141,-2.3058271,-2.2164497,0.0,0.0,0.0
0.64367676,-10.861023,-6.2321014,0.3064263,-1.1669617,-4.7892485,0.0,0.0,0.0
-1.5972137,-11.303696,2.815155,-2.0486526,-1.6461067,4.4575844,0.0,0.0,0.0
-2.950348,-11.519043,5.4915314,-3.518745,-1.9140425,7.3865976,0.0,0.0,0.0
-1.4309082,-12.22493,3.8895264,-2.1504,-2.6591406,5.9262877,0.0,0.0,0.0
-0.4127655,-14.548355,-0.33259583,-1.2394915,-4.9641094,1.5724361,0.0,0.0,0.0
0.47616577,-13.843674,-0.44625854,-0.48133296,-4.2443953,1.3165313,0.0,0.0,0.0
1.9322052,-12.953552,4.0498505,0.6821799,-3.3665667,5.692265,0.0,0.0,0.0
2.486145,-11.01297,3.0831451,1.0657687,-1.4305639,4.6097145,0.0,0.0,0.0
2.1547394,-9.164505,0.9379883,0.6696193,0.43069077,2.3153143,0.0,0.0,0.0
0.92481995,-7.4560394,-1.3232269,-0.5720427,2.1673994,-0.17465627,0.0,0.0,0.0
0.65802,-6.276367,-3.0879364,-0.8277421,3.3646727,-2.0813334,0.0,0.0,0.0
1.6785583,-4.985443,-3.5593262,0.18028033,4.6763124,-2.8003664,0.0,0.0,0.0
2.0889282,-4.5176544,-2.9407806,0.57504797,5.1525164,-2.3355155,0.0,0.0,0.0
2.1750793,-4.800003,-1.3148499,0.64538825,4.878604,-0.921155,0.0,0.0,0.0
1.9537354,-5.3898315,-0.9439697,0.4124844,4.290229,-0.64169127,0.0,0.0,0.0
1.2921295,-7.7120667,-1.0325012,-0.26013923,1.9688644,-0.83143187,0.0,0.0,0.0
0.9990082,-8.451447,-1.6103668,-0.5290947,1.2354059,-1.6237506,0.0,0.0,0.0
1.7036896,-10.0295105,-3.952942,0.21236289,-0.3400097,-4.197706,0.0,0.0,0.0
2.8677979,-11.288147,-5.42334,1.3892746,-1.6038847,-5.869901,0.0,0.0,0.0
2.5914307,-13.015762,-3.0664063,1.1197109,-3.3363295,-3.625875,0.0,0.0,0.0
3.399002,-13.191635,-1.4189453,1.935551,-3.507804,-1.9210505,0.0,0.0,0.0
4.6492615,-11.942581,-1.861618,3.183477,-2.2532444,-2.2339318,0.0,0.0,0.0
4.076172,-11.088333,-3.081955,2.6094244,-1.3965054,-3.3777761,0.0,0.0,0.0
0.58384705,-11.778671,-0.28474426,-0.86187315,-2.0811872,-0.4824496,0.0,0.0,0.0
-0.051452637,-10.159927,2.8103638,-1.4351981,-0.45304012,2.9892054,0.0,0.0,0.0
-0.0023956299,-10.839493,4.1563263,-1.34823,-1.1426907,4.7317805,0.0,0.0,0.0
-0.57188416,-11.867203,5.2378845,-1.8881583,-2.1929436,6.157948,0.0,0.0,0.0
-0.83987427,-11.955734,5.387436,-2.1218507,-2.3001041,6.525735,0.0,0.0,0.0
-0.4510498,-12.2560425,4.3011017,-1.6930887,-2.6055813,5.524343,0.0,0.0,0.0
-1.2789612,-11.806183,2.4610138,-2.4980087,-2.1454668,3.625003,0.0,0.0,0.0
-1.051651,-11.352753,1.1030884,-2.2706985,-1.6920366,2.2670777,0.0,0.0,0.0
-1.051651,-11.352753,1.1030884,-2.2436347,-1.6835375,2.223732,0.0,0.0,0.0
-1.051651,-11.352753,1.1030884,-2.2436347,-1.6835375,2.223732,0.0,0.0,0.0
-1.051651,-11.352753,1.1030884,-2.2436347,-1.6835375,2.223732,0.0,0.0,0.0
-1.051651,-11.352753,1.1030884,-2.2436347,-1.6835375,2.223732,0.0,0.0,0.0
-1.051651,-11.352753,1.1030884,-2.2436347,-1.6835375,2.223732,0.0,0.0,0.0
-1.051651,-11.352753,1.1030884,-2.2436347,-1.6835375,2.223732,0.0,0.0,0.0
-1.051651,-11.352753,1.1030884,-2.2436347,-1.6835375,2.223732,0.0,0.0,0.0
-1.051651,-11.352753,1.1030884,-2.2436347,-1.6835375,2.223732,0.0,0.0,0.0
-1.051651,-11.352753,1.1030884,-2.2436347,-1.6835375,2.223732,0.0,0.0,0.0
-1.051651,-11.352753,1.1030884,-2.2436347,-1.6835375,2.223732,0.0,0.0,0.0
-1.051651,-11.352753,1.1030884,-2.2436347,-1.6835375,2.223732,0.0,0.0,0.0
-1.051651,-11.352753,1.1030884,-2.2436347,-1.6835375,2.223732,0.0,0.0,0.0
-1.051651,-11.352753,1.1030884,-2.2436347,-1.6835375,2.223732,0.0,0.0,0.0
-1.051651,-11.352753,1.1030884,-2.2436347,-1.6835375,2.223732,0.0,0.0,0.0
-1.051651,-11.352753,1.1030884,-2.2436347,-1.6835375,2.223732,0.0,0.0,0.0
-1.051651,-11.352753,1.1030884,-2.2436347,-1.6835375,2.223732,0.0,0.0,0.0
-1.051651,-11.352753,1.1030884,-2.2436347,-1.6835375,2.223732,0.0,0.0,0.0
-1.051651,-11.352753,1.1030884,-2.2436347,-1.6835375,2.223732,0.0,0.0,0.0
1.0145569,-14.289932,2.5136566,-0.26360202,-4.6179504,3.508373,0.0,0.0,0.0
1.9381866,-11.8349,3.3188477,0.5297519,-2.1704817,4.2052584,0.0,0.0,0.0
2.4011993,-10.570297,1.9956207,0.82685554,-0.9120064,2.635342,0.0,0.0,0.0
1.2346954,-8.580658,-1.2179413,-0.39145863,1.0770798,-0.7138389,0.0,0.0,0.0
0.81715393,-7.7276154,-2.0913239,-0.8633517,1.9281483,-1.7559038,0.0,0.0,0.0
0.79800415,-6.422333,-2.7062836,-0.9063562,3.2326775,-2.4910824,0.0,0.0,0.0
2.145172,-4.668396,-2.5770721,0.40881944,4.9827147,-2.6844206,0.0,0.0,0.0
2.2384796,-4.5882416,-2.4251251,0.5008005,5.058545,-2.7257574,0.0,0.0,0.0
1.5744781,-4.97229,-2.141571,-0.17141151,4.6678524,-2.5773604,0.0,0.0,0.0
0.8614197,-6.04068,-1.7335968,-0.90713835,3.5856056,-2.3477786,0.0,0.0,0.0
0.85543823,-6.818344,-1.6594238,-0.91047025,2.798153,-2.417674,0.0,0.0,0.0
1.3615112,-8.877365,-3.5365906,-0.3854462,0.7241621,-4.5005383,0.0,0.0,0.0
2.3617096,-9.96611,-4.3058777,0.6401541,-0.39639282,-5.581469,0.0,0.0,0.0
2.4011993,-11.611176,-3.981659,0.7063358,-2.0568724,-5.400501,0.0,0.0,0.0
2.268402,-12.599411,-2.6069794,0.5850574,-3.0376987,-3.9891553,0.0,0.0,0.0
5.3491516,-11.682953,-2.6679993,3.6824913,-2.1081676,-3.9780054,0.0,0.0,0.0
4.7856445,-11.020142,-2.638092,3.1207974,-1.4304676,-3.836769,0.0,0.0,0.0
1.7168427,-12.129211,-0.7908325,0.031970978,-2.5270395,-1.8537934,0.0,0.0,0.0
-0.36012268,-10.657639,2.6691895,-2.0400126,-1.0334215,1.8190075,0.0,0.0,0.0
-0.10647583,-11.042877,3.1298065,-1.7598572,-1.3822479,2.7997112,0.0,0.0,0.0
-0.100494385,-11.633896,4.085739,-1.7402006,-1.9653149,4.0686355,0.0,0.0,0.0
-0.4893341,-12.667603,4.5511475,-2.123248,-3.0006018,4.7743187,0.0,0.0,0.0
-0.91285706,-13.127029,4.0570374,-2.5336485,-3.4584074,4.3043613,0.0,0.0,0.0
-1.5696869,-12.539581,1.1078796,-3.120081,-2.8580198,1.2923607,0.0,0.0,0.0
-0.14476013,-10.974686,-2.1188507,-1.611088,-1.2790575,-1.9960762,0.0,0.0,0.0
2.108078,-9.639481,-4.688736,0.79845536,0.078897476,-4.597053,0.0,0.0,0.0
3.488739,-7.907089,-4.3704834,2.2933912,1.8255548,-4.2393923,0.0,0.0,0.0
1.1401825,-5.2989044,-3.4289093,0.047789693,4.444379,-3.2156413,0.0,0.0,0.0
0.26081848,-4.627716,-3.1322021,-0.6917562,5.122778,-2.6953368,0.0,0.0,0.0
-0.62931824,-4.0486603,-2.0973053,-1.5033411,5.697155,-1.4449604,0.0,0.0,0.0
-0.78364563,-4.5308075,-0.7896271,-1.6011484,5.2047253,0.059769332,0.0,0.0,0.0
-0.7130585,-4.980667,-0.1040802,-1.4581057,4.7469997,0.88979256,0.0,0.0,0.0
-0.29193115,-6.1040955,0.12562561,-1.0043736,3.6300383,1.0792791,0.0,0.0,0.0
2.3030853,-8.266006,-4.4267273,1.6083977,1.4870062,-3.674036,0.0,0.0,0.0
2.7625122,-10.517654,-6.9966125,2.0595047,-0.75734043,-6.3543973,0.0,0.0,0.0
2.551941,-11.605194,-5.6063843,1.8744328,-1.8386126,-5.03607,0.0,0.0,0.0
0.52282715,-12.833908,-4.268799,-0.14528513,-3.065919,-3.7116692,0.0,0.0,0.0
0.28474426,-11.767899,-6.077774,-0.38705266,-2.000062,-5.522404,0.0,0.0,0.0
1.1976013,-11.07637,-6.2117615,0.50345904,-1.3106279,-5.6471205,0.0,0.0,0.0
-0.06460571,-11.058426,1.4201355,-0.8250742,-1.308691,2.1513958,0.0,0.0,0.0
-2.732605,-11.788239,5.8205414,-3.5883453,-2.070569,6.82304,0.0,0.0,0.0
-1.5684967,-11.675781,4.9698944,-2.4932332,-1.9883566,6.1819425,0.0,0.0,0.0
1.1988068,-13.550552,-0.39601135,0.25758886,-3.8543987,0.7305342,0.0,0.0,0.0
1.4775696,-13.543381,0.6663971,0.47445047,-3.8347158,1.6182196,0.0,0.0,0.0
1.9633179,-12.041885,3.954132,0.7726667,-2.3397522,4.7423887,0.0,0.0,0.0
2.0973053,-10.4566345,2.5160522,0.78397095,-0.7597351,3.160776,0.0,0.0,0.0
1.6534424,-8.945572,0.43190002,0.29168057,0.7531853,0.93200463,0.0,0.0,0.0
0.6472626,-7.853241,-1.2263184,-0.74879694,1.8468285,-0.86568636,0.0,0.0,0.0
0.7310028,-6.428314,-2.2528381,-0.6760495,3.2738876,-2.0122554,0.0,0.0,0.0
1.627121,-5.4759674,-2.654831,0.21346569,4.2280245,-2.5876877,0.0,0.0,0.0
2.0757751,-4.881363,-2.567505,0.66577446,4.8223715,-2.7082853,0.0,0.0,0.0
1.5804596,-5.309677,-2.3282166,0.18464863,4.3912544,-2.6658955,0.0,0.0,0.0
1.3351898,-5.87558,-2.121231,-0.056527615,3.822545,-2.5453553,0.0,0.0,0.0
1.935791,-7.083954,-2.1726837,0.5204054,2.5989475,-2.811815,0.0,0.0,0.0
2.5866394,-9.139389,-3.5102692,1.1449723,0.51984596,-4.3997464,0.0,0.0,0.0
2.7481537,-9.762711,-3.6442719,1.2940814,-0.12259865,-4.7046022,0.0,0.0,0.0
2.8091736,-11.391037,-3.0604248,1.3642291,-1.7702446,-4.2944746,0.0,0.0,0.0
2.0159454,-12.277573,-1.6773682,0.5738108,-2.6603117,-2.941856,0.0,0.0,0.0
2.3377838,-12.008377,-1.1652985,0.9080343,-2.3879719,-2.4198909,0.0,0.0,0.0
3.439682,-11.102692,-2.325821,2.0338416,-1.4740639,-3.5438192,0.0,0.0,0.0
1.9094696,-12.417557,-1.9824524,0.5141132,-2.7792988,-3.1345568,0.0,0.0,0.0
0.15074158,-11.324036,1.4512482,-1.234841,-1.6792908,0.34244633,0.0,0.0,0.0
0.023925781,-11.736801,3.637085,-1.3072987,-2.0549965,2.8241396,0.0,0.0,0.0
1.4189453,-12.484558,4.688736,0.11830139,-2.7778196,4.18085,0.0,0.0,0.0
1.2885284,-12.67717,4.4327087,-0.0033459663,-2.9594917,4.17159,0.0,0.0,0.0
0.6006012,-12.259628,3.5976105,-0.6940968,-2.5392447,3.5065007,0.0,0.0,0.0
-0.5288086,-11.715256,2.3234253,-1.804739,-1.9923143,2.2409747,0.0,0.0,0.0
0.010772705,-10.241287,-0.42712402,-1.217649,-0.5123358,-0.52136636,0.0,0.0,0.0
1.4847412,-9.340378,-2.6117706,0.351776,0.39989185,-2.7297356,0.0,0.0,0.0
2.7385864,-7.630707,-3.5724792,1.7421535,2.1248312,-3.6560712,0.0,0.0,0.0
2.4753723,-6.4953156,-3.591629,1.6373823,3.2752705,-3.5297947,0.0,0.0,0.0
0.44506836,-5.32164,-3.5808563,-0.16407335,4.4620953,-3.3018303,0.0,0.0,0.0
-0.9786682,-3.8859406,-2.0171509,-1.4420644,5.8993692,-1.5661869,0.0,0.0,0.0
-1.2346954,-4.569092,-0.6053772,-1.5699553,5.2067947,0.09463632,0.0,0.0,0.0
-1.2610168,-5.1517487,0.14955139,-1.5311682,4.602991,1.1203582,0.0,0.0,0.0
-0.16630554,-5.97966,-0.8123627,-0.40165287,3.7706566,0.2105366,0.0,0.0,0.0
2.1439667,-7.655838,-5.1469574,1.9154882,2.1020613,-4.197436,0.0,0.0,0.0
2.1583252,-9.6957245,-6.04068,1.9193065,0.06605816,-5.134667,0.0,0.0,0.0
3.1369934,-11.776276,-4.7820587,2.8790352,-2.0097103,-3.9346848,0.0,0.0,0.0
2.0973053,-13.290939,-3.3439636,1.8190523,-3.5228405,-2.5210347,0.0,0.0,0.0
1.134201,-13.097107,-5.757126,0.85480917,-3.3274794,-4.95294,0.0,0.0,0.0
1.537384,-13.288544,-4.7569275,1.2514547,-3.5231256,-3.905314,0.0,0.0,0.0
-2.120041,-10.189835,4.607376,-2.440015,-0.44742107,5.6813364,0.0,0.0,0.0
-2.1439667,-10.125229,5.7882385,-2.5301769,-0.44945717,7.3376446,0.0,0.0,0.0
0.25004578,-12.421143,1.051651,-0.17434561,-2.7621355,2.692947,0.0,0.0,0.0
1.7168427,-12.686752,1.0707855,1.1602542,-3.0020437,2.5084982,0.0,0.0,0.0
1.8520508,-13.228714,2.3365936,1.1307633,-3.5306263,3.600409,0.0,0.0,0.0
2.3353882,-10.888535,4.759323,1.2943772,-1.1776924,5.64602,0.0,0.0,0.0
2.572281,-9.964905,2.7768707,1.3954006,-0.2462349,3.3537543,0.0,0.0,0.0
2.173874,-8.748154,0.43788147,0.9398258,0.97626877,0.7261825,0.0,0.0,0.0
0.86021423,-7.3698883,-0.80877686,-0.39402223,2.3560772,-0.7550695,0.0,0.0,0.0
0.14955139,-5.8133698,-1.9441681,-1.1056973,3.912507,-1.8988147,0.0,0.0,0.0
0.98583984,-5.1637115,-2.2504425,-0.32124984,4.5554056,-2.2762504,0.0,0.0,0.0
2.121231,-5.560913,-3.620346,0.76117074,4.1485014,-3.8391933,0.0,0.0,0.0
1.881958,-5.9413757,-4.2269287,0.454854,3.7411013,-4.8461137,0.0,0.0,0.0
1.8628082,-6.2033997,-3.7531433,0.3962077,3.4609842,-4.540009,0.0,0.0,0.0
2.2014008,-7.903488,-1.927414,0.70752656,1.745925,-2.837112,0.0,0.0,0.0
2.4921265,-8.5256195,-1.8448639,0.98446345,1.1113243,-2.8581042,0.0,0.0,0.0
3.5330048,-9.860825,-2.4813538,2.0105283,-0.23306656,-3.5577912,0.0,0.0,0.0
3.394226,-10.8694,-2.5830536,1.8461632,-1.2523088,-3.7168317,0.0,0.0,0.0
3.7998047,-11.799011,-2.3820496,2.2365828,-2.1859045,-3.5287392,0.0,0.0,0.0
5.4592285,-12.479767,-1.8999023,3.8819914,-2.8664494,-3.0254393,0.0,0.0,0.0
4.3334045,-11.401794,-2.7469635,2.722815,-1.7884512,-3.82401,0.0,0.0,0.0
2.498108,-10.431503,-3.2015991,0.8533509,-0.8179598,-4.2238326,0.0,0.0,0.0
0.23210144,-9.543777,1.199997,-1.4001924,0.087488174,0.3370211,0.0,0.0,0.0
-0.28234863,-12.699905,4.832306,-1.8981125,-3.0417948,4.302587,0.0,0.0,0.0
-1.3986053,-13.119843,5.8002014,-3.0029144,-3.4453278,5.818368,0.0,0.0,0.0
-1.8317108,-13.3663025,5.7798615,-3.4129968,-3.691825,6.0526447,0.0,0.0,0.0
-1.4105682,-13.391434,4.3046875,-2.9291806,-3.7100677,4.6725836,0.0,0.0,0.0
-1.6091766,-12.296722,1.9908295,-3.0634727,-2.6037436,2.309531,0.0,0.0,0.0
-0.4510498,-11.403,-0.9451599,-1.8094481,-1.6941156,-0.69474417,0.0,0.0,0.0
2.411972,-10.138382,-6.1256256,1.2477429,-0.402771,-5.9444194,0.0,0.0,0.0
3.8045807,-8.638092,-5.7463684,2.7732916,1.1117659,-5.529367,0.0,0.0,0.0
2.0865479,-7.092331,-4.1778717,1.183659,2.6666517,-3.8351898,0.0,0.0,0.0
0.79681396,-5.3288116,-3.0317078,0.07374209,4.4332905,-2.441014,0.0,0.0,0.0
0.11605835,-4.4398804,-1.7168427,-0.5233005,5.3136454,-0.9229005,0.0,0.0,0.0
-0.7788696,-4.587036,-0.8458557,-1.3110709,5.142992,0.25582445,0.0,0.0,0.0
-0.83987427,-4.8263245,0.21655273,-1.3084295,4.8906765,1.4537828,0.0,0.0,0.0
-0.8291168,-4.557129,0.26679993,-1.2404411,5.154291,1.5666147,0.0,0.0,0.0
-0.55752563,-5.03331,-0.70947266,-0.91346794,4.6903696,0.5127213,0.0,0.0,0.0
1.7922211,-8.8498535,-7.0468597,1.4483267,0.8918505,-5.973863,0.0,0.0,0.0
2.1391907,-11.024933,-6.3828583,1.7477242,-1.2633696,-5.529027,0.0,0.0,0.0
2.884552,-12.863815,-4.7150574,2.4315422,-3.100422,-3.914235,0.0,0.0,0.0
2.0638123,-12.4618225,-4.585846,1.5393088,-2.7014723,-3.791592,0.0,0.0,0.0
0.59103394,-11.185242,-4.533203,0.030768037,-1.4268456,-3.7393544,0.0,0.0,0.0
0.447464,-11.428116,-0.78125,-0.16589218,-1.6772623,0.064348996,0.0,0.0,0.0
-1.1449585,-11.832504,3.8237305,-1.8920293,-2.1276703,5.0189147,0.0,0.0,0.0
-1.5900269,-11.667404,3.8165588,-2.4056318,-1.9911909,5.186258,0.0,0.0,0.0
-1.1856384,-12.932007,1.6486511,-2.0447435,-3.2556973,2.9907994,0.0,0.0,0.0
-0.18544006,-13.738388,-0.49172974,-1.0570502,-4.047615,0.7328507,0.0,0.0,0.0
0.28234863,-13.17009,3.6347046,-0.672189,-3.4747534,4.757072,0.0,0.0,0.0
0.6628113,-12.24408,4.158722,-0.48400748,-2.5524216,5.1215096,0.0,0.0,0.0
2.293518,-9.829712,1.3770752,1.0570785,-0.13151073,2.142909,0.0,0.0,0.0
2.0566254,-8.251648,-0.72262573,0.74335253,1.4524603,-0.19727767,0.0,0.0,0.0
0.83151245,-6.6999054,-1.3555298,-0.5187906,3.0024529,-0.89583135,0.0,0.0,0.0
0.8410797,-5.5573273,-1.7515411,-0.5369407,4.1449327,-1.3806024,0.0,0.0,0.0
1.902298,-5.120636,-2.567505,0.5175816,4.586191,-2.393019,0.0,0.0,0.0
2.376068,-5.34317,-2.7565308,0.9780861,4.361746,-2.931539,0.0,0.0,0.0
1.4608154,-6.2668,-3.394226,0.04080534,3.4263544,-3.8377562,0.0,0.0,0.0
1.1246338,-7.628311,-3.777069,-0.30974412,2.0466776,-4.4894943,0.0,0.0,0.0
1.2227325,-8.322235,-4.1826477,-0.2109983,1.3414764,-5.0355706,0.0,0.0,0.0
2.3234253,-9.127426,-3.0723877,0.9043108,0.5251894,-4.0641155,0.0,0.0,0.0
2.099701,-10.907684,-1.8484497,0.70169353,-1.2534933,-2.8547125,0.0,0.0,0.0
1.4153595,-11.791824,-1.8149567,0.040101886,-2.1271362,-2.7492216,0.0,0.0,0.0
2.8223267,-11.497513,-2.5854492,1.4661002,-1.8225956,-3.438109,0.0,0.0,0.0
3.3846436,-12.175873,-1.3878326,2.0538554,-2.4891958,-2.1412778,0.0,0.0,0.0
2.025528,-12.401993,0.0059814453,0.7073175,-2.7026196,-0.5897253,0.0,0.0,0.0
0.3756714,-11.414963,2.8390808,-0.9275036,-1.7039366,2.429087,0.0,0.0,0.0
0.62094116,-12.205795,5.3108673,-0.66464055,-2.4854097,5.1326065,0.0,0.0,0.0
0.62094116,-12.205795,5.3108673,-0.66464055,-2.4854097,5.1326065,0.0,0.0,0.0
0.62094116,-12.205795,5.3108673,-0.65975845,-2.4834633,5.2305074,0.0,0.0,0.0
0.62094116,-12.205795,5.3108673,-0.65975845,-2.4834633,5.2305074,0.0,0.0,0.0
0.62094116,-12.205795,5.3108673,-0.65975845,-2.4834633,5.2305074,0.0,0.0,0.0
0.62094116,-12.205795,5.3108673,-0.65975845,-2.4834633,5.2305074,0.0,0.0,0.0
0.62094116,-12.205795,5.3108673,-0.65975845,-2.4834633,5.2305074,0.0,0.0,0.0
0.62094116,-12.205795,5.3108673,-0.65975845,-2.4834633,5.2305074,0.0,0.0,0.0
0.62094116,-12.205795,5.3108673,-0.65975845,-2.4834633,5.2305074,0.0,0.0,0.0
0.62094116,-12.205795,5.3108673,-0.65975845,-2.4834633,5.2305074,0.0,0.0,0.0
0.62094116,-12.205795,5.3108673,-0.65975845,-2.4834633,5.2305074,0.0,0.0,0.0
0.62094116,-12.205795,5.3108673,-0.65975845,-2.4834633,5.2305074,0.0,0.0,0.0
0.62094116,-12.205795,5.3108673,-0.65975845,-2.4834633,5.2305074,0.0,0.0,0.0
0.62094116,-12.205795,5.3108673,-0.65975845,-2.4834633,5.2305074,0.0,0.0,0.0
0.62094116,-12.205795,5.3108673,-0.65975845,-2.4834633,5.2305074,0.0,0.0,0.0
0.62094116,-12.205795,5.3108673,-0.65975845,-2.4834633,5.2305074,0.0,0.0,0.0
0.62094116,-12.205795,5.3108673,-0.65975845,-2.4834633,5.2305074,0.0,0.0,0.0
0.62094116,-12.205795,5.3108673,-0.65975845,-2.4834633,5.2305074,0.0,0.0,0.0
0.62094116,-12.205795,5.3108673,-0.65975845,-2.4834633,5.2305074,0.0,0.0,0.0
0.62094116,-12.205795,5.3108673,-0.65975845,-2.4834633,5.2305074,0.0,0.0,0.0
0.62094116,-12.205795,5.3108673,-0.65975845,-2.4834633,5.2305074,0.0,0.0,0.0
0.62094116,-12.205795,5.3108673,-0.65975845,-2.4834633,5.2305074,0.0,0.0,0.0
0.62094116,-12.205795,5.3108673,-0.65975845,-2.4834633,5.2305074,0.0,0.0,0.0
0.62094116,-12.205795,5.3108673,-0.65975845,-2.4834633,5.2305074,0.0,0.0,0.0
0.62094116,-12.205795,5.3108673,-0.65975845,-2.4834633,5.2305074,0.0,0.0,0.0
0.62094116,-12.205795,5.3108673,-0.65975845,-2.4834633,5.2305074,0.0,0.0,0.0
0.62094116,-12.205795,5.3108673,-0.65975845,-2.4834633,5.2305074,0.0,0.0,0.0
0.62094116,-12.205795,5.3108673,-0.65975845,-2.4834633,5.2305074,0.0,0.0,0.0
0.62094116,-12.205795,5.3108673,-0.65975845,-2.4834633,5.2305074,0.0,0.0,0.0
0.62094116,-12.205795,5.3108673,-0.65975845,-2.4834633,5.2305074,0.0,0.0,0.0
0.62094116,-12.205795,5.3108673,-0.65975845,-2.4834633,5.2305074,0.0,0.0,0.0
0.62094116,-12.205795,5.3108673,-0.65975845,-2.4834633,5.2305074,0.0,0.0,0.0
0.62094116,-12.205795,5.3108673,-0.65975845,-2.4834633,5.2305074,0.0,0.0,0.0
0.62094116,-12.205795,5.3108673,-0.65975845,-2.4834633,5.2305074,0.0,0.0,0.0
0.62094116,-12.205795,5.3108673,-0.65975845,-2.4834633,5.2305074,0.0,0.0,0.0
0.62094116,-12.205795,5.3108673,-0.65975845,-2.4834633,5.2305074,0.0,0.0,0.0
0.62094116,-12.205795,5.3108673,-0.65975845,-2.4834633,5.2305074,0.0,0.0,0.0
0.62094116,-12.205795,5.3108673,-0.65975845,-2.4834633,5.2305074,0.0,0.0,0.0
0.62094116,-12.205795,5.3108673,-0.65975845,-2.4834633,5.2305074,0.0,0.0,0.0
0.62094116,-12.205795,5.3108673,-0.65975845,-2.4834633,5.2305074,0.0,0.0,0.0
0.62094116,-12.205795,5.3108673,-0.65975845,-2.4834633,5.2305074,0.0,0.0,0.0
0.62094116,-12.205795,5.3108673,-0.65975845,-2.4834633,5.2305074,0.0,0.0,0.0
0.62094116,-12.205795,5.3108673,-0.65975845,-2.4834633,5.2305074,0.0,0.0,0.0
0.62094116,-12.205795,5.3108673,-0.65975845,-2.4834633,5.2305074,0.0,0.0,0.0
0.62094116,-12.205795,5.3108673,-0.65975845,-2.4834633,5.2305074,0.0,0.0,0.0
0.62094116,-12.205795,5.3108673,-0.65975845,-2.4834633,5.2305074,0.0,0.0,0.0
0.62094116,-12.205795,5.3108673,-0.65975845,-2.4834633,5.2305074,0.0,0.0,0.0
0.62094116,-12.205795,5.3108673,-0.65975845,-2.4834633,5.2305074,0.0,0.0,0.0
0.62094116,-12.205795,5.3108673,-0.65975845,-2.4834633,5.2305074,0.0,0.0,0.0
0.62094116,-12.205795,5.3108673,-0.65975845,-2.4834633,5.2305074,0.0,0.0,0.0
0.62094116,-12.205795,5.3108673,-0.65975845,-2.4834633,5.2305074,0.0,0.0,0.0
