0.15567628,3.8751419,11.053016,-0.02103375,0.067506075,-0.13318348,0.070100814,-0.021807453,9.67494
0.7879615,3.6284547,10.758429,0.029261662,0.08666623,-0.19305897,-0.08594335,0.041839752,9.615595
1.4897022,3.3147073,11.318863,0.07986382,0.14225116,-0.11882591,-0.13236177,0.09932403,9.691116
1.8106349,2.2561085,12.300821,-0.036831632,0.094120815,-0.15235138,-0.10162925,-0.02240398,9.656332
1.3028907,1.7675245,12.2433405,-0.0025207642,0.09439081,-0.068532944,-0.095208555,0.01147768,9.740194
0.90771246,1.7411792,11.366763,-0.031498596,0.11588366,-0.21702194,-0.123825826,-0.013475864,9.592162
1.1448194,1.6669337,11.038646,0.013962856,0.13312711,-0.12362671,-0.1323807,0.033414893,9.685986
1.6645386,1.6214283,10.825489,0.076372325,0.07572615,-0.22661495,-0.068824254,0.087526985,9.581875
1.8489552,1.6142433,10.705738,-0.016567314,0.14487009,-0.20026398,-0.14998545,0.005706335,9.609573
1.5376027,1.7339942,10.080638,-0.013928869,0.1523049,-0.0829134,-0.15443671,0.0089434255,9.72706
1.2406201,1.8944606,9.182506,0.06964645,0.08059068,-0.20027256,-0.073863596,0.08158874,9.608302
1.4034815,1.9375709,8.375383,0.058372475,0.21000935,-0.20506573,-0.20334645,0.089870974,9.606309
1.4178516,2.179468,8.200547,0.096937366,0.08070566,-0.16674614,-0.06884386,0.108714215,9.641858
1.4849122,2.3566992,7.8580594,0.04688734,0.085608765,-0.14758873,-0.080706246,0.05994029,9.6610365
0.9867481,2.4668703,7.9083548,-0.0075924955,0.07813734,-0.28410053,-0.084420085,0.005871241,9.524311
0.81909674,2.5914114,7.726333,0.06419898,0.06612335,-0.25296307,-0.060868658,0.07480894,9.555289
0.9627979,2.6704469,7.932305,0.04282676,0.06894985,-0.14519787,-0.06462503,0.053611025,9.6630535
1.1999048,2.7686427,8.040081,0.040628683,0.17938583,0.015262604,-0.17060766,0.06772316,9.825872
0.94603276,3.0919704,7.6161623,0.053239767,0.07251167,-0.23383904,-0.068272576,0.06499291,9.574514
0.847837,3.0799952,6.969507,0.06338747,0.15623988,-0.05181694,-0.14528129,0.087585516,9.758318
0.91250247,3.3218923,8.083191,-0.008366812,0.15387866,-0.17875385,-0.15700369,0.017047055,9.631263
1.0035132,3.182981,9.256751,0.061357718,0.06537111,-0.11169624,-0.057054594,0.07156021,9.696478
0.8334668,3.1231055,9.81,-0.03157365,0.022427455,-0.20510578,-0.031581584,-0.026547821,9.602038
0.51971924,3.2380664,10.289004,-5.9260055E-6,0.061040282,-0.1787672,-0.063981816,0.010823184,9.629244
0.6825806,3.1542408,10.7799835,0.062469296,0.12569277,-0.118891716,-0.11618155,0.08285878,9.690578
1.3555812,3.1374757,10.020762,0.11041146,0.11405556,-0.26020527,-0.09982682,0.12887375,9.5491
1.6453785,3.3697927,9.831555,0.13621627,0.11870718,-0.08775997,-0.09687759,0.154068,9.721645
2.0333717,3.4512234,10.157278,0.050218266,0.14072207,-0.19794178,-0.13483654,0.07332884,9.611849
1.9303858,3.4296682,10.020762,-0.055362035,0.08363272,-0.11172962,-0.093785584,-0.040656142,9.696677
1.6908839,3.8655617,9.79084,0.09074418,0.16555607,-0.19077587,-0.15283062,0.116995916,9.619585
1.719624,4.351751,9.08431,0.0088753905,0.14849097,-0.26740837,-0.15078102,0.033598162,9.542507
2.078877,4.643943,8.686736,-0.043709546,0.09493831,-0.11171436,-0.103064515,-0.027358582,9.696955
2.4572902,4.143384,9.3309965,0.069039874,0.12182003,-0.11172676,-0.111455254,0.08825019,9.6976595
2.2728736,3.5949244,10.035132,0.05515512,0.12698981,-0.06383419,-0.117650315,0.07535111,9.7456255
1.8106349,3.03928,10.209969,0.050431952,0.16555917,-0.116529465,-0.15757012,0.0772021,9.693763
1.4465919,2.9003687,9.6686945,0.0011154432,0.10601713,-0.15006828,-0.107470214,0.019448273,9.65889
1.0873389,3.175796,9.024434,0.049188178,0.14205267,-0.030319214,-0.13243107,0.07238067,9.779434
0.29937744,3.4057178,8.904683,0.047610167,0.14020328,-0.21714401,-0.13455611,0.07177554,9.5926
0.3520679,3.432063,9.077125,-0.014844684,0.07081205,-0.12134457,-0.07482023,-0.0020793,9.6868305
1.0490186,2.9985645,9.83874,-0.029399475,0.16751939,-0.20758438,-0.17435521,-3.3569442E-5,9.602645
1.6525636,2.9027638,9.843531,-0.024523642,0.083502114,-0.21237087,-0.0908347,-0.009179858,9.596079
1.5567628,3.0368848,9.201666,0.083208084,0.15814054,-0.19561386,-0.14602998,0.109363414,9.614527
1.3675562,3.1853762,8.722662,0.011945792,0.14369518,-0.2698574,-0.14514191,0.037446037,9.539919
1.1136842,3.3099172,8.171807,0.026586942,0.17019723,-0.14053059,-0.1660116,0.05596737,9.669791
0.7544312,3.3410523,8.008945,0.043296073,0.14679678,-0.2123928,-0.14165261,0.06860414,9.597456
0.7185059,3.5494192,7.656878,0.05312694,0.11379178,-0.114209175,-0.1053937,0.0722719,9.694921
0.51971924,3.67875,7.589817,0.067446575,0.0806181,-0.11900616,-0.07041951,0.08069802,9.689434
0.34009278,3.8416114,7.30481,0.02748377,0.16741474,-0.0926733,-0.16202445,0.056383476,9.717543
0.2802173,4.023633,7.5946074,0.027603235,0.10570671,-0.13100624,-0.10202477,0.046001494,9.677914
0.28979737,3.9493873,7.9155397,0.11189483,0.120762855,-0.20766163,0.0,0.0,0.0
-0.028740235,3.887117,8.164622,0.04014021,0.12774885,-0.17412663,-0.12231553,0.06258968,9.635266
-0.12933107,4.1314087,7.6257424,0.07693799,0.1118779,-0.102295876,0.0,0.0,0.0
-0.081430666,4.4427614,7.5299416,-0.001706413,0.088055894,-0.20288944,0.0,0.0,0.0
0.0,4.6750784,8.974138,-0.054747466,0.08999342,-0.20048428,0.0,0.0,0.0
0.009580079,4.358936,10.564431,0.044038385,0.15479942,-0.15258789,0.0,0.0,0.0
-0.17962648,4.2990603,11.263778,0.027545549,0.15051964,-0.23642349,0.0,0.0,0.0
-0.7927515,4.3373804,10.873389,-0.04425199,0.13583244,-0.21007156,0.0,0.0,0.0
-0.90052736,4.4451566,10.157278,0.010839686,0.11957443,-0.13104725,0.0,0.0,0.0
-0.86220706,4.679868,9.881851,-0.028326128,0.1843051,-0.1741581,0.0,0.0,0.0
-0.9484278,4.5816727,9.481883,0.09953722,0.04566501,-0.13584423,0.0,0.0,0.0
-1.2358302,4.1050634,10.099798,0.11181641,0.11242378,-0.06398678,0.0,0.0,0.0
-1.1663746,3.8080812,10.686578,0.068949476,0.04155183,-0.20052433,0.0,0.0,0.0
-1.0753639,3.6068995,10.171648,1.9403128E-4,0.091722965,-0.19573116,0.0,0.0,0.0
-1.2406201,3.8104763,9.153765,0.0979814,0.11080381,-0.17656994,0.0,0.0,0.0
-0.9580079,3.3147073,9.005274,0.0429791,0.099156916,-0.068800926,0.0,0.0,0.0
-0.60354495,3.0081446,9.342972,0.009863934,0.16120264,-0.11909199,0.0,0.0,0.0
-0.09580079,2.694397,9.730965,0.029889159,0.08433083,-0.1693821,0.0,0.0,0.0
0.2682422,2.792593,9.074729,0.084556825,0.06993471,-0.092741966,0.0,0.0,0.0
0.57001466,2.6153615,9.093889,5.4126186E-4,0.18288732,-0.16460037,0.0,0.0,0.0
0.5460645,2.7782228,8.796907,0.0032166834,0.09687626,-0.15981388,0.0,0.0,0.0
0.74724615,2.9841945,8.126302,0.027483024,0.13752684,-0.18376255,0.0,0.0,0.0
-0.086220704,3.558999,6.6270194,0.066252075,0.1951233,-0.13826084,0.0,0.0,0.0
0.44786867,2.8380983,6.981482,0.05730139,0.099341795,-0.18855667,0.0,0.0,0.0
0.059875492,3.5182838,7.9059596,0.028378231,0.15718707,-0.114317894,0.0,0.0,0.0
0.2921924,3.276387,7.92512,0.09293671,0.17357548,-0.15981579,0.0,0.0,0.0
0.728086,3.4967287,7.9682302,0.026433496,0.1182185,-0.14065075,0.0,0.0,0.0
0.974773,3.7146754,7.7862086,0.038807023,0.09934121,-0.23645687,0.0,0.0,0.0
0.85023195,3.7625759,7.817344,0.024773117,0.08272895,-0.16460991,0.0,0.0,0.0
0.7496411,3.8751419,8.265213,-0.013815499,0.08800511,-0.107138634,0.0,0.0,0.0
0.8813672,3.923042,8.57417,0.024599751,0.09524386,-0.10953522,0.0,0.0,0.0
0.9627979,4.1314087,8.133487,0.09409461,0.14729957,-0.15263271,0.0,0.0,0.0
1.0106983,4.1002736,8.214917,0.087675415,0.18742111,-0.03047371,0.0,0.0,0.0
0.6610254,4.358936,9.15616,0.0877868,0.10316101,-0.08555126,0.0,0.0,0.0
1.223855,3.8344264,8.777747,0.05432027,0.18737757,-0.12627506,0.0,0.0,0.0
1.5639478,3.9469924,9.09868,0.04074021,0.08226748,-0.13346481,0.0,0.0,0.0
1.341211,4.133804,10.035132,0.02849181,0.08682652,-0.20531082,0.0,0.0,0.0
1.1496094,4.375701,10.157278,0.023217406,0.08480182,-0.20771313,0.0,0.0,0.0
1.6621436,4.351751,9.644744,0.0019288212,0.14441845,-0.12388229,0.0,0.0,0.0
2.308799,3.755391,9.970467,0.033378378,0.101145715,-0.16459465,0.0,0.0,0.0
2.430945,2.936294,10.839859,0.062348004,0.079790086,-0.14064789,0.0,0.0,0.0
2.2824538,2.6201515,11.60866,0.062400978,0.17515962,-0.109503746,0.0,0.0,0.0
1.8202149,2.7782228,11.474539,0.079283625,0.08926824,-0.09274578,0.0,0.0,0.0
1.4992822,3.171006,10.490186,0.029162517,0.19920798,-0.15022182,0.0,0.0,0.0
1.5687379,3.3578174,10.248289,0.044041026,0.16086923,-0.2005167,0.0,0.0,0.0
2.0573218,3.0296998,10.375225,0.06604754,0.11511226,-0.09273529,0.0,0.0,0.0
2.4932153,2.7470875,10.265054,0.049569435,0.14155792,-0.19811821,0.0,0.0,0.0
2.7399025,2.7758276,9.589659,0.08841886,0.1604838,-0.2555933,0.0,0.0,0.0
2.459685,2.816543,8.643626,-0.04998229,0.05759868,-0.20530033,0.0,0.0,0.0
1.8753004,3.173401,7.4197707,0.021896087,0.124454364,-0.18613625,0.0,0.0,0.0
1.5040723,3.3338673,6.7779055,0.029614462,0.16306905,-0.20051193,0.0,0.0,0.0
1.4465919,3.4991236,6.485713,0.1807916,0.09380062,-0.1262703,0.0,0.0,0.0
1.4274317,3.7074904,6.2342362,0.042048387,0.08685914,-0.11909008,0.0,0.0,0.0
1.468147,4.145779,6.248606,0.044987276,0.1441597,-0.1957264,0.0,0.0,0.0
1.7531544,4.272715,6.7395854,0.088497855,0.17820598,-0.16939163,0.0,0.0,0.0
1.8154249,4.282295,7.3742657,0.08088822,0.120856434,-0.22448063,0.0,0.0,0.0
1.8369801,4.2367897,7.671248,0.04703981,0.10170427,-0.11191559,0.0,0.0,0.0
1.9806812,4.239185,8.138277,0.068941094,0.03151223,-0.21967506,0.0,0.0,0.0
1.707649,4.3086405,9.017249,0.0619706,0.13001844,-0.21249676,0.0,0.0,0.0
1.0154883,4.5074267,9.750125,0.019045811,0.16333774,-0.14782715,0.0,0.0,0.0
0.8143067,4.84752,9.400452,0.060218796,0.09631252,-0.23644257,0.0,0.0,0.0
0.9987232,5.1540823,8.976534,-0.0022708997,0.09632228,-0.22446823,0.0,0.0,0.0
1.2813355,5.118157,9.292676,0.039983705,0.17287087,-0.1574049,0.0,0.0,0.0
1.2693604,4.976851,9.644744,0.013484559,0.16302375,-0.17895603,0.0,0.0,0.0
1.0178833,4.7972245,9.850716,0.057173807,0.0362204,-0.20290756,0.0,0.0,0.0
0.54366946,5.134922,10.154883,0.019019473,0.11510365,-0.11907959,0.0,0.0,0.0
0.21794678,5.369634,9.879456,0.05505633,0.12906949,-0.14062595,0.0,0.0,0.0
-0.31135255,5.407954,9.438772,0.05475906,0.20332251,-0.085541725,0.0,0.0,0.0
-0.364043,4.9145803,9.050779,0.052764297,0.08137946,-0.14542103,0.0,0.0,0.0
-0.17483643,4.0020776,8.638836,0.10061922,0.19104667,-0.10229969,0.0,0.0,0.0
0.244292,3.1374757,8.727451,-0.06439783,0.1620156,-0.24120426,0.0,0.0,0.0
-0.6658155,3.032095,11.084151,0.017123636,0.1134665,-0.13820553,0.0,0.0,0.0
-0.5221143,2.5027955,11.02667,0.08405633,0.07219243,-0.18609428,0.0,0.0,0.0
0.48139894,2.7183473,11.328443,-0.035972103,0.13025147,-0.12144089,0.0,0.0,0.0
0.72569096,2.9770093,10.962005,0.011494249,0.10655001,-0.21724606,0.0,0.0,0.0
0.852627,3.0177248,9.426797,0.037867438,0.14310831,-0.17893982,0.0,0.0,0.0
1.3052857,2.929109,8.557405,0.059461277,0.11916977,-0.14780426,0.0,0.0,0.0
1.1639795,3.0368848,7.94428,0.018580478,0.15940027,-0.13821507,0.0,0.0,0.0
1.1520045,3.1207106,7.937095,0.10763082,0.16197145,-0.15019226,0.0,0.0,0.0
0.7592212,3.3650026,7.3455253,0.014145305,0.041707143,-0.15976238,0.0,0.0,0.0
0.7161109,3.4871485,6.835386,0.07905676,0.14030331,-0.121450424,0.0,0.0,0.0
0.6322852,3.6092947,6.5120583,-0.0016172146,0.1284204,-0.19330311,0.0,0.0,0.0
0.7376661,3.8320315,6.7803006,0.034588303,0.06863724,-0.12145424,0.0,0.0,0.0
0.5245093,3.7937112,7.0126176,0.008457998,0.08781439,-0.18612003,0.0,0.0,0.0
0.9484278,3.8535867,7.8987746,0.016145073,0.15467179,-0.15977001,0.0,0.0,0.0
1.587898,3.894302,8.243657,0.12176031,0.16412593,-0.22682762,0.0,0.0,0.0
1.6453785,3.8583767,8.190968,0.1217263,0.08712043,-0.14538956,0.0,0.0,0.0
1.5232325,4.0044727,8.076006,0.068742424,0.053300634,-0.15735817,0.0,0.0,0.0
1.3603711,4.2056546,8.557405,0.049833518,0.1783775,-0.23640442,0.0,0.0,0.0
1.5016773,4.30385,8.408914,0.04748752,0.19021346,-0.21245193,0.0,0.0,0.0
1.590293,4.517007,7.822134,-3.3281138E-4,0.07087663,-0.12863445,0.0,0.0,0.0
1.8585353,4.29427,8.339458,0.057420064,0.08765757,-0.2148552,0.0,0.0,0.0
1.7603394,4.157754,8.770562,0.14379731,0.08528745,-0.09989548,0.0,0.0,0.0
1.5783179,4.0595584,9.287886,0.015468304,0.04433173,-0.16215992,0.0,0.0,0.0
1.5112574,4.033213,9.78605,0.07551328,0.11883116,-0.166955,0.0,0.0,0.0
1.6334034,4.2272096,10.370435,0.09189594,0.1953704,-0.025648117,0.0,0.0,0.0
1.9327809,3.9493873,10.322535,0.055734236,0.119280845,-0.18373013,0.0,0.0,0.0
1.9423609,3.7506008,10.641072,0.0421859,0.109621584,-0.2172575,0.0,0.0,0.0
2.1722827,3.1446607,11.57034,0.047849353,0.15276009,-0.16696262,0.0,0.0,0.0
2.5387208,2.1722827,12.327166,0.06238558,0.13597094,-0.19809723,0.0,0.0,0.0
2.5051906,1.6549586,12.114009,0.036706723,0.114233956,-0.16456223,0.0,0.0,0.0
1.9687061,1.8369801,11.316468,0.010756677,0.16729183,-0.114274025,0.0,0.0,0.0
1.707649,2.1698878,10.27224,0.056564786,0.17441829,-0.12864208,0.0,0.0,0.0
1.8872755,2.1267774,9.568104,0.1285699,0.06880103,-0.16935253,0.0,0.0,0.0
2.0213966,2.2608986,9.2328005,0.06657742,0.10033159,-0.13104057,0.0,0.0,0.0
2.454895,1.8058448,9.513018,0.1080194,0.09044017,-0.10708237,0.0,0.0,0.0
2.2752686,1.5304176,9.635164,0.06730847,0.15059195,-0.08792877,0.0,0.0,0.0
1.6405884,1.6214283,9.189691,0.058332767,0.1700101,-0.07595825,0.0,0.0,0.0
1.2933106,2.0309765,8.4304695,0.01027326,0.10019931,-0.14061642,0.0,0.0,0.0
1.0753639,2.7111623,7.206614,0.074758366,0.042649224,-0.111875534,0.0,0.0,0.0
0.9699829,2.8309133,6.5144534,0.13024704,0.1026395,-0.10469246,0.0,0.0,0.0
0.7376661,3.4847536,6.871311,0.027989112,0.10749328,-0.107087135,0.0,0.0,0.0
0.91010743,3.530259,7.350315,0.06371772,0.08808212,-0.15977287,0.0,0.0,0.0
1.2933106,3.6260598,7.829319,0.042454027,0.08112596,-0.16935635,0.0,0.0,0.0
1.4106666,3.5901344,8.59333,0.05941448,0.068963975,-0.12863731,0.0,0.0,0.0
1.2454102,3.6021094,8.533455,0.076258264,0.10031037,6.8855286E-4,0.0,0.0,0.0
0.88376224,3.7338357,8.116721,0.045560226,0.13601947,-0.08313084,0.0,0.0,0.0
0.7089258,3.6979103,7.9802055,0.062870584,0.17154013,-0.17173767,0.0,0.0,0.0
0.76161623,3.8224514,8.042476,0.015441386,0.09760712,-0.15976906,0.0,0.0,0.0
0.4742139,3.66438,8.911868,0.030424003,0.1358086,-0.11186504,0.0,0.0,0.0
0.43589357,3.4631984,9.129815,0.028036231,0.18208507,-0.2028904,0.0,0.0,0.0
0.86220706,3.1255007,10.427916,0.030731233,0.18974459,-0.047224045,0.0,0.0,0.0
1.3172607,2.3638844,11.232642,0.07659836,0.14214215,-0.18374538,0.0,0.0,0.0
1.092129,2.4884255,11.541599,0.052907705,0.0700994,-0.10470581,0.0,0.0,0.0
0.53169435,2.6608667,11.682906,0.06592253,0.16066563,-0.2076807,0.0,0.0,0.0
0.083825685,2.4189699,11.785892,0.073032446,0.16381319,-0.11668491,0.0,0.0,0.0
0.06945557,2.2225783,11.251802,0.046856962,0.12850682,-0.15980911,0.0,0.0,0.0
0.81909674,1.705254,10.665023,0.06614432,0.074025154,-0.25322628,0.0,0.0,0.0
0.98195803,1.6477735,10.684182,0.044829205,0.09522155,-0.14304733,0.0,0.0,0.0
0.488584,1.4897022,10.813514,0.08791001,0.1573928,-0.21250153,0.0,0.0,0.0
-0.10538086,1.5064673,10.813514,0.09235726,0.11441742,-0.23645401,0.0,0.0,0.0
-0.13651612,1.5064673,10.145303,0.064357065,0.10967271,-0.1358633,0.0,0.0,0.0
-0.09580079,1.7172291,9.357342,0.088253394,0.124396145,-0.15742588,0.0,0.0,0.0
0.14130616,1.7890797,8.978929,0.07133811,0.071986705,-0.18856716,0.0,0.0,0.0
0.5340894,1.6860938,8.722662,0.076243766,0.21322599,-0.18856621,0.0,0.0,0.0
0.82388675,1.6525636,8.696317,0.08625822,0.064549595,-0.19095707,0.0,0.0,0.0
0.5460645,1.8034497,8.677156,0.12728775,0.117186666,-0.21490479,0.0,0.0,0.0
0.16765137,1.8130299,8.440049,0.04608565,0.119110286,-0.13106918,0.0,0.0,0.0
0.21076173,1.9830762,8.265213,0.056073822,0.027829483,-0.11190319,0.0,0.0,0.0
0.4167334,2.2129982,8.116721,0.055846013,0.027552351,-0.11189747,-0.005722296,-0.06286632,9.695232
0.49576905,2.4572902,8.035291,0.08703114,0.099509984,-0.22925472,0.0,0.0,0.0
0.67539555,2.44771,8.049661,0.07790683,0.08051497,-0.12387657,0.0,0.0,0.0
0.9987232,2.8141482,8.133487,0.049693905,0.089680895,-0.11907768,0.0,0.0,0.0
0.96758795,3.0177248,8.123906,0.03540596,0.060973436,-0.123867035,0.0,0.0,0.0
0.6682105,3.1446607,8.296348,0.04542783,0.16162874,-0.03525257,0.0,0.0,0.0
0.4526587,3.2308815,8.226892,0.023498058,0.16873471,-0.20050812,0.0,0.0,0.0
0.85023195,3.4440382,8.52148,0.09346173,0.18782686,-0.18134499,0.0,0.0,0.0
0.8669971,3.4967287,8.464,0.021966282,0.1637373,-0.17655182,0.0,0.0,0.0
1.099314,3.4679885,9.414823,0.10440913,0.07739794,-0.1765461,0.0,0.0,0.0
0.7711963,3.4368532,9.817185,0.08508413,0.090553865,-0.20531178,0.0,0.0,0.0
0.44307864,3.3626075,9.72378,0.039641872,0.14129095,-0.13107586,0.0,0.0,0.0
0.3305127,3.3123121,9.335787,0.030195044,0.079349294,-0.17898178,0.0,0.0,0.0
0.4406836,3.412903,9.352551,0.04206351,0.21233925,-0.13824368,0.0,0.0,0.0
0.7664063,3.7697608,9.718989,0.05411652,0.14505988,-0.17895508,0.0,0.0,0.0
1.5974782,3.9948928,9.891431,0.08042157,0.20080313,-0.10472298,0.0,0.0,0.0
2.1483326,4.0116577,9.908196,0.08721097,0.12816612,-0.056806564,0.0,0.0,0.0
2.7758276,3.784131,9.601634,0.092244476,0.059112772,-0.29871178,0.0,0.0,0.0
2.8285182,3.271597,9.678274,0.07498678,0.11145845,-0.09033871,0.0,0.0,0.0
2.792593,3.4248781,9.996812,0.060919426,0.06402585,-0.18614864,0.0,0.0,0.0
2.694397,3.271597,9.687855,0.025587756,0.066201314,-0.1238718,0.0,0.0,0.0
1.9160157,3.4727786,9.364527,0.050545745,0.14290588,-0.19093132,0.0,0.0,0.0
1.9567311,3.3697927,8.792117,0.08682717,0.13547689,-0.095124245,0.0,0.0,0.0
2.184258,2.8740237,8.226892,0.120879926,0.17865133,-0.09033394,0.0,0.0,0.0
2.6297317,2.0142114,8.727451,0.040015317,0.16200095,-0.22206116,0.0,0.0,0.0
2.193838,1.6693287,8.990904,0.027969925,0.011283204,-0.16937447,0.0,0.0,0.0
1.7124391,1.5687379,8.885523,0.10988538,0.16974926,-0.085556984,0.0,0.0,0.0
1.575923,1.456172,8.246053,0.13867977,0.2319389,-0.090343475,0.0,0.0,0.0
1.101709,1.719624,8.140672,0.104947336,0.052704275,-0.085562706,0.0,0.0,0.0
0.847837,1.585503,7.903565,0.059945155,0.16790237,-0.14783669,0.0,0.0,0.0
1.6836988,1.1256592,8.619676,0.04832936,0.11024983,-0.20531273,0.0,0.0,0.0
1.6813037,1.5783179,9.172925,0.022353582,0.1361792,-0.11908245,0.0,0.0,0.0
1.3531861,1.695674,8.705896,0.03985142,0.14851497,-0.12866783,0.0,0.0,0.0
0.859812,1.463357,8.533455,0.093054034,0.20869252,-0.13825321,0.0,0.0,0.0
0.732876,1.2597803,9.067544,0.1167018,0.11517386,-0.14783096,0.0,0.0,0.0
0.65384036,1.2597803,9.263936,0.12639615,0.0861208,-0.111899376,0.0,0.0,0.0
0.5484595,1.2573853,8.665181,0.035124596,0.114754885,-0.15979862,0.0,0.0,0.0
0.24908204,1.8130299,10.748848,0.068616994,0.11895004,-0.17415619,0.0,0.0,0.0
0.12933107,1.6214283,10.947635,0.105489224,0.123736694,-0.11427784,0.0,0.0,0.0
-0.18681154,2.2824538,9.687855,0.093095526,0.200553,-0.14781284,0.0,0.0,0.0
0.16046631,1.947151,9.620794,0.06239242,0.10982366,-0.19571781,0.0,0.0,0.0
0.41912845,1.7723145,10.581197,0.01279445,0.18614496,-0.14541435,0.0,0.0,0.0
0.41912845,1.7747096,11.141631,0.05909788,0.15974788,-0.13582993,0.0,0.0,0.0
-0.1341211,2.5051906,11.1104965,0.04970312,0.2556687,-0.12146187,0.0,0.0,0.0
-0.44547364,2.208208,10.746453,0.06633645,0.10954085,-0.12146187,0.059852265,-0.11539994,9.6872635
-1.4753321,2.806963,10.830278,0.0691971,0.10240984,-0.066376686,0.052959356,-0.112784676,9.742177
-0.60354495,2.2297633,11.045831,0.09318827,0.09562197,-0.17655468,0.034328576,-0.13133645,9.631804
0.1460962,1.5447876,10.784774,0.11685737,0.13396509,-0.11189079,0.0,0.0,0.0
0.31853762,1.1232642,12.097244,0.040281493,0.13904464,-0.20530319,0.09746022,-0.11219034,9.604117
0.028740235,1.3675562,10.142908,0.023711655,0.19162774,-0.16458511,0.14955881,-0.12720615,9.645958
-0.086220704,1.7459693,8.760982,0.04542172,0.08612427,-0.1478157,0.04868632,-0.08716026,9.660491
0.08861572,1.4992822,8.128696,0.06287364,0.16743466,-0.2052927,0.0,0.0,0.0
0.22513184,1.1424243,9.513018,0.0754479,0.15594469,-0.19571972,0.0,0.0,0.0
1.2933106,0.8430469,9.328602,0.08269462,0.06747344,-0.114292145,0.0,0.0,0.0
1.5543678,0.94603276,11.064991,0.035140734,0.11517924,-0.138237,0.0,0.0,0.0
2.2608986,0.05748047,10.324929,0.12397215,0.064918965,-0.14302635,0.0,0.0,0.0
1.3891114,0.66342044,8.981323,0.17651293,0.098421335,-0.16697693,0.0,0.0,0.0
0.7113208,1.6334034,8.732242,0.04025323,0.11026041,-0.14062786,0.0,0.0,0.0
1.3603711,2.0142114,7.326365,0.06671274,0.07640523,-0.09751034,0.0,0.0,0.0
1.4346168,2.454895,7.664063,0.13596337,0.08637984,-0.1693697,0.0,0.0,0.0
1.4346168,2.335144,7.541917,0.12428863,0.14395061,-0.13823605,0.0,0.0,0.0
1.4346168,2.335144,7.541917,-0.014340006,0.10838576,-0.17656231,0.0,0.0,0.0
1.4346168,2.335144,7.541917,0.019436426,0.2500674,-0.11429882,0.0,0.0,0.0
0.9053174,2.0980372,8.274793,0.11548152,0.075170755,-0.25320816,0.0,0.0,0.0
0.9053174,2.0980372,8.274793,0.09647119,0.060750768,-0.09752941,0.0012251227,-0.114784494,9.710046
1.5040723,2.5770411,7.975415,0.11121284,0.10360038,-0.07357311,0.028335823,-0.15017258,9.734819
2.088457,2.6656568,8.346643,0.018559063,0.094049856,-0.22685242,0.0,0.0,0.0
2.5985963,2.7518775,9.496253,0.085500926,0.09210296,-0.17417145,0.0,0.0,0.0
3.6188745,3.1039455,10.147698,1.5176222,1.2991868,0.74036217,-0.2995188,-1.6808236,11.081139
3.7362306,2.8979738,10.746453,1.6359525,1.1020492,1.3372087,0.0,0.0,0.0
2.804568,2.3950195,10.518927,0.7188926,0.58648396,1.1088505,0.0,0.0,0.0
2.8572583,2.6393116,9.70941,0.7691257,0.7789264,0.30999184,0.0,0.0,0.0
2.9722195,3.1183155,9.843531,0.85443664,1.1897982,0.46450043,0.0,0.0,0.0
2.9794044,3.4464333,10.389595,0.8297696,1.4571296,1.0305281,0.0,0.0,0.0
3.2356715,3.1542408,10.657837,1.0705781,1.1101046,1.3141623,0.0,0.0,0.0
3.276387,2.799778,10.281819,1.1100857,0.6937752,0.9521742,0.0,0.0,0.0
2.8788135,2.0142114,10.188414,0.681586,-0.15566802,0.8806639,0.0,0.0,0.0
2.320774,1.9974464,10.772799,0.0681026,-0.21070516,1.4873295,0.0,0.0,0.0
2.196233,1.6932789,10.748848,-0.090008974,-0.5116576,1.4708233,0.0,0.0,0.0
2.680027,1.5495777,9.975257,0.42768025,-0.64383054,0.68621635,0.0,0.0,0.0
2.572251,1.6381935,8.741821,0.40563536,-0.58323133,-0.5609436,0.0,0.0,0.0
2.2968237,1.7268091,8.583751,0.23985124,-0.5752052,-0.72430897,0.0,0.0,0.0
2.0022364,1.7651294,8.171807,0.08358228,-0.63736475,-1.140398,0.0,0.0,0.0
1.8369801,1.9136207,7.817344,0.06550145,-0.56881547,-1.5030513,0.0,0.0,0.0
1.8465601,1.9687061,8.749006,0.21153462,-0.5433469,-0.58837414,0.0,0.0,0.0
1.5399976,1.5136524,10.150093,0.048267484,-0.96796453,0.7806368,0.0,0.0,0.0
1.7723145,1.3531861,10.059082,0.42653906,-1.0612872,0.6500654,0.0,0.0,0.0
2.1387525,1.5304176,8.523875,0.8875562,-0.81587636,-0.9153938,0.0,0.0,0.0
1.5471827,2.2297633,7.32876,0.3004955,-0.056704283,-2.1257744,0.0,0.0,0.0
1.1448194,2.8404932,7.206614,-0.09635711,0.5568235,-2.2493215,0.0,0.0,0.0
1.4489869,2.5315359,7.8987746,0.23658836,0.22909474,-1.5563426,0.0,0.0,0.0
1.1615845,2.8788135,8.2197075,-0.0039976835,0.55870605,-1.2369785,0.0,0.0,0.0
1.4226416,3.302732,8.143066,0.2768097,0.9728987,-1.3136425,0.0,0.0,0.0
1.1687696,3.4967287,7.8700347,0.009058356,1.1605039,-1.583405,0.0,0.0,0.0
1.4034815,3.2045362,7.9562554,0.2100941,0.86195135,-1.4914174,0.0,0.0,0.0
1.0633887,3.3817677,8.919053,-0.16350329,1.0305293,-0.5221758,0.0,0.0,0.0
1.0226734,3.9398074,9.134604,-0.21009469,1.5729289,-0.3019495,0.0,0.0,0.0
0.852627,4.061953,8.988508,-0.3647917,1.6579843,-0.44066048,0.0,0.0,0.0
0.65384036,4.0906935,9.328602,-0.53523284,1.577887,-0.07577419,0.0,0.0,0.0
0.42870852,3.9422023,10.135723,-0.69938743,1.2089257,0.78548336,0.0,0.0,0.0
0.47900394,3.8607717,10.844649,-0.60174656,1.079493,1.5029764,0.0,0.0,0.0
0.08861572,3.5805542,11.383529,-0.94385403,0.7893319,2.039361,0.0,0.0,0.0
0.014370117,4.1625443,10.97398,-0.9639689,1.3687587,1.6247549,0.0,0.0,0.0
-0.30416748,3.9709425,10.533297,-1.2321229,1.1603408,1.1839752,0.0,0.0,0.0
-0.6730005,4.145779,10.291399,-1.5402675,1.2892122,0.9501858,0.0,0.0,0.0
-0.57001466,3.288362,10.483001,-1.3272755,0.35471678,1.1561222,0.0,0.0,0.0
-0.96758795,2.1387525,11.263778,-1.5764232,-0.8698244,1.9499073,0.0,0.0,0.0
-1.2454102,2.323169,10.708133,-1.6977975,-0.7412338,1.4035549,0.0,0.0,0.0
-0.63707525,2.44771,10.918895,-0.95586675,-0.6628549,1.6241035,0.0,0.0,0.0
-0.21076173,2.4525,9.7621,-0.43456525,-0.71168303,0.48264694,0.0,0.0,0.0
0.009580079,2.0261867,8.820857,-0.1626908,-1.215733,-0.432827,0.0,0.0,0.0
-0.18920656,1.7866846,8.643626,-0.37973526,-1.4997565,-0.59398174,0.0,0.0,0.0
-0.07903565,1.8250049,9.304651,-0.3624256,-1.4498249,0.06530285,0.0,0.0,0.0
0.16765137,1.5376027,10.260264,-0.22724871,-1.6776073,1.0040846,0.0,0.0,0.0
0.083825685,1.6884888,10.020762,-0.37742713,-1.3543102,0.7095318,0.0,0.0,0.0
0.081430666,2.0405567,8.753797,-0.44418836,-0.8878324,-0.5906477,0.0,0.0,0.0
0.21076173,2.3327491,7.2760696,-0.36963236,-0.5432286,-2.0814028,0.0,0.0,0.0
0.3305127,2.5985963,6.476133,-0.31263953,-0.2897117,-2.8734355,0.0,0.0,0.0
0.68976563,2.794988,6.6485744,-0.024423659,-0.13506079,-2.6828313,0.0,0.0,0.0
0.86220706,3.3314724,7.606582,0.07016337,0.36244774,-1.706202,0.0,0.0,0.0
1.0562036,3.5039136,7.91075,0.17612338,0.5194628,-1.3891912,0.0,0.0,0.0
1.2669654,3.293152,7.9730206,0.25809407,0.31781816,-1.3167562,0.0,0.0,0.0
1.6334034,3.2692018,7.6185575,0.42912173,0.3212657,-1.6566663,0.0,0.0,0.0
1.5447876,3.420088,8.01613,0.098802924,0.51417136,-1.2377968,0.0,0.0,0.0
1.6477735,3.5973196,8.315508,-0.01085186,0.73644185,-0.9167576,0.0,0.0,0.0
1.9255958,3.6500099,8.916658,0.14565337,0.82520723,-0.30411625,0.0,0.0,0.0
2.4908204,3.415298,9.735755,0.65948796,0.60343504,0.5210905,0.0,0.0,0.0
2.9003687,3.5853443,9.546548,1.0336462,0.7672243,0.34090042,0.0,0.0,0.0
2.5818312,3.657195,9.05557,0.6825696,0.8145826,-0.13587952,0.0,0.0,0.0
2.4620802,3.5254688,7.893985,0.55323577,0.6225264,-1.2765999,0.0,0.0,0.0
2.8213332,3.4248781,8.650811,0.9432149,0.4384818,-0.4992981,0.0,0.0,0.0
2.8572583,3.415298,9.860296,1.0416436,0.3548746,0.7220392,0.0,0.0,0.0
3.2213013,3.9302273,11.316468,1.5145291,0.822912,2.1730604,0.0,0.0,0.0
3.0656252,4.1984696,10.763218,1.4937665,1.0671477,1.6038256,0.0,0.0,0.0
3.6883302,3.5182838,10.36325,2.1924791,0.3831644,1.1924353,0.0,0.0,0.0
3.7985013,3.5110989,9.74294,2.2791958,0.3719654,0.5773554,0.0,0.0,0.0
2.44292,3.8104763,9.14179,0.8361325,0.6506915,-0.0017528534,0.0,0.0,0.0
2.3447242,2.196233,9.877061,0.6307633,-1.0062037,0.76788235,0.0,0.0,0.0
2.069297,1.8130299,10.260264,0.27462578,-1.4390861,1.1842909,0.0,0.0,0.0
2.8788135,1.453777,10.492581,1.0367038,-1.8118776,1.4309855,0.0,0.0,0.0
2.2968237,2.318379,9.079519,0.42866457,-0.9111712,0.01031971,0.0,0.0,0.0
2.215393,2.7686427,8.998089,0.33689487,-0.42243075,-0.08258724,0.0,0.0,0.0
2.3327491,2.3495142,9.060359,0.46879268,-0.8102002,-0.034269333,0.0,0.0,0.0
2.2776637,1.8345851,9.750125,0.5063695,-1.3412277,0.64259434,0.0,0.0,0.0
1.9902613,2.0573218,9.862691,0.3351978,-1.1229637,0.7348795,0.0,0.0,0.0
1.5807129,2.5027955,9.630374,-0.0065323114,-0.58212256,0.45789814,0.0,0.0,0.0
1.4082716,2.7422974,8.265213,-0.12286413,-0.26407766,-0.94281197,0.0,0.0,0.0
1.5423926,2.9913795,6.4593678,0.03733754,0.056982756,-2.7761345,0.0,0.0,0.0
1.5783179,3.171006,5.374424,0.06300461,0.27560854,-3.871704,0.0,0.0,0.0
1.3052857,3.2596216,6.0593996,-0.22874033,0.36635518,-3.18431,0.0,0.0,0.0
0.9532178,3.3889527,6.598279,-0.5656255,0.4910388,-2.6464815,0.0,0.0,0.0
0.98195803,3.63564,7.180269,-0.45923626,0.7451112,-2.0792232,0.0,0.0,0.0
0.5939649,3.6308498,7.486831,-0.72767454,0.76250386,-1.7973619,0.0,0.0,0.0
0.5221143,3.5853443,8.037686,-0.68452775,0.7486019,-1.271841,0.0,0.0,0.0
0.42152345,3.5853443,9.072334,-0.68432355,0.788419,-0.26172733,0.0,0.0,0.0
0.47900394,3.661985,9.802815,-0.53522956,0.91929126,0.44229507,0.0,0.0,0.0
-0.059875492,4.409231,9.778865,-0.9820695,1.7192965,0.39354706,0.0,0.0,0.0
-0.37122804,4.5002418,9.632769,-1.2101674,1.8392923,0.23139,0.0,0.0,0.0
-0.5604346,4.382886,9.68067,-1.3197763,1.705255,0.27726173,0.0,0.0,0.0
-0.33290774,3.7697608,10.078242,-1.0206064,1.0504413,0.68128777,0.0,0.0,0.0
-0.43110353,3.3673975,10.827884,-1.0676433,0.60238004,1.4406643,0.0,0.0,0.0
-0.58198977,3.796106,11.630216,-1.1835515,0.9916842,2.2523832,0.0,0.0,0.0
-0.73527104,4.3230104,11.132051,-1.3209777,1.5078642,1.7564297,0.0,0.0,0.0
-0.32093263,3.8296363,10.34888,-0.9077747,1.0401473,0.96566296,0.0,0.0,0.0
-0.82388675,3.542234,10.5764065,-1.4072781,0.77712965,1.1857595,0.0,0.0,0.0
-0.97956306,2.6249416,11.53202,-1.5369074,-0.13340735,2.137805,0.0,0.0,0.0
-1.096919,2.675237,11.979888,-1.5912671,-0.06690025,2.577405,0.0,0.0,0.0
-1.4130616,2.6201515,11.805052,-1.7553247,-0.11859512,2.3948174,0.0,0.0,0.0
-1.2669654,2.208208,10.859019,-1.4156305,-0.5628805,1.4532042,0.0,0.0,0.0
-1.0250684,1.7124391,9.400452,-1.0123075,-1.089659,0.0026607513,0.0,0.0,0.0
-0.69216067,1.2645704,9.599238,-0.61938274,-1.5498477,0.20540333,0.0,0.0,0.0
-0.8143067,1.6214283,10.312955,-0.74198157,-1.1349251,0.9019146,0.0,0.0,0.0
-0.5125342,1.7220191,10.099798,-0.4516244,-0.9500114,0.6643896,0.0,0.0,0.0
-0.34488282,1.8082398,9.539363,-0.2900269,-0.79628575,0.08506107,0.0,0.0,0.0
-0.17004639,1.8824854,7.9610453,-0.1766376,-0.66723037,-1.5083418,0.0,0.0,0.0
-0.040715333,1.7890797,6.70366,-0.12419084,-0.71105266,-2.778574,0.0,0.0,0.0
-0.1820215,2.3423293,6.210286,-0.3399753,-0.13982487,-3.2757225,0.0,0.0,0.0
-0.10777588,2.7973828,6.5336137,-0.32939136,0.30198574,-2.9476447,0.0,0.0,0.0
-0.20357667,2.6967921,6.856941,-0.47069448,0.1749835,-2.6161537,0.0,0.0,0.0
0.4167334,3.0416749,7.2281694,0.09718457,0.5012708,-2.2383308,0.0,0.0,0.0
0.4742139,3.1422658,7.551497,0.059278905,0.6106546,-1.9136577,0.0,0.0,0.0
0.7783814,2.7590625,8.667576,0.21788698,0.2700367,-0.8013725,0.0,0.0,0.0
0.83586186,3.06323,8.885523,0.11882615,0.63597894,-0.58890057,0.0,0.0,0.0
1.223855,3.168611,8.337064,0.39035022,0.8011489,-1.1429558,0.0,0.0,0.0
1.5256275,3.1949563,8.351434,0.6080909,0.858201,-1.1284437,0.0,0.0,0.0
1.6573536,3.4584084,8.950189,0.65650153,1.123178,-0.52163124,0.0,0.0,0.0
1.7962648,3.5134938,9.101074,0.7236674,1.1631076,-0.35913754,0.0,0.0,0.0
1.8681153,3.4248781,9.333391,0.7255864,1.025382,-0.106282234,0.0,0.0,0.0
2.0860622,3.3051271,9.901011,0.8629341,0.84930825,0.48595428,0.0,0.0,0.0
2.0812721,3.2596216,10.39678,0.80356205,0.7875171,0.9932413,0.0,0.0,0.0
1.9255958,3.288362,10.621912,0.64374137,0.8060379,1.2216301,0.0,0.0,0.0
1.5663428,3.6955154,10.710527,0.32594192,1.1833394,1.3126144,0.0,0.0,0.0
1.6525636,3.781736,10.2315235,0.48152006,1.217385,0.8388052,0.0,0.0,0.0
1.951941,3.439248,9.505833,0.8583381,0.8084836,0.12215042,0.0,0.0,0.0
1.8226099,3.1973512,10.174044,0.7897899,0.49856448,0.8027992,0.0,0.0,0.0
1.6597486,2.1124072,11.57992,0.69966346,-0.6693852,2.2252283,0.0,0.0,0.0
1.5447876,1.5663428,12.152329,0.5952293,-1.1982174,2.7914572,0.0,0.0,0.0
1.6070582,1.8513502,11.419454,0.65749985,-0.91321003,2.0585814,0.0,0.0,0.0
1.6813037,2.0573218,9.984837,0.6821107,-0.6882005,0.6235275,0.0,0.0,0.0
1.3124708,2.440525,9.09868,0.31327778,-0.3049972,-0.2626295,0.0,0.0,0.0
1.3292359,1.9232007,8.167017,0.3911308,-0.9681698,-1.1566267,0.0,0.0,0.0
1.1376343,2.0285816,9.64714,0.2619195,-0.9370973,0.34078312,0.0,0.0,0.0
0.855022,2.2249732,10.782378,0.12746799,-0.789865,1.4790564,0.0,0.0,0.0
1.0059083,2.189048,10.214759,0.38073868,-0.77972174,0.889205,0.0,0.0,0.0
0.9627979,2.5339308,7.9873905,0.32176578,-0.3164072,-1.3739681,0.0,0.0,0.0
0.9627979,2.802173,6.5384035,0.2611481,0.042821646,-2.8458424,0.0,0.0,0.0
1.0011182,3.1135256,6.090535,0.25644183,0.37013817,-3.2950745,0.0,0.0,0.0
0.9412427,3.3147073,6.607859,0.20612931,0.5499692,-2.7722383,0.0,0.0,0.0
0.59156984,3.3745828,7.541917,-0.089513004,0.59498334,-1.8378668,0.0,0.0,0.0
0.7448511,3.5063088,7.7574687,0.12188041,0.7221954,-1.6250157,0.0,0.0,0.0
0.78556645,3.403323,7.8029737,0.19255757,0.6111803,-1.5790653,0.0,0.0,0.0
0.75203615,3.3099172,7.8844047,0.16773176,0.49787974,-1.4922376,0.0,0.0,0.0
0.4526587,3.642825,8.344249,-0.111588955,0.79050326,-1.0214481,0.0,0.0,0.0
0.21076173,4.366121,8.480764,-0.3308369,1.4558909,-0.8684397,0.0,0.0,0.0
-0.1341211,4.742139,8.382568,-0.6863993,1.7576795,-0.94257927,0.0,0.0,0.0
-0.18441652,4.8091993,7.9394903,-0.7366947,1.8247399,-1.3856573,0.0,0.0,0.0
-0.117355965,4.7301636,8.365804,-0.7395938,1.4230831,-0.84540844,0.0,0.0,0.0
-0.07664063,4.4188113,9.386082,-0.69887847,1.1117308,0.17486954,0.0,0.0,0.0
-0.06706055,3.5254688,10.763218,-0.73811054,0.046432495,1.6190186,0.0,0.0,0.0
-0.94603276,4.138594,10.8925495,-1.6017363,0.63125944,1.7580519,0.0,0.0,0.0
-1.0514137,4.864285,10.638678,-1.6975105,1.3238451,1.5162745,0.0,0.0,0.0
-0.7496411,4.8139896,9.912986,-1.4236935,1.2097709,0.81762123,0.0,0.0,0.0
-0.7807764,4.1936793,9.970467,-1.4661708,0.56518054,0.8856096,0.0,0.0,0.0
-0.81909674,3.7506008,9.558523,-1.4845526,0.10918045,0.477355,0.0,0.0,0.0
-0.9148975,1.9423609,10.665023,-1.4499431,-1.6776843,1.5667048,0.0,0.0,0.0
-0.77359134,1.9806812,14.176121,-1.0198479,-1.6143446,5.0555105,0.0,0.0,0.0
-1.7244141,2.9746144,12.20981,-1.6524372,-0.60462594,3.079956,0.0,0.0,0.0
-1.1184741,2.4333398,9.230406,-1.0118465,-1.1358838,0.096969604,0.0,0.0,0.0
-1.1927198,2.2561085,10.662627,-0.9909094,-1.1481652,1.4680319,0.0,0.0,0.0
-1.1232642,1.5088624,10.391991,-0.90607643,-1.7727746,1.153264,0.0,0.0,0.0
-0.50774413,1.096919,10.535691,-0.3087048,-2.0408301,1.2467031,0.0,0.0,0.0
0.06227051,0.7807764,9.208851,0.24170178,-2.1967897,-0.1331129,0.0,0.0,0.0
0.4406836,1.2789404,7.92512,0.55183494,-1.5086446,-1.476337,0.0,0.0,0.0
0.13651612,1.8489552,7.31439,0.18923956,-0.8500495,-2.113387,0.0,0.0,0.0
-0.028740235,2.3016138,7.1395535,0.002458768,-0.3618188,-2.298431,0.0,0.0,0.0
-0.20118165,2.7279274,6.8904715,-0.19390084,0.053314924,-2.5443993,0.0,0.0,0.0
-1.1567944,3.652405,7.335945,-1.1945275,0.9244156,-2.083558,0.0,0.0,0.0
-0.9508228,4.29427,6.7611403,-1.045845,1.4780619,-2.6319604,0.0,0.0,0.0
-1.0178833,4.5553274,6.7228203,-1.1714407,1.612663,-2.6306572,0.0,0.0,0.0
-1.0226734,4.2056546,8.181387,-1.1988289,1.1269941,-1.1278133,0.0,0.0,0.0
0.081430666,3.5039136,7.9826,-0.08705952,0.2987275,-1.2839413,0.0,0.0,0.0
0.62749517,2.703977,8.128696,0.46408212,-0.60278654,-1.1021757,0.0,0.0,0.0
0.9867481,2.663262,8.480764,0.8261862,-0.7092016,-0.7263584,0.0,0.0,0.0
1.1376343,3.2069314,9.242381,0.99576366,-0.19890118,0.04724312,0.0,0.0,0.0
0.7927515,4.030818,9.498648,0.6906811,0.6011889,0.31183052,0.0,0.0,0.0
0.06466553,4.5864625,9.910591,0.03278951,1.1021655,0.7438555,0.0,0.0,0.0
0.17723145,4.6511283,9.659114,0.24506141,1.0700297,0.52995586,0.0,0.0,0.0
0.0,4.6654983,9.718989,0.18175738,0.9540601,0.6436062,0.0,0.0,0.0
-0.244292,4.9073954,10.324929,0.06630699,1.0555589,1.3117571,0.0,0.0,0.0
-0.48618898,5.362449,8.102351,-0.04615608,1.3879299,-0.8519745,0.0,0.0,0.0
-0.7376661,6.071375,10.928474,-0.21418947,1.9800234,2.0314407,0.0,0.0,0.0
-0.07424561,4.737349,10.621912,0.4295335,0.6367011,1.7280216,0.0,0.0,0.0
-0.122146,3.9422023,9.74773,0.294155,-0.15295386,0.8467884,0.0,0.0,0.0
0.08861572,3.1183155,9.690249,0.4425649,-0.9745114,0.7855387,0.0,0.0,0.0
0.4382886,3.056045,9.79084,0.7542874,-1.0157738,0.87507725,0.0,0.0,0.0
0.45744875,3.3554225,9.977652,0.7345586,-0.6591563,1.0346794,0.0,0.0,0.0
0.45744875,3.3554225,9.977652,0.7345586,-0.6591563,1.0346794,0.0,0.0,0.0
0.45744875,3.3554225,9.977652,0.7345586,-0.6591563,1.0346794,0.0,0.0,0.0
-0.30416748,3.4919386,9.486672,-0.015569866,-0.51793194,0.5419512,0.0,0.0,0.0
-0.55803955,3.307522,9.7142,-0.19667482,-0.69386315,0.76832294,0.0,0.0,0.0
-0.43589357,3.163821,9.551338,0.011278123,-0.7991233,0.5922365,0.0,0.0,0.0
0.22752686,3.0344899,8.600515,0.72630423,-0.8683822,-0.3822012,0.0,0.0,0.0
0.14849122,2.9937747,7.7550735,0.6352169,-0.8282232,-1.2630091,0.0,0.0,0.0
0.36883304,3.2404616,7.690408,0.77300024,-0.4704814,-1.377995,0.0,0.0,0.0
0.3544629,3.396138,7.4125857,0.629581,-0.17682123,-1.7158675,0.0,0.0,0.0
0.7568262,3.4991236,7.0437527,0.87440646,0.07002473,-2.1430779,0.0,0.0,0.0
0.5748047,3.8799317,7.0341725,0.5349877,0.5707195,-2.1971831,0.0,0.0,0.0
0.35925296,3.9877076,7.067703,0.22474936,0.7626419,-2.192494,0.0,0.0,0.0
0.18681154,3.7003052,7.5227566,0.008719698,0.5216892,-1.7527523,0.0,0.0,0.0
0.19160157,3.6332448,8.205338,0.011563569,0.47310114,-1.0764437,0.0,0.0,0.0
0.16286133,3.9326222,8.835227,0.023229718,0.77064276,-0.4466257,0.0,0.0,0.0
0.047900394,4.239185,8.5119,-0.02937983,1.0531237,-0.7624426,0.0,0.0,0.0
-0.18920656,4.5577226,8.226892,-0.22532417,1.322197,-1.0305624,0.0,0.0,0.0
-0.19160157,4.703819,8.167017,-0.22041163,1.3869631,-1.061636,0.0,0.0,0.0
-0.51732427,4.773274,8.705896,-0.5502944,1.3769736,-0.49380207,0.0,0.0,0.0
-0.5364844,4.6774735,9.721385,-0.5348048,1.1576765,0.5681658,0.0,0.0,0.0
-0.6730005,4.2918754,10.229129,-0.631358,0.72900796,1.0926828,0.0,0.0,0.0
-0.7448511,4.2296047,10.629097,-0.6616475,0.63873935,1.5039034,0.0,0.0,0.0
-0.8669971,4.744534,10.324929,-0.74914086,1.1272624,1.2105532,0.0,0.0,0.0
-1.089734,5.0774417,9.79084,-0.9493984,1.4328945,0.68765545,0.0,0.0,0.0
-1.3579761,5.103787,10.090218,-1.2025437,1.4254537,1.0008783,0.0,0.0,0.0
-1.8274,4.399651,10.526112,-1.6312355,0.6847899,1.4524288,0.0,0.0,0.0
-1.8585353,3.276387,11.290123,-1.5775018,-0.47851682,2.2351742,0.0,0.0,0.0
-1.4705421,2.8812087,11.381133,-1.0692298,-0.9104147,2.3460388,0.0,0.0,0.0
-1.4058765,3.0249097,10.375225,-0.88683,-0.7868972,1.3546314,0.0,0.0,0.0
-1.5783179,2.9913795,9.472302,-0.9981882,-0.8182957,0.45453072,0.0,0.0,0.0
-1.4825171,2.6608667,9.290281,-0.91092485,-1.1222162,0.26077652,0.0,0.0,0.0
-1.2741505,2.4836354,9.891431,-0.6790935,-1.1930435,0.81958866,0.0,0.0,0.0
-1.0681788,2.2513185,9.479487,-0.4767617,-1.3270407,0.36817837,0.0,0.0,0.0
-0.6442603,2.191443,8.840017,-0.08121812,-1.3174887,-0.30004597,0.0,0.0,0.0
-0.48139894,2.304009,8.152647,0.0701673,-1.0899932,-1.0314112,0.0,0.0,0.0
-0.4047583,2.6297317,7.3694754,0.1000832,-0.7066674,-1.8383455,0.0,0.0,0.0
-0.46463382,2.7686427,7.247329,-0.019678801,-0.49935293,-1.988071,0.0,0.0,0.0
-0.38320315,2.936294,7.2664895,-0.019979626,-0.26199007,-1.9968486,0.0,0.0,0.0
-0.19639161,3.2213013,6.945557,0.058749408,0.080822945,-2.3411365,0.0,0.0,0.0
-1.4825171,4.4523416,5.6738014,-0.25873125,1.6837833,-3.6539965,0.0,0.0,0.0
-1.81782,4.0763235,7.1395535,-0.47893512,1.2519324,-2.1556382,0.0,0.0,0.0
-1.2645704,3.2404616,7.9921803,0.18700469,0.38813853,-1.2775321,0.0,0.0,0.0
-1.3747413,3.1255007,8.401729,0.17518044,0.28120422,-0.85451794,0.0,0.0,0.0
-1.949546,3.0728102,8.0999565,-0.3089956,0.25495815,-1.148756,0.0,0.0,0.0
-2.8620484,2.6608667,7.711963,-1.1129688,-0.14700079,-1.5198836,0.0,0.0,0.0
-3.4296682,2.0525317,7.7502837,-1.5532801,-0.75156665,-1.4576802,0.0,0.0,0.0
-3.2141163,2.320774,8.509504,-1.229375,-0.4419341,-0.6882467,0.0,0.0,0.0
-2.9219239,2.2465284,8.763377,-0.84482837,-0.4286878,-0.43984413,0.0,0.0,0.0
-2.9650342,2.3471193,9.158555,-0.8195274,-0.22996521,-0.056965828,0.0,0.0,0.0
-3.4823585,2.668052,9.412427,-1.2546754,0.16819215,0.19513226,0.0,0.0,0.0
-3.3434474,2.8859987,10.296189,-1.0077746,0.42334723,1.0956259,0.0,0.0,0.0
-3.2739918,2.1483326,10.866204,-0.8162637,-0.304209,1.6947813,0.0,0.0,0.0
-3.1470559,2.1459377,11.177557,-0.58291054,-0.29129457,2.0312223,0.0,0.0,0.0
-2.7183473,2.2058132,11.888878,-0.070034266,-0.2006855,2.7584019,0.0,0.0,0.0
-1.7842896,2.2106032,12.367882,0.93684554,-0.15571976,3.2483244,0.0,0.0,0.0
-1.463357,2.459685,12.15712,1.3071344,0.12940836,3.0431423,0.0,0.0,0.0
-1.341211,1.6429834,12.992982,1.468541,-0.64595747,3.8805494,0.0,0.0,0.0
-1.4130616,1.0130934,13.888719,1.443023,-1.2206484,4.776991,0.0,0.0,0.0
-1.0418335,0.48379397,12.466077,1.8727366,-1.7276871,3.3674498,0.0,0.0,0.0
-0.62989014,0.6849756,10.617122,2.3253484,-1.5929811,1.5480614,0.0,0.0,0.0
-0.44786867,0.86939216,9.474698,2.5095868,-1.5294104,0.43757534,0.0,0.0,0.0
-0.96040285,1.1759547,9.09868,1.8167526,-1.2124671,0.0017986298,0.0,0.0,0.0
-1.3196558,1.6262183,8.322693,1.4160076,-0.8208358,-0.77117634,0.0,0.0,0.0
-1.7627344,1.7292042,7.8891945,0.9524696,-0.789556,-1.1912184,0.0,0.0,0.0
-1.7842896,1.6669337,6.9862723,0.8920157,-0.9099356,-2.0893826,0.0,0.0,0.0
-1.6238233,1.8202149,6.9072366,0.96513236,-0.7838098,-2.185989,0.0,0.0,0.0
-1.3292359,1.4010864,7.7862086,1.1319519,-1.1672505,-1.3525319,0.0,0.0,0.0
-0.7783814,1.4178516,7.5323367,1.5161254,-1.0578243,-1.6750875,0.0,0.0,0.0
