1.3495483,-10.715057,-5.1744843,-1.9476085,-0.27916086,3.054204,0.10929012,0.80854475,13.3469305
2.2612152,-9.223129,-6.63649,-1.5291443,0.5267774,2.8274794,0.123107344,-0.15148449,13.058159
0.12083435,-10.504486,-9.885941,-0.6864705,1.1307266,2.0895185,-0.54278183,-0.85346043,12.063387
-1.1605225,-9.090332,-6.0801697,0.04717064,1.3826618,0.8889084,1.3716624,-0.19443846,10.692579
-1.4739838,-8.877365,-3.1381836,1.6246061,1.3758343,-0.5253825,1.7540909,-0.617085,8.64447
-0.9308014,-6.3026886,-1.7348022,2.22467,1.1080196,-0.65147686,1.660692,-1.033323,8.140627
0.5048828,-4.7521515,-2.8749695,2.7173486,0.7441596,-0.7760439,1.4413441,-1.4009352,7.6853514
1.6247253,-3.2841492,-1.5122681,2.8034244,0.33973348,-0.25392866,1.066589,-1.8742132,7.965781
1.1988068,-2.1379852,-0.45344543,2.5896025,0.28602123,-0.23491001,0.9596879,-1.7256618,8.090807
0.53240967,-1.2035828,-0.28115845,2.0016618,0.22922719,-0.7437091,0.7339961,-0.96917343,8.036269
0.102890015,-1.138977,0.12921143,1.9850864,-0.0065569878,-1.3372726,0.51939267,-0.61076546,7.5514097
-0.3517456,-3.6993103,1.1976013,1.875536,-0.1753143,-1.6175127,0.3419658,-0.39055896,7.378639
-4.936386,-12.262024,4.4937134,1.3265085,-0.6043527,-2.358067,-0.23230669,0.343755,7.0656266
-7.384247,-16.585846,5.0739746,1.2169285,-0.54689014,-2.7245317,-0.2090557,0.64985657,6.8507986
-6.920044,-27.57608,-2.4215393,1.2418404,-0.21546268,-3.0513983,0.121363044,0.8967066,6.6316214
9.832108,-23.412567,-10.194626,1.2099504,0.07951665,-3.385672,0.38490644,1.2035656,6.4397
7.746765,-17.460434,-6.7333984,0.6567073,0.24251103,-2.6272244,0.37194815,1.186985,7.3889856
3.4420776,-10.565506,-1.1904297,0.6185236,0.0062031746,-2.6357207,0.7176006,-0.87558913,7.3473763
1.0253296,-9.232712,-0.25602722,0.8095317,-0.4765241,-2.6549435,-0.1468893,0.7944517,7.108797
1.5014954,-8.365311,-3.505478,0.8902478,-0.7462084,-2.2379422,-0.30873773,0.38801408,7.3344283
2.9324036,-6.172287,-2.8821564,-1.6790905,-1.1484003,-1.3431206,-1.8950706,1.4621296,9.345104
3.4815521,-3.6095734,-1.0588226,-3.8379235,-0.90190387,0.96405697,-2.3506646,1.8093977,12.576658
2.0279236,-3.0771637,0.624527,-5.2941537,-0.6588448,2.8024764,-2.3760297,1.7508702,15.060691
0.6795654,-2.3282166,0.32302856,-4.965117,-0.110333204,3.975194,-1.3962069,0.9351511,15.942024
0.20936584,-1.5457611,0.0765686,-4.2029715,0.64146733,3.2992883,-0.2738437,1.0310631,15.081465
-0.14356995,-1.5026855,0.2644043,-2.933735,1.2463093,1.5620522,0.700608,1.3918409,12.996012
-2.383255,-3.1082764,1.6953125,-1.4105835,1.6242368,-0.032324314,1.3190155,1.364533,10.82015
-6.345764,-15.729218,0.17108154,0.2488761,1.5339158,-1.399118,1.4892684,0.96585584,8.701404
-4.4518433,-22.64447,-0.28474426,2.1720805,1.4254112,-2.1364026,1.7356306,-0.049105883,6.92583
3.7220306,-21.730423,-3.517456,2.5845184,1.3125036,-2.6957684,1.7170547,-0.043299675,6.240221
0.7142639,-13.304092,-6.693924,2.5581918,1.2887722,-2.9386587,1.7034554,0.11419392,6.074868
0.57547,-11.245071,-8.118851,1.6650853,0.95488656,-2.9606667,1.1915704,0.73277473,6.5673504
0.9403839,-9.1501465,-10.069,0.96092844,0.28533745,-2.5030427,0.40365827,0.82711935,7.2722955
-0.5120697,-10.126419,-6.9918213,1.1869717,-0.45637703,-2.3029995,-0.2285299,0.3350737,7.207326
-0.29910278,-9.335602,-3.324829,1.4312034,-0.76346886,-2.5129719,-0.42024,0.1269722,6.8480134
0.98464966,-6.4630127,-1.0863342,0.25279713,-0.7826153,-2.3902197,-0.77000254,0.9221444,7.582624
1.385437,-4.3704834,-0.6963043,-0.07849121,-0.80610406,-2.4106722,-0.90250707,1.1168339,7.7077284
1.537384,-2.9072723,0.37806702,-0.63973,-0.9553206,-2.1163797,-1.2146466,1.3273354,8.205473
0.92123413,-1.3280182,1.0372925,-1.9814868,-0.49949408,-0.7524357,-1.3073399,1.7109351,10.13147
-0.20458984,0.47257996,1.9680939,-2.9418268,-0.37232757,-0.03621006,-1.5619335,2.035143,11.294212
-1.0540314,0.32901,2.280365,-4.784683,0.42943954,0.9832263,-1.5474669,2.9962912,13.366417
-2.3593292,-4.118042,4.332199,-2.2403398,0.5983689,1.3432918,-0.2899143,0.98460627,12.28215
-3.9996033,-11.621933,6.04068,-1.1914659,0.9291891,1.6735368,0.4874255,0.17516232,12.001062
-3.1477509,-25.355545,5.34317,0.00810957,2.1143267,2.5565152,2.122799,-0.836678,12.214949
2.070984,-37.406998,-13.055237,0.9418464,2.2620025,1.7873812,2.5439985,-1.0524945,11.078967
11.46402,-20.87738,-17.583664,1.6214056,1.8484415,0.894207,2.3290675,-1.1881382,9.901875
5.063217,-12.453445,-11.44606,2.022695,1.1231409,0.25419664,1.8127639,-1.2504668,9.053273
3.628708,-11.889938,-7.6654053,2.2786875,0.39625025,-0.0055327415,1.256727,-1.5104356,8.5865345
3.1274261,-11.499908,-3.3356018,2.2203922,-0.1231159,-0.5488477,0.82761806,-1.2945657,8.107922
2.4502563,-8.514862,-2.2492523,1.7149177,-0.45279884,-1.1592202,0.30370992,-0.7192302,7.83682
2.0925293,-6.222534,0.47737122,1.7806363,-0.95520616,-1.2427158,0.023547828,-0.95366335,7.634692
2.170288,-3.871582,2.0231323,1.904841,-1.1169448,-1.578845,0.015877664,-0.94896054,7.263432
1.9956207,-1.8807526,2.1092682,1.4754467,-0.7294731,-1.1128054,0.24149185,-0.73242736,7.9756284
1.6283112,-1.7204437,2.376068,-0.068982124,-0.12834382,0.033003807,-0.13537776,-0.060534477,9.824771
0.9571228,-3.5270233,3.370285,-0.8620572,0.08098316,0.35363483,-0.5551466,0.32635498,10.484931
-0.06939697,-8.172684,4.9579315,0.12034249,0.3440447,-2.2416868,0.051933646,1.3413849,7.9747114
-0.653244,-15.108276,7.6534424,-0.11831212,-1.2018199,-1.304327,-0.88241816,-0.19646645,8.276168
-0.7393799,-25.648666,9.871582,-1.2475061,-1.574692,1.3955564,0.33954144,2.147995,10.9266205
2.396408,-34.3705,-13.095917,-1.8566301,-0.55715346,3.5153112,-1.5159242,-0.9105067,13.410517
5.251053,-21.67778,-9.676575,-2.3044343,0.8201623,2.729762,-0.95892465,0.80725,13.250994
1.1976013,-12.92363,-5.2091675,-1.9038744,1.0927348,0.8583727,1.6461768,-0.2996236,11.466752
2.0362854,-9.187241,-0.84347534,-0.991719,0.69046545,-0.49900436,-0.28278077,1.2762218,9.830051
1.1294098,-8.129608,0.44506836,-0.07228851,0.13597107,-1.8621063,-0.07502657,0.8657484,8.152563
-2.2420807,-6.4965057,2.0949097,0.60365176,-0.41321135,-3.1142035,0.040202826,0.5267041,6.651596
-1.4320984,-3.7950134,-0.8650055,0.9379673,-0.6785929,-3.9317255,0.20368403,0.38594556,5.7313232
-0.16630554,-3.1944122,-2.8737793,0.41053188,-0.9696832,-4.193039,-0.29977977,0.3348794,5.5068383
3.1298065,-3.7100677,-4.7365875,-0.004672408,-1.2893727,-4.12527,-0.6997045,0.1012907,5.54279
4.018753,-3.5653076,-3.0173492,-0.075045824,-1.8287156,-3.4218311,-0.8197018,-0.6923045,6.0773654
3.0759735,-3.4636078,-1.3543396,0.5131264,-1.3966441,-3.3314867,0.18510723,-0.5854956,6.2100334
1.134201,-4.8311157,0.12083435,0.9233621,-1.0420737,-3.3687983,0.7423452,-0.26480436,6.2477007
-1.2801666,-7.5146637,-2.222931,1.1396176,0.22113061,-2.5498896,1.0594285,0.88231087,7.367655
0.41993713,-7.6079865,-1.5852509,0.17736642,0.5499072,-0.8550968,0.1529201,0.750129,9.114574
1.6582336,-8.377274,0.5036926,-0.606253,-0.5615883,-1.1882486,-0.64376605,-0.23461163,8.531746
2.646469,-16.916061,3.6334991,-1.3421943,-1.3381612,0.8458128,-1.5017288,-1.3141072,10.377171
3.4097748,-17.006989,5.36351,-0.24224102,-0.69017696,2.1193676,-0.31668165,-1.1045476,11.73186
5.453247,-17.735596,3.7184448,0.70471126,0.47676682,3.4346504,0.8519841,-0.2849797,13.229173
5.9306183,-16.429123,7.6737823,1.1520021,2.2293215,4.711423,2.164826,0.8630245,14.609065
4.2927246,-15.001801,7.174881,1.2971406,2.9177797,3.8220587,3.087613,0.5881268,13.669926
1.6582336,-12.42952,1.2909241,1.7863938,2.8345325,2.691618,3.356257,-0.80603546,12.367203
1.421341,-10.8012085,-0.15911865,2.0840893,2.1469712,-0.34463978,2.8224607,-0.88805735,9.243835
0.9559326,-8.975479,-1.1868439,2.2310622,1.5311368,-1.4486465,-0.52569497,-2.4616487,8.050368
-0.102890015,-8.490936,-1.8400879,2.1051865,1.3179678,-1.9506721,2.1579614,-0.52687395,7.5617495
0.015548706,-8.172684,-2.5005035,1.5281281,0.5560204,-2.7427378,-0.038622856,-1.2081038,6.856067
1.3459625,-6.674774,-3.534195,2.1386337,-0.31554055,-2.757226,0.8824554,-0.9179208,6.542556
2.399994,-6.217743,-3.3056793,1.6963043,-0.88151586,-2.7075825,0.2025133,-0.8711952,6.6151733
2.9156494,-6.649658,-1.208374,0.88728,-0.43923116,-2.761858,0.048386574,-0.08114438,6.8742237
2.5028992,-6.757324,-0.23928833,1.1714926,0.0680995,-3.625679,0.6057742,0.56011724,6.0861816
2.1260223,-7.1318054,-0.06819153,0.8335748,0.040939093,-3.3459797,0.3897105,0.7810273,6.4704514
1.7766724,-9.055634,-1.8305054,-0.23151565,-0.19260192,-1.264226,-0.39630854,0.5138643,8.680662
2.0410767,-9.753143,-2.7086792,-0.42193365,-0.25577712,-0.7009611,-0.5458775,0.35870218,9.251541
4.10968,-9.753143,-4.74617,0.18759489,0.062126637,-0.94866943,0.09592199,0.37803984,8.919571
4.174286,-9.598801,-2.005188,-0.79661655,-0.3673494,-0.48162842,-0.89305526,0.37445164,9.554169
4.268799,-10.351349,1.031311,-1.0479369,-0.7277498,1.8620539,-1.0882359,-0.8166914,11.607705
5.079956,-11.806183,3.694519,-1.2646742,-0.13310623,2.3222485,-0.7838066,-0.33689117,12.313065
4.5834503,-12.078964,5.36351,-2.4321487,1.2363925,2.2667007,-0.47699744,1.3251157,13.062183
2.5531464,-10.15155,4.1814575,-1.9057596,1.3874443,1.2045412,0.010570109,1.5457568,11.955689
0.95114136,-9.6801605,2.6237335,-1.0819745,1.2156079,0.853673,0.40929598,1.0279899,11.273907
-0.40318298,-10.4566345,2.2181396,-0.12840939,0.9775994,0.07196903,0.72319883,0.5914254,10.130021
0.91645813,-11.824127,1.0109711,0.1883645,1.0194764,-1.2683802,0.68031144,-1.1080719,8.810179
3.2566376,-12.941574,-1.3363953,0.6880522,0.6184304,-1.8668203,0.7587411,0.6728928,7.9866457
2.9886322,-11.789444,-2.0195465,0.93372345,0.34463048,-2.0891552,0.6691,0.43302178,7.634101
2.7182465,-10.851456,-2.1559296,1.7549496,-0.38269997,-2.7103033,0.562873,-0.2928393,6.617689
1.6654053,-8.926422,-1.6857452,2.3613858,-0.64265394,-3.3671503,0.73395544,-0.56254554,5.7481165
0.9870453,-7.8879395,-0.49650574,2.3231368,-0.7178271,-4.1527424,0.61885315,-0.22678208,5.0397744
0.40318298,-7.0612183,-0.18066406,2.3231368,-0.7178271,-4.1527424,0.61885315,-0.22678208,5.0397744
0.062210083,-6.1651,-0.7034912,2.3231368,-0.7178271,-4.1527424,0.61885315,-0.22678208,5.0397744
-0.07896423,-5.613556,-1.4416809,2.3231368,-0.7178271,-4.1527424,0.61885315,-0.22678208,5.0397744
0.025131226,-5.21875,-2.251648,2.3231368,-0.7178271,-4.1527424,0.61885315,-0.22678208,5.0397744
0.24645996,-5.551346,-3.8524475,-1.0345113,0.27517247,-3.931075,2.8996513,0.1952675,6.9512725
0.59580994,-6.7788696,-4.508072,-1.0345113,0.27517247,-3.931075,2.8996513,0.1952675,6.9512725
0.673584,-6.896118,-4.3657074,-3.3064485,0.97376394,1.9923034,-2.1020617,0.6522436,13.124182
1.1449585,-7.412964,-4.019943,-2.490025,1.3008032,2.469788,-1.087366,0.3467145,13.3688965
0.5419769,-8.044662,-2.0075836,-3.703549,4.105288,2.6409736,-0.40266693,2.5713844,15.353746
-0.09690857,-8.378464,-1.4153595,-2.6903887,3.9309525,3.6850195,0.66465616,1.4576049,15.612127
-1.3375854,-9.148956,-2.395218,0.22590303,3.986277,4.299984,3.276517,0.22106647,14.669455
0.19979858,-11.131409,-1.861618,1.7041116,3.4879735,4.0281534,4.106274,-0.5683403,13.563175
1.3423767,-12.476181,-0.275177,3.2978177,2.0669787,3.194538,4.188243,-1.962378,11.796818
2.4502563,-11.75235,2.2899323,2.743803,1.2261679,-1.0681896,2.6942751,-0.31384182,8.128749
2.4634094,-12.047867,3.1118622,2.6543581,2.0406353,0.15589046,3.3313105,-0.24840426,9.533202
3.3583221,-12.772888,1.9178467,2.355167,2.7862728,-2.3610077,3.3897674,1.4741623,7.5217414
2.6811523,-11.85405,1.0875397,-0.21688771,3.1698895,-2.9163399,1.2749915,3.6163967,7.832733
2.1116638,-10.167099,-0.7010956,0.24159908,2.425117,-4.4805813,1.1441562,3.346999,6.131915
1.5385895,-9.717255,-2.1523438,0.7439816,-0.39080143,-5.3972416,0.013638973,1.2588633,4.4914336
1.3160553,-9.690933,-3.262619,1.4262655,-1.1300628,-7.0278664,1.0162718,-0.7820665,2.66118
1.5888367,-8.642868,-2.8821564,2.5474997,-1.7693343,-7.275861,0.99941087,0.6708478,1.989388
1.2239227,-7.7814636,-1.6055908,1.4134449,-2.971556,-6.321986,0.003845185,-0.40818995,2.691255
0.9990082,-7.361511,-2.2492523,5.197397,-2.882566,-1.214345,5.044425,-1.789457,6.9521136
1.3818512,-7.377075,-3.3643036,4.3793845,-2.151458,-2.4193983,4.2038736,-0.44861042,6.3733625
1.8221283,-7.475174,-3.2925262,7.5908,-1.7668378,1.9614267,7.960861,-0.8402684,10.519245
2.288742,-7.5876465,-2.449051,3.243838,-5.7748966,2.4557457,-6.4315042,2.9105484,10.065613
2.4466553,-7.536194,-1.306488,0.7568623,-6.158887,5.4986515,5.3538556,-5.5236497,12.899452
2.3306122,-7.215561,-1.0863342,0.99188924,-4.968834,4.2770157,5.298908,-3.0630863,12.357161
2.018341,-7.1102753,-1.4608154,2.2892778,-3.4777417,1.9211359,4.3824234,-0.23602772,11.135148
2.2815552,-7.176071,-1.3220367,0.86504316,-1.5019112,0.17083073,1.6797985,0.4513259,9.894983
1.7048798,-6.489334,-1.9405823,0.75871706,-1.735806,0.9267645,-1.68445,1.0780909,10.475915
1.6725769,-6.2799683,-1.5708923,2.0702715,-1.8186705,2.1729965,2.499189,0.6545315,12.181761
1.4033966,-4.9878387,0.029907227,2.0702715,-1.8186705,2.5761795,2.5832076,0.44964743,12.518688
0.78364563,-4.0247345,0.037094116,4.7978187,-2.3275537,1.2652426,-4.2180977,-0.6346841,13.247906
0.26560974,-3.6897278,-0.673584,5.407371,-1.1706547,0.22035837,-0.11393905,3.978507,13.655957
1.0660095,-5.4795685,-2.4598236,7.3351693,-1.9827372,-2.12999,-1.0581049,6.8917418,13.502204
2.4358978,-9.735199,-2.5902252,10.961189,-0.1557884,-2.996121,-5.1178465,7.9043093,16.1689
4.6133575,-16.957932,-4.003189,12.232466,2.1449883,-5.989764,-9.132627,8.725954,15.33515
1.6450653,-19.8042,-1.134201,10.220531,5.5110836,-8.204739,-12.561533,6.0038905,12.689409
-1.1581268,-15.180069,-1.9333954,10.293534,7.831563,-8.175974,9.389785,-11.738428,12.666376
-1.6498566,-12.08017,-4.614563,7.565941,5.1877117,-4.1532254,-9.514766,0.6368124,13.042208
-2.197815,-9.141785,-5.403,6.2554255,3.3567998,-2.5716715,5.8771057,-3.346502,13.164107
-1.1270142,-7.1437683,-4.9423676,4.775365,-0.018740416,-0.95754004,2.3561552,-2.1124792,13.508988
-0.4247284,-6.6305084,-5.017746,3.3472948,-2.2479432,-1.3222938,-1.3843269,2.7370005,12.738981
-0.38883972,-7.840088,-4.7437744,1.638649,-3.8148823,-1.5017903,-0.7342917,-4.0068164,11.509622
1.5134583,-9.059219,-5.1385803,-3.1476984,-13.917223,-3.7203505,5.9560375,13.39907,8.248232
1.3148499,-7.852051,-4.8993073,-5.5819063,-12.952023,-2.949641,7.0673623,11.869162,5.709292
1.4608154,-6.665207,-4.013962,-3.7834396,-9.738323,-4.2504964,3.5940018,10.111349,6.333923
1.2861481,-7.2418823,-3.0197449,-0.064600945,-5.9201703,-6.357299,-1.4498942,8.45472,8.43428
0.79441833,-7.438095,-2.8666077,-3.305317,1.7118722,-6.5303664,4.2953014,-2.463212,4.151185
0.26081848,-6.376877,-2.3796692,-3.2526894,0.76055884,-5.726263,-3.3805766,2.5683577,4.7151117
0.08973694,-5.11705,-1.2705841,-3.9597712,0.37582064,-2.0049925,-0.3270194,0.52380097,5.395333
0.16749573,-4.08934,0.6269226,-3.8345594,-0.6061239,-0.4090116,-1.3409802,-0.28381896,6.1515527
0.37327576,-5.21875,2.054245,-3.587757,-0.8264028,0.3112347,1.8558183,0.16302228,6.6158557
0.23449707,-8.573486,4.4147644,-1.4164181,-0.89627576,-0.19041085,0.818977,0.73092353,8.525701
-1.750351,-12.148361,5.3240356,-0.66597843,-1.5263972,-1.5633826,-0.08934721,2.1441338,9.024161
-1.3172455,-19.83171,2.4969177,-0.6789694,0.5815642,-4.166979,-3.4076807,2.096782,8.33895
8.575882,-23.845673,-13.646271,-0.2884903,0.44798183,-1.602843,-1.4861361,0.6302353,9.309435
9.964905,-21.218353,-14.033905,4.5948257,-0.62433344,3.1344347,2.3658152,-1.5659117,14.631351
2.2097778,-9.162125,-2.5854492,4.9366655,-2.9299607,6.6219873,6.8036413,-2.0867805,14.921517
3.3332062,-9.664612,-1.524231,4.706197,-4.793581,8.735211,9.7240305,-1.8901367,14.633787
2.3389893,-9.857239,-1.0085754,4.4689407,-4.7850556,6.8474927,8.222356,-0.65453553,14.467207
2.273178,-9.974487,-1.5062866,4.162924,-5.111205,5.2114205,7.0190735,0.7714772,14.361944
2.884552,-7.628311,-2.6189423,3.078453,-6.7489705,2.2831502,-6.142945,-3.252771,13.25947
3.4552307,-6.4498596,-3.7304077,1.9209156,-6.947837,1.8144629,-6.0687475,-3.61578,12.119886
3.2362976,-5.50708,-3.0400848,0.06567192,-5.703319,1.1946192,4.3123274,3.8924615,10.266921
1.4871368,-4.3262177,-0.46180725,-2.3457136,-3.9433825,2.1481657,4.3293133,1.8977115,7.9837413
0.84825134,-4.042679,0.027511597,-2.9746962,-2.5942342,0.33592832,2.1615465,1.908849,7.090821
-0.24885559,-3.4719849,0.16749573,-3.5156088,-3.5727353,-0.8599616,1.7591579,3.4384794,6.498222
-0.9643097,-4.487732,0.80996704,-3.409752,-2.7854614,-1.3898509,0.8487616,3.113001,6.50427
-0.5814514,-5.9724884,1.7647095,-1.3537273,-1.504358,-1.1325511,0.050009787,1.8922225,8.466749
1.8089752,-15.500702,1.262207,-0.8741665,-1.7522659,-1.0066401,0.18879074,2.039213,8.998011
5.89711,-22.698318,-2.1248322,-0.07530117,-2.070903,-0.98481834,0.16403013,2.2883306,9.835223
5.416153,-20.108078,-2.4059906,-2.6018114,0.5883033,0.060477138,0.4210322,-0.45272768,7.211087
-3.1082764,-11.380264,-8.6440735,-2.7975597,0.14298224,1.6816039,2.1117992,-0.72205526,7.420541
-0.6795654,-9.034103,-7.1413727,-2.1696033,-0.345294,1.4176123,1.9782428,-0.057768226,8.098067
-0.13877869,-9.018555,-3.5354004,0.042201996,-2.2476878,-0.47011042,0.34324598,2.197416,10.379743
0.046661377,-9.477966,-1.311264,2.4547367,-3.1907601,-1.6153288,-0.12909956,-3.1737635,12.760719
0.77407837,-8.745773,-3.061615,2.8477592,-2.9678726,-0.14755833,-0.073794484,2.0224557,13.390505
1.3124695,-7.227524,-5.5082703,0.64573,-2.0352163,0.9523251,1.3144119,1.3340185,11.206193
1.3782654,-5.638687,-3.920639,-0.36594105,-1.6595387,1.1059432,1.5791501,1.2291417,10.133126
1.4680023,-4.9986115,-3.3044891,-0.5663481,-2.5358357,1.2291422,-2.5925057,-1.1631243,10.240306
1.2741852,-4.055832,-1.5003052,0.4125824,-3.0077813,1.9059169,2.5345201,1.9969302,11.368052
0.6029968,-3.061615,-0.3409729,1.5500479,-1.9146011,2.5156846,2.6827228,0.46495658,12.039101
0.14955139,-3.0771637,1.3423767,0.8581276,-1.5907047,3.9028943,4.071822,0.0066918135,11.192121
0.023925781,-4.1359863,2.8007965,-3.3163338,-1.8024011,6.5104456,6.9967856,1.2710689,7.3445354
-1.4895325,-10.285553,4.244873,-4.34301,-2.1628804,5.5218005,6.16362,2.4433818,6.6333632
-2.5052795,-15.104691,4.9172516,-3.3591366,-2.062358,4.786575,-5.7756658,0.69626975,7.660651
0.8374939,-22.772491,3.3679047,-1.5351782,-0.8977771,3.4104645,3.5397027,1.0334721,8.712811
4.7557373,-27.917068,-7.7563324,-2.7941341,-0.20426655,3.120975,2.9927063,1.4296892,7.239727
4.989029,-16.749756,-8.451447,-3.9376302,0.1910305,2.5998962,2.2078185,2.071092,6.1821504
0.73220825,-9.9673,-1.910675,-4.8434567,0.9449916,1.8285663,1.0503072,2.4279375,5.257177
0.673584,-9.9062805,-0.20698547,-5.1808834,1.78193,0.905704,-1.6780055,-1.9471052,4.884231
-0.55633545,-8.934799,-0.7465668,-4.26422,3.3459249,-0.9860542,-1.9870503,0.8468898,4.7385635
2.897705,-7.389038,-3.4983063,-2.7815228,5.277379,0.23004389,-0.60150874,-0.50373256,3.8884618
3.780655,-6.777664,-3.488739,-2.5882006,4.72746,3.2961583,1.8614671,1.2094679,3.8918853
3.2075806,-5.1625214,-0.39601135,-2.3364916,4.4615126,2.6581178,0.68699294,1.4718945,4.348496
1.4620209,-3.7662964,0.112457275,0.11546767,1.3398056,-0.2542925,0.6921537,0.22348088,8.647316
0.98464966,-3.4468536,-0.09451294,0.4925492,-14.914611,2.1590204,5.09996,5.1358113,23.034025
0.5850525,-2.0913239,-0.8829498,-4.992957,-13.559188,7.3328867,4.552681,11.633261,20.126183
0.30029297,-2.6129608,-1.0743713,-4.831484,-4.38945,1.6238155,-1.3664792,5.1124024,13.959161
1.1078796,-4.762909,-1.4404755,-4.334653,2.537384,-2.430309,2.870514,-4.7278123,9.070524
1.9944153,-11.930618,-0.89730835,-4.2074943,5.033183,0.35705423,-4.7864323,2.1308649,5.8426986
3.665802,-23.240295,-0.07058716,-1.8279471,1.9754171,2.4499846,-0.80694747,2.6480494,7.443864
2.761322,-21.594025,-4.055832,-0.7725345,0.11507797,1.7542157,0.29254425,1.7942758,9.188333
-0.47976685,-15.237488,-7.532608,-0.06527436,-0.57897854,1.4608564,-1.5724132,-0.032227427,9.799061
-0.31106567,-9.393021,-6.619751,0.069770455,-1.0038414,2.1318812,1.4950116,1.8197519,9.911188
-0.2979126,-8.020737,-5.6769714,-0.76572573,-1.3647709,3.7655337,-4.0236087,-0.661887,9.781101
0.5240326,-6.4785614,-4.1192474,-2.2301123,-2.3852901,5.4864883,-6.002305,-2.119821,10.299864
1.4380798,-8.584244,-2.3282166,-2.2423656,2.2922258,6.92458,0.8317423,6.203835,5.441682
1.8640137,-7.4763794,-3.6837463,-1.0660292,1.799839,6.1658654,1.6100123,4.9972177,5.9557524
0.99780273,-4.698303,-3.735199,-0.115557075,-0.25948906,5.2400794,-4.930929,-0.49669048,8.080857
1.3651123,-4.759323,-2.3162537,6.9059935,-3.4138231,6.020235,9.694667,1.2415462,9.557303
1.9118652,-4.796417,-1.2107697,2.2195942,-4.3710985,11.070295,8.901817,8.199556,9.475752
1.5649109,-2.362915,0.32063293,-1.1233373,-2.6432867,7.4427977,4.0319114,6.883872,9.815906
0.48454285,-1.8400879,1.228714,-0.3997121,0.22361565,3.4397578,1.4376986,2.8716073,8.491887
-0.18664551,-4.130005,2.4598236,-1.2834945,2.2704306,-0.1557262,0.91798925,-1.7468084,8.09422
-1.1473541,-8.094925,3.912262,0.28187394,0.24492931,1.2011561,-1.0407168,0.1445769,9.115113
-3.4779663,-12.227325,5.474777,0.24081397,0.60604477,3.6246228,1.7948476,2.6693,8.013182
-3.2566376,-16.389633,4.5188446,-1.2680471,-0.33753014,2.9087744,0.5601613,3.125309,9.488058
0.447464,-25.9059,0.37806702,-1.6909761,-0.107439995,1.960787,-0.3333611,2.5677328,9.700588
12.160324,-19.801804,-12.952347,-1.3437893,1.2763472,1.3430102,-0.8591189,1.702901,8.541521
6.4378967,-14.261215,-8.494522,-1.7412882,1.2544184,1.0692358,-1.3078327,1.702395,8.738783
4.8251343,-9.337997,-4.408783,-0.672585,0.09889126,1.6107697,0.18388557,1.6890855,9.394454
2.6596222,-9.357132,-1.9896393,-0.101803064,0.5816498,1.2513902,0.28409916,1.0051358,8.8991
1.8628082,-9.006592,-1.6821594,1.3364816,2.1368523,-1.7195599,-0.48634624,-2.5134044,8.14669
1.9669037,-5.852844,-2.1667023,1.0290732,1.7446346,-1.2963464,-0.39357758,-1.9521536,8.458524
2.3174438,-3.4157562,-1.5481567,0.8064079,1.0788145,2.842907,-2.2663171,-0.057927698,7.625662
2.2552338,-2.8917236,-0.8841553,1.6597617,2.6290379,4.822526,2.4662151,2.609791,5.3311405
1.3926239,-2.3976135,-0.24885559,1.9305034,4.435131,6.5115004,2.7847195,3.560744,3.0714214
0.1268158,-1.7814636,-0.26679993,4.8681245,4.1809006,3.7144153,-2.8666267,3.3744206,3.859282
-0.48095703,-1.832901,0.090927124,4.6807384,4.5044155,4.2095394,4.511526,0.055633485,3.5167906
-0.59939575,-4.435089,0.100494385,3.8947186,4.9516726,3.3615072,3.4261038,-0.5416266,3.56517
0.31704712,-13.075577,-1.1066742,2.2661564,4.5244627,1.5243795,1.3612211,-1.2849662,4.864394
2.3736725,-22.414764,-2.013565,0.5113221,-1.6079426,1.3811073,1.5095758,1.3368874,10.636288
2.7756805,-18.875778,-3.5844421,0.13490033,-4.878151,2.4948092,2.7097063,3.5499163,12.983787
0.8494568,-14.394028,-4.7330017,0.34325433,-11.624096,4.7278066,6.310501,7.911866,17.234274
0.7130585,-12.366104,-6.634094,-1.6645525,-8.091042,3.259241,-5.7192607,-4.34277,15.03051
0.7800598,-11.995224,-5.7056885,-3.16414,-6.259133,2.2439432,0.6612817,5.8698063,14.203454
1.3244324,-10.443481,-4.23291,-6.27704,-2.9052057,-0.2863989,-4.1485505,4.1000147,13.535305
1.4739838,-9.224335,-3.8117676,-2.6783285,-0.3863697,1.7594476,0.0035290718,-3.2243223,9.657948
1.6594238,-6.6999054,-5.2857513,-0.027837992,0.7396951,2.2455482,-0.9903786,-1.057521,7.9381723
2.0566254,-6.661621,-5.863617,0.1262734,3.1272879,1.8752084,-0.6686199,0.008857489,6.2198486
1.159317,-7.4680023,-3.6131592,-0.72648716,1.2119756,2.0511937,-0.45107877,1.3554199,7.7662015
0.21176147,-7.2394867,-3.267395,-0.3214394,0.2716961,1.2475753,0.044864416,0.96893716,8.916295
0.64486694,-5.765503,-2.1894379,1.3577428,-0.6687565,-0.7640786,1.1140904,-1.0020843,10.599838
1.0456696,-5.7021027,-0.023925781,2.7555425,1.0866251,-0.761899,1.629544,-2.4427176,8.951095
0.66760254,-6.949951,0.89372253,1.8429836,2.688527,0.33253765,0.7731472,-1.7056904,7.118117
0.70947266,-9.032898,2.7445679,1.3950245,3.5176773,1.5159922,0.64687157,-0.85037804,5.872595
1.282547,-11.938995,5.6973114,0.9753107,4.71319,6.709408,-3.3105972,-1.229132,2.3426883
2.7433777,-16.013962,5.7714844,0.13169414,4.6368246,7.413328,1.7907937,3.6900802,2.083226
7.8747864,-21.626328,1.5756683,-1.0035884,2.7554235,7.385706,1.5733364,4.9023366,3.7535586
3.069992,-9.540176,-2.079361,1.6859034,0.11901283,-1.1022453,1.2659767,-1.5541978,10.037197
1.804184,-8.199005,0.24765015,0.41064847,1.4674082,1.1358545,0.0,0.0,0.0
0.46180725,-6.9583282,0.36968994,-0.8718637,2.729042,1.1089902,0.0,0.0,0.0
0.09690857,-6.354141,-0.8063812,-1.1539636,3.353755,-0.20433706,0.0,0.0,0.0
0.4665985,-6.401993,-2.7756805,-0.67658913,3.3289633,-2.360947,0.0,0.0,0.0
0.61854553,-6.6676025,-5.7344055,-0.3983518,3.084566,-5.55687,0.0,0.0,0.0
2.786438,-6.7094727,-6.726227,1.845572,3.051817,-6.6774116,0.0,0.0,0.0
2.5627136,-6.5563354,-5.2283173,1.6864374,3.2109718,-5.1808805,0.0,0.0,0.0
1.7563324,-7.804184,-0.04067993,0.9184605,1.9636517,0.1995964,0.0,0.0,0.0
2.6979065,-11.162521,3.5282135,1.9163694,-1.4034042,4.093199,0.0,0.0,0.0
4.4195404,-13.043274,7.2215424,3.6440196,-3.2988377,8.005718,0.0,0.0,0.0
4.3956146,-14.261215,8.439484,3.5698211,-4.536936,9.402216,0.0,0.0,0.0
1.5744781,-14.909683,3.3595276,0.7578869,-5.179638,4.270453,0.0,0.0,0.0
-0.0047912598,-14.872589,-1.405777,-0.77908635,-5.132389,-0.5695053,0.0,0.0,0.0
2.8414764,-13.780258,-3.3391876,2.1280026,-4.0357227,-2.4993262,0.0,0.0,0.0
4.278366,-12.570694,-1.8484497,3.5779638,-2.8313084,-0.94059765,0.0,0.0,0.0
4.0618134,-10.802399,-0.8566284,3.384296,-1.0965214,0.37109816,0.0,0.0,0.0
2.6081696,-8.335403,-0.624527,1.9653516,1.3326387,0.8874706,0.0,0.0,0.0
0.7525482,-6.628113,-1.085144,0.1454916,3.023386,0.5428746,0.0,0.0,0.0
0.5383911,-6.345764,-1.125824,0.016209304,3.2954884,0.589972,0.0,0.0,0.0
0.5120697,-5.97966,-1.1521454,0.03657329,3.660612,0.5826273,0.0,0.0,0.0
0.9654999,-5.194824,-1.0600128,0.5239871,4.44689,0.67572737,0.0,0.0,0.0
1.1150513,-5.248657,-1.3387909,0.6810404,4.397792,0.3723594,0.0,0.0,0.0
1.298111,-5.453247,-1.3339996,0.85998785,4.206045,0.30200315,0.0,0.0,0.0
1.4464569,-6.4737854,-1.4129639,0.97516775,3.2025576,0.10909426,0.0,0.0,0.0
1.4596252,-7.1150513,-1.4967041,0.9525381,2.5723848,-0.059059262,0.0,0.0,0.0
0.71066284,-8.830719,-1.421341,0.13772988,0.86897373,-0.095407724,0.0,0.0,0.0
1.1868439,-10.098907,-1.7982025,0.59846544,-0.39594936,-0.5032886,0.0,0.0,0.0
2.9826508,-11.114655,0.7405853,2.3794665,-1.4145575,2.0500422,0.0,0.0,0.0
3.8955078,-12.630508,2.4179535,3.1812413,-2.956337,3.8569202,0.0,0.0,0.0
3.6622162,-11.617157,3.7794647,2.807967,-1.9669371,5.300616,0.0,0.0,0.0
4.3417816,-11.693726,3.517456,3.316399,-2.055088,5.0059624,0.0,0.0,0.0
5.8133698,-11.952148,3.6083832,4.707984,-2.305172,4.981103,0.0,0.0,0.0
4.401596,-10.216156,5.481964,3.2211988,-0.56019497,6.7227154,0.0,0.0,0.0
1.730011,-10.472183,4.7042847,0.46596158,-0.7977524,5.6931963,0.0,0.0,0.0
1.2406769,-10.6026,3.336792,-0.0032955408,-0.90562916,4.1059947,0.0,0.0,0.0
1.4440613,-10.277176,-1.0971069,0.28123152,-0.54474545,-0.78403866,0.0,0.0,0.0
1.2693939,-9.927826,-2.0554352,0.13146138,-0.18753338,-2.0085256,0.0,0.0,0.0
1.9537354,-7.7072754,-3.3224335,0.8153757,2.030013,-3.5668576,0.0,0.0,0.0
2.5950165,-7.104294,-3.3679047,1.4249445,2.6147947,-3.9515457,0.0,0.0,0.0
2.4825592,-6.891327,-2.1930237,1.2812657,2.8112144,-2.9598236,0.0,0.0,0.0
2.2073822,-7.0827484,-0.82192993,0.9717301,2.6019564,-1.7439063,0.0,0.0,0.0
2.121231,-7.446457,-0.119644165,0.87439096,2.230276,-1.1078794,0.0,0.0,0.0
2.3150635,-8.055435,-0.61854553,1.0683534,1.6112003,-1.7012607,0.0,0.0,0.0
2.3162537,-9.102295,-2.5423737,1.0803106,0.55684566,-3.7016072,0.0,0.0,0.0
4.220932,-9.257828,-5.063217,3.0057688,0.39623165,-6.2850604,0.0,0.0,0.0
4.5511475,-8.773285,-1.931015,3.3505673,0.88608646,-3.1249714,0.0,0.0,0.0
4.4530487,-9.256638,0.08135986,3.2646937,0.41958523,-0.98113775,0.0,0.0,0.0
4.1694946,-10.5798645,1.8987122,2.9939432,-0.8827553,1.0300765,0.0,0.0,0.0
4.9698944,-11.882751,3.2231293,3.80717,-2.1745844,2.4681768,0.0,0.0,0.0
5.3204346,-11.602798,4.680359,4.143305,-1.8880177,4.041779,0.0,0.0,0.0
4.236496,-9.736389,4.344162,2.988583,-0.017475128,3.9494429,0.0,0.0,0.0
2.8366852,-9.885941,3.1680908,1.5559094,-0.16782284,2.8711424,0.0,0.0,0.0
1.125824,-10.871796,2.6201477,-0.18607044,-1.1558008,2.3993073,0.0,0.0,0.0
1.0085754,-11.717651,1.7048798,-0.35001445,-2.0061722,1.5963304,0.0,0.0,0.0
2.4646149,-12.077774,-0.15553284,1.0982004,-2.3669186,-0.20639467,0.0,0.0,0.0
3.4671936,-12.016754,-1.7443695,2.138933,-2.301138,-1.6306914,0.0,0.0,0.0
3.7938232,-10.728226,-2.0602264,2.5132084,-1.0098114,-1.7724077,0.0,0.0,0.0
3.394226,-8.769699,-1.1641083,2.2004943,0.94833374,-0.61163884,0.0,0.0,0.0
3.122635,-7.902298,-0.98464966,1.9850672,1.8134766,-0.29179913,0.0,0.0,0.0
0.9678955,-6.875778,-0.8183441,-0.061470985,2.8367958,0.062958956,0.0,0.0,0.0
0.17706299,-6.538391,-0.9499512,-0.775186,3.171978,0.036128342,0.0,0.0,0.0
0.055038452,-6.3397827,-0.9690857,-0.8171092,3.3699903,0.09395194,0.0,0.0,0.0
0.13040161,-5.839691,-0.9499512,-0.6445604,3.8765802,0.12888885,0.0,0.0,0.0
-0.017944336,-6.5025024,-2.1631165,-0.7501195,3.2211323,-1.1213694,0.0,0.0,0.0
0.35414124,-7.2394867,-3.5042877,-0.34724623,2.4908457,-2.5047493,0.0,0.0,0.0
0.7154541,-7.500305,-4.0259247,0.03212166,2.2351227,-3.0642138,0.0,0.0,0.0
1.5888367,-8.187042,-3.3966064,0.8832142,1.5473309,-2.440332,0.0,0.0,0.0
1.9728851,-8.504089,-3.1465607,1.2162297,1.2250624,-2.1762707,0.0,0.0,0.0
2.1930237,-8.944366,-2.367691,1.3701158,0.7795315,-1.3986601,0.0,0.0,0.0
1.3363953,-9.169296,-2.5172424,0.44287717,0.5507097,-1.5719869,0.0,0.0,0.0
0.65563965,-9.294922,-2.5028992,-0.30438298,0.4210291,-1.5814636,0.0,0.0,0.0
2.322235,-10.514069,0.46180725,1.2829318,-0.80934715,1.4150186,0.0,0.0,0.0
2.009964,-9.714859,2.896515,0.9200721,-0.025093079,3.941008,0.0,0.0,0.0
1.8269196,-9.546173,3.4253235,0.67414606,0.12252426,4.5905623,0.0,0.0,0.0
2.4394836,-11.783447,3.5760803,1.2537981,-2.1292086,4.825166,0.0,0.0,0.0
3.7878418,-12.398407,1.9333954,2.655522,-2.7310457,3.129375,0.0,0.0,0.0
4.228119,-11.562119,1.188034,3.160461,-1.8735666,2.2662096,0.0,0.0,0.0
3.6107635,-10.764114,0.5288086,2.5804272,-1.0603209,1.5010135,0.0,0.0,0.0
2.786438,-10.011566,-0.9068756,1.7092459,-0.31474304,0.08391458,0.0,0.0,0.0
2.761322,-9.095123,-1.9417725,1.6415486,0.5876026,-0.8641261,0.0,0.0,0.0
2.6416779,-8.017151,-2.621338,1.4877379,1.6522446,-1.4630593,0.0,0.0,0.0
1.6187439,-7.569687,-2.7373962,0.43774116,2.0940695,-1.5595031,0.0,0.0,0.0
1.4081726,-7.4572296,-2.9419708,0.1898073,2.2025719,-1.7697119,0.0,0.0,0.0
1.5720825,-7.4476624,-3.221939,0.32780492,2.211773,-2.074131,0.0,0.0,0.0
1.7982025,-7.512268,-2.5387878,0.51642704,2.1455088,-1.4186157,0.0,0.0,0.0
2.1343994,-7.865204,-1.8448639,0.8347349,1.7914219,-0.7354307,0.0,0.0,0.0
2.0207367,-8.293518,-1.6127625,0.73313785,1.3665218,-0.5190927,0.0,0.0,0.0
1.9453583,-8.600998,-2.1954193,0.6854886,1.0662947,-1.1340171,0.0,0.0,0.0
2.2277222,-8.493317,-3.4181519,1.0117797,1.1844053,-2.4014993,0.0,0.0,0.0
2.2588196,-8.390427,-3.8141632,1.1463652,1.3090305,-2.890389,0.0,0.0,0.0
2.2588196,-8.390427,-3.8141632,1.1463652,1.3090305,-2.890389,0.0,0.0,0.0
2.2588196,-8.390427,-3.8141632,1.1463652,1.3090305,-2.890389,0.0,0.0,0.0
2.2588196,-8.390427,-3.8141632,1.1463652,1.3090305,-2.890389,0.0,0.0,0.0
2.2588196,-8.390427,-3.8141632,1.1463652,1.3090305,-2.890389,0.0,0.0,0.0
2.2588196,-8.390427,-3.8141632,1.1463652,1.3090305,-2.890389,0.0,0.0,0.0
2.2588196,-8.390427,-3.8141632,1.1463652,1.3090305,-2.890389,0.0,0.0,0.0
2.2588196,-8.390427,-3.8141632,1.1463652,1.3090305,-2.890389,0.0,0.0,0.0
2.2588196,-8.390427,-3.8141632,1.1463652,1.3090305,-2.890389,0.0,0.0,0.0
2.2588196,-8.390427,-3.8141632,1.1463652,1.3090305,-2.890389,0.0,0.0,0.0
2.2588196,-8.390427,-3.8141632,1.1463652,1.3090305,-2.890389,0.0,0.0,0.0
2.2588196,-8.390427,-3.8141632,1.1463652,1.3090305,-2.890389,0.0,0.0,0.0
2.2588196,-8.390427,-3.8141632,1.1463652,1.3090305,-2.890389,0.0,0.0,0.0
2.2588196,-8.390427,-3.8141632,1.1463652,1.3090305,-2.890389,0.0,0.0,0.0
2.2588196,-8.390427,-3.8141632,1.1463652,1.3090305,-2.890389,0.0,0.0,0.0
2.2588196,-8.390427,-3.8141632,1.1463652,1.3090305,-2.890389,0.0,0.0,0.0
2.2588196,-8.390427,-3.8141632,1.1463652,1.3090305,-2.890389,0.0,0.0,0.0
2.2588196,-8.390427,-3.8141632,1.1463652,1.3090305,-2.890389,0.0,0.0,0.0
2.2588196,-8.390427,-3.8141632,1.1463652,1.3090305,-2.890389,0.0,0.0,0.0
2.2588196,-8.390427,-3.8141632,1.1463652,1.3090305,-2.890389,0.0,0.0,0.0
2.2588196,-8.390427,-3.8141632,1.1463652,1.3090305,-2.890389,0.0,0.0,0.0
2.2588196,-8.390427,-3.8141632,1.1463652,1.3090305,-2.890389,0.0,0.0,0.0
2.2588196,-8.390427,-3.8141632,1.1463652,1.3090305,-2.890389,0.0,0.0,0.0
2.2588196,-8.390427,-3.8141632,1.1463652,1.3090305,-2.890389,0.0,0.0,0.0
2.2588196,-8.390427,-3.8141632,1.1463652,1.3090305,-2.890389,0.0,0.0,0.0
2.2588196,-8.390427,-3.8141632,1.1463652,1.3090305,-2.890389,0.0,0.0,0.0
2.2588196,-8.390427,-3.8141632,1.1463652,1.3090305,-2.890389,0.0,0.0,0.0
2.2588196,-8.390427,-3.8141632,1.1463652,1.3090305,-2.890389,0.0,0.0,0.0
2.2588196,-8.390427,-3.8141632,1.1463652,1.3090305,-2.890389,0.0,0.0,0.0
2.2588196,-8.390427,-3.8141632,1.1463652,1.3090305,-2.890389,0.0,0.0,0.0
2.2588196,-8.390427,-3.8141632,1.1463652,1.3090305,-2.890389,0.0,0.0,0.0
2.2588196,-8.390427,-3.8141632,1.1463652,1.3090305,-2.890389,0.0,0.0,0.0
2.2588196,-8.390427,-3.8141632,1.1463652,1.3090305,-2.890389,0.0,0.0,0.0
2.2588196,-8.390427,-3.8141632,1.1463652,1.3090305,-2.890389,0.0,0.0,0.0
2.2588196,-8.390427,-3.8141632,1.1463652,1.3090305,-2.890389,0.0,0.0,0.0
2.2588196,-8.390427,-3.8141632,1.1463652,1.3090305,-2.890389,0.0,0.0,0.0
2.2588196,-8.390427,-3.8141632,1.1463652,1.3090305,-2.890389,0.0,0.0,0.0
2.2588196,-8.390427,-3.8141632,1.1463652,1.3090305,-2.890389,0.0,0.0,0.0
2.2588196,-8.390427,-3.8141632,1.1463652,1.3090305,-2.890389,0.0,0.0,0.0
2.2588196,-8.390427,-3.8141632,1.1463652,1.3090305,-2.890389,0.0,0.0,0.0
2.2588196,-8.390427,-3.8141632,1.1463652,1.3090305,-2.890389,0.0,0.0,0.0
2.2588196,-8.390427,-3.8141632,1.1463652,1.3090305,-2.890389,0.0,0.0,0.0
2.2588196,-8.390427,-3.8141632,1.1463652,1.3090305,-2.890389,0.0,0.0,0.0
2.2588196,-8.390427,-3.8141632,1.1463652,1.3090305,-2.890389,0.0,0.0,0.0
2.2588196,-8.390427,-3.8141632,1.1463652,1.3090305,-2.890389,0.0,0.0,0.0
2.2588196,-8.390427,-3.8141632,1.1463652,1.3090305,-2.890389,0.0,0.0,0.0
2.2588196,-8.390427,-3.8141632,1.1463652,1.3090305,-2.890389,0.0,0.0,0.0
2.2588196,-8.390427,-3.8141632,1.1463652,1.3090305,-2.890389,0.0,0.0,0.0
2.2588196,-8.390427,-3.8141632,1.1463652,1.3090305,-2.890389,0.0,0.0,0.0
2.2588196,-8.390427,-3.8141632,1.1463652,1.3090305,-2.890389,0.0,0.0,0.0
2.2588196,-8.390427,-3.8141632,1.1463652,1.3090305,-2.890389,0.0,0.0,0.0
2.2588196,-8.390427,-3.8141632,1.1463652,1.3090305,-2.890389,0.0,0.0,0.0
2.2588196,-8.390427,-3.8141632,1.1463652,1.3090305,-2.890389,0.0,0.0,0.0
2.2588196,-8.390427,-3.8141632,1.1463652,1.3090305,-2.890389,0.0,0.0,0.0
2.2588196,-8.390427,-3.8141632,1.1463652,1.3090305,-2.890389,0.0,0.0,0.0
2.2588196,-8.390427,-3.8141632,1.1463652,1.3090305,-2.890389,0.0,0.0,0.0
2.2588196,-8.390427,-3.8141632,1.1463652,1.3090305,-2.890389,0.0,0.0,0.0
2.2588196,-8.390427,-3.8141632,1.1463652,1.3090305,-2.890389,0.0,0.0,0.0
2.2588196,-8.390427,-3.8141632,1.1463652,1.3090305,-2.890389,0.0,0.0,0.0
2.2588196,-8.390427,-3.8141632,1.1463652,1.3090305,-2.890389,0.0,0.0,0.0
2.2588196,-8.390427,-3.8141632,1.1463652,1.3090305,-2.890389,0.0,0.0,0.0
2.2588196,-8.390427,-3.8141632,1.1463652,1.3090305,-2.890389,0.0,0.0,0.0
2.2588196,-8.390427,-3.8141632,1.1463652,1.3090305,-2.890389,0.0,0.0,0.0
2.2588196,-8.390427,-3.8141632,1.1463652,1.3090305,-2.890389,0.0,0.0,0.0
2.2588196,-8.390427,-3.8141632,1.1463652,1.3090305,-2.890389,0.0,0.0,0.0
2.2588196,-8.390427,-3.8141632,1.1463652,1.3090305,-2.890389,0.0,0.0,0.0
2.2588196,-8.390427,-3.8141632,1.1463652,1.3090305,-2.890389,0.0,0.0,0.0
2.2588196,-8.390427,-3.8141632,1.1463652,1.3090305,-2.890389,0.0,0.0,0.0
2.2588196,-8.390427,-3.8141632,1.1463652,1.3090305,-2.890389,0.0,0.0,0.0
2.2588196,-8.390427,-3.8141632,1.1463652,1.3090305,-2.890389,0.0,0.0,0.0
2.2588196,-8.390427,-3.8141632,1.1463652,1.3090305,-2.890389,0.0,0.0,0.0
2.2588196,-8.390427,-3.8141632,1.1463652,1.3090305,-2.890389,0.0,0.0,0.0
2.2588196,-8.390427,-3.8141632,1.1463652,1.3090305,-2.890389,0.0,0.0,0.0
2.2588196,-8.390427,-3.8141632,1.1463652,1.3090305,-2.890389,0.0,0.0,0.0
2.2588196,-8.390427,-3.8141632,1.1463652,1.3090305,-2.890389,0.0,0.0,0.0
2.2588196,-8.390427,-3.8141632,1.1463652,1.3090305,-2.890389,0.0,0.0,0.0
2.2588196,-8.390427,-3.8141632,1.1463652,1.3090305,-2.890389,0.0,0.0,0.0
2.2588196,-8.390427,-3.8141632,1.1463652,1.3090305,-2.890389,0.0,0.0,0.0
2.2588196,-8.390427,-3.8141632,1.1463652,1.3090305,-2.890389,0.0,0.0,0.0
2.2588196,-8.390427,-3.8141632,1.1463652,1.3090305,-2.890389,0.0,0.0,0.0
2.2588196,-8.390427,-3.8141632,1.1463652,1.3090305,-2.890389,0.0,0.0,0.0
2.2588196,-8.390427,-3.8141632,1.1463652,1.3090305,-2.890389,0.0,0.0,0.0
2.2588196,-8.390427,-3.8141632,1.1463652,1.3090305,-2.890389,0.0,0.0,0.0
2.2588196,-8.390427,-3.8141632,1.1463652,1.3090305,-2.890389,0.0,0.0,0.0
2.2588196,-8.390427,-3.8141632,1.1463652,1.3090305,-2.890389,0.0,0.0,0.0
2.2588196,-8.390427,-3.8141632,1.1463652,1.3090305,-2.890389,0.0,0.0,0.0
2.2588196,-8.390427,-3.8141632,1.1463652,1.3090305,-2.890389,0.0,0.0,0.0
2.2588196,-8.390427,-3.8141632,1.1463652,1.3090305,-2.890389,0.0,0.0,0.0
2.2588196,-8.390427,-3.8141632,1.1463652,1.3090305,-2.890389,0.0,0.0,0.0
2.2588196,-8.390427,-3.8141632,1.1463652,1.3090305,-2.890389,0.0,0.0,0.0
2.2588196,-8.390427,-3.8141632,1.1463652,1.3090305,-2.890389,0.0,0.0,0.0
2.2588196,-8.390427,-3.8141632,1.1463652,1.3090305,-2.890389,0.0,0.0,0.0
2.2588196,-8.390427,-3.8141632,1.1463652,1.3090305,-2.890389,0.0,0.0,0.0
2.2588196,-8.390427,-3.8141632,1.1463652,1.3090305,-2.890389,0.0,0.0,0.0
2.2588196,-8.390427,-3.8141632,1.1463652,1.3090305,-2.890389,0.0,0.0,0.0
2.2588196,-8.390427,-3.8141632,1.1463652,1.3090305,-2.890389,0.0,0.0,0.0
2.2588196,-8.390427,-3.8141632,1.1463652,1.3090305,-2.890389,0.0,0.0,0.0
2.2588196,-8.390427,-3.8141632,1.1463652,1.3090305,-2.890389,0.0,0.0,0.0
2.2588196,-8.390427,-3.8141632,1.1463652,1.3090305,-2.890389,0.0,0.0,0.0
2.2588196,-8.390427,-3.8141632,1.1463652,1.3090305,-2.890389,0.0,0.0,0.0
2.2588196,-8.390427,-3.8141632,1.1463652,1.3090305,-2.890389,0.0,0.0,0.0
2.2588196,-8.390427,-3.8141632,1.1463652,1.3090305,-2.890389,0.0,0.0,0.0
2.2588196,-8.390427,-3.8141632,1.1463652,1.3090305,-2.890389,0.0,0.0,0.0
2.2588196,-8.390427,-3.8141632,1.1463652,1.3090305,-2.890389,0.0,0.0,0.0
2.2588196,-8.390427,-3.8141632,1.1463652,1.3090305,-2.890389,0.0,0.0,0.0
2.2588196,-8.390427,-3.8141632,1.1463652,1.3090305,-2.890389,0.0,0.0,0.0
2.2588196,-8.390427,-3.8141632,1.1463652,1.3090305,-2.890389,0.0,0.0,0.0
2.2588196,-8.390427,-3.8141632,1.1463652,1.3090305,-2.890389,0.0,0.0,0.0
2.2588196,-8.390427,-3.8141632,1.1463652,1.3090305,-2.890389,0.0,0.0,0.0
2.2588196,-8.390427,-3.8141632,1.1463652,1.3090305,-2.890389,0.0,0.0,0.0
2.2588196,-8.390427,-3.8141632,1.1463652,1.3090305,-2.890389,0.0,0.0,0.0
2.2588196,-8.390427,-3.8141632,1.1463652,1.3090305,-2.890389,0.0,0.0,0.0
2.2588196,-8.390427,-3.8141632,1.1463652,1.3090305,-2.890389,0.0,0.0,0.0
2.2588196,-8.390427,-3.8141632,1.1463652,1.3090305,-2.890389,0.0,0.0,0.0
2.2588196,-8.390427,-3.8141632,1.1463652,1.3090305,-2.890389,0.0,0.0,0.0
2.2588196,-8.390427,-3.8141632,1.1463652,1.3090305,-2.890389,0.0,0.0,0.0
2.2588196,-8.390427,-3.8141632,1.1463652,1.3090305,-2.890389,0.0,0.0,0.0
2.2588196,-8.390427,-3.8141632,1.1463652,1.3090305,-2.890389,0.0,0.0,0.0
2.2588196,-8.390427,-3.8141632,1.1463652,1.3090305,-2.890389,0.0,0.0,0.0
2.2588196,-8.390427,-3.8141632,1.1463652,1.3090305,-2.890389,0.0,0.0,0.0
2.2588196,-8.390427,-3.8141632,1.1463652,1.3090305,-2.890389,0.0,0.0,0.0
2.2588196,-8.390427,-3.8141632,1.1463652,1.3090305,-2.890389,0.0,0.0,0.0
2.2588196,-8.390427,-3.8141632,1.1463652,1.3090305,-2.890389,0.0,0.0,0.0
2.2588196,-8.390427,-3.8141632,1.1463652,1.3090305,-2.890389,0.0,0.0,0.0
2.2588196,-8.390427,-3.8141632,1.1463652,1.3090305,-2.890389,0.0,0.0,0.0
2.2588196,-8.390427,-3.8141632,1.1463652,1.3090305,-2.890389,0.0,0.0,0.0
2.2588196,-8.390427,-3.8141632,1.1463652,1.3090305,-2.890389,0.0,0.0,0.0
2.2588196,-8.390427,-3.8141632,1.1463652,1.3090305,-2.890389,0.0,0.0,0.0
2.2588196,-8.390427,-3.8141632,1.1463652,1.3090305,-2.890389,0.0,0.0,0.0
2.2588196,-8.390427,-3.8141632,1.1463652,1.3090305,-2.890389,0.0,0.0,0.0
2.2588196,-8.390427,-3.8141632,1.1463652,1.3090305,-2.890389,0.0,0.0,0.0
2.2588196,-8.390427,-3.8141632,1.1463652,1.3090305,-2.890389,0.0,0.0,0.0
2.2588196,-8.390427,-3.8141632,1.1463652,1.3090305,-2.890389,0.0,0.0,0.0
2.2588196,-8.390427,-3.8141632,1.1463652,1.3090305,-2.890389,0.0,0.0,0.0
2.2588196,-8.390427,-3.8141632,1.1463652,1.3090305,-2.890389,0.0,0.0,0.0
2.2588196,-8.390427,-3.8141632,1.1463652,1.3090305,-2.890389,0.0,0.0,0.0
2.2588196,-8.390427,-3.8141632,1.1463652,1.3090305,-2.890389,0.0,0.0,0.0
2.2588196,-8.390427,-3.8141632,1.1463652,1.3090305,-2.890389,0.0,0.0,0.0
2.2588196,-8.390427,-3.8141632,1.1463652,1.3090305,-2.890389,0.0,0.0,0.0
2.2588196,-8.390427,-3.8141632,1.1463652,1.3090305,-2.890389,0.0,0.0,0.0
2.2588196,-8.390427,-3.8141632,1.1463652,1.3090305,-2.890389,0.0,0.0,0.0
2.2588196,-8.390427,-3.8141632,1.1463652,1.3090305,-2.890389,0.0,0.0,0.0
2.2588196,-8.390427,-3.8141632,1.1463652,1.3090305,-2.890389,0.0,0.0,0.0
2.2588196,-8.390427,-3.8141632,1.1463652,1.3090305,-2.890389,0.0,0.0,0.0
2.2588196,-8.390427,-3.8141632,1.1463652,1.3090305,-2.890389,0.0,0.0,0.0
2.2588196,-8.390427,-3.8141632,1.1463652,1.3090305,-2.890389,0.0,0.0,0.0
2.2588196,-8.390427,-3.8141632,1.1463652,1.3090305,-2.890389,0.0,0.0,0.0
2.2588196,-8.390427,-3.8141632,1.1463652,1.3090305,-2.890389,0.0,0.0,0.0
2.2588196,-8.390427,-3.8141632,1.1463652,1.3090305,-2.890389,0.0,0.0,0.0
2.2588196,-8.390427,-3.8141632,1.1463652,1.3090305,-2.890389,0.0,0.0,0.0
2.2588196,-8.390427,-3.8141632,1.1463652,1.3090305,-2.890389,0.0,0.0,0.0
2.2588196,-8.390427,-3.8141632,1.1463652,1.3090305,-2.890389,0.0,0.0,0.0
2.2588196,-8.390427,-3.8141632,1.1463652,1.3090305,-2.890389,0.0,0.0,0.0
2.2588196,-8.390427,-3.8141632,1.1463652,1.3090305,-2.890389,0.0,0.0,0.0
2.2588196,-8.390427,-3.8141632,1.1463652,1.3090305,-2.890389,0.0,0.0,0.0
2.2588196,-8.390427,-3.8141632,1.1463652,1.3090305,-2.890389,0.0,0.0,0.0
2.2588196,-8.390427,-3.8141632,1.1463652,1.3090305,-2.890389,0.0,0.0,0.0
2.2588196,-8.390427,-3.8141632,1.1463652,1.3090305,-2.890389,0.0,0.0,0.0
3.2075806,-13.563721,3.891922,2.0951262,-3.8642635,4.8156962,0.0,0.0,0.0
4.3776703,-13.787445,5.1553345,1.2435493,-4.8795757,7.8006215,0.0,0.0,0.0
2.3521423,-15.189636,4.001999,-0.81094575,-6.1722336,6.2046585,0.0,0.0,0.0
0.5431671,-15.183655,3.9565277,-2.70923,-6.1135426,5.780085,0.0,0.0,0.0
-0.39959717,-15.290131,3.7926178,-3.8409746,-6.2498455,5.405241,0.0,0.0,0.0
0.5623169,-11.870789,1.2107697,-3.1158402,-2.8623266,2.431078,0.0,0.0,0.0
1.3280182,-10.462616,-0.01914978,-2.41894,-1.4634037,1.0508335,0.0,0.0,0.0
2.1296082,-8.254044,-2.4598236,-1.6453443,0.7823944,-1.9470656,0.0,0.0,0.0
