2.904892,-12.5312195,-7.299301,-1.9476085,-0.27916086,3.054204,0.10929012,0.80854475,13.3469305
2.416748,-12.912872,-11.21994,-1.5291443,0.5267774,2.8274794,0.123107344,-0.15148449,13.058159
0.21894836,-13.476379,-5.69133,-0.6864705,1.1307266,2.0895185,-0.54278183,-0.85346043,12.063387
-1.6522369,-14.136795,-0.2141571,0.04717064,1.3826618,0.8889084,1.3716624,-0.19443846,10.692579
-2.3653107,-13.588837,4.8502502,1.6246061,1.3758343,-0.5253825,1.7540909,-0.617085,8.64447
-1.7718811,-11.437698,5.9102783,2.22467,1.1080196,-0.65147686,1.660692,-1.033323,8.140627
-0.15911865,-8.306686,5.296509,2.7173486,0.7441596,-0.7760439,1.4413441,-1.4009352,7.6853514
1.1724854,-11.310867,3.5808563,2.8034244,0.33973348,-0.25392866,1.066589,-1.8742132,7.965781
1.927414,-13.038498,3.410965,2.5896025,0.28602123,-0.23491001,0.9596879,-1.7256618,8.090807
3.9098663,-12.958328,3.604782,2.0016618,0.22922719,-0.7437091,0.7339961,-0.96917343,8.036269
4.400406,-9.962524,2.1882324,1.9850864,-0.0065569878,-1.3372726,0.51939267,-0.61076546,7.5514097
4.1024933,-8.037491,1.036087,1.875536,-0.1753143,-1.6175127,0.3419658,-0.39055896,7.378639
3.7459564,-6.417557,0.43669128,1.3265085,-0.6043527,-2.358067,-0.23230669,0.343755,7.0656266
2.9838562,-5.1960144,-0.12562561,1.2169285,-0.54689014,-2.7245317,-0.2090557,0.64985657,6.8507986
2.145172,-4.655243,-0.16630554,1.2418404,-0.21546268,-3.0513983,0.121363044,0.8967066,6.6316214
1.9728851,-4.384842,-0.19262695,1.2099504,0.07951665,-3.385672,0.38490644,1.2035656,6.4397
0.49771118,-4.9830475,-0.44506836,0.6567073,0.24251103,-2.6272244,0.37194815,1.186985,7.3889856
0.673584,-5.024933,-0.5635071,0.6185236,0.0062031746,-2.6357207,0.7176006,-0.87558913,7.3473763
1.4237366,-6.271591,-0.7142639,0.8095317,-0.4765241,-2.6549435,-0.1468893,0.7944517,7.108797
0.8757782,-7.523041,-0.39361572,0.8902478,-0.7462084,-2.2379422,-0.30873773,0.38801408,7.3344283
1.434494,-9.49472,-0.0023956299,-1.6790905,-1.1484003,-1.3431206,-1.8950706,1.4621296,9.345104
1.6797638,-11.718842,0.15074158,-3.8379235,-0.90190387,0.96405697,-2.3506646,1.8093977,12.576658
1.0181427,-12.579071,-0.38046265,-5.2941537,-0.6588448,2.8024764,-2.3760297,1.7508702,15.060691
1.7048798,-12.270401,-1.8891296,-4.965117,-0.110333204,3.975194,-1.3962069,0.9351511,15.942024
2.930008,-11.164917,-3.0843506,-4.2029715,0.64146733,3.2992883,-0.2738437,1.0310631,15.081465
3.4121704,-9.263809,-2.300705,-2.933735,1.2463093,1.5620522,0.700608,1.3918409,12.996012
2.8127594,-9.121445,-0.22132874,-1.4105835,1.6242368,-0.032324314,1.3190155,1.364533,10.82015
2.4394836,-10.626526,2.5016937,0.2488761,1.5339158,-1.399118,1.4892684,0.96585584,8.701404
1.360321,-12.08136,5.070389,2.1720805,1.4254112,-2.1364026,1.7356306,-0.049105883,6.92583
0.73698425,-12.3685,5.535797,2.5845184,1.3125036,-2.6957684,1.7170547,-0.043299675,6.240221
0.22372437,-13.357925,6.2033997,2.5581918,1.2887722,-2.9386587,1.7034554,0.11419392,6.074868
1.8963165,-14.807983,6.6831512,1.6650853,0.95488656,-2.9606667,1.1915704,0.73277473,6.5673504
1.7324066,-14.184647,6.1914215,0.96092844,0.28533745,-2.5030427,0.40365827,0.82711935,7.2722955
1.532608,-8.5950165,0.17826843,1.1869717,-0.45637703,-2.3029995,-0.2285299,0.3350737,7.207326
1.8448639,-6.0107727,-1.7060852,1.4312034,-0.76346886,-2.5129719,-0.42024,0.1269722,6.8480134
2.219345,-4.796417,-2.1846466,0.25279713,-0.7826153,-2.3902197,-0.77000254,0.9221444,7.582624
1.6163483,-4.7557373,-2.157135,-0.07849121,-0.80610406,-2.4106722,-0.90250707,1.1168339,7.7077284
0.7537384,-4.6325073,-2.0243225,-0.63973,-0.9553206,-2.1163797,-1.2146466,1.3273354,8.205473
-0.095718384,-4.566696,-1.8699951,-1.9814868,-0.49949408,-0.7524357,-1.3073399,1.7109351,10.13147
0.033493042,-4.80838,-2.009964,-2.9418268,-0.37232757,-0.03621006,-1.5619335,2.035143,11.294212
2.0602264,-5.5585327,-2.5244293,-4.784683,0.42943954,0.9832263,-1.5474669,2.9962912,13.366417
3.3882294,-6.550354,-2.3270264,-2.2403398,0.5983689,1.3432918,-0.2899143,0.98460627,12.28215
3.8548431,-8.630905,-1.9465637,-1.1914659,0.9291891,1.6735368,0.4874255,0.17516232,12.001062
3.4695892,-13.307678,-1.02771,0.00810957,2.1143267,2.5565152,2.122799,-0.836678,12.214949
1.7682953,-13.529022,-0.71784973,0.9418464,2.2620025,1.7873812,2.5439985,-1.0524945,11.078967
1.6319122,-11.879166,0.044265747,1.6214056,1.8484415,0.894207,2.3290675,-1.1881382,9.901875
-2.1654968,-13.643875,-2.3485565,2.022695,1.1231409,0.25419664,1.8127639,-1.2504668,9.053273
-2.0901337,-19.444077,-1.7048798,2.2786875,0.39625025,-0.0055327415,1.256727,-1.5104356,8.5865345
-0.4019928,-16.186249,2.843872,2.2203922,-0.1231159,-0.5488477,0.82761806,-1.2945657,8.107922
-1.5852509,-10.340576,2.445465,1.7149177,-0.45279884,-1.1592202,0.30370992,-0.7192302,7.83682
-1.3172455,-8.252838,1.257431,1.7806363,-0.95520616,-1.2427158,0.023547828,-0.95366335,7.634692
-0.21774292,-7.8149567,3.164505,1.904841,-1.1169448,-1.578845,0.015877664,-0.94896054,7.263432
-0.23449707,-4.6827545,2.778061,1.4754467,-0.7294731,-1.1128054,0.24149185,-0.73242736,7.9756284
-0.015548706,-4.557129,3.534195,-0.068982124,-0.12834382,0.033003807,-0.13537776,-0.060534477,9.824771
3.0245209,-3.8416748,3.8775635,-0.8620572,0.08098316,0.35363483,-0.5551466,0.32635498,10.484931
2.4502563,-10.136002,4.6372833,0.12034249,0.3440447,-2.2416868,0.051933646,1.3413849,7.9747114
0.7896271,-9.101105,4.241272,-0.11831212,-1.2018199,-1.304327,-0.88241816,-0.19646645,8.276168
0.42233276,-7.8233337,1.8233337,-1.2475061,-1.574692,1.3955564,0.33954144,2.147995,10.9266205
-0.5659027,-8.941971,-0.16630554,-1.8566301,-0.55715346,3.5153112,-1.5159242,-0.9105067,13.410517
-1.3615112,-11.637497,0.4175415,-2.3044343,0.8201623,2.729762,-0.95892465,0.80725,13.250994
2.1044922,-2.5220337,1.228714,-1.9038744,1.0927348,0.8583727,1.6461768,-0.2996236,11.466752
0.3481598,-5.8612213,2.0434723,-0.991719,0.69046545,-0.49900436,-0.28278077,1.2762218,9.830051
-2.0685883,-7.0983124,1.0420685,-0.07228851,0.13597107,-1.8621063,-0.07502657,0.8657484,8.152563
-0.8721771,-8.060226,-0.10887146,0.60365176,-0.41321135,-3.1142035,0.040202826,0.5267041,6.651596
1.529007,-8.901306,-2.2456665,0.9379673,-0.6785929,-3.9317255,0.20368403,0.38594556,5.7313232
4.278366,-10.33699,-5.441284,0.41053188,-0.9696832,-4.193039,-0.29977977,0.3348794,5.5068383
3.172882,-11.840881,-5.1924286,-0.004672408,-1.2893727,-4.12527,-0.6997045,0.1012907,5.54279
3.9924316,-13.878372,-3.1872406,-0.075045824,-1.8287156,-3.4218311,-0.8197018,-0.6923045,6.0773654
5.3443756,-12.118454,-1.696518,0.5131264,-1.3966441,-3.3314867,0.18510723,-0.5854956,6.2100334
5.09552,-10.5798645,-2.030304,0.9233621,-1.0420737,-3.3687983,0.7423452,-0.26480436,6.2477007
3.3044891,-11.30249,-0.44267273,1.1396176,0.22113061,-2.5498896,1.0594285,0.88231087,7.367655
2.2624207,-10.834702,3.4205475,0.17736642,0.5499072,-0.8550968,0.1529201,0.750129,9.114574
1.5062866,-10.41835,5.0895386,-0.606253,-0.5615883,-1.1882486,-0.64376605,-0.23461163,8.531746
0.01914978,-11.040482,4.5272217,-1.3421943,-1.3381612,0.8458128,-1.5017288,-1.3141072,10.377171
-1.8831482,-11.229523,3.2291107,-0.24224102,-0.69017696,2.1193676,-0.31668165,-1.1045476,11.73186
-2.499298,-11.477173,1.9226379,0.70471126,0.47676682,3.4346504,0.8519841,-0.2849797,13.229173
-2.5830536,-12.03949,0.77526855,1.1520021,2.2293215,4.711423,2.164826,0.8630245,14.609065
-1.4440613,-11.952148,-1.0576324,1.2971406,2.9177797,3.8220587,3.087613,0.5881268,13.669926
-0.43429565,-11.315659,-3.1669006,1.7863938,2.8345325,2.691618,3.356257,-0.80603546,12.367203
1.6773682,-9.438492,-4.8694,2.0840893,2.1469712,-0.34463978,2.8224607,-0.88805735,9.243835
1.434494,-7.5014954,-3.5569305,2.2310622,1.5311368,-1.4486465,-0.52569497,-2.4616487,8.050368
1.3674927,-6.9655,-3.0436707,2.1051865,1.3179678,-1.9506721,2.1579614,-0.52687395,7.5617495
0.46540833,-5.4843445,-2.1056824,1.5281281,0.5560204,-2.7427378,-0.038622856,-1.2081038,6.856067
0.36489868,-5.0117645,-1.0827484,2.1386337,-0.31554055,-2.757226,0.8824554,-0.9179208,6.542556
-0.16390991,-5.63031,-1.0899353,1.6963043,-0.88151586,-2.7075825,0.2025133,-0.8711952,6.6151733
-0.102890015,-5.6315155,-0.24526978,0.88728,-0.43923116,-2.761858,0.048386574,-0.08114438,6.8742237
0.41993713,-6.2404785,0.03111267,1.1714926,0.0680995,-3.625679,0.6057742,0.56011724,6.0861816
1.3339996,-7.410568,-2.251648,0.8335748,0.040939093,-3.3459797,0.3897105,0.7810273,6.4704514
1.9573364,-9.6514435,-5.77507,-0.23151565,-0.19260192,-1.264226,-0.39630854,0.5138643,8.680662
2.3976135,-10.553543,-8.986252,-0.42193365,-0.25577712,-0.7009611,-0.5458775,0.35870218,9.251541
2.3976135,-10.553543,-8.986252,0.18759489,0.062126637,-0.94866943,0.09592199,0.37803984,8.919571
2.3976135,-10.553543,-8.986252,-0.79661655,-0.3673494,-0.48162842,-0.89305526,0.37445164,9.554169
2.3976135,-10.553543,-8.986252,-1.0479369,-0.7277498,1.8620539,-1.0882359,-0.8166914,11.607705
2.3976135,-10.553543,-8.986252,-1.2646742,-0.13310623,2.3222485,-0.7838066,-0.33689117,12.313065
2.3976135,-10.553543,-8.986252,-2.4321487,1.2363925,2.2667007,-0.47699744,1.3251157,13.062183
2.3976135,-10.553543,-8.986252,-1.9057596,1.3874443,1.2045412,0.010570109,1.5457568,11.955689
2.3976135,-10.553543,-8.986252,-1.0819745,1.2156079,0.853673,0.40929598,1.0279899,11.273907
2.3976135,-10.553543,-8.986252,-0.12840939,0.9775994,0.07196903,0.72319883,0.5914254,10.130021
2.3976135,-10.553543,-8.986252,0.1883645,1.0194764,-1.2683802,0.68031144,-1.1080719,8.810179
2.3976135,-10.553543,-8.986252,0.6880522,0.6184304,-1.8668203,0.7587411,0.6728928,7.9866457
2.3976135,-10.553543,-8.986252,0.93372345,0.34463048,-2.0891552,0.6691,0.43302178,7.634101
2.3976135,-10.553543,-8.986252,1.7549496,-0.38269997,-2.7103033,0.562873,-0.2928393,6.617689
2.3976135,-10.553543,-8.986252,2.3613858,-0.64265394,-3.3671503,0.73395544,-0.56254554,5.7481165
2.3976135,-10.553543,-8.986252,2.3231368,-0.7178271,-4.1527424,0.61885315,-0.22678208,5.0397744
2.3976135,-10.553543,-8.986252,2.3231368,-0.7178271,-4.1527424,0.61885315,-0.22678208,5.0397744
2.3976135,-10.553543,-8.986252,2.3231368,-0.7178271,-4.1527424,0.61885315,-0.22678208,5.0397744
2.3976135,-10.553543,-8.986252,2.3231368,-0.7178271,-4.1527424,0.61885315,-0.22678208,5.0397744
2.3976135,-10.553543,-8.986252,2.3231368,-0.7178271,-4.1527424,0.61885315,-0.22678208,5.0397744
2.3976135,-10.553543,-8.986252,-1.0345113,0.27517247,-3.931075,2.8996513,0.1952675,6.9512725
2.3976135,-10.553543,-8.986252,-1.0345113,0.27517247,-3.931075,2.8996513,0.1952675,6.9512725
2.3976135,-10.553543,-8.986252,-3.3064485,0.97376394,1.9923034,-2.1020617,0.6522436,13.124182
2.3976135,-10.553543,-8.986252,-2.490025,1.3008032,2.469788,-1.087366,0.3467145,13.3688965
2.3976135,-10.553543,-8.986252,-3.703549,4.105288,2.6409736,-0.40266693,2.5713844,15.353746
2.3976135,-10.553543,-8.986252,-2.6903887,3.9309525,3.6850195,0.66465616,1.4576049,15.612127
2.3976135,-10.553543,-8.986252,0.22590303,3.986277,4.299984,3.276517,0.22106647,14.669455
0.73220825,-10.862213,2.5244293,1.7041116,3.4879735,4.0281534,4.106274,-0.5683403,13.563175
0.6999054,-10.6336975,3.0269165,3.2978177,2.0669787,3.194538,4.188243,-1.962378,11.796818
0.6999054,-10.6336975,3.0269165,2.743803,1.2261679,-1.0681896,2.6942751,-0.31384182,8.128749
0.6999054,-10.6336975,3.0269165,2.6543581,2.0406353,0.15589046,3.3313105,-0.24840426,9.533202
0.6999054,-10.6336975,3.0269165,2.355167,2.7862728,-2.3610077,3.3897674,1.4741623,7.5217414
0.6999054,-10.6336975,3.0269165,-0.21688771,3.1698895,-2.9163399,1.2749915,3.6163967,7.832733
0.6999054,-10.6336975,3.0269165,0.24159908,2.425117,-4.4805813,1.1441562,3.346999,6.131915
0.6999054,-10.6336975,3.0269165,0.7439816,-0.39080143,-5.3972416,0.013638973,1.2588633,4.4914336
0.6999054,-10.6336975,3.0269165,1.4262655,-1.1300628,-7.0278664,1.0162718,-0.7820665,2.66118
0.6999054,-10.6336975,3.0269165,2.5474997,-1.7693343,-7.275861,0.99941087,0.6708478,1.989388
0.6999054,-10.6336975,3.0269165,1.4134449,-2.971556,-6.321986,0.003845185,-0.40818995,2.691255
0.6999054,-10.6336975,3.0269165,5.197397,-2.882566,-1.214345,5.044425,-1.789457,6.9521136
0.6999054,-10.6336975,3.0269165,4.3793845,-2.151458,-2.4193983,4.2038736,-0.44861042,6.3733625
0.6999054,-10.6336975,3.0269165,7.5908,-1.7668378,1.9614267,7.960861,-0.8402684,10.519245
0.6999054,-10.6336975,3.0269165,3.243838,-5.7748966,2.4557457,-6.4315042,2.9105484,10.065613
0.6999054,-10.6336975,3.0269165,0.7568623,-6.158887,5.4986515,5.3538556,-5.5236497,12.899452
0.6999054,-10.6336975,3.0269165,0.99188924,-4.968834,4.2770157,5.298908,-3.0630863,12.357161
0.6999054,-10.6336975,3.0269165,2.2892778,-3.4777417,1.9211359,4.3824234,-0.23602772,11.135148
0.6999054,-10.6336975,3.0269165,0.86504316,-1.5019112,0.17083073,1.6797985,0.4513259,9.894983
0.6999054,-10.6336975,3.0269165,0.75871706,-1.735806,0.9267645,-1.68445,1.0780909,10.475915
0.6999054,-10.6336975,3.0269165,2.0702715,-1.8186705,2.1729965,2.499189,0.6545315,12.181761
0.6999054,-10.6336975,3.0269165,2.0702715,-1.8186705,2.5761795,2.5832076,0.44964743,12.518688
0.6999054,-10.6336975,3.0269165,4.7978187,-2.3275537,1.2652426,-4.2180977,-0.6346841,13.247906
0.6999054,-10.6336975,3.0269165,5.407371,-1.1706547,0.22035837,-0.11393905,3.978507,13.655957
0.6999054,-10.6336975,3.0269165,7.3351693,-1.9827372,-2.12999,-1.0581049,6.8917418,13.502204
0.6999054,-10.6336975,3.0269165,10.961189,-0.1557884,-2.996121,-5.1178465,7.9043093,16.1689
0.6999054,-10.6336975,3.0269165,12.232466,2.1449883,-5.989764,-9.132627,8.725954,15.33515
0.6999054,-10.6336975,3.0269165,10.220531,5.5110836,-8.204739,-12.561533,6.0038905,12.689409
0.6999054,-10.6336975,3.0269165,10.293534,7.831563,-8.175974,9.389785,-11.738428,12.666376
0.6999054,-10.6336975,3.0269165,7.565941,5.1877117,-4.1532254,-9.514766,0.6368124,13.042208
0.6999054,-10.6336975,3.0269165,6.2554255,3.3567998,-2.5716715,5.8771057,-3.346502,13.164107
0.6999054,-10.6336975,3.0269165,4.775365,-0.018740416,-0.95754004,2.3561552,-2.1124792,13.508988
0.6999054,-10.6336975,3.0269165,3.3472948,-2.2479432,-1.3222938,-1.3843269,2.7370005,12.738981
0.6999054,-10.6336975,3.0269165,1.638649,-3.8148823,-1.5017903,-0.7342917,-4.0068164,11.509622
0.6999054,-10.6336975,3.0269165,-3.1476984,-13.917223,-3.7203505,5.9560375,13.39907,8.248232
0.6999054,-10.6336975,3.0269165,-5.5819063,-12.952023,-2.949641,7.0673623,11.869162,5.709292
0.6999054,-10.6336975,3.0269165,-3.7834396,-9.738323,-4.2504964,3.5940018,10.111349,6.333923
0.6999054,-10.6336975,3.0269165,-0.064600945,-5.9201703,-6.357299,-1.4498942,8.45472,8.43428
0.6999054,-10.6336975,3.0269165,-3.305317,1.7118722,-6.5303664,4.2953014,-2.463212,4.151185
0.6999054,-10.6336975,3.0269165,-3.2526894,0.76055884,-5.726263,-3.3805766,2.5683577,4.7151117
0.6999054,-10.6336975,3.0269165,-3.9597712,0.37582064,-2.0049925,-0.3270194,0.52380097,5.395333
0.6999054,-10.6336975,3.0269165,-3.8345594,-0.6061239,-0.4090116,-1.3409802,-0.28381896,6.1515527
0.6999054,-10.6336975,3.0269165,-3.587757,-0.8264028,0.3112347,1.8558183,0.16302228,6.6158557
0.6999054,-10.6336975,3.0269165,-1.4164181,-0.89627576,-0.19041085,0.818977,0.73092353,8.525701
0.6999054,-10.6336975,3.0269165,-0.66597843,-1.5263972,-1.5633826,-0.08934721,2.1441338,9.024161
0.6999054,-10.6336975,3.0269165,-0.6789694,0.5815642,-4.166979,-3.4076807,2.096782,8.33895
0.6999054,-10.6336975,3.0269165,-0.2884903,0.44798183,-1.602843,-1.4861361,0.6302353,9.309435
0.6999054,-10.6336975,3.0269165,4.5948257,-0.62433344,3.1344347,2.3658152,-1.5659117,14.631351
0.6999054,-10.6336975,3.0269165,4.9366655,-2.9299607,6.6219873,6.8036413,-2.0867805,14.921517
0.6999054,-10.6336975,3.0269165,4.706197,-4.793581,8.735211,9.7240305,-1.8901367,14.633787
0.6999054,-10.6336975,3.0269165,4.4689407,-4.7850556,6.8474927,8.222356,-0.65453553,14.467207
0.6999054,-10.6336975,3.0269165,4.162924,-5.111205,5.2114205,7.0190735,0.7714772,14.361944
0.6999054,-10.6336975,3.0269165,3.078453,-6.7489705,2.2831502,-6.142945,-3.252771,13.25947
0.6999054,-10.6336975,3.0269165,1.9209156,-6.947837,1.8144629,-6.0687475,-3.61578,12.119886
0.6999054,-10.6336975,3.0269165,0.06567192,-5.703319,1.1946192,4.3123274,3.8924615,10.266921
-0.76091003,-4.8598175,-0.501297,-2.3457136,-3.9433825,2.1481657,4.3293133,1.8977115,7.9837413
-0.39482117,-5.4185486,0.67477417,-2.9746962,-2.5942342,0.33592832,2.1615465,1.908849,7.090821
1.134201,-5.97847,-0.25723267,-3.5156088,-3.5727353,-0.8599616,1.7591579,3.4384794,6.498222
1.9465637,-6.82193,-2.0626068,-3.409752,-2.7854614,-1.3898509,0.8487616,3.113001,6.50427
2.6656036,-10.62413,-7.0361023,-1.3537273,-1.504358,-1.1325511,0.050009787,1.8922225,8.466749
-0.5048828,-10.533203,-4.6456604,-0.8741665,-1.7522659,-1.0066401,0.18879074,2.039213,8.998011
-0.5096741,-11.068008,-1.4309082,-0.07530117,-2.070903,-0.98481834,0.16403013,2.2883306,9.835223
-1.4440613,-12.644867,-0.55274963,-2.6018114,0.5883033,0.060477138,0.4210322,-0.45272768,7.211087
-1.0959167,-13.837692,-2.1343994,-2.7975597,0.14298224,1.6816039,2.1117992,-0.72205526,7.420541
-1.4584198,-13.871185,-1.7563324,-2.1696033,-0.345294,1.4176123,1.9782428,-0.057768226,8.098067
-2.9001007,-12.489334,1.5637054,0.042201996,-2.2476878,-0.47011042,0.34324598,2.197416,10.379743
-3.1214447,-9.536591,2.054245,2.4547367,-3.1907601,-1.6153288,-0.12909956,-3.1737635,12.760719
-1.7671051,-9.077179,1.1006927,2.8477592,-2.9678726,-0.14755833,-0.073794484,2.0224557,13.390505
-0.4127655,-10.549957,0.9882355,0.64573,-2.0352163,0.9523251,1.3144119,1.3340185,11.206193
0.49172974,-11.660217,4.1850433,-0.36594105,-1.6595387,1.1059432,1.5791501,1.2291417,10.133126
0.62213135,-10.91246,4.758133,-0.5663481,-2.5358357,1.2291422,-2.5925057,-1.1631243,10.240306
1.4584198,-9.041275,2.5627136,0.4125824,-3.0077813,1.9059169,2.5345201,1.9969302,11.368052
1.3914337,-8.510071,0.6352997,1.5500479,-1.9146011,2.5156846,2.6827228,0.46495658,12.039101
1.0217285,-7.367508,-0.15074158,0.8581276,-1.5907047,3.9028943,4.071822,0.0066918135,11.192121
0.28234863,-6.3840485,-0.24047852,-3.3163338,-1.8024011,6.5104456,6.9967856,1.2710689,7.3445354
0.42712402,-5.922241,-0.4857483,-4.34301,-2.1628804,5.5218005,6.16362,2.4433818,6.6333632
0.97387695,-5.5585327,-0.90927124,-3.3591366,-2.062358,4.786575,-5.7756658,0.69626975,7.660651
1.3387909,-5.7690887,-1.3722839,-1.5351782,-0.8977771,3.4104645,3.5397027,1.0334721,8.712811
1.9322052,-7.578064,-1.450058,-2.7941341,-0.20426655,3.120975,2.9927063,1.4296892,7.239727
2.0374908,-7.8675995,-1.6642151,-3.9376302,0.1910305,2.5998962,2.2078185,2.071092,6.1821504
1.910675,-8.878571,-2.2755737,-4.8434567,0.9449916,1.8285663,1.0503072,2.4279375,5.257177
2.7182465,-10.587036,-4.2065887,-5.1808834,1.78193,0.905704,-1.6780055,-1.9471052,4.884231
3.049652,-10.76651,-3.8847504,-4.26422,3.3459249,-0.9860542,-1.9870503,0.8468898,4.7385635
2.8654022,-11.246262,-3.8153534,-2.7815228,5.277379,0.23004389,-0.60150874,-0.50373256,3.8884618
3.3894348,-12.904495,-0.7621155,-2.5882006,4.72746,3.2961583,1.8614671,1.2094679,3.8918853
3.879959,-12.4702,-0.47018433,-2.3364916,4.4615126,2.6581178,0.68699294,1.4718945,4.348496
1.3016968,-12.312271,-0.08494568,0.11546767,1.3398056,-0.2542925,0.6921537,0.22348088,8.647316
-0.037094116,-11.123032,1.9513397,0.4925492,-14.914611,2.1590204,5.09996,5.1358113,23.034025
0.40318298,-11.481964,4.445862,-4.992957,-13.559188,7.3328867,4.552681,11.633261,20.126183
0.3672943,-11.425735,4.6731873,-4.831484,-4.38945,1.6238155,-1.3664792,5.1124024,13.959161
-0.28234863,-10.916061,4.2759705,-4.334653,2.537384,-2.430309,2.870514,-4.7278123,9.070524
-1.8149567,-11.509476,3.9481506,-4.2074943,5.033183,0.35705423,-4.7864323,2.1308649,5.8426986
-2.5005035,-11.918655,3.5892334,-1.8279471,1.9754171,2.4499846,-0.80694747,2.6480494,7.443864
-1.910675,-11.7344055,1.4033966,-0.7725345,0.11507797,1.7542157,0.29254425,1.7942758,9.188333
0.12802124,-10.437485,-2.3497467,-0.06527436,-0.57897854,1.4608564,-1.5724132,-0.032227427,9.799061
1.4189453,-9.346359,-3.7507477,0.069770455,-1.0038414,2.1318812,1.4950116,1.8197519,9.911188
1.5625153,-6.744171,-1.9034882,-0.76572573,-1.3647709,3.7655337,-4.0236087,-0.661887,9.781101
0.71784973,-5.6111755,-1.5613098,-2.2301123,-2.3852901,5.4864883,-6.002305,-2.119821,10.299864
-0.43190002,-4.9076843,-1.4536438,-2.2423656,2.2922258,6.92458,0.8317423,6.203835,5.441682
-0.95832825,-4.8586273,-0.8279114,-1.0660292,1.799839,6.1658654,1.6100123,4.9972177,5.9557524
-0.7537384,-4.9543457,-0.0993042,-0.115557075,-0.25948906,5.2400794,-4.930929,-0.49669048,8.080857
-0.4247284,-5.5334015,0.03111267,6.9059935,-3.4138231,6.020235,9.694667,1.2415462,9.557303
0.056228638,-6.3840485,-1.0480499,2.2195942,-4.3710985,11.070295,8.901817,8.199556,9.475752
1.9058838,-9.221939,-3.8656006,-1.1233373,-2.6432867,7.4427977,4.0319114,6.883872,9.815906
2.8749695,-10.421936,-5.83609,-0.3997121,0.22361565,3.4397578,1.4376986,2.8716073,8.491887
1.6307068,-11.113464,-4.1766663,-1.2834945,2.2704306,-0.1557262,0.91798925,-1.7468084,8.09422
-0.48214722,-12.896118,-2.774475,0.28187394,0.24492931,1.2011561,-1.0407168,0.1445769,9.115113
-1.2933197,-13.213165,-2.745758,0.24081397,0.60604477,3.6246228,1.7948476,2.6693,8.013182
-0.77049255,-12.2034,-3.6071777,-1.2680471,-0.33753014,2.9087744,0.5601613,3.125309,9.488058
-0.20698547,-12.960724,0.015548706,-1.6909761,-0.107439995,1.960787,-0.3333611,2.5677328,9.700588
-1.3232269,-12.43071,1.9441681,-1.3437893,1.2763472,1.3430102,-0.8591189,1.702901,8.541521
-3.0029907,-10.077377,4.639679,-1.7412882,1.2544184,1.0692358,-1.3078327,1.702395,8.738783
-1.9322052,-10.236496,2.5830536,-0.672585,0.09889126,1.6107697,0.18388557,1.6890855,9.394454
-0.7082825,-10.939987,0.82432556,-0.101803064,0.5816498,1.2513902,0.28409916,1.0051358,8.8991
-0.19262695,-11.188843,3.0293121,1.3364816,2.1368523,-1.7195599,-0.48634624,-2.5134044,8.14669
0.2033844,-10.065414,4.975876,1.0290732,1.7446346,-1.2963464,-0.39357758,-1.9521536,8.458524
0.9296112,-9.114258,3.4671936,0.8064079,1.0788145,2.842907,-2.2663171,-0.057927698,7.625662
1.0372925,-8.934799,1.5852509,1.6597617,2.6290379,4.822526,2.4662151,2.609791,5.3311405
0.53359985,-8.108078,-0.23568726,1.9305034,4.435131,6.5115004,2.7847195,3.560744,3.0714214
0.16270447,-6.9678955,-1.3471527,4.8681245,4.1809006,3.7144153,-2.8666267,3.3744206,3.859282
0.098098755,-5.6566315,-1.956131,4.6807384,4.5044155,4.2095394,4.511526,0.055633485,3.5167906
0.76091003,-4.956726,-2.219345,3.8947186,4.9516726,3.3615072,3.4261038,-0.5416266,3.56517
1.5122681,-5.50589,-2.629715,2.2661564,4.5244627,1.5243795,1.3612211,-1.2849662,4.864394
1.6342926,-7.289734,-1.9286194,0.5113221,-1.6079426,1.3811073,1.5095758,1.3368874,10.636288
1.0205383,-7.8999023,-0.99780273,0.13490033,-4.878151,2.4948092,2.7097063,3.5499163,12.983787
1.3268127,-8.233704,-1.002594,0.34325433,-11.624096,4.7278066,6.310501,7.911866,17.234274
2.5387878,-10.310669,-2.148758,-1.6645525,-8.091042,3.259241,-5.7192607,-4.34277,15.03051
3.4456635,-10.528412,-2.2959137,-3.16414,-6.259133,2.2439432,0.6612817,5.8698063,14.203454
2.6811523,-11.255844,-2.0985107,-6.27704,-2.9052057,-0.2863989,-4.1485505,4.1000147,13.535305
2.848648,-12.046661,-1.8675995,-2.6783285,-0.3863697,1.7594476,0.0035290718,-3.2243223,9.657948
3.907486,-11.496323,-2.054245,-0.027837992,0.7396951,2.2455482,-0.9903786,-1.057521,7.9381723
3.6430664,-11.040482,-1.4775696,0.1262734,3.1272879,1.8752084,-0.6686199,0.008857489,6.2198486
1.421341,-9.665802,1.9142609,-0.72648716,1.2119756,2.0511937,-0.45107877,1.3554199,7.7662015
1.0947113,-11.107483,7.0301056,-0.3214394,0.2716961,1.2475753,0.044864416,0.96893716,8.916295
0.928421,-12.294327,7.618744,1.3577428,-0.6687565,-0.7640786,1.1140904,-1.0020843,10.599838
1.0528412,-13.160522,6.283554,2.7555425,1.0866251,-0.761899,1.629544,-2.4427176,8.951095
-0.89372253,-14.554337,3.591629,1.8429836,2.688527,0.33253765,0.7731472,-1.7056904,7.118117
-1.3710938,-14.970688,2.7768707,1.3950245,3.5176773,1.5159922,0.64687157,-0.85037804,5.872595
-0.48095703,-13.399811,-2.967102,0.9753107,4.71319,6.709408,-3.3105972,-1.229132,2.3426883
0.80996704,-11.041687,-3.3224335,0.13169414,4.6368246,7.413328,1.7907937,3.6900802,2.083226
1.524231,-8.865402,-2.0219421,-1.0035884,2.7554235,7.385706,1.5733364,4.9023366,3.7535586
-0.5395813,-4.6636047,-0.09451294,-1.306918,4.990185,1.4501317,-0.013114236,-1.1058385,4.5635777
-0.92481995,-4.360916,0.44267273,-1.6041071,5.276127,2.1268232,0.0,0.0,0.0
-0.89372253,-5.0309143,0.34457397,-1.447624,4.591014,2.1562262,0.0,0.0,0.0
-0.4630127,-5.4388885,-0.1878357,-0.8886194,4.187351,1.6355535,0.0,0.0,0.0
0.99661255,-6.221344,-2.300705,0.63267756,3.411131,-0.49699438,0.0,0.0,0.0
2.5387878,-8.477768,-3.7710876,2.2095337,1.1518974,-1.9458405,0.0,0.0,0.0
2.9682922,-9.253052,-3.9373932,2.642515,0.3699665,-2.0768085,0.0,0.0,0.0
2.7936249,-11.090729,-4.2759705,2.4649267,-1.4663029,-2.4231958,0.0,0.0,0.0
2.244461,-12.216553,-3.6215363,1.8920678,-2.5796995,-1.8390495,0.0,0.0,0.0
1.6725769,-11.515457,-3.7866364,1.3113678,-1.8770294,-2.014452,0.0,0.0,0.0
2.4346924,-13.677368,-2.2014008,2.05683,-4.052869,-0.35840738,0.0,0.0,0.0
1.6450653,-14.066208,5.251053,1.1947998,-4.4904976,7.3182764,0.0,0.0,0.0
-1.2789612,-10.80719,6.406784,-1.8580706,-1.2947845,8.719612,0.0,0.0,0.0
-0.5850525,-11.757141,3.4851532,-1.3381025,-2.249507,5.7673006,0.0,0.0,0.0
1.0289154,-11.416153,1.578064,0.21440196,-1.8598814,3.6237001,0.0,0.0,0.0
1.3770752,-10.613358,2.7385864,0.47741175,-1.0395555,4.662983,0.0,0.0,0.0
0.82073975,-9.284149,4.4901276,-0.20916927,0.2858219,6.36771,0.0,0.0,0.0
0.09211731,-9.016159,4.1312103,-1.0342034,0.5564232,5.9388237,0.0,0.0,0.0
-0.4295044,-8.861816,0.89372253,-1.5037367,0.7379856,2.5849416,0.0,0.0,0.0
0.2596283,-8.779266,-2.371292,-0.6407304,0.8864584,-0.9807886,0.0,0.0,0.0
1.6438751,-7.3531494,-3.6765747,0.852317,2.3625727,-2.6048577,0.0,0.0,0.0
2.7158508,-5.4723816,-4.5056915,1.9714463,4.2766943,-3.7495422,0.0,0.0,0.0
2.8211365,-5.2342987,-5.1385803,2.0499578,4.535532,-4.783503,0.0,0.0,0.0
1.5601196,-6.34935,-3.5389862,0.7324572,3.4202824,-3.339841,0.0,0.0,0.0
1.1282196,-6.4319,-2.650055,0.2007643,3.3294582,-2.4884717,0.0,0.0,0.0
0.90089417,-7.451248,-1.2227325,-0.075397134,2.304842,-1.033156,0.0,0.0,0.0
1.7084808,-9.183655,-0.15672302,0.715064,0.5704355,0.046348646,0.0,0.0,0.0
2.0087738,-10.144379,-0.53001404,0.9035295,-0.40300083,-0.2968315,0.0,0.0,0.0
1.606781,-11.472382,-2.1128693,0.45651007,-1.7350998,-1.9322977,0.0,0.0,0.0
4.523636,-11.827728,-4.7677,3.3692691,-2.0895357,-4.6939945,0.0,0.0,0.0
6.4342957,-11.724838,-5.0739746,5.3000765,-1.9842968,-4.9979057,0.0,0.0,0.0
2.5758667,-11.2043915,-0.38523865,1.4408654,-1.4655619,-0.19194202,0.0,0.0,0.0
2.2121582,-11.472382,3.2853394,1.0613388,-1.7516251,3.8793936,0.0,0.0,0.0
1.4895325,-12.953552,5.5202484,0.30895603,-3.2627468,6.450255,0.0,0.0,0.0
-0.22612,-13.337601,6.945175,-1.4741234,-3.70675,8.308843,0.0,0.0,0.0
-1.9429779,-13.255035,5.75235,-3.2002287,-3.6469946,7.260748,0.0,0.0,0.0
-4.0713806,-13.836502,2.4610138,-5.3005333,-4.230893,4.0075755,0.0,0.0,0.0
-3.994812,-13.713272,1.503891,-5.0744433,-4.0813417,2.9974456,0.0,0.0,0.0
-0.047851563,-11.905487,-3.3104706,-1.0024974,-2.24817,-1.8979343,0.0,0.0,0.0
2.6955109,-10.222137,-4.8717804,1.9021289,-0.5342245,-3.5736003,0.0,0.0,0.0
2.9898376,-8.1918335,-3.4588318,2.425049,1.5170565,-2.1983347,0.0,0.0,0.0
2.7146606,-5.58963,-2.2564392,2.3557758,4.106491,-0.83276963,0.0,0.0,0.0
1.0911255,-4.421936,-1.4955139,0.81861347,5.253585,0.07942116,0.0,0.0,0.0
0.17945862,-4.45903,-1.6929169,-0.023679197,5.1912613,0.03941822,0.0,0.0,0.0
-1.5445709,-4.208969,-1.2741852,-1.6272568,5.3955116,0.7050811,0.0,0.0,0.0
-1.4225311,-4.5355988,-0.5168457,-1.424356,5.0450945,1.5761695,0.0,0.0,0.0
-0.55992126,-4.8849487,-1.0121613,-0.45685285,4.69049,1.1022518,0.0,0.0,0.0
0.94636536,-6.217743,-1.9992065,1.0912864,3.3786383,0.015449524,0.0,0.0,0.0
3.707672,-8.830719,-5.1996,3.874798,0.7937479,-3.3255434,0.0,0.0,0.0
3.4217377,-11.016556,-5.188843,3.5883794,-1.3737926,-3.4112802,0.0,0.0,0.0
2.8989105,-12.600601,-3.8931274,2.9954631,-2.9461489,-2.174811,0.0,0.0,0.0
1.3220367,-13.152145,-2.7649078,1.3258592,-3.4911203,-1.0811744,0.0,0.0,0.0
0.0023956299,-11.19841,-4.344162,-0.10727681,-1.5208187,-2.76221,0.0,0.0,0.0
0.3409729,-9.775879,-3.5617218,0.14265785,-0.0898571,-2.0411816,0.0,0.0,0.0
-0.5790558,-9.008972,3.600006,-0.903319,0.6660156,5.168401,0.0,0.0,0.0
-2.1834564,-10.642075,5.0608215,-2.7878532,-1.0084867,6.7926044,0.0,0.0,0.0
-5.065613,-14.934799,6.3062897,-5.7891235,-5.315051,8.069059,0.0,0.0,0.0
-2.6990967,-13.274185,4.3836517,-3.40286,-3.6287413,6.008615,0.0,0.0,0.0
-0.9786682,-12.835098,1.9920197,-1.6794783,-3.1590023,3.4246464,0.0,0.0,0.0
0.43310547,-12.3685,0.97268677,-0.35660237,-2.6853418,2.30805,0.0,0.0,0.0
0.45822144,-10.363312,2.3569336,-0.5108388,-0.7114849,3.7969143,0.0,0.0,0.0
0.008377075,-8.177475,1.4644012,-0.9908972,1.4701176,2.912086,0.0,0.0,0.0
0.3146515,-8.616547,-1.1521454,-0.66570574,1.0620756,0.0862242,0.0,0.0,0.0
0.91285706,-6.417557,-3.611969,-0.045844436,3.3048944,-2.760369,0.0,0.0,0.0
1.3974152,-6.394821,-3.6478577,0.43109155,3.3404446,-2.9687436,0.0,0.0,0.0
1.2047882,-5.387436,-3.9756775,0.19199884,4.3515673,-3.4312048,0.0,0.0,0.0
1.0899353,-5.3599243,-3.4157562,-0.0110737085,4.379424,-3.0943992,0.0,0.0,0.0
0.98942566,-5.9617157,-2.9838562,-0.15900719,3.7749252,-2.7617779,0.0,0.0,0.0
0.6017914,-7.4763794,-2.428711,-0.5879235,2.2561407,-2.2470026,0.0,0.0,0.0
0.6927185,-8.883347,-2.4011993,-0.5426761,0.8441496,-2.259763,0.0,0.0,0.0
1.5840454,-10.872986,-2.3150635,0.33587754,-1.1468859,-2.1907547,0.0,0.0,0.0
1.6594238,-12.153152,-1.5696869,0.41532564,-2.4270315,-1.411038,0.0,0.0,0.0
3.0939178,-12.829117,-1.7826538,1.88358,-3.0994806,-1.5835321,0.0,0.0,0.0
4.0797577,-12.972687,-1.853241,2.9139552,-3.238408,-1.618475,0.0,0.0,0.0
2.5387878,-13.27298,-0.24287415,1.4117508,-3.5375137,0.10479385,0.0,0.0,0.0
-1.0289154,-12.167496,1.5553284,-2.153555,-2.4383125,2.0539005,0.0,0.0,0.0
-1.0301056,-10.749756,2.5878448,-2.1350307,-1.0304375,3.2838132,0.0,0.0,0.0
-0.8913269,-10.341782,3.7375946,-1.9351362,-0.6342964,4.6571503,0.0,0.0,0.0
-3.144165,-11.180466,3.4851532,-4.1375346,-1.4763155,4.4916635,0.0,0.0,0.0
-3.144165,-11.180466,3.4851532,-4.1375346,-1.4763155,4.4916635,0.0,0.0,0.0
-3.144165,-11.180466,3.4851532,-4.1151023,-1.4752703,4.503412,0.0,0.0,0.0
-3.144165,-11.180466,3.4851532,-4.1151023,-1.4752703,4.503412,0.0,0.0,0.0
-3.144165,-11.180466,3.4851532,-4.1151023,-1.4752703,4.503412,0.0,0.0,0.0
-3.144165,-11.180466,3.4851532,-4.1151023,-1.4752703,4.503412,0.0,0.0,0.0
-3.144165,-11.180466,3.4851532,-4.1151023,-1.4752703,4.503412,0.0,0.0,0.0
-3.144165,-11.180466,3.4851532,-4.1151023,-1.4752703,4.503412,0.0,0.0,0.0
-3.144165,-11.180466,3.4851532,-4.1151023,-1.4752703,4.503412,0.0,0.0,0.0
-3.144165,-11.180466,3.4851532,-4.1151023,-1.4752703,4.503412,0.0,0.0,0.0
-3.144165,-11.180466,3.4851532,-4.1151023,-1.4752703,4.503412,0.0,0.0,0.0
-3.144165,-11.180466,3.4851532,-4.1151023,-1.4752703,4.503412,0.0,0.0,0.0
-3.144165,-11.180466,3.4851532,-4.1151023,-1.4752703,4.503412,0.0,0.0,0.0
-3.144165,-11.180466,3.4851532,-4.1151023,-1.4752703,4.503412,0.0,0.0,0.0
-3.144165,-11.180466,3.4851532,-4.1151023,-1.4752703,4.503412,0.0,0.0,0.0
-3.144165,-11.180466,3.4851532,-4.1151023,-1.4752703,4.503412,0.0,0.0,0.0
-3.144165,-11.180466,3.4851532,-4.1151023,-1.4752703,4.503412,0.0,0.0,0.0
-3.144165,-11.180466,3.4851532,-4.1151023,-1.4752703,4.503412,0.0,0.0,0.0
-3.144165,-11.180466,3.4851532,-4.1151023,-1.4752703,4.503412,0.0,0.0,0.0
-3.144165,-11.180466,3.4851532,-4.1151023,-1.4752703,4.503412,0.0,0.0,0.0
-3.144165,-11.180466,3.4851532,-4.1151023,-1.4752703,4.503412,0.0,0.0,0.0
-3.144165,-11.180466,3.4851532,-4.1151023,-1.4752703,4.503412,0.0,0.0,0.0
-3.144165,-11.180466,3.4851532,-4.1151023,-1.4752703,4.503412,0.0,0.0,0.0
-3.144165,-11.180466,3.4851532,-4.1151023,-1.4752703,4.503412,0.0,0.0,0.0
-3.144165,-11.180466,3.4851532,-4.1151023,-1.4752703,4.503412,0.0,0.0,0.0
-3.144165,-11.180466,3.4851532,-4.1151023,-1.4752703,4.503412,0.0,0.0,0.0
-3.144165,-11.180466,3.4851532,-4.1151023,-1.4752703,4.503412,0.0,0.0,0.0
-3.144165,-11.180466,3.4851532,-4.1151023,-1.4752703,4.503412,0.0,0.0,0.0
-3.144165,-11.180466,3.4851532,-4.1151023,-1.4752703,4.503412,0.0,0.0,0.0
-3.144165,-11.180466,3.4851532,-4.1151023,-1.4752703,4.503412,0.0,0.0,0.0
-3.144165,-11.180466,3.4851532,-4.1151023,-1.4752703,4.503412,0.0,0.0,0.0
-3.144165,-11.180466,3.4851532,-4.1151023,-1.4752703,4.503412,0.0,0.0,0.0
-3.144165,-11.180466,3.4851532,-4.1151023,-1.4752703,4.503412,0.0,0.0,0.0
-3.144165,-11.180466,3.4851532,-4.1151023,-1.4752703,4.503412,0.0,0.0,0.0
-3.144165,-11.180466,3.4851532,-4.1151023,-1.4752703,4.503412,0.0,0.0,0.0
-3.144165,-11.180466,3.4851532,-4.1151023,-1.4752703,4.503412,0.0,0.0,0.0
-3.144165,-11.180466,3.4851532,-4.1151023,-1.4752703,4.503412,0.0,0.0,0.0
-3.144165,-11.180466,3.4851532,-4.1151023,-1.4752703,4.503412,0.0,0.0,0.0
-3.144165,-11.180466,3.4851532,-4.1151023,-1.4752703,4.503412,0.0,0.0,0.0
-3.144165,-11.180466,3.4851532,-4.1151023,-1.4752703,4.503412,0.0,0.0,0.0
-3.144165,-11.180466,3.4851532,-4.1151023,-1.4752703,4.503412,0.0,0.0,0.0
-3.144165,-11.180466,3.4851532,-4.1151023,-1.4752703,4.503412,0.0,0.0,0.0
-3.144165,-11.180466,3.4851532,-4.1151023,-1.4752703,4.503412,0.0,0.0,0.0
-3.144165,-11.180466,3.4851532,-4.1151023,-1.4752703,4.503412,0.0,0.0,0.0
-3.144165,-11.180466,3.4851532,-4.1151023,-1.4752703,4.503412,0.0,0.0,0.0
-3.144165,-11.180466,3.4851532,-4.1151023,-1.4752703,4.503412,0.0,0.0,0.0
-3.144165,-11.180466,3.4851532,-4.1151023,-1.4752703,4.503412,0.0,0.0,0.0
-3.144165,-11.180466,3.4851532,-4.1151023,-1.4752703,4.503412,0.0,0.0,0.0
-3.144165,-11.180466,3.4851532,-4.1151023,-1.4752703,4.503412,0.0,0.0,0.0
-3.144165,-11.180466,3.4851532,-4.1151023,-1.4752703,4.503412,0.0,0.0,0.0
-3.144165,-11.180466,3.4851532,-4.1151023,-1.4752703,4.503412,0.0,0.0,0.0
-3.144165,-11.180466,3.4851532,-4.1151023,-1.4752703,4.503412,0.0,0.0,0.0
-3.144165,-11.180466,3.4851532,-4.1151023,-1.4752703,4.503412,0.0,0.0,0.0
-3.144165,-11.180466,3.4851532,-4.1151023,-1.4752703,4.503412,0.0,0.0,0.0
-3.144165,-11.180466,3.4851532,-4.1151023,-1.4752703,4.503412,0.0,0.0,0.0
-3.144165,-11.180466,3.4851532,-4.1151023,-1.4752703,4.503412,0.0,0.0,0.0
-3.144165,-11.180466,3.4851532,-4.1151023,-1.4752703,4.503412,0.0,0.0,0.0
-3.144165,-11.180466,3.4851532,-4.1151023,-1.4752703,4.503412,0.0,0.0,0.0
-3.144165,-11.180466,3.4851532,-4.1151023,-1.4752703,4.503412,0.0,0.0,0.0
-3.144165,-11.180466,3.4851532,-4.1151023,-1.4752703,4.503412,0.0,0.0,0.0
-3.144165,-11.180466,3.4851532,-4.1151023,-1.4752703,4.503412,0.0,0.0,0.0
-3.144165,-11.180466,3.4851532,-4.1151023,-1.4752703,4.503412,0.0,0.0,0.0
-3.144165,-11.180466,3.4851532,-4.1151023,-1.4752703,4.503412,0.0,0.0,0.0
-3.144165,-11.180466,3.4851532,-4.1151023,-1.4752703,4.503412,0.0,0.0,0.0
-3.144165,-11.180466,3.4851532,-4.1151023,-1.4752703,4.503412,0.0,0.0,0.0
-3.144165,-11.180466,3.4851532,-4.1151023,-1.4752703,4.503412,0.0,0.0,0.0
-3.144165,-11.180466,3.4851532,-4.1151023,-1.4752703,4.503412,0.0,0.0,0.0
-3.144165,-11.180466,3.4851532,-4.1151023,-1.4752703,4.503412,0.0,0.0,0.0
-3.144165,-11.180466,3.4851532,-4.1151023,-1.4752703,4.503412,0.0,0.0,0.0
-3.144165,-11.180466,3.4851532,-4.1151023,-1.4752703,4.503412,0.0,0.0,0.0
-3.144165,-11.180466,3.4851532,-4.1151023,-1.4752703,4.503412,0.0,0.0,0.0
-3.144165,-11.180466,3.4851532,-4.1151023,-1.4752703,4.503412,0.0,0.0,0.0
-3.144165,-11.180466,3.4851532,-4.1151023,-1.4752703,4.503412,0.0,0.0,0.0
-3.144165,-11.180466,3.4851532,-4.1151023,-1.4752703,4.503412,0.0,0.0,0.0
-3.144165,-11.180466,3.4851532,-4.1151023,-1.4752703,4.503412,0.0,0.0,0.0
-3.144165,-11.180466,3.4851532,-4.1151023,-1.4752703,4.503412,0.0,0.0,0.0
-3.144165,-11.180466,3.4851532,-4.1151023,-1.4752703,4.503412,0.0,0.0,0.0
-3.144165,-11.180466,3.4851532,-4.1151023,-1.4752703,4.503412,0.0,0.0,0.0
-3.144165,-11.180466,3.4851532,-4.1151023,-1.4752703,4.503412,0.0,0.0,0.0
-3.144165,-11.180466,3.4851532,-4.1151023,-1.4752703,4.503412,0.0,0.0,0.0
-3.144165,-11.180466,3.4851532,-4.1151023,-1.4752703,4.503412,0.0,0.0,0.0
-3.144165,-11.180466,3.4851532,-4.1151023,-1.4752703,4.503412,0.0,0.0,0.0
-3.144165,-11.180466,3.4851532,-4.1151023,-1.4752703,4.503412,0.0,0.0,0.0
-3.144165,-11.180466,3.4851532,-4.1151023,-1.4752703,4.503412,0.0,0.0,0.0
-3.144165,-11.180466,3.4851532,-4.1151023,-1.4752703,4.503412,0.0,0.0,0.0
-3.144165,-11.180466,3.4851532,-4.1151023,-1.4752703,4.503412,0.0,0.0,0.0
-3.144165,-11.180466,3.4851532,-4.1151023,-1.4752703,4.503412,0.0,0.0,0.0
-3.144165,-11.180466,3.4851532,-4.1151023,-1.4752703,4.503412,0.0,0.0,0.0
-3.144165,-11.180466,3.4851532,-4.1151023,-1.4752703,4.503412,0.0,0.0,0.0
-3.144165,-11.180466,3.4851532,-4.1151023,-1.4752703,4.503412,0.0,0.0,0.0
-3.144165,-11.180466,3.4851532,-4.1151023,-1.4752703,4.503412,0.0,0.0,0.0
-3.144165,-11.180466,3.4851532,-4.1151023,-1.4752703,4.503412,0.0,0.0,0.0
-3.144165,-11.180466,3.4851532,-4.1151023,-1.4752703,4.503412,0.0,0.0,0.0
-3.144165,-11.180466,3.4851532,-4.1151023,-1.4752703,4.503412,0.0,0.0,0.0
-3.144165,-11.180466,3.4851532,-4.1151023,-1.4752703,4.503412,0.0,0.0,0.0
-3.144165,-11.180466,3.4851532,-4.1151023,-1.4752703,4.503412,0.0,0.0,0.0
-3.144165,-11.180466,3.4851532,-4.1151023,-1.4752703,4.503412,0.0,0.0,0.0
-3.144165,-11.180466,3.4851532,-4.1151023,-1.4752703,4.503412,0.0,0.0,0.0
-3.144165,-11.180466,3.4851532,-4.1151023,-1.4752703,4.503412,0.0,0.0,0.0
-3.144165,-11.180466,3.4851532,-4.1151023,-1.4752703,4.503412,0.0,0.0,0.0
-3.144165,-11.180466,3.4851532,-4.1151023,-1.4752703,4.503412,0.0,0.0,0.0
-3.144165,-11.180466,3.4851532,-4.1151023,-1.4752703,4.503412,0.0,0.0,0.0
-3.144165,-11.180466,3.4851532,-4.1151023,-1.4752703,4.503412,0.0,0.0,0.0
-3.144165,-11.180466,3.4851532,-4.1151023,-1.4752703,4.503412,0.0,0.0,0.0
-3.144165,-11.180466,3.4851532,-4.1151023,-1.4752703,4.503412,0.0,0.0,0.0
-3.144165,-11.180466,3.4851532,-4.1151023,-1.4752703,4.503412,0.0,0.0,0.0
-3.144165,-11.180466,3.4851532,-4.1151023,-1.4752703,4.503412,0.0,0.0,0.0
-3.144165,-11.180466,3.4851532,-4.1151023,-1.4752703,4.503412,0.0,0.0,0.0
-3.144165,-11.180466,3.4851532,-4.1151023,-1.4752703,4.503412,0.0,0.0,0.0
-3.144165,-11.180466,3.4851532,-4.1151023,-1.4752703,4.503412,0.0,0.0,0.0
-3.144165,-11.180466,3.4851532,-4.1151023,-1.4752703,4.503412,0.0,0.0,0.0
-3.144165,-11.180466,3.4851532,-4.1151023,-1.4752703,4.503412,0.0,0.0,0.0
-3.144165,-11.180466,3.4851532,-4.1151023,-1.4752703,4.503412,0.0,0.0,0.0
-3.144165,-11.180466,3.4851532,-4.1151023,-1.4752703,4.503412,0.0,0.0,0.0
-3.144165,-11.180466,3.4851532,-4.1151023,-1.4752703,4.503412,0.0,0.0,0.0
-3.144165,-11.180466,3.4851532,-4.1151023,-1.4752703,4.503412,0.0,0.0,0.0
0.20578003,-7.240677,-2.3485565,-2.7497375,2.0948162,-2.881348,0.0,0.0,0.0
0.20578003,-7.240677,-2.3485565,-2.7497375,2.0948162,-2.881348,0.0,0.0,0.0
0.20578003,-7.240677,-2.3485565,-2.7497375,2.0948162,-2.881348,0.0,0.0,0.0
0.20578003,-7.240677,-2.3485565,-2.7497375,2.0948162,-2.881348,0.0,0.0,0.0
0.20578003,-7.240677,-2.3485565,-2.7497375,2.0948162,-2.881348,0.0,0.0,0.0
0.20578003,-7.240677,-2.3485565,-2.7497375,2.0948162,-2.881348,0.0,0.0,0.0
0.20578003,-7.240677,-2.3485565,-2.7497375,2.0948162,-2.881348,0.0,0.0,0.0
0.20578003,-7.240677,-2.3485565,-2.7497375,2.0948162,-2.881348,0.0,0.0,0.0
0.20578003,-7.240677,-2.3485565,-2.7497375,2.0948162,-2.881348,0.0,0.0,0.0
0.20578003,-7.240677,-2.3485565,-2.7497375,2.0948162,-2.881348,0.0,0.0,0.0
0.20578003,-7.240677,-2.3485565,-2.7497375,2.0948162,-2.881348,0.0,0.0,0.0
0.20578003,-7.240677,-2.3485565,-2.7497375,2.0948162,-2.881348,0.0,0.0,0.0
0.20578003,-7.240677,-2.3485565,-2.7497375,2.0948162,-2.881348,0.0,0.0,0.0
0.20578003,-7.240677,-2.3485565,-2.7497375,2.0948162,-2.881348,0.0,0.0,0.0
0.20578003,-7.240677,-2.3485565,-2.7497375,2.0948162,-2.881348,0.0,0.0,0.0
0.20578003,-7.240677,-2.3485565,-2.7497375,2.0948162,-2.881348,0.0,0.0,0.0
0.20578003,-7.240677,-2.3485565,-2.7497375,2.0948162,-2.881348,0.0,0.0,0.0
0.20578003,-7.240677,-2.3485565,-2.7497375,2.0948162,-2.881348,0.0,0.0,0.0
0.20578003,-7.240677,-2.3485565,-2.7497375,2.0948162,-2.881348,0.0,0.0,0.0
0.20578003,-7.240677,-2.3485565,-2.7497375,2.0948162,-2.881348,0.0,0.0,0.0
0.20578003,-7.240677,-2.3485565,-2.7497375,2.0948162,-2.881348,0.0,0.0,0.0
0.20578003,-7.240677,-2.3485565,-2.7497375,2.0948162,-2.881348,0.0,0.0,0.0
0.20578003,-7.240677,-2.3485565,-2.7497375,2.0948162,-2.881348,0.0,0.0,0.0
0.20578003,-7.240677,-2.3485565,-2.7497375,2.0948162,-2.881348,0.0,0.0,0.0
0.20578003,-7.240677,-2.3485565,-2.7497375,2.0948162,-2.881348,0.0,0.0,0.0
0.20578003,-7.240677,-2.3485565,-2.7497375,2.0948162,-2.881348,0.0,0.0,0.0
0.20578003,-7.240677,-2.3485565,-2.7497375,2.0948162,-2.881348,0.0,0.0,0.0
0.20578003,-7.240677,-2.3485565,-2.7497375,2.0948162,-2.881348,0.0,0.0,0.0
0.20578003,-7.240677,-2.3485565,-2.7497375,2.0948162,-2.881348,0.0,0.0,0.0
0.20578003,-7.240677,-2.3485565,-2.7497375,2.0948162,-2.881348,0.0,0.0,0.0
0.20578003,-7.240677,-2.3485565,-2.7497375,2.0948162,-2.881348,0.0,0.0,0.0
0.20578003,-7.240677,-2.3485565,-2.7497375,2.0948162,-2.881348,0.0,0.0,0.0
0.20578003,-7.240677,-2.3485565,-2.7497375,2.0948162,-2.881348,0.0,0.0,0.0
0.20578003,-7.240677,-2.3485565,-2.7497375,2.0948162,-2.881348,0.0,0.0,0.0
0.20578003,-7.240677,-2.3485565,-2.7497375,2.0948162,-2.881348,0.0,0.0,0.0
0.20578003,-7.240677,-2.3485565,-2.7497375,2.0948162,-2.881348,0.0,0.0,0.0
0.20578003,-7.240677,-2.3485565,-2.7497375,2.0948162,-2.881348,0.0,0.0,0.0
0.20578003,-7.240677,-2.3485565,-2.7497375,2.0948162,-2.881348,0.0,0.0,0.0
0.20578003,-7.240677,-2.3485565,-2.7497375,2.0948162,-2.881348,0.0,0.0,0.0
0.20578003,-7.240677,-2.3485565,-2.7497375,2.0948162,-2.881348,0.0,0.0,0.0
0.20578003,-7.240677,-2.3485565,-2.7497375,2.0948162,-2.881348,0.0,0.0,0.0
0.20578003,-7.240677,-2.3485565,-2.7497375,2.0948162,-2.881348,0.0,0.0,0.0
0.20578003,-7.240677,-2.3485565,-2.7497375,2.0948162,-2.881348,0.0,0.0,0.0
0.20578003,-7.240677,-2.3485565,-2.7497375,2.0948162,-2.881348,0.0,0.0,0.0
0.20578003,-7.240677,-2.3485565,-2.7497375,2.0948162,-2.881348,0.0,0.0,0.0
0.20578003,-7.240677,-2.3485565,-2.7497375,2.0948162,-2.881348,0.0,0.0,0.0
0.20578003,-7.240677,-2.3485565,-2.7497375,2.0948162,-2.881348,0.0,0.0,0.0
0.20578003,-7.240677,-2.3485565,-2.7497375,2.0948162,-2.881348,0.0,0.0,0.0
0.20578003,-7.240677,-2.3485565,-2.7497375,2.0948162,-2.881348,0.0,0.0,0.0
0.20578003,-7.240677,-2.3485565,-2.7497375,2.0948162,-2.881348,0.0,0.0,0.0
0.20578003,-7.240677,-2.3485565,-2.7497375,2.0948162,-2.881348,0.0,0.0,0.0
0.20578003,-7.240677,-2.3485565,-2.7497375,2.0948162,-2.881348,0.0,0.0,0.0
0.20578003,-7.240677,-2.3485565,-2.7497375,2.0948162,-2.881348,0.0,0.0,0.0
0.20578003,-7.240677,-2.3485565,-2.7497375,2.0948162,-2.881348,0.0,0.0,0.0
0.20578003,-7.240677,-2.3485565,-2.7497375,2.0948162,-2.881348,0.0,0.0,0.0
0.20578003,-7.240677,-2.3485565,-2.7497375,2.0948162,-2.881348,0.0,0.0,0.0
0.20578003,-7.240677,-2.3485565,-2.7497375,2.0948162,-2.881348,0.0,0.0,0.0
0.20578003,-7.240677,-2.3485565,-2.7497375,2.0948162,-2.881348,0.0,0.0,0.0
0.20578003,-7.240677,-2.3485565,-2.7497375,2.0948162,-2.881348,0.0,0.0,0.0
0.20578003,-7.240677,-2.3485565,-2.7497375,2.0948162,-2.881348,0.0,0.0,0.0
0.20578003,-7.240677,-2.3485565,-2.7497375,2.0948162,-2.881348,0.0,0.0,0.0
0.20578003,-7.240677,-2.3485565,-2.7497375,2.0948162,-2.881348,0.0,0.0,0.0
