-4.152,2.435,8.462,-1.7419457,10.968742,3.875093,0.3433839,-5.8504977,-0.39226276
-4.127,1.873,8.137,-1.742657,11.12623,3.0666714,0.3121669,-5.229777,-0.62341845
-4.222,0.741,8.08,-1.9442087,11.264939,2.6317987,0.43779433,-4.8594003,-0.86104614
-3.879,0.469,8.299,-2.0978785,11.205598,2.9453073,0.7548105,-5.241999,-0.7096747
-3.092,0.374,8.135,-2.1495314,11.006437,4.3474126,1.1476873,-6.551078,-0.21474427
-2.206,0.428,6.667,-1.833934,10.995516,5.558633,1.1855798,-7.8317833,0.19308332
-1.152,0.854,5.175,-1.4232448,11.371554,5.254444,0.70008326,-7.7494235,-0.11319814
-0.499,1.265,4.627,-1.2756662,12.060766,3.9341307,0.25295627,-6.8771834,-0.9268117
-0.734,1.516,4.811,-1.4359636,13.094639,4.074611,0.2960407,-7.3197746,-1.87527
-0.731,1.626,5.816,-1.6734684,14.109265,6.0620074,0.7847991,-9.485824,-2.3598242
-0.407,1.745,6.583,-1.1136528,14.879274,8.40562,0.6243752,-12.0188875,-2.3771098
-0.033,2.13,6.551,-0.91512775,15.299789,10.197634,0.69126505,-13.935672,-2.2030108
0.239,2.766,5.657,-1.5243301,15.433146,10.06008,1.1803308,-13.78559,-2.452026
0.514,3.242,5.497,-0.9899906,14.985188,8.206506,0.21774039,-12.132967,-2.260925
0.447,3.678,6.471,-0.37421393,14.523493,9.621067,-0.002363386,-13.399303,-1.3331687
0.001,4.298,7.594,-1.3330778,13.914868,12.168577,1.4128613,-15.273121,-0.59577656
0.009,5.145,8.183,-2.5927467,14.200364,10.914318,2.188843,-13.931143,-1.5347444
0.759,6.201,7.832,-2.8378916,14.877708,7.573748,1.4484601,-10.947736,-3.0312073
0.744,6.319,7.652,-2.3665688,15.209519,6.4593067,0.6559152,-10.022594,-3.526398
-0.48,5.269,8.136,-1.9063809,14.939217,7.018489,0.32321382,-10.348772,-3.1884315
-1.725,4.28,8.948,-2.04774,14.323905,7.4149246,0.6328836,-10.46608,-2.619502
-2.159,3.7,9.234,-2.9338129,13.738977,6.7876396,1.272566,-9.462725,-2.533376
-1.66,3.129,9.109,-3.6177766,13.224888,4.9816284,1.5697,-7.493853,-2.610304
-1.101,2.505,9.678,-4.3041153,12.675529,4.0214047,1.9704115,-6.3616185,-2.4821024
-1.203,2.122,10.298,-4.7591944,12.096041,4.1409116,2.5187557,-6.2705145,-2.0444183
-0.876,2.05,9.579,-4.939115,11.56289,4.3294554,2.7958279,-6.3104534,-1.5600123
-0.606,2.342,8.957,-4.4209566,11.204556,3.926711,2.3075094,-5.9185047,-1.1547709
0.073,2.455,8.029,-3.7113047,10.81384,3.8974738,1.7557055,-5.9228125,-0.5731867
-0.216,1.941,8.863,-3.1599922,10.523024,3.8120022,1.2932694,-5.869472,-0.14963955
0.917,1.294,9.045,-3.07612,10.299347,3.6269925,1.2320677,-5.6954446,0.07330139
1.14,1.74,7.467,-3.2917295,10.250598,3.7421355,1.4730606,-5.773501,0.09013708
0.299,2.386,5.29,-3.2570972,10.393837,3.5606823,1.3749446,-5.690411,-0.044630624
-0.305,2.937,4.479,-3.243231,10.606206,3.665851,1.333202,-5.8686028,-0.2048784
-0.403,3.165,4.693,-3.5964115,10.8765745,3.7287188,1.6099552,-6.0025992,-0.5139237
-1.115,3.581,6.525,-4.131757,11.1942005,3.7738552,2.0568898,-6.071663,-0.9417276
-1.261,3.725,7.114,-3.8344865,11.897029,3.47574,1.6219022,-6.088456,-1.5345814
-1.166,4.543,7.263,-3.9083447,12.563936,4.0475426,1.7005086,-6.8253174,-2.0269272
-0.775,5.485,6.648,-4.1033487,13.246971,5.009774,2.1017325,-7.9751706,-2.4161546
-0.263,6.176,7.576,-4.4543715,13.998362,5.7437067,2.506507,-8.876997,-2.9879582
-0.271,6.113,10.067,-4.5993805,14.676418,5.6299915,2.7558808,-9.115344,-3.5186648
-1.363,5.153,13.139,-4.212313,15.253256,5.495201,2.3549576,-9.272445,-3.9439352
-2.129,4.679,14.292,-3.5587063,15.694637,6.533814,2.228245,-10.517205,-3.8352
-4.125,4.508,13.455,-3.1017065,15.691637,6.9028134,1.880282,-10.939096,-3.620845
-4.439,4.529,12.894,-1.0673234,15.651422,6.8051977,0.14650893,-10.978895,-3.302863
-3.736,3.284,15.201,1.0573866,14.788502,10.831969,-0.7315077,-14.62457,-1.2719887
-3.353,2.337,15.055,0.22736669,13.612727,14.598944,1.1243453,-17.426157,0.1344148
-2.894,2.089,12.095,-0.15507603,13.212075,14.027405,10.019226,-13.240118,0.02577369
-2.357,2.082,10.465,0.10374284,13.34414,11.558845,0.40384966,-14.168044,-0.7189002
-0.522,1.903,7.385,0.58834267,13.434265,10.007435,-0.48774037,-12.678556,-1.1473776
-0.378,1.506,7.491,0.92878795,13.3213215,8.759328,-1.1442896,-11.413199,-1.3053089
-0.502,0.86,7.567,0.4569955,12.787506,8.188503,4.6083174,-9.549538,-1.0722498
-0.416,0.843,6.681,-1.0085135,11.97381,6.97491,0.37326702,-8.9763155,-0.7917034
-0.363,0.765,6.681,-1.6027787,11.644477,5.8322196,0.7252319,-7.734374,-0.7683684
-0.522,0.753,8.22,-1.6027787,11.644477,5.8322196,0.7252319,-7.734374,-0.7683684
-0.466,0.789,8.998,-1.6027787,11.644477,5.8322196,0.7252319,-7.734374,-0.7683684
-0.044,1.084,8.112,-3.01316,11.024455,1.8603274,1.3737081,-3.6086333,-1.109816
0.31,1.361,7.592,-3.0050273,11.05376,1.7977146,2.8671215,-2.5781593,-1.1286266
0.778,1.491,7.666,-2.7462666,11.749111,1.3783106,1.0254376,-3.4854925,-1.7814116
1.18,1.473,8.179,-2.7061505,11.9495125,1.8185635,1.1494331,-4.027937,-1.8499275
1.668,1.337,8.937,-2.117988,11.789394,3.9902096,1.1819297,-6.146915,-1.1576542
2.178,1.202,9.685,-1.2354409,11.388824,7.555824,5.2437105,-8.088618,0.0393643
2.031,1.166,10.023,-1.0105827,11.216545,8.876757,1.4845182,-10.785575,0.47409943
1.532,1.217,10.398,-1.2045634,11.329294,7.571871,5.376347,-8.073061,0.16000834
1.432,1.664,10.804,-1.4620671,11.736503,6.1393948,1.1704233,-8.360295,-0.50406766
1.704,2.214,9.006,-1.9736407,13.604589,5.020863,1.1329556,-7.782217,-2.5360703
1.98,2.59,8.096,-1.7562801,14.7644005,5.846635,0.97622603,-8.965586,-3.3812387
1.984,2.437,9.277,-1.2719355,15.20101,7.744569,0.8910543,-11.091911,-3.1872883
2.212,1.257,13.516,-1.5593741,15.260551,10.152092,1.7134016,-13.338081,-2.7448833
3.033,0.626,14.1,-1.762701,15.044752,8.766983,1.4388112,-12.061265,-2.7936435
3.541,0.76,9.906,-1.1729188,15.145356,7.369008,0.43868843,-10.915733,-3.0663517
3.354,0.701,8.648,-1.8121216,14.310728,9.841216,1.4686348,-12.678992,-2.1104186
2.719,0.117,7.856,-2.9844482,13.517811,12.256576,3.2111752,-14.412724,-1.320956
2.919,0.38,6.55,-4.0842085,13.50694,12.059285,3.836199,-13.720064,-2.0924296
3.838,0.535,5.271,-4.1265483,13.717654,9.384633,3.087609,-11.123288,-2.8429706
3.659,0.523,5.406,-2.743966,13.869074,7.366637,1.2000152,-9.215013,-3.1467814
2.212,0.609,6.151,-1.3790016,13.899923,6.6160426,-0.3028181,-8.665362,-2.987931
1.309,0.551,6.237,-1.2923163,13.32209,6.346519,4.2235446,-6.8934283,-2.6057942
1.052,0.656,6.152,-2.8887749,12.138666,7.250661,1.4571166,-8.181985,-1.9914961
0.928,1.054,6.862,-2.9147828,12.137457,7.327099,1.433615,-8.170548,-2.0545115
0.818,1.614,7.289,-3.9837828,11.025457,8.225099,7.264307,-5.5304933,-1.2263471
0.404,2.512,7.489,-3.473835,10.94062,5.7978406,1.9495963,-6.4588575,-1.1414961
-0.577,3.451,7.577,-3.141109,10.803344,4.906028,1.5338461,-5.7202215,-0.94389987
-1.529,4.3,7.187,-2.752198,10.486088,4.88407,1.3497634,-5.813852,-0.47751567
-1.832,4.838,6.765,-2.4442272,10.03585,5.3646975,4.575777,-4.6648707,0.17473711
-1.109,5.005,6.382,-2.1419535,10.141306,4.316804,0.8894428,-5.645813,0.14215067
-0.079,4.767,6.82,-1.9855943,10.511501,2.5679858,2.3319376,-3.6187568,-0.3173552
0.005,4.465,7.828,-1.9592894,10.777576,1.8814291,-0.075833574,-3.884367,-0.60683584
-0.115,3.204,12.468,-2.0405362,11.073237,2.8255918,3.0381076,-3.8735926,-0.7066523
0.742,2.417,14.062,-2.7122302,11.247385,5.623955,1.3034139,-7.5101094,-0.55617404
0.905,0.836,18.175,-3.956545,11.71266,6.2701917,6.7005773,-5.0424104,-1.2311187
-0.39,-1.134,-19.512,-4.6195116,12.941585,5.1189823,2.0809488,-7.299968,-2.7396102
-1.966,-1.637,-19.512,-4.8598566,13.9222145,4.461258,5.613844,-4.517995,-3.810308
-1.788,-0.829,18.588,-5.076972,15.172482,5.900271,1.6659971,-8.655462,-4.791312
-0.567,0.181,14.805,-4.8566084,15.685787,7.8137255,1.5414473,-10.510888,-4.9524136
0.161,1.028,10.897,-3.880168,15.641515,7.989358,0.49638182,-10.617194,-4.704426
0.386,1.792,8.072,-3.3062725,15.371008,8.739481,-0.0030235818,-11.014632,-4.415016
0.865,2.509,7.911,-2.9043293,13.812548,13.185295,0.89471126,-14.67935,-2.7149243
1.126,2.345,10.377,-4.0379877,13.190226,14.232391,2.121603,-15.087103,-2.871148
0.868,2.095,9.797,-4.424926,13.149609,12.626302,2.0100152,-13.21595,-3.3544343
0.742,1.908,7.781,-3.5187852,13.039367,11.561577,1.005366,-12.105175,-3.175298
0.951,1.647,6.952,-2.210752,12.688499,10.491425,-0.18970281,-11.062581,-2.5844266
1.726,1.183,7.319,-1.9227359,12.224238,9.152081,-0.47516176,-9.613586,-2.2034569
2.397,0.413,8.442,-2.7652752,11.21345,7.907145,0.42800045,-8.079014,-1.6151496
3.228,-0.302,9.905,-3.5242517,10.56543,7.498244,1.3890064,-7.378499,-1.3244191
4.206,-0.75,10.632,-3.294259,10.428794,6.7869806,1.1487399,-6.733327,-1.102873
4.735,-1.034,10.783,-1.9670621,10.590509,4.7371974,-0.3880318,-5.1526756,-0.76541907
4.754,-0.973,9.874,-2.7051187,10.233138,5.0362797,0.5639583,-5.3278747,-0.61902136
4.153,-0.377,8.553,-3.8653588,9.599916,5.893305,2.1407058,-5.9575872,-0.28071594
3.278,0.277,7.279,-4.040311,9.467443,5.183319,2.339485,-5.391191,-0.10724363
3.575,1.098,4.773,-3.6961572,9.883863,4.1796503,1.845643,-4.7487445,-0.33557948
4.282,2.282,3.968,-2.5824542,10.893673,3.4470985,0.5306073,-4.630945,-0.9402776
4.265,2.552,5.555,-1.3384103,11.784633,4.1849585,-0.55925184,-5.9064593,-1.2831552
4.367,2.297,5.098,-1.3559935,11.908845,7.307758,0.22143587,-8.977021,-0.98347026
6.001,2.484,4.337,-1.9194589,11.813209,10.462104,1.5510309,-11.937525,-0.57514393
6.69,2.135,7.248,-2.4865944,12.390282,9.997454,1.7373495,-11.683938,-1.1532108
6.007,1.74,12.01,-2.6129756,13.522268,7.4540386,0.8215307,-9.644029,-2.5043142
4.951,1.968,13.524,-2.354345,14.512359,7.18208,0.0855807,-9.6327505,-3.4197102
3.357,2.381,11.065,-1.4498122,14.532691,8.578989,-0.73390716,-10.948714,-3.0963407
2.215,2.534,8.928,-2.235313,13.28399,11.906996,0.6560436,-13.4151945,-2.1449096
1.93,2.551,7.556,-4.0930967,12.105708,14.385822,2.7576315,-14.993661,-1.9338391
2.552,2.699,5.329,-5.3281956,11.994595,12.248297,2.9432847,-12.483703,-2.7542043
2.731,2.763,4.253,-3.9236884,12.258846,10.312704,0.67247,-10.53681,-2.86418
2.435,2.676,3.988,-4.232859,11.691531,12.203636,0.86111283,-11.942623,-2.849178
1.597,2.32,3.846,-6.632303,10.282252,15.312106,3.5005043,-14.309152,-3.1226714
0.305,2.263,4.84,-8.218152,9.438015,15.517275,5.172118,-14.12875,-3.2711
0.058,2.37,6.603,-8.019156,9.363744,12.380639,4.729903,-10.965944,-2.9465044
0.327,2.73,7.731,-6.1405635,9.625088,8.735651,2.7261841,-7.645644,-2.0581074
0.483,3.073,8.978,-4.593837,9.759208,5.0070305,0.89102423,-4.2371554,-1.2689276
0.713,3.432,9.841,-4.4247193,9.349848,5.8457937,1.1640149,-5.0435824,-0.8881381
0.662,3.908,11.28,-4.938757,8.556413,10.010888,2.8282359,-9.051215,-0.58074725
0.408,4.872,10.96,-4.784575,8.298014,8.4937935,2.7325308,-7.779805,0.013711201
1.434,5.436,7.868,-4.087673,8.844508,4.1162167,1.2479763,-3.8667653,0.04098024
1.388,5.964,7.637,-3.3252344,9.51422,2.7737036,0.17680225,-2.894999,-0.23619479
-1.941,4.203,11.554,-3.2330077,9.494755,5.9150667,0.8223809,-6.0900946,-0.08400957
-3.457,2.793,13.419,-3.564152,8.991818,9.608125,2.1420565,-9.71593,0.48547378
-2.275,3.04,11.839,-3.7641702,9.153174,9.737014,2.3943946,-10.0242195,0.50391126
-1.38,3.584,9.954,-2.970849,10.230724,6.341308,0.55837756,-7.1526265,-0.3044332
-1.14,3.754,8.284,-2.5585976,11.3642645,6.137954,-0.41224876,-7.2047386,-1.2064891
-0.659,3.633,7.695,-3.7939236,11.453349,11.075507,1.4573722,-11.845863,-1.4090328
-0.774,3.099,8.136,-5.077235,11.762829,12.878233,2.6673124,-13.5343895,-2.0127065
-0.785,2.614,8.692,-4.2988377,12.789374,9.626987,0.7437467,-10.587449,-2.9244037
0.392,2.533,9.204,-3.5098553,13.316358,7.5645537,-0.8738047,-8.468981,-3.3986442
0.804,2.427,8.731,-4.109459,12.107744,10.748794,0.30531797,-10.984837,-2.7735684
0.386,2.472,6.511,-5.1516743,11.454261,13.839309,1.589173,-13.47055,-3.049679
0.253,2.567,5.206,-6.4222035,11.160036,15.2917,2.7568214,-14.448299,-3.731216
0.225,2.465,5.614,-5.985318,11.282099,13.265354,1.8641796,-12.266835,-3.7995625
0.6,2.531,7.345,-5.2478657,11.195787,10.579795,0.75995386,-9.475633,-3.4014032
1.194,2.47,8.809,-5.474086,10.613416,8.824011,0.8852898,-7.481098,-2.9887714
1.683,2.739,8.966,-5.9618044,10.144646,8.908403,1.4763305,-7.3888845,-2.8835611
2.198,3.571,8.013,-6.6307774,9.30773,12.809115,2.7714982,-10.863633,-3.1923804
2.282,3.755,7.986,-6.040481,9.146506,13.888323,2.6757085,-12.012347,-2.904588
2.097,3.77,10.66,-4.875019,9.622866,8.1685505,1.2112049,-6.6054206,-1.9403483
1.929,3.823,12.003,-4.467108,9.784125,5.954876,0.8176981,-4.5797715,-1.5732361
2.66,4.112,13.193,-3.9257536,9.726617,6.7999725,0.6896504,-5.593226,-1.3512392
4.059,4.755,11.562,-3.8271668,9.694027,7.6577816,0.969241,-6.580056,-1.2850777
4.081,4.914,9.525,-3.930028,9.72475,7.7062435,1.3371587,-6.8059635,-1.2066565
2.008,4.248,8.626,-3.7642293,10.070868,6.3091674,1.1699784,-5.696457,-1.2196336
-0.154,2.639,8.903,-3.2833169,10.73531,5.1656504,0.4910221,-4.7738647,-1.5810666
-0.226,2.078,9.3,-2.6758232,11.053861,5.51339,0.29865724,-5.5165854,-1.5609981
0.106,1.2,10.877,-3.064983,11.150463,8.880111,1.4594523,-8.909307,-1.642262
0.37,1.376,10.646,-3.9946165,11.811719,8.846886,2.2660675,-8.876074,-2.433503
0.607,2.113,9.043,-4.7850466,13.260601,6.422397,2.4082487,-6.7329254,-3.9358208
0.541,2.716,7.774,-4.786662,14.372419,5.4971795,2.1269526,-6.0468154,-4.978805
0.393,3.089,6.654,-2.272053,14.37795,8.622947,0.36600867,-9.251483,-4.353824
0.07,2.996,5.684,-0.94064355,12.132388,16.79904,1.3320761,-16.856028,-2.2094767
-0.48,2.519,5.953,-2.3783433,10.042493,-19.200798,-4.779549,18.929157,0.11016377
-1.005,2.172,6.755,-3.3132684,10.18692,17.646027,4.205829,-16.82781,-1.3857187
-0.889,2.574,4.796,-2.5690393,11.588588,10.896361,1.6318647,-10.4921255,-2.3126864
-0.791,2.852,4.094,-2.018443,12.323766,9.154156,0.40099958,-8.805161,-2.9234812
-0.689,3.203,3.778,-2.3945353,12.002449,10.485199,0.9761366,-9.815809,-2.9381142
-0.865,3.256,5.212,-2.5232131,11.358894,11.826377,1.493798,-10.855884,-2.6501827
-1.389,3.144,8.019,-2.0249138,11.0039835,12.425359,1.2660671,-11.342383,-2.4132068
-1.57,3.49,8.951,-1.769267,10.82852,11.395343,0.92918795,-10.292162,-2.1703672
-1.37,4.224,7.965,-2.1462383,10.529015,9.027058,0.91907287,-7.8771133,-1.7718084
-1.308,4.773,7.661,-2.2554853,10.348216,7.703279,0.8494932,-6.5199194,-1.5195278
-1.692,5.057,8.976,-2.0514336,10.089344,5.7427626,0.32181755,-4.6593046,-1.0178545
-1.702,6.149,9.584,-2.018698,9.824572,5.167609,0.15603209,-4.0584183,-0.7198139
-1.273,6.484,8.632,-2.4665275,9.3699465,5.2377963,0.6706364,-4.0211973,-0.42537767
-0.985,6.304,9.738,-3.277859,8.882575,6.2127943,1.6479157,-4.783713,-0.32467702
-1.428,5.637,11.34,-4.2338767,8.439085,6.8307295,2.6358333,-5.2524614,-0.25648957
-3.377,3.444,16.133,-4.2488036,8.386486,5.8475747,2.4705827,-4.415249,-0.04126468
-3.288,3.085,16.816,-4.417802,8.575834,5.675031,2.5607924,-4.330993,-0.19098686
-1.365,3.207,12.547,-5.277602,8.871002,6.9488325,3.5991733,-5.5584083,-0.7282489
-1.335,3.368,10.264,-5.760385,9.702015,7.610953,4.0771136,-6.329012,-1.5317141
-1.156,3.009,6.708,-4.9014225,11.51831,5.9332156,2.572256,-5.212469,-2.7676144
-0.678,2.546,5.648,-4.661731,13.479251,4.7703447,1.6406002,-4.4979553,-4.4501004
-0.316,2.269,6.638,-5.231991,14.301798,7.1918736,2.3962135,-6.9513745,-5.345074
-0.343,2.176,6.58,-5.3526964,13.908994,8.9906,2.8717852,-8.740654,-4.968199
-0.325,2.232,5.532,-5.2574368,13.346579,10.473272,3.0841587,-10.116976,-4.4620547
-0.319,2.564,5.405,-4.9156604,12.929533,12.511374,3.1045635,-12.084483,-4.0569
0.533,2.603,6.735,-5.3294935,12.48353,14.558504,3.8476026,-13.980886,-3.8287027
0.46,2.464,6.143,-5.9913845,12.359214,14.991213,4.505404,-14.309219,-3.916723
0.836,2.509,4.558,-7.0431085,12.677581,13.772629,5.295569,-13.009684,-4.4312167
1.91,2.43,5.768,-5.1569395,13.675295,11.719129,3.15424,-11.357441,-4.753744
2.446,2.253,7.386,-1.3459088,14.1578865,10.998199,-0.4302348,-11.153535,-4.2870054
2.446,2.253,7.386,1.5165999,12.888792,13.326622,-2.2533693,-13.609262,-2.672541
2.446,2.253,7.386,-0.07312298,9.794176,17.837017,0.8970434,-17.301672,-0.8675215
4.679,1.644,6.53,-2.5386927,8.826154,18.045475,3.2724593,-16.814526,-0.98908854
3.765,1.986,7.649,-3.8477616,9.361436,11.935345,2.9816756,-10.578256,-1.3335627
3.765,1.986,7.649,-3.1611793,10.033113,7.781853,1.3468875,-6.707997,-1.3469284
3.765,1.986,7.649,-1.2237458,10.980588,4.05536,-1.3998088,-3.391885,-1.3760358
3.765,1.986,7.649,-0.42965174,11.067678,4.1104126,-2.229727,-3.4561007,-1.268425
5.103,2.678,9.619,-1.6749841,10.217184,7.85443,-0.32266104,-6.754589,-1.2910926
3.832,1.579,8.417,-3.2860441,9.169734,11.67139,2.0320148,-10.194475,-1.2860051
3.314,1.871,7.204,-3.8387523,8.7224245,10.922225,2.5603416,-9.529486,-0.8115057
4.204,1.774,4.179,-3.9814687,8.894919,7.292335,2.062438,-6.2012577,-0.46177575
5.527,0.617,4.436,-3.9692714,9.6154,5.248513,1.5022936,-4.4584293,-0.8527815
4.445,-0.517,9.358,-4.3408375,10.495693,6.988521,1.9092261,-6.3712296,-1.752078
2.468,-0.313,11.405,-4.4907885,11.494257,8.881326,2.164311,-8.56587,-2.5668993
0.376,0.972,12.379,-3.7576914,12.967536,7.1687737,0.7320843,-7.4889317,-3.4993076
0.152,1.719,12.207,-3.3677604,14.003855,7.9633417,0.0784118,-8.702166,-4.162271
0.152,1.719,12.207,-3.7586975,13.706245,10.759544,0.7937094,-11.549638,-3.7481549
0.152,1.719,12.207,-4.4200735,13.142417,9.892126,0.9928098,-10.6712265,-3.4316885
0.152,1.719,12.207,-5.5013866,12.397299,11.380498,2.0104344,-11.873083,-3.172643
0.152,1.719,12.207,-7.895321,11.752586,14.991199,4.58909,-15.087775,-3.4784832
0.152,1.719,12.207,-9.073074,11.814384,14.887042,5.4491053,-15.120253,-3.802526
0.152,1.719,12.207,-7.110756,12.218607,10.989137,9.695099,-7.6088653,-3.1829054
0.152,1.719,12.207,-5.247536,13.0828,9.170367,1.1345849,-10.796811,-3.035996
0.152,1.719,12.207,-4.458999,14.002998,10.29496,7.8255982,-9.788005,-3.0349946
0.152,1.719,12.207,-3.5324943,14.605591,7.1652694,-0.71637636,-10.178217,-3.3475735
0.152,1.719,12.207,-3.8293295,14.443666,2.7733955,2.8436098,-5.6579814,-4.0091424
-2.166,4.411,6.244,-6.5319643,13.094209,5.0889616,1.8994977,-7.8212047,-3.4312918
-3.201,3.347,6.41,-8.84285,11.349139,11.222727,12.410143,-6.8226514,-1.699362
-3.366,4.542,5.747,-9.342871,11.0506115,12.96594,6.2557826,-14.62839,-1.3466573
-3.204,5.616,4.84,-9.253891,11.45715,12.218605,13.252688,-7.5097547,-1.7763087
-3.177,5.503,4.613,-7.7211843,12.4218645,7.704624,3.6592562,-10.1023,-2.756553
-5.082,3.569,7.77,-6.0128655,12.681284,4.633023,5.7107315,-5.1387334,-2.8193302
-5.761,1.013,13.879,-5.3442144,12.33916,4.412305,1.5099679,-7.290002,-2.229122
-2.072,-0.867,16.39,-5.283179,11.7778635,5.359466,6.382534,-5.3368893,-1.4243252
1.356,-1.056,12.159,-4.8523536,11.487456,5.029824,2.0134091,-7.725055,-1.0135075
2.105,-1.061,6.659,-3.759838,11.546243,4.782221,5.0215874,-5.9658318,-0.6582558
1.96,-1.687,3.99,-2.4269857,11.756754,4.831668,0.31843212,-8.065882,-0.307534
1.113,-2.35,4.386,-2.6231627,11.419031,4.2048106,4.388924,-6.1680098,-0.07508552
0.031,-3.408,5.766,-3.1236138,11.698279,1.9862802,0.94379807,-5.776961,-0.97704136
0.421,-4.835,6.473,-2.4923463,12.928963,-0.09877801,1.9243573,-4.242595,-2.5090666
3.081,-6.306,5.153,-0.46996188,13.1191845,0.7594762,-1.5658151,-5.97291,-1.8029685
4.481,-6.354,4.403,0.43626642,12.215717,6.281263,4.913612,-9.494658,1.1708974
7.23,-6.689,0.527,0.46886468,12.040512,7.939533,-0.10714712,-12.039506,1.8524808
7.68,-6.911,-2.349,-0.09893513,13.66088,5.5575,-0.36293036,-10.468814,-0.5754241
8.327,-7.236,-1.659,-0.20198298,14.921062,3.5847065,-0.99740136,-9.158492,-2.467562
9.117,-8.493,2.162,-0.50490844,14.543715,4.9457183,-0.4995813,-9.959913,-1.8888725
8.471,-9.939,5.404,-1.1955396,13.402731,6.4837723,0.45570326,-10.519735,-0.7871867
8.099,-10.288,7.783,-1.9273163,12.424662,5.467143,0.75753176,-8.812854,-0.66885364
9.625,-9.56,8.828,-2.386195,11.663964,4.875889,0.9253917,-7.6235576,-0.5152344
11.752,-8.703,7.544,-2.269181,11.169235,6.506882,1.0623481,-8.76581,0.09724717
14.408,-7.999,7.801,-1.7027699,11.333737,13.765717,1.8888152,-15.783845,1.5513089
15.137,-6.963,9.949,-3.23793,10.969494,6.8698015,1.4805156,-9.187658,0.24614623
13.66,-5.956,10.033,-5.3392334,11.754503,-1.6753757,1.0278503,-1.3753487,-3.0981781
14.329,-6.322,9.255,-4.687264,11.94043,-2.3514593,0.10077984,-1.0608778,-3.190967
16.679,-7.339,9.467,-4.3307514,11.511017,-1.0042716,0.111950725,-2.198854,-2.3350143
16.234,-8.051,8.622,-4.4299335,11.672548,1.9376652,0.6116846,-4.8355417,-1.8497062
13.591,-8.183,8.015,-4.2863126,12.199469,7.2924714,1.1547748,-9.983214,-1.119537
15.099,-6.736,3.927,-4.6623263,11.997043,8.827683,1.6250397,-11.4556265,-0.6681861
16.755,-0.887,-4.943,-5.3984933,11.8929,5.390933,1.5141047,-8.218261,-1.5869727
1.319,-5.189,1.629,-6.3998766,12.5926895,4.378624,1.7976679,-7.4816766,-2.8226619
0.406,-9.45,12.319,-6.9522867,13.206957,4.1882715,1.9770335,-7.52394,-3.6016033
9.017,-4.149,13.144,9.143298,-13.954516,13.064891,14.175682,7.282939,-4.158619
7.835,-2.508,-0.07,8.060615,-12.308327,0.20034415,0.0,0.0,0.0
0.82,-2.924,-6.849,1.0601157,-12.717564,-6.403109,0.0,0.0,0.0
-1.693,-5.296,0.904,-1.4982675,-15.08872,1.3888812,0.0,0.0,0.0
2.138,-5.199,3.58,1.9357176,-14.982859,4.2168427,0.0,0.0,0.0
6.96,-3.504,1.253,6.483879,-13.269021,2.019841,0.0,0.0,0.0
10.751,-2.937,2.865,10.04966,-12.675091,3.7859218,0.0,0.0,0.0
13.235,-3.607,6.829,12.49213,-13.302764,8.098126,0.0,0.0,0.0
15.169,-3.246,4.364,14.511545,-12.879429,6.077244,0.0,0.0,0.0
18.858,-3.21,0.588,18.301289,-12.813267,2.4952796,0.0,0.0,0.0
18.838,-2.867,1.753,18.898315,-12.433285,3.9100611,0.0,0.0,0.0
18.61,-4.495,3.303,19.26821,-14.054847,5.387824,0.0,0.0,0.0
19.026,-6.878,6.372,20.347984,-16.409174,8.263949,0.0,0.0,0.0
18.953,-7.667,12.94,21.010187,-17.093151,14.696711,0.0,0.0,0.0
18.243,-7.811,15.761,21.050373,-17.0429,17.510593,0.0,0.0,0.0
18.619,-7.767,14.298,22.166365,-16.703072,16.23016,0.0,0.0,0.0
16.831,-8.235,11.714,21.057472,-16.797632,13.947521,0.0,0.0,0.0
11.576,-8.07,11.145,16.28982,-16.243206,13.81876,0.0,0.0,0.0
10.61,-8.059,11.848,15.654193,-15.834617,15.052104,0.0,0.0,0.0
6.745,-8.059,12.459,11.937073,-15.420486,16.334728,0.0,0.0,0.0
3.858,-7.571,10.831,9.045702,-14.492712,15.451391,0.0,0.0,0.0
3.026,-7.298,9.408,8.05076,-13.74916,14.821381,0.0,0.0,0.0
2.708,-6.516,4.734,7.4486446,-12.472935,10.915552,0.0,0.0,0.0
3.035,-6.308,3.461,7.4494143,-11.758847,10.314581,0.0,0.0,0.0
2.177,-6.233,1.221,6.2562485,-11.170952,8.647086,0.0,0.0,0.0
1.167,-6.07,0.887,4.9540415,-10.563382,8.738,0.0,0.0,0.0
-0.337,-5.425,2.955,3.1589713,-9.555878,11.133289,0.0,0.0,0.0
0.517,-4.829,6.315,3.736604,-8.634887,14.760103,0.0,0.0,0.0
2.425,-4.094,7.307,5.4334035,-7.5004587,15.99699,0.0,0.0,0.0
2.916,-2.769,4.762,5.850169,-5.9540052,13.560681,0.0,0.0,0.0
1.495,-1.474,3.125,4.25374,-4.113777,12.15779,0.0,0.0,0.0
1.854,-0.408,4.459,4.5434275,-2.936081,13.544491,0.0,0.0,0.0
3.238,0.781,6.257,5.788621,-1.5442764,15.436206,0.0,0.0,0.0
3.643,1.63,6.891,6.177118,-0.650792,16.085922,0.0,0.0,0.0
3.872,2.346,7.267,6.3992023,0.15187573,16.484886,0.0,0.0,0.0
4.131,3.126,7.683,6.67411,0.94999766,16.900808,0.0,0.0,0.0
3.878,3.19,8.166,6.5358505,1.0379016,17.357012,0.0,0.0,0.0
4.128,2.679,9.155,6.836749,0.5221529,18.330023,0.0,0.0,0.0
4.713,1.969,9.159,7.594804,-0.2100128,18.27588,0.0,0.0,0.0
4.673,1.504,8.366,7.611111,-0.6925607,17.460669,0.0,0.0,0.0
4.948,1.562,8.497,8.0316305,-0.7439585,17.516098,0.0,0.0,0.0
5.327,1.902,8.639,8.466277,-0.4416821,17.629131,0.0,0.0,0.0
4.799,2.222,7.682,8.166006,-0.18660307,16.57201,0.0,0.0,0.0
3.696,2.281,6.729,7.157593,-0.13917828,15.579452,0.0,0.0,0.0
3.092,2.418,7.058,6.843686,-0.024280548,15.783279,0.0,0.0,0.0
3.141,2.621,7.219,6.9955273,0.18929362,15.902306,0.0,0.0,0.0
2.812,2.637,6.71,7.004508,0.33201265,15.2703905,0.0,0.0,0.0
2.248,2.748,5.171,6.5689077,0.5186596,13.687466,0.0,0.0,0.0
1.93,3.116,3.282,6.69159,1.1482782,11.626204,0.0,0.0,0.0
1.774,3.425,2.78,6.6884294,1.5359948,11.053477,0.0,0.0,0.0
1.339,3.645,3.158,6.682745,1.931629,11.200334,0.0,0.0,0.0
1.069,3.714,3.514,6.53761,2.037212,11.479744,0.0,0.0,0.0
-0.055,3.997,4.755,5.692843,2.367847,12.5317955,0.0,0.0,0.0
-0.055,3.997,4.755,5.692843,2.367847,12.5317955,0.0,0.0,0.0
12.76,-7.771,6.352,18.507843,-9.400153,14.128796,0.0,0.0,0.0
17.23,-7.054,15.129,22.977842,-8.683153,22.905796,0.0,0.0,0.0
19.026,-5.36,18.483,24.773842,-6.989153,26.259796,0.0,0.0,0.0
19.026,0.778,18.94,24.385715,-1.0006937,26.957485,0.0,0.0,0.0
18.973,2.024,14.563,23.422522,0.20733047,23.111206,0.0,0.0,0.0
16.674,1.902,9.561,20.270239,0.3472247,18.551,0.0,0.0,0.0
10.248,1.613,4.945,13.399211,0.5029603,14.164984,0.0,0.0,0.0
4.956,0.987,1.058,8.198914,0.37004322,10.29235,0.0,0.0,0.0
3.759,-0.638,-1.521,7.468443,-0.85182786,7.5544987,0.0,0.0,0.0
4.89,-2.593,-2.664,9.182312,-2.5527508,6.1533017,0.0,0.0,0.0
4.101,-3.07,-2.194,8.9104,-2.9400306,6.3513584,0.0,0.0,0.0
2.178,-5.25,0.929,7.381897,-5.185967,9.240783,0.0,0.0,0.0
1.403,-6.553,2.07,6.8980036,-6.670581,10.191668,0.0,0.0,0.0
-1.64,-8.788,5.496,4.0248537,-9.190631,13.490854,0.0,0.0,0.0
-2.161,-9.745,7.298,3.6188881,-10.531801,15.18116,0.0,0.0,0.0
-0.697,-11.16,7.987,5.1724014,-12.43564,15.738983,0.0,0.0,0.0
0.177,-12.159,9.654,6.0820193,-14.016016,17.260092,0.0,0.0,0.0
1.567,-13.828,11.523,7.4847736,-16.319302,18.935404,0.0,0.0,0.0
4.794,-14.873,9.881,10.730083,-17.995827,17.035107,0.0,0.0,0.0
9.358,-14.512,5.523,15.340015,-18.281803,12.318178,0.0,0.0,0.0
14.014,-13.734,3.31,20.028795,-18.250135,9.602627,0.0,0.0,0.0
16.501,-12.448,4.901,22.478231,-17.795994,10.543875,0.0,0.0,0.0
16.864,-10.896,8.53,22.731354,-17.04996,13.416035,0.0,0.0,0.0
15.352,-8.579,10.979,21.050953,-15.408081,15.108887,0.0,0.0,0.0
14.019,-5.954,12.339,19.474987,-13.313926,15.836722,0.0,0.0,0.0
14.641,-3.752,12.309,19.81522,-11.502019,15.364329,0.0,0.0,0.0
14.993,-2.416,10.716,19.822195,-10.4466915,13.606895,0.0,0.0,0.0
14.648,-1.721,7.717,19.176472,-9.924548,10.609255,0.0,0.0,0.0
14.464,-3.683,0.251,18.870773,-11.931379,3.2031088,0.0,0.0,0.0
10.391,-4.093,-1.803,14.806511,-12.325047,1.181468,0.0,0.0,0.0
3.055,-6.236,0.046,7.5732203,-14.438195,2.9580576,0.0,0.0,0.0
0.305,-7.439,6.412,4.852763,-15.666717,9.203577,0.0,0.0,0.0
3.013,-7.844,13.054,7.4052873,-16.158852,15.83634,0.0,0.0,0.0
6.403,-8.532,3.14,10.549292,-16.891422,6.1564,0.0,0.0,0.0
5.743,-7.542,-5.513,9.656167,-15.932445,-2.2791271,0.0,0.0,0.0
6.644,-10.942,8.275,10.238373,-19.420795,11.645593,0.0,0.0,0.0
7.575,-12.278,5.217,11.019857,-20.774822,8.696559,0.0,0.0,0.0
6.55,-14.245,1.204,9.557632,-22.721235,5.1127005,0.0,0.0,0.0
2.924,-16.127,2.788,5.701624,-24.60802,6.8534055,0.0,0.0,0.0
0.04,-17.05,7.222,2.57256,-25.551296,11.403444,0.0,0.0,0.0
-0.884,-17.965,7.864,1.3896718,-26.477428,12.169733,0.0,0.0,0.0
-0.108,-17.387,5.492,1.931721,-25.895216,9.921465,0.0,0.0,0.0
1.069,-16.221,7.332,2.8338838,-24.713478,11.907301,0.0,0.0,0.0
1.466,-14.095,6.81,2.9007015,-22.525043,11.610668,0.0,0.0,0.0
2.388,-12.446,5.8,3.4018252,-20.763935,10.894554,0.0,0.0,0.0
5.106,-9.101,3.191,5.680763,-17.271297,8.584169,0.0,0.0,0.0
6.11,-6.31,4.136,6.260833,-14.350538,9.748251,0.0,0.0,0.0
4.504,-5.369,2.244,4.278811,-13.267412,8.052162,0.0,0.0,0.0
4.112,-5.108,4.215,3.4806788,-12.943354,10.078363,0.0,0.0,0.0
1.628,-4.965,3.129,0.73723483,-12.618307,9.195613,0.0,0.0,0.0
0.454,-4.764,0.442,-0.721616,-12.261446,6.6530066,0.0,0.0,0.0
1.125,-5.864,4.401,-0.17199922,-13.161968,10.82189,0.0,0.0,0.0
2.236,-6.847,3.793,0.94534767,-13.918976,10.463212,0.0,0.0,0.0
6.268,-6.879,4.635,5.03171,-13.74997,11.522071,0.0,0.0,0.0
7.767,-8.19,4.67,6.6701384,-14.952026,11.687284,0.0,0.0,0.0
8.548,-8.848,3.729,7.3618116,-15.66811,10.675182,0.0,0.0,0.0
6.306,-10.328,6.295,5.1686482,-17.264431,13.133329,0.0,0.0,0.0
4.153,-11.636,7.811,3.1853538,-18.711874,14.531569,0.0,0.0,0.0
1.929,-13.934,13.504,1.2138368,-21.095905,20.164783,0.0,0.0,0.0
-1.614,-13.841,11.858,-1.9558566,-20.947353,18.607315,0.0,0.0,0.0
0.219,-11.953,11.655,0.2740545,-18.995232,18.479538,0.0,0.0,0.0
-0.516,-10.87,13.012,0.11095637,-17.710836,20.01059,0.0,0.0,0.0
-2.866,-10.254,2.82,-1.6129827,-16.920588,9.902154,0.0,0.0,0.0
-4.031,-11.176,7.838,-2.166687,-17.69432,14.923632,0.0,0.0,0.0
-3.788,-11.135,7.301,-1.2378638,-17.474373,14.335169,0.0,0.0,0.0
3.687,-9.234,7.813,6.939542,-15.377434,14.730337,0.0,0.0,0.0
9.838,-6.956,6.178,13.823168,-12.844543,12.931803,0.0,0.0,0.0
9.392,-6.289,3.607,13.718349,-12.046061,10.263524,0.0,0.0,0.0
5.566,-6.516,2.047,10.3856535,-12.084719,8.522391,0.0,0.0,0.0
2.211,-6.671,1.197,7.40517,-12.123177,7.4790964,0.0,0.0,0.0
3.283,-5.795,1.173,8.774937,-11.22558,7.2159977,0.0,0.0,0.0
3.641,-4.689,1.105,9.410508,-10.12627,6.877283,0.0,0.0,0.0
1.622,-3.281,1.482,7.606764,-8.763624,6.985981,0.0,0.0,0.0
0.765,-2.388,1.445,6.841481,-8.025428,6.6858177,0.0,0.0,0.0
1.33,-5.012,0.978,7.407565,-10.908333,5.924395,0.0,0.0,0.0
5.303,-6.2,-0.812,11.270364,-12.478336,3.786198,0.0,0.0,0.0
7.406,-7.765,-3.604,13.246951,-14.424059,0.60439587,0.0,0.0,0.0
7.355,-8.23,1.517,13.100751,-15.196097,5.3419447,0.0,0.0,0.0
8.623,-8.94,3.612,14.336309,-16.06504,7.1844316,0.0,0.0,0.0
12.351,-8.324,-2.754,18.144226,-15.465076,0.65392613,0.0,0.0,0.0
13.614,-9.54,-4.19,19.639637,-16.615969,-1.0606616,0.0,0.0,0.0
12.537,-11.798,2.156,18.835041,-18.785955,4.926114,0.0,0.0,0.0
12.893,-12.357,10.047,19.441605,-19.196629,12.597617,0.0,0.0,0.0
14.229,-5.056,5.62,21.018175,-11.692628,8.07615,0.0,0.0,0.0
-1.177,-10.762,11.542,5.933284,-17.106802,13.856679,0.0,0.0,0.0
-5.093,-11.444,2.786,2.2658906,-17.565174,4.918681,0.0,0.0,0.0
5.296,-9.176,4.889,12.728807,-15.255075,6.8811316,0.0,0.0,0.0
6.691,-13.083,6.031,14.19001,-19.10503,7.946819,0.0,0.0,0.0
8.921,-13.201,3.367,16.460978,-19.172604,5.2798657,0.0,0.0,0.0
7.49,-9.459,-1.629,15.139725,-15.276966,0.3212161,0.0,0.0,0.0
3.418,-7.764,-0.624,11.085778,-13.523493,1.4263172,0.0,0.0,0.0
3.216,-7.128,-0.616,10.730454,-13.045031,1.5501244,0.0,0.0,0.0
4.02,-5.933,3.272,11.299163,-12.080246,5.5948305,0.0,0.0,0.0
3.076,-4.598,0.972,10.050788,-10.984194,3.568007,0.0,0.0,0.0
1.426,-4.262,2.833,8.014238,-10.893108,5.7984505,0.0,0.0,0.0
2.869,-4.243,2.236,9.001341,-11.099985,5.634016,0.0,0.0,0.0
4.589,-4.188,-0.553,10.25724,-11.2239895,3.2596502,0.0,0.0,0.0
6.815,-6.015,-0.777,12.058775,-13.228598,3.3018746,0.0,0.0,0.0
9.037,-7.704,3.32,13.918223,-15.14696,7.436598,0.0,0.0,0.0
11.672,-9.433,3.953,16.35447,-17.114067,7.857621,0.0,0.0,0.0
14.995,-11.346,-0.766,19.50959,-19.20703,2.9747314,0.0,0.0,0.0
14.917,-11.668,-0.428,19.278355,-19.62227,3.2973924,0.0,0.0,0.0
13.238,-9.643,3.693,17.488752,-17.652,7.4289618,0.0,0.0,0.0
10.985,-9.259,4.15,15.235752,-17.283216,7.8531666,0.0,0.0,0.0
10.112,-12.052,4.846,14.40592,-20.081406,8.487602,0.0,0.0,0.0
7.794,-9.508,6.238,12.230844,-17.501225,9.786683,0.0,0.0,0.0
7.227,-9.147,3.635,11.866844,-17.127985,6.943489,0.0,0.0,0.0
4.902,-12.87,1.392,9.712303,-20.898788,4.319439,0.0,0.0,0.0
4.395,18.051,-1.576,9.254936,9.947693,1.0484629,0.0,0.0,0.0
6.839,18.051,1.495,11.786292,9.908867,3.81886,0.0,0.0,0.0
8.86,18.943,-0.675,13.996859,10.855963,1.4185266,0.0,0.0,0.0
6.629,-14.412,3.044,11.99143,-22.40244,4.932807,0.0,0.0,0.0
7.798,-8.696,5.095,13.468561,-16.510998,6.809911,0.0,0.0,0.0
9.625,-6.596,4.987,15.664738,-14.1679,6.5226727,0.0,0.0,0.0
5.995,-5.661,4.626,12.400048,-12.991554,5.812881,0.0,0.0,0.0
0.593,-4.746,1.226,7.284366,-11.856003,2.1446197,0.0,0.0,0.0
-2.689,-1.966,-0.155,4.1762238,-8.941171,0.46632585,0.0,0.0,0.0
-2.651,-0.971,-0.587,4.2868843,-7.8976398,-0.3465165,0.0,0.0,0.0
-2.315,-1.823,-1.211,4.63807,-8.738449,-1.1694235,0.0,0.0,0.0
-0.271,-3.334,-2.153,6.671922,-10.248148,-2.553986,0.0,0.0,0.0
1.153,-3.576,-4.862,8.091084,-10.487272,-5.3793783,0.0,0.0,0.0
2.913,-4.373,-7.74,9.839422,-11.282658,-8.412066,0.0,0.0,0.0
4.488,-5.068,-8.711,11.373606,-11.982774,-9.682969,0.0,0.0,0.0
9.18,-6.356,-1.084,15.995809,-13.2876835,-2.3750825,0.0,0.0,0.0
13.065,-11.374,0.208,19.785084,-18.33643,-1.3842955,0.0,0.0,0.0
12.265,-10.257,-11.302,18.853794,-17.26378,-13.215952,0.0,0.0,0.0
11.308,-5.876,-14.192,17.82603,-12.882191,-16.336517,0.0,0.0,0.0
7.04,-4.128,-7.823,13.639442,-11.062979,-9.949925,0.0,0.0,0.0
5.672,-11.243,6.132,12.369398,-18.158825,4.2647657,0.0,0.0,0.0
6.644,-16.118,2.807,13.341555,-23.06006,1.0403855,0.0,0.0,0.0
5.721,-16.211,-11.141,12.257424,-23.236404,-13.163191,0.0,0.0,0.0
0.058,-6.626,1.722,6.310969,-13.852529,-0.47982776,0.0,0.0,0.0
-3.595,-2.974,9.658,2.2996504,-10.569885,7.727718,0.0,0.0,0.0
-0.62,-6.369,1.758,4.798968,-14.394871,0.2118504,0.0,0.0,0.0
8.554,-18.041,2.992,13.460344,-26.456312,1.8603448,0.0,0.0,0.0
2.825,-8.01,-5.113,7.169984,-16.778997,-5.7424273,0.0,0.0,0.0
2.545,-16.181,8.764,6.208292,-25.277695,8.735476,0.0,0.0,0.0
5.781,-18.096,-2.594,8.61845,-27.469349,-2.0844676,0.0,0.0,0.0
2.353,-9.498,1.772,4.3636494,-19.062046,2.5823812,0.0,0.0,0.0
-1.43,-9.634,4.514,-0.11212242,-19.286854,5.634722,0.0,0.0,0.0
0.372,-11.834,2.897,1.140865,-21.490898,4.4213114,0.0,0.0,0.0
0.185,-13.551,-3.671,0.65182805,-23.151379,-1.7254492,0.0,0.0,0.0
0.182,-13.956,-5.631,0.47283542,-23.48534,-3.333724,0.0,0.0,0.0
0.993,-13.603,-5.131,1.1216742,-23.065207,-2.557971,0.0,0.0,0.0
5.398,-12.502,-4.723,5.3806,-21.904108,-1.9354482,0.0,0.0,0.0
5.249,-11.996,-3.973,5.1573896,-21.358734,-1.0573113,0.0,0.0,0.0
3.678,-12.163,-3.567,3.5404704,-21.496761,-0.561615,0.0,0.0,0.0
6.417,-13.595,-3.072,6.2142477,-22.909653,-0.011521339,0.0,0.0,0.0
8.123,-13.075,-1.995,7.874125,-22.378681,1.0952975,0.0,0.0,0.0
4.777,-12.754,-3.273,4.5513296,-22.077919,-0.24249387,0.0,0.0,0.0
4.015,-14.501,0.031,3.8522377,-23.87746,2.8990808,0.0,0.0,0.0
4.006,-14.053,0.897,3.923762,-23.472195,3.625072,0.0,0.0,0.0
3.407,-13.961,-0.047,3.6059878,-23.495356,2.2392268,0.0,0.0,0.0
-1.282,-18.382,3.752,-0.7461978,-28.036304,5.388368,0.0,0.0,0.0
-3.592,18.643,2.848,-2.7516212,8.925533,3.8653464,0.0,0.0,0.0
-1.737,18.051,-4.801,-0.737902,8.307138,-4.3221145,0.0,0.0,0.0
3.975,18.136,0.186,5.103444,8.404618,-0.2580735,0.0,0.0,0.0
7.563,18.175,0.257,8.805769,8.478235,-0.5167495,0.0,0.0,0.0
6.856,-15.868,-0.906,8.829999,-25.33548,-2.5309663,0.0,0.0,0.0
1.819,-7.468,1.359,4.004514,-16.84537,-0.5007982,0.0,0.0,0.0
-0.679,-5.078,3.228,1.7458988,-14.302666,0.94857526,0.0,0.0,0.0
-2.136,-2.652,3.37,0.3890965,-11.753906,0.73379517,0.0,0.0,0.0
-2.536,-1.358,3.358,0.0061705112,-10.34966,0.38179564,0.0,0.0,0.0
-3.363,-1.368,2.436,-0.8677263,-10.276851,-0.81613374,0.0,0.0,0.0
-4.556,-0.612,0.576,-2.146906,-9.482761,-2.8410513,0.0,0.0,0.0
-3.99,0.386,-1.884,-1.6936674,-8.493016,-5.356796,0.0,0.0,0.0
-1.813,-1.057,-3.726,0.3906343,-9.995699,-7.1044645,0.0,0.0,0.0
-0.116,-5.145,-6.086,2.0526621,-14.177301,-9.230009,0.0,0.0,0.0
0.603,-7.431,-6.695,2.7768633,-16.561249,-9.538104,0.0,0.0,0.0
1.678,-12.688,-9.111,3.8518634,-21.818249,-11.954103,0.0,0.0,0.0
7.63,18.26,-12.571,9.662971,9.064839,-15.307134,0.0,0.0,0.0
3.176,18.051,0.295,5.177566,8.885637,-2.561611,0.0,0.0,0.0
3.176,18.051,0.295,5.177566,8.885637,-2.561611,0.0,0.0,0.0
3.176,18.051,0.295,5.177566,8.885637,-2.561611,0.0,0.0,0.0
3.176,18.051,0.295,5.177566,8.885637,-2.561611,0.0,0.0,0.0
3.176,18.051,0.295,5.177566,8.885637,-2.561611,0.0,0.0,0.0
3.176,18.051,0.295,5.177566,8.885637,-2.561611,0.0,0.0,0.0
-1.349,-9.695,3.434,0.5811224,-18.974564,0.9171114,0.0,0.0,0.0
-1.465,-12.495,-3.465,0.28660417,-21.884548,-5.6873074,0.0,0.0,0.0
0.23,-12.634,-6.533,1.9023587,-22.07624,-8.5866995,0.0,0.0,0.0
3.876,-11.314,-6.279,5.5054326,-20.805923,-8.127979,0.0,0.0,0.0
3.287,-12.823,-4.688,4.8910837,-22.36469,-6.2859354,0.0,0.0,0.0
3.246,-14.314,-4.015,4.755265,-23.906734,-5.383188,0.0,0.0,0.0
5.46,-15.46,-4.052,6.926258,-25.063906,-5.3882074,0.0,0.0,0.0
6.921,-14.257,-4.251,8.313185,-23.853533,-5.7134504,0.0,0.0,0.0
5.682,-15.21,0.169,7.0815415,-24.788574,-1.4002552,0.0,0.0,0.0
1.715,-14.69,1.894,3.3226895,-24.131575,-0.21368957,0.0,0.0,0.0
-0.537,-14.901,0.61,1.1614642,-24.261036,-1.7722968,0.0,0.0,0.0
-2.891,-17.83,2.499,-1.0489718,-26.960737,-0.56806874,0.0,0.0,0.0
-5.259,18.139,-0.785,-3.2958498,9.276122,-4.49523,0.0,0.0,0.0
-5.643,18.051,-2.785,-3.451009,9.634946,-7.316622,0.0,0.0,0.0
-4.788,18.234,-1.777,-2.4903734,9.976096,-6.541274,0.0,0.0,0.0
-2.681,18.18,0.604,-0.35710645,10.083735,-4.4179916,0.0,0.0,0.0
5.952,19.075,-0.666,8.576255,11.677815,-6.545227,0.0,0.0,0.0
-0.699,-9.841,1.463,2.1484828,-16.698204,-4.943322,0.0,0.0,0.0
-2.869,-5.022,3.238,-0.021112919,-11.653634,-3.4013786,0.0,0.0,0.0
-2.514,-1.84,3.023,0.02072835,-7.997769,-4.1761265,0.0,0.0,0.0
-2.554,-0.505,2.85,-0.31364608,-6.4499636,-4.6205177,0.0,0.0,0.0
-2.646,-0.265,2.622,-0.7297071,-6.0638638,-5.050768,0.0,0.0,0.0
-2.475,-0.593,1.692,-0.85037374,-6.3658466,-6.067202,0.0,0.0,0.0
-2.527,-0.776,-0.43,-1.1213033,-6.6024866,-8.191858,0.0,0.0,0.0
-2.214,-1.761,-3.912,-0.87032163,-7.73617,-11.571129,0.0,0.0,0.0
