0.5096741,-3.866806,-0.7992096,-1.9476085,-0.27916086,3.054204,0.10929012,0.80854475,13.3469305
0.5096741,-3.866806,-0.7992096,-1.5291443,0.5267774,2.8274794,0.123107344,-0.15148449,13.058159
0.5096741,-3.866806,-0.7992096,-0.6864705,1.1307266,2.0895185,-0.54278183,-0.85346043,12.063387
0.5096741,-3.866806,-0.7992096,0.04717064,1.3826618,0.8889084,1.3716624,-0.19443846,10.692579
0.5096741,-3.866806,-0.7992096,1.6246061,1.3758343,-0.5253825,1.7540909,-0.617085,8.64447
0.5096741,-3.866806,-0.7992096,2.22467,1.1080196,-0.65147686,1.660692,-1.033323,8.140627
0.5096741,-3.866806,-0.7992096,2.7173486,0.7441596,-0.7760439,1.4413441,-1.4009352,7.6853514
0.5096741,-3.866806,-0.7992096,2.8034244,0.33973348,-0.25392866,1.066589,-1.8742132,7.965781
0.5096741,-3.866806,-0.7992096,2.5896025,0.28602123,-0.23491001,0.9596879,-1.7256618,8.090807
0.5096741,-3.866806,-0.7992096,2.0016618,0.22922719,-0.7437091,0.7339961,-0.96917343,8.036269
0.5096741,-3.866806,-0.7992096,1.9850864,-0.0065569878,-1.3372726,0.51939267,-0.61076546,7.5514097
0.5096741,-3.866806,-0.7992096,1.875536,-0.1753143,-1.6175127,0.3419658,-0.39055896,7.378639
0.5096741,-3.866806,-0.7992096,1.3265085,-0.6043527,-2.358067,-0.23230669,0.343755,7.0656266
0.5096741,-3.866806,-0.7992096,1.2169285,-0.54689014,-2.7245317,-0.2090557,0.64985657,6.8507986
0.5096741,-3.866806,-0.7992096,1.2418404,-0.21546268,-3.0513983,0.121363044,0.8967066,6.6316214
0.5096741,-3.866806,-0.7992096,1.2099504,0.07951665,-3.385672,0.38490644,1.2035656,6.4397
0.5096741,-3.866806,-0.7992096,0.6567073,0.24251103,-2.6272244,0.37194815,1.186985,7.3889856
0.5096741,-3.866806,-0.7992096,0.6185236,0.0062031746,-2.6357207,0.7176006,-0.87558913,7.3473763
0.5096741,-3.866806,-0.7992096,0.8095317,-0.4765241,-2.6549435,-0.1468893,0.7944517,7.108797
0.5096741,-3.866806,-0.7992096,0.8902478,-0.7462084,-2.2379422,-0.30873773,0.38801408,7.3344283
0.5096741,-3.866806,-0.7992096,-1.6790905,-1.1484003,-1.3431206,-1.8950706,1.4621296,9.345104
0.5096741,-3.866806,-0.7992096,-3.8379235,-0.90190387,0.96405697,-2.3506646,1.8093977,12.576658
0.5096741,-3.866806,-0.7992096,-5.2941537,-0.6588448,2.8024764,-2.3760297,1.7508702,15.060691
0.5096741,-3.866806,-0.7992096,-4.965117,-0.110333204,3.975194,-1.3962069,0.9351511,15.942024
0.5096741,-3.866806,-0.7992096,-4.2029715,0.64146733,3.2992883,-0.2738437,1.0310631,15.081465
0.5096741,-3.866806,-0.7992096,-2.933735,1.2463093,1.5620522,0.700608,1.3918409,12.996012
0.5096741,-3.866806,-0.7992096,-1.4105835,1.6242368,-0.032324314,1.3190155,1.364533,10.82015
0.5096741,-3.866806,-0.7992096,0.2488761,1.5339158,-1.399118,1.4892684,0.96585584,8.701404
0.5096741,-3.866806,-0.7992096,2.1720805,1.4254112,-2.1364026,1.7356306,-0.049105883,6.92583
0.5096741,-3.866806,-0.7992096,2.5845184,1.3125036,-2.6957684,1.7170547,-0.043299675,6.240221
0.5096741,-3.866806,-0.7992096,2.5581918,1.2887722,-2.9386587,1.7034554,0.11419392,6.074868
0.5096741,-3.866806,-0.7992096,1.6650853,0.95488656,-2.9606667,1.1915704,0.73277473,6.5673504
0.5096741,-3.866806,-0.7992096,0.96092844,0.28533745,-2.5030427,0.40365827,0.82711935,7.2722955
0.5096741,-3.866806,-0.7992096,1.1869717,-0.45637703,-2.3029995,-0.2285299,0.3350737,7.207326
0.5096741,-3.866806,-0.7992096,1.4312034,-0.76346886,-2.5129719,-0.42024,0.1269722,6.8480134
0.5096741,-3.866806,-0.7992096,0.25279713,-0.7826153,-2.3902197,-0.77000254,0.9221444,7.582624
0.5096741,-3.866806,-0.7992096,-0.07849121,-0.80610406,-2.4106722,-0.90250707,1.1168339,7.7077284
0.5096741,-3.866806,-0.7992096,-0.63973,-0.9553206,-2.1163797,-1.2146466,1.3273354,8.205473
0.5096741,-3.866806,-0.7992096,-1.9814868,-0.49949408,-0.7524357,-1.3073399,1.7109351,10.13147
0.5096741,-3.866806,-0.7992096,-2.9418268,-0.37232757,-0.03621006,-1.5619335,2.035143,11.294212
0.5096741,-3.866806,-0.7992096,-4.784683,0.42943954,0.9832263,-1.5474669,2.9962912,13.366417
0.5096741,-3.866806,-0.7992096,-2.2403398,0.5983689,1.3432918,-0.2899143,0.98460627,12.28215
0.5096741,-3.866806,-0.7992096,-1.1914659,0.9291891,1.6735368,0.4874255,0.17516232,12.001062
0.5096741,-3.866806,-0.7992096,0.00810957,2.1143267,2.5565152,2.122799,-0.836678,12.214949
0.5096741,-3.866806,-0.7992096,0.9418464,2.2620025,1.7873812,2.5439985,-1.0524945,11.078967
0.5096741,-3.866806,-0.7992096,1.6214056,1.8484415,0.894207,2.3290675,-1.1881382,9.901875
0.5096741,-3.866806,-0.7992096,2.022695,1.1231409,0.25419664,1.8127639,-1.2504668,9.053273
0.5096741,-3.866806,-0.7992096,2.2786875,0.39625025,-0.0055327415,1.256727,-1.5104356,8.5865345
0.5096741,-3.866806,-0.7992096,2.2203922,-0.1231159,-0.5488477,0.82761806,-1.2945657,8.107922
0.5096741,-3.866806,-0.7992096,1.7149177,-0.45279884,-1.1592202,0.30370992,-0.7192302,7.83682
0.5096741,-3.866806,-0.7992096,1.7806363,-0.95520616,-1.2427158,0.023547828,-0.95366335,7.634692
0.5096741,-3.866806,-0.7992096,1.904841,-1.1169448,-1.578845,0.015877664,-0.94896054,7.263432
0.5096741,-3.866806,-0.7992096,1.4754467,-0.7294731,-1.1128054,0.24149185,-0.73242736,7.9756284
0.5096741,-3.866806,-0.7992096,-0.068982124,-0.12834382,0.033003807,-0.13537776,-0.060534477,9.824771
0.5096741,-3.866806,-0.7992096,-0.8620572,0.08098316,0.35363483,-0.5551466,0.32635498,10.484931
0.5096741,-3.866806,-0.7992096,0.12034249,0.3440447,-2.2416868,0.051933646,1.3413849,7.9747114
0.5096741,-3.866806,-0.7992096,-0.11831212,-1.2018199,-1.304327,-0.88241816,-0.19646645,8.276168
0.5096741,-3.866806,-0.7992096,-1.2475061,-1.574692,1.3955564,0.33954144,2.147995,10.9266205
0.5096741,-3.866806,-0.7992096,-1.8566301,-0.55715346,3.5153112,-1.5159242,-0.9105067,13.410517
0.5096741,-3.866806,-0.7992096,-2.3044343,0.8201623,2.729762,-0.95892465,0.80725,13.250994
0.5096741,-3.866806,-0.7992096,-1.9038744,1.0927348,0.8583727,1.6461768,-0.2996236,11.466752
0.5096741,-3.866806,-0.7992096,-0.991719,0.69046545,-0.49900436,-0.28278077,1.2762218,9.830051
0.5096741,-3.866806,-0.7992096,-0.07228851,0.13597107,-1.8621063,-0.07502657,0.8657484,8.152563
0.5096741,-3.866806,-0.7992096,0.60365176,-0.41321135,-3.1142035,0.040202826,0.5267041,6.651596
0.5096741,-3.866806,-0.7992096,0.9379673,-0.6785929,-3.9317255,0.20368403,0.38594556,5.7313232
0.19621277,-10.359726,-2.2456665,0.41053188,-0.9696832,-4.193039,-0.29977977,0.3348794,5.5068383
0.61135864,-2.2001953,-4.8717804,-0.004672408,-1.2893727,-4.12527,-0.6997045,0.1012907,5.54279
-0.47018433,-2.4191437,-3.8476563,-0.075045824,-1.8287156,-3.4218311,-0.8197018,-0.6923045,6.0773654
-0.6963043,-2.371292,-2.8330994,0.5131264,-1.3966441,-3.3314867,0.18510723,-0.5854956,6.2100334
0.4127655,-5.7547455,-0.50608826,0.9233621,-1.0420737,-3.3687983,0.7423452,-0.26480436,6.2477007
1.812561,-7.454834,-1.4320984,1.1396176,0.22113061,-2.5498896,1.0594285,0.88231087,7.367655
1.7982025,-8.805588,-5.170883,0.17736642,0.5499072,-0.8550968,0.1529201,0.750129,9.114574
3.8883362,-12.052643,-9.588043,-0.606253,-0.5615883,-1.1882486,-0.64376605,-0.23461163,8.531746
1.0660095,-13.990829,-5.44487,-1.3421943,-1.3381612,0.8458128,-1.5017288,-1.3141072,10.377171
-0.102890015,-12.707077,-0.1878357,-0.24224102,-0.69017696,2.1193676,-0.31668165,-1.1045476,11.73186
-2.3784637,-11.633896,-0.36489868,0.70471126,0.47676682,3.4346504,0.8519841,-0.2849797,13.229173
-3.2781677,-12.486938,-3.9314117,1.1520021,2.2293215,4.711423,2.164826,0.8630245,14.609065
-3.0520477,-14.070999,-1.3339996,1.2971406,2.9177797,3.8220587,3.087613,0.5881268,13.669926
-3.1322021,-11.534607,4.646866,1.7863938,2.8345325,2.691618,3.356257,-0.80603546,12.367203
0.23568726,-9.3714905,1.5517426,2.0840893,2.1469712,-0.34463978,2.8224607,-0.88805735,9.243835
0.29551697,-8.181061,-1.1018982,2.2310622,1.5311368,-1.4486465,-0.52569497,-2.4616487,8.050368
2.0685883,-9.890732,2.4622192,2.1051865,1.3179678,-1.9506721,2.1579614,-0.52687395,7.5617495
2.376068,-12.522842,4.947159,1.5281281,0.5560204,-2.7427378,-0.038622856,-1.2081038,6.856067
3.1477509,-13.001404,3.225525,2.1386337,-0.31554055,-2.757226,0.8824554,-0.9179208,6.542556
3.8955078,-11.277374,1.6534424,1.6963043,-0.88151586,-2.7075825,0.2025133,-0.8711952,6.6151733
3.8225403,-7.808975,1.3148499,0.88728,-0.43923116,-2.761858,0.048386574,-0.08114438,6.8742237
3.583252,-5.720047,2.047058,1.1714926,0.0680995,-3.625679,0.6057742,0.56011724,6.0861816
3.8692017,-5.1649017,1.3842468,0.8335748,0.040939093,-3.3459797,0.3897105,0.7810273,6.4704514
2.9479523,-5.7224426,0.2763672,-0.23151565,-0.19260192,-1.264226,-0.39630854,0.5138643,8.680662
2.271988,-6.027527,-0.08255005,-0.42193365,-0.25577712,-0.7009611,-0.5458775,0.35870218,9.251541
1.3818512,-6.317047,-1.3363953,0.18759489,0.062126637,-0.94866943,0.09592199,0.37803984,8.919571
0.948761,-7.3710938,-7.462021,-0.79661655,-0.3673494,-0.48162842,-0.89305526,0.37445164,9.554169
1.3136597,-8.005188,-7.6546326,-1.0479369,-0.7277498,1.8620539,-1.0882359,-0.8166914,11.607705
3.2996979,-9.537796,-4.813156,-1.2646742,-0.13310623,2.3222485,-0.7838066,-0.33689117,12.313065
4.433899,-10.619354,-2.5639038,-2.4321487,1.2363925,2.2667007,-0.47699744,1.3251157,13.062183
4.6241302,-12.318253,-0.9308014,-1.9057596,1.3874443,1.2045412,0.010570109,1.5457568,11.955689
3.8033905,-12.796814,-0.06819153,-1.0819745,1.2156079,0.853673,0.40929598,1.0279899,11.273907
4.656433,-11.931808,0.17347717,-0.12840939,0.9775994,0.07196903,0.72319883,0.5914254,10.130021
4.844269,-10.246063,-0.34695435,0.1883645,1.0194764,-1.2683802,0.68031144,-1.1080719,8.810179
1.9740753,-11.576477,-0.3744812,0.6880522,0.6184304,-1.8668203,0.7587411,0.6728928,7.9866457
1.5696869,-9.9218445,0.84825134,0.93372345,0.34463048,-2.0891552,0.6691,0.43302178,7.634101
1.8879395,-8.949158,1.4703827,1.7549496,-0.38269997,-2.7103033,0.562873,-0.2928393,6.617689
3.677765,-10.327423,3.4049835,2.3613858,-0.64265394,-3.3671503,0.73395544,-0.56254554,5.7481165
3.8356934,-12.384048,4.5260315,2.3231368,-0.7178271,-4.1527424,0.61885315,-0.22678208,5.0397744
3.3619232,-11.955734,4.6576233,2.3231368,-0.7178271,-4.1527424,0.61885315,-0.22678208,5.0397744
2.987442,-10.175476,4.1611176,2.3231368,-0.7178271,-4.1527424,0.61885315,-0.22678208,5.0397744
1.2191467,-9.303299,3.0891266,2.3231368,-0.7178271,-4.1527424,0.61885315,-0.22678208,5.0397744
0.11605835,-8.610565,1.8017883,2.3231368,-0.7178271,-4.1527424,0.61885315,-0.22678208,5.0397744
0.09211731,-7.0707855,1.0049896,-1.0345113,0.27517247,-3.931075,2.8996513,0.1952675,6.9512725
-0.56111145,-6.045471,-0.12322998,-1.0345113,0.27517247,-3.931075,2.8996513,0.1952675,6.9512725
-0.48812866,-5.8013916,-1.0205383,-3.3064485,0.97376394,1.9923034,-2.1020617,0.6522436,13.124182
0.50608826,-5.5633087,-1.6247253,-2.490025,1.3008032,2.469788,-1.087366,0.3467145,13.3688965
1.1078796,-5.598007,-2.1403809,-3.703549,4.105288,2.6409736,-0.40266693,2.5713844,15.353746
1.3794556,-5.8815613,-2.5435638,-2.6903887,3.9309525,3.6850195,0.66465616,1.4576049,15.612127
1.8963165,-6.838684,-2.1750793,0.22590303,3.986277,4.299984,3.276517,0.22106647,14.669455
1.8305054,-9.060425,-8.475372,1.7041116,3.4879735,4.0281534,4.106274,-0.5683403,13.563175
1.6223297,-9.475571,-7.4285126,3.2978177,2.0669787,3.194538,4.188243,-1.962378,11.796818
0.66400146,-11.063217,-2.7062836,2.743803,1.2261679,-1.0681896,2.6942751,-0.31384182,8.128749
0.7166443,-13.372284,-0.5383911,2.6543581,2.0406353,0.15589046,3.3313105,-0.24840426,9.533202
0.38404846,-11.672195,-1.9346008,2.355167,2.7862728,-2.3610077,3.3897674,1.4741623,7.5217414
-0.0035858154,-12.252441,-2.9742737,-0.21688771,3.1698895,-2.9163399,1.2749915,3.6163967,7.832733
0.21894836,-13.984848,-1.0133667,0.24159908,2.425117,-4.4805813,1.1441562,3.346999,6.131915
-0.06819153,-12.754944,3.9026947,0.7439816,-0.39080143,-5.3972416,0.013638973,1.2588633,4.4914336
1.4536438,-8.487335,5.495117,1.4262655,-1.1300628,-7.0278664,1.0162718,-0.7820665,2.66118
2.2540436,-7.306488,3.500702,2.5474997,-1.7693343,-7.275861,0.99941087,0.6708478,1.989388
4.043869,-11.894714,3.5617218,1.4134449,-2.971556,-6.321986,0.003845185,-0.40818995,2.691255
4.5009003,-12.680771,4.585846,5.197397,-2.882566,-1.214345,5.044425,-1.789457,6.9521136
4.618149,-11.388641,3.8392792,4.3793845,-2.151458,-2.4193983,4.2038736,-0.44861042,6.3733625
4.1982117,-9.559326,2.2695923,7.5908,-1.7668378,1.9614267,7.960861,-0.8402684,10.519245
3.9230347,-8.362915,1.5876312,3.243838,-5.7748966,2.4557457,-6.4315042,2.9105484,10.065613
3.3882294,-6.0717926,0.7645111,0.7568623,-6.158887,5.4986515,5.3538556,-5.5236497,12.899452
2.4885406,-6.4905243,-0.06700134,0.99188924,-4.968834,4.2770157,5.298908,-3.0630863,12.357161
1.7527466,-6.9355927,-0.65563965,2.2892778,-3.4777417,1.9211359,4.3824234,-0.23602772,11.135148
0.7393799,-5.7475586,-2.2540436,0.86504316,-1.5019112,0.17083073,1.6797985,0.4513259,9.894983
-0.090927124,-5.5991974,-4.332199,0.75871706,-1.735806,0.9267645,-1.68445,1.0780909,10.475915
0.16749573,-7.4847565,-6.4941254,2.0702715,-1.8186705,2.1729965,2.499189,0.6545315,12.181761
1.2873383,-9.031708,-6.4630127,2.0702715,-1.8186705,2.5761795,2.5832076,0.44964743,12.518688
2.9108734,-8.8498535,-2.2899323,4.7978187,-2.3275537,1.2652426,-4.2180977,-0.6346841,13.247906
3.0149536,-9.340378,-1.3674927,5.407371,-1.1706547,0.22035837,-0.11393905,3.978507,13.655957
3.657425,-10.669601,0.55274963,7.3351693,-1.9827372,-2.12999,-1.0581049,6.8917418,13.502204
4.543976,-9.604797,0.68434143,10.961189,-0.1557884,-2.996121,-5.1178465,7.9043093,16.1689
4.4805603,-9.128616,-0.13279724,12.232466,2.1449883,-5.989764,-9.132627,8.725954,15.33515
1.9226379,-10.405182,-0.6508484,10.220531,5.5110836,-8.204739,-12.561533,6.0038905,12.689409
-0.31944275,-12.232117,1.524231,10.293534,7.831563,-8.175974,9.389785,-11.738428,12.666376
1.0935211,-12.010773,2.6883392,7.565941,5.1877117,-4.1532254,-9.514766,0.6368124,13.042208
0.6915283,-13.902298,5.091919,6.2554255,3.3567998,-2.5716715,5.8771057,-3.346502,13.164107
-1.0552368,-14.809174,7.356735,4.775365,-0.018740416,-0.95754004,2.3561552,-2.1124792,13.508988
-2.7182465,-13.66301,7.3651123,3.3472948,-2.2479432,-1.3222938,-1.3843269,2.7370005,12.738981
-2.099701,-11.735596,3.9912262,1.638649,-3.8148823,-1.5017903,-0.7342917,-4.0068164,11.509622
-0.07058716,-9.821335,0.66760254,-3.1476984,-13.917223,-3.7203505,5.9560375,13.39907,8.248232
0.45463562,-9.348755,-0.06341553,-5.5819063,-12.952023,-2.949641,7.0673623,11.869162,5.709292
1.0372925,-7.4763794,-1.0683899,-3.7834396,-9.738323,-4.2504964,3.5940018,10.111349,6.333923
1.6115723,-6.611374,-1.351944,-0.064600945,-5.9201703,-6.357299,-1.4498942,8.45472,8.43428
1.6630096,-5.748749,-1.8352966,-3.305317,1.7118722,-6.5303664,4.2953014,-2.463212,4.151185
1.0337067,-4.266403,-4.1312103,-3.2526894,0.76055884,-5.726263,-3.3805766,2.5683577,4.7151117
0.5970154,-4.1120605,-4.114456,-3.9597712,0.37582064,-2.0049925,-0.3270194,0.52380097,5.395333
0.24885559,-4.779663,-2.774475,-3.8345594,-0.6061239,-0.4090116,-1.3409802,-0.28381896,6.1515527
0.18902588,-5.909073,-1.5912323,-3.587757,-0.8264028,0.3112347,1.8558183,0.16302228,6.6158557
0.4402771,-7.348358,-1.0348969,-1.4164181,-0.89627576,-0.19041085,0.818977,0.73092353,8.525701
1.0085754,-8.548355,-1.8556366,-0.66597843,-1.5263972,-1.5633826,-0.08934721,2.1441338,9.024161
1.0743713,-9.762711,-3.1011047,-0.6789694,0.5815642,-4.166979,-3.4076807,2.096782,8.33895
1.3830566,-11.109879,-4.372879,-0.2884903,0.44798183,-1.602843,-1.4861361,0.6302353,9.309435
1.3758698,-11.75235,-5.1218414,4.5948257,-0.62433344,3.1344347,2.3658152,-1.5659117,14.631351
-1.3710938,-14.575882,-3.8069763,4.9366655,-2.9299607,6.6219873,6.8036413,-2.0867805,14.921517
-2.5435638,-14.221741,-2.3856506,4.706197,-4.793581,8.735211,9.7240305,-1.8901367,14.633787
-2.568695,-10.179062,-1.8843536,4.4689407,-4.7850556,6.8474927,8.222356,-0.65453553,14.467207
-1.7001038,-8.335403,-2.5435638,4.162924,-5.111205,5.2114205,7.0190735,0.7714772,14.361944
-2.0805664,-9.623932,-2.1355896,3.078453,-6.7489705,2.2831502,-6.142945,-3.252771,13.25947
-5.4436646,-12.874588,1.2263184,1.9209156,-6.947837,1.8144629,-6.0687475,-3.61578,12.119886
-5.9329987,-13.205994,8.9730835,0.06567192,-5.703319,1.1946192,4.3123274,3.8924615,10.266921
-1.105484,-9.261414,7.191635,-2.3457136,-3.9433825,2.1481657,4.3293133,1.8977115,7.9837413
0.090927124,-8.403595,4.388443,-2.9746962,-2.5942342,0.33592832,2.1615465,1.908849,7.090821
2.1391907,-11.010574,1.6366882,-3.5156088,-3.5727353,-0.8599616,1.7591579,3.4384794,6.498222
2.6273193,-14.254044,3.3152618,-3.409752,-2.7854614,-1.3898509,0.8487616,3.113001,6.50427
3.2195435,-14.648865,4.4111633,-1.3537273,-1.504358,-1.1325511,0.050009787,1.8922225,8.466749
5.493927,-10.450653,3.6394806,-0.8741665,-1.7522659,-1.0066401,0.18879074,2.039213,8.998011
5.5034943,-7.865204,2.1667023,-0.07530117,-2.070903,-0.98481834,0.16403013,2.2883306,9.835223
4.874176,-6.233307,-0.032302856,-2.6018114,0.5883033,0.060477138,0.4210322,-0.45272768,7.211087
4.106079,-5.0021973,-1.414154,-2.7975597,0.14298224,1.6816039,2.1117992,-0.72205526,7.420541
0.6759796,-6.2392883,-5.108673,-2.1696033,-0.345294,1.4176123,1.9782428,-0.057768226,8.098067
0.9762726,-6.55513,-4.8095703,0.042201996,-2.2476878,-0.47011042,0.34324598,2.197416,10.379743
1.0432739,-6.6508484,-2.9144592,2.4547367,-3.1907601,-1.6153288,-0.12909956,-3.1737635,12.760719
-0.20219421,-6.1136627,-3.4169464,2.8477592,-2.9678726,-0.14755833,-0.073794484,2.0224557,13.390505
0.11843872,-6.2357025,-3.2063751,0.64573,-2.0352163,0.9523251,1.3144119,1.3340185,11.206193
2.4155579,-8.465805,-1.578064,-0.36594105,-1.6595387,1.1059432,1.5791501,1.2291417,10.133126
2.9240265,-9.996017,-0.8614197,-0.5663481,-2.5358357,1.2291422,-2.5925057,-1.1631243,10.240306
2.7960205,-10.9040985,-0.9224396,0.4125824,-3.0077813,1.9059169,2.5345201,1.9969302,11.368052
1.7970123,-11.699707,-1.529007,1.5500479,-1.9146011,2.5156846,2.6827228,0.46495658,12.039101
1.5493469,-10.692322,-3.152542,0.8581276,-1.5907047,3.9028943,4.071822,0.0066918135,11.192121
3.3643036,-8.949158,-3.6514435,-3.3163338,-1.8024011,6.5104456,6.9967856,1.2710689,7.3445354
4.369293,-9.261414,-1.4440613,-4.34301,-2.1628804,5.5218005,6.16362,2.4433818,6.6333632
2.9742737,-11.994019,1.6594238,-3.3591366,-2.062358,4.786575,-5.7756658,0.69626975,7.660651
1.701294,-11.288147,4.412369,-1.5351782,-0.8977771,3.4104645,3.5397027,1.0334721,8.712811
2.2001953,-8.718246,5.7224426,-2.7941341,-0.20426655,3.120975,2.9927063,1.4296892,7.239727
3.4301147,-10.961517,8.082962,-3.9376302,0.1910305,2.5998962,2.2078185,2.071092,6.1821504
2.0410767,-13.836502,8.657227,-4.8434567,0.9449916,1.8285663,1.0503072,2.4279375,5.257177
1.2813568,-14.218155,8.047058,-5.1808834,1.78193,0.905704,-1.6780055,-1.9471052,4.884231
0.4295044,-12.849457,5.93898,-4.26422,3.3459249,-0.9860542,-1.9870503,0.8468898,4.7385635
-1.4309082,-11.850449,3.473175,-2.7815228,5.277379,0.23004389,-0.60150874,-0.50373256,3.8884618
-1.071991,-10.935196,2.1475525,-2.5882006,4.72746,3.2961583,1.8614671,1.2094679,3.8918853
-1.1976013,-10.796417,-0.8159485,-2.3364916,4.4615126,2.6581178,0.68699294,1.4718945,4.348496
0.17945862,-10.790436,-1.9992065,0.11546767,1.3398056,-0.2542925,0.6921537,0.22348088,8.647316
2.0829468,-9.537796,-6.5946198,0.4925492,-14.914611,2.1590204,5.09996,5.1358113,23.034025
0.8889313,-5.7296143,-5.268997,-4.992957,-13.559188,7.3328867,4.552681,11.633261,20.126183
-0.4857483,-4.344162,-2.4921265,-4.831484,-4.38945,1.6238155,-1.3664792,5.1124024,13.959161
-0.49172974,-3.4671936,-0.62931824,-4.334653,2.537384,-2.430309,2.870514,-4.7278123,9.070524
0.14955139,-1.7252197,0.24526978,-4.2074943,5.033183,0.35705423,-4.7864323,2.1308649,5.8426986
-0.71066284,-1.5828552,0.56829834,-1.8279471,1.9754171,2.4499846,-0.80694747,2.6480494,7.443864
-1.3746796,-3.6849518,-0.50608826,-0.7725345,0.11507797,1.7542157,0.29254425,1.7942758,9.188333
-1.2346954,-4.754532,-1.4680023,-0.06527436,-0.57897854,1.4608564,-1.5724132,-0.032227427,9.799061
-0.31944275,-7.1186523,-0.5515442,0.069770455,-1.0038414,2.1318812,1.4950116,1.8197519,9.911188
0.10647583,-10.804794,-0.5204315,-0.76572573,-1.3647709,3.7655337,-4.0236087,-0.661887,9.781101
-0.2907257,-10.93042,-1.8999023,-2.2301123,-2.3852901,5.4864883,-6.002305,-2.119821,10.299864
-1.5517426,-9.662216,-2.3270264,-2.2423656,2.2922258,6.92458,0.8317423,6.203835,5.441682
-2.1846466,-9.690933,-1.2215424,-1.0660292,1.799839,6.1658654,1.6100123,4.9972177,5.9557524
-5.168503,-11.358734,0.5312042,-0.115557075,-0.25948906,5.2400794,-4.930929,-0.49669048,8.080857
-5.8492584,-11.789444,0.36012268,6.9059935,-3.4138231,6.020235,9.694667,1.2415462,9.557303
-5.448456,-11.181656,-0.95951843,2.2195942,-4.3710985,11.070295,8.901817,8.199556,9.475752
-2.0362854,-9.607178,-1.2646027,-1.1233373,-2.6432867,7.4427977,4.0319114,6.883872,9.815906
-4.41835,-14.556732,3.4648132,-0.3997121,0.22361565,3.4397578,1.4376986,2.8716073,8.491887
-3.8165588,-16.025925,9.312866,-1.2834945,2.2704306,-0.1557262,0.91798925,-1.7468084,8.09422
0.7920227,-11.79303,7.6654053,0.28187394,0.24492931,1.2011561,-1.0407168,0.1445769,9.115113
1.4225311,-11.022537,4.792816,0.24081397,0.60604477,3.6246228,1.7948476,2.6693,8.013182
3.2817535,-13.227524,6.4582214,-1.2680471,-0.33753014,2.9087744,0.5601613,3.125309,9.488058
4.6528473,-14.714661,8.518448,-1.6909761,-0.107439995,1.960787,-0.3333611,2.5677328,9.700588
4.8179474,-13.23111,10.505692,-1.3437893,1.2763472,1.3430102,-0.8591189,1.702901,8.541521
4.8191376,-9.196808,10.472183,-1.7412882,1.2544184,1.0692358,-1.3078327,1.702395,8.738783
4.3549347,-5.3850403,6.90329,-0.672585,0.09889126,1.6107697,0.18388557,1.6890855,9.394454
2.7852478,-7.101898,1.1665039,-0.101803064,0.5816498,1.2513902,0.28409916,1.0051358,8.8991
1.4356995,-8.242081,-2.9599152,1.3364816,2.1368523,-1.7195599,-0.48634624,-2.5134044,8.14669
-1.298111,-6.665207,-11.19722,1.0290732,1.7446346,-1.2963464,-0.39357758,-1.9521536,8.458524
-1.5900269,-8.274384,-2.3090668,0.8064079,1.0788145,2.842907,-2.2663171,-0.057927698,7.625662
-0.83509827,-8.804398,1.199997,1.6597617,2.6290379,4.822526,2.4662151,2.609791,5.3311405
0.0059814453,-7.5876465,2.7840424,1.9305034,4.435131,6.5115004,2.7847195,3.560744,3.0714214
0.5240326,-6.7453613,0.3672943,4.8681245,4.1809006,3.7144153,-2.8666267,3.3744206,3.859282
0.45224,-7.6534424,-0.11605835,4.6807384,4.5044155,4.2095394,4.511526,0.055633485,3.5167906
0.9990082,-7.8747864,0.19621277,3.8947186,4.9516726,3.3615072,3.4261038,-0.5416266,3.56517
1.6307068,-4.901703,1.4727783,2.2661564,4.5244627,1.5243795,1.3612211,-1.2849662,4.864394
0.93440247,-5.21875,2.477768,0.5113221,-1.6079426,1.3811073,1.5095758,1.3368874,10.636288
0.124420166,-6.6927185,1.3962097,0.13490033,-4.878151,2.4948092,2.7097063,3.5499163,12.983787
0.67118835,-8.507675,-4.0989075,0.34325433,-11.624096,4.7278066,6.310501,7.911866,17.234274
0.122039795,-9.320038,-6.940384,-1.6645525,-8.091042,3.259241,-5.7192607,-4.34277,15.03051
0.59820557,-9.694519,-4.7162476,-3.16414,-6.259133,2.2439432,0.6612817,5.8698063,14.203454
2.2181396,-9.604797,-0.49771118,-6.27704,-2.9052057,-0.2863989,-4.1485505,4.1000147,13.535305
3.9421692,-9.893127,-0.06341553,-2.6783285,-0.3863697,1.7594476,0.0035290718,-3.2243223,9.657948
5.0608215,-12.604187,1.5254211,-0.027837992,0.7396951,2.2455482,-0.9903786,-1.057521,7.9381723
0.5312042,-10.29393,4.8514404,0.1262734,3.1272879,1.8752084,-0.6686199,0.008857489,6.2198486
0.5312042,-10.29393,4.8514404,-0.72648716,1.2119756,2.0511937,-0.45107877,1.3554199,7.7662015
1.0552368,-13.180862,6.8901367,-0.3214394,0.2716961,1.2475753,0.044864416,0.96893716,8.916295
0.017944336,-14.600998,4.388443,1.3577428,-0.6687565,-0.7640786,1.1140904,-1.0020843,10.599838
-1.1904297,-14.163116,3.254242,2.7555425,1.0866251,-0.761899,1.629544,-2.4427176,8.951095
-1.676178,-12.920044,1.7922211,1.8429836,2.688527,0.33253765,0.7731472,-1.7056904,7.118117
-0.050247192,-13.441681,-3.0101776,1.3950245,3.5176773,1.5159922,0.64687157,-0.85037804,5.872595
0.19979858,-11.52742,-4.536789,0.9753107,4.71319,6.709408,-3.3105972,-1.229132,2.3426883
-1.002594,-6.969101,-3.637085,0.13169414,4.6368246,7.413328,1.7907937,3.6900802,2.083226
-1.3986053,-5.242676,-1.9226379,-1.0035884,2.7554235,7.385706,1.5733364,4.9023366,3.7535586
0.7549286,-11.560928,-0.08375549,-0.14898074,-1.8041115,0.3135592,0.17906676,0.4643787,11.575157
1.1365967,-12.579071,-1.6725769,0.2518432,-2.8202925,-1.2803438,0.0,0.0,0.0
0.6125641,-12.24646,-2.3030853,-0.16810745,-2.4748964,-2.0247333,0.0,0.0,0.0
0.9415741,-10.660019,-3.357132,0.28913486,-0.8750963,-3.3587546,0.0,0.0,0.0
-0.093322754,-10.651657,-4.249649,-0.7078785,-0.86544037,-4.400203,0.0,0.0,0.0
-1.076767,-11.60878,-2.128418,-1.7344636,-1.8263311,-2.3321652,0.0,0.0,0.0
-2.013565,-11.842072,2.3114624,-2.762219,-2.0642376,2.2492292,0.0,0.0,0.0
-1.6737823,-11.560928,3.6909332,-2.467174,-1.7877779,3.8535745,0.0,0.0,0.0
-0.4175415,-9.330811,5.8289185,-1.200084,0.43222904,6.319901,0.0,0.0,0.0
3.2434692,-8.425125,6.1340027,2.4132295,1.3372335,6.5552335,0.0,0.0,0.0
4.3142548,-9.645462,5.946167,3.351879,0.11250782,6.1081777,0.0,0.0,0.0
7.8711853,-13.200012,5.52861,6.7100916,-3.463872,5.355915,0.0,0.0,0.0
7.367508,-12.764511,4.823929,5.7192163,-3.118248,4.189004,0.0,0.0,0.0
11.781067,-4.3094788,1.188034,9.847467,5.27732,0.46354485,0.0,0.0,0.0
6.1256256,-6.114853,3.8237305,4.0171337,3.441887,3.196538,0.0,0.0,0.0
3.1250305,-5.9940186,0.21894836,1.012944,3.5650578,-0.35858548,0.0,0.0,0.0
2.7792664,-5.863617,0.39361572,0.76302385,3.7105703,-0.2697783,0.0,0.0,0.0
1.1365967,-3.3356018,0.79322815,-0.81386423,6.2408667,-0.017542124,0.0,0.0,0.0
-1.5062866,-5.291733,-0.5670929,-3.523903,4.2415276,-1.6700659,0.0,0.0,0.0
-2.0817566,-6.932007,-1.9465637,-4.1196423,2.5449352,-3.431481,0.0,0.0,0.0
-1.2753754,-9.361923,-4.6325073,-3.2164626,0.0791235,-6.440604,0.0,0.0,0.0
-0.9020996,-10.097717,-2.2660065,-2.7343554,-0.6661892,-4.230568,0.0,0.0,0.0
-0.61735535,-10.715057,-0.5156555,-2.3561196,-1.2535505,-2.420117,0.0,0.0,0.0
-0.48812866,-11.1349945,1.5409851,-2.1865745,-1.6356106,-0.2046864,0.0,0.0,0.0
1.1198425,-12.570694,2.835495,-0.59291995,-3.0008583,1.5490001,0.0,0.0,0.0
4.2723846,-12.763321,1.1401825,2.474155,-3.1608295,0.2864179,0.0,0.0,0.0
5.8923187,-13.028915,-0.18066406,4.008056,-3.407858,0.05426845,0.0,0.0,0.0
7.5350037,-13.883163,0.8147583,5.7100286,-4.2866173,1.6785643,0.0,0.0,0.0
3.9505463,-10.913666,0.3529358,2.1845274,-1.3573904,1.6679131,0.0,0.0,0.0
2.646469,-9.274582,0.60658264,0.93985105,0.24552536,2.226892,0.0,0.0,0.0
3.139389,-11.270187,3.0723877,1.5776386,-1.8106213,5.133438,0.0,0.0,0.0
2.148758,-11.989243,4.470993,0.67779815,-2.5835285,6.824543,0.0,0.0,0.0
1.0181427,-12.715454,3.723236,-0.37647498,-3.3870935,6.407843,0.0,0.0,0.0
0.92362976,-11.820541,0.6807556,-0.46829855,-2.5119228,3.434397,0.0,0.0,0.0
-0.086135864,-9.458832,-2.173874,-1.4829541,-0.14707279,0.5666423,0.0,0.0,0.0
-0.3517456,-8.568695,-2.642868,-1.6793423,0.7640543,0.06040144,0.0,0.0,0.0
-0.4008026,-6.9188538,-3.583252,-1.6432184,2.4271116,-0.8851559,0.0,0.0,0.0
-0.90808105,-5.6698,-4.051056,-2.0446773,3.6963444,-1.3763835,0.0,0.0,0.0
-0.90808105,-5.6698,-4.051056,-1.9672114,3.714118,-1.4070597,0.0,0.0,0.0
-0.90808105,-5.6698,-4.051056,-1.9672114,3.714118,-1.4070597,0.0,0.0,0.0
-0.90808105,-5.6698,-4.051056,-1.9672114,3.714118,-1.4070597,0.0,0.0,0.0
-0.90808105,-5.6698,-4.051056,-1.9672114,3.714118,-1.4070597,0.0,0.0,0.0
-0.90808105,-5.6698,-4.051056,-1.9672114,3.714118,-1.4070597,0.0,0.0,0.0
-0.90808105,-5.6698,-4.051056,-1.9672114,3.714118,-1.4070597,0.0,0.0,0.0
-0.90808105,-5.6698,-4.051056,-1.9672114,3.714118,-1.4070597,0.0,0.0,0.0
-0.90808105,-5.6698,-4.051056,-1.9672114,3.714118,-1.4070597,0.0,0.0,0.0
-0.90808105,-5.6698,-4.051056,-1.9672114,3.714118,-1.4070597,0.0,0.0,0.0
-0.90808105,-5.6698,-4.051056,-1.9672114,3.714118,-1.4070597,0.0,0.0,0.0
-0.90808105,-5.6698,-4.051056,-1.9672114,3.714118,-1.4070597,0.0,0.0,0.0
-0.90808105,-5.6698,-4.051056,-1.9672114,3.714118,-1.4070597,0.0,0.0,0.0
-0.90808105,-5.6698,-4.051056,-1.9672114,3.714118,-1.4070597,0.0,0.0,0.0
-0.90808105,-5.6698,-4.051056,-1.9672114,3.714118,-1.4070597,0.0,0.0,0.0
-0.90808105,-5.6698,-4.051056,-1.9672114,3.714118,-1.4070597,0.0,0.0,0.0
-0.90808105,-5.6698,-4.051056,-1.9672114,3.714118,-1.4070597,0.0,0.0,0.0
-0.90808105,-5.6698,-4.051056,-1.9672114,3.714118,-1.4070597,0.0,0.0,0.0
-0.90808105,-5.6698,-4.051056,-1.9672114,3.714118,-1.4070597,0.0,0.0,0.0
-0.90808105,-5.6698,-4.051056,-1.9672114,3.714118,-1.4070597,0.0,0.0,0.0
-0.90808105,-5.6698,-4.051056,-1.9672114,3.714118,-1.4070597,0.0,0.0,0.0
-0.90808105,-5.6698,-4.051056,-1.9672114,3.714118,-1.4070597,0.0,0.0,0.0
-0.90808105,-5.6698,-4.051056,-1.9672114,3.714118,-1.4070597,0.0,0.0,0.0
-0.90808105,-5.6698,-4.051056,-1.9672114,3.714118,-1.4070597,0.0,0.0,0.0
-0.90808105,-5.6698,-4.051056,-1.9672114,3.714118,-1.4070597,0.0,0.0,0.0
-0.90808105,-5.6698,-4.051056,-1.9672114,3.714118,-1.4070597,0.0,0.0,0.0
-0.90808105,-5.6698,-4.051056,-1.9672114,3.714118,-1.4070597,0.0,0.0,0.0
-0.90808105,-5.6698,-4.051056,-1.9672114,3.714118,-1.4070597,0.0,0.0,0.0
-0.90808105,-5.6698,-4.051056,-1.9672114,3.714118,-1.4070597,0.0,0.0,0.0
-0.90808105,-5.6698,-4.051056,-1.9672114,3.714118,-1.4070597,0.0,0.0,0.0
-0.90808105,-5.6698,-4.051056,-1.9672114,3.714118,-1.4070597,0.0,0.0,0.0
-0.90808105,-5.6698,-4.051056,-1.9672114,3.714118,-1.4070597,0.0,0.0,0.0
-0.90808105,-5.6698,-4.051056,-1.9672114,3.714118,-1.4070597,0.0,0.0,0.0
-0.90808105,-5.6698,-4.051056,-1.9672114,3.714118,-1.4070597,0.0,0.0,0.0
-0.90808105,-5.6698,-4.051056,-1.9672114,3.714118,-1.4070597,0.0,0.0,0.0
-0.01675415,-8.173889,0.17468262,-1.2174397,1.2301989,2.6830442,0.0,0.0,0.0
0.98464966,-7.2801666,-1.0648041,-0.21603584,2.1239214,1.4435575,0.0,0.0,0.0
1.3435669,-6.5599213,-1.1892395,0.1428814,2.8441668,1.3191221,0.0,0.0,0.0
1.3435669,-6.5599213,-1.1892395,-0.60820293,2.8311195,0.85265446,0.0,0.0,0.0
1.3435669,-6.5599213,-1.1892395,-0.95777965,2.7684803,0.77420557,0.0,0.0,0.0
1.3435669,-6.5599213,-1.1892395,-0.95777965,2.7684803,0.77420557,0.0,0.0,0.0
1.3435669,-6.5599213,-1.1892395,-0.95777965,2.7684803,0.77420557,0.0,0.0,0.0
1.3435669,-6.5599213,-1.1892395,-0.95777965,2.7684803,0.77420557,0.0,0.0,0.0
1.3435669,-6.5599213,-1.1892395,-0.95777965,2.7684803,0.77420557,0.0,0.0,0.0
1.3435669,-6.5599213,-1.1892395,-0.95777965,2.7684803,0.77420557,0.0,0.0,0.0
1.3435669,-6.5599213,-1.1892395,-0.95777965,2.7684803,0.77420557,0.0,0.0,0.0
1.3435669,-6.5599213,-1.1892395,-0.95777965,2.7684803,0.77420557,0.0,0.0,0.0
1.3435669,-6.5599213,-1.1892395,-0.95777965,2.7684803,0.77420557,0.0,0.0,0.0
1.3435669,-6.5599213,-1.1892395,-0.95777965,2.7684803,0.77420557,0.0,0.0,0.0
1.3435669,-6.5599213,-1.1892395,-0.95777965,2.7684803,0.77420557,0.0,0.0,0.0
1.3435669,-6.5599213,-1.1892395,-0.95777965,2.7684803,0.77420557,0.0,0.0,0.0
1.3435669,-6.5599213,-1.1892395,-0.95777965,2.7684803,0.77420557,0.0,0.0,0.0
1.3435669,-6.5599213,-1.1892395,-0.95777965,2.7684803,0.77420557,0.0,0.0,0.0
1.3435669,-6.5599213,-1.1892395,-0.95777965,2.7684803,0.77420557,0.0,0.0,0.0
1.3435669,-6.5599213,-1.1892395,-0.95777965,2.7684803,0.77420557,0.0,0.0,0.0
1.3435669,-6.5599213,-1.1892395,-0.95777965,2.7684803,0.77420557,0.0,0.0,0.0
1.3435669,-6.5599213,-1.1892395,-0.95777965,2.7684803,0.77420557,0.0,0.0,0.0
1.3435669,-6.5599213,-1.1892395,-0.95777965,2.7684803,0.77420557,0.0,0.0,0.0
1.3435669,-6.5599213,-1.1892395,-0.95777965,2.7684803,0.77420557,0.0,0.0,0.0
1.3435669,-6.5599213,-1.1892395,-0.95777965,2.7684803,0.77420557,0.0,0.0,0.0
1.3435669,-6.5599213,-1.1892395,-0.95777965,2.7684803,0.77420557,0.0,0.0,0.0
1.3435669,-6.5599213,-1.1892395,-0.95777965,2.7684803,0.77420557,0.0,0.0,0.0
1.3435669,-6.5599213,-1.1892395,-0.95777965,2.7684803,0.77420557,0.0,0.0,0.0
1.3435669,-6.5599213,-1.1892395,-0.95777965,2.7684803,0.77420557,0.0,0.0,0.0
1.3435669,-6.5599213,-1.1892395,-0.95777965,2.7684803,0.77420557,0.0,0.0,0.0
1.3435669,-6.5599213,-1.1892395,-0.95777965,2.7684803,0.77420557,0.0,0.0,0.0
1.3435669,-6.5599213,-1.1892395,-0.95777965,2.7684803,0.77420557,0.0,0.0,0.0
1.3435669,-6.5599213,-1.1892395,-0.95777965,2.7684803,0.77420557,0.0,0.0,0.0
1.3435669,-6.5599213,-1.1892395,-0.95777965,2.7684803,0.77420557,0.0,0.0,0.0
1.3435669,-6.5599213,-1.1892395,-0.95777965,2.7684803,0.77420557,0.0,0.0,0.0
1.3435669,-6.5599213,-1.1892395,-0.95777965,2.7684803,0.77420557,0.0,0.0,0.0
1.3435669,-6.5599213,-1.1892395,-0.95777965,2.7684803,0.77420557,0.0,0.0,0.0
1.3435669,-6.5599213,-1.1892395,-0.95777965,2.7684803,0.77420557,0.0,0.0,0.0
1.3435669,-6.5599213,-1.1892395,-0.95777965,2.7684803,0.77420557,0.0,0.0,0.0
1.3435669,-6.5599213,-1.1892395,-0.95777965,2.7684803,0.77420557,0.0,0.0,0.0
1.3435669,-6.5599213,-1.1892395,-0.95777965,2.7684803,0.77420557,0.0,0.0,0.0
1.3435669,-6.5599213,-1.1892395,-0.95777965,2.7684803,0.77420557,0.0,0.0,0.0
1.3435669,-6.5599213,-1.1892395,-0.95777965,2.7684803,0.77420557,0.0,0.0,0.0
1.3435669,-6.5599213,-1.1892395,-0.95777965,2.7684803,0.77420557,0.0,0.0,0.0
1.3435669,-6.5599213,-1.1892395,-0.95777965,2.7684803,0.77420557,0.0,0.0,0.0
1.3435669,-6.5599213,-1.1892395,-0.95777965,2.7684803,0.77420557,0.0,0.0,0.0
1.3435669,-6.5599213,-1.1892395,-0.95777965,2.7684803,0.77420557,0.0,0.0,0.0
1.3435669,-6.5599213,-1.1892395,-0.95777965,2.7684803,0.77420557,0.0,0.0,0.0
1.3435669,-6.5599213,-1.1892395,-0.95777965,2.7684803,0.77420557,0.0,0.0,0.0
1.3435669,-6.5599213,-1.1892395,-0.95777965,2.7684803,0.77420557,0.0,0.0,0.0
1.3435669,-6.5599213,-1.1892395,-0.95777965,2.7684803,0.77420557,0.0,0.0,0.0
1.3435669,-6.5599213,-1.1892395,-0.95777965,2.7684803,0.77420557,0.0,0.0,0.0
1.3435669,-6.5599213,-1.1892395,-0.95777965,2.7684803,0.77420557,0.0,0.0,0.0
1.3435669,-6.5599213,-1.1892395,-0.95777965,2.7684803,0.77420557,0.0,0.0,0.0
1.3435669,-6.5599213,-1.1892395,-0.95777965,2.7684803,0.77420557,0.0,0.0,0.0
1.3435669,-6.5599213,-1.1892395,-0.95777965,2.7684803,0.77420557,0.0,0.0,0.0
1.3435669,-6.5599213,-1.1892395,-0.95777965,2.7684803,0.77420557,0.0,0.0,0.0
1.3435669,-6.5599213,-1.1892395,-0.95777965,2.7684803,0.77420557,0.0,0.0,0.0
1.3435669,-6.5599213,-1.1892395,-0.95777965,2.7684803,0.77420557,0.0,0.0,0.0
1.3435669,-6.5599213,-1.1892395,-0.95777965,2.7684803,0.77420557,0.0,0.0,0.0
1.3435669,-6.5599213,-1.1892395,-0.95777965,2.7684803,0.77420557,0.0,0.0,0.0
1.3435669,-6.5599213,-1.1892395,-0.95777965,2.7684803,0.77420557,0.0,0.0,0.0
1.3435669,-6.5599213,-1.1892395,-0.95777965,2.7684803,0.77420557,0.0,0.0,0.0
1.3435669,-6.5599213,-1.1892395,-0.95777965,2.7684803,0.77420557,0.0,0.0,0.0
1.3435669,-6.5599213,-1.1892395,-0.95777965,2.7684803,0.77420557,0.0,0.0,0.0
1.3435669,-6.5599213,-1.1892395,-0.95777965,2.7684803,0.77420557,0.0,0.0,0.0
1.3435669,-6.5599213,-1.1892395,-0.95777965,2.7684803,0.77420557,0.0,0.0,0.0
1.3435669,-6.5599213,-1.1892395,-0.95777965,2.7684803,0.77420557,0.0,0.0,0.0
1.3435669,-6.5599213,-1.1892395,-0.95777965,2.7684803,0.77420557,0.0,0.0,0.0
1.3435669,-6.5599213,-1.1892395,-0.95777965,2.7684803,0.77420557,0.0,0.0,0.0
1.3435669,-6.5599213,-1.1892395,-0.95777965,2.7684803,0.77420557,0.0,0.0,0.0
1.3435669,-6.5599213,-1.1892395,-0.95777965,2.7684803,0.77420557,0.0,0.0,0.0
1.3435669,-6.5599213,-1.1892395,-0.95777965,2.7684803,0.77420557,0.0,0.0,0.0
1.3435669,-6.5599213,-1.1892395,-0.95777965,2.7684803,0.77420557,0.0,0.0,0.0
1.3435669,-6.5599213,-1.1892395,-0.95777965,2.7684803,0.77420557,0.0,0.0,0.0
1.3435669,-6.5599213,-1.1892395,-0.95777965,2.7684803,0.77420557,0.0,0.0,0.0
1.3435669,-6.5599213,-1.1892395,-0.95777965,2.7684803,0.77420557,0.0,0.0,0.0
1.3435669,-6.5599213,-1.1892395,-0.95777965,2.7684803,0.77420557,0.0,0.0,0.0
1.3435669,-6.5599213,-1.1892395,-0.95777965,2.7684803,0.77420557,0.0,0.0,0.0
1.3435669,-6.5599213,-1.1892395,-0.95777965,2.7684803,0.77420557,0.0,0.0,0.0
1.3435669,-6.5599213,-1.1892395,-0.95777965,2.7684803,0.77420557,0.0,0.0,0.0
1.3435669,-6.5599213,-1.1892395,-0.95777965,2.7684803,0.77420557,0.0,0.0,0.0
1.3435669,-6.5599213,-1.1892395,-0.95777965,2.7684803,0.77420557,0.0,0.0,0.0
0.92481995,-10.569092,-4.2879333,-1.9625823,-1.6030531,-1.5596657,0.0,0.0,0.0
1.7288208,-8.787643,-2.5208435,-0.7487507,0.1621542,0.6308465,0.0,0.0,0.0
1.7060852,-6.686737,-0.5395813,0.35308385,2.2732592,3.2098513,0.0,0.0,0.0
1.2418823,-6.2165527,-0.4630127,0.38894624,2.7216244,3.4805744,0.0,0.0,0.0
0.0993042,-5.0907288,-0.87457275,-0.7029335,3.928668,2.8907018,0.0,0.0,0.0
-1.1282196,-4.104889,-1.0528412,-2.0407605,4.958581,2.5791218,0.0,0.0,0.0
-1.0707855,-4.1024933,-1.2873383,-2.0603118,4.9659567,2.3118901,0.0,0.0,0.0
-0.37208557,-4.7365875,-1.640274,-1.2221514,4.385335,1.8580551,0.0,0.0,0.0
-0.37088013,-6.08136,-2.0685883,-1.2908098,2.9824553,1.5606492,0.0,0.0,0.0
1.002594,-7.9501495,-4.155136,0.31933814,1.2108955,-0.7231114,0.0,0.0,0.0
1.0540314,-10.177872,-5.9940186,0.6078253,-1.0034971,-2.5585952,0.0,0.0,0.0
-0.6281128,-11.28096,-2.4179535,-0.932871,-2.0429497,0.8587339,0.0,0.0,0.0
-1.4644012,-12.44986,-1.984848,-1.5897336,-3.0041113,0.6481199,0.0,0.0,0.0
-2.1930237,-13.414169,-3.439682,-2.2918878,-3.8213882,-1.405191,0.0,0.0,0.0
0.053833008,-11.581268,-4.43869,-0.0821487,-1.8887033,-2.953404,0.0,0.0,0.0
1.483551,-10.597809,-1.3471527,1.2987549,-0.8957901,0.069556355,0.0,0.0,0.0
-3.7710876,-11.819351,6.8004,-4.159922,-2.1060324,8.092929,0.0,0.0,0.0
-4.943573,-13.207184,7.7970123,-5.601976,-3.4909124,8.95069,0.0,0.0,0.0
-1.2897339,-13.263412,6.233307,-1.9852934,-3.5295105,7.2016783,0.0,0.0,0.0
0.1986084,-14.526825,4.997406,-0.4683662,-4.753474,5.4525404,0.0,0.0,0.0
2.769699,-13.873581,4.989029,2.0741603,-4.0918083,5.048493,0.0,0.0,0.0
2.7649078,-12.440277,5.5214386,1.9681019,-2.6684961,5.302827,0.0,0.0,0.0
1.5385895,-10.831116,5.09552,0.5605577,-1.0801144,4.732467,0.0,0.0,0.0
0.673584,-10.325027,1.8951111,-0.40355968,-0.5852699,1.5113442,0.0,0.0,0.0
-0.1375885,-8.891724,-2.4813538,-1.2873454,0.8399792,-2.8587184,0.0,0.0,0.0
-0.8446655,-6.9667053,-4.4781647,-2.0810242,2.760641,-4.621509,0.0,0.0,0.0
1.0779724,-5.3599243,-1.9944153,-0.26224864,4.3544216,-1.9191356,0.0,0.0,0.0
1.4955139,-5.5322113,-0.061019897,-0.13106275,4.1294365,0.35994366,0.0,0.0,0.0
0.7393799,-5.8540344,1.2681885,-1.1037766,3.7600565,1.8533554,0.0,0.0,0.0
0.54914856,-5.148163,0.6352997,-1.4670861,4.426078,1.2979419,0.0,0.0,0.0
1.0803528,-5.355133,0.06939697,-1.1440792,4.171978,0.74500453,0.0,0.0,0.0
1.3040924,-5.62912,0.8638153,-1.0055015,3.8790455,1.5202794,0.0,0.0,0.0
1.2741852,-6.4546356,1.5565338,-1.2165325,3.0107393,2.1675947,0.0,0.0,0.0
1.7348022,-7.4656067,0.7405853,-0.73010373,2.010583,1.2850666,0.0,0.0,0.0
2.6572266,-8.522034,-0.624527,0.23365259,0.97222805,-0.2299872,0.0,0.0,0.0
2.4394836,-8.756531,-1.6881409,0.06918454,0.7589598,-1.6015677,0.0,0.0,0.0
0.65682983,-8.172684,-1.9405823,-1.6451404,1.3594475,-2.0395606,0.0,0.0,0.0
0.5359955,-8.439484,-1.3076782,-1.5781245,1.1304379,-1.6504346,0.0,0.0,0.0
1.4883423,-9.952942,-0.55992126,-0.48507452,-0.35663605,-0.99227345,0.0,0.0,0.0
1.7778625,-11.44606,-1.5302124,-0.06412208,-1.8265953,-2.02355,0.0,0.0,0.0
3.0879364,-11.789444,-2.116455,1.3843267,-2.1452293,-2.6236353,0.0,0.0,0.0
4.0869446,-11.9066925,-2.1308136,2.423256,-2.256423,-2.6550627,0.0,0.0,0.0
4.352539,-12.232117,-1.199997,2.682493,-2.581684,-1.7004861,0.0,0.0,0.0
5.1469574,-12.5898285,3.2805634,3.467638,-2.9381151,2.8393104,0.0,0.0,0.0
7.441681,-13.770691,9.306885,5.781825,-4.1118717,8.956904,0.0,0.0,0.0
8.021942,-12.973877,10.572693,6.3924375,-3.3052788,10.3902025,0.0,0.0,0.0
6.63649,-12.047867,9.346359,4.9898753,-2.3821983,9.162252,0.0,0.0,0.0
-1.7467651,-9.698105,-1.0444641,-3.356755,-0.03455162,-1.4849935,0.0,0.0,0.0
-3.0604248,-9.571289,-3.3475647,-4.590715,0.09936905,-3.9016058,0.0,0.0,0.0
-4.6037903,-9.207581,-1.6223297,-6.063446,0.47696018,-2.1217823,0.0,0.0,0.0
-2.6990967,-9.73999,1.7036896,-4.0458937,-0.026873589,1.5946614,0.0,0.0,0.0
-0.12083435,-8.98027,3.9194489,-1.3995212,0.7410021,4.0989194,0.0,0.0,0.0
0.9643097,-9.1250305,5.1266174,-0.2558024,0.587615,5.715031,0.0,0.0,0.0
1.7826538,-10.2556305,2.8390808,0.63267946,-0.5522814,3.6715212,0.0,0.0,0.0
-0.5024872,-9.625122,-2.8546448,-1.4567707,0.073848724,-1.7639128,0.0,0.0,0.0
-0.8027954,-9.320038,-2.6871338,-1.5567064,0.39164543,-1.5534587,0.0,0.0,0.0
-0.7908325,-8.230118,-0.88534546,-1.1986011,1.5052834,0.22193873,0.0,0.0,0.0
-1.4943237,-7.701294,-0.14237976,-1.6141683,2.037119,1.0062473,0.0,0.0,0.0
-1.1066742,-7.249054,0.4355011,-0.9390142,2.4755888,1.6899331,0.0,0.0,0.0
0.33021545,-7.1928253,1.7599182,0.8026594,2.4934568,3.2170143,0.0,0.0,0.0
1.5086823,-6.571884,0.12322998,2.0476923,3.105339,1.6169488,0.0,0.0,0.0
1.1772614,-5.6685944,-0.59939575,1.8905932,3.9970493,0.89622045,0.0,0.0,0.0
0.22132874,-6.2691956,-1.4620209,0.956592,3.3892212,0.06923866,0.0,0.0,0.0
0.59461975,-7.828125,-3.098709,1.3366153,1.8164654,-1.4857292,0.0,0.0,0.0
1.1676941,-9.457626,-4.153946,1.8861382,0.1823101,-2.5029309,0.0,0.0,0.0
0.7680969,-11.224731,-4.3369904,1.4562967,-1.6012259,-2.5806031,0.0,0.0,0.0
1.2801666,-9.316452,0.9403839,2.0066395,0.2913952,2.7657306,0.0,0.0,0.0
0.9104614,-8.462219,0.47616577,1.7063177,1.1198997,2.404895,0.0,0.0,0.0
-0.4857483,-8.823532,0.8661957,0.28487116,0.7536125,2.8295684,0.0,0.0,0.0
-2.3246307,-11.718842,4.6839447,-1.6012757,-2.143096,6.671969,0.0,0.0,0.0
-2.1188507,-12.586243,5.7966156,-1.4310437,-3.0319328,7.897204,0.0,0.0,0.0
-0.2979126,-12.789642,4.7162476,0.38559395,-3.2753544,6.992544,0.0,0.0,0.0
3.0137634,-12.802795,3.5150604,3.6881537,-3.3546715,6.0544586,0.0,0.0,0.0
4.536789,-14.054245,3.7567291,5.1415462,-4.6452026,6.45387,0.0,0.0,0.0
4.955536,-13.879562,4.3046875,5.346916,-4.5021935,7.1475997,0.0,0.0,0.0
4.2628174,-11.471191,2.1667023,4.5279894,-2.0710573,4.948346,0.0,0.0,0.0
2.0865479,-10.261627,-0.31944275,2.359912,-0.77124786,2.1358292,0.0,0.0,0.0
0.7525482,-8.821136,-2.4825592,1.0690657,0.7458706,-0.3512299,0.0,0.0,0.0
0.017944336,-5.65065,-2.5579224,0.36931843,3.9892511,-0.79178834,0.0,0.0,0.0
0.06939697,-4.700699,-2.4311066,0.4520941,4.96817,-0.83834326,0.0,0.0,0.0
0.7393799,-4.5009003,-1.5888367,1.123216,5.185568,-0.10714984,0.0,0.0,0.0
0.25125122,-4.95195,0.3912201,0.6440973,4.749036,1.7721395,0.0,0.0,0.0
0.093322754,-5.358719,0.2536316,0.51153636,4.351078,1.5633391,0.0,0.0,0.0
0.27876282,-7.5673065,-1.5541382,0.7272802,2.14964,-0.30907977,0.0,0.0,0.0
0.43429565,-8.967102,-3.9110718,0.8773361,0.76417065,-2.7812767,0.0,0.0,0.0
1.3375854,-10.606186,-4.1814575,1.7554184,-0.86266613,-3.1520762,0.0,0.0,0.0
1.9776611,-12.82074,-2.8594208,2.3726158,-3.073391,-1.8576305,0.0,0.0,0.0
1.8556366,-13.807785,-1.0372925,2.267694,-4.0717125,0.062477708,0.0,0.0,0.0
2.5076752,-12.557526,-0.29312134,2.9750953,-2.8377876,0.9228543,0.0,0.0,0.0
2.5818481,-12.105286,1.5960083,3.1791759,-2.4117794,2.9559846,0.0,0.0,0.0
2.445465,-13.077972,6.029907,3.1266418,-3.4100447,7.5257483,0.0,0.0,0.0
1.8556366,-9.018555,5.54895,2.6202507,0.58619785,7.3750057,0.0,0.0,0.0
1.2897339,-7.9704895,5.523834,2.131308,1.5869226,7.553121,0.0,0.0,0.0
0.18544006,-11.131409,3.3140564,1.1217601,-1.5966606,5.4074454,0.0,0.0,0.0
0.053833008,-11.970093,3.1142578,1.1009198,-2.4128637,5.0464535,0.0,0.0,0.0
-0.39840698,-12.273987,1.174881,0.74756765,-2.6950216,2.9357233,0.0,0.0,0.0
2.4969177,-13.152145,-2.9216309,3.772832,-3.5655775,-1.2967778,0.0,0.0,0.0
1.8472595,-10.395615,-1.7898254,3.3072212,-0.8188181,-0.26539814,0.0,0.0,0.0
0.54914856,-7.7240295,-1.2275238,2.2322328,1.8258533,0.23444426,0.0,0.0,0.0
-0.32661438,-6.3888397,-0.51924133,1.598106,3.1216707,0.90062606,0.0,0.0,0.0
-0.6137543,-5.7427673,-0.44267273,1.4677966,3.7319975,0.99481225,0.0,0.0,0.0
