-7.8625584,-0.4405331,-4.8745947,0.0,0.0,0.0,0.0,0.0,0.0
-7.8625584,-0.4405331,-4.8745947,0.0,0.0,0.0,0.0,0.0,0.0
-9.184157,0.06703765,-4.9895163,0.0,0.0,0.0,0.0,0.0,0.0
-9.184157,0.06703765,-4.9895163,0.0,0.0,0.0,0.0,0.0,0.0
-10.812215,0.39264908,-5.1523223,0.0,0.0,0.0,0.0,0.0,0.0
-10.812215,0.39264908,-5.1523223,0.0,0.0,0.0,0.0,0.0,0.0
-13.551182,0.93852705,-5.0757074,0.0,0.0,0.0,0.0,0.0,0.0
-13.551182,0.93852705,-5.0757074,0.0,0.0,0.0,0.0,0.0,0.0
-13.599066,1.3215994,-4.855441,0.0,0.0,0.0,0.0,0.0,0.0
-13.599066,1.3215994,-4.855441,0.0,0.0,0.0,0.0,0.0,0.0
-12.804191,1.5514427,-4.7788267,0.0,0.0,0.0,0.0,0.0,0.0
-12.804191,1.5514427,-4.7788267,0.0,0.0,0.0,0.0,0.0,0.0
-13.685257,1.9057846,-6.2632318,0.0,0.0,0.0,0.0,0.0,0.0
-13.685257,1.9057846,-6.2632318,0.0,0.0,0.0,0.0,0.0,0.0
-14.4130945,1.2162545,-7.469909,0.0,0.0,0.0,0.0,0.0,0.0
-14.4130945,1.2162545,-7.469909,0.0,0.0,0.0,0.0,0.0,0.0
-12.679692,0.33518824,-8.073248,0.0,0.0,0.0,0.0,0.0,0.0
-12.679692,0.33518824,-8.073248,0.0,0.0,0.0,0.0,0.0,0.0
-10.630256,-0.17238252,-7.383718,0.0,0.0,0.0,0.0,0.0,0.0
-10.630256,-0.17238252,-7.383718,0.0,0.0,0.0,0.0,0.0,0.0
-9.701305,-1.6472107,-5.3438582,0.0,0.0,0.0,0.0,0.0,0.0
-9.701305,-1.6472107,-5.3438582,0.0,0.0,0.0,0.0,0.0,0.0
-10.5919485,-2.0685902,-3.9073372,0.0,0.0,0.0,0.0,0.0,0.0
-10.5919485,-2.0685902,-3.9073372,0.0,0.0,0.0,0.0,0.0,0.0
-11.894394,-2.2984335,-2.5953147,0.0,0.0,0.0,0.0,0.0,0.0
-11.894394,-2.2984335,-2.5953147,0.0,0.0,0.0,0.0,0.0,0.0
-12.0093155,-2.825158,-1.4939818,0.0,0.0,0.0,0.0,0.0,0.0
-12.0093155,-2.825158,-1.4939818,0.0,0.0,0.0,0.0,0.0,0.0
-9.030929,-3.5051112,-0.7757214,0.0,0.0,0.0,0.0,0.0,0.0
-9.030929,-3.5051112,-0.7757214,0.0,0.0,0.0,0.0,0.0,0.0
-7.0964136,-3.2465374,-0.31603462,0.0,0.0,0.0,0.0,0.0,0.0
-7.0964136,-3.2465374,-0.31603462,0.0,0.0,0.0,0.0,0.0,0.0
-5.2768207,-2.4612393,-0.17238252,0.0,0.0,0.0,0.0,0.0,0.0
-5.2768207,-2.4612393,-0.17238252,0.0,0.0,0.0,0.0,0.0,0.0
-4.0414124,-0.545878,-1.2641385,0.0,0.0,0.0,0.0,0.0,0.0
-4.0414124,-0.545878,-1.2641385,0.0,0.0,0.0,0.0,0.0,0.0
-3.9935284,0.21068975,-2.135628,0.0,0.0,0.0,0.0,0.0,0.0
-3.9935284,0.21068975,-2.135628,0.0,0.0,0.0,0.0,0.0,0.0
-3.6966474,0.78529817,-3.0454245,0.0,0.0,0.0,0.0,0.0,0.0
-3.6966474,0.78529817,-3.0454245,0.0,0.0,0.0,0.0,0.0,0.0
-4.060566,1.1492168,-4.0892963,0.0,0.0,0.0,0.0,0.0,0.0
-4.060566,1.1492168,-4.0892963,0.0,0.0,0.0,0.0,0.0,0.0
-5.0182467,0.8523358,-2.9879637,0.0,0.0,0.0,0.0,0.0,0.0
-5.0182467,0.8523358,-2.9879637,0.0,0.0,0.0,0.0,0.0,0.0
-5.66947,-0.39264908,-1.6759412,0.0,0.0,0.0,0.0,0.0,0.0
-5.66947,-0.39264908,-1.6759412,0.0,0.0,0.0,0.0,0.0,0.0
-6.8761473,-0.7565677,-1.5035586,0.0,0.0,0.0,0.0,0.0,0.0
-6.8761473,-0.7565677,-1.5035586,0.0,0.0,0.0,0.0,0.0,0.0
-10.170568,0.16280572,-3.016694,0.0,0.0,0.0,0.0,0.0,0.0
-10.170568,0.16280572,-3.016694,0.0,0.0,0.0,0.0,0.0,0.0
-10.955867,1.0821792,-3.7062242,0.0,0.0,0.0,0.0,0.0,0.0
-10.955867,1.0821792,-3.7062242,0.0,0.0,0.0,0.0,0.0,0.0
-11.501745,2.183512,-4.951209,0.0,0.0,0.0,0.0,0.0,0.0
-11.501745,2.183512,-4.951209,0.0,0.0,0.0,0.0,0.0,0.0
-12.689269,3.466804,-8.868123,0.0,0.0,0.0,0.0,0.0,0.0
-12.689269,3.466804,-8.868123,0.0,0.0,0.0,0.0,0.0,0.0
-9.433155,5.1140146,-16.347609,0.0,0.0,0.0,0.0,0.0,0.0
-9.433155,5.1140146,-16.347609,0.0,0.0,0.0,0.0,0.0,0.0
-7.431602,-0.90979666,-5.554548,0.0,0.0,0.0,0.0,0.0,0.0
-7.431602,-0.90979666,-5.554548,0.0,0.0,0.0,0.0,0.0,0.0
-11.654974,-3.1028855,-4.6830587,0.0,0.0,0.0,0.0,0.0,0.0
-11.654974,-3.1028855,-4.6830587,0.0,0.0,0.0,0.0,0.0,0.0
-12.344504,-3.6391866,-0.94810385,0.0,0.0,0.0,0.0,0.0,0.0
-12.133814,-3.016694,-0.7565677,0.0,0.0,0.0,0.0,0.0,0.0
-12.133814,-3.016694,-0.7565677,0.0,0.0,0.0,0.0,0.0,0.0
-11.36767,-2.719813,-1.0630256,0.0,0.0,0.0,0.0,0.0,0.0
-11.36767,-2.719813,-1.0630256,0.0,0.0,0.0,0.0,0.0,0.0
-11.405977,-2.0685902,-1.2066777,0.0,0.0,0.0,0.0,0.0,0.0
-11.405977,-2.0685902,-1.2066777,0.0,0.0,0.0,0.0,0.0,0.0
-11.779472,0.33518824,-0.91937345,0.0,0.0,0.0,0.0,0.0,0.0
-11.779472,0.33518824,-0.91937345,0.0,0.0,0.0,0.0,0.0,0.0
-11.674128,1.7238252,-0.60333884,0.0,0.0,0.0,0.0,0.0,0.0
-11.674128,1.7238252,-0.60333884,0.0,0.0,0.0,0.0,0.0,0.0
-10.927136,2.7389667,-0.32561144,0.0,0.0,0.0,0.0,0.0,0.0
-10.927136,2.7389667,-0.32561144,0.0,0.0,0.0,0.0,0.0,0.0
-7.776367,2.1164744,-0.63206923,0.0,0.0,0.0,0.0,0.0,0.0
-7.776367,2.1164744,-0.63206923,0.0,0.0,0.0,0.0,0.0,0.0
-6.090849,1.484405,-1.3215994,0.0,0.0,0.0,0.0,0.0,0.0
-6.090849,1.484405,-1.3215994,0.0,0.0,0.0,0.0,0.0,0.0
-5.094861,1.0821792,-1.6759412,0.0,0.0,0.0,0.0,0.0,0.0
-5.094861,1.0821792,-1.6759412,0.0,0.0,0.0,0.0,0.0,0.0
-4.453215,0.5650316,-1.8483237,0.0,0.0,0.0,0.0,0.0,0.0
-4.453215,0.5650316,-1.8483237,0.0,0.0,0.0,0.0,0.0,0.0
-4.2425256,-0.41180268,-2.5378537,0.0,0.0,0.0,0.0,0.0,0.0
-4.2425256,-0.41180268,-2.5378537,0.0,0.0,0.0,0.0,0.0,0.0
-4.596867,-0.61291564,-3.169923,0.0,0.0,0.0,0.0,0.0,0.0
-4.596867,-0.61291564,-3.169923,0.0,0.0,0.0,0.0,0.0,0.0
-4.9416323,-0.94810385,-4.213795,0.0,0.0,0.0,0.0,0.0,0.0
-4.9416323,-0.94810385,-4.213795,0.0,0.0,0.0,0.0,0.0,0.0
-5.592855,-0.80445176,-6.2345014,0.0,0.0,0.0,0.0,0.0,0.0
-5.592855,-0.80445176,-6.2345014,0.0,0.0,0.0,0.0,0.0,0.0
-6.1770406,-0.6703765,-6.646304,0.0,0.0,0.0,0.0,0.0,0.0
-6.1770406,-0.6703765,-6.646304,0.0,0.0,0.0,0.0,0.0,0.0
-7.345411,-0.40222588,-6.531382,0.0,0.0,0.0,0.0,0.0,0.0
-7.345411,-0.40222588,-6.531382,0.0,0.0,0.0,0.0,0.0,0.0
-8.791509,-0.19153613,-5.899313,0.0,0.0,0.0,0.0,0.0,0.0
-8.791509,-0.19153613,-5.899313,0.0,0.0,0.0,0.0,0.0,0.0
-12.5264635,-0.11492168,-4.8745947,0.0,0.0,0.0,0.0,0.0,0.0
-12.5264635,-0.11492168,-4.8745947,0.0,0.0,0.0,0.0,0.0,0.0
-13.838486,0.4309563,-4.462792,0.0,0.0,0.0,0.0,0.0,0.0
-13.838486,0.4309563,-4.462792,0.0,0.0,0.0,0.0,0.0,0.0
-13.484144,1.2354081,-3.8498764,0.0,0.0,0.0,0.0,0.0,0.0
-13.484144,1.2354081,-3.8498764,0.0,0.0,0.0,0.0,0.0,0.0
-13.005303,2.1643584,-3.6774938,0.0,0.0,0.0,0.0,0.0,0.0
-13.005303,2.1643584,-3.6774938,0.0,0.0,0.0,0.0,0.0,0.0
-14.84405,1.8770541,-5.2959743,0.0,0.0,0.0,0.0,0.0,0.0
-14.84405,1.8770541,-5.2959743,0.0,0.0,0.0,0.0,0.0,0.0
-12.995727,1.3024458,-5.257667,0.0,0.0,0.0,0.0,0.0,0.0
-12.995727,1.3024458,-5.257667,0.0,0.0,0.0,0.0,0.0,0.0
-10.831368,0.91937345,-5.3821654,0.0,0.0,0.0,0.0,0.0,0.0
-10.831368,0.91937345,-5.3821654,0.0,0.0,0.0,0.0,0.0,0.0
-10.0269165,-0.58418524,-5.45878,0.0,0.0,0.0,0.0,0.0,0.0
-10.0269165,-0.58418524,-5.45878,0.0,0.0,0.0,0.0,0.0,0.0
-10.70687,-1.292869,-5.0661306,0.0,0.0,0.0,0.0,0.0,0.0
-10.70687,-1.292869,-5.0661306,0.0,0.0,0.0,0.0,0.0,0.0
-12.248735,-1.8770541,-4.606444,0.0,0.0,0.0,0.0,0.0,0.0
-12.248735,-1.8770541,-4.606444,0.0,0.0,0.0,0.0,0.0,0.0
-13.177686,-2.4612393,-3.8786068,0.0,0.0,0.0,0.0,0.0,0.0
-13.177686,-2.4612393,-3.8786068,0.0,0.0,0.0,0.0,0.0,0.0
-11.022904,-3.3614593,-2.5187001,0.0,0.0,0.0,0.0,0.0,0.0
-11.022904,-3.3614593,-2.5187001,0.0,0.0,0.0,0.0,0.0,0.0
-8.178593,-3.0550013,-1.9249382,0.0,0.0,0.0,0.0,0.0,0.0
-8.178593,-3.0550013,-1.9249382,0.0,0.0,0.0,0.0,0.0,0.0
-6.0525417,-2.135628,-1.6472107,0.0,0.0,0.0,0.0,0.0,0.0
-6.0525417,-2.135628,-1.6472107,0.0,0.0,0.0,0.0,0.0,0.0
-4.0414124,-0.49799395,-2.2218192,0.0,0.0,0.0,0.0,0.0,0.0
-3.3135753,-0.2681506,-3.1603463,0.0,0.0,0.0,0.0,0.0,0.0
-3.3135753,-0.2681506,-3.1603463,0.0,0.0,0.0,0.0,0.0,0.0
-2.825158,0.16280572,-4.414908,0.0,0.0,0.0,0.0,0.0,0.0
-2.825158,0.16280572,-4.414908,0.0,0.0,0.0,0.0,0.0,0.0
-2.4133554,0.8331822,-4.999093,0.0,0.0,0.0,0.0,0.0,0.0
-2.4133554,0.8331822,-4.999093,0.0,0.0,0.0,0.0,0.0,0.0
-2.9592333,-1.13964,-2.183512,0.0,0.0,0.0,0.0,0.0,0.0
-2.9592333,-1.13964,-2.183512,0.0,0.0,0.0,0.0,0.0,0.0
-4.4244847,-2.0398598,-1.8195933,0.0,0.0,0.0,0.0,0.0,0.0
-4.4244847,-2.0398598,-1.8195933,0.0,0.0,0.0,0.0,0.0,0.0
-6.1770406,-2.183512,-2.2888567,0.0,0.0,0.0,0.0,0.0,0.0
-6.1770406,-2.183512,-2.2888567,0.0,0.0,0.0,0.0,0.0,0.0
-9.883265,-0.4213795,-3.083732,0.0,0.0,0.0,0.0,0.0,0.0
-9.883265,-0.4213795,-3.083732,0.0,0.0,0.0,0.0,0.0,0.0
-11.444284,1.0726024,-2.9496565,0.0,0.0,0.0,0.0,0.0,0.0
-11.444284,1.0726024,-2.9496565,0.0,0.0,0.0,0.0,0.0,0.0
-12.488156,2.2409728,-2.9400797,0.0,0.0,0.0,0.0,0.0,0.0
-12.488156,2.2409728,-2.9400797,0.0,0.0,0.0,0.0,0.0,0.0
-12.813767,3.064578,-3.2944214,0.0,0.0,0.0,0.0,0.0,0.0
-12.813767,3.064578,-3.2944214,0.0,0.0,0.0,0.0,0.0,0.0
-11.042058,5.889736,-14.4130945,0.0,0.0,0.0,0.0,0.0,0.0
-11.042058,5.889736,-14.4130945,0.0,0.0,0.0,0.0,0.0,0.0
-8.571242,6.397307,-19.086576,0.0,0.0,0.0,0.0,0.0,0.0
-8.571242,6.397307,-19.086576,0.0,0.0,0.0,0.0,0.0,0.0
-9.251195,-0.30645782,-8.513782,0.0,0.0,0.0,0.0,0.0,0.0
-9.251195,-0.30645782,-8.513782,0.0,0.0,0.0,0.0,0.0,0.0
-12.258312,-2.815581,-2.0207062,0.0,0.0,0.0,0.0,0.0,0.0
-12.258312,-2.815581,-2.0207062,0.0,0.0,0.0,0.0,0.0,0.0
-12.258312,-2.815581,-2.0207062,0.0,0.0,0.0,0.0,0.0,0.0
-10.7356,-2.336741,-0.7374141,0.0,0.0,0.0,0.0,0.0,0.0
-10.7356,-2.336741,-0.7374141,0.0,0.0,0.0,0.0,0.0,0.0
-10.965444,-2.3750482,-1.6567876,0.0,0.0,0.0,0.0,0.0,0.0
-10.965444,-2.3750482,-1.6567876,0.0,0.0,0.0,0.0,0.0,0.0
-12.124237,-1.6759412,-1.5897499,0.0,0.0,0.0,0.0,0.0,0.0
-12.124237,-1.6759412,-1.5897499,0.0,0.0,0.0,0.0,0.0,0.0
-12.641385,-0.62249243,-1.2258313,0.0,0.0,0.0,0.0,0.0,0.0
-12.641385,-0.62249243,-1.2258313,0.0,0.0,0.0,0.0,0.0,0.0
-11.176133,2.3463178,-0.4309563,0.0,0.0,0.0,0.0,0.0,0.0
-11.176133,2.3463178,-0.4309563,0.0,0.0,0.0,0.0,0.0,0.0
-10.5440645,2.8921957,-0.009576807,0.0,0.0,0.0,0.0,0.0,0.0
-10.5440645,2.8921957,-0.009576807,0.0,0.0,0.0,0.0,0.0,0.0
-9.634268,2.528277,-0.2777274,0.0,0.0,0.0,0.0,0.0,0.0
-9.634268,2.528277,-0.2777274,0.0,0.0,0.0,0.0,0.0,0.0
-7.9966335,1.9153614,-0.9576807,0.0,0.0,0.0,0.0,0.0,0.0
-7.9966335,1.9153614,-0.9576807,0.0,0.0,0.0,0.0,0.0,0.0
-5.0374002,1.1587936,-1.6950948,0.0,0.0,0.0,0.0,0.0,0.0
-5.0374002,1.1587936,-1.6950948,0.0,0.0,0.0,0.0,0.0,0.0
-4.175488,0.58418524,-1.982399,0.0,0.0,0.0,0.0,0.0,0.0
-4.175488,0.58418524,-1.982399,0.0,0.0,0.0,0.0,0.0,0.0
-3.4763808,0.21068975,-2.1643584,0.0,0.0,0.0,0.0,0.0,0.0
-3.4763808,0.21068975,-2.1643584,0.0,0.0,0.0,0.0,0.0,0.0
-3.4955344,-0.2777274,-3.0454245,0.0,0.0,0.0,0.0,0.0,0.0
-3.4955344,-0.2777274,-3.0454245,0.0,0.0,0.0,0.0,0.0,0.0
-4.2904096,-0.7661445,-3.7349546,0.0,0.0,0.0,0.0,0.0,0.0
-4.2904096,-0.7661445,-3.7349546,0.0,0.0,0.0,0.0,0.0,0.0
-5.391742,-1.3215994,-4.3861775,0.0,0.0,0.0,0.0,0.0,0.0
-5.391742,-1.3215994,-4.3861775,0.0,0.0,0.0,0.0,0.0,0.0
-6.6271505,-1.3982137,-4.9895163,0.0,0.0,0.0,0.0,0.0,0.0
-6.6271505,-1.3982137,-4.9895163,0.0,0.0,0.0,0.0,0.0,0.0
-9.423578,-0.6895301,-4.855441,0.0,0.0,0.0,0.0,0.0,0.0
-9.423578,-0.6895301,-4.855441,0.0,0.0,0.0,0.0,0.0,0.0
-10.764331,-0.17238252,-4.6926355,0.0,0.0,0.0,0.0,0.0,0.0
-10.764331,-0.17238252,-4.6926355,0.0,0.0,0.0,0.0,0.0,0.0
-12.564771,0.16280572,-4.6255975,0.0,0.0,0.0,0.0,0.0,0.0
-12.564771,0.16280572,-4.6255975,0.0,0.0,0.0,0.0,0.0,0.0
-13.972561,0.8714894,-3.6104562,0.0,0.0,0.0,0.0,0.0,0.0
-13.972561,0.8714894,-3.6104562,0.0,0.0,0.0,0.0,0.0,0.0
-12.899959,1.2162545,-3.0933087,0.0,0.0,0.0,0.0,0.0,0.0
-12.899959,1.2162545,-3.0933087,0.0,0.0,0.0,0.0,0.0,0.0
-12.401965,1.3599066,-3.5051112,0.0,0.0,0.0,0.0,0.0,0.0
-12.401965,1.3599066,-3.5051112,0.0,0.0,0.0,0.0,0.0,0.0
-12.756307,1.3503298,-4.7309427,0.0,0.0,0.0,0.0,0.0,0.0
-12.756307,1.3503298,-4.7309427,0.0,0.0,0.0,0.0,0.0,0.0
-13.857639,0.05746084,-9.797073,0.0,0.0,0.0,0.0,0.0,0.0
-13.857639,0.05746084,-9.797073,0.0,0.0,0.0,0.0,0.0,0.0
-11.386824,-0.37349546,-9.682152,0.0,0.0,0.0,0.0,0.0,0.0
-8.781932,-0.5650316,-7.4028716,0.0,0.0,0.0,0.0,0.0,0.0
-8.781932,-0.5650316,-7.4028716,0.0,0.0,0.0,0.0,0.0,0.0
-10.764331,-1.2449849,-4.55856,0.0,0.0,0.0,0.0,0.0,0.0
-10.764331,-1.2449849,-4.55856,0.0,0.0,0.0,0.0,0.0,0.0
-12.77546,-1.5610195,-3.4572272,0.0,0.0,0.0,0.0,0.0,0.0
-12.77546,-1.5610195,-3.4572272,0.0,0.0,0.0,0.0,0.0,0.0
-14.097059,-2.087744,-2.2409728,0.0,0.0,0.0,0.0,0.0,0.0
-14.097059,-2.087744,-2.2409728,0.0,0.0,0.0,0.0,0.0,0.0
-11.942278,-2.767697,-1.1971009,0.0,0.0,0.0,0.0,0.0,0.0
-11.942278,-2.767697,-1.1971009,0.0,0.0,0.0,0.0,0.0,0.0
-7.28795,-2.681506,-1.4077905,0.0,0.0,0.0,0.0,0.0,0.0
-7.28795,-2.681506,-1.4077905,0.0,0.0,0.0,0.0,0.0,0.0
-5.803545,-1.685518,-1.5897499,0.0,0.0,0.0,0.0,0.0,0.0
-5.803545,-1.685518,-1.5897499,0.0,0.0,0.0,0.0,0.0,0.0
-4.9799395,-0.94810385,-1.9919758,0.0,0.0,0.0,0.0,0.0,0.0
-4.9799395,-0.94810385,-1.9919758,0.0,0.0,0.0,0.0,0.0,0.0
-4.4723687,-0.2873042,-2.5953147,0.0,0.0,0.0,0.0,0.0,0.0
-4.4723687,-0.2873042,-2.5953147,0.0,0.0,0.0,0.0,0.0,0.0
-4.4244847,-0.51714754,-2.231396,0.0,0.0,0.0,0.0,0.0,0.0
-4.4244847,-0.51714754,-2.231396,0.0,0.0,0.0,0.0,0.0,0.0
-5.094861,-0.9959879,-2.4229321,0.0,0.0,0.0,0.0,0.0,0.0
-5.094861,-0.9959879,-2.4229321,0.0,0.0,0.0,0.0,0.0,0.0
-5.506664,-1.3024458,-3.0550013,0.0,0.0,0.0,0.0,0.0,0.0
-5.506664,-1.3024458,-3.0550013,0.0,0.0,0.0,0.0,0.0,0.0
-7.067683,-1.1013328,-2.920926,0.0,0.0,0.0,0.0,0.0,0.0
-7.067683,-1.1013328,-2.920926,0.0,0.0,0.0,0.0,0.0,0.0
-7.144298,-1.0151415,-2.8443117,0.0,0.0,0.0,0.0,0.0,0.0
-7.144298,-1.0151415,-2.8443117,0.0,0.0,0.0,0.0,0.0,0.0
-6.157887,-0.7565677,-2.231396,0.0,0.0,0.0,0.0,0.0,0.0
-6.157887,-0.7565677,-2.231396,0.0,0.0,0.0,0.0,0.0,0.0
-5.48751,-0.2873042,-1.7046716,0.0,0.0,0.0,0.0,0.0,0.0
-5.48751,-0.2873042,-1.7046716,0.0,0.0,0.0,0.0,0.0,0.0
-8.6574335,-0.30645782,-2.1068976,0.0,0.0,0.0,0.0,0.0,0.0
-8.6574335,-0.30645782,-2.1068976,0.0,0.0,0.0,0.0,0.0,0.0
-10.802638,-0.10534488,-2.566584,0.0,0.0,0.0,0.0,0.0,0.0
-10.802638,-0.10534488,-2.566584,0.0,0.0,0.0,0.0,0.0,0.0
-13.081918,1.0726024,-3.016694,0.0,0.0,0.0,0.0,0.0,0.0
-13.081918,1.0726024,-3.016694,0.0,0.0,0.0,0.0,0.0,0.0
-11.089942,7.690176,-19.574993,0.0,0.0,0.0,0.0,0.0,0.0
-9.797073,5.046977,-9.002198,0.0,0.0,0.0,0.0,0.0,0.0
-9.797073,5.046977,-9.002198,0.0,0.0,0.0,0.0,0.0,0.0
-9.797073,5.046977,-9.002198,0.0,0.0,0.0,0.0,0.0,0.0
-11.243171,2.6910827,-2.4612393,0.0,0.0,0.0,0.0,0.0,0.0
-10.553641,-0.16280572,-1.7812861,0.0,0.0,0.0,0.0,0.0,0.0
-10.553641,-0.16280572,-1.7812861,0.0,0.0,0.0,0.0,0.0,0.0
-13.244724,-4.10845,-2.585738,0.0,0.0,0.0,0.0,0.0,0.0
-13.244724,-4.10845,-2.585738,0.0,0.0,0.0,0.0,0.0,0.0
-14.33648,-4.2521024,-2.920926,0.0,0.0,0.0,0.0,0.0,0.0
-14.33648,-4.2521024,-2.920926,0.0,0.0,0.0,0.0,0.0,0.0
-13.972561,-3.5051112,-2.183512,0.0,0.0,0.0,0.0,0.0,0.0
-13.972561,-3.5051112,-2.183512,0.0,0.0,0.0,0.0,0.0,0.0
-12.181698,-2.030283,-1.8483237,0.0,0.0,0.0,0.0,0.0,0.0
-12.181698,-2.030283,-1.8483237,0.0,0.0,0.0,0.0,0.0,0.0
-12.545617,-0.5363012,-0.6991069,0.0,0.0,0.0,0.0,0.0,0.0
-12.545617,-0.5363012,-0.6991069,0.0,0.0,0.0,0.0,0.0,0.0
-12.162544,0.80445176,0.2873042,0.0,0.0,0.0,0.0,0.0,0.0
-12.162544,0.80445176,0.2873042,0.0,0.0,0.0,0.0,0.0,0.0
-9.710882,1.1492168,0.41180268,0.0,0.0,0.0,0.0,0.0,0.0
-9.710882,1.1492168,0.41180268,0.0,0.0,0.0,0.0,0.0,0.0
-9.710882,1.1492168,0.41180268,0.0,0.0,0.0,0.0,0.0,0.0
-4.0414124,0.92895025,-0.39264908,0.0,0.0,0.0,0.0,0.0,0.0
-3.715801,0.45010993,-0.19153613,0.0,0.0,0.0,0.0,0.0,0.0
-3.715801,0.45010993,-0.19153613,0.0,0.0,0.0,0.0,0.0,0.0
-3.6870706,0.40222588,0.08619126,0.0,0.0,0.0,0.0,0.0,0.0
-3.6870706,0.40222588,0.08619126,0.0,0.0,0.0,0.0,0.0,0.0
-4.0701427,0.05746084,-0.45010993,0.0,0.0,0.0,0.0,0.0,0.0
-4.0701427,0.05746084,-0.45010993,0.0,0.0,0.0,0.0,0.0,0.0
-4.5872903,-0.095768064,-0.60333884,0.0,0.0,0.0,0.0,0.0,0.0
-4.5872903,-0.095768064,-0.60333884,0.0,0.0,0.0,0.0,0.0,0.0
-5.48751,-0.32561144,-0.7086837,0.0,0.0,0.0,0.0,0.0,0.0
-5.48751,-0.32561144,-0.7086837,0.0,0.0,0.0,0.0,0.0,0.0
-6.5505357,-0.5650316,-0.8714894,0.0,0.0,0.0,0.0,0.0,0.0
-6.5505357,-0.5650316,-0.8714894,0.0,0.0,0.0,0.0,0.0,0.0
-9.088389,-0.63206923,-1.0534488,0.0,0.0,0.0,0.0,0.0,0.0
-9.088389,-0.63206923,-1.0534488,0.0,0.0,0.0,0.0,0.0,0.0
-10.362105,-0.59376204,-1.13964,0.0,0.0,0.0,0.0,0.0,0.0
-10.362105,-0.59376204,-1.13964,0.0,0.0,0.0,0.0,0.0,0.0
-12.133814,-0.45010993,-1.283292,0.0,0.0,0.0,0.0,0.0,0.0
-12.133814,-0.45010993,-1.283292,0.0,0.0,0.0,0.0,0.0,0.0
-15.456966,0.22984336,-1.9632454,0.0,0.0,0.0,0.0,0.0,0.0
-15.456966,0.22984336,-1.9632454,0.0,0.0,0.0,0.0,0.0,0.0
-15.734694,0.79487497,-2.6431987,0.0,0.0,0.0,0.0,0.0,0.0
-15.734694,0.79487497,-2.6431987,0.0,0.0,0.0,0.0,0.0,0.0
-14.690822,1.7429788,-3.7828386,0.0,0.0,0.0,0.0,0.0,0.0
-13.723564,2.5570073,-3.6774938,0.0,0.0,0.0,0.0,0.0,0.0
-13.723564,2.5570073,-3.6774938,0.0,0.0,0.0,0.0,0.0,0.0
-13.072341,4.596867,-4.817134,0.0,0.0,0.0,0.0,0.0,0.0
-13.072341,4.596867,-4.817134,0.0,0.0,0.0,0.0,0.0,0.0
-11.099519,4.414908,-6.6367273,0.0,0.0,0.0,0.0,0.0,0.0
-11.099519,4.414908,-6.6367273,0.0,0.0,0.0,0.0,0.0,0.0
-9.883265,3.0071173,-7.7093296,0.0,0.0,0.0,0.0,0.0,0.0
-9.883265,3.0071173,-7.7093296,0.0,0.0,0.0,0.0,0.0,0.0
-11.712435,-1.13964,-3.6104562,0.0,0.0,0.0,0.0,0.0,0.0
-11.712435,-1.13964,-3.6104562,0.0,0.0,0.0,0.0,0.0,0.0
-13.2351465,-2.2888567,-1.9153614,0.0,0.0,0.0,0.0,0.0,0.0
-13.2351465,-2.2888567,-1.9153614,0.0,0.0,0.0,0.0,0.0,0.0
-14.5088625,-2.5953147,-1.2354081,0.0,0.0,0.0,0.0,0.0,0.0
-14.5088625,-2.5953147,-1.2354081,0.0,0.0,0.0,0.0,0.0,0.0
-15.98369,-3.3039982,-0.39264908,0.0,0.0,0.0,0.0,0.0,0.0
-15.98369,-3.3039982,-0.39264908,0.0,0.0,0.0,0.0,0.0,0.0
-11.798626,-4.0222588,0.7278373,0.0,0.0,0.0,0.0,0.0,0.0
-11.798626,-4.0222588,0.7278373,0.0,0.0,0.0,0.0,0.0,0.0
-8.0445175,-3.0933087,0.23942018,0.0,0.0,0.0,0.0,0.0,0.0
-8.0445175,-3.0933087,0.23942018,0.0,0.0,0.0,0.0,0.0,0.0
-6.445191,-1.6759412,-0.545878,0.0,0.0,0.0,0.0,0.0,0.0
-6.445191,-1.6759412,-0.545878,0.0,0.0,0.0,0.0,0.0,0.0
-6.167464,-0.6895301,-1.1300632,0.0,0.0,0.0,0.0,0.0,0.0
-6.167464,-0.6895301,-1.1300632,0.0,0.0,0.0,0.0,0.0,0.0
-4.7884035,0.30645782,-1.4269443,0.0,0.0,0.0,0.0,0.0,0.0
-4.7884035,0.30645782,-1.4269443,0.0,0.0,0.0,0.0,0.0,0.0
-4.2042184,0.2681506,-0.8331822,0.0,0.0,0.0,0.0,0.0,0.0
-4.2042184,0.2681506,-0.8331822,0.0,0.0,0.0,0.0,0.0,0.0
-4.0222588,-0.038307227,-0.23942018,0.0,0.0,0.0,0.0,0.0,0.0
-4.0222588,-0.038307227,-0.23942018,0.0,0.0,0.0,0.0,0.0,0.0
-4.4915223,-0.5363012,0.5267244,0.0,0.0,0.0,0.0,0.0,0.0
-4.4915223,-0.5363012,0.5267244,0.0,0.0,0.0,0.0,0.0,0.0
-5.449203,-0.31603462,0.4309563,0.0,0.0,0.0,0.0,0.0,0.0
-5.449203,-0.31603462,0.4309563,0.0,0.0,0.0,0.0,0.0,0.0
-7.07726,0.1436521,0.4309563,0.0,0.0,0.0,0.0,0.0,0.0
-7.07726,0.1436521,0.4309563,0.0,0.0,0.0,0.0,0.0,0.0
-8.66701,0.82360536,0.33518824,0.0,0.0,0.0,0.0,0.0,0.0
-8.66701,0.82360536,0.33518824,0.0,0.0,0.0,0.0,0.0,0.0
-10.936713,1.0247183,0.45968673,0.0,0.0,0.0,0.0,0.0,0.0
-10.936713,1.0247183,0.45968673,0.0,0.0,0.0,0.0,0.0,0.0
-11.722012,0.90021986,0.095768064,0.0,0.0,0.0,0.0,0.0,0.0
-11.722012,0.90021986,0.095768064,0.0,0.0,0.0,0.0,0.0,0.0
-12.287044,0.9576807,-0.7182605,0.0,0.0,0.0,0.0,0.0,0.0
-12.287044,0.9576807,-0.7182605,0.0,0.0,0.0,0.0,0.0,0.0
-14.834474,7.240066,-16.673222,0.0,0.0,0.0,0.0,0.0,0.0
-14.834474,7.240066,-16.673222,0.0,0.0,0.0,0.0,0.0,0.0
-9.011775,7.201759,-17.238253,0.0,0.0,0.0,0.0,0.0,0.0
-9.011775,7.201759,-17.238253,0.0,0.0,0.0,0.0,0.0,0.0
-7.019799,1.541866,-5.4683566,0.0,0.0,0.0,0.0,0.0,0.0
-11.348516,0.2777274,-0.92895025,0.0,0.0,0.0,0.0,0.0,0.0
-11.348516,0.2777274,-0.92895025,0.0,0.0,0.0,0.0,0.0,0.0
-15.705963,-2.0398598,1.5705963,0.0,0.0,0.0,0.0,0.0,0.0
-15.705963,-2.0398598,1.5705963,0.0,0.0,0.0,0.0,0.0,0.0
-14.642938,-3.3614593,1.2449849,0.0,0.0,0.0,0.0,0.0,0.0
-14.642938,-3.3614593,1.2449849,0.0,0.0,0.0,0.0,0.0,0.0
-12.612655,-3.7445314,0.6703765,0.0,0.0,0.0,0.0,0.0,0.0
-12.612655,-3.7445314,0.6703765,0.0,0.0,0.0,0.0,0.0,0.0
-10.888829,-2.1068976,-0.15322891,0.0,0.0,0.0,0.0,0.0,0.0
-10.888829,-2.1068976,-0.15322891,0.0,0.0,0.0,0.0,0.0,0.0
-11.300632,-0.12449849,-0.019153614,0.0,0.0,0.0,0.0,0.0,0.0
-11.300632,-0.12449849,-0.019153614,0.0,0.0,0.0,0.0,0.0,0.0
-11.501745,1.1204864,0.22984336,0.0,0.0,0.0,0.0,0.0,0.0
-11.501745,1.1204864,0.22984336,0.0,0.0,0.0,0.0,0.0,0.0
-10.601525,1.4077905,-0.30645782,0.0,0.0,0.0,0.0,0.0,0.0
-10.601525,1.4077905,-0.30645782,0.0,0.0,0.0,0.0,0.0,0.0
-7.201759,1.5993267,-0.545878,0.0,0.0,0.0,0.0,0.0,0.0
-7.201759,1.5993267,-0.545878,0.0,0.0,0.0,0.0,0.0,0.0
-6.0142345,1.340753,-0.41180268,0.0,0.0,0.0,0.0,0.0,0.0
-6.0142345,1.340753,-0.41180268,0.0,0.0,0.0,0.0,0.0,0.0
-5.2480903,1.1587936,-0.47884035,0.0,0.0,0.0,0.0,0.0,0.0
-5.2480903,1.1587936,-0.47884035,0.0,0.0,0.0,0.0,0.0,0.0
-4.223372,0.842759,-0.8331822,0.0,0.0,0.0,0.0,0.0,0.0
-4.223372,0.842759,-0.8331822,0.0,0.0,0.0,0.0,0.0,0.0
-3.6774938,0.59376204,-0.9864111,0.0,0.0,0.0,0.0,0.0,0.0
-3.6774938,0.59376204,-0.9864111,0.0,0.0,0.0,0.0,0.0,0.0
-3.6391866,0.40222588,-1.2066777,0.0,0.0,0.0,0.0,0.0,0.0
-3.6391866,0.40222588,-1.2066777,0.0,0.0,0.0,0.0,0.0,0.0
-4.3766007,0.10534488,-1.5035586,0.0,0.0,0.0,0.0,0.0,0.0
-4.3766007,0.10534488,-1.5035586,0.0,0.0,0.0,0.0,0.0,0.0
-7.872135,-0.6991069,-2.5091233,0.0,0.0,0.0,0.0,0.0,0.0
-7.872135,-0.6991069,-2.5091233,0.0,0.0,0.0,0.0,0.0,0.0
-9.701305,-0.49799395,-2.5761611,0.0,0.0,0.0,0.0,0.0,0.0
-9.701305,-0.49799395,-2.5761611,0.0,0.0,0.0,0.0,0.0,0.0
-11.271901,-0.18195933,-2.6719291,0.0,0.0,0.0,0.0,0.0,0.0
-11.271901,-0.18195933,-2.6719291,0.0,0.0,0.0,0.0,0.0,0.0
-14.010868,0.047884032,-2.930503,0.0,0.0,0.0,0.0,0.0,0.0
-14.805743,0.41180268,-3.0550013,0.0,0.0,0.0,0.0,0.0,0.0
-14.805743,0.41180268,-3.0550013,0.0,0.0,0.0,0.0,0.0,0.0
-14.4130945,0.94810385,-3.3039982,0.0,0.0,0.0,0.0,0.0,0.0
-14.4130945,0.94810385,-3.3039982,0.0,0.0,0.0,0.0,0.0,0.0
-13.081918,1.8674773,-3.41892,0.0,0.0,0.0,0.0,0.0,0.0
-13.081918,1.8674773,-3.41892,0.0,0.0,0.0,0.0,0.0,0.0
-13.081918,1.8674773,-3.41892,0.0,0.0,0.0,0.0,0.0,0.0
-13.350069,3.9264908,-3.41892,0.0,0.0,0.0,0.0,0.0,0.0
-13.88637,4.3382936,-3.8115692,0.0,0.0,0.0,0.0,0.0,0.0
-13.88637,4.3382936,-3.8115692,0.0,0.0,0.0,0.0,0.0,0.0
-12.076353,3.8594532,-4.309563,0.0,0.0,0.0,0.0,0.0,0.0
-12.076353,3.8594532,-4.309563,0.0,0.0,0.0,0.0,0.0,0.0
-10.333375,2.2697031,-3.3614593,0.0,0.0,0.0,0.0,0.0,0.0
-10.333375,2.2697031,-3.3614593,0.0,0.0,0.0,0.0,0.0,0.0
-11.300632,-0.18195933,-1.5227122,0.0,0.0,0.0,0.0,0.0,0.0
-11.300632,-0.18195933,-1.5227122,0.0,0.0,0.0,0.0,0.0,0.0
-12.26789,-0.90979666,-1.043872,0.0,0.0,0.0,0.0,0.0,0.0
-12.26789,-0.90979666,-1.043872,0.0,0.0,0.0,0.0,0.0,0.0
-13.120225,-1.4556746,-0.7278373,0.0,0.0,0.0,0.0,0.0,0.0
-13.120225,-1.4556746,-0.7278373,0.0,0.0,0.0,0.0,0.0,0.0
-13.713987,-2.9017725,0.009576807,0.0,0.0,0.0,0.0,0.0,0.0
-13.713987,-2.9017725,0.009576807,0.0,0.0,0.0,0.0,0.0,0.0
-11.319786,-3.3423057,0.1340753,0.0,0.0,0.0,0.0,0.0,0.0
-11.319786,-3.3423057,0.1340753,0.0,0.0,0.0,0.0,0.0,0.0
-8.743625,-3.2273839,0.35434186,0.0,0.0,0.0,0.0,0.0,0.0
-8.743625,-3.2273839,0.35434186,0.0,0.0,0.0,0.0,0.0,0.0
-7.0581064,-2.336741,0.61291564,0.0,0.0,0.0,0.0,0.0,0.0
-7.0581064,-2.336741,0.61291564,0.0,0.0,0.0,0.0,0.0,0.0
-5.66947,-0.90979666,-0.16280572,0.0,0.0,0.0,0.0,0.0,0.0
-5.66947,-0.90979666,-0.16280572,0.0,0.0,0.0,0.0,0.0,0.0
-5.094861,-0.35434186,-0.545878,0.0,0.0,0.0,0.0,0.0,0.0
-5.094861,-0.35434186,-0.545878,0.0,0.0,0.0,0.0,0.0,0.0
-4.5777135,-0.21068975,-0.82360536,0.0,0.0,0.0,0.0,0.0,0.0
-4.213795,-0.4309563,-0.19153613,0.0,0.0,0.0,0.0,0.0,0.0
-4.213795,-0.4309563,-0.19153613,0.0,0.0,0.0,0.0,0.0,0.0
-4.55856,-0.49799395,0.009576807,0.0,0.0,0.0,0.0,0.0,0.0
-4.55856,-0.49799395,0.009576807,0.0,0.0,0.0,0.0,0.0,0.0
-5.3821654,-0.6512229,-0.10534488,0.0,0.0,0.0,0.0,0.0,0.0
-5.3821654,-0.6512229,-0.10534488,0.0,0.0,0.0,0.0,0.0,0.0
-6.4739213,-0.545878,-0.22984336,0.0,0.0,0.0,0.0,0.0,0.0
-6.4739213,-0.545878,-0.22984336,0.0,0.0,0.0,0.0,0.0,0.0
-9.069236,0.4405331,-0.63206923,0.0,0.0,0.0,0.0,0.0,0.0
-9.069236,0.4405331,-0.63206923,0.0,0.0,0.0,0.0,0.0,0.0
-10.7356,1.0534488,-0.79487497,0.0,0.0,0.0,0.0,0.0,0.0
-10.7356,1.0534488,-0.79487497,0.0,0.0,0.0,0.0,0.0,0.0
-12.334928,1.5801731,-1.091756,0.0,0.0,0.0,0.0,0.0,0.0
-12.334928,1.5801731,-1.091756,0.0,0.0,0.0,0.0,0.0,0.0
-13.254301,2.7102363,-8.226477,0.0,0.0,0.0,0.0,0.0,0.0
-13.254301,2.7102363,-8.226477,0.0,0.0,0.0,0.0,0.0,0.0
-14.81532,11.348516,-19.603724,0.0,0.0,0.0,0.0,0.0,0.0
-14.81532,11.348516,-19.603724,0.0,0.0,0.0,0.0,0.0,0.0
-6.4164605,5.3247046,-11.9614315,0.0,0.0,0.0,0.0,0.0,0.0
-6.4164605,5.3247046,-11.9614315,0.0,0.0,0.0,0.0,0.0,0.0
-5.4300494,1.9057846,-1.8866309,0.0,0.0,0.0,0.0,0.0,0.0
-5.4300494,1.9057846,-1.8866309,0.0,0.0,0.0,0.0,0.0,0.0
-15.543158,-0.7182605,1.934515,0.0,0.0,0.0,0.0,0.0,0.0
-15.543158,-0.7182605,1.934515,0.0,0.0,0.0,0.0,0.0,0.0
-16.510414,-2.0015526,1.5610195,0.0,0.0,0.0,0.0,0.0,0.0
-16.510414,-2.0015526,1.5610195,0.0,0.0,0.0,0.0,0.0,0.0
-15.179238,-3.6583402,1.2545617,0.0,0.0,0.0,0.0,0.0,0.0
-15.179238,-3.6583402,1.2545617,0.0,0.0,0.0,0.0,0.0,0.0
-11.492168,-3.4476504,0.05746084,0.0,0.0,0.0,0.0,0.0,0.0
-11.492168,-3.4476504,0.05746084,0.0,0.0,0.0,0.0,0.0,0.0
-10.5919485,-1.7621324,-0.51714754,0.0,0.0,0.0,0.0,0.0,0.0
-10.5919485,-1.7621324,-0.51714754,0.0,0.0,0.0,0.0,0.0,0.0
-11.36767,-0.1340753,-0.25857377,0.0,0.0,0.0,0.0,0.0,0.0
-11.36767,-0.1340753,-0.25857377,0.0,0.0,0.0,0.0,0.0,0.0
-12.0093155,0.81402856,-0.24899697,0.0,0.0,0.0,0.0,0.0,0.0
-12.0093155,0.81402856,-0.24899697,0.0,0.0,0.0,0.0,0.0,0.0
-9.184157,1.1013328,-0.6607997,0.0,0.0,0.0,0.0,0.0,0.0
-9.184157,1.1013328,-0.6607997,0.0,0.0,0.0,0.0,0.0,0.0
-7.383718,1.1300632,-0.5267244,0.0,0.0,0.0,0.0,0.0,0.0
-7.383718,1.1300632,-0.5267244,0.0,0.0,0.0,0.0,0.0,0.0
-6.339846,0.9576807,-0.39264908,0.0,0.0,0.0,0.0,0.0,0.0
-6.339846,0.9576807,-0.39264908,0.0,0.0,0.0,0.0,0.0,0.0
-4.8267107,0.6991069,-0.4405331,0.0,0.0,0.0,0.0,0.0,0.0
-4.8267107,0.6991069,-0.4405331,0.0,0.0,0.0,0.0,0.0,0.0
-4.2042184,0.6799533,-0.81402856,0.0,0.0,0.0,0.0,0.0,0.0
-4.2042184,0.6799533,-0.81402856,0.0,0.0,0.0,0.0,0.0,0.0
-3.8594532,0.45968673,-1.2354081,0.0,0.0,0.0,0.0,0.0,0.0
-4.1946416,0.019153614,-1.3982137,0.0,0.0,0.0,0.0,0.0,0.0
-4.1946416,0.019153614,-1.3982137,0.0,0.0,0.0,0.0,0.0,0.0
-6.2249246,-1.5705963,-2.5570073,0.0,0.0,0.0,0.0,0.0,0.0
-6.2249246,-1.5705963,-2.5570073,0.0,0.0,0.0,0.0,0.0,0.0
-7.73806,-2.0590134,-3.064578,0.0,0.0,0.0,0.0,0.0,0.0
-7.73806,-2.0590134,-3.064578,0.0,0.0,0.0,0.0,0.0,0.0
-9.481039,-1.5801731,-2.873042,0.0,0.0,0.0,0.0,0.0,0.0
-9.481039,-1.5801731,-2.873042,0.0,0.0,0.0,0.0,0.0,0.0
-12.737153,-0.7757214,-2.6048915,0.0,0.0,0.0,0.0,0.0,0.0
-12.737153,-0.7757214,-2.6048915,0.0,0.0,0.0,0.0,0.0,0.0
-14.211981,-0.45010993,-2.825158,0.0,0.0,0.0,0.0,0.0,0.0
-14.211981,-0.45010993,-2.825158,0.0,0.0,0.0,0.0,0.0,0.0
-15.303738,-0.22026655,-3.1794999,0.0,0.0,0.0,0.0,0.0,0.0
-15.303738,-0.22026655,-3.1794999,0.0,0.0,0.0,0.0,0.0,0.0
-16.002844,0.30645782,-3.1986535,0.0,0.0,0.0,0.0,0.0,0.0
-16.002844,0.30645782,-3.1986535,0.0,0.0,0.0,0.0,0.0,0.0
-12.899959,2.2218192,-2.8921957,0.0,0.0,0.0,0.0,0.0,0.0
-12.899959,2.2218192,-2.8921957,0.0,0.0,0.0,0.0,0.0,0.0
-12.737153,3.0933087,-2.777274,0.0,0.0,0.0,0.0,0.0,0.0
-12.737153,3.0933087,-2.777274,0.0,0.0,0.0,0.0,0.0,0.0
-13.742718,3.821146,-3.1507695,0.0,0.0,0.0,0.0,0.0,0.0
-13.742718,3.821146,-3.1507695,0.0,0.0,0.0,0.0,0.0,0.0
-12.717999,3.8977604,-3.5051112,0.0,0.0,0.0,0.0,0.0,0.0
-12.717999,3.8977604,-3.5051112,0.0,0.0,0.0,0.0,0.0,0.0
-10.323798,2.078167,-1.8483237,0.0,0.0,0.0,0.0,0.0,0.0
-10.323798,2.078167,-1.8483237,0.0,0.0,0.0,0.0,0.0,0.0
-10.7356,1.0055647,-1.1587936,0.0,0.0,0.0,0.0,0.0,0.0
-10.7356,1.0055647,-1.1587936,0.0,0.0,0.0,0.0,0.0,0.0
-11.348516,-0.10534488,-0.63206923,0.0,0.0,0.0,0.0,0.0,0.0
-11.348516,-0.10534488,-0.63206923,0.0,0.0,0.0,0.0,0.0,0.0
-11.903971,-1.8387469,-0.6703765,0.0,0.0,0.0,0.0,0.0,0.0
-11.903971,-1.8387469,-0.6703765,0.0,0.0,0.0,0.0,0.0,0.0
-11.415554,-2.2409728,-0.92895025,0.0,0.0,0.0,0.0,0.0,0.0
-11.415554,-2.2409728,-0.92895025,0.0,0.0,0.0,0.0,0.0,0.0
-10.5440645,-2.231396,-0.9672575,0.0,0.0,0.0,0.0,0.0,0.0
-10.5440645,-2.231396,-0.9672575,0.0,0.0,0.0,0.0,0.0,0.0
-9.126697,-1.9536686,-0.8714894,0.0,0.0,0.0,0.0,0.0,0.0
-9.126697,-1.9536686,-0.8714894,0.0,0.0,0.0,0.0,0.0,0.0
-6.8569937,-1.2545617,-0.24899697,0.0,0.0,0.0,0.0,0.0,0.0
-6.8569937,-1.2545617,-0.24899697,0.0,0.0,0.0,0.0,0.0,0.0
-6.0046577,-1.1013328,-0.02873042,0.0,0.0,0.0,0.0,0.0,0.0
-6.0046577,-1.1013328,-0.02873042,0.0,0.0,0.0,0.0,0.0,0.0
-5.305551,-0.92895025,0.11492168,0.0,0.0,0.0,0.0,0.0,0.0
-5.305551,-0.92895025,0.11492168,0.0,0.0,0.0,0.0,0.0,0.0
-4.76925,-0.7374141,0.59376204,0.0,0.0,0.0,0.0,0.0,0.0
-4.76925,-0.7374141,0.59376204,0.0,0.0,0.0,0.0,0.0,0.0
-4.8841715,-0.6607997,0.62249243,0.0,0.0,0.0,0.0,0.0,0.0
-4.8841715,-0.6607997,0.62249243,0.0,0.0,0.0,0.0,0.0,0.0
-5.267244,-0.545878,0.61291564,0.0,0.0,0.0,0.0,0.0,0.0
-5.267244,-0.545878,0.61291564,0.0,0.0,0.0,0.0,0.0,0.0
-5.9663506,-0.4213795,0.36391866,0.0,0.0,0.0,0.0,0.0,0.0
-5.9663506,-0.4213795,0.36391866,0.0,0.0,0.0,0.0,0.0,0.0
-8.082825,-0.06703765,-0.2681506,0.0,0.0,0.0,0.0,0.0,0.0
-8.082825,-0.06703765,-0.2681506,0.0,0.0,0.0,0.0,0.0,0.0
-9.3182335,0.15322891,-0.46926352,0.0,0.0,0.0,0.0,0.0,0.0
-9.3182335,0.15322891,-0.46926352,0.0,0.0,0.0,0.0,0.0,0.0
-10.28549,0.36391866,-0.50757074,0.0,0.0,0.0,0.0,0.0,0.0
-10.28549,0.36391866,-0.50757074,0.0,0.0,0.0,0.0,0.0,0.0
-12.0093155,0.34476504,-0.842759,0.0,0.0,0.0,0.0,0.0,0.0
-12.0093155,0.34476504,-0.842759,0.0,0.0,0.0,0.0,0.0,0.0
-12.210428,0.32561144,-1.6376339,0.0,0.0,0.0,0.0,0.0,0.0
-12.210428,0.32561144,-1.6376339,0.0,0.0,0.0,0.0,0.0,0.0
-12.239159,0.6512229,-4.10845,0.0,0.0,0.0,0.0,0.0,0.0
-12.239159,0.6512229,-4.10845,0.0,0.0,0.0,0.0,0.0,0.0
-16.021997,5.2289367,-17.60217,0.0,0.0,0.0,0.0,0.0,0.0
-16.021997,5.2289367,-17.60217,0.0,0.0,0.0,0.0,0.0,0.0
-7.517793,2.0015526,-5.45878,0.0,0.0,0.0,0.0,0.0,0.0
-7.517793,2.0015526,-5.45878,0.0,0.0,0.0,0.0,0.0,0.0
-8.90643,0.31603462,-0.9576807,0.0,0.0,0.0,0.0,0.0,0.0
-12.928689,0.59376204,-0.39264908,0.0,0.0,0.0,0.0,0.0,0.0
-12.928689,0.59376204,-0.39264908,0.0,0.0,0.0,0.0,0.0,0.0
-14.757859,-0.91937345,-0.4309563,0.0,0.0,0.0,0.0,0.0,0.0
-14.757859,-0.91937345,-0.4309563,0.0,0.0,0.0,0.0,0.0,0.0
-12.727576,-1.5897499,-0.48841715,0.0,0.0,0.0,0.0,0.0,0.0
-12.727576,-1.5897499,-0.48841715,0.0,0.0,0.0,0.0,0.0,0.0
-12.229582,-1.6472107,-0.095768064,0.0,0.0,0.0,0.0,0.0,0.0
-12.229582,-1.6472107,-0.095768064,0.0,0.0,0.0,0.0,0.0,0.0
-12.650962,-1.3694834,0.12449849,0.0,0.0,0.0,0.0,0.0,0.0
-12.650962,-1.3694834,0.12449849,0.0,0.0,0.0,0.0,0.0,0.0
-10.5919485,-0.5554548,0.20111294,0.0,0.0,0.0,0.0,0.0,0.0
-10.5919485,-0.5554548,0.20111294,0.0,0.0,0.0,0.0,0.0,0.0
-8.7532015,-0.16280572,0.22984336,0.0,0.0,0.0,0.0,0.0,0.0
-8.7532015,-0.16280572,0.22984336,0.0,0.0,0.0,0.0,0.0,0.0
-7.326257,0.06703765,0.18195933,0.0,0.0,0.0,0.0,0.0,0.0
-7.326257,0.06703765,0.18195933,0.0,0.0,0.0,0.0,0.0,0.0
-5.6120086,0.32561144,0.038307227,0.0,0.0,0.0,0.0,0.0,0.0
-5.6120086,0.32561144,0.038307227,0.0,0.0,0.0,0.0,0.0,0.0
-5.00867,0.41180268,-0.076614454,0.0,0.0,0.0,0.0,0.0,0.0
-5.00867,0.41180268,-0.076614454,0.0,0.0,0.0,0.0,0.0,0.0
-4.6160207,0.38307226,-0.23942018,0.0,0.0,0.0,0.0,0.0,0.0
-4.6160207,0.38307226,-0.23942018,0.0,0.0,0.0,0.0,0.0,0.0
-4.654328,0.1436521,-0.41180268,0.0,0.0,0.0,0.0,0.0,0.0
-4.654328,0.1436521,-0.41180268,0.0,0.0,0.0,0.0,0.0,0.0
-5.5737014,-0.59376204,-0.7278373,0.0,0.0,0.0,0.0,0.0,0.0
-5.5737014,-0.59376204,-0.7278373,0.0,0.0,0.0,0.0,0.0,0.0
-6.3685765,-0.9959879,-1.1492168,0.0,0.0,0.0,0.0,0.0,0.0
-6.3685765,-0.9959879,-1.1492168,0.0,0.0,0.0,0.0,0.0,0.0
-7.28795,-1.292869,-1.5610195,0.0,0.0,0.0,0.0,0.0,0.0
-7.28795,-1.292869,-1.5610195,0.0,0.0,0.0,0.0,0.0,0.0
-8.101978,-1.4173675,-1.8579005,0.0,0.0,0.0,0.0,0.0,0.0
-8.101978,-1.4173675,-1.8579005,0.0,0.0,0.0,0.0,0.0,0.0
-10.726024,-1.1300632,-1.6663644,0.0,0.0,0.0,0.0,0.0,0.0
-10.726024,-1.1300632,-1.6663644,0.0,0.0,0.0,0.0,0.0,0.0
-12.373235,-1.0534488,-1.6376339,0.0,0.0,0.0,0.0,0.0,0.0
-12.373235,-1.0534488,-1.6376339,0.0,0.0,0.0,0.0,0.0,0.0
-13.330915,-0.8619126,-1.7621324,0.0,0.0,0.0,0.0,0.0,0.0
-13.330915,-0.8619126,-1.7621324,0.0,0.0,0.0,0.0,0.0,0.0
-13.072341,0.047884032,-2.0111294,0.0,0.0,0.0,0.0,0.0,0.0
-13.072341,0.047884032,-2.0111294,0.0,0.0,0.0,0.0,0.0,0.0
-13.330915,0.5554548,-2.1164744,0.0,0.0,0.0,0.0,0.0,0.0
-13.330915,0.5554548,-2.1164744,0.0,0.0,0.0,0.0,0.0,0.0
-13.867216,1.6759412,-2.8443117,0.0,0.0,0.0,0.0,0.0,0.0
-14.259866,3.6104562,-3.763685,0.0,0.0,0.0,0.0,0.0,0.0
-14.259866,3.6104562,-3.763685,0.0,0.0,0.0,0.0,0.0,0.0
-11.252748,4.213795,-4.2521024,0.0,0.0,0.0,0.0,0.0,0.0
-11.252748,4.213795,-4.2521024,0.0,0.0,0.0,0.0,0.0,0.0
-9.892841,2.825158,-3.572149,0.0,0.0,0.0,0.0,0.0,0.0
-9.892841,2.825158,-3.572149,0.0,0.0,0.0,0.0,0.0,0.0
-10.812215,0.9672575,-3.1986535,0.0,0.0,0.0,0.0,0.0,0.0
-10.812215,0.9672575,-3.1986535,0.0,0.0,0.0,0.0,0.0,0.0
-11.57836,-1.6663644,-2.030283,0.0,0.0,0.0,0.0,0.0,0.0
-11.57836,-1.6663644,-2.030283,0.0,0.0,0.0,0.0,0.0,0.0
-11.549629,-2.0207062,-1.4269443,0.0,0.0,0.0,0.0,0.0,0.0
-11.549629,-2.0207062,-1.4269443,0.0,0.0,0.0,0.0,0.0,0.0
-11.769896,-2.2888567,-0.9959879,0.0,0.0,0.0,0.0,0.0,0.0
-11.769896,-2.2888567,-0.9959879,0.0,0.0,0.0,0.0,0.0,0.0
-11.36767,-2.6623523,-1.2162545,0.0,0.0,0.0,0.0,0.0,0.0
-11.36767,-2.6623523,-1.2162545,0.0,0.0,0.0,0.0,0.0,0.0
-8.350976,-2.7389667,-1.2449849,0.0,0.0,0.0,0.0,0.0,0.0
-8.350976,-2.7389667,-1.2449849,0.0,0.0,0.0,0.0,0.0,0.0
-7.0102224,-2.4612393,-1.043872,0.0,0.0,0.0,0.0,0.0,0.0
-7.0102224,-2.4612393,-1.043872,0.0,0.0,0.0,0.0,0.0,0.0
-6.2823853,-2.0973208,-0.62249243,0.0,0.0,0.0,0.0,0.0,0.0
-6.2823853,-2.0973208,-0.62249243,0.0,0.0,0.0,0.0,0.0,0.0
-4.9799395,-0.91937345,-0.36391866,0.0,0.0,0.0,0.0,0.0,0.0
-4.9799395,-0.91937345,-0.36391866,0.0,0.0,0.0,0.0,0.0,0.0
-4.7022123,-0.60333884,-0.39264908,0.0,0.0,0.0,0.0,0.0,0.0
-4.7022123,-0.60333884,-0.39264908,0.0,0.0,0.0,0.0,0.0,0.0
-4.9703627,-0.60333884,-0.17238252,0.0,0.0,0.0,0.0,0.0,0.0
-4.9703627,-0.60333884,-0.17238252,0.0,0.0,0.0,0.0,0.0,0.0
-5.659893,-0.6703765,0.038307227,0.0,0.0,0.0,0.0,0.0,0.0
-5.659893,-0.6703765,0.038307227,0.0,0.0,0.0,0.0,0.0,0.0
-7.0964136,-0.58418524,-0.24899697,0.0,0.0,0.0,0.0,0.0,0.0
-7.0964136,-0.58418524,-0.24899697,0.0,0.0,0.0,0.0,0.0,0.0
-8.054094,-0.641646,-0.59376204,0.0,0.0,0.0,0.0,0.0,0.0
-8.054094,-0.641646,-0.59376204,0.0,0.0,0.0,0.0,0.0,0.0
-9.002198,-0.6703765,-0.8714894,0.0,0.0,0.0,0.0,0.0,0.0
-9.002198,-0.6703765,-0.8714894,0.0,0.0,0.0,0.0,0.0,0.0
-11.032481,-0.51714754,-1.2066777,0.0,0.0,0.0,0.0,0.0,0.0
-11.032481,-0.51714754,-1.2066777,0.0,0.0,0.0,0.0,0.0,0.0
-11.932701,-0.29688102,-1.7046716,0.0,0.0,0.0,0.0,0.0,0.0
-11.932701,-0.29688102,-1.7046716,0.0,0.0,0.0,0.0,0.0,0.0
-12.411542,0.038307227,-2.528277,0.0,0.0,0.0,0.0,0.0,0.0
-12.411542,0.038307227,-2.528277,0.0,0.0,0.0,0.0,0.0,0.0
-12.823344,0.92895025,-6.8665705,0.0,0.0,0.0,0.0,0.0,0.0
-12.823344,0.92895025,-6.8665705,0.0,0.0,0.0,0.0,0.0,0.0
-6.435614,3.3327289,-12.26789,0.0,0.0,0.0,0.0,0.0,0.0
-6.435614,3.3327289,-12.26789,0.0,0.0,0.0,0.0,0.0,0.0
-6.943185,1.8195933,-4.261679,0.0,0.0,0.0,0.0,0.0,0.0
-6.943185,1.8195933,-4.261679,0.0,0.0,0.0,0.0,0.0,0.0
-8.513782,-0.47884035,-0.89064306,0.0,0.0,0.0,0.0,0.0,0.0
-8.513782,-0.47884035,-0.89064306,0.0,0.0,0.0,0.0,0.0,0.0
-16.587029,-0.46926352,0.2873042,0.0,0.0,0.0,0.0,0.0,0.0
-16.587029,-0.46926352,0.2873042,0.0,0.0,0.0,0.0,0.0,0.0
-15.227123,-1.2354081,-0.1340753,0.0,0.0,0.0,0.0,0.0,0.0
-15.227123,-1.2354081,-0.1340753,0.0,0.0,0.0,0.0,0.0,0.0
-11.750742,-1.8483237,-0.18195933,0.0,0.0,0.0,0.0,0.0,0.0
-11.750742,-1.8483237,-0.18195933,0.0,0.0,0.0,0.0,0.0,0.0
-10.5919485,-2.0590134,0.019153614,0.0,0.0,0.0,0.0,0.0,0.0
-10.5919485,-2.0590134,0.019153614,0.0,0.0,0.0,0.0,0.0,0.0
-11.951855,-1.5035586,0.10534488,0.0,0.0,0.0,0.0,0.0,0.0
-11.951855,-1.5035586,0.10534488,0.0,0.0,0.0,0.0,0.0,0.0
-11.300632,-0.9672575,-0.11492168,0.0,0.0,0.0,0.0,0.0,0.0
-11.300632,-0.9672575,-0.11492168,0.0,0.0,0.0,0.0,0.0,0.0
-10.0269165,-0.31603462,-0.06703765,0.0,0.0,0.0,0.0,0.0,0.0
-10.0269165,-0.31603462,-0.06703765,0.0,0.0,0.0,0.0,0.0,0.0
-6.83784,0.1436521,0.05746084,0.0,0.0,0.0,0.0,0.0,0.0
-6.83784,0.1436521,0.05746084,0.0,0.0,0.0,0.0,0.0,0.0
-5.7748146,0.095768064,0.12449849,0.0,0.0,0.0,0.0,0.0,0.0
-5.7748146,0.095768064,0.12449849,0.0,0.0,0.0,0.0,0.0,0.0
-5.056554,0.15322891,0.1436521,0.0,0.0,0.0,0.0,0.0,0.0
-5.056554,0.15322891,0.1436521,0.0,0.0,0.0,0.0,0.0,0.0
-4.721366,0.24899697,0.08619126,0.0,0.0,0.0,0.0,0.0,0.0
-4.721366,0.24899697,0.08619126,0.0,0.0,0.0,0.0,0.0,0.0
-5.4779334,0.35434186,-0.50757074,0.0,0.0,0.0,0.0,0.0,0.0
-5.4779334,0.35434186,-0.50757074,0.0,0.0,0.0,0.0,0.0,0.0
-6.1195793,0.17238252,-0.82360536,0.0,0.0,0.0,0.0,0.0,0.0
-6.1195793,0.17238252,-0.82360536,0.0,0.0,0.0,0.0,0.0,0.0
-6.7324953,-0.076614454,-1.0055647,0.0,0.0,0.0,0.0,0.0,0.0
-6.7324953,-0.076614454,-1.0055647,0.0,0.0,0.0,0.0,0.0,0.0
-7.642292,-0.32561144,-1.1587936,0.0,0.0,0.0,0.0,0.0,0.0
-7.642292,-0.32561144,-1.1587936,0.0,0.0,0.0,0.0,0.0,0.0
-9.662998,-0.41180268,-1.7717092,0.0,0.0,0.0,0.0,0.0,0.0
-9.662998,-0.41180268,-1.7717092,0.0,0.0,0.0,0.0,0.0,0.0
-10.601525,-0.45968673,-1.982399,0.0,0.0,0.0,0.0,0.0,0.0
-10.601525,-0.45968673,-1.982399,0.0,0.0,0.0,0.0,0.0,0.0
-11.87524,-0.51714754,-1.9632454,0.0,0.0,0.0,0.0,0.0,0.0
-11.87524,-0.51714754,-1.9632454,0.0,0.0,0.0,0.0,0.0,0.0
-13.522451,-0.2681506,-2.2218192,0.0,0.0,0.0,0.0,0.0,0.0
-13.522451,-0.2681506,-2.2218192,0.0,0.0,0.0,0.0,0.0,0.0
-13.187263,0.0,-2.4516625,0.0,0.0,0.0,0.0,0.0,0.0
-13.187263,0.0,-2.4516625,0.0,0.0,0.0,0.0,0.0,0.0
-12.842498,0.41180268,-2.9879637,0.0,0.0,0.0,0.0,0.0,0.0
-12.842498,0.41180268,-2.9879637,0.0,0.0,0.0,0.0,0.0,0.0
-13.034034,1.6567876,-3.7349546,0.0,0.0,0.0,0.0,0.0,0.0
-13.034034,1.6567876,-3.7349546,0.0,0.0,0.0,0.0,0.0,0.0
-13.88637,3.5913026,-5.353435,0.0,0.0,0.0,0.0,0.0,0.0
-13.88637,3.5913026,-5.353435,0.0,0.0,0.0,0.0,0.0,0.0
-12.26789,3.6487634,-6.8091097,0.0,0.0,0.0,0.0,0.0,0.0
-12.26789,3.6487634,-6.8091097,0.0,0.0,0.0,0.0,0.0,0.0
-10.400413,2.2505496,-6.129156,0.0,0.0,0.0,0.0,0.0,0.0
-10.400413,2.2505496,-6.129156,0.0,0.0,0.0,0.0,0.0,0.0
-11.137826,-0.6895301,-1.3599066,0.0,0.0,0.0,0.0,0.0,0.0
-11.137826,-0.6895301,-1.3599066,0.0,0.0,0.0,0.0,0.0,0.0
-11.597513,-1.5035586,-0.79487497,0.0,0.0,0.0,0.0,0.0,0.0
-11.597513,-1.5035586,-0.79487497,0.0,0.0,0.0,0.0,0.0,0.0
-12.334928,-1.9536686,-0.6512229,0.0,0.0,0.0,0.0,0.0,0.0
-12.334928,-1.9536686,-0.6512229,0.0,0.0,0.0,0.0,0.0,0.0
-12.880805,-2.4229321,-0.48841715,0.0,0.0,0.0,0.0,0.0,0.0
-12.880805,-2.4229321,-0.48841715,0.0,0.0,0.0,0.0,0.0,0.0
-11.281479,-3.8115692,-0.9768343,0.0,0.0,0.0,0.0,0.0,0.0
-8.935161,-3.6870706,-0.93852705,0.0,0.0,0.0,0.0,0.0,0.0
-8.935161,-3.6870706,-0.93852705,0.0,0.0,0.0,0.0,0.0,0.0
-7.153875,-3.0933087,-0.39264908,0.0,0.0,0.0,0.0,0.0,0.0
-7.153875,-3.0933087,-0.39264908,0.0,0.0,0.0,0.0,0.0,0.0
-5.535394,-1.934515,0.5650316,0.0,0.0,0.0,0.0,0.0,0.0
-5.535394,-1.934515,0.5650316,0.0,0.0,0.0,0.0,0.0,0.0
-4.9799395,-1.4556746,0.5363012,0.0,0.0,0.0,0.0,0.0,0.0
-4.9799395,-1.4556746,0.5363012,0.0,0.0,0.0,0.0,0.0,0.0
-4.6255975,-1.0534488,0.30645782,0.0,0.0,0.0,0.0,0.0,0.0
-4.6255975,-1.0534488,0.30645782,0.0,0.0,0.0,0.0,0.0,0.0
-4.5202527,-0.8810662,0.29688102,0.0,0.0,0.0,0.0,0.0,0.0
-4.5202527,-0.8810662,0.29688102,0.0,0.0,0.0,0.0,0.0,0.0
-5.707777,-0.90979666,0.4213795,0.0,0.0,0.0,0.0,0.0,0.0
-5.707777,-0.90979666,0.4213795,0.0,0.0,0.0,0.0,0.0,0.0
-6.579266,-0.79487497,0.2873042,0.0,0.0,0.0,0.0,0.0,0.0
-6.579266,-0.79487497,0.2873042,0.0,0.0,0.0,0.0,0.0,0.0
-7.6231384,-0.59376204,-0.095768064,0.0,0.0,0.0,0.0,0.0,0.0
-7.6231384,-0.59376204,-0.095768064,0.0,0.0,0.0,0.0,0.0,0.0
-9.873688,-0.2681506,-0.5554548,0.0,0.0,0.0,0.0,0.0,0.0
-9.873688,-0.2681506,-0.5554548,0.0,0.0,0.0,0.0,0.0,0.0
-11.15698,0.02873042,-0.7469909,0.0,0.0,0.0,0.0,0.0,0.0
-11.15698,0.02873042,-0.7469909,0.0,0.0,0.0,0.0,0.0,0.0
-12.172121,0.45010993,-1.0534488,0.0,0.0,0.0,0.0,0.0,0.0
-12.172121,0.45010993,-1.0534488,0.0,0.0,0.0,0.0,0.0,0.0
-12.516887,0.93852705,-1.5131354,0.0,0.0,0.0,0.0,0.0,0.0
-12.516887,0.93852705,-1.5131354,0.0,0.0,0.0,0.0,0.0,0.0
-12.842498,2.8538885,-10.0748005,0.0,0.0,0.0,0.0,0.0,0.0
-12.842498,2.8538885,-10.0748005,0.0,0.0,0.0,0.0,0.0,0.0
-14.346057,10.189722,-19.603724,0.0,0.0,0.0,0.0,0.0,0.0
-14.346057,10.189722,-19.603724,0.0,0.0,0.0,0.0,0.0,0.0
-5.094861,4.3957543,-10.0748005,0.0,0.0,0.0,0.0,0.0,0.0
-5.094861,4.3957543,-10.0748005,0.0,0.0,0.0,0.0,0.0,0.0
-9.797073,-0.16280572,-0.9768343,0.0,0.0,0.0,0.0,0.0,0.0
-9.797073,-0.16280572,-0.9768343,0.0,0.0,0.0,0.0,0.0,0.0
-13.551182,-0.20111294,-0.32561144,0.0,0.0,0.0,0.0,0.0,0.0
-16.021997,-0.6991069,0.45968673,0.0,0.0,0.0,0.0,0.0,0.0
-16.021997,-0.6991069,0.45968673,0.0,0.0,0.0,0.0,0.0,0.0
-14.4609785,-2.2601264,0.33518824,0.0,0.0,0.0,0.0,0.0,0.0
-14.4609785,-2.2601264,0.33518824,0.0,0.0,0.0,0.0,0.0,0.0
-11.070788,-2.834735,0.5363012,0.0,0.0,0.0,0.0,0.0,0.0
-11.070788,-2.834735,0.5363012,0.0,0.0,0.0,0.0,0.0,0.0
-10.812215,-2.5378537,0.4405331,0.0,0.0,0.0,0.0,0.0,0.0
-10.812215,-2.5378537,0.4405331,0.0,0.0,0.0,0.0,0.0,0.0
-11.080365,-1.7621324,0.2777274,0.0,0.0,0.0,0.0,0.0,0.0
-11.080365,-1.7621324,0.2777274,0.0,0.0,0.0,0.0,0.0,0.0
-10.601525,-0.80445176,0.1436521,0.0,0.0,0.0,0.0,0.0,0.0
-10.601525,-0.80445176,0.1436521,0.0,0.0,0.0,0.0,0.0,0.0
-7.565677,0.08619126,-0.009576807,0.0,0.0,0.0,0.0,0.0,0.0
-7.565677,0.08619126,-0.009576807,0.0,0.0,0.0,0.0,0.0,0.0
-6.4164605,0.15322891,-0.11492168,0.0,0.0,0.0,0.0,0.0,0.0
-6.4164605,0.15322891,-0.11492168,0.0,0.0,0.0,0.0,0.0,0.0
-5.7748146,0.20111294,-0.1436521,0.0,0.0,0.0,0.0,0.0,0.0
-5.7748146,0.20111294,-0.1436521,0.0,0.0,0.0,0.0,0.0,0.0
-5.3342814,0.36391866,-0.25857377,0.0,0.0,0.0,0.0,0.0,0.0
-5.3342814,0.36391866,-0.25857377,0.0,0.0,0.0,0.0,0.0,0.0
-5.305551,0.40222588,-0.45968673,0.0,0.0,0.0,0.0,0.0,0.0
-5.305551,0.40222588,-0.45968673,0.0,0.0,0.0,0.0,0.0,0.0
-5.631162,0.4309563,-0.6895301,0.0,0.0,0.0,0.0,0.0,0.0
-5.631162,0.4309563,-0.6895301,0.0,0.0,0.0,0.0,0.0,0.0
-6.435614,0.46926352,-1.0726024,0.0,0.0,0.0,0.0,0.0,0.0
-6.435614,0.46926352,-1.0726024,0.0,0.0,0.0,0.0,0.0,0.0
-8.2169,0.019153614,-1.9440918,0.0,0.0,0.0,0.0,0.0,0.0
-8.2169,0.019153614,-1.9440918,0.0,0.0,0.0,0.0,0.0,0.0
-9.203311,-0.12449849,-2.1930888,0.0,0.0,0.0,0.0,0.0,0.0
-9.203311,-0.12449849,-2.1930888,0.0,0.0,0.0,0.0,0.0,0.0
-10.0748005,-0.19153613,-2.384625,0.0,0.0,0.0,0.0,0.0,0.0
-13.129802,-0.038307227,-2.8060043,0.0,0.0,0.0,0.0,0.0,0.0
-13.129802,-0.038307227,-2.8060043,0.0,0.0,0.0,0.0,0.0,0.0
-4.501099,1.4173675,-4.050989,0.0,0.0,0.0,0.0,0.0,0.0
-4.501099,1.4173675,-4.050989,0.0,0.0,0.0,0.0,0.0,0.0
-4.5872903,1.9440918,-4.548983,0.0,0.0,0.0,0.0,0.0,0.0
-4.5872903,1.9440918,-4.548983,0.0,0.0,0.0,0.0,0.0,0.0
-4.050989,0.9864111,-2.767697,0.0,0.0,0.0,0.0,0.0,0.0
-4.050989,0.9864111,-2.767697,0.0,0.0,0.0,0.0,0.0,0.0
-3.7828386,-0.61291564,-0.2873042,0.0,0.0,0.0,0.0,0.0,0.0
-3.7828386,-0.61291564,-0.2873042,0.0,0.0,0.0,0.0,0.0,0.0
-4.9799395,-0.89064306,0.10534488,0.0,0.0,0.0,0.0,0.0,0.0
-6.4643445,-0.79487497,-0.34476504,0.0,0.0,0.0,0.0,0.0,0.0
-6.4643445,-0.79487497,-0.34476504,0.0,0.0,0.0,0.0,0.0,0.0
-8.37013,-0.15322891,-0.9672575,0.0,0.0,0.0,0.0,0.0,0.0
-8.37013,-0.15322891,-0.9672575,0.0,0.0,0.0,0.0,0.0,0.0
-11.932701,2.087744,-2.1930888,0.0,0.0,0.0,0.0,0.0,0.0
-11.932701,2.087744,-2.1930888,0.0,0.0,0.0,0.0,0.0,0.0
-11.9614315,2.6431987,-3.064578,0.0,0.0,0.0,0.0,0.0,0.0
-11.9614315,2.6431987,-3.064578,0.0,0.0,0.0,0.0,0.0,0.0
-11.932701,3.1124623,-4.367024,0.0,0.0,0.0,0.0,0.0,0.0
-11.932701,3.1124623,-4.367024,0.0,0.0,0.0,0.0,0.0,0.0
-11.271901,8.015787,-19.603724,0.0,0.0,0.0,0.0,0.0,0.0
-11.271901,8.015787,-19.603724,0.0,0.0,0.0,0.0,0.0,0.0
-5.104438,0.9576807,-9.021352,0.0,0.0,0.0,0.0,0.0,0.0
-5.104438,0.9576807,-9.021352,0.0,0.0,0.0,0.0,0.0,0.0
-10.409989,-0.60333884,-2.384625,0.0,0.0,0.0,0.0,0.0,0.0
-10.409989,-0.60333884,-2.384625,0.0,0.0,0.0,0.0,0.0,0.0
-14.097059,-1.3982137,-2.6623523,0.0,0.0,0.0,0.0,0.0,0.0
-14.097059,-1.3982137,-2.6623523,0.0,0.0,0.0,0.0,0.0,0.0
-12.670115,-4.0414124,-0.16280572,0.0,0.0,0.0,0.0,0.0,0.0
-12.670115,-4.0414124,-0.16280572,0.0,0.0,0.0,0.0,0.0,0.0
-12.5743475,-3.6008794,-0.45968673,0.0,0.0,0.0,0.0,0.0,0.0
-12.5743475,-3.6008794,-0.45968673,0.0,0.0,0.0,0.0,0.0,0.0
-13.091495,-2.2409728,-0.6991069,0.0,0.0,0.0,0.0,0.0,0.0
-13.091495,-2.2409728,-0.6991069,0.0,0.0,0.0,0.0,0.0,0.0
-13.072341,0.545878,0.41180268,0.0,0.0,0.0,0.0,0.0,0.0
-13.072341,0.545878,0.41180268,0.0,0.0,0.0,0.0,0.0,0.0
-12.066776,1.6089035,0.89064306,0.0,0.0,0.0,0.0,0.0,0.0
-12.066776,1.6089035,0.89064306,0.0,0.0,0.0,0.0,0.0,0.0
-10.764331,1.934515,1.0342951,0.0,0.0,0.0,0.0,0.0,0.0
-10.764331,1.934515,1.0342951,0.0,0.0,0.0,0.0,0.0,0.0
-9.461885,1.436521,0.076614454,0.0,0.0,0.0,0.0,0.0,0.0
-9.461885,1.436521,0.076614454,0.0,0.0,0.0,0.0,0.0,0.0
-6.3589997,0.8331822,-1.0821792,0.0,0.0,0.0,0.0,0.0,0.0
-6.3589997,0.8331822,-1.0821792,0.0,0.0,0.0,0.0,0.0,0.0
-5.1906295,0.62249243,-1.3694834,0.0,0.0,0.0,0.0,0.0,0.0
-5.1906295,0.62249243,-1.3694834,0.0,0.0,0.0,0.0,0.0,0.0
-4.309563,0.076614454,-1.6759412,0.0,0.0,0.0,0.0,0.0,0.0
-4.309563,0.076614454,-1.6759412,0.0,0.0,0.0,0.0,0.0,0.0
-3.4093432,-0.40222588,-1.8004397,0.0,0.0,0.0,0.0,0.0,0.0
-3.4093432,-0.40222588,-1.8004397,0.0,0.0,0.0,0.0,0.0,0.0
-3.514688,-0.58418524,-1.8866309,0.0,0.0,0.0,0.0,0.0,0.0
-3.514688,-0.58418524,-1.8866309,0.0,0.0,0.0,0.0,0.0,0.0
-4.1371803,-0.91937345,-2.2218192,0.0,0.0,0.0,0.0,0.0,0.0
-4.1371803,-0.91937345,-2.2218192,0.0,0.0,0.0,0.0,0.0,0.0
-5.48751,-1.4748282,-2.882619,0.0,0.0,0.0,0.0,0.0,0.0
-5.48751,-1.4748282,-2.882619,0.0,0.0,0.0,0.0,0.0,0.0
-7.9487495,-1.7812861,-4.1371803,0.0,0.0,0.0,0.0,0.0,0.0
-7.9487495,-1.7812861,-4.1371803,0.0,0.0,0.0,0.0,0.0,0.0
-9.289502,-1.4460979,-4.3382936,0.0,0.0,0.0,0.0,0.0,0.0
-9.289502,-1.4460979,-4.3382936,0.0,0.0,0.0,0.0,0.0,0.0
-10.70687,-0.9672575,-4.3287168,0.0,0.0,0.0,0.0,0.0,0.0
-10.70687,-0.9672575,-4.3287168,0.0,0.0,0.0,0.0,0.0,0.0
-13.972561,0.30645782,-4.003105,0.0,0.0,0.0,0.0,0.0,0.0
-13.972561,0.30645782,-4.003105,0.0,0.0,0.0,0.0,0.0,0.0
-14.116213,1.1013328,-3.821146,0.0,0.0,0.0,0.0,0.0,0.0
-14.116213,1.1013328,-3.821146,0.0,0.0,0.0,0.0,0.0,0.0
-13.579912,2.030283,-3.9935284,0.0,0.0,0.0,0.0,0.0,0.0
-13.579912,2.030283,-3.9935284,0.0,0.0,0.0,0.0,0.0,0.0
-13.560759,2.6048915,-4.865018,0.0,0.0,0.0,0.0,0.0,0.0
-13.560759,2.6048915,-4.865018,0.0,0.0,0.0,0.0,0.0,0.0
-13.838486,2.6144683,-8.207323,0.0,0.0,0.0,0.0,0.0,0.0
-13.838486,2.6144683,-8.207323,0.0,0.0,0.0,0.0,0.0,0.0
-12.401965,1.532289,-9.557653,0.0,0.0,0.0,0.0,0.0,0.0
-12.401965,1.532289,-9.557653,0.0,0.0,0.0,0.0,0.0,0.0
-9.825804,0.91937345,-8.513782,0.0,0.0,0.0,0.0,0.0,0.0
-9.825804,0.91937345,-8.513782,0.0,0.0,0.0,0.0,0.0,0.0
-7.97748,0.545878,-6.943185,0.0,0.0,0.0,0.0,0.0,0.0
-7.97748,0.545878,-6.943185,0.0,0.0,0.0,0.0,0.0,0.0
-11.013328,-0.61291564,-4.9224787,0.0,0.0,0.0,0.0,0.0,0.0
-11.013328,-0.61291564,-4.9224787,0.0,0.0,0.0,0.0,0.0,0.0
-13.139379,-0.9672575,-3.8977604,0.0,0.0,0.0,0.0,0.0,0.0
-13.139379,-0.9672575,-3.8977604,0.0,0.0,0.0,0.0,0.0,0.0
-14.978126,-1.5227122,-2.7389667,0.0,0.0,0.0,0.0,0.0,0.0
-14.978126,-1.5227122,-2.7389667,0.0,0.0,0.0,0.0,0.0,0.0
-13.522451,-3.371036,-1.0342951,0.0,0.0,0.0,0.0,0.0,0.0
-9.682152,-3.5434184,-0.40222588,0.0,0.0,0.0,0.0,0.0,0.0
-9.682152,-3.5434184,-0.40222588,0.0,0.0,0.0,0.0,0.0,0.0
-9.682152,-3.5434184,-0.40222588,0.0,0.0,0.0,0.0,0.0,0.0
-6.751649,-3.1124623,-0.06703765,0.0,0.0,0.0,0.0,0.0,0.0
-4.6830587,-2.5761611,0.30645782,0.0,0.0,0.0,0.0,0.0,0.0
-4.6830587,-2.5761611,0.30645782,0.0,0.0,0.0,0.0,0.0,0.0
-3.667917,-1.0534488,-0.39264908,0.0,0.0,0.0,0.0,0.0,0.0
-3.667917,-1.0534488,-0.39264908,0.0,0.0,0.0,0.0,0.0,0.0
-2.930503,-0.47884035,-0.4309563,0.0,0.0,0.0,0.0,0.0,0.0
-2.930503,-0.47884035,-0.4309563,0.0,0.0,0.0,0.0,0.0,0.0
-2.7581203,-0.5267244,-0.6991069,0.0,0.0,0.0,0.0,0.0,0.0
-2.7581203,-0.5267244,-0.6991069,0.0,0.0,0.0,0.0,0.0,0.0
-3.514688,-0.9768343,-1.1683705,0.0,0.0,0.0,0.0,0.0,0.0
-3.514688,-0.9768343,-1.1683705,0.0,0.0,0.0,0.0,0.0,0.0
-4.367024,-1.0247183,-1.3694834,0.0,0.0,0.0,0.0,0.0,0.0
-4.367024,-1.0247183,-1.3694834,0.0,0.0,0.0,0.0,0.0,0.0
-5.8322754,-0.82360536,-1.6184803,0.0,0.0,0.0,0.0,0.0,0.0
-5.8322754,-0.82360536,-1.6184803,0.0,0.0,0.0,0.0,0.0,0.0
-7.843405,-0.20111294,-1.7621324,0.0,0.0,0.0,0.0,0.0,0.0
-7.843405,-0.20111294,-1.7621324,0.0,0.0,0.0,0.0,0.0,0.0
-11.999739,1.8483237,-2.9592333,0.0,0.0,0.0,0.0,0.0,0.0
-11.999739,1.8483237,-2.9592333,0.0,0.0,0.0,0.0,0.0,0.0
-12.861651,2.8443117,-3.5338416,0.0,0.0,0.0,0.0,0.0,0.0
-12.861651,2.8443117,-3.5338416,0.0,0.0,0.0,0.0,0.0,0.0
-12.966996,3.0262709,-4.7309427,0.0,0.0,0.0,0.0,0.0,0.0
-12.966996,3.0262709,-4.7309427,0.0,0.0,0.0,0.0,0.0,0.0
-12.813767,7.3166804,-19.517532,0.0,0.0,0.0,0.0,0.0,0.0
-12.813767,7.3166804,-19.517532,0.0,0.0,0.0,0.0,0.0,0.0
-6.895301,2.0398598,-15.600618,0.0,0.0,0.0,0.0,0.0,0.0
-6.895301,2.0398598,-15.600618,0.0,0.0,0.0,0.0,0.0,0.0
-7.0006456,-1.0821792,-3.9552212,0.0,0.0,0.0,0.0,0.0,0.0
-7.0006456,-1.0821792,-3.9552212,0.0,0.0,0.0,0.0,0.0,0.0
-11.674128,-2.0685902,-2.9975405,0.0,0.0,0.0,0.0,0.0,0.0
-11.674128,-2.0685902,-2.9975405,0.0,0.0,0.0,0.0,0.0,0.0
-13.541605,-2.815581,-1.7812861,0.0,0.0,0.0,0.0,0.0,0.0
-13.541605,-2.815581,-1.7812861,0.0,0.0,0.0,0.0,0.0,0.0
-12.928689,-3.5529952,0.02873042,0.0,0.0,0.0,0.0,0.0,0.0
-12.928689,-3.5529952,0.02873042,0.0,0.0,0.0,0.0,0.0,0.0
-11.999739,-3.4476504,0.12449849,0.0,0.0,0.0,0.0,0.0,0.0
-11.999739,-3.4476504,0.12449849,0.0,0.0,0.0,0.0,0.0,0.0
-11.530476,-1.2354081,-0.6991069,0.0,0.0,0.0,0.0,0.0,0.0
-11.530476,-1.2354081,-0.6991069,0.0,0.0,0.0,0.0,0.0,0.0
-11.434708,0.0,-0.19153613,0.0,0.0,0.0,0.0,0.0,0.0
-11.434708,0.0,-0.19153613,0.0,0.0,0.0,0.0,0.0,0.0
-10.869676,1.0247183,0.31603462,0.0,0.0,0.0,0.0,0.0,0.0
-10.869676,1.0247183,0.31603462,0.0,0.0,0.0,0.0,0.0,0.0
-9.950302,1.4269443,0.62249243,0.0,0.0,0.0,0.0,0.0,0.0
-9.950302,1.4269443,0.62249243,0.0,0.0,0.0,0.0,0.0,0.0
-7.1059904,1.1587936,-0.58418524,0.0,0.0,0.0,0.0,0.0,0.0
-7.1059904,1.1587936,-0.58418524,0.0,0.0,0.0,0.0,0.0,0.0
-6.0238113,0.82360536,-1.1971009,0.0,0.0,0.0,0.0,0.0,0.0
-6.0238113,0.82360536,-1.1971009,0.0,0.0,0.0,0.0,0.0,0.0
-5.21936,0.4213795,-1.6089035,0.0,0.0,0.0,0.0,0.0,0.0
-3.964798,0.20111294,-1.8387469,0.0,0.0,0.0,0.0,0.0,0.0
-3.964798,0.20111294,-1.8387469,0.0,0.0,0.0,0.0,0.0,0.0
-3.964798,0.24899697,-1.8770541,0.0,0.0,0.0,0.0,0.0,0.0
-3.964798,0.24899697,-1.8770541,0.0,0.0,0.0,0.0,0.0,0.0
-4.4819455,0.076614454,-2.1260512,0.0,0.0,0.0,0.0,0.0,0.0
-4.4819455,0.076614454,-2.1260512,0.0,0.0,0.0,0.0,0.0,0.0
-5.4204726,-0.076614454,-2.528277,0.0,0.0,0.0,0.0,0.0,0.0
-5.4204726,-0.076614454,-2.528277,0.0,0.0,0.0,0.0,0.0,0.0
-7.4124484,-0.4405331,-3.572149,0.0,0.0,0.0,0.0,0.0,0.0
-7.4124484,-0.4405331,-3.572149,0.0,0.0,0.0,0.0,0.0,0.0
-8.350976,-0.5650316,-4.0892963,0.0,0.0,0.0,0.0,0.0,0.0
-8.350976,-0.5650316,-4.0892963,0.0,0.0,0.0,0.0,0.0,0.0
-9.500193,-0.5267244,-4.4819455,0.0,0.0,0.0,0.0,0.0,0.0
-9.500193,-0.5267244,-4.4819455,0.0,0.0,0.0,0.0,0.0,0.0
-10.783484,-0.25857377,-4.663905,0.0,0.0,0.0,0.0,0.0,0.0
-10.783484,-0.25857377,-4.663905,0.0,0.0,0.0,0.0,0.0,0.0
-13.579912,0.38307226,-4.8267107,0.0,0.0,0.0,0.0,0.0,0.0
-13.579912,0.38307226,-4.8267107,0.0,0.0,0.0,0.0,0.0,0.0
-13.9438305,0.9672575,-5.0374002,0.0,0.0,0.0,0.0,0.0,0.0
-13.9438305,0.9672575,-5.0374002,0.0,0.0,0.0,0.0,0.0,0.0
-13.838486,1.6663644,-5.3247046,0.0,0.0,0.0,0.0,0.0,0.0
-13.838486,1.6663644,-5.3247046,0.0,0.0,0.0,0.0,0.0,0.0
-13.321339,1.9919758,-6.9240313,0.0,0.0,0.0,0.0,0.0,0.0
-13.321339,1.9919758,-6.9240313,0.0,0.0,0.0,0.0,0.0,0.0
-12.919112,1.4269443,-8.408437,0.0,0.0,0.0,0.0,0.0,0.0
-12.919112,1.4269443,-8.408437,0.0,0.0,0.0,0.0,0.0,0.0
-11.511322,0.7278373,-8.887277,0.0,0.0,0.0,0.0,0.0,0.0
-11.511322,0.7278373,-8.887277,0.0,0.0,0.0,0.0,0.0,0.0
-9.452309,0.39264908,-7.4124484,0.0,0.0,0.0,0.0,0.0,0.0
-9.452309,0.39264908,-7.4124484,0.0,0.0,0.0,0.0,0.0,0.0
-10.448297,-0.90979666,-5.1906295,0.0,0.0,0.0,0.0,0.0,0.0
-10.448297,-0.90979666,-5.1906295,0.0,0.0,0.0,0.0,0.0,0.0
-12.50731,-1.4077905,-4.2521024,0.0,0.0,0.0,0.0,0.0,0.0
-12.50731,-1.4077905,-4.2521024,0.0,0.0,0.0,0.0,0.0,0.0
-14.709975,-2.0590134,-3.1986535,0.0,0.0,0.0,0.0,0.0,0.0
-14.709975,-2.0590134,-3.1986535,0.0,0.0,0.0,0.0,0.0,0.0
-14.288596,-3.86903,-1.1971009,0.0,0.0,0.0,0.0,0.0,0.0
-14.288596,-3.86903,-1.1971009,0.0,0.0,0.0,0.0,0.0,0.0
-10.7356,-4.2042184,-0.61291564,0.0,0.0,0.0,0.0,0.0,0.0
-10.7356,-4.2042184,-0.61291564,0.0,0.0,0.0,0.0,0.0,0.0
-7.603985,-3.4093432,-0.50757074,0.0,0.0,0.0,0.0,0.0,0.0
-7.603985,-3.4093432,-0.50757074,0.0,0.0,0.0,0.0,0.0,0.0
-5.7748146,-2.3463178,-0.1436521,0.0,0.0,0.0,0.0,0.0,0.0
-5.7748146,-2.3463178,-0.1436521,0.0,0.0,0.0,0.0,0.0,0.0
-4.185065,-0.60333884,-0.2873042,0.0,0.0,0.0,0.0,0.0,0.0
-3.6583402,-0.08619126,-0.81402856,0.0,0.0,0.0,0.0,0.0,0.0
-3.6583402,-0.08619126,-0.81402856,0.0,0.0,0.0,0.0,0.0,0.0
-3.3423057,0.0,-1.4556746,0.0,0.0,0.0,0.0,0.0,0.0
-3.3423057,0.0,-1.4556746,0.0,0.0,0.0,0.0,0.0,0.0
-3.6391866,-0.51714754,-1.7812861,0.0,0.0,0.0,0.0,0.0,0.0
-3.6391866,-0.51714754,-1.7812861,0.0,0.0,0.0,0.0,0.0,0.0
-4.596867,-0.842759,-1.7717092,0.0,0.0,0.0,0.0,0.0,0.0
-4.596867,-0.842759,-1.7717092,0.0,0.0,0.0,0.0,0.0,0.0
-5.8226986,-0.6703765,-1.532289,0.0,0.0,0.0,0.0,0.0,0.0
-5.8226986,-0.6703765,-1.532289,0.0,0.0,0.0,0.0,0.0,0.0
-7.201759,-0.06703765,-1.6184803,0.0,0.0,0.0,0.0,0.0,0.0
-7.201759,-0.06703765,-1.6184803,0.0,0.0,0.0,0.0,0.0,0.0
-10.563218,1.3599066,-2.0398598,0.0,0.0,0.0,0.0,0.0,0.0
-10.563218,1.3599066,-2.0398598,0.0,0.0,0.0,0.0,0.0,0.0
-11.789049,2.327164,-2.920926,0.0,0.0,0.0,0.0,0.0,0.0
-11.789049,2.327164,-2.920926,0.0,0.0,0.0,0.0,0.0,0.0
-12.152967,2.9592333,-3.3997664,0.0,0.0,0.0,0.0,0.0,0.0
-12.152967,2.9592333,-3.3997664,0.0,0.0,0.0,0.0,0.0,0.0
-11.032481,6.8569937,-12.98615,0.0,0.0,0.0,0.0,0.0,0.0
-11.032481,6.8569937,-12.98615,0.0,0.0,0.0,0.0,0.0,0.0
-8.992621,9.548077,-19.603724,0.0,0.0,0.0,0.0,0.0,0.0
-8.992621,9.548077,-19.603724,0.0,0.0,0.0,0.0,0.0,0.0
-5.6886234,1.7046716,-6.742072,0.0,0.0,0.0,0.0,0.0,0.0
-5.6886234,1.7046716,-6.742072,0.0,0.0,0.0,0.0,0.0,0.0
-10.70687,-0.4309563,-3.122039,0.0,0.0,0.0,0.0,0.0,0.0
-10.70687,-0.4309563,-3.122039,0.0,0.0,0.0,0.0,0.0,0.0
-13.062764,-2.3080103,-1.388637,0.0,0.0,0.0,0.0,0.0,0.0
-13.062764,-2.3080103,-1.388637,0.0,0.0,0.0,0.0,0.0,0.0
-11.827356,-2.566584,0.019153614,0.0,0.0,0.0,0.0,0.0,0.0
-12.976573,-2.2984335,-0.34476504,0.0,0.0,0.0,0.0,0.0,0.0
-12.976573,-2.2984335,-0.34476504,0.0,0.0,0.0,0.0,0.0,0.0
-13.857639,-0.5650316,-0.91937345,0.0,0.0,0.0,0.0,0.0,0.0
-13.857639,-0.5650316,-0.91937345,0.0,0.0,0.0,0.0,0.0,0.0
-12.852075,0.8523358,-0.17238252,0.0,0.0,0.0,0.0,0.0,0.0
-12.852075,0.8523358,-0.17238252,0.0,0.0,0.0,0.0,0.0,0.0
-11.9614315,1.8579005,0.2777274,0.0,0.0,0.0,0.0,0.0,0.0
-11.9614315,1.8579005,0.2777274,0.0,0.0,0.0,0.0,0.0,0.0
-11.473015,2.3175871,0.2681506,0.0,0.0,0.0,0.0,0.0,0.0
-11.473015,2.3175871,0.2681506,0.0,0.0,0.0,0.0,0.0,0.0
-8.695741,1.2354081,-1.1875241,0.0,0.0,0.0,0.0,0.0,0.0
-8.695741,1.2354081,-1.1875241,0.0,0.0,0.0,0.0,0.0,0.0
-7.086837,0.6895301,-1.4652514,0.0,0.0,0.0,0.0,0.0,0.0
-7.086837,0.6895301,-1.4652514,0.0,0.0,0.0,0.0,0.0,0.0
-5.7748146,0.33518824,-1.7142484,0.0,0.0,0.0,0.0,0.0,0.0
-4.10845,0.08619126,-2.078167,0.0,0.0,0.0,0.0,0.0,0.0
-4.10845,0.08619126,-2.078167,0.0,0.0,0.0,0.0,0.0,0.0
-3.7349546,-0.22026655,-2.2026656,0.0,0.0,0.0,0.0,0.0,0.0
-3.7349546,-0.22026655,-2.2026656,0.0,0.0,0.0,0.0,0.0,0.0
-3.5338416,-0.40222588,-2.2122424,0.0,0.0,0.0,0.0,0.0,0.0
-3.5338416,-0.40222588,-2.2122424,0.0,0.0,0.0,0.0,0.0,0.0
-3.763685,-0.61291564,-2.4037786,0.0,0.0,0.0,0.0,0.0,0.0
-3.763685,-0.61291564,-2.4037786,0.0,0.0,0.0,0.0,0.0,0.0
-5.6886234,-1.091756,-3.7924154,0.0,0.0,0.0,0.0,0.0,0.0
-5.6886234,-1.091756,-3.7924154,0.0,0.0,0.0,0.0,0.0,0.0
-6.83784,-1.340753,-4.5298295,0.0,0.0,0.0,0.0,0.0,0.0
-6.83784,-1.340753,-4.5298295,0.0,0.0,0.0,0.0,0.0,0.0
-8.226477,-1.3694834,-5.046977,0.0,0.0,0.0,0.0,0.0,0.0
-8.226477,-1.3694834,-5.046977,0.0,0.0,0.0,0.0,0.0,0.0
-9.375694,-1.0247183,-4.8267107,0.0,0.0,0.0,0.0,0.0,0.0
-9.375694,-1.0247183,-4.8267107,0.0,0.0,0.0,0.0,0.0,0.0
-11.990162,0.019153614,-4.156334,0.0,0.0,0.0,0.0,0.0,0.0
-11.990162,0.019153614,-4.156334,0.0,0.0,0.0,0.0,0.0,0.0
-13.350069,0.45010993,-4.0318356,0.0,0.0,0.0,0.0,0.0,0.0
-13.656527,0.9768343,-3.7445314,0.0,0.0,0.0,0.0,0.0,0.0
-13.656527,0.9768343,-3.7445314,0.0,0.0,0.0,0.0,0.0,0.0
-12.603078,2.3750482,-3.1124623,0.0,0.0,0.0,0.0,0.0,0.0
-12.603078,2.3750482,-3.1124623,0.0,0.0,0.0,0.0,0.0,0.0
-12.354081,2.9975405,-3.7828386,0.0,0.0,0.0,0.0,0.0,0.0
-12.354081,2.9975405,-3.7828386,0.0,0.0,0.0,0.0,0.0,0.0
-12.957419,3.2273839,-5.0661306,0.0,0.0,0.0,0.0,0.0,0.0
-12.957419,3.2273839,-5.0661306,0.0,0.0,0.0,0.0,0.0,0.0
-11.856087,2.1260512,-6.4068837,0.0,0.0,0.0,0.0,0.0,0.0
-11.856087,2.1260512,-6.4068837,0.0,0.0,0.0,0.0,0.0,0.0
-9.260772,0.1436521,-6.531382,0.0,0.0,0.0,0.0,0.0,0.0
-9.260772,0.1436521,-6.531382,0.0,0.0,0.0,0.0,0.0,0.0
-9.825804,-0.4405331,-6.3589997,0.0,0.0,0.0,0.0,0.0,0.0
-9.825804,-0.4405331,-6.3589997,0.0,0.0,0.0,0.0,0.0,0.0
-10.879252,-0.92895025,-5.659893,0.0,0.0,0.0,0.0,0.0,0.0
-10.879252,-0.92895025,-5.659893,0.0,0.0,0.0,0.0,0.0,0.0
-13.464991,-1.5610195,-3.4284968,0.0,0.0,0.0,0.0,0.0,0.0
-13.464991,-1.5610195,-3.4284968,0.0,0.0,0.0,0.0,0.0,0.0
-13.560759,-2.231396,-2.1739352,0.0,0.0,0.0,0.0,0.0,0.0
-11.568783,-2.528277,-1.1971009,0.0,0.0,0.0,0.0,0.0,0.0
-11.568783,-2.528277,-1.1971009,0.0,0.0,0.0,0.0,0.0,0.0
-8.90643,-2.9592333,-1.0151415,0.0,0.0,0.0,0.0,0.0,0.0
-8.90643,-2.9592333,-1.0151415,0.0,0.0,0.0,0.0,0.0,0.0
-5.439626,-1.6567876,-0.641646,0.0,0.0,0.0,0.0,0.0,0.0
-5.439626,-1.6567876,-0.641646,0.0,0.0,0.0,0.0,0.0,0.0
-4.4436383,-0.6895301,-1.1683705,0.0,0.0,0.0,0.0,0.0,0.0
-4.4436383,-0.6895301,-1.1683705,0.0,0.0,0.0,0.0,0.0,0.0
-3.9264908,0.1340753,-1.6950948,0.0,0.0,0.0,0.0,0.0,0.0
-3.9264908,0.1340753,-1.6950948,0.0,0.0,0.0,0.0,0.0,0.0
-3.4955344,-0.05746084,-2.2984335,0.0,0.0,0.0,0.0,0.0,0.0
-3.4955344,-0.05746084,-2.2984335,0.0,0.0,0.0,0.0,0.0,0.0
-3.6296098,-0.62249243,-2.2218192,0.0,0.0,0.0,0.0,0.0,0.0
-3.6296098,-0.62249243,-2.2218192,0.0,0.0,0.0,0.0,0.0,0.0
-4.1946416,-0.89064306,-1.9632454,0.0,0.0,0.0,0.0,0.0,0.0
-5.209783,-0.8810662,-1.8387469,0.0,0.0,0.0,0.0,0.0,0.0
-5.209783,-0.8810662,-1.8387469,0.0,0.0,0.0,0.0,0.0,0.0
-8.0924015,0.1340753,-2.2984335,0.0,0.0,0.0,0.0,0.0,0.0
-8.0924015,0.1340753,-2.2984335,0.0,0.0,0.0,0.0,0.0,0.0
