1.9974464,4.639153,5.247488,-0.02103375,0.067506075,-0.13318348,0.070100814,-0.021807453,9.67494
1.7794995,5.295388,4.792434,0.029261662,0.08666623,-0.19305897,-0.08594335,0.041839752,9.615595
1.3747413,5.5803957,5.0750465,0.07986382,0.14225116,-0.11882591,-0.13236177,0.09932403,9.691116
0.62031007,5.6905665,5.8917484,-0.036831632,0.094120815,-0.15235138,-0.10162925,-0.02240398,9.656332
-0.19639161,5.5324955,7.031778,-0.0025207642,0.09439081,-0.068532944,-0.095208555,0.01147768,9.740194
-0.974773,5.719307,8.657996,-0.031498596,0.11588366,-0.21702194,-0.123825826,-0.013475864,9.592162
-0.9148975,5.8845634,8.686736,0.013962856,0.13312711,-0.12362671,-0.1323807,0.033414893,9.685986
0.043110352,5.7696023,7.453301,0.076372325,0.07572615,-0.22661495,-0.068824254,0.087526985,9.581875
1.0729688,6.1144853,6.1791506,-0.016567314,0.14487009,-0.20026398,-0.14998545,0.005706335,9.609573
1.8058448,6.4210477,5.4534597,-0.013928869,0.1523049,-0.0829134,-0.15443671,0.0089434255,9.72706
2.1028273,6.8042507,5.3169436,0.06964645,0.08059068,-0.20027256,-0.073863596,0.08158874,9.608302
2.064507,7.046148,5.4438796,0.058372475,0.21000935,-0.20506573,-0.20334645,0.089870974,9.606309
1.2525953,7.5946074,6.205496,0.096937366,0.08070566,-0.16674614,-0.06884386,0.108714215,9.641858
1.5495777,7.879615,6.5216384,0.04688734,0.085608765,-0.14758873,-0.080706246,0.05994029,9.6610365
2.1818628,8.116721,6.1312504,-0.0075924955,0.07813734,-0.28410053,-0.084420085,0.005871241,9.524311
2.3734643,8.50711,6.325247,0.06419898,0.06612335,-0.25296307,-0.060868658,0.07480894,9.555289
2.3519094,8.957374,6.950347,0.04282676,0.06894985,-0.14519787,-0.06462503,0.053611025,9.6630535
2.5914114,9.642349,7.326365,0.040628683,0.17938583,0.015262604,-0.17060766,0.06772316,9.825872
2.7111623,9.75731,7.189849,0.053239767,0.07251167,-0.23383904,-0.068272576,0.06499291,9.574514
2.0190015,9.031619,8.061636,0.06338747,0.15623988,-0.05181694,-0.14528129,0.087585516,9.758318
0.9651929,7.407796,10.253079,-0.008366812,0.15387866,-0.17875385,-0.15700369,0.017047055,9.631263
0.9412427,5.343289,11.215877,0.061357718,0.06537111,-0.11169624,-0.057054594,0.07156021,9.696478
1.829795,4.888235,7.7574687,-0.03157365,0.022427455,-0.20510578,-0.031581584,-0.026547821,9.602038
1.9567311,5.625901,4.84752,-5.9260055E-6,0.061040282,-0.1787672,-0.063981816,0.010823184,9.629244
2.3614893,6.7371902,2.799778,0.062469296,0.12569277,-0.118891716,-0.11618155,0.08285878,9.690578
2.0046315,7.6496925,2.5339308,0.11041146,0.11405556,-0.26020527,-0.09982682,0.12887375,9.5491
1.2837305,8.025711,3.175796,0.13621627,0.11870718,-0.08775997,-0.09687759,0.154068,9.721645
0.977168,7.975415,4.5936475,0.050218266,0.14072207,-0.19794178,-0.13483654,0.07332884,9.611849
1.456172,7.7598634,5.841453,-0.055362035,0.08363272,-0.11172962,-0.093785584,-0.040656142,9.696677
2.2800586,7.446116,6.564749,0.09074418,0.16555607,-0.19077587,-0.15283062,0.116995916,9.619585
3.0776002,7.438931,7.2640944,0.0088753905,0.14849097,-0.26740837,-0.15078102,0.033598162,9.542507
2.694397,7.6664577,7.223379,-0.043709546,0.09493831,-0.11171436,-0.103064515,-0.027358582,9.696955
1.5783179,7.798184,7.2736745,0.069039874,0.12182003,-0.11172676,-0.111455254,0.08825019,9.6976595
0.47900394,8.0305,7.1299734,0.05515512,0.12698981,-0.06383419,-0.117650315,0.07535111,9.7456255
0.17723145,7.6113725,7.0245924,0.050431952,0.16555917,-0.116529465,-0.15757012,0.0772021,9.693763
0.5364844,7.0509377,7.1060233,0.0011154432,0.10601713,-0.15006828,-0.107470214,0.019448273,9.65889
1.2334352,6.5240335,6.816226,0.049188178,0.14205267,-0.030319214,-0.13243107,0.07238067,9.779434
1.7292042,6.6749196,6.332432,0.047610167,0.14020328,-0.21714401,-0.13455611,0.07177554,9.5926
1.9208057,7.350315,5.7863674,-0.014844684,0.07081205,-0.12134457,-0.07482023,-0.0020793,9.6868305
2.2872438,8.171807,6.133645,-0.029399475,0.16751939,-0.20758438,-0.17435521,-3.3569442E-5,9.602645
2.4069948,9.740545,7.103628,-0.024523642,0.083502114,-0.21237087,-0.0908347,-0.009179858,9.596079
0.79993653,10.310559,6.1623855,0.083208084,0.15814054,-0.19561386,-0.14602998,0.109363414,9.614527
-1.9567311,9.841136,6.3970976,0.011945792,0.14369518,-0.2698574,-0.14514191,0.037446037,9.539919
-1.1879297,8.667576,11.141631,0.026586942,0.17019723,-0.14053059,-0.1660116,0.05596737,9.669791
1.6166383,7.7359133,8.566985,0.043296073,0.14679678,-0.2123928,-0.14165261,0.06860414,9.597456
3.2332766,7.5323367,4.88105,0.05312694,0.11379178,-0.114209175,-0.1053937,0.0722719,9.694921
4.416416,7.2353544,3.0704153,0.067446575,0.0806181,-0.11900616,-0.07041951,0.08069802,9.689434
4.2799,6.2438164,3.63564,0.02748377,0.16741474,-0.0926733,-0.16202445,0.056383476,9.717543
3.7314405,5.216353,4.3565407,0.027603235,0.10570671,-0.13100624,-0.10202477,0.046001494,9.677914
2.9650342,4.5409575,5.43909,0.11189483,0.120762855,-0.20766163,0.0,0.0,0.0
2.2106032,4.387676,5.992339,0.04014021,0.12774885,-0.17412663,-0.12231553,0.06258968,9.635266
1.707649,5.1708474,5.853428,0.07693799,0.1118779,-0.102295876,0.0,0.0,0.0
1.1520045,6.1240654,5.151687,-0.001706413,0.088055894,-0.20288944,0.0,0.0,0.0
0.9388477,6.828201,4.9720607,-0.054747466,0.08999342,-0.20048428,0.0,0.0,0.0
0.75203615,6.8497562,4.993616,0.044038385,0.15479942,-0.15258789,0.0,0.0,0.0
0.32332766,7.4006104,5.518125,0.027545549,0.15051964,-0.23642349,0.0,0.0,0.0
0.39517823,7.6113725,5.5229154,-0.04425199,0.13583244,-0.21007156,0.0,0.0,0.0
0.2778223,7.7430983,5.9324636,0.010839686,0.11957443,-0.13104725,0.0,0.0,0.0
0.3520679,7.7862086,6.440208,-0.028326128,0.1843051,-0.1741581,0.0,0.0,0.0
0.6322852,8.174202,6.607859,0.09953722,0.04566501,-0.13584423,0.0,0.0,0.0
0.93405765,8.674761,6.4162574,0.11181641,0.11242378,-0.06398678,0.0,0.0,0.0
1.1543995,9.3309965,6.70845,0.068949476,0.04155183,-0.20052433,0.0,0.0,0.0
0.613125,9.898616,7.173084,1.9403128E-4,0.091722965,-0.19573116,0.0,0.0,0.0
0.22513184,10.289004,7.692803,0.0979814,0.11080381,-0.17656994,0.0,0.0,0.0
0.5005591,10.696157,8.111932,0.0429791,0.099156916,-0.068800926,0.0,0.0,0.0
0.7161109,10.952425,7.829319,0.009863934,0.16120264,-0.11909199,0.0,0.0,0.0
0.34727785,9.874666,8.313113,0.029889159,0.08433083,-0.1693821,0.0,0.0,0.0
-0.8047266,7.6017923,9.7621,0.084556825,0.06993471,-0.092741966,0.0,0.0,0.0
-0.45984375,6.0043144,9.0148535,5.4126186E-4,0.18288732,-0.16460037,0.0,0.0,0.0
0.6825806,5.6666164,6.2581863,0.0032166834,0.09687626,-0.15981388,0.0,0.0,0.0
0.5748047,6.1863356,5.1852174,0.027483024,0.13752684,-0.18376255,0.0,0.0,0.0
-0.4143384,6.871311,5.1468973,0.066252075,0.1951233,-0.13826084,0.0,0.0,0.0
-0.7089258,7.2640944,4.6774735,0.05730139,0.099341795,-0.18855667,0.0,0.0,0.0
-1.0849439,7.199429,4.703819,0.028378231,0.15718707,-0.114317894,0.0,0.0,0.0
-1.2046949,7.1778736,5.376819,0.09293671,0.17357548,-0.15981579,0.0,0.0,0.0
-0.19878663,6.962322,5.1468973,0.026433496,0.1182185,-0.14065075,0.0,0.0,0.0
0.7496411,6.744375,4.505032,0.038807023,0.09934121,-0.23645687,0.0,0.0,0.0
0.86939216,6.8689165,4.3541455,0.024773117,0.08272895,-0.16460991,0.0,0.0,0.0
0.50774413,6.9862723,4.631968,-0.013815499,0.08800511,-0.107138634,0.0,0.0,0.0
0.21315674,6.964717,4.984036,0.024599751,0.09524386,-0.10953522,0.0,0.0,0.0
0.7089258,6.6916847,5.3935843,0.09409461,0.14729957,-0.15263271,0.0,0.0,0.0
1.5112574,6.7324004,5.372029,0.087675415,0.18742111,-0.03047371,0.0,0.0,0.0
2.0453467,7.2521195,5.345684,0.0877868,0.10316101,-0.08555126,0.0,0.0,0.0
1.7890797,7.9155397,5.48699,0.05432027,0.18737757,-0.12627506,0.0,0.0,0.0
1.2502003,8.210127,6.1791506,0.04074021,0.08226748,-0.13346481,0.0,0.0,0.0
1.4226416,8.600515,7.046148,0.02849181,0.08682652,-0.20531082,0.0,0.0,0.0
1.5974782,9.201666,7.8844047,0.023217406,0.08480182,-0.20771313,0.0,0.0,0.0
1.7842896,9.898616,7.541917,0.0019288212,0.14441845,-0.12388229,0.0,0.0,0.0
1.9806812,10.171648,8.372989,0.033378378,0.101145715,-0.16459465,0.0,0.0,0.0
2.1148024,10.47821,8.952583,0.062348004,0.079790086,-0.14064789,0.0,0.0,0.0
1.9040406,11.184742,8.052056,0.062400978,0.17515962,-0.109503746,0.0,0.0,0.0
0.9029224,9.845925,7.194639,0.079283625,0.08926824,-0.09274578,0.0,0.0,0.0
-0.05508545,8.020921,8.205338,0.029162517,0.19920798,-0.15022182,0.0,0.0,0.0
1.4106666,6.943162,6.219866,0.044041026,0.16086923,-0.2005167,0.0,0.0,0.0
2.7782228,6.0593996,3.8104763,0.06604754,0.11511226,-0.09273529,0.0,0.0,0.0
2.8788135,5.654641,5.376819,0.049569435,0.14155792,-0.19811821,0.0,0.0,0.0
2.8548634,5.7624173,6.375542,0.08841886,0.1604838,-0.2555933,0.0,0.0,0.0
3.3865578,5.6977515,5.374424,-0.04998229,0.05759868,-0.20530033,0.0,0.0,0.0
2.7590625,5.702542,5.4462748,0.021896087,0.124454364,-0.18613625,0.0,0.0,0.0
1.5423926,6.100115,6.2677665,0.029614462,0.16306905,-0.20051193,0.0,0.0,0.0
0.80712163,6.1887307,7.5299416,0.1807916,0.09380062,-0.1262703,0.0,0.0,0.0
0.6610254,6.229446,7.197034,0.042048387,0.08685914,-0.11909008,0.0,0.0,0.0
0.9484278,6.2510014,6.0210795,0.044987276,0.1441597,-0.1957264,0.0,0.0,0.0
0.40954837,6.471343,5.257068,0.088497855,0.17820598,-0.16939163,0.0,0.0,0.0
-0.4406836,6.7611403,5.118157,0.08088822,0.120856434,-0.22448063,0.0,0.0,0.0
-0.54366946,6.8521514,5.3001785,0.04703981,0.10170427,-0.11191559,0.0,0.0,0.0
-0.033530276,6.9168167,5.815108,0.068941094,0.03151223,-0.21967506,0.0,0.0,0.0
0.13651612,7.182664,5.3145485,0.0619706,0.13001844,-0.21249676,0.0,0.0,0.0
-0.10777588,7.2329593,5.5229154,0.019045811,0.16333774,-0.14782715,0.0,0.0,0.0
-0.011975098,7.33355,6.1695704,0.060218796,0.09631252,-0.23644257,0.0,0.0,0.0
0.3520679,7.5970025,6.337222,-0.0022708997,0.09632228,-0.22446823,0.0,0.0,0.0
0.6825806,8.401729,5.7959476,0.039983705,0.17287087,-0.1574049,0.0,0.0,0.0
0.5460645,9.472302,5.997129,0.013484559,0.16302375,-0.17895603,0.0,0.0,0.0
0.6490503,10.669812,7.192244,0.057173807,0.0362204,-0.20290756,0.0,0.0,0.0
1.0562036,12.068504,7.448511,0.019019473,0.11510365,-0.11907959,0.0,0.0,0.0
0.016765138,11.304493,7.429351,0.05505633,0.12906949,-0.14062595,0.0,0.0,0.0
-1.456172,9.575289,7.8508744,0.05475906,0.20332251,-0.085541725,0.0,0.0,0.0
-1.8513502,8.090376,8.986114,0.052764297,0.08137946,-0.14542103,0.0,0.0,0.0
-1.0801538,5.3313136,9.778865,0.10061922,0.19104667,-0.10229969,0.0,0.0,0.0
-0.6610254,4.926555,8.389753,-0.06439783,0.1620156,-0.24120426,0.0,0.0,0.0
-0.48618898,5.2905984,7.7167535,0.017123636,0.1134665,-0.13820553,0.0,0.0,0.0
-0.3879932,6.5288234,6.5096636,0.08405633,0.07219243,-0.18609428,0.0,0.0,0.0
-0.68976563,7.27128,5.43909,-0.035972103,0.13025147,-0.12144089,0.0,0.0,0.0
-0.91250247,7.278465,5.252278,0.011494249,0.10655001,-0.21724606,0.0,0.0,0.0
-0.4239185,6.8018556,5.5420756,0.037867438,0.14310831,-0.17893982,0.0,0.0,0.0
0.58198977,6.4258375,5.4582496,0.059461277,0.11916977,-0.14780426,0.0,0.0,0.0
1.3699512,6.0330544,4.643943,0.018580478,0.15940027,-0.13821507,0.0,0.0,0.0
1.5495777,6.2653713,4.2032595,0.10763082,0.16197145,-0.15019226,0.0,0.0,0.0
1.5447876,6.6198344,4.253555,0.014145305,0.041707143,-0.15976238,0.0,0.0,0.0
2.0932472,6.2749515,4.5529323,0.07905676,0.14030331,-0.121450424,0.0,0.0,0.0
2.4453151,6.358777,4.8139896,-0.0016172146,0.1284204,-0.19330311,0.0,0.0,0.0
2.804568,6.4138627,4.6199927,0.034588303,0.06863724,-0.12145424,0.0,0.0,0.0
2.198628,7.1084185,5.0702567,0.008457998,0.08781439,-0.18612003,0.0,0.0,0.0
1.81782,7.6209526,6.085745,0.016145073,0.15467179,-0.15977001,0.0,0.0,0.0
1.8633252,8.6627865,6.871311,0.12176031,0.16412593,-0.22682762,0.0,0.0,0.0
1.9854712,9.745335,6.9383717,0.1217263,0.08712043,-0.14538956,0.0,0.0,0.0
1.6669337,10.763218,6.67971,0.068742424,0.053300634,-0.15735817,0.0,0.0,0.0
1.5567628,10.799144,7.4054008,0.049833518,0.1783775,-0.23640442,0.0,0.0,0.0
2.3471193,10.9069195,8.346643,0.04748752,0.19021346,-0.21245193,0.0,0.0,0.0
2.1291726,11.515254,7.335945,-3.3281138E-4,0.07087663,-0.12863445,0.0,0.0,0.0
0.1341211,10.162068,7.6425076,0.057420064,0.08765757,-0.2148552,0.0,0.0,0.0
-0.8813672,8.744217,9.965676,0.14379731,0.08528745,-0.09989548,0.0,0.0,0.0
-0.44307864,7.1299734,9.865086,0.015468304,0.04433173,-0.16215992,0.0,0.0,0.0
1.4202466,6.5072684,6.1504107,0.07551328,0.11883116,-0.166955,0.0,0.0,0.0
1.7890797,6.6270194,4.9385304,0.09189594,0.1953704,-0.025648117,0.0,0.0,0.0
1.6046631,6.6677346,4.7972245,0.055734236,0.119280845,-0.18373013,0.0,0.0,0.0
2.1722827,6.05461,4.703819,0.0421859,0.109621584,-0.2172575,0.0,0.0,0.0
3.0129347,5.0989966,4.711004,0.047849353,0.15276009,-0.16696262,0.0,0.0,0.0
3.4727786,4.399651,5.5420756,0.06238558,0.13597094,-0.19809723,0.0,0.0,0.0
3.0344899,4.4834766,5.733677,0.036706723,0.114233956,-0.16456223,0.0,0.0,0.0
1.8968556,5.007986,5.4175344,0.010756677,0.16729183,-0.114274025,0.0,0.0,0.0
1.8968556,5.007986,5.4175344,0.056564786,0.17441829,-0.12864208,0.0,0.0,0.0
1.8968556,5.007986,5.4175344,0.1285699,0.06880103,-0.16935253,0.0,0.0,0.0
1.8968556,5.007986,5.4175344,0.06657742,0.10033159,-0.13104057,0.0,0.0,0.0
-0.6179151,6.701265,5.362449,0.1080194,0.09044017,-0.10708237,0.0,0.0,0.0
-0.6777906,6.976692,5.3792143,0.06730847,0.15059195,-0.08792877,0.0,0.0,0.0
-0.5460645,7.1132083,5.961204,0.058332767,0.1700101,-0.07595825,0.0,0.0,0.0
0.40715334,6.844966,6.6294146,0.01027326,0.10019931,-0.14061642,0.0,0.0,0.0
1.7028589,7.103628,6.200706,0.074758366,0.042649224,-0.111875534,0.0,0.0,0.0
2.4261549,8.159832,5.1660576,0.13024704,0.1026395,-0.10469246,0.0,0.0,0.0
2.6488917,9.618399,5.3408937,0.027989112,0.10749328,-0.107087135,0.0,0.0,0.0
2.3016138,9.965676,6.3923073,0.06371772,0.08808212,-0.15977287,0.0,0.0,0.0
1.705254,10.169253,9.599238,0.042454027,0.08112596,-0.16935635,0.0,0.0,0.0
2.1004322,11.306888,9.898616,0.05941448,0.068963975,-0.12863731,0.0,0.0,0.0
1.4920973,11.223062,7.3527102,0.076258264,0.10031037,6.8855286E-4,0.0,0.0,0.0
-0.3879932,10.202784,7.3311553,0.045560226,0.13601947,-0.08313084,0.0,0.0,0.0
-1.1448194,7.688013,9.137,0.062870584,0.17154013,-0.17173767,0.0,0.0,0.0
-0.33769777,5.8127127,9.342972,0.015441386,0.09760712,-0.15976906,0.0,0.0,0.0
0.48379397,5.49178,7.182664,0.030424003,0.1358086,-0.11186504,0.0,0.0,0.0
0.5748047,6.320457,5.712122,0.028036231,0.18208507,-0.2028904,0.0,0.0,0.0
0.18441652,7.1371584,4.766089,0.030731233,0.18974459,-0.047224045,0.0,0.0,0.0
-0.12693603,7.2114043,4.878655,0.07659836,0.14214215,-0.18374538,0.0,0.0,0.0
-0.22992188,6.5000834,6.0330544,0.052907705,0.0700994,-0.10470581,0.0,0.0,0.0
0.34488282,5.6857767,7.4652762,0.06592253,0.16066563,-0.2076807,0.0,0.0,0.0
0.50774413,5.7791824,7.0988383,0.073032446,0.16381319,-0.11668491,0.0,0.0,0.0
0.34488282,6.4210477,5.5540504,0.046856962,0.12850682,-0.15980911,0.0,0.0,0.0
0.2203418,7.053333,4.3086405,0.06614432,0.074025154,-0.25322628,0.0,0.0,0.0
0.55324954,7.0126176,3.647615,0.044829205,0.09522155,-0.14304733,0.0,0.0,0.0
0.97956306,6.74198,3.6092947,0.08791001,0.1573928,-0.21250153,0.0,0.0,0.0
1.5591577,6.4593678,3.999683,0.09235726,0.11441742,-0.23645401,0.0,0.0,0.0
1.6334034,6.662945,4.493057,0.064357065,0.10967271,-0.1358633,0.0,0.0,0.0
1.3052857,7.077283,4.720584,0.088253394,0.124396145,-0.15742588,0.0,0.0,0.0
1.2621753,7.7383084,5.5803957,0.07133811,0.071986705,-0.18856716,0.0,0.0,0.0
1.6836988,8.571775,6.207891,0.076243766,0.21322599,-0.18856621,0.0,0.0,0.0
1.6717237,9.75731,6.7874856,0.08625822,0.064549595,-0.19095707,0.0,0.0,0.0
1.2765454,10.37283,7.814949,0.12728775,0.117186666,-0.21490479,0.0,0.0,0.0
1.0298585,10.952425,8.758587,0.04608565,0.119110286,-0.13106918,0.0,0.0,0.0
2.0525317,11.280542,8.741821,0.056073822,0.027829483,-0.11190319,0.0,0.0,0.0
1.3028907,10.212363,7.321575,0.055846013,0.027552351,-0.11189747,-0.005722296,-0.06286632,9.695232
0.06466553,8.329878,9.869876,0.08703114,0.099509984,-0.22925472,0.0,0.0,0.0
0.43110353,6.6821046,11.929593,0.07790683,0.08051497,-0.12387657,0.0,0.0,0.0
1.3867164,6.1935205,8.109536,0.049693905,0.089680895,-0.11907768,0.0,0.0,0.0
1.6142433,6.552774,5.3792143,0.03540596,0.060973436,-0.123867035,0.0,0.0,0.0
1.8274,6.725215,4.9289503,0.04542783,0.16162874,-0.03525257,0.0,0.0,0.0
1.7723145,6.0498195,5.6522465,0.023498058,0.16873471,-0.20050812,0.0,0.0,0.0
2.2417383,5.1612673,6.104905,0.09346173,0.18782686,-0.18134499,0.0,0.0,0.0
2.4932153,4.4451566,6.6413894,0.021966282,0.1637373,-0.17655182,0.0,0.0,0.0
2.3255641,4.7325587,6.67971,0.10440913,0.07739794,-0.1765461,0.0,0.0,0.0
1.7244141,5.479805,5.8270826,0.08508413,0.090553865,-0.20531178,0.0,0.0,0.0
0.60594,6.3707523,5.015171,0.039641872,0.14129095,-0.13107586,0.0,0.0,0.0
0.1580713,6.6174393,5.015171,0.030195044,0.079349294,-0.17898178,0.0,0.0,0.0
0.11496094,6.3970976,5.3408937,0.04206351,0.21233925,-0.13824368,0.0,0.0,0.0
0.0023950196,6.461763,6.0330544,0.05411652,0.14505988,-0.17895508,0.0,0.0,0.0
0.0071850587,6.4330225,6.375542,0.08042157,0.20080313,-0.10472298,0.0,0.0,0.0
-0.07185059,6.4593678,6.7659307,0.08721097,0.12816612,-0.056806564,0.0,0.0,0.0
-0.19639161,6.6413894,7.168294,0.092244476,0.059112772,-0.29871178,0.0,0.0,0.0
0.21794678,6.7850904,7.096443,0.07498678,0.11145845,-0.09033871,0.0,0.0,0.0
0.64186525,7.4748564,6.0522146,0.060919426,0.06402585,-0.18614864,0.0,0.0,0.0
0.8286768,8.140672,5.4295096,0.025587756,0.066201314,-0.1238718,0.0,0.0,0.0
0.45744875,9.096285,7.0150127,0.050545745,0.14290588,-0.19093132,0.0,0.0,0.0
0.5388794,9.841136,7.793394,0.08682717,0.13547689,-0.095124245,0.0,0.0,0.0
1.0274634,10.540482,7.9083548,0.120879926,0.17865133,-0.09033394,0.0,0.0,0.0
0.852627,11.508069,6.085745,0.040015317,0.16200095,-0.22206116,0.0,0.0,0.0
-1.0011182,9.129815,7.527547,0.027969925,0.011283204,-0.16937447,0.0,0.0,0.0
-2.201023,6.4976883,11.55118,0.10988538,0.16974926,-0.085556984,0.0,0.0,0.0
-1.8633252,5.1636624,11.977493,0.13867977,0.2319389,-0.090343475,0.0,0.0,0.0
-0.98435307,5.3121533,7.592212,0.104947336,0.052704275,-0.085562706,0.0,0.0,0.0
-1.2502003,5.965994,6.205496,0.059945155,0.16790237,-0.14783669,0.0,0.0,0.0
-1.6070582,6.7850904,6.219866,0.04832936,0.11024983,-0.20531273,0.0,0.0,0.0
-1.6453785,6.7563505,6.200706,0.022353582,0.1361792,-0.11908245,0.0,0.0,0.0
-1.6190332,6.9383717,6.382727,0.03985142,0.14851497,-0.12866783,0.0,0.0,0.0
-0.72569096,6.662945,6.5264287,0.093054034,0.20869252,-0.13825321,0.0,0.0,0.0
0.39757326,6.215076,5.5612354,0.1167018,0.11517386,-0.14783096,0.0,0.0,0.0
1.1879297,5.863008,4.854705,0.12639615,0.0861208,-0.111899376,0.0,0.0,0.0
1.5304176,5.858218,4.4571314,0.035124596,0.114754885,-0.15979862,0.0,0.0,0.0
1.3675562,5.8127127,4.996011,0.068616994,0.11895004,-0.17415619,0.0,0.0,0.0
1.463357,5.7887626,5.621111,0.105489224,0.123736694,-0.11427784,0.0,0.0,0.0
1.9279908,5.752837,5.48699,0.093095526,0.200553,-0.14781284,0.0,0.0,0.0
2.323169,5.944439,5.5636306,0.06239242,0.10982366,-0.19571781,0.0,0.0,0.0
2.3064039,5.997129,6.696475,0.01279445,0.18614496,-0.14541435,0.0,0.0,0.0
2.2321582,6.2821364,7.965835,0.05909788,0.15974788,-0.13582993,0.0,0.0,0.0
2.0980372,6.976692,8.435259,0.04970312,0.2556687,-0.12146187,0.0,0.0,0.0
1.8465601,8.188572,7.5874224,0.06633645,0.10954085,-0.12146187,0.059852265,-0.11539994,9.6872635
1.8513502,9.0891,6.806646,0.0691971,0.10240984,-0.066376686,0.052959356,-0.112784676,9.742177
2.1411476,9.426797,7.0126176,0.09318827,0.09562197,-0.17655468,0.034328576,-0.13133645,9.631804
2.7758276,9.953702,8.509504,0.11685737,0.13396509,-0.11189079,0.0,0.0,0.0
1.2813355,10.181229,8.140672,0.040281493,0.13904464,-0.20530319,0.09746022,-0.11219034,9.604117
-0.28979737,9.127419,9.448353,0.023711655,0.19162774,-0.16458511,0.14955881,-0.12720615,9.645958
-1.1831397,7.110813,12.626543,0.04542172,0.08612427,-0.1478157,0.04868632,-0.08716026,9.660491
0.07903565,5.8677983,9.953702,0.06287364,0.16743466,-0.2052927,0.0,0.0,0.0
1.8776954,5.7145166,6.0019193,0.0754479,0.15594469,-0.19571972,0.0,0.0,0.0
2.5051906,5.9300685,4.478687,0.08269462,0.06747344,-0.114292145,0.0,0.0,0.0
2.435735,6.1480155,5.2115626,0.035140734,0.11517924,-0.138237,0.0,0.0,0.0
2.201023,5.609136,5.6282964,0.12397215,0.064918965,-0.14302635,0.0,0.0,0.0
2.5459058,4.8139896,6.2342362,0.17651293,0.098421335,-0.16697693,0.0,0.0,0.0
2.5027955,4.3349857,7.680828,0.04025323,0.11026041,-0.14062786,0.0,0.0,0.0
2.7087672,4.239185,7.6161623,0.06671274,0.07640523,-0.09751034,0.0,0.0,0.0
2.215393,4.6750784,6.5312185,0.13596337,0.08637984,-0.1693697,0.0,0.0,0.0
0.6849756,6.013894,5.158872,0.12428863,0.14395061,-0.13823605,0.0,0.0,0.0
0.39996827,6.1695704,4.912185,-0.014340006,0.10838576,-0.17656231,0.0,0.0,0.0
0.41912845,6.0617948,5.1924024,0.019436426,0.2500674,-0.11429882,0.0,0.0,0.0
0.021555176,6.10251,5.989944,0.11548152,0.075170755,-0.25320816,0.0,0.0,0.0
-0.25866213,6.346802,6.495293,0.09647119,0.060750768,-0.09752941,0.0012251227,-0.114784494,9.710046
-0.4047583,6.559959,7.0221977,0.11121284,0.10360038,-0.07357311,0.028335823,-0.15017258,9.734819
-0.11496094,6.8114357,7.2545147,0.018559063,0.094049856,-0.22685242,0.0,0.0,0.0
0.18441652,7.216194,6.935977,0.085500926,0.09210296,-0.17417145,0.0,0.0,0.0
0.6227051,10.722503,7.8844047,0.063026845,4.0605907,0.7097211,-1.7847724,-1.7446226,13.087954
-1.7411792,9.903406,6.67013,-2.3019917,3.2381577,-0.5013652,0.0,0.0,0.0
-2.5890162,7.441326,10.298584,-3.1146002,0.77057457,3.1295376,0.0,0.0,0.0
-2.692002,5.7719975,13.062437,-3.11481,-0.85682154,5.847842,0.0,0.0,0.0
-1.6190332,5.101392,11.361973,-1.9537883,-1.4225187,4.047814,0.0,0.0,0.0
-1.465752,5.2283278,9.2328005,-1.8190298,-1.2038641,1.8387156,0.0,0.0,0.0
-1.9112257,5.5708156,8.049661,-2.3271961,-0.81663036,0.62013245,0.0,0.0,0.0
-1.7268091,5.7145166,7.3718705,-2.153038,-0.6450038,-0.08099651,0.0,0.0,0.0
-1.7411792,5.704937,7.0437527,-1.9152677,-0.5828996,-0.47975683,0.0,0.0,0.0
-1.5328126,5.6354814,6.981482,-1.629772,-0.6154461,-0.57410526,0.0,0.0,0.0
-1.0657837,5.609136,6.3851223,-1.1489544,-0.591712,-1.211782,0.0,0.0,0.0
-0.22273682,5.47262,5.326524,-0.3501256,-0.6840029,-2.3056545,0.0,0.0,0.0
0.2682422,5.704937,4.3086405,0.056132942,-0.44729805,-3.325192,0.0,0.0,0.0
0.34727785,6.0402393,4.119434,0.05679047,-0.15379858,-3.4779282,0.0,0.0,0.0
0.5484595,6.1144853,4.054768,0.2162441,-0.15450239,-3.4791427,0.0,0.0,0.0
1.3004956,6.229446,3.9901028,0.94593227,-0.1237092,-3.4719405,0.0,0.0,0.0
1.9687061,6.085745,4.512217,1.5767338,-0.34124708,-2.8844395,0.0,0.0,0.0
2.4956105,6.0091043,5.271438,2.046629,-0.46562243,-2.0802097,0.0,0.0,0.0
2.567461,6.241421,6.449788,2.0566602,-0.24990606,-0.883162,0.0,0.0,0.0
2.323169,7.074888,7.776629,1.7734786,0.59272385,0.43838835,0.0,0.0,0.0
2.0333717,8.049661,7.7239385,1.4077666,1.5721312,0.38768435,0.0,0.0,0.0
1.9567311,9.072334,7.431746,1.3602314,2.575357,0.110280514,0.0,0.0,0.0
1.9663111,9.239985,7.599397,1.3698115,2.7430081,0.2779317,0.0,0.0,0.0
2.5818312,9.328602,9.630374,2.036487,2.8452654,2.2928448,0.0,0.0,0.0
1.9303858,9.836346,9.572893,1.3969932,3.3949647,2.197631,0.0,0.0,0.0
-0.5891748,8.329878,9.807606,-1.1031713,1.9173508,2.4058704,0.0,0.0,0.0
-1.0681788,6.8856816,12.494818,-1.5151931,0.5024767,5.063447,0.0,0.0,0.0
0.76880133,4.91937,10.688972,0.39406258,-1.4437375,3.2364006,0.0,0.0,0.0
2.1148024,4.6942387,7.29523,1.7298465,-1.7201433,-0.11273241,0.0,0.0,0.0
2.8788135,4.9696655,6.337222,2.4165983,-1.5044122,-1.0141764,0.0,0.0,0.0
2.3782544,5.5229154,6.943162,1.8980466,-1.0133061,-0.3518772,0.0,0.0,0.0
1.3603711,6.080955,6.8928666,0.891388,-0.46334553,-0.3956566,0.0,0.0,0.0
1.2382251,5.5492606,6.8761015,0.7634704,-0.96448994,-0.4393654,0.0,0.0,0.0
1.7675245,4.873865,7.0198026,1.259748,-1.577024,-0.3489542,0.0,0.0,0.0
2.2177882,4.6032276,6.8808913,1.6414642,-1.7649508,-0.5544667,0.0,0.0,0.0
2.0453467,4.734954,6.241421,1.3919554,-1.5699558,-1.2413306,0.0,0.0,0.0
1.1591895,5.343289,5.2043777,0.46515507,-0.95009995,-2.284412,0.0,0.0,0.0
-0.17962648,6.0665846,5.4127445,-0.8443274,-0.27251387,-2.0400662,0.0,0.0,0.0
-0.9412427,6.4976883,5.8965383,-1.5156493,0.07915974,-1.4955478,0.0,0.0,0.0
-1.463357,6.9024467,6.7611403,-1.9277377,0.39125204,-0.5572667,0.0,0.0,0.0
-1.6836988,7.1874537,7.6592727,-2.0189679,0.5651455,0.4341073,0.0,0.0,0.0
-1.5304176,7.4676714,7.27128,-1.6886812,0.7167096,0.1600318,0.0,0.0,0.0
-1.4226416,7.7335186,6.382727,-1.5726031,0.85998106,-0.61029625,0.0,0.0,0.0
-1.1496094,8.054451,5.982759,-1.3314016,1.0544047,-0.8828573,0.0,0.0,0.0
-0.85741705,8.337064,5.8007374,-1.0717803,1.2069755,-0.9287715,0.0,0.0,0.0
-0.1939966,8.799302,6.70366,-0.45483863,1.5537581,0.10029316,0.0,0.0,0.0
0.63707525,10.104588,6.9886675,0.29846478,2.7913074,0.46397066,0.0,0.0,0.0
1.4010864,11.860137,6.437813,0.98923,4.50108,-0.030962467,0.0,0.0,0.0
-0.040715333,12.042159,5.012776,-0.5133708,4.6372695,-1.3992901,0.0,0.0,0.0
-2.2225783,9.85311,6.2701616,-2.715015,2.399467,-0.08366394,0.0,0.0,0.0
-1.6334034,6.983877,9.829161,-2.0730553,-0.49446487,3.5005355,0.0,0.0,0.0
-0.7161109,5.51094,10.3440895,-1.0845658,-1.9329171,3.9704227,0.0,0.0,0.0
-0.366438,5.2355127,8.459209,-0.7324197,-2.139409,2.0057626,0.0,0.0,0.0
-0.9963282,6.0570045,6.926397,-1.424744,-1.2556944,0.40632868,0.0,0.0,0.0
-1.2502003,6.368357,6.09293,-1.6647141,-0.77609634,-0.6119456,0.0,0.0,0.0
-1.0346485,6.5192432,5.5564456,-1.4445695,-0.5803547,-1.1961889,0.0,0.0,0.0
-0.81909674,6.454578,5.0606766,-1.1896231,-0.61748075,-1.7230601,0.0,0.0,0.0
-0.2562671,6.382727,4.512217,-0.5842621,-0.66638184,-2.297545,0.0,0.0,0.0
0.732876,5.8845634,4.366121,0.41091812,-1.1328301,-2.4766068,0.0,0.0,0.0
1.7699195,5.7719975,4.402046,1.3957579,-1.2046704,-2.4795604,0.0,0.0,0.0
2.0285816,6.1743608,4.6654983,1.565259,-0.7631941,-2.2501411,0.0,0.0,0.0
2.0046315,6.6461797,4.756509,1.4638482,-0.2728877,-2.1720152,0.0,0.0,0.0
1.8034497,6.8497562,5.125342,1.219209,-0.077287674,-1.7916751,0.0,0.0,0.0
1.4154567,6.8425713,6.600674,0.81024635,-0.101313114,-0.2976284,0.0,0.0,0.0
1.7172291,6.6916847,7.568262,1.0945096,-0.2566781,0.6760292,0.0,0.0,0.0
2.572251,6.6581545,7.577842,1.916418,-0.2771206,0.67550707,0.0,0.0,0.0
2.8788135,7.2185893,7.2281694,2.1513174,0.30070066,0.31557465,0.0,0.0,0.0
2.198628,8.387359,7.441326,1.3614557,1.4350228,0.57586527,0.0,0.0,0.0
2.5818312,9.599238,7.8868,1.744659,2.6469026,1.0213389,0.0,0.0,0.0
2.6009912,10.152488,8.399334,1.7743342,3.1657996,1.567554,0.0,0.0,0.0
2.9338992,10.624307,8.792117,2.139977,3.559286,2.0374465,0.0,0.0,0.0
3.3506324,11.098521,7.3862405,2.5596287,3.9740825,0.6939254,0.0,0.0,0.0
0.9484278,10.018367,6.11209,0.16646332,2.8149052,-0.49616718,0.0,0.0,0.0
-0.15567628,8.428074,8.349038,-0.8783264,1.1575785,1.8077798,0.0,0.0,0.0
1.8010547,6.662945,9.043594,1.1333246,-0.6428852,2.535955,0.0,0.0,0.0
3.7266505,6.207891,6.133645,3.0259683,-1.1493268,-0.31234455,0.0,0.0,0.0
4.4834766,5.982759,4.519402,3.5542152,-1.4042873,-1.8632636,0.0,0.0,0.0
4.021238,6.1528053,4.7972245,3.0656035,-1.280745,-1.5272903,0.0,0.0,0.0
3.1063404,5.6690116,5.031936,2.1632223,-1.763238,-1.2959852,0.0,0.0,0.0
2.2561085,5.0510964,5.1876125,1.3393911,-2.3412094,-1.1907763,0.0,0.0,0.0
2.186653,4.4259963,5.4175344,1.2852408,-2.8964334,-1.0431056,0.0,0.0,0.0
2.4453151,4.232,5.0894165,1.5411797,-3.0031052,-1.4684944,0.0,0.0,0.0
1.9423609,4.6128078,5.4582496,1.0245136,-2.532795,-1.1951938,0.0,0.0,0.0
1.0849439,4.912185,6.0186844,0.1670028,-2.1504683,-0.72273254,0.0,0.0,0.0
0.22992188,5.3935843,6.2701616,-0.65593916,-1.6040716,-0.5429473,0.0,0.0,0.0
0.12693603,5.944439,5.470225,-0.70461464,-1.0241938,-1.3793793,0.0,0.0,0.0
0.047900394,6.6509695,4.1314087,-0.7327327,-0.32826757,-2.713389,0.0,0.0,0.0
0.16286133,6.7563505,4.3397756,-0.5769635,-0.25302267,-2.4787097,0.0,0.0,0.0
-0.09101075,7.6017923,5.597161,-0.79232234,0.58066034,-1.2132916,0.0,0.0,0.0
-0.20118165,7.3862405,7.7383084,-0.8849624,0.40891027,0.88121796,0.0,0.0,0.0
-1.1208692,8.121511,7.350315,-1.7654493,1.1967325,0.43639135,0.0,0.0,0.0
-2.907554,10.126143,6.0019193,-3.5885162,3.2860909,-0.99239016,0.0,0.0,0.0
-3.8272414,11.225457,7.431746,-4.56561,4.450769,0.37988043,0.0,0.0,0.0
-1.7579445,9.273516,10.708133,-2.5340273,2.5690045,3.5935264,0.0,0.0,0.0
0.5125342,9.0076685,11.476934,-0.28257126,2.4023824,4.2721863,0.0,0.0,0.0
0.48618898,8.933423,9.872271,-0.4014531,2.4558735,2.5631094,0.0,0.0,0.0
-0.7448511,7.8556643,7.941885,-1.7987859,1.511157,0.5387206,0.0,0.0,0.0
-0.65384036,6.1312504,8.281978,-1.8724439,-0.08252239,0.7936921,0.0,0.0,0.0
0.57719976,3.9948928,9.896221,-0.69908375,-2.0746439,2.300024,0.0,0.0,0.0
0.90771246,3.9206471,9.271121,-0.25616956,-1.9982257,1.5391927,0.0,0.0,0.0
0.72569096,4.311035,7.577842,-0.21561015,-1.5279565,-0.2445941,0.0,0.0,0.0
-0.51732427,4.960086,7.4844365,-1.170152,-0.7516203,-0.46041203,0.0,0.0,0.0
-0.60354495,4.6128078,8.205338,-0.9389173,-1.1016831,0.24276781,0.0,0.0,0.0
-0.9364527,5.47741,8.947793,-0.98641235,-0.19220781,0.94633484,0.0,0.0,0.0
1.4944923,4.0978785,7.220984,1.6440386,-1.4468999,-0.86625624,0.0,0.0,0.0
2.8309133,3.8176613,6.0114994,2.9837003,-1.566957,-2.1831903,0.0,0.0,0.0
2.4189699,4.7876444,6.06419,2.518474,-0.47564697,-2.2097607,0.0,0.0,0.0
1.4705421,5.7959476,5.4486694,1.6041566,0.5715313,-2.8494034,0.0,0.0,0.0
0.086220704,6.9168167,4.277505,0.29008675,1.6634712,-4.0008516,0.0,0.0,0.0
0.15088624,7.182664,4.766089,0.3662013,1.8728323,-3.47586,0.0,0.0,0.0
1.7124391,6.564749,6.382727,1.8301421,1.244731,-1.8546233,0.0,0.0,0.0
1.590293,6.047425,7.5179667,1.5188841,0.7913017,-0.7608285,0.0,0.0,0.0
1.3100758,5.249883,9.572893,1.0930406,0.07862711,1.2433434,0.0,0.0,0.0
1.1472144,5.815108,9.560919,0.7935209,0.6260624,1.2471294,0.0,0.0,0.0
0.79035646,6.6294146,8.744217,0.52148604,1.4633613,0.41295052,0.0,0.0,0.0
1.1999048,6.950347,8.986114,0.99349755,1.7758574,0.6583023,0.0,0.0,0.0
1.6310084,6.222261,9.833951,1.4600738,1.0509748,1.5033464,0.0,0.0,0.0
1.3052857,7.7335186,9.5633135,1.1864705,2.6014109,1.207612,0.0,0.0,0.0
0.5005591,7.92991,7.917935,0.4533271,2.8905244,-0.49471903,0.0,0.0,0.0
-1.8441651,5.616321,9.721385,-1.8166101,0.701561,1.2352333,0.0,0.0,0.0
-2.059717,3.9398074,13.318705,-1.9392271,-0.82740784,4.7496014,0.0,0.0,0.0
0.2778223,2.42855,12.80138,0.5537045,-2.1225402,4.1191072,0.0,0.0,0.0
1.590293,1.7220191,11.814631,1.9860046,-2.5695028,3.0057354,0.0,0.0,0.0
1.0442286,2.9171338,9.129815,1.4602276,-1.1643167,0.22256565,0.0,0.0,0.0
0.9867481,3.5709743,7.7311234,1.417236,-0.40291643,-1.2239451,0.0,0.0,0.0
0.74006104,3.3817677,7.1084185,1.140137,-0.5152049,-1.881794,0.0,0.0,0.0
2.5267458,3.0728102,6.6342044,2.9317281,-0.7356489,-2.393642,0.0,0.0,0.0
3.2572267,2.335144,8.52627,3.679837,-1.2914114,-0.57537174,0.0,0.0,0.0
0.66342044,2.7806177,9.821976,1.2060791,-0.18924737,0.49160576,0.0,0.0,0.0
-0.9627979,3.9589674,9.522598,-0.45812708,1.3376298,0.08627033,0.0,0.0,0.0
-0.9388477,2.7470875,7.4916215,-0.41834354,0.3245511,-1.9968333,0.0,0.0,0.0
0.16046631,2.7758276,8.418494,0.6566398,0.39727187,-1.0823832,0.0,0.0,0.0
-1.341211,1.8489552,8.396939,-0.8997961,-0.5425141,-1.1033983,0.0,0.0,0.0
-3.295547,3.5015187,8.808882,-2.8541322,1.1100495,-0.69145584,0.0,0.0,0.0
-1.8154249,3.0368848,9.251961,-1.3630223,0.4328022,-0.19179249,0.0,0.0,0.0
-0.8981324,2.7135572,9.793235,-0.44572985,0.10947466,0.34948158,0.0,0.0,0.0
-1.2693604,3.3410523,12.343931,-1.0713743,0.36014104,3.0034094,0.0,0.0,0.0
-1.8896705,3.9685476,10.40157,-1.9712591,0.7333338,1.1442957,0.0,0.0,0.0
-2.4788454,5.2882032,11.072176,-2.816231,1.7219393,1.9431934,0.0,0.0,0.0
-0.8382569,4.773274,10.504556,-1.381643,0.8440044,1.5359459,0.0,0.0,0.0
-0.8382569,4.773274,10.504556,-1.381643,0.8440044,1.5359459,0.0,0.0,0.0
-0.859812,6.4330225,10.296189,-1.8034053,1.8171325,1.6954002,0.0,0.0,0.0
-1.1160791,7.446116,9.3381815,-2.1905904,2.5493956,0.9097805,0.0,0.0,0.0
-0.3424878,6.8832865,9.196876,-1.4605403,1.7518616,0.91503906,0.0,0.0,0.0
0.7807764,5.508545,9.829161,-0.3484429,0.21548796,1.6512146,0.0,0.0,0.0
0.26345217,5.245093,9.177715,-0.85683143,-0.1298933,1.052146,0.0,0.0,0.0
0.4047583,4.9505057,8.495134,-0.7016007,-0.4645071,0.3942709,0.0,0.0,0.0
0.64186525,4.7636943,7.561077,-0.46965933,-0.69632244,-0.5088129,0.0,0.0,0.0
0.9388477,4.4738965,6.7707205,-0.21469253,-1.0165873,-1.2725573,0.0,0.0,0.0
0.8909473,4.258345,6.5719337,-0.328932,-1.229372,-1.4634409,0.0,0.0,0.0
0.5556446,3.903882,6.557564,-0.7222598,-1.5523024,-1.4902563,0.0,0.0,0.0
0.4981641,3.7649708,7.0174074,-0.8034835,-1.6338587,-1.0652132,0.0,0.0,0.0
0.73048097,3.6092947,7.4652762,-0.5605144,-1.7149084,-0.6683936,0.0,0.0,0.0
1.0633887,3.8727467,7.568262,-0.2023691,-1.3831127,-0.6136818,0.0,0.0,0.0
1.5926881,4.1314087,6.806646,0.33097482,-1.1020818,-1.3902469,0.0,0.0,0.0
1.8106349,4.519402,5.750442,0.5059116,-0.7567053,-2.4123254,0.0,0.0,0.0
1.84177,4.993616,5.367239,0.45243835,-0.37790966,-2.718975,0.0,0.0,0.0
1.5711329,5.319339,5.1852174,0.09043741,-0.16737556,-2.8068972,0.0,0.0,0.0
1.22146,5.716912,5.6354814,-0.32732594,0.12718153,-2.271893,0.0,0.0,0.0
1.3076807,6.0522146,6.5312185,-0.2675234,0.39241648,-1.3209028,0.0,0.0,0.0
1.3915064,6.2989016,7.0174074,-0.1764096,0.60891247,-0.8143258,0.0,0.0,0.0
1.7794995,6.4354177,7.685618,0.2351563,0.73706865,-0.14472151,0.0,0.0,0.0
2.3566992,6.6485744,8.931028,0.8289969,0.95303965,1.0953789,0.0,0.0,0.0
2.4501052,7.0269876,9.953702,0.9118211,1.3488388,2.1075115,0.0,0.0,0.0
2.2369483,8.246053,9.503438,0.6624092,2.6000652,1.6412473,0.0,0.0,0.0
2.3519094,8.631651,8.54543,0.72792757,3.0067453,0.6781874,0.0,0.0,0.0
4.1793094,6.143225,8.624466,2.502944,0.49837017,0.7825408,0.0,0.0,0.0
3.647615,5.4199295,9.386082,1.9034638,-0.25439072,1.5802875,0.0,0.0,0.0
2.7806177,5.5564456,9.242381,0.94254756,-0.08803558,1.4365039,0.0,0.0,0.0
3.9134622,4.782854,9.010064,1.9997599,-0.7709441,1.1574554,0.0,0.0,0.0
5.2019825,4.014053,8.863968,3.2566657,-1.4886041,0.9831748,0.0,0.0,0.0
4.6128078,3.9637575,8.3179035,2.6056151,-1.5156112,0.4364009,0.0,0.0,0.0
4.3254056,4.0595584,7.7646537,2.2206666,-1.3726435,-0.12405014,0.0,0.0,0.0
4.380491,3.8703518,7.941885,2.1899726,-1.513905,0.043670654,0.0,0.0,0.0
3.7649708,3.9350173,7.90117,1.3532186,-1.323385,-0.017356396,0.0,0.0,0.0
3.0776002,4.0787187,7.446116,0.35143852,-0.978982,-0.5010905,0.0,0.0,0.0
2.3734643,4.591253,6.559959,-0.49772906,-0.32995558,-1.4217916,0.0,0.0,0.0
1.575923,5.0822315,5.611531,-1.2774453,0.15966797,-2.3757744,0.0,0.0,0.0
0.5604346,5.7887626,4.6750784,-2.2072031,0.72074556,-3.251192,0.0,0.0,0.0
-0.11496094,6.191126,4.641548,-2.8242497,1.0305662,-3.245071,0.0,0.0,0.0
-0.69695073,6.222261,5.934859,-3.3248594,1.0073085,-1.9435143,0.0,0.0,0.0
-0.9244776,5.9324636,7.7287283,-3.444347,0.72744846,-0.19140244,0.0,0.0,0.0
-0.35685793,5.7001467,9.6758795,-2.7522087,0.56419516,1.6724615,0.0,0.0,0.0
0.1101709,5.6618266,10.020762,-2.0583546,0.5763302,1.9210329,0.0,0.0,0.0
1.4441968,6.6533647,9.429193,-0.67324936,1.6239939,1.2810488,0.0,0.0,0.0
1.4154567,7.4509063,8.923843,-0.70198953,2.4215355,0.7756996,0.0,0.0,0.0
1.8058448,8.698711,8.519085,-0.531621,3.4073672,0.6002259,0.0,0.0,0.0
2.0022364,8.883128,8.976534,-0.4283359,3.4818091,1.1606226,0.0,0.0,0.0
2.0333717,8.734636,9.580078,-0.45724225,3.2585855,1.8353958,0.0,0.0,0.0
1.9423609,8.468789,9.201666,-0.55862737,2.9325533,1.5032549,0.0,0.0,0.0
1.695674,7.6209526,8.729847,-0.78094816,2.0252066,1.0666642,0.0,0.0,0.0
1.3100758,6.4330225,9.211246,-1.1334739,0.8059249,1.5604138,0.0,0.0,0.0
1.1591895,5.5444703,9.223221,-1.2488835,-0.07807684,1.5578089,0.0,0.0,0.0
1.2478052,4.9289503,8.5430355,-1.1236004,-0.6834345,0.858768,0.0,0.0,0.0
0.9029224,4.512217,7.941885,-1.3865833,-1.0642748,0.2068162,0.0,0.0,0.0
-0.023950197,4.2200246,7.7287283,-2.2367382,-1.3124309,-0.06010294,0.0,0.0,0.0
-0.1460962,3.65959,8.087981,-2.2837148,-1.8068511,0.23183727,0.0,0.0,0.0
0.13651612,2.816543,8.538245,-1.9186261,-2.5533562,0.59400463,0.0,0.0,0.0
0.24189699,2.5411158,8.612491,-1.7516135,-2.725173,0.58363533,0.0,0.0,0.0
0.33290774,2.579436,8.162227,-1.6402342,-2.6222985,0.08639526,0.0,0.0,0.0
1.0035132,3.1302907,6.4066777,-1.0029916,-2.0816238,-1.6543565,0.0,0.0,0.0
1.5543678,3.9374123,4.912185,-0.5377469,-1.3582587,-3.072132,0.0,0.0,0.0
2.1076174,4.399651,4.033213,-0.12066102,-1.0228853,-3.828165,0.0,0.0,0.0
2.7973828,5.254673,2.938689,0.3984909,-0.29503155,-4.782483,0.0,0.0,0.0
2.6776319,6.0450296,2.0381618,0.11798644,0.40276623,-5.5633817,0.0,0.0,0.0
2.2129982,6.449788,2.0453467,-0.44873214,0.7751546,-5.4968095,0.0,0.0,0.0
1.7483643,6.4593678,2.9937747,-0.9384495,0.83919764,-4.580202,0.0,0.0,0.0
1.9351759,6.449788,5.5684204,-0.6868937,0.9790845,-2.1365485,0.0,0.0,0.0
2.7854078,6.7491655,7.790999,0.30380845,1.5043979,-0.11497784,0.0,0.0,0.0
2.7782228,6.864126,8.667576,0.4547999,1.8207483,0.58447933,0.0,0.0,0.0
3.06323,6.495293,10.394385,0.8765061,1.6630692,2.145856,0.0,0.0,0.0
3.2476466,6.1623855,12.022999,1.1400676,1.5372968,3.63628,0.0,0.0,0.0
4.045188,5.807923,13.151052,1.9601505,1.3886676,4.648512,0.0,0.0,0.0
5.0534916,5.5301003,12.513978,2.974974,1.2644153,3.9317818,0.0,0.0,0.0
5.6498513,4.5313773,11.924803,3.5763378,0.34914255,3.3004274,0.0,0.0,0.0
4.785249,3.6092947,11.821816,2.7056997,-0.5115969,3.1694107,0.0,0.0,0.0
3.3171022,3.4751735,11.496095,1.2437193,-0.55044985,2.7974844,0.0,0.0,0.0
3.1302907,2.9746144,10.408755,1.1168203,-0.9541428,1.6519756,0.0,0.0,0.0
3.0536501,3.0823903,9.560919,1.1163249,-0.7873986,0.76081085,0.0,0.0,0.0
2.6057813,3.300337,8.782537,0.7169074,-0.5214503,-0.049024582,0.0,0.0,0.0
2.6584718,3.04886,8.370594,0.7782388,-0.71945596,-0.485754,0.0,0.0,0.0
2.4165747,2.8644435,8.296348,0.47113156,-0.7785039,-0.59829044,0.0,0.0,0.0
2.4788454,2.668052,8.198153,0.5334022,-0.9748955,-0.6964855,0.0,0.0,0.0
2.059717,2.7063723,7.7167535,0.08206427,-0.8806596,-1.1934924,0.0,0.0,0.0
1.3675562,2.907554,6.957532,-0.5871868,-0.66894794,-1.961998,0.0,0.0,0.0
0.24668702,3.7386258,5.7863674,-1.6469373,0.11892891,-3.1289215,0.0,0.0,0.0
-0.15567628,4.0595584,5.50136,-1.9719774,0.38368392,-3.4070282,0.0,0.0,0.0
-0.31135255,4.406836,5.8031325,-2.0571132,0.68447685,-3.1000552,0.0,0.0,0.0
-0.5556446,4.9433208,6.6485744,-2.2501707,1.1998856,-2.2556748,0.0,0.0,0.0
-0.4406836,4.998406,7.999366,-2.1080916,1.2581205,-0.9113245,0.0,0.0,0.0
-0.15088624,5.4103494,9.263936,-1.804018,1.6737013,0.349061,0.0,0.0,0.0
0.31135255,5.6785917,10.042317,-1.2830694,1.8831787,1.1415844,0.0,0.0,0.0
0.7664063,6.09293,11.122471,-0.875744,2.2692509,2.2425385,0.0,0.0,0.0
1.0274634,6.337222,11.491304,-0.67912924,2.4613614,2.6462135,0.0,0.0,0.0
1.3986914,6.330037,11.520044,-0.37491226,2.3846092,2.7190037,0.0,0.0,0.0
1.1112891,6.6461797,11.66135,-0.7299609,2.6173482,2.912139,0.0,0.0,0.0
0.22273682,7.4006104,11.2302475,-1.666398,3.2709122,2.5384617,0.0,0.0,0.0
0.7232959,7.814949,9.992022,-1.1680919,3.5436182,1.3694477,0.0,0.0,0.0
2.4022048,6.239026,9.529783,0.5411253,1.7979541,0.9867363,0.0,0.0,0.0
2.2537134,4.272715,10.121353,0.4111414,-0.2954049,1.6415186,0.0,0.0,0.0
0.89573735,3.4009278,10.336905,-0.92919725,-1.1996639,1.870821,0.0,0.0,0.0
0.06227051,3.9781277,9.457932,-1.6835124,-0.61078525,0.9688511,0.0,0.0,0.0
0.06706055,4.1098537,8.195757,-1.5536038,-0.48588467,-0.31441593,0.0,0.0,0.0
-0.026345216,3.9541774,7.9155397,-1.4419463,-0.6429539,-0.63038635,0.0,0.0,0.0
0.21555176,3.3338673,8.339458,-1.0768812,-1.2497175,-0.23321724,0.0,0.0,0.0
0.13891114,2.5123756,8.787327,-1.0610056,-1.9651735,0.14544392,0.0,0.0,0.0
-0.043110352,2.3327491,8.825647,-1.1720275,-1.9847081,0.09320831,0.0,0.0,0.0
-0.033530276,2.3543043,8.638836,-1.0796374,-1.6849432,-0.23587704,0.0,0.0,0.0
0.51492923,2.579436,8.428074,-0.5476145,-1.4185708,-0.46334553,0.0,0.0,0.0
0.87178713,2.7973828,7.6281376,-0.19075662,-1.200624,-1.2632818,0.0,0.0,0.0
1.1927198,3.4057178,6.4114676,-0.113660455,-0.76779556,-2.3660917,0.0,0.0,0.0
1.1256592,4.26553,5.2762284,-0.36724257,-0.10884571,-3.3728452,0.0,0.0,0.0
1.2933106,5.4366946,4.5385623,-0.37343407,0.8393707,-3.9618478,0.0,0.0,0.0
1.707649,5.2858086,4.893025,0.040904284,0.68848467,-3.6073852,0.0,0.0,0.0
2.047742,4.9481106,6.600674,0.17628956,0.032178402,-1.675899,0.0,0.0,0.0
1.8896705,4.6942387,8.253238,0.007471442,-0.27898836,0.013411522,0.0,0.0,0.0
