-3.271,-11.183,-1.998,0.065699816,0.1733141,0.043522835,0.041097444,0.118974276,9.949494
-6.973,-11.934,-2.763,0.047234178,0.14200068,-0.005166054,0.011643291,0.119288616,9.89641
-3.635,-12.711,-3.03,-0.13628507,0.049729824,-0.08749151,-0.16678903,0.029282767,9.801609
-3.97,-13.405,-1.503,0.009934902,0.16361666,-0.38539648,-0.1771922,0.34769812,9.654635
-4.383,-14.245,-0.473,-0.024063468,0.25298166,-0.30086374,-0.19157375,0.34313962,9.781099
0.288,-13.006,-1.227,-0.0277884,0.17359924,0.36133337,0.084078714,-0.1113749,10.1834755
1.17,-13.63,0.188,-0.092181444,0.057384014,0.44727516,0.083473794,-0.26899183,10.170685
9.914,-17.099,2.554,-0.17387903,0.029729366,0.34085608,-0.02648974,-0.25769675,10.089833
11.629,-19.614,-1.257,-0.20157743,0.11607885,-0.055558205,-0.22563623,0.028553512,9.880592
9.051,-19.614,-4.402,-0.2007612,0.46931314,-0.11966944,-0.31917712,0.30907243,10.085003
3.709,-18.237,-1.712,-0.07005012,0.537395,0.63988876,0.0849641,-0.046852957,10.639563
-6.712,-17.548,-0.654,-0.002513051,0.36975956,0.7653799,0.22797857,-0.20918767,10.598357
-4.559,-13.388,-0.694,-0.06212616,0.1548438,0.4741783,0.101499565,-0.20548986,10.254032
1.937,-4.403,2.837,-0.059063554,0.18818617,0.51603365,0.1146085,-0.20656428,10.30604
2.508,-1.162,2.903,-0.25077474,0.34018755,-0.13979769,-0.34675148,0.2125081,9.987655
3.274,2.047,3.474,-0.21941698,0.40270662,-0.10896683,-0.3188287,0.24962868,10.047947
3.757,3.451,2.965,-0.090860486,0.43537855,0.46843338,0.018095186,-0.02159476,10.451976
2.216,2.086,0.967,-0.030150414,0.39864826,0.7605796,0.19502985,-0.19703786,10.6199465
2.216,2.086,0.967,0.03436637,0.40912676,0.3110385,0.072882704,0.106707856,10.305262
2.216,2.086,0.967,0.040629506,0.4686308,0.14358902,2.6451817E-4,0.2505286,10.229873
2.216,2.086,0.967,0.03821957,0.4404273,0.42403936,0.1146413,0.06190684,10.405208
2.216,2.086,0.967,0.025370836,0.30303,0.2918334,0.07799432,0.04205533,10.218702
0.052,-9.258,-5.414,0.023320317,0.21457672,0.36758566,0.12359175,-0.064459495,10.209484
0.789,-18.063,-12.07,0.008256316,0.22950792,0.65202904,0.21967188,-0.23095305,10.4200735
-2.145,-19.614,-16.467,-0.0139917135,0.31592464,0.39123678,0.07946255,-0.024911636,10.302771
-4.022,-12.489,-14.499,0.011117697,0.4153924,0.16314697,-0.008381034,0.19025798,10.210411
-0.685,-3.097,-8.306,0.020956278,0.4203925,0.37789536,0.084440105,0.06891424,10.361712
4.911,-11.483,0.795,-0.007758975,0.35371208,0.33028316,0.053343464,0.040026836,10.286037
6.783,-19.614,7.4,-0.08036399,0.24594879,0.28401184,-0.008417541,-0.03602736,10.189068
5.886,-15.132,-9.956,-0.112976074,0.16602421,0.17771006,-0.063768744,-0.04040227,10.063962
-1.059,0.293,0.578,-0.11359739,0.08768654,0.04858446,-0.099934496,-0.01655399,9.9193125
-0.129,-2.262,13.362,-0.12731409,0.15809345,-0.048901558,-0.16468218,0.0844794,9.903277
6.858,-10.362,2.864,-0.046366096,0.26304102,0.274652,0.015239281,-0.0044548684,10.189432
-5.042,-17.346,-2.273,0.0027222633,0.23910427,0.38873482,0.108983845,-0.06895786,10.244439
-5.77,-16.447,2.311,0.03480208,0.2633257,0.26243877,0.08280618,0.036738094,10.168893
0.244,-7.665,-2.311,-0.0011073351,0.3125353,0.39586735,0.093652844,-0.024503237,10.301643
2.306,-3.871,-0.108,-0.15731394,0.21832037,0.27725697,-0.07437403,-0.08250534,10.17671
1.91,-4.61,0.345,-0.2571491,0.16688347,-0.19989586,-0.34241217,0.12792198,9.824644
0.84,-7.343,0.219,-0.22913122,0.11860561,-0.26685524,-0.334299,0.14682797,9.739822
1.337,-8.633,3.584,-0.1867578,0.08260536,0.009346962,-0.18007909,-0.026417365,9.899725
1.771,-8.432,2.736,-0.122175336,0.17492914,-0.09199715,-0.18033567,0.12429318,9.884242
0.802,-9.174,-1.279,-0.056390405,0.32055712,0.12072039,-0.0663281,0.12350351,10.124231
-0.851,-8.962,-2.309,-0.013577938,0.3842106,0.5686822,0.13568054,-0.08354034,10.474342
-4.104,-10.345,-0.462,-0.123492,0.2882061,0.6121917,0.07293569,-0.22103772,10.453887
-6.253,-10.903,-3.502,-0.20975268,0.0674448,0.57239103,0.024250746,-0.38452503,10.283859
-3.256,-8.614,-5.354,-0.21361291,0.021152496,-0.07890034,-0.22696747,-0.027004179,9.798918
-4.308,-10.646,-2.44,-0.1867522,0.16723585,-0.6127882,-0.44331142,0.40427038,9.526663
-6.309,-12.147,-2.831,-0.1489557,0.45357466,-0.50985956,-0.4261338,0.5532721,9.793404
-4.887,-12.642,-4.6,-0.09270668,0.58828354,0.035954,-0.18790704,0.3414472,10.25839
-4.447,-13.457,-1.86,0.0049717426,0.50247765,0.6766019,0.16844094,-0.058950506,10.630331
-2.886,-13.812,1.828,-0.016939402,0.36410093,0.78926563,0.2208424,-0.22988467,10.615462
2.83,-13.57,-2.645,-0.09072614,0.27050972,0.72044563,0.14677234,-0.283839,10.512584
4.408,-13.83,-3.122,-0.09283948,0.24714518,0.30923033,-0.0122398585,-0.055463012,10.209263
7.004,-15.293,1.395,-0.12961113,0.30156803,-0.29753637,-0.29647192,0.32839972,9.829641
10.205,-17.89,1.002,-0.06692302,0.44546652,-0.19394302,-0.22991835,0.39070633,9.993785
6.777,-19.614,-6.366,-0.009565353,0.5794158,-0.043875217,-0.14812076,0.4161972,10.184247
2.555,-18.03,-2.75,-0.0021344423,0.6150603,-0.08707857,-0.1670886,0.4689969,10.178147
-5.176,-17.886,1.416,-0.02647698,0.62523365,0.17824316,-0.08698855,0.30678403,10.373841
-5.524,-14.43,-0.486,-0.06337118,0.60239744,0.5582442,0.033961087,0.049610555,10.628186
0.855,-5.968,1.458,-0.040572524,0.4946766,0.8117137,0.17647256,-0.16403309,10.727075
2.537,-1.452,2.3,-0.16868865,0.34611225,0.8250551,0.09931621,-0.3273857,10.650405
2.434,-0.838,2.781,-0.409294,0.2283907,0.6412549,-0.16243336,-0.40047163,10.473081
2.783,0.503,2.814,-0.3092116,0.27537727,0.42388391,-0.1682922,-0.19669534,10.339672
2.099,2.4,2.117,-0.15983975,0.28944254,0.043301105,-0.1878882,0.10280006,10.062249
0.908,2.102,1.322,-0.027516484,0.26625633,-0.07503986,-0.11174661,0.213834,9.944737
0.407,1.016,1.014,0.18881512,0.37857914,0.09251785,0.12270976,0.28288254,10.11071
1.191,0.486,-0.204,0.4329142,0.37701178,0.15932465,0.36689004,0.34685567,10.1229105
1.07,-2.475,-3.776,0.618265,0.32347584,0.29171467,0.5968614,0.3104583,10.152132
-3.36,-9.454,-10.349,0.6730046,0.35488224,0.55042744,0.7426651,0.19851746,10.345989
-4.604,-15.858,-14.297,0.12055457,0.26875448,0.63634634,0.30155486,-0.14749528,10.422288
1.337,-19.402,-14.764,0.103946686,-0.0443058,-0.25156355,0.0037704243,0.16438213,9.585253
5.681,-13.016,-11.608,-0.47882164,0.53781605,-0.27909803,-0.6457223,0.338587,10.061236
7.345,-6.842,-4.07,-0.089613676,0.10413885,-0.02955389,-0.112348795,0.05259582,9.872682
8.115,-17.416,-4.192,-0.3543675,0.07030153,-0.094341755,-0.36959624,-0.038026508,9.843686
-2.469,-19.087,-0.654,-0.50050974,0.052444458,0.10265303,-0.42222798,-0.22868346,9.988929
-0.007,-4.413,2.287,-0.7290524,0.30650377,0.41792965,-0.5578023,-0.3453621,10.414687
-0.3,1.587,3.556,-0.7514529,0.5901518,0.37023115,-0.65870136,-0.14674732,10.57776
3.001,-4.348,9.34,-0.88875175,0.7196264,0.26276064,-0.8588413,-0.0706442,10.603007
1.928,-14.653,0.741,-0.77998173,0.95731735,0.0119485855,-0.92501456,0.26102468,10.58201
-4.89,-19.614,-0.219,-0.49804044,1.1784115,-0.08497715,-0.78733087,0.55709,10.651446
-0.682,-12.999,-0.543,-0.3128656,1.4154787,0.09004831,-0.634659,0.65943736,10.934446
2.232,-3.758,-1.896,-0.34239703,1.3474736,0.7965307,-0.40513083,0.10268941,11.353488
1.084,-3.586,-0.733,0.6546544,1.2338796,1.0907569,0.5838139,0.27760836,11.456765
0.115,-5.69,0.266,0.7370268,0.97225857,0.9447684,0.6625517,0.20986736,11.184353
-0.338,-7.572,0.736,0.2554419,0.6606002,0.67558336,0.24834257,-0.01974345,10.753219
-0.283,-8.441,1.709,-0.054189205,0.1177721,0.5757947,0.1267046,-0.39614597,10.225411
-0.061,-8.434,1.767,-0.17015862,-0.07960987,0.4475999,0.04637427,-0.4530682,9.974628
0.556,-8.656,-0.314,-0.2703758,-0.11709213,0.3498745,-0.06431024,-0.4486517,9.868305
-0.472,-9.472,-1.951,0.010680079,-0.18004894,0.6936145,0.32536945,-0.6032306,10.016127
-2.482,-10.543,-1.916,-0.2375722,-0.25012493,0.35234165,0.008432211,-0.48886925,9.742746
-4.151,-9.293,-3.1,-0.43043286,-0.30080128,0.27946424,-0.16973647,-0.5427095,9.63198
-2.926,-8.705,-5.457,-0.25873494,-0.22937965,0.447196,0.0150397755,-0.56482846,9.789752
-4.877,-11.286,-2.444,-0.33183074,-0.34213352,0.5145006,0.012256355,-0.6936157,9.70357
-6.815,-11.652,-2.703,-0.5978718,-0.41996288,-0.11628771,-0.42421627,-0.33009788,9.298302
-5.676,-12.65,-4.638,-0.60362405,-0.26506424,-0.4475503,-0.6017532,-0.0013145134,9.284335
-3.32,-14.172,-0.407,-0.5406328,-0.26239967,-0.5692172,-0.5922632,0.13371454,9.244076
-0.73,-15.124,1.756,-0.29975927,-0.030265808,-0.76937485,-0.5323496,0.48699397,9.403971
2.768,-15.165,-2.827,0.30262864,0.23680592,-0.55164695,-0.019589921,0.6714618,9.833681
3.686,-14.503,-2.461,0.41444933,0.16818142,0.12254572,0.34677994,0.14444591,10.0785885
7.785,-15.744,1.082,-0.070246935,-0.10307598,0.01823616,-0.018804736,-0.07868567,9.70997
10.308,-18.691,0.709,-0.5685036,-0.17080688,-0.9637599,-0.7892815,0.4857978,9.156852
5.448,-19.496,-5.905,-0.6102264,0.077599525,-1.8814054,-1.2531347,1.3040489,9.002165
2.164,-17.25,-1.795,-0.18785644,0.40680122,-2.5398943,-1.2553756,2.1435637,9.113104
-5.242,-16.805,1.275,0.16629314,0.14215088,-1.6557281,-0.5304575,1.498597,9.294676
-3.085,-12.23,-0.117,0.10586047,-0.028305054,-0.09175992,0.0660198,0.11991987,9.765566
0.191,-7.84,1.039,-0.018831491,0.2378931,0.6907878,0.15056969,-0.5166921,10.301112
2.905,-0.997,2.645,1.335141,0.68550396,1.1211939,1.271478,-0.084811635,11.179874
2.878,0.799,2.94,1.8513768,0.686985,1.0415597,1.6667076,0.24320142,11.272029
2.744,2.455,2.342,0.9407351,0.62267685,0.2616601,0.63998455,0.41993645,10.6757
1.861,2.682,1.277,0.46899366,0.08080864,0.545269,0.5656669,-0.19198371,10.215266
0.894,0.83,0.44,-0.16852498,-0.25764465,0.23939991,0.044859294,-0.35779265,9.658104
0.567,-0.183,-0.963,-0.012896419,0.058470726,-0.9463787,-0.38168454,0.7674443,9.400984
0.294,-0.723,-2.401,0.33355558,-0.024365425,-0.85817504,-0.021812519,0.8360425,9.420807
-0.374,-3.789,-5.725,0.20792687,-0.2695341,-0.1397891,0.22512117,0.108906455,9.53668
-2.473,-8.522,-8.245,-0.44832838,-0.23963451,0.41147804,-0.15591832,-0.63372374,9.763981
-1.388,-14.123,-10.979,-0.7644151,-0.08883381,0.78639555,-0.36085093,-0.997903,10.097539
-0.463,-19.466,-13.883,-0.9676908,-0.17822886,0.6540437,-0.5617694,-1.0291299,9.9524975
0.092,-12.094,-12.948,-0.6326093,0.24289417,0.19352102,-0.563995,-0.31603584,10.087138
2.418,-1.982,-5.162,-0.1603947,0.56541634,0.12379265,-0.25822446,0.13133036,10.332787
5.172,-7.375,-2.336,-0.24030456,0.7281742,0.41431808,-0.25900555,-0.006001347,10.63883
2.941,-13.992,-3.054,-0.19300422,0.87638426,0.5938754,-0.17772974,-0.010564145,10.867917
2.941,-13.992,-3.054,0.057661235,1.0920234,0.527513,-0.014104439,0.28113097,10.9876995
8.004,-19.614,-3.182,-0.128762,1.0566969,-0.09041214,-0.3833704,0.62218076,10.585931
-2.257,-17.575,0.431,-0.22981817,1.0951223,-0.4426241,-0.59893686,0.85548604,10.404515
-6.875,-16.453,-0.451,-0.23348546,1.1563907,-0.3553295,-0.5723517,0.8371893,10.506323
-0.873,-11.07,0.665,-0.21238995,0.95295286,-0.15412378,-0.43186972,0.59180266,10.470157
2.914,-3.504,3.09,-0.055425286,0.90520954,0.082722664,-0.1871143,0.46794626,10.56516
2.667,-0.299,3.226,-0.012054682,0.8982258,0.52683353,0.022243984,0.17970255,10.832186
2.534,2.931,2.404,0.22201669,0.8280277,0.8706784,0.38120168,-0.005543184,10.967536
1.638,2.449,1.233,0.19302404,0.5870385,0.4301591,0.2410271,0.13839705,10.50641
1.556,0.64,0.735,-0.045399904,0.57282495,-0.01458025,-0.13220778,0.34631363,10.245957
0.669,0.021,-0.708,-0.029270291,0.49526453,0.24785662,-0.0032163258,0.12455003,10.347071
-0.237,-1.753,-4.055,-0.38749683,0.24879313,-0.0059304237,-0.38978437,0.018361393,10.051229
-0.683,-4.074,-5.826,-0.4559245,0.16967583,-0.21190071,-0.5180331,0.09037359,9.877594
-1.691,-11.253,-10.586,-0.4768089,0.23490477,-0.38975334,-0.6097895,0.24939136,9.826538
-0.068,-18.72,-11.971,-0.46305537,0.35683155,-0.74264765,-0.74203014,0.5768275,9.706977
2.261,-17.7,-13.059,-0.31430137,0.403718,-0.9276371,-0.68055165,0.78742313,9.608917
3.922,-6.927,-10.208,-0.16439283,0.3068285,-0.792665,-0.4830398,0.68560255,9.591921
5.952,-11.882,-6.021,-0.061798573,0.29143858,-0.68067455,-0.3458119,0.6338427,9.631345
1.55,-19.614,-0.884,0.119235516,0.3587036,-0.5240607,-0.1282441,0.6306988,9.7492285
2.132,-11.919,2.887,0.23441541,0.3291049,-0.30352306,0.06327432,0.5001401,9.841917
1.07,1.021,-2.141,0.32071102,0.3741684,-0.271976,0.14730853,0.53772444,9.883987
-3.296,0.901,2.744,0.43740654,0.45450878,-0.3326583,0.22137864,0.672496,9.892115
5.415,-9.659,4.908,0.25878584,0.47818375,-0.47255707,8.797862E-4,0.7188066,9.854146
-2.482,-17.031,-2.994,0.08664942,0.4129901,-0.37126255,-0.11145285,0.5439986,9.893531
-5.256,-18.796,0.596,0.016988873,0.39980078,-0.17797852,-0.21525879,-0.32236502,10.010488
1.79,-9.242,-1.806,0.11662996,0.4276595,0.0057635307,0.06000681,0.3007312,10.126788
2.643,-4.039,-2.175,0.12711024,0.4619832,-0.0019931793,0.063377365,0.33161637,10.146655
1.484,-4.285,0.278,0.10461354,0.49497652,-0.11089897,-0.002887145,0.41965613,10.110171
-0.405,-6.872,-1.081,0.22819614,0.54876566,-0.20928526,0.06569374,0.5669639,10.073585
-0.572,-8.054,1.018,0.348848,0.5460386,0.41000223,0.41764757,0.17859152,10.424413
0.511,-8.098,3.389,0.012742162,0.5011196,0.56247616,0.023250898,0.19172035,10.534914
1.197,-7.858,1.18,-0.18693995,0.5595646,0.27392626,-0.12192231,0.087413825,10.43957
0.518,-8.991,-2.118,-0.2621621,0.5744071,0.064136505,0.019568896,-0.3469158,10.337736
0.172,-9.686,-2.907,-0.31410825,0.6038065,-0.08250141,-0.37829778,0.3180043,10.281852
-1.998,-9.487,-1.069,-0.39273155,0.69983435,-0.3020048,0.050918434,-0.73889816,10.23868
-3.581,-8.628,-2.859,-0.22205389,0.76940775,-0.23964357,-0.372945,0.56248933,10.299846
-3.904,-9.892,-4.846,0.17572951,0.8169937,-0.124231815,-0.46277162,-0.4699871,10.334616
-5.107,-12.642,-2.957,0.15907836,0.840281,-0.2209096,-0.026532022,0.7345937,10.296393
-5.781,-12.958,-3.839,0.044655323,0.8562274,-0.27050734,-0.3668341,-0.6571415,10.298474
-5.952,-12.968,-4.242,0.14428914,0.813077,-0.27304888,-0.061153624,0.7480126,10.246204
-5.23,-13.788,-1.45,0.26190114,0.77946854,-0.19171476,-0.52240616,-0.4931682,10.250264
-2.813,-14.164,1.024,0.4007343,0.69985867,0.20359468,0.37100804,0.44604847,10.402666
2.28,-14.186,-2.832,0.417817,0.66952133,0.45292187,0.4913297,0.2648263,10.52528
3.776,-15.68,-3.437,0.34648466,0.67035866,0.30025053,0.36393785,0.34341136,10.446338
9.08,-17.693,-0.393,0.40245223,0.60940266,-0.14500666,-0.67318964,-0.04676095,10.121285
12.394,-19.52,1.79,0.5325953,0.48378754,-0.3524971,0.282412,0.7465326,9.876615
7.589,-19.421,-2.275,0.5913274,0.35831022,-0.3649478,-0.47660506,0.61806333,9.760979
-1.541,-18.299,-1.532,0.6289432,0.34347725,-0.23916721,0.43104178,0.62035185,9.817308
-7.557,-16.839,-1.894,0.57198226,0.3443408,-0.12087774,-0.28895456,0.6067657,9.899853
0.152,-9.433,0.433,0.39369857,0.31248713,-0.083180904,0.28443974,0.40398842,9.93096
2.936,-3.693,2.733,0.3234192,0.3831606,-0.13897467,-0.45554036,0.19394718,9.966627
2.796,-1.638,3.587,0.46741438,0.48483324,0.07266474,0.3924024,0.43326837,10.148876
3.881,0.123,3.526,0.4572661,0.5453377,0.1217823,-0.4565118,0.36687857,10.228923
4.179,3.586,2.26,0.2220484,0.46150064,-0.099552155,0.09969793,0.4377389,10.072439
1.913,2.413,0.428,-0.16609251,0.3442526,-0.31222343,-0.1361646,-0.46047863,9.920661
0.377,0.007,0.149,-0.26466846,0.30328608,-0.5304718,-0.49922937,0.43963528,9.776263
0.371,-0.657,0.134,-0.27694273,0.35477924,-0.74133825,-0.16873531,-0.8431388,9.693541
0.005,-1.977,-1.84,-0.18079841,0.48755074,-0.5583215,-0.4586764,0.6042417,9.888044
-0.57,-3.056,-4.137,0.17119849,0.5311794,-0.1873498,-0.517362,0.064246096,10.080093
-0.57,-3.056,-4.137,0.35426617,0.5171685,0.019638062,0.26100865,0.447564,10.160084
-0.57,-3.056,-4.137,0.3698964,0.51617527,0.078240395,0.29979166,0.41470385,10.190743
-1.515,-16.564,-8.776,0.04515612,0.49025297,0.025982857,-0.009954678,0.30331534,10.195189
0.718,-13.876,-8.97,-0.09480381,0.54274607,-0.25424528,-0.5043305,-0.18224102,10.090626
8.217,-15.144,-6.056,-0.014164805,0.71319866,-0.52013063,-0.3231736,0.7858905,10.046074
7.689,-19.614,-1.881,0.17285848,0.8644366,-0.42038155,-0.8963621,0.0697945,10.188111
1.924,-10.374,-0.234,0.14522743,0.8334389,-0.19258022,-0.05916412,0.7073655,10.305581
-0.598,2.287,-1.21,-0.11528957,0.6768031,-0.1808734,-0.55669564,-0.08963104,10.238072
-4.644,0.614,8.76,-0.35077155,0.54183245,-0.1070838,-0.43144345,0.26686656,10.219842
5.746,-9.583,7.821,-0.31294703,0.6026387,0.0077695847,-0.3589967,0.24267572,10.329526
-0.487,-18.4,-4.318,-0.13732684,0.6782255,-0.21706629,-0.31115088,0.5092119,10.218784
-5.402,-18.982,1.922,0.23183048,0.8691597,-0.69024515,-0.21593654,1.0935537,10.014338
1.278,-9.12,-0.587,0.4386214,0.9375324,-0.63563824,-0.024192367,1.1867803,10.064251
3.824,-2.785,-2.006,0.6265476,0.79969263,-0.15795803,0.36484918,0.8678111,10.219939
1.568,-3.985,-0.376,0.31448698,0.68314314,0.039417267,0.18731774,0.53513134,10.302319
-1.007,-8.103,-1.057,0.04614389,0.5528116,0.10553312,-0.004331246,0.2978211,10.286389
-1.105,-8.989,-0.046,-0.081166625,0.48131323,-0.04131031,-0.16981462,0.2949907,10.15893
0.126,-7.653,2.853,-0.15893853,0.38830662,-0.35518074,-0.35766125,0.40671566,9.900764
1.404,-6.732,2.33,-0.2951876,0.26291943,-0.4680333,-0.5058053,0.34165552,9.754208
0.574,-8.207,-0.474,-0.59077287,0.16508293,-0.6843996,-0.8438416,0.29061356,9.587236
-0.565,-9.631,-2.766,-0.5496305,0.20883226,-0.9359703,-0.92191494,0.4931784,9.448052
-2.007,-10.018,-2.124,-0.11590397,0.45569706,-0.5492916,-0.42115852,0.5877302,9.810316
-2.811,-8.259,-3.256,0.63251096,0.8340502,-0.20435,0.30603743,0.94070756,10.205245
-3.097,-8.753,-4.133,1.1850338,1.1624932,0.3240013,0.93880373,1.0718327,10.717964
-3.393,-11.285,-2.421,1.0088836,1.1927853,0.89218235,1.006178,0.6663326,11.140884
-4.018,-12.052,-2.421,0.56505615,1.15242,1.1591139,0.7313873,0.27859017,11.3488455
-5.785,-12.306,-3.55,-0.076014996,1.0738955,0.4152832,-0.12721838,0.39828405,10.882139
-4.877,-13.189,-1.775,-0.6767049,0.90239334,-0.24462652,-0.89436334,0.42530474,10.399368
-4.75,-13.889,0.156,-0.8282993,0.82707024,-0.55926657,-1.1432663,0.5027586,10.15748
-1.644,-13.491,-1.058,-0.8397198,0.7627907,-0.72697115,-1.210618,0.55857867,10.001225
2.717,-13.427,-2.059,-0.9542122,0.8668995,-0.6221652,-1.2922277,0.5038285,10.1608095
4.606,-15.073,-0.076,-0.7972567,1.0123463,-0.06938934,-0.957803,0.3199472,10.610098
10.182,-17.557,1.678,-0.15922844,0.90592194,0.5024681,-0.13788134,0.18971369,10.8281765
9.357,-19.614,-1.403,0.15919936,0.6486192,0.20131207,0.06838255,0.35950816,10.400499
4.231,-18.659,-4.221,0.050168753,0.4107461,-0.24327135,-0.16251084,0.43012825,9.944454
-3.991,-16.427,0.699,-0.26760232,0.20149851,-0.242311,-0.38715118,0.14364499,9.826832
-5.722,-15.4,-1.413,-0.7207689,-0.07998228,0.53817415,-0.36741322,-0.7326845,10.18575
-3.388,-12.649,-0.223,-0.76995945,-0.0929575,0.4908309,-0.42206943,-0.7398276,10.148565
3.599,-0.448,2.994,-0.59305394,0.2567706,-0.2515459,-0.6875691,0.0099563105,9.896481
3.445,1.385,3.1,-0.11781943,0.65215683,-0.59024525,-0.5428659,0.694177,9.911507
3.164,2.576,2.035,0.036047935,0.8811207,-0.50998735,-0.4456906,0.8634163,10.112646
2.194,2.509,0.814,0.059236765,0.99579287,0.009938717,-0.23156548,0.6377084,10.538031
0.314,0.363,0.118,0.42711318,1.0856986,0.47919703,0.25655115,0.6140821,10.878043
0.021,-0.489,-0.47,0.8233314,1.1903958,0.4432521,0.53161,0.91485465,10.889157
0.931,-1.298,-1.782,0.9958405,1.2324739,0.23220015,0.5573146,1.1599365,10.759832
1.811,-4.412,-4.07,1.017809,1.1732764,0.13471222,0.54382306,1.1953729,10.646891
0.443,-8.897,-7.227,0.83709437,1.0209742,-0.08544254,0.33510014,1.1317929,10.404284
0.815,-16.139,-10.774,0.69153285,1.003314,-0.3793459,0.07888631,1.2094406,10.2063875
-3.526,-19.614,-16.625,0.726367,1.1040063,-0.38473606,0.070007384,1.2948444,10.268105
-2.959,-11.787,-15.238,0.81604266,0.9368596,0.036842823,0.3938881,1.007905,10.418179
3.013,-3.611,-7.524,0.38092238,0.5583439,0.2798028,0.26893714,0.4009904,10.356213
6.337,-13.36,-1.061,-0.26539207,0.36217117,0.28376436,-0.20265734,-0.075531274,10.291777
3.183,-19.614,1.798,-0.13615596,0.4797349,0.35640526,-0.10144957,0.03244815,10.4102745
-0.75,-14.633,2.02,0.3120759,0.62896633,0.5807066,0.32264507,0.25461286,10.619843
4.025,1.22,-4.017,0.13932526,0.59357166,0.3337493,0.07656142,0.27722156,10.439433
-0.11,-0.286,4.911,-0.3452022,0.4632721,0.37323284,-0.26796067,-0.08450982,10.434458
5.151,-9.037,10.233,-0.3691827,0.39721918,0.961391,-0.0044645374,-0.44502637,10.81674
0.444,-17.161,-2.404,-0.15043175,0.42161512,1.0165067,0.19157004,-0.33444598,10.848342
-5.24,-19.248,0.979,0.38327658,0.5298724,0.6877341,0.44823962,0.20140974,10.618537
0.394,-10.847,-0.113,0.7642766,0.44987202,0.2747345,0.3939713,0.7334132,10.217594
2.982,-3.463,-1.854,0.08204138,0.14562416,0.13844681,0.08009399,0.06951591,9.996011
1.738,-3.8,-0.21,-0.20260012,-0.26977682,-0.025599957,-0.085406646,-0.27589664,9.630387
-0.067,-7.782,-0.611,0.1036728,-0.5757098,-0.12416172,0.23352207,-0.2544085,9.3184395
0.182,-9.128,1.161,0.7449685,-0.65731,0.11737633,0.9014174,-0.06266927,9.377312
1.3,-8.137,2.846,0.9387307,-0.6858382,0.2932992,1.1516528,-0.048764795,9.476602
1.598,-8.235,1.188,0.9017755,-0.67028856,0.11286402,1.0380868,0.0409273,9.364017
0.514,-9.231,-1.65,0.8540424,-0.8339343,-0.60674334,0.74760896,0.28092405,8.731878
-0.834,-8.205,-2.42,0.72205037,-1.0633888,-0.8096552,0.6491751,0.16289851,8.442931
-3.29,-8.381,0.098,0.44175112,-1.4343596,-0.03482437,0.92117983,-0.62949526,8.802204
-4.927,-8.292,-2.661,0.23671553,-1.6886992,1.0669928,1.3423932,-1.4645048,9.4913435
-4.904,-8.633,-5.71,0.33001685,-1.5391736,1.1814909,1.4065156,-1.3712401,9.682953
-4.708,-10.352,-2.385,0.4342373,-1.0616322,0.5639372,1.0300995,-0.701596,9.523263
-5.165,-11.763,-1.918,0.79053247,-0.44802618,0.25622702,0.9318121,0.04977663,9.663229
-5.59,-14.046,-2.766,1.1479261,0.048531055,0.24868631,1.012591,0.5794587,9.950949
-6.077,-14.423,-1.553,0.7956709,0.32900667,0.31659698,0.64285624,0.5205941,10.203249
-2.452,-15.336,-0.376,0.3429949,0.32440948,0.52955675,0.36634737,0.15327789,10.39454
7.035,-19.441,-2.375,6.7142324,-12.421715,4.4658413,0.65713054,-13.525772,15.802087
-0.747,-17.136,-1.771,-0.6175669,-10.531786,5.4773083,0.0,0.0,0.0
-7.519,-17.648,1.07,-7.1797843,-11.464745,8.674121,0.0,0.0,0.0
-3.493,-13.57,0.772,-3.0894423,-7.837102,8.718156,0.0,0.0,0.0
2.192,-5.494,2.729,2.7324412,-0.21157598,10.973652,0.0,0.0,0.0
2.692,-1.197,2.421,2.9857662,3.683292,10.921989,0.0,0.0,0.0
3.551,0.581,2.985,3.5468984,5.105583,11.685489,0.0,0.0,0.0
3.538,2.26,2.235,3.1753314,6.530591,11.055483,0.0,0.0,0.0
2.142,2.099,1.296,1.3729694,6.230709,10.156471,0.0,0.0,0.0
0.738,0.453,0.688,-0.24119765,4.5545664,9.541739,0.0,0.0,0.0
0.954,-0.456,-0.014,-0.42590272,3.6550157,8.781783,0.0,0.0,0.0
0.912,-0.987,-1.964,-0.7917517,3.2565794,6.711231,0.0,0.0,0.0
-0.444,-4.8,-5.912,-2.3061495,-0.33148193,2.616488,0.0,0.0,0.0
-1.351,-9.152,-9.27,-3.1955721,-4.4343386,-0.87288284,0.0,0.0,0.0
2.835,-13.377,-11.871,1.0685594,-8.425173,-3.5927467,0.0,0.0,0.0
1.702,-19.614,-11.815,-0.05643618,-14.578098,-3.585906,0.0,0.0,0.0
0.534,-19.614,-11.785,-1.3332419,-14.627568,-3.5497532,0.0,0.0,0.0
-1.344,-16.585,-11.232,-3.355021,-11.682251,-2.98038,0.0,0.0,0.0
1.145,-12.601,-7.518,-0.8451334,-7.680774,0.72827864,0.0,0.0,0.0
0.031,-12.215,-10.366,-1.6663748,-7.374028,-2.008112,0.0,0.0,0.0
-3.505,-19.262,-13.846,-5.202375,-14.421027,-5.4881115,0.0,0.0,0.0
-1.25,-9.423,-11.861,-2.9473748,-4.5820284,-3.5031118,0.0,0.0,0.0
3.615,-6.392,-5.784,1.9176252,-1.5510283,2.5738883,0.0,0.0,0.0
4.899,-14.597,-3.335,3.2016253,-9.756028,5.022888,0.0,0.0,0.0
3.234,-12.465,-0.31,1.5366251,-7.624028,8.047888,0.0,0.0,0.0
-0.326,1.0,-1.782,-2.195491,5.6686177,6.63699,0.0,0.0,0.0
-3.6,-2.482,9.055,-5.41336,2.123843,17.520714,0.0,0.0,0.0
5.37,-9.798,6.112,3.8084655,-4.8713536,14.446276,0.0,0.0,0.0
5.37,-9.798,6.112,3.798531,-4.6806483,14.328665,0.0,0.0,0.0
5.37,-9.798,6.112,3.798531,-4.6806483,14.328665,0.0,0.0,0.0
-4.383,-18.564,2.382,-5.9132814,-13.219296,10.460537,0.0,0.0,0.0
3.573,-3.937,-2.289,2.0427184,1.4077027,5.789537,0.0,0.0,0.0
0.965,-6.538,-0.706,-0.24733537,-0.5656514,6.977206,0.0,0.0,0.0
-1.13,-9.279,-1.143,-2.1105793,-2.906464,6.246156,0.0,0.0,0.0
-1.403,-9.262,-0.299,-2.1747055,-2.590465,6.84701,0.0,0.0,0.0
-0.322,-7.132,1.986,-0.95065176,-0.22143221,8.915589,0.0,0.0,0.0
-0.213,-7.007,0.907,-0.7849051,0.10009432,7.6399417,0.0,0.0,0.0
-0.323,-7.853,-0.696,-0.9535764,-0.60431767,5.878904,0.0,0.0,0.0
0.003,-9.241,-2.724,-0.7274573,-1.8537374,3.6842098,0.0,0.0,0.0
-0.42,-10.03,-3.182,-1.2460729,-2.472196,3.0121582,0.0,0.0,0.0
-2.023,-10.257,-2.741,-2.9014401,-2.5017962,3.1966379,0.0,0.0,0.0
-1.292,-6.626,-2.964,-2.222258,1.2589827,2.7920454,0.0,0.0,0.0
-2.05,-10.178,-1.385,-3.0764866,-2.2339697,4.2726574,0.0,0.0,0.0
-2.501,-11.681,-0.845,-3.6121628,-3.688849,4.72826,0.0,0.0,0.0
-4.421,-12.028,-3.261,-5.6292806,-3.9997387,2.2396781,0.0,0.0,0.0
-4.309,-11.866,-2.967,-5.5675454,-3.8205347,2.4971504,0.0,0.0,0.0
-4.257,-13.351,0.071,-5.536873,-5.3059196,5.5307627,0.0,0.0,0.0
-4.182,-13.803,-0.047,-5.4408736,-5.7820454,5.452993,0.0,0.0,0.0
-0.894,-13.158,-2.603,-2.0598075,-5.230438,3.0507648,0.0,0.0,0.0
2.336,-13.094,-2.948,1.2743875,-5.3919544,3.0287762,0.0,0.0,0.0
3.72,-13.379,-1.463,2.7505405,-6.0188637,4.944726,0.0,0.0,0.0
6.675,-14.695,0.634,5.8862114,-7.7892203,7.5519776,0.0,0.0,0.0
8.219,-18.205,1.264,7.5742793,-11.751778,8.619994,0.0,0.0,0.0
5.105,-18.93,-2.849,4.7915244,-12.834593,4.826814,0.0,0.0,0.0
0.337,-15.811,-1.746,0.4563101,-10.096331,6.2226057,0.0,0.0,0.0
-4.854,-16.036,-1.105,-4.7828755,-10.718336,7.1344028,0.0,0.0,0.0
-4.018,-14.874,-1.524,-4.044908,-10.033412,7.0046787,0.0,0.0,0.0
1.016,-8.139,2.349,1.001069,-3.7150683,11.101084,0.0,0.0,0.0
2.467,-3.714,2.858,2.2093563,0.3337047,11.786611,0.0,0.0,0.0
3.419,-1.644,2.762,2.811436,2.0853975,11.811465,0.0,0.0,0.0
3.401,0.331,2.025,2.3820362,3.8068264,11.138218,0.0,0.0,0.0
1.796,0.741,0.51,0.29509068,4.0805664,9.607523,0.0,0.0,0.0
1.656,0.055,-0.154,-0.28380406,3.3061187,8.892422,0.0,0.0,0.0
1.83,-0.763,0.511,-0.4958204,2.4808507,9.468587,0.0,0.0,0.0
1.319,-1.209,0.712,-1.3437593,2.100819,9.550844,0.0,0.0,0.0
1.108,-2.129,-0.906,-1.7273419,1.4118991,7.788438,0.0,0.0,0.0
1.071,-4.392,-4.741,-1.8407332,-0.52521086,3.7877827,0.0,0.0,0.0
-1.245,-8.389,-10.659,-4.2299786,-4.16636,-2.3265572,0.0,0.0,0.0
-2.695,-12.853,-13.061,-5.8017073,-8.461016,-4.861657,0.0,0.0,0.0
-2.546,-19.614,-13.014,-5.6564827,-15.305172,-4.7720785,0.0,0.0,0.0
0.258,-16.035,-13.97,-2.9494736,-11.807827,-5.722969,0.0,0.0,0.0
5.778,-6.933,-8.438,2.5738485,-2.7686825,-0.15776634,0.0,0.0,0.0
8.178,-9.816,-4.52,5.021038,-5.7294927,3.8169322,0.0,0.0,0.0
5.04,-18.252,-5.797,1.8268013,-14.320595,2.5928621,0.0,0.0,0.0
-3.358,-17.15,-0.591,-6.531595,-13.387131,7.890715,0.0,0.0,0.0
1.28,-2.33,3.021,-1.7954338,1.4151509,11.546604,0.0,0.0,0.0
1.007,1.689,0.967,-1.9676349,5.444387,9.52381,0.0,0.0,0.0
1.128,-4.84,9.119,-1.5021765,-0.84843135,17.681705,0.0,0.0,0.0
2.479,-13.733,0.317,-0.17393327,-9.483618,8.747604,0.0,0.0,0.0
-5.48,-19.614,-1.266,-8.189869,-15.200841,7.0617266,0.0,0.0,0.0
-1.596,-15.539,1.424,-4.2426615,-10.780821,9.580305,0.0,0.0,0.0
3.45,-7.091,-2.564,0.9769311,-1.9386225,5.4051466,0.0,0.0,0.0
3.204,-4.421,-2.439,0.98057055,1.1084976,5.348901,0.0,0.0,0.0
0.564,-6.215,-1.234,-1.4030163,-0.28346014,6.3236475,0.0,0.0,0.0
-1.591,-9.127,-1.074,-3.263785,-2.8342023,6.2589974,0.0,0.0,0.0
-1.331,-9.383,0.48,-2.7629657,-2.79955,7.6058693,0.0,0.0,0.0
-0.574,-7.794,1.002,-1.8761992,-0.9829922,7.936323,0.0,0.0,0.0
-0.696,-7.181,0.25,-1.9565195,-0.2055335,7.02675,0.0,0.0,0.0
-0.955,-8.315,-0.791,-2.2270033,-1.2163844,5.854454,0.0,0.0,0.0
-0.077,-9.092,-1.447,-1.3886425,-1.8674498,5.0534496,0.0,0.0,0.0
0.309,-9.067,-1.639,-1.0327092,-1.7691541,4.7728353,0.0,0.0,0.0
0.309,-9.067,-1.639,-1.0327092,-1.7691541,4.7728353,0.0,0.0,0.0
0.309,-9.067,-1.639,-1.0327092,-1.7691541,4.7728353,0.0,0.0,0.0
-1.646,-6.802,-3.617,-3.3799734,1.0365934,2.0150657,0.0,0.0,0.0
-2.861,-10.947,-2.64,-4.7035346,-3.0641217,2.894951,0.0,0.0,0.0
-2.95,-11.936,-2.36,-4.83484,-4.023048,3.1174958,0.0,0.0,0.0
-3.135,-11.51,-4.284,-5.052332,-3.5997276,1.1860833,0.0,0.0,0.0
-3.516,-11.924,-3.958,-5.429449,-4.0577383,1.5765321,0.0,0.0,0.0
-4.635,-14.201,1.299,-6.476524,-6.401312,6.950904,0.0,0.0,0.0
-2.315,-14.217,0.035,-4.0106363,-6.5401187,5.896799,0.0,0.0,0.0
2.326,-13.8,-3.094,0.7131525,-6.3842463,3.116933,0.0,0.0,0.0
4.406,-13.626,-3.07,2.8436317,-6.6205134,3.6122544,0.0,0.0,0.0
9.033,-14.845,1.532,7.581579,-8.297811,8.6872835,0.0,0.0,0.0
6.709,-18.007,-1.085,5.4388638,-11.865028,6.4537854,0.0,0.0,0.0
4.54,-18.362,-2.835,3.72885,-12.602416,5.060542,0.0,0.0,0.0
0.211,-16.7,-1.1,-0.23851603,-11.310448,7.080526,0.0,0.0,0.0
-6.352,-17.682,-0.147,-6.8169894,-12.656694,8.261355,0.0,0.0,0.0
-2.506,-12.85,1.285,-2.9639804,-8.023683,9.809511,0.0,0.0,0.0
0.862,-9.163,2.395,0.45068753,-4.6895757,11.112204,0.0,0.0,0.0
2.344,-4.134,1.872,1.6833565,0.018337727,10.731571,0.0,0.0,0.0
3.109,-1.817,1.933,2.0600305,2.009274,10.901258,0.0,0.0,0.0
2.462,-0.345,0.973,0.9891801,3.2532156,9.976,0.0,0.0,0.0
2.038,0.126,0.58,0.36716402,3.6669133,9.571141,0.0,0.0,0.0
1.721,1.529,0.068,-0.43217802,5.1048713,8.941971,0.0,0.0,0.0
2.078,1.982,-0.228,-0.3681109,5.637167,8.537083,0.0,0.0,0.0
1.268,0.429,-1.471,-1.4608027,4.2676167,7.1306877,0.0,0.0,0.0
-0.242,-2.639,-1.824,-3.2295692,1.4326692,6.5823283,0.0,0.0,0.0
-0.306,-7.069,-3.361,-3.443648,-2.7453904,4.8628654,0.0,0.0,0.0
0.642,-13.37,-8.23,-2.5907617,-8.822541,-0.16524506,0.0,0.0,0.0
-1.98,-19.614,-16.455,-5.4367967,-15.1112585,-8.458359,0.0,0.0,0.0
-4.252,-15.568,-15.872,-7.964858,-11.179094,-7.9270287,0.0,0.0,0.0
-1.558,-7.293,-8.38,-5.2257338,-2.951179,-0.38833523,0.0,0.0,0.0
0.769,-11.138,-0.954,-2.6834795,-6.807723,7.139175,0.0,0.0,0.0
-1.252,-19.614,-1.575,-4.533527,-15.262943,6.5779305,0.0,0.0,0.0
4.118,-12.663,-0.163,1.0431929,-8.271847,8.048803,0.0,0.0,0.0
11.474,4.798,-6.34,8.31627,9.122596,1.8756552,0.0,0.0,0.0
-1.268,5.975,3.368,-4.6509347,10.064669,11.614256,0.0,0.0,0.0
2.163,-6.832,15.61,-0.8777251,-2.470273,23.850128,0.0,0.0,0.0
2.047,-19.274,-2.785,-0.81276727,-14.396013,5.2273254,0.0,0.0,0.0
-7.927,-19.614,-0.969,-10.931704,-14.5743885,6.888764,0.0,0.0,0.0
0.154,-12.149,1.15,-2.8809438,-6.951018,8.892122,0.0,0.0,0.0
5.439,-2.786,-2.109,2.445516,2.7469747,5.414006,0.0,0.0,0.0
4.145,-3.451,-1.651,1.2803919,2.4596798,5.63105,0.0,0.0,0.0
0.951,-8.23,-1.017,-1.7634537,-1.9979444,6.0514936,0.0,0.0,0.0
-1.416,-10.577,0.084,-3.9784236,-4.0863366,6.974258,0.0,0.0,0.0
-1.981,-10.135,2.228,-4.430027,-3.4397788,8.961994,0.0,0.0,0.0
0.259,-7.0,2.0,-2.136417,-0.12193394,8.56693,0.0,0.0,0.0
0.216,-6.545,0.689,-2.2345023,0.4672327,7.091656,0.0,0.0,0.0
-0.107,-8.371,-1.492,-2.6495647,-1.243701,4.7455754,0.0,0.0,0.0
0.113,-9.34,-3.142,-2.5080612,-2.0752516,2.9014962,0.0,0.0,0.0
-1.359,-10.542,-2.567,-4.0320587,-3.1221523,3.2614646,0.0,0.0,0.0
-2.47,-8.064,-3.349,-5.149004,-0.53088665,2.329514,0.0,0.0,0.0
-1.424,-7.161,-2.916,-4.132087,0.38379574,2.7331343,0.0,0.0,0.0
-1.763,-9.266,-1.288,-4.5070267,-1.7271047,4.3516593,0.0,0.0,0.0
-2.111,-10.367,-1.931,-4.872342,-2.8360868,3.71087,0.0,0.0,0.0
-4.458,-10.653,-2.518,-7.2057066,-3.1380324,3.1517231,0.0,0.0,0.0
-5.655,-11.891,-1.122,-8.362933,-4.3944263,4.5910435,0.0,0.0,0.0
-5.29,-13.436,1.428,-7.9481115,-5.963892,7.196226,0.0,0.0,0.0
-3.122,-14.349,-0.196,-5.7032056,-6.9565554,5.7081943,0.0,0.0,0.0
2.856,-15.262,-3.35,0.34062386,-8.0742035,2.8289022,0.0,0.0,0.0
7.487,-13.585,-2.457,5.0624895,-6.72772,4.120981,0.0,0.0,0.0
9.05,-14.484,0.96,6.8391,-8.024329,7.9995294,0.0,0.0,0.0
9.543,-18.138,0.584,7.6377554,-12.009937,7.9993386,0.0,0.0,0.0
4.351,-18.604,-4.002,2.839809,-12.762666,3.7288141,0.0,0.0,0.0
-2.283,-15.902,-1.094,-3.3625965,-10.391144,6.945607,0.0,0.0,0.0
-5.806,-14.787,-1.421,-6.7788258,-9.425776,6.7326035,0.0,0.0,0.0
-1.656,-11.141,-0.816,-2.460593,-6.2704906,7.6575556,0.0,0.0,0.0
1.766,-6.064,1.382,1.0336319,-1.3551416,9.952919,0.0,0.0,0.0
1.952,-3.578,1.809,1.1076627,0.7061529,10.589861,0.0,0.0,0.0
3.016,-1.364,1.604,2.062316,2.8092685,10.426965,0.0,0.0,0.0
3.026,-0.42,1.191,1.5583171,3.506382,10.056652,0.0,0.0,0.0
1.875,0.794,-0.319,0.20107758,4.6669326,8.533612,0.0,0.0,0.0
1.259,-0.23,-0.869,-0.8063098,3.5845659,7.92611,0.0,0.0,0.0
0.699,-0.763,-0.263,-1.6851293,3.0355804,8.458071,0.0,0.0,0.0
0.65,-0.518,0.406,-1.9121941,3.3564572,9.042789,0.0,0.0,0.0
0.861,-0.99,-0.314,-1.8177383,3.0615304,8.20538,0.0,0.0,0.0
0.16,-4.084,-3.252,-2.6004677,0.27155018,5.089425,0.0,0.0,0.0
-2.875,-9.045,-7.701,-5.7292256,-4.3411436,0.41672802,0.0,0.0,0.0
-3.105,-15.921,-11.077,-6.0548143,-10.99708,-3.125648,0.0,0.0,0.0
-4.901,-19.614,-16.889,-7.919367,-14.612515,-9.012136,0.0,0.0,0.0
0.823,-12.43,-13.824,-2.2218947,-7.59357,-5.8548136,0.0,0.0,0.0
6.21,-7.31,-7.632,3.2726533,-2.6227198,0.46564102,0.0,0.0,0.0
6.846,-13.01,-1.355,3.9906137,-8.419916,6.827193,0.0,0.0,0.0
1.42,-19.605,-1.72,-1.4609724,-15.091181,6.4955845,0.0,0.0,0.0
-0.684,-8.773,1.388,-3.5257413,-4.3528037,9.6679,0.0,0.0,0.0
4.922,3.287,-1.318,2.1474733,7.716223,6.9798536,0.0,0.0,0.0
2.246,-0.371,5.427,-0.34388185,4.0268655,13.800868,0.0,0.0,0.0
3.997,-8.93,8.28,1.7292681,-4.3333273,16.640524,0.0,0.0,0.0
-2.519,-18.644,-1.983,-4.9205713,-13.760954,6.175355,0.0,0.0,0.0
-4.814,-19.171,0.708,-7.1400967,-14.052032,8.742665,0.0,0.0,0.0
1.672,-9.932,-0.391,-0.540213,-4.4954877,7.465259,0.0,0.0,0.0
3.088,-3.841,-2.407,1.1032346,1.964303,5.2434583,0.0,0.0,0.0
0.717,-5.384,-0.798,-0.94116354,0.81432533,6.6183095,0.0,0.0,0.0
-0.888,-9.209,0.078,-2.239553,-2.6717696,7.2618923,0.0,0.0,0.0
-1.197,-10.156,0.295,-2.3218846,-3.3522587,7.267383,0.0,0.0,0.0
-0.004,-8.116,1.23,-0.95202774,-1.0949316,8.010576,0.0,0.0,0.0
0.334,-7.525,1.209,-0.53461665,-0.3518777,7.8394003,0.0,0.0,0.0
-0.59,-7.157,0.979,-1.4519403,0.122089386,7.493774,0.0,0.0,0.0
-0.668,-7.261,0.651,-1.5456077,0.07519913,7.0992827,0.0,0.0,0.0
0.063,-7.956,-0.286,-0.8417405,-0.5549545,6.0839567,0.0,0.0,0.0
-0.482,-10.024,-1.408,-1.5027667,-2.4631486,4.7533245,0.0,0.0,0.0
-3.481,-10.513,-2.426,-4.6305914,-2.6604428,3.3347435,0.0,0.0,0.0
-2.551,-12.452,-2.463,-3.7005916,-4.599443,3.2977436,0.0,0.0,0.0
-1.271,-15.051,-1.565,-2.4205914,-7.198443,4.1957436,0.0,0.0,0.0
1.116,-5.314,1.872,-0.03359139,2.5385566,7.632744,0.0,0.0,0.0
1.482,-3.745,2.045,0.33240855,4.107557,7.8057437,0.0,0.0,0.0
2.2,-3.174,2.197,1.0504086,4.6785564,7.9577436,0.0,0.0,0.0
2.292,-1.828,1.395,1.1424086,6.0245566,7.1557436,0.0,0.0,0.0
1.373,-0.022,-0.031,0.22340858,7.830557,5.7297435,0.0,0.0,0.0
1.651,-0.257,-0.202,0.21990871,7.498825,5.626341,0.0,0.0,0.0
1.589,-0.969,0.6,-0.010532141,6.7768183,6.3977723,0.0,0.0,0.0
1.646,-1.557,0.976,-0.072886944,6.251136,6.6548047,0.0,0.0,0.0
1.934,-2.262,-0.826,0.1758616,5.6127157,4.747882,0.0,0.0,0.0
-0.518,-6.836,-8.244,-2.2265368,1.4157376,-3.2280145,0.0,0.0,0.0
-3.143,-14.375,-14.183,-4.829099,-6.0260935,-9.32263,0.0,0.0,0.0
-2.347,-18.762,-12.847,-3.9800892,-10.358948,-8.062428,0.0,0.0,0.0
-0.031,-16.235,-13.235,-1.6040695,-7.872676,-8.359821,0.0,0.0,0.0
2.618,-8.096,-9.939,1.009118,0.19947243,-4.962353,0.0,0.0,0.0
4.337,-8.089,-4.882,2.7032142,0.15202045,0.17633009,0.0,0.0,0.0
3.536,-17.064,-5.107,1.8853749,-8.853129,-0.0052924156,0.0,0.0,0.0
-1.095,-19.344,-3.835,-2.8187675,-11.190874,1.3346734,0.0,0.0,0.0
0.447,-6.223,2.597,-1.1160452,1.8666749,7.915311,0.0,0.0,0.0
3.439,1.82,-0.767,1.917027,9.915542,4.554296,0.0,0.0,0.0
-0.638,-3.475,7.655,-2.1020827,4.645118,12.95505,0.0,0.0,0.0
2.381,-8.599,7.644,0.98473394,-0.2956915,12.671513,0.0,0.0,0.0
-1.274,-16.136,-1.91,-2.909234,-7.71739,2.846407,0.0,0.0,0.0
-2.358,-16.988,1.45,-4.058984,-8.420197,5.907552,0.0,0.0,0.0
3.251,-7.032,-1.828,1.5924119,1.7242217,2.2644372,0.0,0.0,0.0
2.7,-4.355,-2.056,1.1319269,4.585509,1.6559858,0.0,0.0,0.0
-0.198,-6.659,-1.113,-1.7001963,2.4534621,2.1850004,0.0,0.0,0.0
-1.203,-9.326,-0.383,-2.6982608,-0.0841589,2.5364094,0.0,0.0,0.0
-0.636,-8.992,0.296,-2.1815562,0.33715343,2.8937976,0.0,0.0,0.0
-0.247,-7.385,1.429,-1.8880724,1.9935465,3.7784948,0.0,0.0,0.0
-0.605,-7.557,1.518,-2.306582,1.835288,3.7674284,0.0,0.0,0.0
-0.718,-7.975,0.093,-2.5550165,1.4337678,2.159602,0.0,0.0,0.0
-0.29,-7.951,-0.791,-2.2928264,1.4656343,1.0760992,0.0,0.0,0.0
0.09,-8.681,-1.755,-2.1164033,0.7351656,-0.13081002,0.0,0.0,0.0
-2.126,-10.75,-1.528,-4.5353823,-1.3315315,-0.24048841,0.0,0.0,0.0
-4.3,-10.386,-2.506,-6.8673954,-0.9722824,-1.5258087,0.0,0.0,0.0
-0.541,-8.208,-2.992,-3.2431788,1.1840191,-2.1804678,0.0,0.0,0.0
-1.343,-9.93,-2.09,-4.1898165,-0.57408905,-1.3599682,0.0,0.0,0.0
-3.134,-11.372,-1.29,-5.980817,-2.0160885,-0.55996823,0.0,0.0,0.0
-1.9,-11.734,-3.763,-4.8036537,-2.3930655,-3.065796,0.0,0.0,0.0
-0.816,-12.235,-1.759,-3.7518284,-2.9053326,-1.0458381,0.0,0.0,0.0
-2.219,-13.529,0.59,-5.1338677,-4.1991606,1.3824661,0.0,0.0,0.0
-0.97,-13.576,-1.953,-3.7708669,-4.2264357,-0.998444,0.0,0.0,0.0
-0.211,-12.837,-1.774,-2.8024874,-3.4699535,-0.46517932,0.0,0.0,0.0
1.704,-12.331,-1.38,-0.68184566,-2.9900274,0.4156407,0.0,0.0,0.0
4.407,-12.597,-1.657,2.2189746,-3.3403358,0.7298542,0.0,0.0,0.0
6.942,-13.683,-0.405,4.9253807,-4.576112,2.6229088,0.0,0.0,0.0
6.866,-17.659,-0.42,5.038883,-8.712801,3.1573627,0.0,0.0,0.0
5.581,-18.295,-1.96,4.019861,-9.514057,2.1177778,0.0,0.0,0.0
-2.588,-17.232,-0.757,-3.9817257,-8.520005,3.5242448,0.0,0.0,0.0
-7.062,-16.709,-2.123,-8.194314,-8.140314,2.5101264,0.0,0.0,0.0
-1.889,-11.336,0.865,-2.6613908,-2.964572,5.914057,0.0,0.0,0.0
1.899,-5.67,2.405,1.3986225,2.4862804,7.826725,0.0,0.0,0.0
2.059,-3.848,2.008,1.5387715,4.086827,7.747186,0.0,0.0,0.0
3.028,-1.953,1.933,2.3936615,5.7691884,7.944307,0.0,0.0,0.0
1.867,-0.743,0.31,1.0611925,6.828611,6.4899483,0.0,0.0,0.0
1.169,-0.563,-0.456,0.17408752,6.9276547,5.79465,0.0,0.0,0.0
1.317,-0.824,-0.427,0.23114884,6.6471863,5.8318086,0.0,0.0,0.0
1.281,-0.787,0.886,0.02746439,6.664668,7.136732,0.0,0.0,0.0
1.429,-0.928,1.017,-0.020461798,6.614446,7.1146183,0.0,0.0,0.0
1.789,-1.499,-0.791,0.26312304,6.214717,5.06909,0.0,0.0,0.0
1.236,-3.993,-4.843,-0.3305967,3.945149,0.69793415,0.0,0.0,0.0
-2.138,-8.515,-9.692,-3.7778893,-0.38735962,-4.4553394,0.0,0.0,0.0
