-10.869676,-2.0973208,-0.51714754,0.0,0.0,0.0,0.0,0.0,0.0
-10.869676,-2.0973208,-0.51714754,0.0,0.0,0.0,0.0,0.0,0.0
-11.36767,-1.0342951,-0.038307227,0.0,0.0,0.0,0.0,0.0,0.0
-11.36767,-1.0342951,-0.038307227,0.0,0.0,0.0,0.0,0.0,0.0
-10.726024,-0.02873042,0.842759,0.0,0.0,0.0,0.0,0.0,0.0
-10.726024,-0.02873042,0.842759,0.0,0.0,0.0,0.0,0.0,0.0
-9.921572,0.81402856,1.3215994,0.0,0.0,0.0,0.0,0.0,0.0
-9.921572,0.81402856,1.3215994,0.0,0.0,0.0,0.0,0.0,0.0
-8.619126,1.3120226,1.541866,0.0,0.0,0.0,0.0,0.0,0.0
-8.619126,1.3120226,1.541866,0.0,0.0,0.0,0.0,0.0,0.0
-5.7843914,0.9576807,-0.2777274,0.0,0.0,0.0,0.0,0.0,0.0
-5.7843914,0.9576807,-0.2777274,0.0,0.0,0.0,0.0,0.0,0.0
-5.3247046,0.41180268,-1.1109096,0.0,0.0,0.0,0.0,0.0,0.0
-5.3247046,0.41180268,-1.1109096,0.0,0.0,0.0,0.0,0.0,0.0
-5.2480903,0.1340753,-1.5610195,0.0,0.0,0.0,0.0,0.0,0.0
-5.2480903,0.1340753,-1.5610195,0.0,0.0,0.0,0.0,0.0,0.0
-5.5258174,-0.10534488,-2.4708161,0.0,0.0,0.0,0.0,0.0,0.0
-5.9184666,-0.15322891,-2.920926,0.0,0.0,0.0,0.0,0.0,0.0
-5.9184666,-0.15322891,-2.920926,0.0,0.0,0.0,0.0,0.0,0.0
-6.349423,-0.16280572,-3.41892,0.0,0.0,0.0,0.0,0.0,0.0
-6.349423,-0.16280572,-3.41892,0.0,0.0,0.0,0.0,0.0,0.0
-6.7229185,-0.22026655,-4.0222588,0.0,0.0,0.0,0.0,0.0,0.0
-6.7229185,-0.22026655,-4.0222588,0.0,0.0,0.0,0.0,0.0,0.0
-7.3645644,-0.08619126,-5.3821654,0.0,0.0,0.0,0.0,0.0,0.0
-7.3645644,-0.08619126,-5.3821654,0.0,0.0,0.0,0.0,0.0,0.0
-8.00621,0.095768064,-5.765238,0.0,0.0,0.0,0.0,0.0,0.0
-8.00621,0.095768064,-5.765238,0.0,0.0,0.0,0.0,0.0,0.0
-8.599973,0.4309563,-5.803545,0.0,0.0,0.0,0.0,0.0,0.0
-8.599973,0.4309563,-5.803545,0.0,0.0,0.0,0.0,0.0,0.0
-9.56723,0.78529817,-5.554548,0.0,0.0,0.0,0.0,0.0,0.0
-9.56723,0.78529817,-5.554548,0.0,0.0,0.0,0.0,0.0,0.0
-12.899959,1.13964,-5.1235914,0.0,0.0,0.0,0.0,0.0,0.0
-12.899959,1.13964,-5.1235914,0.0,0.0,0.0,0.0,0.0,0.0
-13.570335,1.3215994,-5.046977,0.0,0.0,0.0,0.0,0.0,0.0
-13.570335,1.3215994,-5.046977,0.0,0.0,0.0,0.0,0.0,0.0
-13.809755,1.7908629,-3.8498764,0.0,0.0,0.0,0.0,0.0,0.0
-13.809755,1.7908629,-3.8498764,0.0,0.0,0.0,0.0,0.0,0.0
-13.809755,2.030283,-5.2289367,0.0,0.0,0.0,0.0,0.0,0.0
-13.809755,2.030283,-5.2289367,0.0,0.0,0.0,0.0,0.0,0.0
-14.010868,1.5705963,-7.201759,0.0,0.0,0.0,0.0,0.0,0.0
-14.010868,1.5705963,-7.201759,0.0,0.0,0.0,0.0,0.0,0.0
-12.77546,0.79487497,-8.341399,0.0,0.0,0.0,0.0,0.0,0.0
-12.77546,0.79487497,-8.341399,0.0,0.0,0.0,0.0,0.0,0.0
-10.582372,0.25857377,-7.632715,0.0,0.0,0.0,0.0,0.0,0.0
-10.582372,0.25857377,-7.632715,0.0,0.0,0.0,0.0,0.0,0.0
-8.858546,-0.6703765,-5.3342814,0.0,0.0,0.0,0.0,0.0,0.0
-8.858546,-0.6703765,-5.3342814,0.0,0.0,0.0,0.0,0.0,0.0
-10.199299,-1.043872,-4.4915223,0.0,0.0,0.0,0.0,0.0,0.0
-10.199299,-1.043872,-4.4915223,0.0,0.0,0.0,0.0,0.0,0.0
-11.971008,-1.4748282,-3.6104562,0.0,0.0,0.0,0.0,0.0,0.0
-11.971008,-1.4748282,-3.6104562,0.0,0.0,0.0,0.0,0.0,0.0
-14.422671,-3.3806129,-1.733402,0.0,0.0,0.0,0.0,0.0,0.0
-14.422671,-3.3806129,-1.733402,0.0,0.0,0.0,0.0,0.0,0.0
-11.856087,-4.0701427,-0.19153613,0.0,0.0,0.0,0.0,0.0,0.0
-11.856087,-4.0701427,-0.19153613,0.0,0.0,0.0,0.0,0.0,0.0
-8.523358,-3.6104562,0.33518824,0.0,0.0,0.0,0.0,0.0,0.0
-6.5696893,-2.8443117,0.20111294,0.0,0.0,0.0,0.0,0.0,0.0
-6.5696893,-2.8443117,0.20111294,0.0,0.0,0.0,0.0,0.0,0.0
-4.912902,-0.842759,-1.2258313,0.0,0.0,0.0,0.0,0.0,0.0
-4.912902,-0.842759,-1.2258313,0.0,0.0,0.0,0.0,0.0,0.0
-4.4340615,-0.29688102,-1.8674773,0.0,0.0,0.0,0.0,0.0,0.0
-4.4340615,-0.29688102,-1.8674773,0.0,0.0,0.0,0.0,0.0,0.0
-4.175488,-0.24899697,-2.2026656,0.0,0.0,0.0,0.0,0.0,0.0
-4.175488,-0.24899697,-2.2026656,0.0,0.0,0.0,0.0,0.0,0.0
-3.763685,0.10534488,-2.3463178,0.0,0.0,0.0,0.0,0.0,0.0
-3.763685,0.10534488,-2.3463178,0.0,0.0,0.0,0.0,0.0,0.0
-3.9264908,-0.06703765,-2.0973208,0.0,0.0,0.0,0.0,0.0,0.0
-3.9264908,-0.06703765,-2.0973208,0.0,0.0,0.0,0.0,0.0,0.0
-4.6160207,-0.2681506,-1.7525556,0.0,0.0,0.0,0.0,0.0,0.0
-4.6160207,-0.2681506,-1.7525556,0.0,0.0,0.0,0.0,0.0,0.0
-5.707777,-0.46926352,-1.6376339,0.0,0.0,0.0,0.0,0.0,0.0
-5.707777,-0.46926352,-1.6376339,0.0,0.0,0.0,0.0,0.0,0.0
-9.184157,0.5267244,-1.5897499,0.0,0.0,0.0,0.0,0.0,0.0
-9.184157,0.5267244,-1.5897499,0.0,0.0,0.0,0.0,0.0,0.0
-10.275913,1.484405,-1.4748282,0.0,0.0,0.0,0.0,0.0,0.0
-10.275913,1.484405,-1.4748282,0.0,0.0,0.0,0.0,0.0,0.0
-11.252748,2.1068976,-2.0685902,0.0,0.0,0.0,0.0,0.0,0.0
-11.252748,2.1068976,-2.0685902,0.0,0.0,0.0,0.0,0.0,0.0
-12.181698,3.3039982,-3.9456444,0.0,0.0,0.0,0.0,0.0,0.0
-12.181698,3.3039982,-3.9456444,0.0,0.0,0.0,0.0,0.0,0.0
-11.568783,4.462792,-10.91756,0.0,0.0,0.0,0.0,0.0,0.0
-11.568783,4.462792,-10.91756,0.0,0.0,0.0,0.0,0.0,0.0
-11.501745,7.240066,-19.603724,0.0,0.0,0.0,0.0,0.0,0.0
-11.501745,7.240066,-19.603724,0.0,0.0,0.0,0.0,0.0,0.0
-5.66947,1.5131354,-10.43872,0.0,0.0,0.0,0.0,0.0,0.0
-5.66947,1.5131354,-10.43872,0.0,0.0,0.0,0.0,0.0,0.0
-12.248735,-1.0151415,-4.6351743,0.0,0.0,0.0,0.0,0.0,0.0
-12.248735,-1.0151415,-4.6351743,0.0,0.0,0.0,0.0,0.0,0.0
-14.920665,-1.6663644,-5.046977,0.0,0.0,0.0,0.0,0.0,0.0
-14.920665,-1.6663644,-5.046977,0.0,0.0,0.0,0.0,0.0,0.0
-13.053187,-1.685518,-2.5570073,0.0,0.0,0.0,0.0,0.0,0.0
-13.053187,-1.685518,-2.5570073,0.0,0.0,0.0,0.0,0.0,0.0
-10.5440645,-2.566584,-0.6991069,0.0,0.0,0.0,0.0,0.0,0.0
-10.5440645,-2.566584,-0.6991069,0.0,0.0,0.0,0.0,0.0,0.0
-11.587936,-2.5378537,-1.7908629,0.0,0.0,0.0,0.0,0.0,0.0
-11.587936,-2.5378537,-1.7908629,0.0,0.0,0.0,0.0,0.0,0.0
-12.631808,-2.0685902,-1.6184803,0.0,0.0,0.0,0.0,0.0,0.0
-12.631808,-2.0685902,-1.6184803,0.0,0.0,0.0,0.0,0.0,0.0
-12.852075,-1.3120226,-1.0726024,0.0,0.0,0.0,0.0,0.0,0.0
-12.852075,-1.3120226,-1.0726024,0.0,0.0,0.0,0.0,0.0,0.0
-11.128249,0.25857377,0.18195933,0.0,0.0,0.0,0.0,0.0,0.0
-11.128249,0.25857377,0.18195933,0.0,0.0,0.0,0.0,0.0,0.0
-10.04607,0.22984336,0.33518824,0.0,0.0,0.0,0.0,0.0,0.0
-10.04607,0.22984336,0.33518824,0.0,0.0,0.0,0.0,0.0,0.0
-8.781932,0.1340753,-0.22026655,0.0,0.0,0.0,0.0,0.0,0.0
-8.781932,0.1340753,-0.22026655,0.0,0.0,0.0,0.0,0.0,0.0
-6.215348,-0.038307227,-1.5227122,0.0,0.0,0.0,0.0,0.0,0.0
-6.215348,-0.038307227,-1.5227122,0.0,0.0,0.0,0.0,0.0,0.0
-5.506664,-0.02873042,-1.6950948,0.0,0.0,0.0,0.0,0.0,0.0
-5.506664,-0.02873042,-1.6950948,0.0,0.0,0.0,0.0,0.0,0.0
-5.0757074,-0.019153614,-1.8195933,0.0,0.0,0.0,0.0,0.0,0.0
-5.0757074,-0.019153614,-1.8195933,0.0,0.0,0.0,0.0,0.0,0.0
-4.7500963,-0.10534488,-2.030283,0.0,0.0,0.0,0.0,0.0,0.0
-4.7500963,-0.10534488,-2.030283,0.0,0.0,0.0,0.0,0.0,0.0
-5.104438,-0.25857377,-2.72939,0.0,0.0,0.0,0.0,0.0,0.0
-5.104438,-0.25857377,-2.72939,0.0,0.0,0.0,0.0,0.0,0.0
-5.6120086,-0.29688102,-3.1794999,0.0,0.0,0.0,0.0,0.0,0.0
-5.6120086,-0.29688102,-3.1794999,0.0,0.0,0.0,0.0,0.0,0.0
-5.985504,-0.39264908,-3.8402996,0.0,0.0,0.0,0.0,0.0,0.0
-5.985504,-0.39264908,-3.8402996,0.0,0.0,0.0,0.0,0.0,0.0
-6.3589997,-0.5650316,-4.1946416,0.0,0.0,0.0,0.0,0.0,0.0
-7.4507556,-0.20111294,-4.5394063,0.0,0.0,0.0,0.0,0.0,0.0
-7.4507556,-0.20111294,-4.5394063,0.0,0.0,0.0,0.0,0.0,0.0
-7.4507556,-0.20111294,-4.5394063,0.0,0.0,0.0,0.0,0.0,0.0
-7.9487495,0.2873042,-4.4244847,0.0,0.0,0.0,0.0,0.0,0.0
-8.63828,0.6991069,-4.280833,0.0,0.0,0.0,0.0,0.0,0.0
-8.63828,0.6991069,-4.280833,0.0,0.0,0.0,0.0,0.0,0.0
-10.28549,1.3120226,-3.715801,0.0,0.0,0.0,0.0,0.0,0.0
-10.28549,1.3120226,-3.715801,0.0,0.0,0.0,0.0,0.0,0.0
-10.28549,1.3120226,-3.715801,0.0,0.0,0.0,0.0,0.0,0.0
-11.061212,1.541866,-3.5817258,0.0,0.0,0.0,0.0,0.0,0.0
-11.492168,1.9536686,-3.5913026,0.0,0.0,0.0,0.0,0.0,0.0
-11.492168,1.9536686,-3.5913026,0.0,0.0,0.0,0.0,0.0,0.0
-11.769896,2.3558946,-3.6583402,0.0,0.0,0.0,0.0,0.0,0.0
-11.769896,2.3558946,-3.6583402,0.0,0.0,0.0,0.0,0.0,0.0
-12.105083,2.719813,-5.3342814,0.0,0.0,0.0,0.0,0.0,0.0
-12.105083,2.719813,-5.3342814,0.0,0.0,0.0,0.0,0.0,0.0
-11.865664,2.6431987,-6.244078,0.0,0.0,0.0,0.0,0.0,0.0
-11.865664,2.6431987,-6.244078,0.0,0.0,0.0,0.0,0.0,0.0
-12.392388,2.384625,-6.9048777,0.0,0.0,0.0,0.0,0.0,0.0
-12.392388,2.384625,-6.9048777,0.0,0.0,0.0,0.0,0.0,0.0
-15.294161,1.0726024,-8.159439,0.0,0.0,0.0,0.0,0.0,0.0
-15.294161,1.0726024,-8.159439,0.0,0.0,0.0,0.0,0.0,0.0
-12.909535,0.10534488,-6.9048777,0.0,0.0,0.0,0.0,0.0,0.0
-12.909535,0.10534488,-6.9048777,0.0,0.0,0.0,0.0,0.0,0.0
-12.152967,-0.7661445,-5.45878,0.0,0.0,0.0,0.0,0.0,0.0
-12.152967,-0.7661445,-5.45878,0.0,0.0,0.0,0.0,0.0,0.0
-12.995727,-1.5514427,-4.510676,0.0,0.0,0.0,0.0,0.0,0.0
-12.995727,-1.5514427,-4.510676,0.0,0.0,0.0,0.0,0.0,0.0
-12.995727,-1.5514427,-4.510676,0.0,0.0,0.0,0.0,0.0,0.0
-13.876793,-2.2026656,-2.681506,0.0,0.0,0.0,0.0,0.0,0.0
-13.876793,-2.2026656,-2.681506,0.0,0.0,0.0,0.0,0.0,0.0
-13.081918,-4.8458643,-1.1492168,0.0,0.0,0.0,0.0,0.0,0.0
-13.081918,-4.8458643,-1.1492168,0.0,0.0,0.0,0.0,0.0,0.0
-10.304645,-5.3247046,-0.90021986,0.0,0.0,0.0,0.0,0.0,0.0
-10.304645,-5.3247046,-0.90021986,0.0,0.0,0.0,0.0,0.0,0.0
-8.379706,-6.0525417,-0.8810662,0.0,0.0,0.0,0.0,0.0,0.0
-8.379706,-6.0525417,-0.8810662,0.0,0.0,0.0,0.0,0.0,0.0
-6.339846,-6.3589997,-0.641646,0.0,0.0,0.0,0.0,0.0,0.0
-6.339846,-6.3589997,-0.641646,0.0,0.0,0.0,0.0,0.0,0.0
-3.5529952,-5.4683566,-1.2258313,0.0,0.0,0.0,0.0,0.0,0.0
-3.5529952,-5.4683566,-1.2258313,0.0,0.0,0.0,0.0,0.0,0.0
-3.371036,-4.060566,-1.283292,0.0,0.0,0.0,0.0,0.0,0.0
-3.371036,-4.060566,-1.283292,0.0,0.0,0.0,0.0,0.0,0.0
-3.3614593,-2.719813,-1.3120226,0.0,0.0,0.0,0.0,0.0,0.0
-3.3614593,-2.719813,-1.3120226,0.0,0.0,0.0,0.0,0.0,0.0
-4.960786,-1.6280571,-2.2888567,0.0,0.0,0.0,0.0,0.0,0.0
-4.960786,-1.6280571,-2.2888567,0.0,0.0,0.0,0.0,0.0,0.0
-5.985504,-0.7565677,-2.8538885,0.0,0.0,0.0,0.0,0.0,0.0
-5.985504,-0.7565677,-2.8538885,0.0,0.0,0.0,0.0,0.0,0.0
-6.943185,0.18195933,-3.1028855,0.0,0.0,0.0,0.0,0.0,0.0
-6.943185,0.18195933,-3.1028855,0.0,0.0,0.0,0.0,0.0,0.0
-8.025364,1.1683705,-3.1316159,0.0,0.0,0.0,0.0,0.0,0.0
-8.025364,1.1683705,-3.1316159,0.0,0.0,0.0,0.0,0.0,0.0
-9.270349,2.27928,-1.2354081,0.0,0.0,0.0,0.0,0.0,0.0
-9.270349,2.27928,-1.2354081,0.0,0.0,0.0,0.0,0.0,0.0
-8.983045,2.4612393,-1.1109096,0.0,0.0,0.0,0.0,0.0,0.0
-8.983045,2.4612393,-1.1109096,0.0,0.0,0.0,0.0,0.0,0.0
-8.437167,2.5378537,-1.8674773,0.0,0.0,0.0,0.0,0.0,0.0
-8.437167,2.5378537,-1.8674773,0.0,0.0,0.0,0.0,0.0,0.0
-7.1059904,3.016694,-4.807557,0.0,0.0,0.0,0.0,0.0,0.0
-7.1059904,3.016694,-4.807557,0.0,0.0,0.0,0.0,0.0,0.0
-7.795521,3.4955344,-8.255207,0.0,0.0,0.0,0.0,0.0,0.0
-7.795521,3.4955344,-8.255207,0.0,0.0,0.0,0.0,0.0,0.0
-9.394848,4.10845,-11.884817,0.0,0.0,0.0,0.0,0.0,0.0
-9.701305,2.5953147,-9.461885,0.0,0.0,0.0,0.0,0.0,0.0
-9.701305,2.5953147,-9.461885,0.0,0.0,0.0,0.0,0.0,0.0
-9.701305,2.5953147,-9.461885,0.0,0.0,0.0,0.0,0.0,0.0
-8.446744,-1.4173675,-3.667917,0.0,0.0,0.0,0.0,0.0,0.0
-11.836933,-4.2999864,-3.3614593,0.0,0.0,0.0,0.0,0.0,0.0
-11.836933,-4.2999864,-3.3614593,0.0,0.0,0.0,0.0,0.0,0.0
-18.416199,-8.552089,-3.8019924,0.0,0.0,0.0,0.0,0.0,0.0
-18.416199,-8.552089,-3.8019924,0.0,0.0,0.0,0.0,0.0,0.0
-16.357185,-15.811308,-4.8362875,0.0,0.0,0.0,0.0,0.0,0.0
-16.357185,-15.811308,-4.8362875,0.0,0.0,0.0,0.0,0.0,0.0
-10.534488,-13.88637,-4.146757,0.0,0.0,0.0,0.0,0.0,0.0
-10.534488,-13.88637,-4.146757,0.0,0.0,0.0,0.0,0.0,0.0
-10.534488,-13.88637,-4.146757,0.0,0.0,0.0,0.0,0.0,0.0
-9.969456,-9.165004,-2.3175871,0.0,0.0,0.0,0.0,0.0,0.0
-12.047623,-6.5601125,-0.22984336,0.0,0.0,0.0,0.0,0.0,0.0
-12.047623,-6.5601125,-0.22984336,0.0,0.0,0.0,0.0,0.0,0.0
-12.047623,-6.5601125,-0.22984336,0.0,0.0,0.0,0.0,0.0,0.0
-15.179238,-4.673482,12.564771,0.0,0.0,0.0,0.0,0.0,0.0
-15.179238,-4.673482,12.564771,0.0,0.0,0.0,0.0,0.0,0.0
-10.477027,-0.019153614,2.5953147,0.0,0.0,0.0,0.0,0.0,0.0
-10.477027,-0.019153614,2.5953147,0.0,0.0,0.0,0.0,0.0,0.0
-10.6877165,-0.59376204,0.4405331,0.0,0.0,0.0,0.0,0.0,0.0
-10.6877165,-0.59376204,0.4405331,0.0,0.0,0.0,0.0,0.0,0.0
-11.195287,0.7469909,-1.2354081,0.0,0.0,0.0,0.0,0.0,0.0
-9.5385,2.7964275,-2.3942018,0.0,0.0,0.0,0.0,0.0,0.0
-9.5385,2.7964275,-2.3942018,0.0,0.0,0.0,0.0,0.0,0.0
-8.523358,3.5338416,-2.1547816,0.0,0.0,0.0,0.0,0.0,0.0
-8.523358,3.5338416,-2.1547816,0.0,0.0,0.0,0.0,0.0,0.0
-8.121132,3.3997664,-1.292869,0.0,0.0,0.0,0.0,0.0,0.0
-8.121132,3.3997664,-1.292869,0.0,0.0,0.0,0.0,0.0,0.0
-7.7667904,1.8866309,-0.15322891,0.0,0.0,0.0,0.0,0.0,0.0
-7.7667904,1.8866309,-0.15322891,0.0,0.0,0.0,0.0,0.0,0.0
-7.4124484,1.1875241,0.61291564,0.0,0.0,0.0,0.0,0.0,0.0
-7.4124484,1.1875241,0.61291564,0.0,0.0,0.0,0.0,0.0,0.0
-8.101978,1.1492168,0.23942018,0.0,0.0,0.0,0.0,0.0,0.0
-8.101978,1.1492168,0.23942018,0.0,0.0,0.0,0.0,0.0,0.0
-8.331821,1.3120226,-0.1436521,0.0,0.0,0.0,0.0,0.0,0.0
-8.331821,1.3120226,-0.1436521,0.0,0.0,0.0,0.0,0.0,0.0
-8.0445175,1.7525556,-0.36391866,0.0,0.0,0.0,0.0,0.0,0.0
-8.0445175,1.7525556,-0.36391866,0.0,0.0,0.0,0.0,0.0,0.0
-7.747637,3.0262709,-1.3024458,0.0,0.0,0.0,0.0,0.0,0.0
-7.747637,3.0262709,-1.3024458,0.0,0.0,0.0,0.0,0.0,0.0
-8.082825,3.371036,-2.135628,0.0,0.0,0.0,0.0,0.0,0.0
-8.082825,3.371036,-2.135628,0.0,0.0,0.0,0.0,0.0,0.0
-8.916007,3.3614593,-2.9113493,0.0,0.0,0.0,0.0,0.0,0.0
-8.916007,3.3614593,-2.9113493,0.0,0.0,0.0,0.0,0.0,0.0
-9.174581,3.8881836,-3.5913026,0.0,0.0,0.0,0.0,0.0,0.0
-9.174581,3.8881836,-3.5913026,0.0,0.0,0.0,0.0,0.0,0.0
-9.471462,4.261679,-3.8402996,0.0,0.0,0.0,0.0,0.0,0.0
-9.471462,4.261679,-3.8402996,0.0,0.0,0.0,0.0,0.0,0.0
-10.132261,4.7500963,-4.31914,0.0,0.0,0.0,0.0,0.0,0.0
-11.032481,4.3382936,-5.209783,0.0,0.0,0.0,0.0,0.0,0.0
-11.032481,4.3382936,-5.209783,0.0,0.0,0.0,0.0,0.0,0.0
-10.888829,2.7868507,-3.1124623,0.0,0.0,0.0,0.0,0.0,0.0
-10.888829,2.7868507,-3.1124623,0.0,0.0,0.0,0.0,0.0,0.0
-10.840945,2.327164,-1.982399,0.0,0.0,0.0,0.0,0.0,0.0
-10.840945,2.327164,-1.982399,0.0,0.0,0.0,0.0,0.0,0.0
-9.864111,0.8331822,-2.0111294,0.0,0.0,0.0,0.0,0.0,0.0
-9.864111,0.8331822,-2.0111294,0.0,0.0,0.0,0.0,0.0,0.0
-8.916007,-2.5761611,-2.5187001,0.0,0.0,0.0,0.0,0.0,0.0
-8.916007,-2.5761611,-2.5187001,0.0,0.0,0.0,0.0,0.0,0.0
-8.7053175,-3.0071173,-2.2409728,0.0,0.0,0.0,0.0,0.0,0.0
-8.7053175,-3.0071173,-2.2409728,0.0,0.0,0.0,0.0,0.0,0.0
-9.212888,-3.8594532,-2.432509,0.0,0.0,0.0,0.0,0.0,0.0
-9.212888,-3.8594532,-2.432509,0.0,0.0,0.0,0.0,0.0,0.0
-9.883265,-4.501099,-2.9113493,0.0,0.0,0.0,0.0,0.0,0.0
-9.883265,-4.501099,-2.9113493,0.0,0.0,0.0,0.0,0.0,0.0
-11.003751,-4.855441,-4.6160207,0.0,0.0,0.0,0.0,0.0,0.0
-11.003751,-4.855441,-4.6160207,0.0,0.0,0.0,0.0,0.0,0.0
-11.204864,-1.7429788,-6.6271505,0.0,0.0,0.0,0.0,0.0,0.0
-11.204864,-1.7429788,-6.6271505,0.0,0.0,0.0,0.0,0.0,0.0
-12.382812,1.9632454,-7.9870567,0.0,0.0,0.0,0.0,0.0,0.0
-12.382812,1.9632454,-7.9870567,0.0,0.0,0.0,0.0,0.0,0.0
-11.60709,3.6487634,-4.7884035,0.0,0.0,0.0,0.0,0.0,0.0
-11.60709,3.6487634,-4.7884035,0.0,0.0,0.0,0.0,0.0,0.0
-10.534488,2.336741,-3.7349546,0.0,0.0,0.0,0.0,0.0,0.0
-10.534488,2.336741,-3.7349546,0.0,0.0,0.0,0.0,0.0,0.0
-9.471462,1.2258313,-3.667917,0.0,0.0,0.0,0.0,0.0,0.0
-9.471462,1.2258313,-3.667917,0.0,0.0,0.0,0.0,0.0,0.0
-8.24563,0.2777274,-4.0701427,0.0,0.0,0.0,0.0,0.0,0.0
-8.24563,0.2777274,-4.0701427,0.0,0.0,0.0,0.0,0.0,0.0
-6.6654577,0.16280572,-3.6487634,0.0,0.0,0.0,0.0,0.0,0.0
-6.6654577,0.16280572,-3.6487634,0.0,0.0,0.0,0.0,0.0,0.0
-6.4164605,0.51714754,-3.016694,0.0,0.0,0.0,0.0,0.0,0.0
-6.291962,0.81402856,-2.2984335,0.0,0.0,0.0,0.0,0.0,0.0
-6.291962,0.81402856,-2.2984335,0.0,0.0,0.0,0.0,0.0,0.0
-6.291962,0.81402856,-2.2984335,0.0,0.0,0.0,0.0,0.0,0.0
-6.655881,0.60333884,-1.8291701,0.0,0.0,0.0,0.0,0.0,0.0
-6.789956,0.08619126,-2.327164,0.0,0.0,0.0,0.0,0.0,0.0
-6.789956,0.08619126,-2.327164,0.0,0.0,0.0,0.0,0.0,0.0
-6.789956,-0.11492168,-2.8060043,0.0,0.0,0.0,0.0,0.0,0.0
-6.789956,-0.11492168,-2.8060043,0.0,0.0,0.0,0.0,0.0,0.0
-6.8569937,0.10534488,-2.9113493,0.0,0.0,0.0,0.0,0.0,0.0
-6.8569937,0.10534488,-2.9113493,0.0,0.0,0.0,0.0,0.0,0.0
-6.9719152,1.4556746,-2.930503,0.0,0.0,0.0,0.0,0.0,0.0
-6.9719152,1.4556746,-2.930503,0.0,0.0,0.0,0.0,0.0,0.0
-7.0964136,2.336741,-3.7924154,0.0,0.0,0.0,0.0,0.0,0.0
-7.0964136,2.336741,-3.7924154,0.0,0.0,0.0,0.0,0.0,0.0
-7.680599,3.1794999,-5.1810527,0.0,0.0,0.0,0.0,0.0,0.0
-7.680599,3.1794999,-5.1810527,0.0,0.0,0.0,0.0,0.0,0.0
-8.810662,4.654328,-6.090849,0.0,0.0,0.0,0.0,0.0,0.0
-8.810662,4.654328,-6.090849,0.0,0.0,0.0,0.0,0.0,0.0
-9.701305,5.947197,-5.4204726,0.0,0.0,0.0,0.0,0.0,0.0
-9.701305,5.947197,-5.4204726,0.0,0.0,0.0,0.0,0.0,0.0
-9.998186,4.2521024,-5.142745,0.0,0.0,0.0,0.0,0.0,0.0
-9.998186,4.2521024,-5.142745,0.0,0.0,0.0,0.0,0.0,0.0
-9.672575,1.3024458,-4.2042184,0.0,0.0,0.0,0.0,0.0,0.0
-9.672575,1.3024458,-4.2042184,0.0,0.0,0.0,0.0,0.0,0.0
-11.204864,-1.0342951,-2.5570073,0.0,0.0,0.0,0.0,0.0,0.0
-12.411542,-1.3982137,-2.7485435,0.0,0.0,0.0,0.0,0.0,0.0
-12.411542,-1.3982137,-2.7485435,0.0,0.0,0.0,0.0,0.0,0.0
-14.537593,-1.5035586,-3.169923,0.0,0.0,0.0,0.0,0.0,0.0
-14.537593,-1.5035586,-3.169923,0.0,0.0,0.0,0.0,0.0,0.0
-15.801731,-1.5897499,-2.882619,0.0,0.0,0.0,0.0,0.0,0.0
-15.801731,-1.5897499,-2.882619,0.0,0.0,0.0,0.0,0.0,0.0
-12.966996,-0.40222588,-0.7374141,0.0,0.0,0.0,0.0,0.0,0.0
-12.966996,-0.40222588,-0.7374141,0.0,0.0,0.0,0.0,0.0,0.0
-11.654974,0.23942018,0.02873042,0.0,0.0,0.0,0.0,0.0,0.0
-11.654974,0.23942018,0.02873042,0.0,0.0,0.0,0.0,0.0,0.0
-11.070788,0.48841715,0.37349546,0.0,0.0,0.0,0.0,0.0,0.0
-11.070788,0.48841715,0.37349546,0.0,0.0,0.0,0.0,0.0,0.0
-10.67814,0.15322891,0.36391866,0.0,0.0,0.0,0.0,0.0,0.0
-10.67814,0.15322891,0.36391866,0.0,0.0,0.0,0.0,0.0,0.0
-10.43872,0.095768064,0.38307226,0.0,0.0,0.0,0.0,0.0,0.0
-10.43872,0.095768064,0.38307226,0.0,0.0,0.0,0.0,0.0,0.0
-9.5385,-0.019153614,0.32561144,0.0,0.0,0.0,0.0,0.0,0.0
-9.5385,-0.019153614,0.32561144,0.0,0.0,0.0,0.0,0.0,0.0
-7.565677,-0.47884035,-0.2681506,0.0,0.0,0.0,0.0,0.0,0.0
-7.565677,-0.47884035,-0.2681506,0.0,0.0,0.0,0.0,0.0,0.0
-7.565677,-0.47884035,-0.2681506,0.0,0.0,0.0,0.0,0.0,0.0
-11.405977,1.5897499,-3.371036,0.0,0.0,0.0,0.0,0.0,0.0
-11.405977,1.5897499,-3.371036,0.0,0.0,0.0,0.0,0.0,0.0
-11.262324,1.0630256,-3.6008794,0.0,0.0,0.0,0.0,0.0,0.0
-11.262324,1.0630256,-3.6008794,0.0,0.0,0.0,0.0,0.0,0.0
-10.754754,0.45968673,-3.9073372,0.0,0.0,0.0,0.0,0.0,0.0
-10.754754,0.45968673,-3.9073372,0.0,0.0,0.0,0.0,0.0,0.0
-10.362105,0.05746084,-4.2425256,0.0,0.0,0.0,0.0,0.0,0.0
-10.362105,0.05746084,-4.2425256,0.0,0.0,0.0,0.0,0.0,0.0
-11.15698,0.2681506,-4.8841715,0.0,0.0,0.0,0.0,0.0,0.0
-11.15698,0.2681506,-4.8841715,0.0,0.0,0.0,0.0,0.0,0.0
-11.597513,0.34476504,-4.5394063,0.0,0.0,0.0,0.0,0.0,0.0
-11.597513,0.34476504,-4.5394063,0.0,0.0,0.0,0.0,0.0,0.0
-11.204864,0.12449849,-3.514688,0.0,0.0,0.0,0.0,0.0,0.0
-11.204864,0.12449849,-3.514688,0.0,0.0,0.0,0.0,0.0,0.0
-11.597513,-0.23942018,-1.9728222,0.0,0.0,0.0,0.0,0.0,0.0
-11.597513,-0.23942018,-1.9728222,0.0,0.0,0.0,0.0,0.0,0.0
-11.999739,-0.22026655,-1.388637,0.0,0.0,0.0,0.0,0.0,0.0
-11.999739,-0.22026655,-1.388637,0.0,0.0,0.0,0.0,0.0,0.0
-11.903971,-0.10534488,-0.2777274,0.0,0.0,0.0,0.0,0.0,0.0
-11.903971,-0.10534488,-0.2777274,0.0,0.0,0.0,0.0,0.0,0.0
-11.482592,-0.10534488,0.60333884,0.0,0.0,0.0,0.0,0.0,0.0
-11.482592,-0.10534488,0.60333884,0.0,0.0,0.0,0.0,0.0,0.0
-10.582372,0.32561144,0.9959879,0.0,0.0,0.0,0.0,0.0,0.0
-9.911995,0.39264908,0.4309563,0.0,0.0,0.0,0.0,0.0,0.0
-9.911995,0.39264908,0.4309563,0.0,0.0,0.0,0.0,0.0,0.0
-9.308656,-0.076614454,-0.37349546,0.0,0.0,0.0,0.0,0.0,0.0
-9.308656,-0.076614454,-0.37349546,0.0,0.0,0.0,0.0,0.0,0.0
-7.73806,-0.7278373,-2.96881,0.0,0.0,0.0,0.0,0.0,0.0
-7.73806,-0.7278373,-2.96881,0.0,0.0,0.0,0.0,0.0,0.0
-6.694188,-0.1436521,-3.9839516,0.0,0.0,0.0,0.0,0.0,0.0
-6.694188,-0.1436521,-3.9839516,0.0,0.0,0.0,0.0,0.0,0.0
-6.0238113,0.6512229,-4.7979803,0.0,0.0,0.0,0.0,0.0,0.0
-6.0238113,0.6512229,-4.7979803,0.0,0.0,0.0,0.0,0.0,0.0
-6.3111157,1.2066777,-5.1235914,0.0,0.0,0.0,0.0,0.0,0.0
-6.3111157,1.2066777,-5.1235914,0.0,0.0,0.0,0.0,0.0,0.0
-7.297527,0.12449849,-2.2601264,0.0,0.0,0.0,0.0,0.0,0.0
-7.297527,0.12449849,-2.2601264,0.0,0.0,0.0,0.0,0.0,0.0
-7.6614456,-0.641646,-1.3694834,0.0,0.0,0.0,0.0,0.0,0.0
-7.6614456,-0.641646,-1.3694834,0.0,0.0,0.0,0.0,0.0,0.0
-7.8625584,-1.3694834,-0.92895025,0.0,0.0,0.0,0.0,0.0,0.0
-7.8625584,-1.3694834,-0.92895025,0.0,0.0,0.0,0.0,0.0,0.0
-7.920019,-2.5187001,-1.0055647,0.0,0.0,0.0,0.0,0.0,0.0
-7.920019,-2.5187001,-1.0055647,0.0,0.0,0.0,0.0,0.0,0.0
-7.920019,-2.528277,-1.2162545,0.0,0.0,0.0,0.0,0.0,0.0
-7.9966335,-2.2026656,-1.8483237,0.0,0.0,0.0,0.0,0.0,0.0
-7.9966335,-2.2026656,-1.8483237,0.0,0.0,0.0,0.0,0.0,0.0
-8.264784,-1.8483237,-2.7581203,0.0,0.0,0.0,0.0,0.0,0.0
-8.264784,-1.8483237,-2.7581203,0.0,0.0,0.0,0.0,0.0,0.0
-9.193734,0.16280572,-6.2728086,0.0,0.0,0.0,0.0,0.0,0.0
-9.193734,0.16280572,-6.2728086,0.0,0.0,0.0,0.0,0.0,0.0
-10.28549,1.9536686,-10.160992,0.0,0.0,0.0,0.0,0.0,0.0
-10.28549,1.9536686,-10.160992,0.0,0.0,0.0,0.0,0.0,0.0
-11.894394,3.9264908,-13.838486,0.0,0.0,0.0,0.0,0.0,0.0
-11.894394,3.9264908,-13.838486,0.0,0.0,0.0,0.0,0.0,0.0
-9.461885,3.3039982,-5.6120086,0.0,0.0,0.0,0.0,0.0,0.0
-9.461885,3.3039982,-5.6120086,0.0,0.0,0.0,0.0,0.0,0.0
-9.950302,1.3503298,-3.1507695,0.0,0.0,0.0,0.0,0.0,0.0
-9.950302,1.3503298,-3.1507695,0.0,0.0,0.0,0.0,0.0,0.0
-10.94629,0.0,-0.8523358,0.0,0.0,0.0,0.0,0.0,0.0
-10.94629,0.0,-0.8523358,0.0,0.0,0.0,0.0,0.0,0.0
-11.587936,-0.08619126,0.24899697,0.0,0.0,0.0,0.0,0.0,0.0
-11.587936,-0.08619126,0.24899697,0.0,0.0,0.0,0.0,0.0,0.0
-11.664551,0.2873042,0.18195933,0.0,0.0,0.0,0.0,0.0,0.0
-12.248735,0.18195933,-0.37349546,0.0,0.0,0.0,0.0,0.0,0.0
-12.248735,0.18195933,-0.37349546,0.0,0.0,0.0,0.0,0.0,0.0
-12.191275,0.25857377,-1.0821792,0.0,0.0,0.0,0.0,0.0,0.0
-12.191275,0.25857377,-1.0821792,0.0,0.0,0.0,0.0,0.0,0.0
-11.520899,0.58418524,-1.541866,0.0,0.0,0.0,0.0,0.0,0.0
-11.520899,0.58418524,-1.541866,0.0,0.0,0.0,0.0,0.0,0.0
-11.348516,1.7717092,-0.61291564,0.0,0.0,0.0,0.0,0.0,0.0
-11.348516,1.7717092,-0.61291564,0.0,0.0,0.0,0.0,0.0,0.0
-11.109096,1.1875241,-0.2873042,0.0,0.0,0.0,0.0,0.0,0.0
-11.109096,1.1875241,-0.2873042,0.0,0.0,0.0,0.0,0.0,0.0
-10.0748005,0.19153613,-0.24899697,0.0,0.0,0.0,0.0,0.0,0.0
-10.0748005,0.19153613,-0.24899697,0.0,0.0,0.0,0.0,0.0,0.0
-7.5561004,-0.35434186,-0.5746084,0.0,0.0,0.0,0.0,0.0,0.0
-7.5561004,-0.35434186,-0.5746084,0.0,0.0,0.0,0.0,0.0,0.0
-6.6846113,-0.34476504,-1.1013328,0.0,0.0,0.0,0.0,0.0,0.0
-6.6846113,-0.34476504,-1.1013328,0.0,0.0,0.0,0.0,0.0,0.0
-6.397307,-0.35434186,-1.5705963,0.0,0.0,0.0,0.0,0.0,0.0
-6.397307,-0.35434186,-1.5705963,0.0,0.0,0.0,0.0,0.0,0.0
-6.397307,-0.34476504,-1.733402,0.0,0.0,0.0,0.0,0.0,0.0
-6.397307,-0.34476504,-1.733402,0.0,0.0,0.0,0.0,0.0,0.0
-6.588843,-0.58418524,-1.8004397,0.0,0.0,0.0,0.0,0.0,0.0
-6.588843,-0.58418524,-1.8004397,0.0,0.0,0.0,0.0,0.0,0.0
-7.029376,-0.7278373,-1.8579005,0.0,0.0,0.0,0.0,0.0,0.0
-7.565677,-0.9576807,-2.0015526,0.0,0.0,0.0,0.0,0.0,0.0
-7.565677,-0.9576807,-2.0015526,0.0,0.0,0.0,0.0,0.0,0.0
-8.494628,-1.4748282,-2.681506,0.0,0.0,0.0,0.0,0.0,0.0
-8.494628,-1.4748282,-2.681506,0.0,0.0,0.0,0.0,0.0,0.0
-8.695741,-1.532289,-2.882619,0.0,0.0,0.0,0.0,0.0,0.0
-8.695741,-1.532289,-2.882619,0.0,0.0,0.0,0.0,0.0,0.0
-8.954314,-1.340753,-2.9592333,0.0,0.0,0.0,0.0,0.0,0.0
-8.954314,-1.340753,-2.9592333,0.0,0.0,0.0,0.0,0.0,0.0
-9.404425,-0.94810385,-3.0358477,0.0,0.0,0.0,0.0,0.0,0.0
-9.404425,-0.94810385,-3.0358477,0.0,0.0,0.0,0.0,0.0,0.0
-11.587936,-0.38307226,-3.667917,0.0,0.0,0.0,0.0,0.0,0.0
-11.587936,-0.38307226,-3.667917,0.0,0.0,0.0,0.0,0.0,0.0
-12.631808,-0.34476504,-4.050989,0.0,0.0,0.0,0.0,0.0,0.0
-12.631808,-0.34476504,-4.050989,0.0,0.0,0.0,0.0,0.0,0.0
-12.756307,-0.10534488,-4.3957543,0.0,0.0,0.0,0.0,0.0,0.0
-12.756307,-0.10534488,-4.3957543,0.0,0.0,0.0,0.0,0.0,0.0
-12.11466,1.0342951,-4.6351743,0.0,0.0,0.0,0.0,0.0,0.0
-12.11466,1.0342951,-4.6351743,0.0,0.0,0.0,0.0,0.0,0.0
-12.947843,1.1779473,-5.267244,0.0,0.0,0.0,0.0,0.0,0.0
-12.947843,1.1779473,-5.267244,0.0,0.0,0.0,0.0,0.0,0.0
-13.512875,0.81402856,-6.244078,0.0,0.0,0.0,0.0,0.0,0.0
-13.512875,0.81402856,-6.244078,0.0,0.0,0.0,0.0,0.0,0.0
-12.229582,0.39264908,-6.579266,0.0,0.0,0.0,0.0,0.0,0.0
-12.229582,0.39264908,-6.579266,0.0,0.0,0.0,0.0,0.0,0.0
-9.222465,0.37349546,-4.0892963,0.0,0.0,0.0,0.0,0.0,0.0
-9.222465,0.37349546,-4.0892963,0.0,0.0,0.0,0.0,0.0,0.0
-9.864111,0.0,-3.5242648,0.0,0.0,0.0,0.0,0.0,0.0
-9.864111,0.0,-3.5242648,0.0,0.0,0.0,0.0,0.0,0.0
-10.879252,-0.29688102,-2.6719291,0.0,0.0,0.0,0.0,0.0,0.0
-10.879252,-0.29688102,-2.6719291,0.0,0.0,0.0,0.0,0.0,0.0
-13.484144,-0.91937345,-1.6472107,0.0,0.0,0.0,0.0,0.0,0.0
-13.484144,-0.91937345,-1.6472107,0.0,0.0,0.0,0.0,0.0,0.0
-14.5759,-1.8674773,-1.3024458,0.0,0.0,0.0,0.0,0.0,0.0
-14.5759,-1.8674773,-1.3024458,0.0,0.0,0.0,0.0,0.0,0.0
-12.938266,-2.2122424,-0.4309563,0.0,0.0,0.0,0.0,0.0,0.0
-12.938266,-2.2122424,-0.4309563,0.0,0.0,0.0,0.0,0.0,0.0
-10.773908,-2.0207062,-0.019153614,0.0,0.0,0.0,0.0,0.0,0.0
-10.773908,-2.0207062,-0.019153614,0.0,0.0,0.0,0.0,0.0,0.0
-7.086837,-1.2354081,0.06703765,0.0,0.0,0.0,0.0,0.0,0.0
-7.086837,-1.2354081,0.06703765,0.0,0.0,0.0,0.0,0.0,0.0
-6.081272,-0.93852705,-0.7565677,0.0,0.0,0.0,0.0,0.0,0.0
-6.081272,-0.93852705,-0.7565677,0.0,0.0,0.0,0.0,0.0,0.0
-5.544971,-0.34476504,-1.8004397,0.0,0.0,0.0,0.0,0.0,0.0
-5.544971,-0.34476504,-1.8004397,0.0,0.0,0.0,0.0,0.0,0.0
-4.367024,0.33518824,-3.1316159,0.0,0.0,0.0,0.0,0.0,0.0
-4.367024,0.33518824,-3.1316159,0.0,0.0,0.0,0.0,0.0,0.0
-4.185065,0.4309563,-3.2561142,0.0,0.0,0.0,0.0,0.0,0.0
-4.185065,0.4309563,-3.2561142,0.0,0.0,0.0,0.0,0.0,0.0
-3.9839516,0.30645782,-2.719813,0.0,0.0,0.0,0.0,0.0,0.0
-3.9839516,0.30645782,-2.719813,0.0,0.0,0.0,0.0,0.0,0.0
-4.4723687,0.1340753,-1.934515,0.0,0.0,0.0,0.0,0.0,0.0
-4.4723687,0.1340753,-1.934515,0.0,0.0,0.0,0.0,0.0,0.0
-6.167464,-0.10534488,-0.9672575,0.0,0.0,0.0,0.0,0.0,0.0
-7.3071036,0.16280572,-0.5554548,0.0,0.0,0.0,0.0,0.0,0.0
-7.3071036,0.16280572,-0.5554548,0.0,0.0,0.0,0.0,0.0,0.0
-8.303091,0.5363012,-0.6991069,0.0,0.0,0.0,0.0,0.0,0.0
-8.303091,0.5363012,-0.6991069,0.0,0.0,0.0,0.0,0.0,0.0
-10.630256,1.0821792,-2.2409728,0.0,0.0,0.0,0.0,0.0,0.0
-10.630256,1.0821792,-2.2409728,0.0,0.0,0.0,0.0,0.0,0.0
-12.181698,1.8195933,-4.2042184,0.0,0.0,0.0,0.0,0.0,0.0
-12.181698,1.8195933,-4.2042184,0.0,0.0,0.0,0.0,0.0,0.0
-14.882358,3.8307228,-12.785037,0.0,0.0,0.0,0.0,0.0,0.0
-14.882358,3.8307228,-12.785037,0.0,0.0,0.0,0.0,0.0,0.0
-15.380352,7.1634517,-19.603724,0.0,0.0,0.0,0.0,0.0,0.0
-15.380352,7.1634517,-19.603724,0.0,0.0,0.0,0.0,0.0,0.0
-8.418014,1.0055647,-3.0933087,0.0,0.0,0.0,0.0,0.0,0.0
-8.418014,1.0055647,-3.0933087,0.0,0.0,0.0,0.0,0.0,0.0
-10.486604,0.29688102,-2.135628,0.0,0.0,0.0,0.0,0.0,0.0
-10.486604,0.29688102,-2.135628,0.0,0.0,0.0,0.0,0.0,0.0
-12.038046,-0.8714894,-1.3024458,0.0,0.0,0.0,0.0,0.0,0.0
-12.038046,-0.8714894,-1.3024458,0.0,0.0,0.0,0.0,0.0,0.0
-11.501745,-1.6472107,-0.5554548,0.0,0.0,0.0,0.0,0.0,0.0
-11.501745,-1.6472107,-0.5554548,0.0,0.0,0.0,0.0,0.0,0.0
-8.7532015,-1.8579005,-1.292869,0.0,0.0,0.0,0.0,0.0,0.0
-8.7532015,-1.8579005,-1.292869,0.0,0.0,0.0,0.0,0.0,0.0
-10.228029,-1.4460979,-1.5897499,0.0,0.0,0.0,0.0,0.0,0.0
-10.228029,-1.4460979,-1.5897499,0.0,0.0,0.0,0.0,0.0,0.0
-12.497733,-0.92895025,-1.8483237,0.0,0.0,0.0,0.0,0.0,0.0
-12.497733,-0.92895025,-1.8483237,0.0,0.0,0.0,0.0,0.0,0.0
-13.397953,0.1340753,-0.81402856,0.0,0.0,0.0,0.0,0.0,0.0
-13.397953,0.1340753,-0.81402856,0.0,0.0,0.0,0.0,0.0,0.0
-12.401965,0.7661445,0.038307227,0.0,0.0,0.0,0.0,0.0,0.0
-12.401965,0.7661445,0.038307227,0.0,0.0,0.0,0.0,0.0,0.0
-11.329363,1.1013328,0.7374141,0.0,0.0,0.0,0.0,0.0,0.0
-11.329363,1.1013328,0.7374141,0.0,0.0,0.0,0.0,0.0,0.0
-9.940725,1.0055647,0.8810662,0.0,0.0,0.0,0.0,0.0,0.0
-9.940725,1.0055647,0.8810662,0.0,0.0,0.0,0.0,0.0,0.0
-7.680599,0.32561144,-0.25857377,0.0,0.0,0.0,0.0,0.0,0.0
-7.680599,0.32561144,-0.25857377,0.0,0.0,0.0,0.0,0.0,0.0
-7.0581064,0.038307227,-1.0534488,0.0,0.0,0.0,0.0,0.0,0.0
-6.205771,0.0,-1.5035586,0.0,0.0,0.0,0.0,0.0,0.0
-6.205771,0.0,-1.5035586,0.0,0.0,0.0,0.0,0.0,0.0
-6.205771,0.0,-1.5035586,0.0,0.0,0.0,0.0,0.0,0.0
-4.9895163,-0.5746084,-1.8291701,0.0,0.0,0.0,0.0,0.0,0.0
-5.00867,-0.94810385,-2.135628,0.0,0.0,0.0,0.0,0.0,0.0
-5.00867,-0.94810385,-2.135628,0.0,0.0,0.0,0.0,0.0,0.0
-5.3821654,-1.3024458,-2.4229321,0.0,0.0,0.0,0.0,0.0,0.0
-5.3821654,-1.3024458,-2.4229321,0.0,0.0,0.0,0.0,0.0,0.0
-6.042965,-1.5227122,-2.719813,0.0,0.0,0.0,0.0,0.0,0.0
-6.042965,-1.5227122,-2.719813,0.0,0.0,0.0,0.0,0.0,0.0
-8.1881695,-1.1587936,-3.41892,0.0,0.0,0.0,0.0,0.0,0.0
-8.1881695,-1.1587936,-3.41892,0.0,0.0,0.0,0.0,0.0,0.0
-9.059659,-0.59376204,-3.9839516,0.0,0.0,0.0,0.0,0.0,0.0
-9.059659,-0.59376204,-3.9839516,0.0,0.0,0.0,0.0,0.0,0.0
-9.988609,-0.02873042,-4.3478703,0.0,0.0,0.0,0.0,0.0,0.0
-9.988609,-0.02873042,-4.3478703,0.0,0.0,0.0,0.0,0.0,0.0
-9.988609,-0.02873042,-4.3478703,0.0,0.0,0.0,0.0,0.0,0.0
-11.654974,0.5746084,-5.305551,0.0,0.0,0.0,0.0,0.0,0.0
-11.654974,0.5746084,-5.305551,0.0,0.0,0.0,0.0,0.0,0.0
-13.062764,1.0151415,-6.081272,0.0,0.0,0.0,0.0,0.0,0.0
-13.062764,1.0151415,-6.081272,0.0,0.0,0.0,0.0,0.0,0.0
-13.369223,1.4077905,-6.1866174,0.0,0.0,0.0,0.0,0.0,0.0
-13.369223,1.4077905,-6.1866174,0.0,0.0,0.0,0.0,0.0,0.0
-13.302185,1.934515,-6.5984197,0.0,0.0,0.0,0.0,0.0,0.0
-13.302185,1.934515,-6.5984197,0.0,0.0,0.0,0.0,0.0,0.0
-13.627796,2.0685902,-7.2304893,0.0,0.0,0.0,0.0,0.0,0.0
-13.627796,2.0685902,-7.2304893,0.0,0.0,0.0,0.0,0.0,0.0
-13.062764,1.7525556,-7.73806,0.0,0.0,0.0,0.0,0.0,0.0
-13.062764,1.7525556,-7.73806,0.0,0.0,0.0,0.0,0.0,0.0
-10.6877165,1.6184803,-5.9567738,0.0,0.0,0.0,0.0,0.0,0.0
-10.6877165,1.6184803,-5.9567738,0.0,0.0,0.0,0.0,0.0,0.0
-9.088389,1.532289,-4.462792,0.0,0.0,0.0,0.0,0.0,0.0
-9.088389,1.532289,-4.462792,0.0,0.0,0.0,0.0,0.0,0.0
-9.835381,1.2354081,-2.585738,0.0,0.0,0.0,0.0,0.0,0.0
-10.955867,1.0342951,-1.5993267,0.0,0.0,0.0,0.0,0.0,0.0
-10.955867,1.0342951,-1.5993267,0.0,0.0,0.0,0.0,0.0,0.0
-12.018892,0.641646,-0.90021986,0.0,0.0,0.0,0.0,0.0,0.0
-12.018892,0.641646,-0.90021986,0.0,0.0,0.0,0.0,0.0,0.0
-12.200851,-0.4213795,-0.41180268,0.0,0.0,0.0,0.0,0.0,0.0
-12.200851,-0.4213795,-0.41180268,0.0,0.0,0.0,0.0,0.0,0.0
-10.907983,-2.7485435,-0.7469909,0.0,0.0,0.0,0.0,0.0,0.0
-10.907983,-2.7485435,-0.7469909,0.0,0.0,0.0,0.0,0.0,0.0
-9.040505,-2.8634653,-0.7374141,0.0,0.0,0.0,0.0,0.0,0.0
-9.040505,-2.8634653,-0.7374141,0.0,0.0,0.0,0.0,0.0,0.0
-7.4603324,-2.8538885,-0.5267244,0.0,0.0,0.0,0.0,0.0,0.0
-7.4603324,-2.8538885,-0.5267244,0.0,0.0,0.0,0.0,0.0,0.0
-6.0525417,-2.4420857,-0.5554548,0.0,0.0,0.0,0.0,0.0,0.0
-6.0525417,-2.4420857,-0.5554548,0.0,0.0,0.0,0.0,0.0,0.0
-4.903325,-0.9864111,-0.9864111,0.0,0.0,0.0,0.0,0.0,0.0
-4.903325,-0.9864111,-0.9864111,0.0,0.0,0.0,0.0,0.0,0.0
-4.453215,-0.4309563,-1.1300632,0.0,0.0,0.0,0.0,0.0,0.0
-4.453215,-0.4309563,-1.1300632,0.0,0.0,0.0,0.0,0.0,0.0
-4.31914,-0.4405331,-1.4556746,0.0,0.0,0.0,0.0,0.0,0.0
-4.31914,-0.4405331,-1.4556746,0.0,0.0,0.0,0.0,0.0,0.0
-5.410896,-0.8714894,-1.982399,0.0,0.0,0.0,0.0,0.0,0.0
-5.410896,-0.8714894,-1.982399,0.0,0.0,0.0,0.0,0.0,0.0
-5.8226986,-0.6991069,-2.0494366,0.0,0.0,0.0,0.0,0.0,0.0
-6.445191,-0.40222588,-2.2409728,0.0,0.0,0.0,0.0,0.0,0.0
-6.445191,-0.40222588,-2.2409728,0.0,0.0,0.0,0.0,0.0,0.0
-7.2687964,0.17238252,-2.719813,0.0,0.0,0.0,0.0,0.0,0.0
-7.2687964,0.17238252,-2.719813,0.0,0.0,0.0,0.0,0.0,0.0
-9.576807,1.4460979,-3.3997664,0.0,0.0,0.0,0.0,0.0,0.0
-9.576807,1.4460979,-3.3997664,0.0,0.0,0.0,0.0,0.0,0.0
-10.505757,1.9153614,-3.916914,0.0,0.0,0.0,0.0,0.0,0.0
-10.505757,1.9153614,-3.916914,0.0,0.0,0.0,0.0,0.0,0.0
-11.300632,2.9113493,-4.4244847,0.0,0.0,0.0,0.0,0.0,0.0
-11.300632,2.9113493,-4.4244847,0.0,0.0,0.0,0.0,0.0,0.0
-13.464991,4.7500963,-16.232687,0.0,0.0,0.0,0.0,0.0,0.0
-13.464991,4.7500963,-16.232687,0.0,0.0,0.0,0.0,0.0,0.0
-12.306197,5.650316,-18.971655,0.0,0.0,0.0,0.0,0.0,0.0
-12.306197,5.650316,-18.971655,0.0,0.0,0.0,0.0,0.0,0.0
-7.6231384,2.2218192,-7.393295,0.0,0.0,0.0,0.0,0.0,0.0
-7.6231384,2.2218192,-7.393295,0.0,0.0,0.0,0.0,0.0,0.0
-9.615114,0.5554548,-3.5913026,0.0,0.0,0.0,0.0,0.0,0.0
-9.615114,0.5554548,-3.5913026,0.0,0.0,0.0,0.0,0.0,0.0
-13.292608,-1.1683705,-2.7964275,0.0,0.0,0.0,0.0,0.0,0.0
-13.292608,-1.1683705,-2.7964275,0.0,0.0,0.0,0.0,0.0,0.0
-11.597513,-0.8810662,-0.48841715,0.0,0.0,0.0,0.0,0.0,0.0
-11.597513,-0.8810662,-0.48841715,0.0,0.0,0.0,0.0,0.0,0.0
-9.710882,-0.6799533,0.0,0.0,0.0,0.0,0.0,0.0,0.0
-9.710882,-0.6799533,0.0,0.0,0.0,0.0,0.0,0.0,0.0
-9.433155,-1.1013328,-1.5227122,0.0,0.0,0.0,0.0,0.0,0.0
-9.433155,-1.1013328,-1.5227122,0.0,0.0,0.0,0.0,0.0,0.0
-10.649409,-1.0055647,-1.5993267,0.0,0.0,0.0,0.0,0.0,0.0
-10.649409,-1.0055647,-1.5993267,0.0,0.0,0.0,0.0,0.0,0.0
-11.33894,-0.6895301,-1.043872,0.0,0.0,0.0,0.0,0.0,0.0
-11.33894,-0.6895301,-1.043872,0.0,0.0,0.0,0.0,0.0,0.0
-11.21444,-0.30645782,-0.2777274,0.0,0.0,0.0,0.0,0.0,0.0
-10.065224,0.45968673,0.9576807,0.0,0.0,0.0,0.0,0.0,0.0
-10.065224,0.45968673,0.9576807,0.0,0.0,0.0,0.0,0.0,0.0
-10.065224,0.45968673,0.9576807,0.0,0.0,0.0,0.0,0.0,0.0
-9.088389,0.46926352,1.1109096,0.0,0.0,0.0,0.0,0.0,0.0
-7.929596,0.31603462,0.81402856,0.0,0.0,0.0,0.0,0.0,0.0
-7.929596,0.31603462,0.81402856,0.0,0.0,0.0,0.0,0.0,0.0
-6.2632318,0.18195933,-1.0247183,0.0,0.0,0.0,0.0,0.0,0.0
-6.2632318,0.18195933,-1.0247183,0.0,0.0,0.0,0.0,0.0,0.0
-5.707777,0.06703765,-1.6376339,0.0,0.0,0.0,0.0,0.0,0.0
-5.707777,0.06703765,-1.6376339,0.0,0.0,0.0,0.0,0.0,0.0
-5.4204726,-0.05746084,-2.0685902,0.0,0.0,0.0,0.0,0.0,0.0
-5.4204726,-0.05746084,-2.0685902,0.0,0.0,0.0,0.0,0.0,0.0
-5.48751,-0.16280572,-2.5570073,0.0,0.0,0.0,0.0,0.0,0.0
-5.48751,-0.16280572,-2.5570073,0.0,0.0,0.0,0.0,0.0,0.0
-6.397307,-0.32561144,-3.7445314,0.0,0.0,0.0,0.0,0.0,0.0
-6.397307,-0.32561144,-3.7445314,0.0,0.0,0.0,0.0,0.0,0.0
-7.086837,-0.30645782,-3.9935284,0.0,0.0,0.0,0.0,0.0,0.0
-7.086837,-0.30645782,-3.9935284,0.0,0.0,0.0,0.0,0.0,0.0
-7.690176,-0.17238252,-4.10845,0.0,0.0,0.0,0.0,0.0,0.0
-7.690176,-0.17238252,-4.10845,0.0,0.0,0.0,0.0,0.0,0.0
-8.293514,0.076614454,-4.1659107,0.0,0.0,0.0,0.0,0.0,0.0
-8.293514,0.076614454,-4.1659107,0.0,0.0,0.0,0.0,0.0,0.0
-9.825804,0.91937345,-4.7500963,0.0,0.0,0.0,0.0,0.0,0.0
-9.825804,0.91937345,-4.7500963,0.0,0.0,0.0,0.0,0.0,0.0
-10.802638,1.1779473,-5.1523223,0.0,0.0,0.0,0.0,0.0,0.0
-10.802638,1.1779473,-5.1523223,0.0,0.0,0.0,0.0,0.0,0.0
-11.645397,1.1779473,-5.4779334,0.0,0.0,0.0,0.0,0.0,0.0
-12.966996,1.2449849,-6.301539,0.0,0.0,0.0,0.0,0.0,0.0
-12.966996,1.2449849,-6.301539,0.0,0.0,0.0,0.0,0.0,0.0
-13.244724,1.5801731,-6.6846113,0.0,0.0,0.0,0.0,0.0,0.0
-13.244724,1.5801731,-6.6846113,0.0,0.0,0.0,0.0,0.0,0.0
-12.765883,2.087744,-6.7229185,0.0,0.0,0.0,0.0,0.0,0.0
-12.765883,2.087744,-6.7229185,0.0,0.0,0.0,0.0,0.0,0.0
-12.74673,2.6431987,-6.7229185,0.0,0.0,0.0,0.0,0.0,0.0
-12.74673,2.6431987,-6.7229185,0.0,0.0,0.0,0.0,0.0,0.0
-13.139379,2.825158,-6.301539,0.0,0.0,0.0,0.0,0.0,0.0
-13.139379,2.825158,-6.301539,0.0,0.0,0.0,0.0,0.0,0.0
-11.291056,2.528277,-4.9320555,0.0,0.0,0.0,0.0,0.0,0.0
-11.291056,2.528277,-4.9320555,0.0,0.0,0.0,0.0,0.0,0.0
-9.883265,1.8483237,-3.9073372,0.0,0.0,0.0,0.0,0.0,0.0
-9.883265,1.8483237,-3.9073372,0.0,0.0,0.0,0.0,0.0,0.0
-10.055647,0.5267244,-2.8538885,0.0,0.0,0.0,0.0,0.0,0.0
-10.055647,0.5267244,-2.8538885,0.0,0.0,0.0,0.0,0.0,0.0
-10.898406,0.0,-2.1452048,0.0,0.0,0.0,0.0,0.0,0.0
-10.898406,0.0,-2.1452048,0.0,0.0,0.0,0.0,0.0,0.0
-11.923124,-0.80445176,-1.6663644,0.0,0.0,0.0,0.0,0.0,0.0
-11.923124,-0.80445176,-1.6663644,0.0,0.0,0.0,0.0,0.0,0.0
-12.6222315,-1.6376339,-1.3599066,0.0,0.0,0.0,0.0,0.0,0.0
-12.6222315,-1.6376339,-1.3599066,0.0,0.0,0.0,0.0,0.0,0.0
-11.722012,-3.620033,-1.6280571,0.0,0.0,0.0,0.0,0.0,0.0
-9.969456,-4.1946416,-1.3503298,0.0,0.0,0.0,0.0,0.0,0.0
-9.969456,-4.1946416,-1.3503298,0.0,0.0,0.0,0.0,0.0,0.0
-7.038953,-3.6391866,-0.8714894,0.0,0.0,0.0,0.0,0.0,0.0
-7.038953,-3.6391866,-0.8714894,0.0,0.0,0.0,0.0,0.0,0.0
-4.5202527,-1.8483237,-1.1109096,0.0,0.0,0.0,0.0,0.0,0.0
-4.5202527,-1.8483237,-1.1109096,0.0,0.0,0.0,0.0,0.0,0.0
-3.8402996,-0.7182605,-2.0015526,0.0,0.0,0.0,0.0,0.0,0.0
-3.8402996,-0.7182605,-2.0015526,0.0,0.0,0.0,0.0,0.0,0.0
-3.8115692,-0.38307226,-2.873042,0.0,0.0,0.0,0.0,0.0,0.0
-3.8115692,-0.38307226,-2.873042,0.0,0.0,0.0,0.0,0.0,0.0
-3.8498764,-0.5746084,-3.0262709,0.0,0.0,0.0,0.0,0.0,0.0
-3.8498764,-0.5746084,-3.0262709,0.0,0.0,0.0,0.0,0.0,0.0
-4.309563,-0.9576807,-1.934515,0.0,0.0,0.0,0.0,0.0,0.0
-4.309563,-0.9576807,-1.934515,0.0,0.0,0.0,0.0,0.0,0.0
-4.951209,-1.1779473,-1.7908629,0.0,0.0,0.0,0.0,0.0,0.0
-4.951209,-1.1779473,-1.7908629,0.0,0.0,0.0,0.0,0.0,0.0
-5.6215854,-1.0055647,-1.6759412,0.0,0.0,0.0,0.0,0.0,0.0
-5.6215854,-1.0055647,-1.6759412,0.0,0.0,0.0,0.0,0.0,0.0
-8.293514,0.60333884,-1.6184803,0.0,0.0,0.0,0.0,0.0,0.0
-8.293514,0.60333884,-1.6184803,0.0,0.0,0.0,0.0,0.0,0.0
-10.180145,1.6376339,-1.4748282,0.0,0.0,0.0,0.0,0.0,0.0
-10.180145,1.6376339,-1.4748282,0.0,0.0,0.0,0.0,0.0,0.0
-11.089942,2.480393,-1.982399,0.0,0.0,0.0,0.0,0.0,0.0
-11.089942,2.480393,-1.982399,0.0,0.0,0.0,0.0,0.0,0.0
-11.482592,3.0071173,-2.873042,0.0,0.0,0.0,0.0,0.0,0.0
-11.482592,3.0071173,-2.873042,0.0,0.0,0.0,0.0,0.0,0.0
-13.359646,6.129156,-14.087482,0.0,0.0,0.0,0.0,0.0,0.0
-13.359646,6.129156,-14.087482,0.0,0.0,0.0,0.0,0.0,0.0
-14.010868,8.322245,-19.603724,0.0,0.0,0.0,0.0,0.0,0.0
-7.7189064,2.0398598,-10.611102,0.0,0.0,0.0,0.0,0.0,0.0
-7.7189064,2.0398598,-10.611102,0.0,0.0,0.0,0.0,0.0,0.0
-12.957419,-1.9728222,-3.7828386,0.0,0.0,0.0,0.0,0.0,0.0
-12.957419,-1.9728222,-3.7828386,0.0,0.0,0.0,0.0,0.0,0.0
-12.957419,-1.9728222,-3.7828386,0.0,0.0,0.0,0.0,0.0,0.0
-14.422671,-2.633622,-2.7485435,0.0,0.0,0.0,0.0,0.0,0.0
-14.422671,-2.633622,-2.7485435,0.0,0.0,0.0,0.0,0.0,0.0
-12.976573,-2.6623523,-0.15322891,0.0,0.0,0.0,0.0,0.0,0.0
-12.976573,-2.6623523,-0.15322891,0.0,0.0,0.0,0.0,0.0,0.0
-10.907983,-2.7964275,0.08619126,0.0,0.0,0.0,0.0,0.0,0.0
-10.160992,-2.0207062,-1.1971009,0.0,0.0,0.0,0.0,0.0,0.0
-10.160992,-2.0207062,-1.1971009,0.0,0.0,0.0,0.0,0.0,0.0
-10.601525,-0.8810662,-0.92895025,0.0,0.0,0.0,0.0,0.0,0.0
-10.601525,-0.8810662,-0.92895025,0.0,0.0,0.0,0.0,0.0,0.0
-10.70687,0.2873042,-0.41180268,0.0,0.0,0.0,0.0,0.0,0.0
-10.70687,0.2873042,-0.41180268,0.0,0.0,0.0,0.0,0.0,0.0
-10.505757,0.9768343,0.15322891,0.0,0.0,0.0,0.0,0.0,0.0
-10.505757,0.9768343,0.15322891,0.0,0.0,0.0,0.0,0.0,0.0
-9.9790325,1.7142484,0.6991069,0.0,0.0,0.0,0.0,0.0,0.0
-9.9790325,1.7142484,0.6991069,0.0,0.0,0.0,0.0,0.0,0.0
-8.619126,1.532289,0.5746084,0.0,0.0,0.0,0.0,0.0,0.0
-8.619126,1.532289,0.5746084,0.0,0.0,0.0,0.0,0.0,0.0
-7.2783732,1.1492168,-0.038307227,0.0,0.0,0.0,0.0,0.0,0.0
-7.2783732,1.1492168,-0.038307227,0.0,0.0,0.0,0.0,0.0,0.0
-5.497087,0.6607997,-1.4077905,0.0,0.0,0.0,0.0,0.0,0.0
-5.497087,0.6607997,-1.4077905,0.0,0.0,0.0,0.0,0.0,0.0
-4.9703627,0.5746084,-1.5993267,0.0,0.0,0.0,0.0,0.0,0.0
-4.9703627,0.5746084,-1.5993267,0.0,0.0,0.0,0.0,0.0,0.0
-4.6351743,0.41180268,-1.9249382,0.0,0.0,0.0,0.0,0.0,0.0
-4.6351743,0.41180268,-1.9249382,0.0,0.0,0.0,0.0,0.0,0.0
-4.817134,0.1340753,-2.432509,0.0,0.0,0.0,0.0,0.0,0.0
-4.817134,0.1340753,-2.432509,0.0,0.0,0.0,0.0,0.0,0.0
-6.301539,-0.31603462,-3.763685,0.0,0.0,0.0,0.0,0.0,0.0
-6.301539,-0.31603462,-3.763685,0.0,0.0,0.0,0.0,0.0,0.0
-6.9527617,-0.34476504,-4.1946416,0.0,0.0,0.0,0.0,0.0,0.0
-6.9527617,-0.34476504,-4.1946416,0.0,0.0,0.0,0.0,0.0,0.0
-7.383718,-0.2873042,-4.453215,0.0,0.0,0.0,0.0,0.0,0.0
-7.383718,-0.2873042,-4.453215,0.0,0.0,0.0,0.0,0.0,0.0
-9.279925,-0.047884032,-4.7309427,0.0,0.0,0.0,0.0,0.0,0.0
-9.279925,-0.047884032,-4.7309427,0.0,0.0,0.0,0.0,0.0,0.0
-10.505757,0.21068975,-4.8362875,0.0,0.0,0.0,0.0,0.0,0.0
-10.505757,0.21068975,-4.8362875,0.0,0.0,0.0,0.0,0.0,0.0
-11.702858,0.545878,-5.1140146,0.0,0.0,0.0,0.0,0.0,0.0
-11.702858,0.545878,-5.1140146,0.0,0.0,0.0,0.0,0.0,0.0
-11.702858,0.545878,-5.1140146,0.0,0.0,0.0,0.0,0.0,0.0
-13.340492,1.3215994,-5.3821654,0.0,0.0,0.0,0.0,0.0,0.0
-13.340492,1.3215994,-5.3821654,0.0,0.0,0.0,0.0,0.0,0.0
-13.426683,1.5514427,-5.6215854,0.0,0.0,0.0,0.0,0.0,0.0
-13.426683,1.5514427,-5.6215854,0.0,0.0,0.0,0.0,0.0,0.0
-13.464991,1.8962077,-6.8761473,0.0,0.0,0.0,0.0,0.0,0.0
-13.464991,1.8962077,-6.8761473,0.0,0.0,0.0,0.0,0.0,0.0
-14.30775,2.0973208,-7.144298,0.0,0.0,0.0,0.0,0.0,0.0
-13.8959465,1.9632454,-7.2592196,0.0,0.0,0.0,0.0,0.0,0.0
-13.8959465,1.9632454,-7.2592196,0.0,0.0,0.0,0.0,0.0,0.0
-9.653421,1.3599066,-4.606444,0.0,0.0,0.0,0.0,0.0,0.0
-9.653421,1.3599066,-4.606444,0.0,0.0,0.0,0.0,0.0,0.0
-9.050082,0.8331822,-3.9552212,0.0,0.0,0.0,0.0,0.0,0.0
-9.050082,0.8331822,-3.9552212,0.0,0.0,0.0,0.0,0.0,0.0
-9.500193,0.35434186,-3.2752678,0.0,0.0,0.0,0.0,0.0,0.0
-9.500193,0.35434186,-3.2752678,0.0,0.0,0.0,0.0,0.0,0.0
-10.611102,0.06703765,-2.6623523,0.0,0.0,0.0,0.0,0.0,0.0
-10.611102,0.06703765,-2.6623523,0.0,0.0,0.0,0.0,0.0,0.0
-11.9614315,-1.6663644,-1.6280571,0.0,0.0,0.0,0.0,0.0,0.0
-11.9614315,-1.6663644,-1.6280571,0.0,0.0,0.0,0.0,0.0,0.0
-12.334928,-2.767697,-1.7621324,0.0,0.0,0.0,0.0,0.0,0.0
-12.334928,-2.767697,-1.7621324,0.0,0.0,0.0,0.0,0.0,0.0
-11.63582,-4.0318356,-1.5227122,0.0,0.0,0.0,0.0,0.0,0.0
-8.896853,-4.156334,-1.0055647,0.0,0.0,0.0,0.0,0.0,0.0
-8.896853,-4.156334,-1.0055647,0.0,0.0,0.0,0.0,0.0,0.0
-5.7269306,-2.2122424,-0.82360536,0.0,0.0,0.0,0.0,0.0,0.0
-5.7269306,-2.2122424,-0.82360536,0.0,0.0,0.0,0.0,0.0,0.0
-4.8458643,-1.13964,-1.2737153,0.0,0.0,0.0,0.0,0.0,0.0
-4.8458643,-1.13964,-1.2737153,0.0,0.0,0.0,0.0,0.0,0.0
-4.3957543,0.038307227,-2.1164744,0.0,0.0,0.0,0.0,0.0,0.0
-4.3957543,0.038307227,-2.1164744,0.0,0.0,0.0,0.0,0.0,0.0
-4.050989,0.40222588,-3.1028855,0.0,0.0,0.0,0.0,0.0,0.0
-4.050989,0.40222588,-3.1028855,0.0,0.0,0.0,0.0,0.0,0.0
-4.050989,0.08619126,-2.6910827,0.0,0.0,0.0,0.0,0.0,0.0
-4.050989,0.08619126,-2.6910827,0.0,0.0,0.0,0.0,0.0,0.0
-4.0797195,-0.05746084,-2.030283,0.0,0.0,0.0,0.0,0.0,0.0
-4.0797195,-0.05746084,-2.030283,0.0,0.0,0.0,0.0,0.0,0.0
-4.2904096,-0.38307226,-1.6472107,0.0,0.0,0.0,0.0,0.0,0.0
-4.2904096,-0.38307226,-1.6472107,0.0,0.0,0.0,0.0,0.0,0.0
-6.6750345,-0.24899697,-1.1779473,0.0,0.0,0.0,0.0,0.0,0.0
-8.446744,0.6991069,-1.388637,0.0,0.0,0.0,0.0,0.0,0.0
-8.446744,0.6991069,-1.388637,0.0,0.0,0.0,0.0,0.0,0.0
-10.199299,1.9249382,-1.2354081,0.0,0.0,0.0,0.0,0.0,0.0
-10.199299,1.9249382,-1.2354081,0.0,0.0,0.0,0.0,0.0,0.0
-12.459426,2.834735,-3.2561142,0.0,0.0,0.0,0.0,0.0,0.0
-12.459426,2.834735,-3.2561142,0.0,0.0,0.0,0.0,0.0,0.0
-12.947843,3.7828386,-6.5505357,0.0,0.0,0.0,0.0,0.0,0.0
-12.947843,3.7828386,-6.5505357,0.0,0.0,0.0,0.0,0.0,0.0
-14.595054,6.215348,-18.47366,0.0,0.0,0.0,0.0,0.0,0.0
-14.595054,6.215348,-18.47366,0.0,0.0,0.0,0.0,0.0,0.0
-10.103531,6.1004257,-17.927782,0.0,0.0,0.0,0.0,0.0,0.0
-10.103531,6.1004257,-17.927782,0.0,0.0,0.0,0.0,0.0,0.0
-10.869676,-0.82360536,-3.8307228,0.0,0.0,0.0,0.0,0.0,0.0
-10.869676,-0.82360536,-3.8307228,0.0,0.0,0.0,0.0,0.0,0.0
-14.518439,-2.0398598,-3.9073372,0.0,0.0,0.0,0.0,0.0,0.0
-14.518439,-2.0398598,-3.9073372,0.0,0.0,0.0,0.0,0.0,0.0
-14.259866,-2.5378537,-1.1109096,0.0,0.0,0.0,0.0,0.0,0.0
-10.0748005,-2.8538885,-0.12449849,0.0,0.0,0.0,0.0,0.0,0.0
-10.0748005,-2.8538885,-0.12449849,0.0,0.0,0.0,0.0,0.0,0.0
-10.409989,-2.5091233,-0.8714894,0.0,0.0,0.0,0.0,0.0,0.0
-10.409989,-2.5091233,-0.8714894,0.0,0.0,0.0,0.0,0.0,0.0
-10.409989,-2.5091233,-0.8714894,0.0,0.0,0.0,0.0,0.0,0.0
-11.224017,-1.541866,-0.9959879,0.0,0.0,0.0,0.0,0.0,0.0
-11.674128,-0.40222588,-0.5746084,0.0,0.0,0.0,0.0,0.0,0.0
-11.674128,-0.40222588,-0.5746084,0.0,0.0,0.0,0.0,0.0,0.0
-11.271901,1.283292,0.51714754,0.0,0.0,0.0,0.0,0.0,0.0
-11.271901,1.283292,0.51714754,0.0,0.0,0.0,0.0,0.0,0.0
-10.448297,1.5897499,0.8523358,0.0,0.0,0.0,0.0,0.0,0.0
-10.448297,1.5897499,0.8523358,0.0,0.0,0.0,0.0,0.0,0.0
-9.14585,1.3503298,0.7182605,0.0,0.0,0.0,0.0,0.0,0.0
-9.14585,1.3503298,0.7182605,0.0,0.0,0.0,0.0,0.0,0.0
-7.249643,0.48841715,-1.292869,0.0,0.0,0.0,0.0,0.0,0.0
-7.249643,0.48841715,-1.292869,0.0,0.0,0.0,0.0,0.0,0.0
-6.1100025,0.21068975,-1.6950948,0.0,0.0,0.0,0.0,0.0,0.0
-6.1100025,0.21068975,-1.6950948,0.0,0.0,0.0,0.0,0.0,0.0
-5.1140146,-0.047884032,-1.9919758,0.0,0.0,0.0,0.0,0.0,0.0
-5.1140146,-0.047884032,-1.9919758,0.0,0.0,0.0,0.0,0.0,0.0
-4.6926355,-0.18195933,-2.3175871,0.0,0.0,0.0,0.0,0.0,0.0
-4.6926355,-0.18195933,-2.3175871,0.0,0.0,0.0,0.0,0.0,0.0
-4.7309427,-0.4213795,-3.1603463,0.0,0.0,0.0,0.0,0.0,0.0
-5.2480903,-0.4309563,-3.4572272,0.0,0.0,0.0,0.0,0.0,0.0
-5.2480903,-0.4309563,-3.4572272,0.0,0.0,0.0,0.0,0.0,0.0
-6.0238113,-0.4309563,-3.6870706,0.0,0.0,0.0,0.0,0.0,0.0
-6.0238113,-0.4309563,-3.6870706,0.0,0.0,0.0,0.0,0.0,0.0
-7.536947,-0.10534488,-4.261679,0.0,0.0,0.0,0.0,0.0,0.0
-7.536947,-0.10534488,-4.261679,0.0,0.0,0.0,0.0,0.0,0.0
-8.580819,0.21068975,-4.76925,0.0,0.0,0.0,0.0,0.0,0.0
-8.580819,0.21068975,-4.76925,0.0,0.0,0.0,0.0,0.0,0.0
-9.931149,0.49799395,-5.2385135,0.0,0.0,0.0,0.0,0.0,0.0
-9.931149,0.49799395,-5.2385135,0.0,0.0,0.0,0.0,0.0,0.0
-10.955867,0.78529817,-5.3342814,0.0,0.0,0.0,0.0,0.0,0.0
-10.955867,0.78529817,-5.3342814,0.0,0.0,0.0,0.0,0.0,0.0
-13.110648,1.3215994,-5.3247046,0.0,0.0,0.0,0.0,0.0,0.0
-13.110648,1.3215994,-5.3247046,0.0,0.0,0.0,0.0,0.0,0.0
-13.570335,1.6663644,-5.2863975,0.0,0.0,0.0,0.0,0.0,0.0
-13.570335,1.6663644,-5.2863975,0.0,0.0,0.0,0.0,0.0,0.0
-13.541605,2.0590134,-5.2002063,0.0,0.0,0.0,0.0,0.0,0.0
-13.551182,2.5474305,-5.506664,0.0,0.0,0.0,0.0,0.0,0.0
-13.551182,2.5474305,-5.506664,0.0,0.0,0.0,0.0,0.0,0.0
-13.551182,2.5474305,-5.506664,0.0,0.0,0.0,0.0,0.0,0.0
-14.077906,2.0973208,-7.335834,0.0,0.0,0.0,0.0,0.0,0.0
-12.162544,1.2641385,-7.4507556,0.0,0.0,0.0,0.0,0.0,0.0
-12.162544,1.2641385,-7.4507556,0.0,0.0,0.0,0.0,0.0,0.0
-9.5385,0.6703765,-6.3206925,0.0,0.0,0.0,0.0,0.0,0.0
-9.5385,0.6703765,-6.3206925,0.0,0.0,0.0,0.0,0.0,0.0
-8.887277,-0.2777274,-4.644751,0.0,0.0,0.0,0.0,0.0,0.0
-8.887277,-0.2777274,-4.644751,0.0,0.0,0.0,0.0,0.0,0.0
-10.01734,-0.51714754,-3.7253778,0.0,0.0,0.0,0.0,0.0,0.0
-10.01734,-0.51714754,-3.7253778,0.0,0.0,0.0,0.0,0.0,0.0
-11.60709,-0.8331822,-3.074155,0.0,0.0,0.0,0.0,0.0,0.0
-11.60709,-0.8331822,-3.074155,0.0,0.0,0.0,0.0,0.0,0.0
-13.254301,-1.2449849,-2.3463178,0.0,0.0,0.0,0.0,0.0,0.0
-13.254301,-1.2449849,-2.3463178,0.0,0.0,0.0,0.0,0.0,0.0
-12.603078,-3.217807,-1.091756,0.0,0.0,0.0,0.0,0.0,0.0
-12.603078,-3.217807,-1.091756,0.0,0.0,0.0,0.0,0.0,0.0
-10.189722,-3.572149,-0.7086837,0.0,0.0,0.0,0.0,0.0,0.0
-10.189722,-3.572149,-0.7086837,0.0,0.0,0.0,0.0,0.0,0.0
-7.536947,-2.9783869,-0.4405331,0.0,0.0,0.0,0.0,0.0,0.0
-7.536947,-2.9783869,-0.4405331,0.0,0.0,0.0,0.0,0.0,0.0
-5.449203,-1.6472107,-0.36391866,0.0,0.0,0.0,0.0,0.0,0.0
-5.449203,-1.6472107,-0.36391866,0.0,0.0,0.0,0.0,0.0,0.0
-4.357447,-0.6512229,-0.46926352,0.0,0.0,0.0,0.0,0.0,0.0
-3.514688,0.35434186,-1.0247183,0.0,0.0,0.0,0.0,0.0,0.0
-3.514688,0.35434186,-1.0247183,0.0,0.0,0.0,0.0,0.0,0.0
-3.2561142,0.41180268,-1.6567876,0.0,0.0,0.0,0.0,0.0,0.0
-3.2561142,0.41180268,-1.6567876,0.0,0.0,0.0,0.0,0.0,0.0
-4.367024,-1.0534488,-1.9249382,0.0,0.0,0.0,0.0,0.0,0.0
-4.367024,-1.0534488,-1.9249382,0.0,0.0,0.0,0.0,0.0,0.0
-5.133168,-1.1492168,-1.8770541,0.0,0.0,0.0,0.0,0.0,0.0
-5.133168,-1.1492168,-1.8770541,0.0,0.0,0.0,0.0,0.0,0.0
-5.861006,-1.2162545,-1.733402,0.0,0.0,0.0,0.0,0.0,0.0
-5.861006,-1.2162545,-1.733402,0.0,0.0,0.0,0.0,0.0,0.0
-8.015787,-0.05746084,-2.1547816,0.0,0.0,0.0,0.0,0.0,0.0
-8.015787,-0.05746084,-2.1547816,0.0,0.0,0.0,0.0,0.0,0.0
-9.490616,1.1300632,-2.2984335,0.0,0.0,0.0,0.0,0.0,0.0
-9.490616,1.1300632,-2.2984335,0.0,0.0,0.0,0.0,0.0,0.0
-11.358093,2.2984335,-2.681506,0.0,0.0,0.0,0.0,0.0,0.0
-11.358093,2.2984335,-2.681506,0.0,0.0,0.0,0.0,0.0,0.0
-11.84651,3.3901896,-3.6870706,0.0,0.0,0.0,0.0,0.0,0.0
-11.84651,3.3901896,-3.6870706,0.0,0.0,0.0,0.0,0.0,0.0
-13.589489,6.6079965,-16.730682,0.0,0.0,0.0,0.0,0.0,0.0
-13.589489,6.6079965,-16.730682,0.0,0.0,0.0,0.0,0.0,0.0
-11.358093,7.3166804,-19.594147,0.0,0.0,0.0,0.0,0.0,0.0
-5.3725886,2.6048915,-8.580819,0.0,0.0,0.0,0.0,0.0,0.0
-5.3725886,2.6048915,-8.580819,0.0,0.0,0.0,0.0,0.0,0.0
-12.631808,-1.4748282,-4.1659107,0.0,0.0,0.0,0.0,0.0,0.0
-12.631808,-1.4748282,-4.1659107,0.0,0.0,0.0,0.0,0.0,0.0
-14.250289,-2.1739352,-1.6472107,0.0,0.0,0.0,0.0,0.0,0.0
-14.250289,-2.1739352,-1.6472107,0.0,0.0,0.0,0.0,0.0,0.0
-12.5264635,-2.183512,0.90021986,0.0,0.0,0.0,0.0,0.0,0.0
-12.5264635,-2.183512,0.90021986,0.0,0.0,0.0,0.0,0.0,0.0
-10.429143,-2.5953147,0.22026655,0.0,0.0,0.0,0.0,0.0,0.0
-10.429143,-2.5953147,0.22026655,0.0,0.0,0.0,0.0,0.0,0.0
-11.645397,-1.6089035,-0.82360536,0.0,0.0,0.0,0.0,0.0,0.0
-11.645397,-1.6089035,-0.82360536,0.0,0.0,0.0,0.0,0.0,0.0
-12.497733,-0.641646,-0.7469909,0.0,0.0,0.0,0.0,0.0,0.0
-12.497733,-0.641646,-0.7469909,0.0,0.0,0.0,0.0,0.0,0.0
-12.612655,0.4309563,-0.31603462,0.0,0.0,0.0,0.0,0.0,0.0
-12.612655,0.4309563,-0.31603462,0.0,0.0,0.0,0.0,0.0,0.0
-11.109096,2.1068976,0.90021986,0.0,0.0,0.0,0.0,0.0,0.0
-11.109096,2.1068976,0.90021986,0.0,0.0,0.0,0.0,0.0,0.0
-9.873688,2.0015526,0.78529817,0.0,0.0,0.0,0.0,0.0,0.0
-9.873688,2.0015526,0.78529817,0.0,0.0,0.0,0.0,0.0,0.0
-8.714894,1.5801731,-0.06703765,0.0,0.0,0.0,0.0,0.0,0.0
-8.714894,1.5801731,-0.06703765,0.0,0.0,0.0,0.0,0.0,0.0
-7.6231384,1.1109096,-1.3120226,0.0,0.0,0.0,0.0,0.0,0.0
-5.2959743,0.7086837,-2.0015526,0.0,0.0,0.0,0.0,0.0,0.0
-5.2959743,0.7086837,-2.0015526,0.0,0.0,0.0,0.0,0.0,0.0
-4.5681367,0.39264908,-2.2601264,0.0,0.0,0.0,0.0,0.0,0.0
-4.5681367,0.39264908,-2.2601264,0.0,0.0,0.0,0.0,0.0,0.0
-4.3478703,0.08619126,-2.5187001,0.0,0.0,0.0,0.0,0.0,0.0
-4.3478703,0.08619126,-2.5187001,0.0,0.0,0.0,0.0,0.0,0.0
-4.8841715,-0.2873042,-3.3518825,0.0,0.0,0.0,0.0,0.0,0.0
-4.8841715,-0.2873042,-3.3518825,0.0,0.0,0.0,0.0,0.0,0.0
-5.592855,-0.60333884,-3.8881836,0.0,0.0,0.0,0.0,0.0,0.0
-5.592855,-0.60333884,-3.8881836,0.0,0.0,0.0,0.0,0.0,0.0
-6.4068837,-0.82360536,-4.185065,0.0,0.0,0.0,0.0,0.0,0.0
-6.4068837,-0.82360536,-4.185065,0.0,0.0,0.0,0.0,0.0,0.0
-7.1059904,-0.90979666,-4.405331,0.0,0.0,0.0,0.0,0.0,0.0
-7.1059904,-0.90979666,-4.405331,0.0,0.0,0.0,0.0,0.0,0.0
-9.107543,-0.35434186,-4.8458643,0.0,0.0,0.0,0.0,0.0,0.0
-9.107543,-0.35434186,-4.8458643,0.0,0.0,0.0,0.0,0.0,0.0
-10.496181,0.10534488,-4.8267107,0.0,0.0,0.0,0.0,0.0,0.0
-11.9614315,0.51714754,-4.6255975,0.0,0.0,0.0,0.0,0.0,0.0
-11.9614315,0.51714754,-4.6255975,0.0,0.0,0.0,0.0,0.0,0.0
-13.302185,0.90979666,-4.4819455,0.0,0.0,0.0,0.0,0.0,0.0
-13.302185,0.90979666,-4.4819455,0.0,0.0,0.0,0.0,0.0,0.0
-13.685257,1.6759412,-4.4819455,0.0,0.0,0.0,0.0,0.0,0.0
-13.685257,1.6759412,-4.4819455,0.0,0.0,0.0,0.0,0.0,0.0
-13.570335,1.9153614,-5.2002063,0.0,0.0,0.0,0.0,0.0,0.0
-13.570335,1.9153614,-5.2002063,0.0,0.0,0.0,0.0,0.0,0.0
-13.704411,1.9440918,-6.6079965,0.0,0.0,0.0,0.0,0.0,0.0
-13.704411,1.9440918,-6.6079965,0.0,0.0,0.0,0.0,0.0,0.0
-13.177686,1.2545617,-8.8777,0.0,0.0,0.0,0.0,0.0,0.0
-13.177686,1.2545617,-8.8777,0.0,0.0,0.0,0.0,0.0,0.0
-9.969456,1.2162545,-7.374141,0.0,0.0,0.0,0.0,0.0,0.0
-8.101978,1.1587936,-5.707777,0.0,0.0,0.0,0.0,0.0,0.0
-8.101978,1.1587936,-5.707777,0.0,0.0,0.0,0.0,0.0,0.0
-8.485051,0.7757214,-4.8937483,0.0,0.0,0.0,0.0,0.0,0.0
-8.485051,0.7757214,-4.8937483,0.0,0.0,0.0,0.0,0.0,0.0
-11.798626,0.019153614,-3.0071173,0.0,0.0,0.0,0.0,0.0,0.0
-11.798626,0.019153614,-3.0071173,0.0,0.0,0.0,0.0,0.0,0.0
-13.455414,-0.31603462,-2.3463178,0.0,0.0,0.0,0.0,0.0,0.0
-13.455414,-0.31603462,-2.3463178,0.0,0.0,0.0,0.0,0.0,0.0
-13.790602,-1.2066777,-1.5801731,0.0,0.0,0.0,0.0,0.0,0.0
-13.790602,-1.2066777,-1.5801731,0.0,0.0,0.0,0.0,0.0,0.0
-10.342952,-2.873042,-0.8331822,0.0,0.0,0.0,0.0,0.0,0.0
-7.872135,-2.7581203,-0.4213795,0.0,0.0,0.0,0.0,0.0,0.0
-7.872135,-2.7581203,-0.4213795,0.0,0.0,0.0,0.0,0.0,0.0
-5.9280434,-2.327164,-0.10534488,0.0,0.0,0.0,0.0,0.0,0.0
-5.9280434,-2.327164,-0.10534488,0.0,0.0,0.0,0.0,0.0,0.0
-4.912902,-1.6184803,-0.23942018,0.0,0.0,0.0,0.0,0.0,0.0
-4.912902,-1.6184803,-0.23942018,0.0,0.0,0.0,0.0,0.0,0.0
-3.821146,-0.50757074,-0.79487497,0.0,0.0,0.0,0.0,0.0,0.0
-3.821146,-0.50757074,-0.79487497,0.0,0.0,0.0,0.0,0.0,0.0
-3.5434184,-0.10534488,-1.1683705,0.0,0.0,0.0,0.0,0.0,0.0
-3.5434184,-0.10534488,-1.1683705,0.0,0.0,0.0,0.0,0.0,0.0
-3.572149,-0.15322891,-1.8004397,0.0,0.0,0.0,0.0,0.0,0.0
-3.572149,-0.15322891,-1.8004397,0.0,0.0,0.0,0.0,0.0,0.0
-5.0182467,-0.82360536,-2.8060043,0.0,0.0,0.0,0.0,0.0,0.0
-5.0182467,-0.82360536,-2.8060043,0.0,0.0,0.0,0.0,0.0,0.0
-5.9280434,-0.6703765,-2.6719291,0.0,0.0,0.0,0.0,0.0,0.0
-5.9280434,-0.6703765,-2.6719291,0.0,0.0,0.0,0.0,0.0,0.0
-6.9719152,-0.6512229,-2.566584,0.0,0.0,0.0,0.0,0.0,0.0
-6.9719152,-0.6512229,-2.566584,0.0,0.0,0.0,0.0,0.0,0.0
-8.159439,-0.4309563,-2.3654714,0.0,0.0,0.0,0.0,0.0,0.0
-8.159439,-0.4309563,-2.3654714,0.0,0.0,0.0,0.0,0.0,0.0
-10.812215,1.5035586,-2.5761611,0.0,0.0,0.0,0.0,0.0,0.0
-10.812215,1.5035586,-2.5761611,0.0,0.0,0.0,0.0,0.0,0.0
-11.137826,2.528277,-3.169923,0.0,0.0,0.0,0.0,0.0,0.0
-11.137826,2.528277,-3.169923,0.0,0.0,0.0,0.0,0.0,0.0
-11.137826,3.7541082,-5.1906295,0.0,0.0,0.0,0.0,0.0,0.0
-11.137826,3.7541082,-5.1906295,0.0,0.0,0.0,0.0,0.0,0.0
-13.972561,7.4986396,-19.603724,0.0,0.0,0.0,0.0,0.0,0.0
-13.972561,7.4986396,-19.603724,0.0,0.0,0.0,0.0,0.0,0.0
-8.312668,2.6623523,-11.9135475,0.0,0.0,0.0,0.0,0.0,0.0
-8.312668,2.6623523,-11.9135475,0.0,0.0,0.0,0.0,0.0,0.0
-8.312668,2.6623523,-11.9135475,0.0,0.0,0.0,0.0,0.0,0.0
-13.704411,-2.4229321,0.50757074,0.0,0.0,0.0,0.0,0.0,0.0
-13.704411,-2.4229321,0.50757074,0.0,0.0,0.0,0.0,0.0,0.0
-10.486604,-2.7868507,-0.40222588,0.0,0.0,0.0,0.0,0.0,0.0
-9.691729,-2.4133554,-1.3694834,0.0,0.0,0.0,0.0,0.0,0.0
-9.691729,-2.4133554,-1.3694834,0.0,0.0,0.0,0.0,0.0,0.0
-10.055647,-1.6376339,-1.2545617,0.0,0.0,0.0,0.0,0.0,0.0
-10.055647,-1.6376339,-1.2545617,0.0,0.0,0.0,0.0,0.0,0.0
-10.745177,-0.009576807,-0.10534488,0.0,0.0,0.0,0.0,0.0,0.0
-10.697293,0.7278373,0.4213795,0.0,0.0,0.0,0.0,0.0,0.0
-10.697293,0.7278373,0.4213795,0.0,0.0,0.0,0.0,0.0,0.0
-10.496181,1.3311762,0.8619126,0.0,0.0,0.0,0.0,0.0,0.0
-10.496181,1.3311762,0.8619126,0.0,0.0,0.0,0.0,0.0,0.0
-9.528923,1.6759412,1.0726024,0.0,0.0,0.0,0.0,0.0,0.0
-9.528923,1.6759412,1.0726024,0.0,0.0,0.0,0.0,0.0,0.0
-6.6654577,1.4460979,-0.23942018,0.0,0.0,0.0,0.0,0.0,0.0
-6.6654577,1.4460979,-0.23942018,0.0,0.0,0.0,0.0,0.0,0.0
-5.90889,1.13964,-1.3694834,0.0,0.0,0.0,0.0,0.0,0.0
-5.90889,1.13964,-1.3694834,0.0,0.0,0.0,0.0,0.0,0.0
-5.4300494,1.0630256,-1.8674773,0.0,0.0,0.0,0.0,0.0,0.0
-5.4300494,1.0630256,-1.8674773,0.0,0.0,0.0,0.0,0.0,0.0
-5.0278234,0.842759,-2.2888567,0.0,0.0,0.0,0.0,0.0,0.0
-5.0278234,0.842759,-2.2888567,0.0,0.0,0.0,0.0,0.0,0.0
-4.663905,0.47884035,-2.1643584,0.0,0.0,0.0,0.0,0.0,0.0
-4.663905,0.47884035,-2.1643584,0.0,0.0,0.0,0.0,0.0,0.0
-5.1810527,0.20111294,-2.1547816,0.0,0.0,0.0,0.0,0.0,0.0
-5.1810527,0.20111294,-2.1547816,0.0,0.0,0.0,0.0,0.0,0.0
-5.9759274,0.0,-2.4420857,0.0,0.0,0.0,0.0,0.0,0.0
-5.9759274,0.0,-2.4420857,0.0,0.0,0.0,0.0,0.0,0.0
-7.7093296,-0.2777274,-3.4955344,0.0,0.0,0.0,0.0,0.0,0.0
-7.7093296,-0.2777274,-3.4955344,0.0,0.0,0.0,0.0,0.0,0.0
-8.781932,-0.4213795,-3.9552212,0.0,0.0,0.0,0.0,0.0,0.0
-9.816227,-0.30645782,-4.31914,0.0,0.0,0.0,0.0,0.0,0.0
-9.816227,-0.30645782,-4.31914,0.0,0.0,0.0,0.0,0.0,0.0
-9.816227,-0.30645782,-4.31914,0.0,0.0,0.0,0.0,0.0,0.0
-10.888829,0.08619126,-4.5872903,0.0,0.0,0.0,0.0,0.0,0.0
-12.871228,1.1875241,-5.142745,0.0,0.0,0.0,0.0,0.0,0.0
-12.871228,1.1875241,-5.142745,0.0,0.0,0.0,0.0,0.0,0.0
-12.871228,1.1875241,-5.142745,0.0,0.0,0.0,0.0,0.0,0.0
-13.244724,1.7525556,-5.305551,0.0,0.0,0.0,0.0,0.0,0.0
-13.148955,2.087744,-5.439626,0.0,0.0,0.0,0.0,0.0,0.0
-13.148955,2.087744,-5.439626,0.0,0.0,0.0,0.0,0.0,0.0
-12.315774,2.2697031,-6.799533,0.0,0.0,0.0,0.0,0.0,0.0
-12.315774,2.2697031,-6.799533,0.0,0.0,0.0,0.0,0.0,0.0
-12.50731,2.030283,-7.690176,0.0,0.0,0.0,0.0,0.0,0.0
-12.50731,2.030283,-7.690176,0.0,0.0,0.0,0.0,0.0,0.0
-11.664551,1.3215994,-8.178593,0.0,0.0,0.0,0.0,0.0,0.0
-11.664551,1.3215994,-8.178593,0.0,0.0,0.0,0.0,0.0,0.0
-9.864111,0.6895301,-6.981492,0.0,0.0,0.0,0.0,0.0,0.0
-9.864111,0.6895301,-6.981492,0.0,0.0,0.0,0.0,0.0,0.0
-9.174581,-0.076614454,-4.271256,0.0,0.0,0.0,0.0,0.0,0.0
-9.174581,-0.076614454,-4.271256,0.0,0.0,0.0,0.0,0.0,0.0
-11.176133,-0.22984336,-3.3806129,0.0,0.0,0.0,0.0,0.0,0.0
-11.176133,-0.22984336,-3.3806129,0.0,0.0,0.0,0.0,0.0,0.0
-13.034034,-1.0055647,-2.0973208,0.0,0.0,0.0,0.0,0.0,0.0
-14.192827,-2.1643584,-1.0630256,0.0,0.0,0.0,0.0,0.0,0.0
-14.192827,-2.1643584,-1.0630256,0.0,0.0,0.0,0.0,0.0,0.0
-13.43626,-3.2752678,-1.1109096,0.0,0.0,0.0,0.0,0.0,0.0
-13.43626,-3.2752678,-1.1109096,0.0,0.0,0.0,0.0,0.0,0.0
-10.620679,-3.4476504,-0.45968673,0.0,0.0,0.0,0.0,0.0,0.0
-10.620679,-3.4476504,-0.45968673,0.0,0.0,0.0,0.0,0.0,0.0
-8.073248,-2.920926,-0.12449849,0.0,0.0,0.0,0.0,0.0,0.0
-8.073248,-2.920926,-0.12449849,0.0,0.0,0.0,0.0,0.0,0.0
-5.2863975,-1.0534488,-0.12449849,0.0,0.0,0.0,0.0,0.0,0.0
-5.2863975,-1.0534488,-0.12449849,0.0,0.0,0.0,0.0,0.0,0.0
-4.721366,-0.20111294,-0.5363012,0.0,0.0,0.0,0.0,0.0,0.0
-4.721366,-0.20111294,-0.5363012,0.0,0.0,0.0,0.0,0.0,0.0
-4.1276035,0.46926352,-1.091756,0.0,0.0,0.0,0.0,0.0,0.0
-4.1276035,0.46926352,-1.091756,0.0,0.0,0.0,0.0,0.0,0.0
-3.8594532,0.48841715,-1.5610195,0.0,0.0,0.0,0.0,0.0,0.0
-3.8594532,0.48841715,-1.5610195,0.0,0.0,0.0,0.0,0.0,0.0
-4.414908,-0.30645782,-1.6663644,0.0,0.0,0.0,0.0,0.0,0.0
-4.414908,-0.30645782,-1.6663644,0.0,0.0,0.0,0.0,0.0,0.0
-5.2768207,-0.49799395,-1.7621324,0.0,0.0,0.0,0.0,0.0,0.0
-5.2768207,-0.49799395,-1.7621324,0.0,0.0,0.0,0.0,0.0,0.0
-5.8801594,-0.18195933,-1.9728222,0.0,0.0,0.0,0.0,0.0,0.0
-5.8801594,-0.18195933,-1.9728222,0.0,0.0,0.0,0.0,0.0,0.0
-7.7189064,1.6184803,-2.336741,0.0,0.0,0.0,0.0,0.0,0.0
-8.839393,2.327164,-2.432509,0.0,0.0,0.0,0.0,0.0,0.0
-8.839393,2.327164,-2.432509,0.0,0.0,0.0,0.0,0.0,0.0
-9.720459,2.9592333,-3.2752678,0.0,0.0,0.0,0.0,0.0,0.0
-9.720459,2.9592333,-3.2752678,0.0,0.0,0.0,0.0,0.0,0.0
-10.1226845,3.3423057,-4.0892963,0.0,0.0,0.0,0.0,0.0,0.0
-10.1226845,3.3423057,-4.0892963,0.0,0.0,0.0,0.0,0.0,0.0
-12.401965,3.122039,-10.91756,0.0,0.0,0.0,0.0,0.0,0.0
