-3.1890767,-12.555194,-1.0342951,0.0,0.0,0.0,0.0,0.0,0.0
-3.9839516,-12.354081,-1.1300632,0.0,0.0,0.0,0.0,0.0,0.0
-3.9839516,-12.354081,-1.1300632,0.0,0.0,0.0,0.0,0.0,0.0
-4.606444,-11.87524,-1.4460979,0.0,0.0,0.0,0.0,0.0,0.0
-4.606444,-11.87524,-1.4460979,0.0,0.0,0.0,0.0,0.0,0.0
-4.999093,-11.176133,-1.1875241,0.0,0.0,0.0,0.0,0.0,0.0
-4.999093,-11.176133,-1.1875241,0.0,0.0,0.0,0.0,0.0,0.0
-6.167464,-9.758766,-0.4309563,0.0,0.0,0.0,0.0,0.0,0.0
-6.167464,-9.758766,-0.4309563,0.0,0.0,0.0,0.0,0.0,0.0
-6.2823853,-8.935161,-0.641646,0.0,0.0,0.0,0.0,0.0,0.0
-6.2823853,-8.935161,-0.641646,0.0,0.0,0.0,0.0,0.0,0.0
-5.5258174,-7.9487495,-0.6607997,0.0,0.0,0.0,0.0,0.0,0.0
-5.5258174,-7.9487495,-0.6607997,0.0,0.0,0.0,0.0,0.0,0.0
-4.213795,-7.019799,-1.1587936,0.0,0.0,0.0,0.0,0.0,0.0
-4.213795,-7.019799,-1.1587936,0.0,0.0,0.0,0.0,0.0,0.0
-2.4229321,-4.903325,-2.1164744,0.0,0.0,0.0,0.0,0.0,0.0
-1.9057846,-4.31914,-2.3080103,0.0,0.0,0.0,0.0,0.0,0.0
-1.9057846,-4.31914,-2.3080103,0.0,0.0,0.0,0.0,0.0,0.0
-1.7238252,-4.012682,-2.327164,0.0,0.0,0.0,0.0,0.0,0.0
-1.7238252,-4.012682,-2.327164,0.0,0.0,0.0,0.0,0.0,0.0
-1.4939818,-4.1946416,-2.7964275,0.0,0.0,0.0,0.0,0.0,0.0
-1.4939818,-4.1946416,-2.7964275,0.0,0.0,0.0,0.0,0.0,0.0
-1.484405,-4.855441,-3.1411927,0.0,0.0,0.0,0.0,0.0,0.0
-1.484405,-4.855441,-3.1411927,0.0,0.0,0.0,0.0,0.0,0.0
-1.6567876,-5.899313,-3.2082303,0.0,0.0,0.0,0.0,0.0,0.0
-1.6567876,-5.899313,-3.2082303,0.0,0.0,0.0,0.0,0.0,0.0
-1.9919758,-6.8665705,-3.1507695,0.0,0.0,0.0,0.0,0.0,0.0
-1.9919758,-6.8665705,-3.1507695,0.0,0.0,0.0,0.0,0.0,0.0
-3.1507695,-8.743625,-3.6296098,0.0,0.0,0.0,0.0,0.0,0.0
-3.1507695,-8.743625,-3.6296098,0.0,0.0,0.0,0.0,0.0,0.0
-3.8307228,-9.643845,-3.7541082,0.0,0.0,0.0,0.0,0.0,0.0
-3.8307228,-9.643845,-3.7541082,0.0,0.0,0.0,0.0,0.0,0.0
-4.5681367,-10.793061,-3.8307228,0.0,0.0,0.0,0.0,0.0,0.0
-6.1770406,-12.852075,-4.4819455,0.0,0.0,0.0,0.0,0.0,0.0
-6.1770406,-12.852075,-4.4819455,0.0,0.0,0.0,0.0,0.0,0.0
-6.6750345,-12.804191,-4.759673,0.0,0.0,0.0,0.0,0.0,0.0
-6.6750345,-12.804191,-4.759673,0.0,0.0,0.0,0.0,0.0,0.0
-7.029376,-12.066776,-5.5641246,0.0,0.0,0.0,0.0,0.0,0.0
-7.029376,-12.066776,-5.5641246,0.0,0.0,0.0,0.0,0.0,0.0
-7.1251445,-11.482592,-6.435614,0.0,0.0,0.0,0.0,0.0,0.0
-7.1251445,-11.482592,-6.435614,0.0,0.0,0.0,0.0,0.0,0.0
-6.646304,-12.344504,-6.6367273,0.0,0.0,0.0,0.0,0.0,0.0
-6.646304,-12.344504,-6.6367273,0.0,0.0,0.0,0.0,0.0,0.0
-5.4204726,-10.496181,-6.042965,0.0,0.0,0.0,0.0,0.0,0.0
-5.4204726,-10.496181,-6.042965,0.0,0.0,0.0,0.0,0.0,0.0
-4.223372,-8.896853,-4.548983,0.0,0.0,0.0,0.0,0.0,0.0
-4.223372,-8.896853,-4.548983,0.0,0.0,0.0,0.0,0.0,0.0
-3.4859576,-10.055647,-2.8443117,0.0,0.0,0.0,0.0,0.0,0.0
-3.4859576,-10.055647,-2.8443117,0.0,0.0,0.0,0.0,0.0,0.0
-3.466804,-11.147403,-2.2505496,0.0,0.0,0.0,0.0,0.0,0.0
-3.466804,-11.147403,-2.2505496,0.0,0.0,0.0,0.0,0.0,0.0
-3.514688,-12.53604,-1.5993267,0.0,0.0,0.0,0.0,0.0,0.0
-3.514688,-12.53604,-1.5993267,0.0,0.0,0.0,0.0,0.0,0.0
-3.2465374,-14.020445,-1.043872,0.0,0.0,0.0,0.0,0.0,0.0
-1.4939818,-12.392388,-0.32561144,0.0,0.0,0.0,0.0,0.0,0.0
-1.4939818,-12.392388,-0.32561144,0.0,0.0,0.0,0.0,0.0,0.0
-0.19153613,-9.576807,-0.58418524,0.0,0.0,0.0,0.0,0.0,0.0
-0.19153613,-9.576807,-0.58418524,0.0,0.0,0.0,0.0,0.0,0.0
0.095768064,-6.8761473,-1.1109096,0.0,0.0,0.0,0.0,0.0,0.0
0.095768064,-6.8761473,-1.1109096,0.0,0.0,0.0,0.0,0.0,0.0
-0.9768343,-4.10845,-2.6623523,0.0,0.0,0.0,0.0,0.0,0.0
-0.9768343,-4.10845,-2.6623523,0.0,0.0,0.0,0.0,0.0,0.0
-1.3982137,-3.4859576,-2.5953147,0.0,0.0,0.0,0.0,0.0,0.0
-1.3982137,-3.4859576,-2.5953147,0.0,0.0,0.0,0.0,0.0,0.0
-1.9057846,-2.7581203,-2.5378537,0.0,0.0,0.0,0.0,0.0,0.0
-1.9057846,-2.7581203,-2.5378537,0.0,0.0,0.0,0.0,0.0,0.0
-2.1452048,-2.078167,-2.4899697,0.0,0.0,0.0,0.0,0.0,0.0
-2.1452048,-2.078167,-2.4899697,0.0,0.0,0.0,0.0,0.0,0.0
-3.0262709,-3.2465374,-3.6008794,0.0,0.0,0.0,0.0,0.0,0.0
-3.0262709,-3.2465374,-3.6008794,0.0,0.0,0.0,0.0,0.0,0.0
-2.767697,-4.673482,-3.371036,0.0,0.0,0.0,0.0,0.0,0.0
-2.767697,-4.673482,-3.371036,0.0,0.0,0.0,0.0,0.0,0.0
-2.1068976,-6.090849,-2.327164,0.0,0.0,0.0,0.0,0.0,0.0
-3.4380736,-9.193734,-2.96881,0.0,0.0,0.0,0.0,0.0,0.0
-3.4380736,-9.193734,-2.96881,0.0,0.0,0.0,0.0,0.0,0.0
-4.673482,-9.56723,-3.7445314,0.0,0.0,0.0,0.0,0.0,0.0
-4.673482,-9.56723,-3.7445314,0.0,0.0,0.0,0.0,0.0,0.0
-6.157887,-9.337387,-4.5298295,0.0,0.0,0.0,0.0,0.0,0.0
-6.157887,-9.337387,-4.5298295,0.0,0.0,0.0,0.0,0.0,0.0
-6.933608,-10.007763,-4.912902,0.0,0.0,0.0,0.0,0.0,0.0
-6.933608,-10.007763,-4.912902,0.0,0.0,0.0,0.0,0.0,0.0
-8.226477,-11.003751,-12.50731,0.0,0.0,0.0,0.0,0.0,0.0
-8.226477,-11.003751,-12.50731,0.0,0.0,0.0,0.0,0.0,0.0
-9.883265,-8.868123,-18.971655,0.0,0.0,0.0,0.0,0.0,0.0
-9.883265,-8.868123,-18.971655,0.0,0.0,0.0,0.0,0.0,0.0
-4.596867,-6.6654577,-6.167464,0.0,0.0,0.0,0.0,0.0,0.0
-4.596867,-6.6654577,-6.167464,0.0,0.0,0.0,0.0,0.0,0.0
-3.3518825,-10.965444,-2.7006595,0.0,0.0,0.0,0.0,0.0,0.0
-3.3518825,-10.965444,-2.7006595,0.0,0.0,0.0,0.0,0.0,0.0
-2.6048915,-14.231135,-4.673482,0.0,0.0,0.0,0.0,0.0,0.0
-1.6567876,-12.229582,-2.0590134,0.0,0.0,0.0,0.0,0.0,0.0
-1.6567876,-12.229582,-2.0590134,0.0,0.0,0.0,0.0,0.0,0.0
-2.1643584,-11.836933,-1.1013328,0.0,0.0,0.0,0.0,0.0,0.0
-2.1643584,-11.836933,-1.1013328,0.0,0.0,0.0,0.0,0.0,0.0
-3.323152,-11.252748,-1.6376339,0.0,0.0,0.0,0.0,0.0,0.0
-3.323152,-11.252748,-1.6376339,0.0,0.0,0.0,0.0,0.0,0.0
-3.8115692,-11.310209,-1.4556746,0.0,0.0,0.0,0.0,0.0,0.0
-3.8115692,-11.310209,-1.4556746,0.0,0.0,0.0,0.0,0.0,0.0
-4.414908,-11.21444,-1.0247183,0.0,0.0,0.0,0.0,0.0,0.0
-4.414908,-11.21444,-1.0247183,0.0,0.0,0.0,0.0,0.0,0.0
-5.0182467,-10.697293,-0.58418524,0.0,0.0,0.0,0.0,0.0,0.0
-5.0182467,-10.697293,-0.58418524,0.0,0.0,0.0,0.0,0.0,0.0
-5.1140146,-8.781932,-0.6895301,0.0,0.0,0.0,0.0,0.0,0.0
-5.1140146,-8.781932,-0.6895301,0.0,0.0,0.0,0.0,0.0,0.0
-4.2425256,-7.0485296,-0.7278373,0.0,0.0,0.0,0.0,0.0,0.0
-4.2425256,-7.0485296,-0.7278373,0.0,0.0,0.0,0.0,0.0,0.0
-3.2752678,-5.631162,-1.1587936,0.0,0.0,0.0,0.0,0.0,0.0
-1.9919758,-4.2425256,-2.0494366,0.0,0.0,0.0,0.0,0.0,0.0
-1.9919758,-4.2425256,-2.0494366,0.0,0.0,0.0,0.0,0.0,0.0
-7.2113357,-11.520899,-7.3645644,0.0,0.0,0.0,0.0,0.0,0.0
-7.5082164,-12.449849,-7.6231384,0.0,0.0,0.0,0.0,0.0,0.0
-7.5082164,-12.449849,-7.6231384,0.0,0.0,0.0,0.0,0.0,0.0
-7.4124484,-12.804191,-6.9527617,0.0,0.0,0.0,0.0,0.0,0.0
-7.4124484,-12.804191,-6.9527617,0.0,0.0,0.0,0.0,0.0,0.0
-4.654328,-8.42759,-2.719813,0.0,0.0,0.0,0.0,0.0,0.0
-4.654328,-8.42759,-2.719813,0.0,0.0,0.0,0.0,0.0,0.0
-3.9073372,-8.781932,-2.2122424,0.0,0.0,0.0,0.0,0.0,0.0
-3.667917,-10.180145,-1.9249382,0.0,0.0,0.0,0.0,0.0,0.0
-3.667917,-10.180145,-1.9249382,0.0,0.0,0.0,0.0,0.0,0.0
-3.572149,-11.15698,-1.292869,0.0,0.0,0.0,0.0,0.0,0.0
-3.572149,-11.15698,-1.292869,0.0,0.0,0.0,0.0,0.0,0.0
-2.5091233,-14.173674,-0.9576807,0.0,0.0,0.0,0.0,0.0,0.0
-2.5091233,-14.173674,-0.9576807,0.0,0.0,0.0,0.0,0.0,0.0
-1.5035586,-14.60463,-0.641646,0.0,0.0,0.0,0.0,0.0,0.0
-1.5035586,-14.60463,-0.641646,0.0,0.0,0.0,0.0,0.0,0.0
-0.1436521,-13.445837,-0.47884035,0.0,0.0,0.0,0.0,0.0,0.0
-0.1436521,-13.445837,-0.47884035,0.0,0.0,0.0,0.0,0.0,0.0
0.9864111,-10.448297,-0.5267244,0.0,0.0,0.0,0.0,0.0,0.0
0.9864111,-10.448297,-0.5267244,0.0,0.0,0.0,0.0,0.0,0.0
0.019153614,-5.8226986,-1.9249382,0.0,0.0,0.0,0.0,0.0,0.0
0.019153614,-5.8226986,-1.9249382,0.0,0.0,0.0,0.0,0.0,0.0
-0.61291564,-4.7884035,-2.231396,0.0,0.0,0.0,0.0,0.0,0.0
-1.3024458,-4.1180267,-2.480393,0.0,0.0,0.0,0.0,0.0,0.0
-1.3024458,-4.1180267,-2.480393,0.0,0.0,0.0,0.0,0.0,0.0
-2.183512,-2.777274,-1.6376339,0.0,0.0,0.0,0.0,0.0,0.0
-2.183512,-2.777274,-1.6376339,0.0,0.0,0.0,0.0,0.0,0.0
-2.4995465,-3.1603463,-1.4173675,0.0,0.0,0.0,0.0,0.0,0.0
-2.4995465,-3.1603463,-1.4173675,0.0,0.0,0.0,0.0,0.0,0.0
-3.6487634,-3.8402996,-2.815581,0.0,0.0,0.0,0.0,0.0,0.0
-3.6487634,-3.8402996,-2.815581,0.0,0.0,0.0,0.0,0.0,0.0
-4.3287168,-4.5872903,-3.9456444,0.0,0.0,0.0,0.0,0.0,0.0
-4.3287168,-4.5872903,-3.9456444,0.0,0.0,0.0,0.0,0.0,0.0
-2.681506,-6.483498,-2.1547816,0.0,0.0,0.0,0.0,0.0,0.0
-2.681506,-6.483498,-2.1547816,0.0,0.0,0.0,0.0,0.0,0.0
-3.514688,-7.6135616,-2.681506,0.0,0.0,0.0,0.0,0.0,0.0
-3.514688,-7.6135616,-2.681506,0.0,0.0,0.0,0.0,0.0,0.0
-4.261679,-8.178593,-3.3806129,0.0,0.0,0.0,0.0,0.0,0.0
-4.261679,-8.178593,-3.3806129,0.0,0.0,0.0,0.0,0.0,0.0
-6.0621185,-9.289502,-5.544971,0.0,0.0,0.0,0.0,0.0,0.0
-6.0621185,-9.289502,-5.544971,0.0,0.0,0.0,0.0,0.0,0.0
-7.776367,-10.965444,-8.90643,0.0,0.0,0.0,0.0,0.0,0.0
-7.776367,-10.965444,-8.90643,0.0,0.0,0.0,0.0,0.0,0.0
-11.147403,-11.702858,-19.325996,0.0,0.0,0.0,0.0,0.0,0.0
-7.2783732,-8.331821,-13.493721,0.0,0.0,0.0,0.0,0.0,0.0
-7.2783732,-8.331821,-13.493721,0.0,0.0,0.0,0.0,0.0,0.0
-4.10845,-11.549629,-1.9057846,0.0,0.0,0.0,0.0,0.0,0.0
-4.10845,-11.549629,-1.9057846,0.0,0.0,0.0,0.0,0.0,0.0
-3.9264908,-14.518439,-1.0821792,0.0,0.0,0.0,0.0,0.0,0.0
-3.9264908,-14.518439,-1.0821792,0.0,0.0,0.0,0.0,0.0,0.0
-2.6527755,-12.727576,-3.1411927,0.0,0.0,0.0,0.0,0.0,0.0
-2.6527755,-12.727576,-3.1411927,0.0,0.0,0.0,0.0,0.0,0.0
-2.9113493,-12.105083,-1.340753,0.0,0.0,0.0,0.0,0.0,0.0
-2.9113493,-12.105083,-1.340753,0.0,0.0,0.0,0.0,0.0,0.0
-3.6583402,-12.497733,-0.6799533,0.0,0.0,0.0,0.0,0.0,0.0
-3.6583402,-12.497733,-0.6799533,0.0,0.0,0.0,0.0,0.0,0.0
-4.1946416,-12.516887,-1.1587936,0.0,0.0,0.0,0.0,0.0,0.0
-4.1946416,-12.516887,-1.1587936,0.0,0.0,0.0,0.0,0.0,0.0
-4.7788267,-12.018892,-1.2162545,0.0,0.0,0.0,0.0,0.0,0.0
-4.7788267,-12.018892,-1.2162545,0.0,0.0,0.0,0.0,0.0,0.0
-6.0621185,-10.314221,-0.095768064,0.0,0.0,0.0,0.0,0.0,0.0
-6.0621185,-10.314221,-0.095768064,0.0,0.0,0.0,0.0,0.0,0.0
-6.14831,-9.232041,-0.08619126,0.0,0.0,0.0,0.0,0.0,0.0
-5.746084,-8.169016,-0.22026655,0.0,0.0,0.0,0.0,0.0,0.0
-5.746084,-8.169016,-0.22026655,0.0,0.0,0.0,0.0,0.0,0.0
-4.7309427,-7.144298,-0.5746084,0.0,0.0,0.0,0.0,0.0,0.0
-4.7309427,-7.144298,-0.5746084,0.0,0.0,0.0,0.0,0.0,0.0
-2.7389667,-5.094861,-1.541866,0.0,0.0,0.0,0.0,0.0,0.0
-2.7389667,-5.094861,-1.541866,0.0,0.0,0.0,0.0,0.0,0.0
-2.2026656,-4.3382936,-1.8100165,0.0,0.0,0.0,0.0,0.0,0.0
-2.2026656,-4.3382936,-1.8100165,0.0,0.0,0.0,0.0,0.0,0.0
-1.8100165,-3.9360676,-2.0111294,0.0,0.0,0.0,0.0,0.0,0.0
-1.8100165,-3.9360676,-2.0111294,0.0,0.0,0.0,0.0,0.0,0.0
-1.340753,-4.4723687,-2.336741,0.0,0.0,0.0,0.0,0.0,0.0
-1.340753,-4.4723687,-2.336741,0.0,0.0,0.0,0.0,0.0,0.0
-1.3120226,-5.2002063,-2.3463178,0.0,0.0,0.0,0.0,0.0,0.0
-1.3120226,-5.2002063,-2.3463178,0.0,0.0,0.0,0.0,0.0,0.0
-1.340753,-5.650316,-2.3463178,0.0,0.0,0.0,0.0,0.0,0.0
-1.5035586,-6.2823853,-2.6144683,0.0,0.0,0.0,0.0,0.0,0.0
-1.5035586,-6.2823853,-2.6144683,0.0,0.0,0.0,0.0,0.0,0.0
-2.4516625,-8.149862,-3.5051112,0.0,0.0,0.0,0.0,0.0,0.0
-2.4516625,-8.149862,-3.5051112,0.0,0.0,0.0,0.0,0.0,0.0
-3.4572272,-8.983045,-3.821146,0.0,0.0,0.0,0.0,0.0,0.0
-3.4572272,-8.983045,-3.821146,0.0,0.0,0.0,0.0,0.0,0.0
-4.175488,-10.036493,-3.9743748,0.0,0.0,0.0,0.0,0.0,0.0
-4.175488,-10.036493,-3.9743748,0.0,0.0,0.0,0.0,0.0,0.0
-6.205771,-12.5264635,-4.596867,0.0,0.0,0.0,0.0,0.0,0.0
-6.205771,-12.5264635,-4.596867,0.0,0.0,0.0,0.0,0.0,0.0
-6.991069,-12.679692,-5.363012,0.0,0.0,0.0,0.0,0.0,0.0
-6.991069,-12.679692,-5.363012,0.0,0.0,0.0,0.0,0.0,0.0
-7.5082164,-12.26789,-6.2728086,0.0,0.0,0.0,0.0,0.0,0.0
-7.5082164,-12.26789,-6.2728086,0.0,0.0,0.0,0.0,0.0,0.0
-7.6135616,-11.702858,-6.789956,0.0,0.0,0.0,0.0,0.0,0.0
-7.6135616,-11.702858,-6.789956,0.0,0.0,0.0,0.0,0.0,0.0
-6.6654577,-11.779472,-7.441179,0.0,0.0,0.0,0.0,0.0,0.0
-6.0142345,-11.664551,-6.9144545,0.0,0.0,0.0,0.0,0.0,0.0
-6.0142345,-11.664551,-6.9144545,0.0,0.0,0.0,0.0,0.0,0.0
-4.999093,-9.710882,-4.865018,0.0,0.0,0.0,0.0,0.0,0.0
-4.999093,-9.710882,-4.865018,0.0,0.0,0.0,0.0,0.0,0.0
-3.8977604,-9.136273,-2.030283,0.0,0.0,0.0,0.0,0.0,0.0
-3.8977604,-9.136273,-2.030283,0.0,0.0,0.0,0.0,0.0,0.0
-3.7349546,-9.825804,-1.8674773,0.0,0.0,0.0,0.0,0.0,0.0
-3.7349546,-9.825804,-1.8674773,0.0,0.0,0.0,0.0,0.0,0.0
-3.8019924,-10.984597,-1.3215994,0.0,0.0,0.0,0.0,0.0,0.0
-3.8019924,-10.984597,-1.3215994,0.0,0.0,0.0,0.0,0.0,0.0
-3.8402996,-12.143391,-0.81402856,0.0,0.0,0.0,0.0,0.0,0.0
-3.8402996,-12.143391,-0.81402856,0.0,0.0,0.0,0.0,0.0,0.0
-2.528277,-12.938266,-0.38307226,0.0,0.0,0.0,0.0,0.0,0.0
-1.5514427,-11.434708,-0.16280572,0.0,0.0,0.0,0.0,0.0,0.0
-1.5514427,-11.434708,-0.16280572,0.0,0.0,0.0,0.0,0.0,0.0
-0.7086837,-8.925584,-0.79487497,0.0,0.0,0.0,0.0,0.0,0.0
-0.7086837,-8.925584,-0.79487497,0.0,0.0,0.0,0.0,0.0,0.0
-1.2449849,-5.5258174,-1.8674773,0.0,0.0,0.0,0.0,0.0,0.0
-1.2449849,-5.5258174,-1.8674773,0.0,0.0,0.0,0.0,0.0,0.0
-1.7142484,-4.865018,-2.0494366,0.0,0.0,0.0,0.0,0.0,0.0
-1.7142484,-4.865018,-2.0494366,0.0,0.0,0.0,0.0,0.0,0.0
-2.336741,-4.223372,-2.0111294,0.0,0.0,0.0,0.0,0.0,0.0
-2.336741,-4.223372,-2.0111294,0.0,0.0,0.0,0.0,0.0,0.0
-2.528277,-3.6487634,-1.6376339,0.0,0.0,0.0,0.0,0.0,0.0
-2.528277,-3.6487634,-1.6376339,0.0,0.0,0.0,0.0,0.0,0.0
-3.016694,-3.7445314,-1.934515,0.0,0.0,0.0,0.0,0.0,0.0
-3.016694,-3.7445314,-1.934515,0.0,0.0,0.0,0.0,0.0,0.0
-4.156334,-4.0797195,-3.9360676,0.0,0.0,0.0,0.0,0.0,0.0
-4.003105,-4.2999864,-4.5202527,0.0,0.0,0.0,0.0,0.0,0.0
-4.003105,-4.2999864,-4.5202527,0.0,0.0,0.0,0.0,0.0,0.0
-2.767697,-7.824251,-2.3750482,0.0,0.0,0.0,0.0,0.0,0.0
-2.767697,-7.824251,-2.3750482,0.0,0.0,0.0,0.0,0.0,0.0
-3.667917,-9.14585,-3.0933087,0.0,0.0,0.0,0.0,0.0,0.0
-3.667917,-9.14585,-3.0933087,0.0,0.0,0.0,0.0,0.0,0.0
-4.3861775,-9.299079,-4.1946416,0.0,0.0,0.0,0.0,0.0,0.0
-4.3861775,-9.299079,-4.1946416,0.0,0.0,0.0,0.0,0.0,0.0
-5.1523223,-9.548077,-4.951209,0.0,0.0,0.0,0.0,0.0,0.0
-5.1523223,-9.548077,-4.951209,0.0,0.0,0.0,0.0,0.0,0.0
-8.0445175,-12.928689,-17.563864,0.0,0.0,0.0,0.0,0.0,0.0
-8.0445175,-12.928689,-17.563864,0.0,0.0,0.0,0.0,0.0,0.0
-8.542512,-10.103531,-15.524004,0.0,0.0,0.0,0.0,0.0,0.0
-8.542512,-10.103531,-15.524004,0.0,0.0,0.0,0.0,0.0,0.0
-4.146757,-5.746084,-1.7717092,0.0,0.0,0.0,0.0,0.0,0.0
-4.146757,-5.746084,-1.7717092,0.0,0.0,0.0,0.0,0.0,0.0
-4.663905,-8.264784,-0.038307227,0.0,0.0,0.0,0.0,0.0,0.0
-4.213795,-13.685257,-3.3423057,0.0,0.0,0.0,0.0,0.0,0.0
-4.213795,-13.685257,-3.3423057,0.0,0.0,0.0,0.0,0.0,0.0
-3.5051112,-12.516887,-6.799533,0.0,0.0,0.0,0.0,0.0,0.0
-3.5051112,-12.516887,-6.799533,0.0,0.0,0.0,0.0,0.0,0.0
-2.72939,-11.032481,-2.7581203,0.0,0.0,0.0,0.0,0.0,0.0
-2.72939,-11.032481,-2.7581203,0.0,0.0,0.0,0.0,0.0,0.0
-3.7924154,-11.568783,-0.1436521,0.0,0.0,0.0,0.0,0.0,0.0
-3.7924154,-11.568783,-0.1436521,0.0,0.0,0.0,0.0,0.0,0.0
-4.3957543,-11.21444,-0.90021986,0.0,0.0,0.0,0.0,0.0,0.0
-4.3957543,-11.21444,-0.90021986,0.0,0.0,0.0,0.0,0.0,0.0
-5.2385135,-11.042058,-0.94810385,0.0,0.0,0.0,0.0,0.0,0.0
-5.2385135,-11.042058,-0.94810385,0.0,0.0,0.0,0.0,0.0,0.0
-6.0716953,-10.275913,-0.4213795,0.0,0.0,0.0,0.0,0.0,0.0
-6.0716953,-10.275913,-0.4213795,0.0,0.0,0.0,0.0,0.0,0.0
-6.253655,-8.944737,-0.11492168,0.0,0.0,0.0,0.0,0.0,0.0
-6.253655,-8.944737,-0.11492168,0.0,0.0,0.0,0.0,0.0,0.0
-5.3247046,-7.9966335,-0.11492168,0.0,0.0,0.0,0.0,0.0,0.0
-5.3247046,-7.9966335,-0.11492168,0.0,0.0,0.0,0.0,0.0,0.0
-4.060566,-6.7708025,-0.5650316,0.0,0.0,0.0,0.0,0.0,0.0
-4.060566,-6.7708025,-0.5650316,0.0,0.0,0.0,0.0,0.0,0.0
-2.2697031,-5.0661306,-2.327164,0.0,0.0,0.0,0.0,0.0,0.0
-2.2697031,-5.0661306,-2.327164,0.0,0.0,0.0,0.0,0.0,0.0
-1.7238252,-4.5872903,-2.4420857,0.0,0.0,0.0,0.0,0.0,0.0
-1.7238252,-4.5872903,-2.4420857,0.0,0.0,0.0,0.0,0.0,0.0
-1.436521,-4.414908,-2.480393,0.0,0.0,0.0,0.0,0.0,0.0
-1.436521,-4.414908,-2.480393,0.0,0.0,0.0,0.0,0.0,0.0
-1.1779473,-4.405331,-2.5378537,0.0,0.0,0.0,0.0,0.0,0.0
-1.1779473,-4.405331,-2.5378537,0.0,0.0,0.0,0.0,0.0,0.0
-1.2258313,-5.813122,-2.6719291,0.0,0.0,0.0,0.0,0.0,0.0
-1.2258313,-5.813122,-2.6719291,0.0,0.0,0.0,0.0,0.0,0.0
-1.484405,-6.8761473,-3.1890767,0.0,0.0,0.0,0.0,0.0,0.0
-1.9919758,-7.7572136,-3.5625722,0.0,0.0,0.0,0.0,0.0,0.0
-1.9919758,-7.7572136,-3.5625722,0.0,0.0,0.0,0.0,0.0,0.0
-3.620033,-9.461885,-3.9743748,0.0,0.0,0.0,0.0,0.0,0.0
-3.620033,-9.461885,-3.9743748,0.0,0.0,0.0,0.0,0.0,0.0
-4.4340615,-10.582372,-4.261679,0.0,0.0,0.0,0.0,0.0,0.0
-4.4340615,-10.582372,-4.261679,0.0,0.0,0.0,0.0,0.0,0.0
-5.0374002,-11.712435,-4.5681367,0.0,0.0,0.0,0.0,0.0,0.0
-5.0374002,-11.712435,-4.5681367,0.0,0.0,0.0,0.0,0.0,0.0
-5.0374002,-11.712435,-4.5681367,0.0,0.0,0.0,0.0,0.0,0.0
-6.0525417,-12.516887,-5.401319,0.0,0.0,0.0,0.0,0.0,0.0
-6.0525417,-12.516887,-5.401319,0.0,0.0,0.0,0.0,0.0,0.0
-6.4739213,-12.258312,-5.90889,0.0,0.0,0.0,0.0,0.0,0.0
-6.4739213,-12.258312,-5.90889,0.0,0.0,0.0,0.0,0.0,0.0
-7.1251445,-10.898406,-6.6079965,0.0,0.0,0.0,0.0,0.0,0.0
-7.1251445,-10.898406,-6.6079965,0.0,0.0,0.0,0.0,0.0,0.0
-7.920019,-11.760319,-6.6367273,0.0,0.0,0.0,0.0,0.0,0.0
-8.082825,-11.741165,-5.8801594,0.0,0.0,0.0,0.0,0.0,0.0
-8.082825,-11.741165,-5.8801594,0.0,0.0,0.0,0.0,0.0,0.0
-6.8091097,-10.228029,-3.5434184,0.0,0.0,0.0,0.0,0.0,0.0
-6.8091097,-10.228029,-3.5434184,0.0,0.0,0.0,0.0,0.0,0.0
-4.855441,-9.739613,-1.532289,0.0,0.0,0.0,0.0,0.0,0.0
-4.855441,-9.739613,-1.532289,0.0,0.0,0.0,0.0,0.0,0.0
-4.261679,-10.170568,-1.4173675,0.0,0.0,0.0,0.0,0.0,0.0
-4.261679,-10.170568,-1.4173675,0.0,0.0,0.0,0.0,0.0,0.0
-3.7349546,-10.888829,-0.90979666,0.0,0.0,0.0,0.0,0.0,0.0
-3.7349546,-10.888829,-0.90979666,0.0,0.0,0.0,0.0,0.0,0.0
-2.585738,-12.77546,-0.82360536,0.0,0.0,0.0,0.0,0.0,0.0
-2.585738,-12.77546,-0.82360536,0.0,0.0,0.0,0.0,0.0,0.0
-1.4748282,-12.813767,-1.3215994,0.0,0.0,0.0,0.0,0.0,0.0
-1.4748282,-12.813767,-1.3215994,0.0,0.0,0.0,0.0,0.0,0.0
-0.25857377,-11.473015,-1.1013328,0.0,0.0,0.0,0.0,0.0,0.0
-0.25857377,-11.473015,-1.1013328,0.0,0.0,0.0,0.0,0.0,0.0
0.35434186,-8.868123,-1.2354081,0.0,0.0,0.0,0.0,0.0,0.0
-1.4939818,-5.45878,-2.681506,0.0,0.0,0.0,0.0,0.0,0.0
-1.4939818,-5.45878,-2.681506,0.0,0.0,0.0,0.0,0.0,0.0
-2.1452048,-4.654328,-2.777274,0.0,0.0,0.0,0.0,0.0,0.0
-2.1452048,-4.654328,-2.777274,0.0,0.0,0.0,0.0,0.0,0.0
-2.5091233,-3.821146,-2.7868507,0.0,0.0,0.0,0.0,0.0,0.0
-2.5091233,-3.821146,-2.7868507,0.0,0.0,0.0,0.0,0.0,0.0
-2.8921957,-3.2369606,-3.1603463,0.0,0.0,0.0,0.0,0.0,0.0
-2.8921957,-3.2369606,-3.1603463,0.0,0.0,0.0,0.0,0.0,0.0
-3.217807,-3.6487634,-4.232949,0.0,0.0,0.0,0.0,0.0,0.0
-3.217807,-3.6487634,-4.232949,0.0,0.0,0.0,0.0,0.0,0.0
-2.767697,-4.012682,-3.7349546,0.0,0.0,0.0,0.0,0.0,0.0
-2.767697,-4.012682,-3.7349546,0.0,0.0,0.0,0.0,0.0,0.0
-2.0111294,-5.085284,-2.1452048,0.0,0.0,0.0,0.0,0.0,0.0
-2.0111294,-5.085284,-2.1452048,0.0,0.0,0.0,0.0,0.0,0.0
-2.5953147,-7.441179,-1.8291701,0.0,0.0,0.0,0.0,0.0,0.0
-2.5953147,-7.441179,-1.8291701,0.0,0.0,0.0,0.0,0.0,0.0
-3.2752678,-7.843405,-2.231396,0.0,0.0,0.0,0.0,0.0,0.0
-3.2752678,-7.843405,-2.231396,0.0,0.0,0.0,0.0,0.0,0.0
-4.0318356,-8.561666,-2.930503,0.0,0.0,0.0,0.0,0.0,0.0
-4.0318356,-8.561666,-2.930503,0.0,0.0,0.0,0.0,0.0,0.0
-6.2632318,-11.559206,-6.0046577,0.0,0.0,0.0,0.0,0.0,0.0
-8.082825,-12.421119,-13.522451,0.0,0.0,0.0,0.0,0.0,0.0
-8.082825,-12.421119,-13.522451,0.0,0.0,0.0,0.0,0.0,0.0
-10.457873,-10.103531,-18.646044,0.0,0.0,0.0,0.0,0.0,0.0
-10.457873,-10.103531,-18.646044,0.0,0.0,0.0,0.0,0.0,0.0
-6.4260373,-6.655881,-5.793968,0.0,0.0,0.0,0.0,0.0,0.0
-6.4260373,-6.655881,-5.793968,0.0,0.0,0.0,0.0,0.0,0.0
-4.865018,-13.397953,-2.0015526,0.0,0.0,0.0,0.0,0.0,0.0
-4.865018,-13.397953,-2.0015526,0.0,0.0,0.0,0.0,0.0,0.0
-3.5529952,-13.637373,-3.4955344,0.0,0.0,0.0,0.0,0.0,0.0
-3.5529952,-13.637373,-3.4955344,0.0,0.0,0.0,0.0,0.0,0.0
-2.767697,-12.50731,-6.1195793,0.0,0.0,0.0,0.0,0.0,0.0
-2.767697,-12.50731,-6.1195793,0.0,0.0,0.0,0.0,0.0,0.0
-2.815581,-11.87524,-0.18195933,0.0,0.0,0.0,0.0,0.0,0.0
-2.815581,-11.87524,-0.18195933,0.0,0.0,0.0,0.0,0.0,0.0
-3.5338416,-11.252748,-1.1779473,0.0,0.0,0.0,0.0,0.0,0.0
-3.5338416,-11.252748,-1.1779473,0.0,0.0,0.0,0.0,0.0,0.0
-4.1276035,-11.022904,-1.5227122,0.0,0.0,0.0,0.0,0.0,0.0
-4.1276035,-11.022904,-1.5227122,0.0,0.0,0.0,0.0,0.0,0.0
-4.7884035,-11.080365,-0.93852705,0.0,0.0,0.0,0.0,0.0,0.0
-4.7884035,-11.080365,-0.93852705,0.0,0.0,0.0,0.0,0.0,0.0
-5.7365074,-9.691729,-0.22026655,0.0,0.0,0.0,0.0,0.0,0.0
-5.7365074,-9.691729,-0.22026655,0.0,0.0,0.0,0.0,0.0,0.0
-4.9320555,-7.422025,-0.32561144,0.0,0.0,0.0,0.0,0.0,0.0
-4.9320555,-7.422025,-0.32561144,0.0,0.0,0.0,0.0,0.0,0.0
-3.7445314,-6.14831,-0.5554548,0.0,0.0,0.0,0.0,0.0,0.0
-3.7445314,-6.14831,-0.5554548,0.0,0.0,0.0,0.0,0.0,0.0
-2.9496565,-5.3438582,-1.2641385,0.0,0.0,0.0,0.0,0.0,0.0
-2.9496565,-5.3438582,-1.2641385,0.0,0.0,0.0,0.0,0.0,0.0
-2.5187001,-4.7884035,-1.733402,0.0,0.0,0.0,0.0,0.0,0.0
-2.5187001,-4.7884035,-1.733402,0.0,0.0,0.0,0.0,0.0,0.0
-2.0111294,-4.1371803,-2.1930888,0.0,0.0,0.0,0.0,0.0,0.0
-2.0111294,-4.1371803,-2.1930888,0.0,0.0,0.0,0.0,0.0,0.0
-1.8770541,-4.2999864,-2.384625,0.0,0.0,0.0,0.0,0.0,0.0
-1.8770541,-4.2999864,-2.384625,0.0,0.0,0.0,0.0,0.0,0.0
-1.8674773,-5.0278234,-2.5378537,0.0,0.0,0.0,0.0,0.0,0.0
-1.8674773,-5.0278234,-2.5378537,0.0,0.0,0.0,0.0,0.0,0.0
-1.9440918,-6.742072,-2.8538885,0.0,0.0,0.0,0.0,0.0,0.0
-1.9440918,-6.742072,-2.8538885,0.0,0.0,0.0,0.0,0.0,0.0
-2.2218192,-7.4603324,-3.1794999,0.0,0.0,0.0,0.0,0.0,0.0
-2.719813,-7.9870567,-3.4284968,0.0,0.0,0.0,0.0,0.0,0.0
-2.719813,-7.9870567,-3.4284968,0.0,0.0,0.0,0.0,0.0,0.0
-2.719813,-7.9870567,-3.4284968,0.0,0.0,0.0,0.0,0.0,0.0
-3.6008794,-8.8777,-3.4859576,0.0,0.0,0.0,0.0,0.0,0.0
-5.209783,-11.415554,-3.9360676,0.0,0.0,0.0,0.0,0.0,0.0
-5.209783,-11.415554,-3.9360676,0.0,0.0,0.0,0.0,0.0,0.0
-6.129156,-12.5264635,-4.4723687,0.0,0.0,0.0,0.0,0.0,0.0
-6.129156,-12.5264635,-4.4723687,0.0,0.0,0.0,0.0,0.0,0.0
-6.933608,-12.756307,-5.257667,0.0,0.0,0.0,0.0,0.0,0.0
-6.933608,-12.756307,-5.257667,0.0,0.0,0.0,0.0,0.0,0.0
-7.086837,-11.482592,-7.153875,0.0,0.0,0.0,0.0,0.0,0.0
-7.086837,-11.482592,-7.153875,0.0,0.0,0.0,0.0,0.0,0.0
-6.933608,-10.850522,-7.6231384,0.0,0.0,0.0,0.0,0.0,0.0
-6.933608,-10.850522,-7.6231384,0.0,0.0,0.0,0.0,0.0,0.0
-7.0006456,-11.827356,-7.479486,0.0,0.0,0.0,0.0,0.0,0.0
-7.0006456,-11.827356,-7.479486,0.0,0.0,0.0,0.0,0.0,0.0
-6.7708025,-11.520899,-6.6750345,0.0,0.0,0.0,0.0,0.0,0.0
-6.7708025,-11.520899,-6.6750345,0.0,0.0,0.0,0.0,0.0,0.0
-6.7708025,-11.520899,-6.6750345,0.0,0.0,0.0,0.0,0.0,0.0
-4.912902,-9.126697,-2.528277,0.0,0.0,0.0,0.0,0.0,0.0
-3.9456444,-10.419566,-1.7525556,0.0,0.0,0.0,0.0,0.0,0.0
-3.9456444,-10.419566,-1.7525556,0.0,0.0,0.0,0.0,0.0,0.0
-3.6391866,-11.501745,-1.0247183,0.0,0.0,0.0,0.0,0.0,0.0
-3.6391866,-11.501745,-1.0247183,0.0,0.0,0.0,0.0,0.0,0.0
-3.2561142,-12.708423,-0.6991069,0.0,0.0,0.0,0.0,0.0,0.0
-3.2561142,-12.708423,-0.6991069,0.0,0.0,0.0,0.0,0.0,0.0
-2.681506,-13.742718,-0.9864111,0.0,0.0,0.0,0.0,0.0,0.0
-2.681506,-13.742718,-0.9864111,0.0,0.0,0.0,0.0,0.0,0.0
-0.1340753,-12.363658,-0.8714894,0.0,0.0,0.0,0.0,0.0,0.0
-0.1340753,-12.363658,-0.8714894,0.0,0.0,0.0,0.0,0.0,0.0
0.82360536,-9.279925,-1.2641385,0.0,0.0,0.0,0.0,0.0,0.0
0.82360536,-9.279925,-1.2641385,0.0,0.0,0.0,0.0,0.0,0.0
0.7278373,-6.7803793,-2.030283,0.0,0.0,0.0,0.0,0.0,0.0
0.7278373,-6.7803793,-2.030283,0.0,0.0,0.0,0.0,0.0,0.0
-0.9672575,-4.453215,-3.514688,0.0,0.0,0.0,0.0,0.0,0.0
-0.9672575,-4.453215,-3.514688,0.0,0.0,0.0,0.0,0.0,0.0
-1.8100165,-4.098873,-3.217807,0.0,0.0,0.0,0.0,0.0,0.0
-1.8100165,-4.098873,-3.217807,0.0,0.0,0.0,0.0,0.0,0.0
-2.4420857,-3.4093432,-2.8443117,0.0,0.0,0.0,0.0,0.0,0.0
-2.4420857,-3.4093432,-2.8443117,0.0,0.0,0.0,0.0,0.0,0.0
-3.5625722,-2.9400797,-4.156334,0.0,0.0,0.0,0.0,0.0,0.0
-3.5625722,-2.9400797,-4.156334,0.0,0.0,0.0,0.0,0.0,0.0
-2.480393,-3.5051112,-3.1028855,0.0,0.0,0.0,0.0,0.0,0.0
-2.480393,-3.5051112,-3.1028855,0.0,0.0,0.0,0.0,0.0,0.0
-2.2218192,-5.363012,-2.0111294,0.0,0.0,0.0,0.0,0.0,0.0
-2.5378537,-7.0006456,-1.9632454,0.0,0.0,0.0,0.0,0.0,0.0
-2.5378537,-7.0006456,-1.9632454,0.0,0.0,0.0,0.0,0.0,0.0
-4.003105,-8.2169,-2.183512,0.0,0.0,0.0,0.0,0.0,0.0
-4.003105,-8.2169,-2.183512,0.0,0.0,0.0,0.0,0.0,0.0
-4.903325,-8.322245,-2.327164,0.0,0.0,0.0,0.0,0.0,0.0
-4.903325,-8.322245,-2.327164,0.0,0.0,0.0,0.0,0.0,0.0
-5.506664,-8.465898,-2.777274,0.0,0.0,0.0,0.0,0.0,0.0
-5.506664,-8.465898,-2.777274,0.0,0.0,0.0,0.0,0.0,0.0
-6.8761473,-11.57836,-5.0661306,0.0,0.0,0.0,0.0,0.0,0.0
-6.8761473,-11.57836,-5.0661306,0.0,0.0,0.0,0.0,0.0,0.0
-8.743625,-12.947843,-14.997279,0.0,0.0,0.0,0.0,0.0,0.0
-8.743625,-12.947843,-14.997279,0.0,0.0,0.0,0.0,0.0,0.0
-9.299079,-8.762778,-18.511967,0.0,0.0,0.0,0.0,0.0,0.0
-9.299079,-8.762778,-18.511967,0.0,0.0,0.0,0.0,0.0,0.0
-3.514688,-5.995081,-5.583278,0.0,0.0,0.0,0.0,0.0,0.0
-3.514688,-5.995081,-5.583278,0.0,0.0,0.0,0.0,0.0,0.0
-4.903325,-11.60709,-2.3558946,0.0,0.0,0.0,0.0,0.0,0.0
-4.903325,-11.60709,-2.3558946,0.0,0.0,0.0,0.0,0.0,0.0
-3.122039,-12.727576,-4.357447,0.0,0.0,0.0,0.0,0.0,0.0
-3.122039,-12.727576,-4.357447,0.0,0.0,0.0,0.0,0.0,0.0
-2.8538885,-11.300632,-4.0318356,0.0,0.0,0.0,0.0,0.0,0.0
-2.9017725,-11.224017,-0.48841715,0.0,0.0,0.0,0.0,0.0,0.0
-2.9017725,-11.224017,-0.48841715,0.0,0.0,0.0,0.0,0.0,0.0
-4.2521024,-10.879252,-1.3694834,0.0,0.0,0.0,0.0,0.0,0.0
-4.2521024,-10.879252,-1.3694834,0.0,0.0,0.0,0.0,0.0,0.0
-4.5681367,-10.67814,-1.1875241,0.0,0.0,0.0,0.0,0.0,0.0
-4.5681367,-10.67814,-1.1875241,0.0,0.0,0.0,0.0,0.0,0.0
-4.8458643,-10.534488,-0.6991069,0.0,0.0,0.0,0.0,0.0,0.0
-4.8458643,-10.534488,-0.6991069,0.0,0.0,0.0,0.0,0.0,0.0
-5.0374002,-10.113108,-0.23942018,0.0,0.0,0.0,0.0,0.0,0.0
-5.0374002,-10.113108,-0.23942018,0.0,0.0,0.0,0.0,0.0,0.0
-4.663905,-7.872135,-0.6991069,0.0,0.0,0.0,0.0,0.0,0.0
-4.663905,-7.872135,-0.6991069,0.0,0.0,0.0,0.0,0.0,0.0
-3.821146,-6.7708025,-0.8619126,0.0,0.0,0.0,0.0,0.0,0.0
-2.9400797,-5.755661,-1.3024458,0.0,0.0,0.0,0.0,0.0,0.0
-2.9400797,-5.755661,-1.3024458,0.0,0.0,0.0,0.0,0.0,0.0
-1.8483237,-4.185065,-2.2122424,0.0,0.0,0.0,0.0,0.0,0.0
-1.8483237,-4.185065,-2.2122424,0.0,0.0,0.0,0.0,0.0,0.0
-1.532289,-3.9935284,-2.2122424,0.0,0.0,0.0,0.0,0.0,0.0
-1.532289,-3.9935284,-2.2122424,0.0,0.0,0.0,0.0,0.0,0.0
-1.484405,-4.261679,-2.3558946,0.0,0.0,0.0,0.0,0.0,0.0
-1.484405,-4.261679,-2.3558946,0.0,0.0,0.0,0.0,0.0,0.0
-1.7046716,-5.2385135,-2.815581,0.0,0.0,0.0,0.0,0.0,0.0
-1.982399,-5.861006,-3.1794999,0.0,0.0,0.0,0.0,0.0,0.0
-1.982399,-5.861006,-3.1794999,0.0,0.0,0.0,0.0,0.0,0.0
-1.982399,-5.861006,-3.1794999,0.0,0.0,0.0,0.0,0.0,0.0
-2.4229321,-6.847417,-3.6296098,0.0,0.0,0.0,0.0,0.0,0.0
-2.8634653,-7.872135,-4.003105,0.0,0.0,0.0,0.0,0.0,0.0
-2.8634653,-7.872135,-4.003105,0.0,0.0,0.0,0.0,0.0,0.0
-4.050989,-9.911995,-4.405331,0.0,0.0,0.0,0.0,0.0,0.0
-4.050989,-9.911995,-4.405331,0.0,0.0,0.0,0.0,0.0,0.0
-4.548983,-11.204864,-4.4819455,0.0,0.0,0.0,0.0,0.0,0.0
-4.548983,-11.204864,-4.4819455,0.0,0.0,0.0,0.0,0.0,0.0
-5.4204726,-12.689269,-4.654328,0.0,0.0,0.0,0.0,0.0,0.0
-5.4204726,-12.689269,-4.654328,0.0,0.0,0.0,0.0,0.0,0.0
-6.349423,-13.503298,-4.912902,0.0,0.0,0.0,0.0,0.0,0.0
-6.349423,-13.503298,-4.912902,0.0,0.0,0.0,0.0,0.0,0.0
-7.575254,-11.856087,-5.0757074,0.0,0.0,0.0,0.0,0.0,0.0
-7.575254,-11.856087,-5.0757074,0.0,0.0,0.0,0.0,0.0,0.0
-7.73806,-10.745177,-5.267244,0.0,0.0,0.0,0.0,0.0,0.0
-7.73806,-10.745177,-5.267244,0.0,0.0,0.0,0.0,0.0,0.0
-7.747637,-10.601525,-5.4779334,0.0,0.0,0.0,0.0,0.0,0.0
-5.1810527,-9.643845,-5.171476,0.0,0.0,0.0,0.0,0.0,0.0
-5.1810527,-9.643845,-5.171476,0.0,0.0,0.0,0.0,0.0,0.0
-3.9360676,-8.762778,-4.8267107,0.0,0.0,0.0,0.0,0.0,0.0
-3.9360676,-8.762778,-4.8267107,0.0,0.0,0.0,0.0,0.0,0.0
-3.2465374,-9.088389,-4.1659107,0.0,0.0,0.0,0.0,0.0,0.0
-3.2465374,-9.088389,-4.1659107,0.0,0.0,0.0,0.0,0.0,0.0
-2.8921957,-9.835381,-3.4955344,0.0,0.0,0.0,0.0,0.0,0.0
-2.8921957,-9.835381,-3.4955344,0.0,0.0,0.0,0.0,0.0,0.0
-2.7868507,-11.87524,-2.5378537,0.0,0.0,0.0,0.0,0.0,0.0
-2.7868507,-11.87524,-2.5378537,0.0,0.0,0.0,0.0,0.0,0.0
-2.566584,-13.263878,-1.9728222,0.0,0.0,0.0,0.0,0.0,0.0
-2.566584,-13.263878,-1.9728222,0.0,0.0,0.0,0.0,0.0,0.0
-1.7812861,-13.503298,-1.733402,0.0,0.0,0.0,0.0,0.0,0.0
-1.7812861,-13.503298,-1.733402,0.0,0.0,0.0,0.0,0.0,0.0
-0.23942018,-10.448297,-1.1109096,0.0,0.0,0.0,0.0,0.0,0.0
-0.23942018,-10.448297,-1.1109096,0.0,0.0,0.0,0.0,0.0,0.0
0.16280572,-7.5848308,-1.3599066,0.0,0.0,0.0,0.0,0.0,0.0
-0.05746084,-5.6120086,-2.4037786,0.0,0.0,0.0,0.0,0.0,0.0
-0.05746084,-5.6120086,-2.4037786,0.0,0.0,0.0,0.0,0.0,0.0
-0.6799533,-4.3287168,-3.1986535,0.0,0.0,0.0,0.0,0.0,0.0
-0.6799533,-4.3287168,-3.1986535,0.0,0.0,0.0,0.0,0.0,0.0
-1.3120226,-3.572149,-2.4708161,0.0,0.0,0.0,0.0,0.0,0.0
-1.3120226,-3.572149,-2.4708161,0.0,0.0,0.0,0.0,0.0,0.0
-1.2354081,-3.5434184,-2.2122424,0.0,0.0,0.0,0.0,0.0,0.0
-1.2354081,-3.5434184,-2.2122424,0.0,0.0,0.0,0.0,0.0,0.0
-1.292869,-3.620033,-2.183512,0.0,0.0,0.0,0.0,0.0,0.0
-1.292869,-3.620033,-2.183512,0.0,0.0,0.0,0.0,0.0,0.0
-1.6759412,-5.1140146,-1.8291701,0.0,0.0,0.0,0.0,0.0,0.0
-1.6759412,-5.1140146,-1.8291701,0.0,0.0,0.0,0.0,0.0,0.0
-1.8674773,-6.205771,-1.7238252,0.0,0.0,0.0,0.0,0.0,0.0
-1.8674773,-6.205771,-1.7238252,0.0,0.0,0.0,0.0,0.0,0.0
-2.566584,-7.5561004,-2.1068976,0.0,0.0,0.0,0.0,0.0,0.0
-2.566584,-7.5561004,-2.1068976,0.0,0.0,0.0,0.0,0.0,0.0
-3.763685,-8.63828,-2.5378537,0.0,0.0,0.0,0.0,0.0,0.0
-3.763685,-8.63828,-2.5378537,0.0,0.0,0.0,0.0,0.0,0.0
-6.253655,-9.107543,-4.0318356,0.0,0.0,0.0,0.0,0.0,0.0
-6.253655,-9.107543,-4.0318356,0.0,0.0,0.0,0.0,0.0,0.0
-7.441179,-9.576807,-5.0278234,0.0,0.0,0.0,0.0,0.0,0.0
-7.441179,-9.576807,-5.0278234,0.0,0.0,0.0,0.0,0.0,0.0
-8.590396,-10.658986,-7.1155677,0.0,0.0,0.0,0.0,0.0,0.0
-12.038046,-11.492168,-18.942924,0.0,0.0,0.0,0.0,0.0,0.0
-12.038046,-11.492168,-18.942924,0.0,0.0,0.0,0.0,0.0,0.0
-2.528277,-5.841852,-2.1068976,0.0,0.0,0.0,0.0,0.0,0.0
-2.528277,-5.841852,-2.1068976,0.0,0.0,0.0,0.0,0.0,0.0
-4.223372,-10.237606,-1.7142484,0.0,0.0,0.0,0.0,0.0,0.0
-4.223372,-10.237606,-1.7142484,0.0,0.0,0.0,0.0,0.0,0.0
-4.807557,-14.279019,-2.6240451,0.0,0.0,0.0,0.0,0.0,0.0
-4.807557,-14.279019,-2.6240451,0.0,0.0,0.0,0.0,0.0,0.0
-2.96881,-11.664551,-4.5777135,0.0,0.0,0.0,0.0,0.0,0.0
-2.96881,-11.664551,-4.5777135,0.0,0.0,0.0,0.0,0.0,0.0
-2.5091233,-11.36767,-0.38307226,0.0,0.0,0.0,0.0,0.0,0.0
-2.5091233,-11.36767,-0.38307226,0.0,0.0,0.0,0.0,0.0,0.0
-3.1890767,-12.095507,0.36391866,0.0,0.0,0.0,0.0,0.0,0.0
-3.1890767,-12.095507,0.36391866,0.0,0.0,0.0,0.0,0.0,0.0
-3.6296098,-12.488156,-0.019153614,0.0,0.0,0.0,0.0,0.0,0.0
-3.6296098,-12.488156,-0.019153614,0.0,0.0,0.0,0.0,0.0,0.0
-4.185065,-11.587936,-0.842759,0.0,0.0,0.0,0.0,0.0,0.0
-4.185065,-11.587936,-0.842759,0.0,0.0,0.0,0.0,0.0,0.0
-4.8458643,-10.43872,-0.41180268,0.0,0.0,0.0,0.0,0.0,0.0
-4.8458643,-10.43872,-0.41180268,0.0,0.0,0.0,0.0,0.0,0.0
-5.257667,-9.346964,-0.15322891,0.0,0.0,0.0,0.0,0.0,0.0
-5.257667,-9.346964,-0.15322891,0.0,0.0,0.0,0.0,0.0,0.0
-4.644751,-7.431602,-0.59376204,0.0,0.0,0.0,0.0,0.0,0.0
-4.644751,-7.431602,-0.59376204,0.0,0.0,0.0,0.0,0.0,0.0
-3.5338416,-6.0142345,-1.0247183,0.0,0.0,0.0,0.0,0.0,0.0
-3.5338416,-6.0142345,-1.0247183,0.0,0.0,0.0,0.0,0.0,0.0
-2.6048915,-5.00867,-1.5035586,0.0,0.0,0.0,0.0,0.0,0.0
-2.6048915,-5.00867,-1.5035586,0.0,0.0,0.0,0.0,0.0,0.0
-2.0398598,-4.4340615,-1.982399,0.0,0.0,0.0,0.0,0.0,0.0
-2.0398598,-4.4340615,-1.982399,0.0,0.0,0.0,0.0,0.0,0.0
-1.3024458,-3.8977604,-2.6240451,0.0,0.0,0.0,0.0,0.0,0.0
-1.3024458,-3.8977604,-2.6240451,0.0,0.0,0.0,0.0,0.0,0.0
-1.2641385,-4.3957543,-3.064578,0.0,0.0,0.0,0.0,0.0,0.0
-1.2641385,-4.3957543,-3.064578,0.0,0.0,0.0,0.0,0.0,0.0
-1.4652514,-5.2863975,-3.1411927,0.0,0.0,0.0,0.0,0.0,0.0
-1.4652514,-5.2863975,-3.1411927,0.0,0.0,0.0,0.0,0.0,0.0
-2.1452048,-7.1251445,-3.6391866,0.0,0.0,0.0,0.0,0.0,0.0
-2.1452048,-7.1251445,-3.6391866,0.0,0.0,0.0,0.0,0.0,0.0
-2.7485435,-7.747637,-4.003105,0.0,0.0,0.0,0.0,0.0,0.0
-2.7485435,-7.747637,-4.003105,0.0,0.0,0.0,0.0,0.0,0.0
-3.5817258,-8.6095495,-4.2904096,0.0,0.0,0.0,0.0,0.0,0.0
-3.5817258,-8.6095495,-4.2904096,0.0,0.0,0.0,0.0,0.0,0.0
-4.510676,-9.404425,-4.4244847,0.0,0.0,0.0,0.0,0.0,0.0
-4.510676,-9.404425,-4.4244847,0.0,0.0,0.0,0.0,0.0,0.0
-6.0716953,-10.409989,-4.8937483,0.0,0.0,0.0,0.0,0.0,0.0
-6.0716953,-10.409989,-4.8937483,0.0,0.0,0.0,0.0,0.0,0.0
-6.4739213,-11.099519,-5.4683566,0.0,0.0,0.0,0.0,0.0,0.0
-6.4739213,-11.099519,-5.4683566,0.0,0.0,0.0,0.0,0.0,0.0
-6.885724,-11.789049,-6.0142345,0.0,0.0,0.0,0.0,0.0,0.0
-6.885724,-11.789049,-6.0142345,0.0,0.0,0.0,0.0,0.0,0.0
-7.479486,-11.971008,-6.703765,0.0,0.0,0.0,0.0,0.0,0.0
-7.5848308,-11.654974,-6.6750345,0.0,0.0,0.0,0.0,0.0,0.0
-7.5848308,-11.654974,-6.6750345,0.0,0.0,0.0,0.0,0.0,0.0
-7.632715,-12.392388,-6.445191,0.0,0.0,0.0,0.0,0.0,0.0
-7.632715,-12.392388,-6.445191,0.0,0.0,0.0,0.0,0.0,0.0
-7.2304893,-12.919112,-5.1906295,0.0,0.0,0.0,0.0,0.0,0.0
-7.2304893,-12.919112,-5.1906295,0.0,0.0,0.0,0.0,0.0,0.0
-4.865018,-9.998186,-2.719813,0.0,0.0,0.0,0.0,0.0,0.0
-4.865018,-9.998186,-2.719813,0.0,0.0,0.0,0.0,0.0,0.0
-4.098873,-9.739613,-2.183512,0.0,0.0,0.0,0.0,0.0,0.0
-4.098873,-9.739613,-2.183512,0.0,0.0,0.0,0.0,0.0,0.0
-3.5625722,-10.0269165,-1.6376339,0.0,0.0,0.0,0.0,0.0,0.0
-3.5625722,-10.0269165,-1.6376339,0.0,0.0,0.0,0.0,0.0,0.0
-2.7102363,-12.162544,-0.7565677,0.0,0.0,0.0,0.0,0.0,0.0
-2.7102363,-12.162544,-0.7565677,0.0,0.0,0.0,0.0,0.0,0.0
-2.0685902,-13.091495,-0.9672575,0.0,0.0,0.0,0.0,0.0,0.0
-2.0685902,-13.091495,-0.9672575,0.0,0.0,0.0,0.0,0.0,0.0
-0.842759,-13.148955,-0.58418524,0.0,0.0,0.0,0.0,0.0,0.0
-0.842759,-13.148955,-0.58418524,0.0,0.0,0.0,0.0,0.0,0.0
0.076614454,-11.760319,-0.4309563,0.0,0.0,0.0,0.0,0.0,0.0
-0.10534488,-6.579266,-1.5897499,0.0,0.0,0.0,0.0,0.0,0.0
-0.10534488,-6.579266,-1.5897499,0.0,0.0,0.0,0.0,0.0,0.0
-1.1204864,-5.4300494,-2.1164744,0.0,0.0,0.0,0.0,0.0,0.0
-1.1204864,-5.4300494,-2.1164744,0.0,0.0,0.0,0.0,0.0,0.0
-1.9440918,-4.654328,-2.2122424,0.0,0.0,0.0,0.0,0.0,0.0
-1.9440918,-4.654328,-2.2122424,0.0,0.0,0.0,0.0,0.0,0.0
-2.4229321,-3.8594532,-2.4420857,0.0,0.0,0.0,0.0,0.0,0.0
-2.4229321,-3.8594532,-2.4420857,0.0,0.0,0.0,0.0,0.0,0.0
-2.3175871,-3.371036,-2.3654714,0.0,0.0,0.0,0.0,0.0,0.0
-2.3175871,-3.371036,-2.3654714,0.0,0.0,0.0,0.0,0.0,0.0
-2.4995465,-5.133168,-3.217807,0.0,0.0,0.0,0.0,0.0,0.0
-2.1739352,-3.8786068,-1.5610195,0.0,0.0,0.0,0.0,0.0,0.0
-2.920926,-4.7500963,-2.2697031,0.0,0.0,0.0,0.0,0.0,0.0
-2.920926,-4.7500963,-2.2697031,0.0,0.0,0.0,0.0,0.0,0.0
-4.5777135,-7.5561004,-2.7964275,0.0,0.0,0.0,0.0,0.0,0.0
-5.6790466,-9.375694,-3.9456444,0.0,0.0,0.0,0.0,0.0,0.0
-6.2249246,-10.103531,-4.5681367,0.0,0.0,0.0,0.0,0.0,0.0
-6.2249246,-10.103531,-4.5681367,0.0,0.0,0.0,0.0,0.0,0.0
-6.981492,-10.457873,-5.899313,0.0,0.0,0.0,0.0,0.0,0.0
-6.981492,-10.457873,-5.899313,0.0,0.0,0.0,0.0,0.0,0.0
-11.741165,-9.710882,-19.603724,0.0,0.0,0.0,0.0,0.0,0.0
-11.741165,-9.710882,-19.603724,0.0,0.0,0.0,0.0,0.0,0.0
-6.847417,-6.6271505,-9.030929,0.0,0.0,0.0,0.0,0.0,0.0
-6.847417,-6.6271505,-9.030929,0.0,0.0,0.0,0.0,0.0,0.0
-3.5529952,-8.111555,-2.4133554,0.0,0.0,0.0,0.0,0.0,0.0
-3.5529952,-8.111555,-2.4133554,0.0,0.0,0.0,0.0,0.0,0.0
-4.012682,-14.12579,-4.146757,0.0,0.0,0.0,0.0,0.0,0.0
-4.012682,-14.12579,-4.146757,0.0,0.0,0.0,0.0,0.0,0.0
-3.2273839,-12.26789,-4.7405195,0.0,0.0,0.0,0.0,0.0,0.0
-3.2273839,-12.26789,-4.7405195,0.0,0.0,0.0,0.0,0.0,0.0
-2.6527755,-11.415554,-0.80445176,0.0,0.0,0.0,0.0,0.0,0.0
-2.6527755,-11.415554,-0.80445176,0.0,0.0,0.0,0.0,0.0,0.0
-3.3039982,-11.022904,-0.06703765,0.0,0.0,0.0,0.0,0.0,0.0
-3.3039982,-11.022904,-0.06703765,0.0,0.0,0.0,0.0,0.0,0.0
-3.9073372,-10.103531,-0.82360536,0.0,0.0,0.0,0.0,0.0,0.0
-3.9935284,-10.04607,-0.8714894,0.0,0.0,0.0,0.0,0.0,0.0
-3.9935284,-10.04607,-0.8714894,0.0,0.0,0.0,0.0,0.0,0.0
-4.501099,-9.950302,-0.46926352,0.0,0.0,0.0,0.0,0.0,0.0
-4.501099,-9.950302,-0.46926352,0.0,0.0,0.0,0.0,0.0,0.0
-4.999093,-10.036493,0.02873042,0.0,0.0,0.0,0.0,0.0,0.0
-4.999093,-10.036493,0.02873042,0.0,0.0,0.0,0.0,0.0,0.0
-5.1906295,-8.360553,-0.2681506,0.0,0.0,0.0,0.0,0.0,0.0
-5.1906295,-8.360553,-0.2681506,0.0,0.0,0.0,0.0,0.0,0.0
-4.6160207,-6.895301,-0.45010993,0.0,0.0,0.0,0.0,0.0,0.0
-4.6160207,-6.895301,-0.45010993,0.0,0.0,0.0,0.0,0.0,0.0
-3.7445314,-5.9567738,-0.92895025,0.0,0.0,0.0,0.0,0.0,0.0
-3.7445314,-5.9567738,-0.92895025,0.0,0.0,0.0,0.0,0.0,0.0
-3.0071173,-5.21936,-1.7429788,0.0,0.0,0.0,0.0,0.0,0.0
-3.0071173,-5.21936,-1.7429788,0.0,0.0,0.0,0.0,0.0,0.0
-2.2122424,-4.4244847,-2.2218192,0.0,0.0,0.0,0.0,0.0,0.0
-2.2122424,-4.4244847,-2.2218192,0.0,0.0,0.0,0.0,0.0,0.0
-2.087744,-4.4436383,-2.5474305,0.0,0.0,0.0,0.0,0.0,0.0
-1.9728222,-4.76925,-3.0071173,0.0,0.0,0.0,0.0,0.0,0.0
-1.9728222,-4.76925,-3.0071173,0.0,0.0,0.0,0.0,0.0,0.0
-2.030283,-6.14831,-3.3901896,0.0,0.0,0.0,0.0,0.0,0.0
-2.030283,-6.14831,-3.3901896,0.0,0.0,0.0,0.0,0.0,0.0
-2.0973208,-6.847417,-3.4763808,0.0,0.0,0.0,0.0,0.0,0.0
-2.0973208,-6.847417,-3.4763808,0.0,0.0,0.0,0.0,0.0,0.0
-2.2888567,-7.5848308,-3.7062242,0.0,0.0,0.0,0.0,0.0,0.0
-2.2888567,-7.5848308,-3.7062242,0.0,0.0,0.0,0.0,0.0,0.0
-2.633622,-8.523358,-4.10845,0.0,0.0,0.0,0.0,0.0,0.0
-2.633622,-8.523358,-4.10845,0.0,0.0,0.0,0.0,0.0,0.0
-3.9935284,-10.563218,-4.4819455,0.0,0.0,0.0,0.0,0.0,0.0
-3.9935284,-10.563218,-4.4819455,0.0,0.0,0.0,0.0,0.0,0.0
-4.5872903,-11.63582,-4.1371803,0.0,0.0,0.0,0.0,0.0,0.0
-4.5872903,-11.63582,-4.1371803,0.0,0.0,0.0,0.0,0.0,0.0
-5.3725886,-12.679692,-3.86903,0.0,0.0,0.0,0.0,0.0,0.0
-5.3725886,-12.679692,-3.86903,0.0,0.0,0.0,0.0,0.0,0.0
-6.6271505,-12.162544,-5.104438,0.0,0.0,0.0,0.0,0.0,0.0
-6.6271505,-12.162544,-5.104438,0.0,0.0,0.0,0.0,0.0,0.0
-6.943185,-11.84651,-6.6654577,0.0,0.0,0.0,0.0,0.0,0.0
-6.943185,-11.84651,-6.6654577,0.0,0.0,0.0,0.0,0.0,0.0
-7.0581064,-12.995727,-7.489063,0.0,0.0,0.0,0.0,0.0,0.0
-7.1730285,-14.068329,-7.5848308,0.0,0.0,0.0,0.0,0.0,0.0
-7.1730285,-14.068329,-7.5848308,0.0,0.0,0.0,0.0,0.0,0.0
-5.5641246,-9.021352,-5.085284,0.0,0.0,0.0,0.0,0.0,0.0
-5.5641246,-9.021352,-5.085284,0.0,0.0,0.0,0.0,0.0,0.0
-4.903325,-8.494628,-3.620033,0.0,0.0,0.0,0.0,0.0,0.0
-4.903325,-8.494628,-3.620033,0.0,0.0,0.0,0.0,0.0,0.0
-4.3287168,-9.356541,-2.5761611,0.0,0.0,0.0,0.0,0.0,0.0
-4.3287168,-9.356541,-2.5761611,0.0,0.0,0.0,0.0,0.0,0.0
-3.7349546,-10.927136,-1.1204864,0.0,0.0,0.0,0.0,0.0,0.0
-3.7349546,-10.927136,-1.1204864,0.0,0.0,0.0,0.0,0.0,0.0
-3.4093432,-11.923124,-0.6512229,0.0,0.0,0.0,0.0,0.0,0.0
-3.4093432,-11.923124,-0.6512229,0.0,0.0,0.0,0.0,0.0,0.0
-2.930503,-12.650962,-0.45010993,0.0,0.0,0.0,0.0,0.0,0.0
-2.930503,-12.650962,-0.45010993,0.0,0.0,0.0,0.0,0.0,0.0
-1.7429788,-12.038046,-0.7374141,0.0,0.0,0.0,0.0,0.0,0.0
-0.15322891,-6.7229185,-1.4939818,0.0,0.0,0.0,0.0,0.0,0.0
-0.15322891,-6.7229185,-1.4939818,0.0,0.0,0.0,0.0,0.0,0.0
-0.60333884,-4.8937483,-2.0398598,0.0,0.0,0.0,0.0,0.0,0.0
-0.60333884,-4.8937483,-2.0398598,0.0,0.0,0.0,0.0,0.0,0.0
-1.1875241,-3.8019924,-2.5378537,0.0,0.0,0.0,0.0,0.0,0.0
-1.1875241,-3.8019924,-2.5378537,0.0,0.0,0.0,0.0,0.0,0.0
-1.6663644,-3.371036,-2.5474305,0.0,0.0,0.0,0.0,0.0,0.0
-1.6663644,-3.371036,-2.5474305,0.0,0.0,0.0,0.0,0.0,0.0
-1.9536686,-3.1316159,-3.1890767,0.0,0.0,0.0,0.0,0.0,0.0
-1.9536686,-3.1316159,-3.1890767,0.0,0.0,0.0,0.0,0.0,0.0
-2.0398598,-3.1890767,-3.715801,0.0,0.0,0.0,0.0,0.0,0.0
-2.0398598,-3.1890767,-3.715801,0.0,0.0,0.0,0.0,0.0,0.0
-2.1643584,-4.0318356,-3.1124623,0.0,0.0,0.0,0.0,0.0,0.0
-2.1643584,-4.0318356,-3.1124623,0.0,0.0,0.0,0.0,0.0,0.0
-2.183512,-6.6750345,-1.3503298,0.0,0.0,0.0,0.0,0.0,0.0
-2.183512,-6.6750345,-1.3503298,0.0,0.0,0.0,0.0,0.0,0.0
-2.815581,-7.642292,-1.5035586,0.0,0.0,0.0,0.0,0.0,0.0
-2.815581,-7.642292,-1.5035586,0.0,0.0,0.0,0.0,0.0,0.0
-3.5434184,-8.350976,-2.030283,0.0,0.0,0.0,0.0,0.0,0.0
-3.5434184,-8.350976,-2.030283,0.0,0.0,0.0,0.0,0.0,0.0
-4.2521024,-9.11712,-2.566584,0.0,0.0,0.0,0.0,0.0,0.0
-4.2521024,-9.11712,-2.566584,0.0,0.0,0.0,0.0,0.0,0.0
-5.803545,-10.716447,-4.9224787,0.0,0.0,0.0,0.0,0.0,0.0
-5.803545,-10.716447,-4.9224787,0.0,0.0,0.0,0.0,0.0,0.0
-6.847417,-11.061212,-6.6175733,0.0,0.0,0.0,0.0,0.0,0.0
-10.151415,-11.568783,-16.682798,0.0,0.0,0.0,0.0,0.0,0.0
-10.151415,-11.568783,-16.682798,0.0,0.0,0.0,0.0,0.0,0.0
-3.122039,-5.391742,-2.767697,0.0,0.0,0.0,0.0,0.0,0.0
-3.122039,-5.391742,-2.767697,0.0,0.0,0.0,0.0,0.0,0.0
-3.1986535,-8.714894,-0.9768343,0.0,0.0,0.0,0.0,0.0,0.0
-3.1986535,-8.714894,-0.9768343,0.0,0.0,0.0,0.0,0.0,0.0
-3.4763808,-12.603078,-2.2984335,0.0,0.0,0.0,0.0,0.0,0.0
-3.4763808,-12.603078,-2.2984335,0.0,0.0,0.0,0.0,0.0,0.0
-3.6391866,-13.924677,-6.6367273,0.0,0.0,0.0,0.0,0.0,0.0
-3.6391866,-13.924677,-6.6367273,0.0,0.0,0.0,0.0,0.0,0.0
-2.2984335,-10.1226845,-0.19153613,0.0,0.0,0.0,0.0,0.0,0.0
-2.2984335,-10.1226845,-0.19153613,0.0,0.0,0.0,0.0,0.0,0.0
-3.5051112,-11.482592,-0.4309563,0.0,0.0,0.0,0.0,0.0,0.0
-3.5051112,-11.482592,-0.4309563,0.0,0.0,0.0,0.0,0.0,0.0
-4.280833,-11.932701,-0.6512229,0.0,0.0,0.0,0.0,0.0,0.0
-4.280833,-11.932701,-0.6512229,0.0,0.0,0.0,0.0,0.0,0.0
-5.602432,-12.047623,-0.79487497,0.0,0.0,0.0,0.0,0.0,0.0
-5.602432,-12.047623,-0.79487497,0.0,0.0,0.0,0.0,0.0,0.0
-6.090849,-10.333375,-0.29688102,0.0,0.0,0.0,0.0,0.0,0.0
-6.090849,-10.333375,-0.29688102,0.0,0.0,0.0,0.0,0.0,0.0
-6.3781533,-9.11712,-0.41180268,0.0,0.0,0.0,0.0,0.0,0.0
-6.3781533,-9.11712,-0.41180268,0.0,0.0,0.0,0.0,0.0,0.0
-6.215348,-9.002198,-0.63206923,0.0,0.0,0.0,0.0,0.0,0.0
-6.215348,-9.002198,-0.63206923,0.0,0.0,0.0,0.0,0.0,0.0
-3.5817258,-6.943185,-1.388637,0.0,0.0,0.0,0.0,0.0,0.0
-3.5817258,-6.943185,-1.388637,0.0,0.0,0.0,0.0,0.0,0.0
-2.6048915,-5.841852,-2.0685902,0.0,0.0,0.0,0.0,0.0,0.0
-2.6048915,-5.841852,-2.0685902,0.0,0.0,0.0,0.0,0.0,0.0
-1.9440918,-5.142745,-2.4037786,0.0,0.0,0.0,0.0,0.0,0.0
-1.5514427,-4.1180267,-2.9496565,0.0,0.0,0.0,0.0,0.0,0.0
-1.5514427,-4.1180267,-2.9496565,0.0,0.0,0.0,0.0,0.0,0.0
-1.5131354,-3.9456444,-3.0550013,0.0,0.0,0.0,0.0,0.0,0.0
-1.5131354,-3.9456444,-3.0550013,0.0,0.0,0.0,0.0,0.0,0.0
-1.5610195,-4.271256,-3.1986535,0.0,0.0,0.0,0.0,0.0,0.0
-1.5610195,-4.271256,-3.1986535,0.0,0.0,0.0,0.0,0.0,0.0
-1.9153614,-5.391742,-3.3423057,0.0,0.0,0.0,0.0,0.0,0.0
-1.9153614,-5.391742,-3.3423057,0.0,0.0,0.0,0.0,0.0,0.0
-2.1930888,-5.8801594,-3.5625722,0.0,0.0,0.0,0.0,0.0,0.0
-2.1930888,-5.8801594,-3.5625722,0.0,0.0,0.0,0.0,0.0,0.0
-2.566584,-6.7324953,-3.916914,0.0,0.0,0.0,0.0,0.0,0.0
-3.2848446,-8.082825,-4.309563,0.0,0.0,0.0,0.0,0.0,0.0
-3.2848446,-8.082825,-4.309563,0.0,0.0,0.0,0.0,0.0,0.0
-4.673482,-10.630256,-4.912902,0.0,0.0,0.0,0.0,0.0,0.0
-4.673482,-10.630256,-4.912902,0.0,0.0,0.0,0.0,0.0,0.0
-5.4779334,-11.779472,-4.9895163,0.0,0.0,0.0,0.0,0.0,0.0
-5.4779334,-11.779472,-4.9895163,0.0,0.0,0.0,0.0,0.0,0.0
-6.215348,-12.670115,-4.9703627,0.0,0.0,0.0,0.0,0.0,0.0
-6.215348,-12.670115,-4.9703627,0.0,0.0,0.0,0.0,0.0,0.0
-6.9240313,-12.813767,-5.2385135,0.0,0.0,0.0,0.0,0.0,0.0
-6.9240313,-12.813767,-5.2385135,0.0,0.0,0.0,0.0,0.0,0.0
-7.441179,-11.444284,-6.0142345,0.0,0.0,0.0,0.0,0.0,0.0
-7.441179,-11.444284,-6.0142345,0.0,0.0,0.0,0.0,0.0,0.0
-7.795521,-11.827356,-6.5601125,0.0,0.0,0.0,0.0,0.0,0.0
-7.795521,-11.827356,-6.5601125,0.0,0.0,0.0,0.0,0.0,0.0
-7.9104424,-12.823344,-6.694188,0.0,0.0,0.0,0.0,0.0,0.0
-5.3725886,-9.433155,-4.7979803,0.0,0.0,0.0,0.0,0.0,0.0
-5.3725886,-9.433155,-4.7979803,0.0,0.0,0.0,0.0,0.0,0.0
-4.414908,-8.0924015,-3.3806129,0.0,0.0,0.0,0.0,0.0,0.0
-4.414908,-8.0924015,-3.3806129,0.0,0.0,0.0,0.0,0.0,0.0
-3.8786068,-8.111555,-2.4037786,0.0,0.0,0.0,0.0,0.0,0.0
-3.8786068,-8.111555,-2.4037786,0.0,0.0,0.0,0.0,0.0,0.0
-3.7732618,-8.954314,-1.8866309,0.0,0.0,0.0,0.0,0.0,0.0
-3.7732618,-8.954314,-1.8866309,0.0,0.0,0.0,0.0,0.0,0.0
-3.7924154,-11.741165,-1.2354081,0.0,0.0,0.0,0.0,0.0,0.0
-3.7924154,-11.741165,-1.2354081,0.0,0.0,0.0,0.0,0.0,0.0
-3.217807,-13.359646,-1.2258313,0.0,0.0,0.0,0.0,0.0,0.0
-3.217807,-13.359646,-1.2258313,0.0,0.0,0.0,0.0,0.0,0.0
-2.3942018,-13.88637,-1.0151415,0.0,0.0,0.0,0.0,0.0,0.0
-2.3942018,-13.88637,-1.0151415,0.0,0.0,0.0,0.0,0.0,0.0
-0.10534488,-9.624691,-0.641646,0.0,0.0,0.0,0.0,0.0,0.0
-0.10534488,-9.624691,-0.641646,0.0,0.0,0.0,0.0,0.0,0.0
-0.32561144,-7.0581064,-1.3982137,0.0,0.0,0.0,0.0,0.0,0.0
-0.32561144,-7.0581064,-1.3982137,0.0,0.0,0.0,0.0,0.0,0.0
-1.2737153,-5.6407394,-2.1068976,0.0,0.0,0.0,0.0,0.0,0.0
-1.541866,-4.7309427,-2.681506,0.0,0.0,0.0,0.0,0.0,0.0
-1.541866,-4.7309427,-2.681506,0.0,0.0,0.0,0.0,0.0,0.0
-2.2218192,-2.873042,-3.2082303,0.0,0.0,0.0,0.0,0.0,0.0
-2.2218192,-2.873042,-3.2082303,0.0,0.0,0.0,0.0,0.0,0.0
-2.6910827,-2.777274,-4.261679,0.0,0.0,0.0,0.0,0.0,0.0
-2.6910827,-2.777274,-4.261679,0.0,0.0,0.0,0.0,0.0,0.0
-3.217807,-3.265691,-4.8745947,0.0,0.0,0.0,0.0,0.0,0.0
-3.217807,-3.265691,-4.8745947,0.0,0.0,0.0,0.0,0.0,0.0
-3.0454245,-3.9073372,-4.098873,0.0,0.0,0.0,0.0,0.0,0.0
-3.0454245,-3.9073372,-4.098873,0.0,0.0,0.0,0.0,0.0,0.0
-1.6089035,-6.6750345,-2.1164744,0.0,0.0,0.0,0.0,0.0,0.0
-1.6089035,-6.6750345,-2.1164744,0.0,0.0,0.0,0.0,0.0,0.0
-2.1643584,-7.144298,-2.5761611,0.0,0.0,0.0,0.0,0.0,0.0
-2.1643584,-7.144298,-2.5761611,0.0,0.0,0.0,0.0,0.0,0.0
-2.9975405,-7.6231384,-2.9783869,0.0,0.0,0.0,0.0,0.0,0.0
-2.9975405,-7.6231384,-2.9783869,0.0,0.0,0.0,0.0,0.0,0.0
-5.1523223,-8.207323,-4.414908,0.0,0.0,0.0,0.0,0.0,0.0
-5.1523223,-8.207323,-4.414908,0.0,0.0,0.0,0.0,0.0,0.0
-6.1770406,-9.040505,-5.046977,0.0,0.0,0.0,0.0,0.0,0.0
-7.4507556,-10.390836,-6.9144545,0.0,0.0,0.0,0.0,0.0,0.0
-7.4507556,-10.390836,-6.9144545,0.0,0.0,0.0,0.0,0.0,0.0
-9.959879,-10.869676,-16.711529,0.0,0.0,0.0,0.0,0.0,0.0
-9.959879,-10.869676,-16.711529,0.0,0.0,0.0,0.0,0.0,0.0
-4.31914,-6.7803793,-2.9879637,0.0,0.0,0.0,0.0,0.0,0.0
-4.31914,-6.7803793,-2.9879637,0.0,0.0,0.0,0.0,0.0,0.0
-4.817134,-11.003751,-1.7812861,0.0,0.0,0.0,0.0,0.0,0.0
-4.817134,-11.003751,-1.7812861,0.0,0.0,0.0,0.0,0.0,0.0
-4.5202527,-14.049175,-3.0262709,0.0,0.0,0.0,0.0,0.0,0.0
-4.5202527,-14.049175,-3.0262709,0.0,0.0,0.0,0.0,0.0,0.0
-2.087744,-10.888829,-2.432509,0.0,0.0,0.0,0.0,0.0,0.0
-2.087744,-10.888829,-2.432509,0.0,0.0,0.0,0.0,0.0,0.0
-2.6144683,-11.492168,-0.48841715,0.0,0.0,0.0,0.0,0.0,0.0
-2.6144683,-11.492168,-0.48841715,0.0,0.0,0.0,0.0,0.0,0.0
-3.620033,-11.731588,-0.7374141,0.0,0.0,0.0,0.0,0.0,0.0
-4.2521024,-11.559206,-1.0247183,0.0,0.0,0.0,0.0,0.0,0.0
-4.2521024,-11.559206,-1.0247183,0.0,0.0,0.0,0.0,0.0,0.0
-5.6215854,-11.769896,-0.7086837,0.0,0.0,0.0,0.0,0.0,0.0
-5.6215854,-11.769896,-0.7086837,0.0,0.0,0.0,0.0,0.0,0.0
-6.397307,-11.597513,-0.41180268,0.0,0.0,0.0,0.0,0.0,0.0
-6.397307,-11.597513,-0.41180268,0.0,0.0,0.0,0.0,0.0,0.0
-6.7133417,-10.304645,-0.40222588,0.0,0.0,0.0,0.0,0.0,0.0
-6.7133417,-10.304645,-0.40222588,0.0,0.0,0.0,0.0,0.0,0.0
-4.7022123,-7.4986396,-1.2641385,0.0,0.0,0.0,0.0,0.0,0.0
-4.7022123,-7.4986396,-1.2641385,0.0,0.0,0.0,0.0,0.0,0.0
-3.5529952,-6.5696893,-1.7046716,0.0,0.0,0.0,0.0,0.0,0.0
-3.5529952,-6.5696893,-1.7046716,0.0,0.0,0.0,0.0,0.0,0.0
-2.7006595,-5.765238,-2.1643584,0.0,0.0,0.0,0.0,0.0,0.0
-2.7006595,-5.765238,-2.1643584,0.0,0.0,0.0,0.0,0.0,0.0
-2.1452048,-5.094861,-2.4037786,0.0,0.0,0.0,0.0,0.0,0.0
-2.1452048,-5.094861,-2.4037786,0.0,0.0,0.0,0.0,0.0,0.0
-1.292869,-4.280833,-2.8443117,0.0,0.0,0.0,0.0,0.0,0.0
-1.292869,-4.280833,-2.8443117,0.0,0.0,0.0,0.0,0.0,0.0
-1.1300632,-4.156334,-2.8634653,0.0,0.0,0.0,0.0,0.0,0.0
-1.3215994,-4.711789,-2.9879637,0.0,0.0,0.0,0.0,0.0,0.0
-1.3215994,-4.711789,-2.9879637,0.0,0.0,0.0,0.0,0.0,0.0
-1.6089035,-6.3206925,-3.169923,0.0,0.0,0.0,0.0,0.0,0.0
-1.6089035,-6.3206925,-3.169923,0.0,0.0,0.0,0.0,0.0,0.0
-1.9728222,-7.067683,-3.5625722,0.0,0.0,0.0,0.0,0.0,0.0
-1.9728222,-7.067683,-3.5625722,0.0,0.0,0.0,0.0,0.0,0.0
-2.7485435,-7.9008656,-3.9839516,0.0,0.0,0.0,0.0,0.0,0.0
-2.7485435,-7.9008656,-3.9839516,0.0,0.0,0.0,0.0,0.0,0.0
-3.7732618,-8.724471,-4.280833,0.0,0.0,0.0,0.0,0.0,0.0
-3.7732618,-8.724471,-4.280833,0.0,0.0,0.0,0.0,0.0,0.0
-5.717354,-10.869676,-4.462792,0.0,0.0,0.0,0.0,0.0,0.0
-5.717354,-10.869676,-4.462792,0.0,0.0,0.0,0.0,0.0,0.0
-6.646304,-12.363658,-4.721366,0.0,0.0,0.0,0.0,0.0,0.0
-6.646304,-12.363658,-4.721366,0.0,0.0,0.0,0.0,0.0,0.0
-7.536947,-12.631808,-5.3342814,0.0,0.0,0.0,0.0,0.0,0.0
-7.536947,-12.631808,-5.3342814,0.0,0.0,0.0,0.0,0.0,0.0
-8.015787,-11.923124,-5.889736,0.0,0.0,0.0,0.0,0.0,0.0
-8.015787,-11.923124,-5.889736,0.0,0.0,0.0,0.0,0.0,0.0
-7.7667904,-10.25676,-7.3071036,0.0,0.0,0.0,0.0,0.0,0.0
-7.7667904,-10.25676,-7.3071036,0.0,0.0,0.0,0.0,0.0,0.0
-7.3645644,-11.022904,-7.642292,0.0,0.0,0.0,0.0,0.0,0.0
-6.7708025,-11.568783,-7.603985,0.0,0.0,0.0,0.0,0.0,0.0
-6.7708025,-11.568783,-7.603985,0.0,0.0,0.0,0.0,0.0,0.0
-5.056554,-9.586384,-3.6008794,0.0,0.0,0.0,0.0,0.0,0.0
-5.056554,-9.586384,-3.6008794,0.0,0.0,0.0,0.0,0.0,0.0
-4.8745947,-9.634268,-2.4133554,0.0,0.0,0.0,0.0,0.0,0.0
-4.8745947,-9.634268,-2.4133554,0.0,0.0,0.0,0.0,0.0,0.0
-4.4244847,-9.844957,-2.087744,0.0,0.0,0.0,0.0,0.0,0.0
-4.4244847,-9.844957,-2.087744,0.0,0.0,0.0,0.0,0.0,0.0
-4.2999864,-10.984597,-1.6759412,0.0,0.0,0.0,0.0,0.0,0.0
-4.2999864,-10.984597,-1.6759412,0.0,0.0,0.0,0.0,0.0,0.0
-3.9935284,-13.742718,-1.091756,0.0,0.0,0.0,0.0,0.0,0.0
-3.9935284,-13.742718,-1.091756,0.0,0.0,0.0,0.0,0.0,0.0
-3.1603463,-14.001291,-0.9768343,0.0,0.0,0.0,0.0,0.0,0.0
-3.1603463,-14.001291,-0.9768343,0.0,0.0,0.0,0.0,0.0,0.0
-1.8291701,-12.440272,-0.6703765,0.0,0.0,0.0,0.0,0.0,0.0
-1.8291701,-12.440272,-0.6703765,0.0,0.0,0.0,0.0,0.0,0.0
0.30645782,-7.2113357,-1.2354081,0.0,0.0,0.0,0.0,0.0,0.0
0.2681506,-5.401319,-1.6184803,0.0,0.0,0.0,0.0,0.0,0.0
0.2681506,-5.401319,-1.6184803,0.0,0.0,0.0,0.0,0.0,0.0
-0.21068975,-4.6160207,-1.8770541,0.0,0.0,0.0,0.0,0.0,0.0
-0.21068975,-4.6160207,-1.8770541,0.0,0.0,0.0,0.0,0.0,0.0
-0.6895301,-4.213795,-2.1930888,0.0,0.0,0.0,0.0,0.0,0.0
-0.6895301,-4.213795,-2.1930888,0.0,0.0,0.0,0.0,0.0,0.0
-1.0821792,-3.4859576,-2.078167,0.0,0.0,0.0,0.0,0.0,0.0
-1.0821792,-3.4859576,-2.078167,0.0,0.0,0.0,0.0,0.0,0.0
-1.1875241,-3.8019924,-1.8387469,0.0,0.0,0.0,0.0,0.0,0.0
-1.1875241,-3.8019924,-1.8387469,0.0,0.0,0.0,0.0,0.0,0.0
-1.340753,-4.2042184,-1.7717092,0.0,0.0,0.0,0.0,0.0,0.0
-1.340753,-4.2042184,-1.7717092,0.0,0.0,0.0,0.0,0.0,0.0
-2.920926,-5.315128,-3.4380736,0.0,0.0,0.0,0.0,0.0,0.0
-2.920926,-5.315128,-3.4380736,0.0,0.0,0.0,0.0,0.0,0.0
-3.3997664,-5.7748146,-3.9360676,0.0,0.0,0.0,0.0,0.0,0.0
-3.3997664,-5.7748146,-3.9360676,0.0,0.0,0.0,0.0,0.0,0.0
-3.6870706,-7.144298,-3.8115692,0.0,0.0,0.0,0.0,0.0,0.0
-4.2904096,-8.082825,-3.8498764,0.0,0.0,0.0,0.0,0.0,0.0
-4.2904096,-8.082825,-3.8498764,0.0,0.0,0.0,0.0,0.0,0.0
-6.3206925,-9.500193,-5.592855,0.0,0.0,0.0,0.0,0.0,0.0
-6.3206925,-9.500193,-5.592855,0.0,0.0,0.0,0.0,0.0,0.0
-7.575254,-11.013328,-8.743625,0.0,0.0,0.0,0.0,0.0,0.0
-7.575254,-11.013328,-8.743625,0.0,0.0,0.0,0.0,0.0,0.0
-9.816227,-11.884817,-19.191921,0.0,0.0,0.0,0.0,0.0,0.0
-9.816227,-11.884817,-19.191921,0.0,0.0,0.0,0.0,0.0,0.0
-3.8881836,-6.0621185,-3.5338416,0.0,0.0,0.0,0.0,0.0,0.0
-3.8881836,-6.0621185,-3.5338416,0.0,0.0,0.0,0.0,0.0,0.0
-4.7022123,-9.911995,-1.6280571,0.0,0.0,0.0,0.0,0.0,0.0
-4.7022123,-9.911995,-1.6280571,0.0,0.0,0.0,0.0,0.0,0.0
-5.8226986,-14.106636,-2.0398598,0.0,0.0,0.0,0.0,0.0,0.0
-5.8226986,-14.106636,-2.0398598,0.0,0.0,0.0,0.0,0.0,0.0
-4.0892963,-13.464991,-4.405331,0.0,0.0,0.0,0.0,0.0,0.0
-4.0892963,-13.464991,-4.405331,0.0,0.0,0.0,0.0,0.0,0.0
-2.9400797,-11.712435,-1.5035586,0.0,0.0,0.0,0.0,0.0,0.0
-2.9400797,-11.712435,-1.5035586,0.0,0.0,0.0,0.0,0.0,0.0
-3.2273839,-11.9135475,-0.05746084,0.0,0.0,0.0,0.0,0.0,0.0
-3.7445314,-11.252748,-0.7374141,0.0,0.0,0.0,0.0,0.0,0.0
-3.7445314,-11.252748,-0.7374141,0.0,0.0,0.0,0.0,0.0,0.0
-5.0374002,-10.218452,-1.1492168,0.0,0.0,0.0,0.0,0.0,0.0
-5.0374002,-10.218452,-1.1492168,0.0,0.0,0.0,0.0,0.0,0.0
-5.8322754,-10.132261,-0.6512229,0.0,0.0,0.0,0.0,0.0,0.0
-5.8322754,-10.132261,-0.6512229,0.0,0.0,0.0,0.0,0.0,0.0
-6.4068837,-10.065224,-0.45010993,0.0,0.0,0.0,0.0,0.0,0.0
-6.4068837,-10.065224,-0.45010993,0.0,0.0,0.0,0.0,0.0,0.0
-5.171476,-7.07726,-0.41180268,0.0,0.0,0.0,0.0,0.0,0.0
-5.171476,-7.07726,-0.41180268,0.0,0.0,0.0,0.0,0.0,0.0
-5.171476,-7.07726,-0.41180268,0.0,0.0,0.0,0.0,0.0,0.0
-4.3861775,-6.2345014,-0.62249243,0.0,0.0,0.0,0.0,0.0,0.0
-3.3901896,-5.48751,-1.0151415,0.0,0.0,0.0,0.0,0.0,0.0
-2.0398598,-4.5681367,-1.8770541,0.0,0.0,0.0,0.0,0.0,0.0
-2.0398598,-4.5681367,-1.8770541,0.0,0.0,0.0,0.0,0.0,0.0
-2.0398598,-4.5681367,-1.8770541,0.0,0.0,0.0,0.0,0.0,0.0
-8.695741,-12.804191,-16.922218,0.0,0.0,0.0,0.0,0.0,0.0
-8.695741,-12.804191,-16.922218,0.0,0.0,0.0,0.0,0.0,0.0
-9.452309,-11.176133,-14.470555,0.0,0.0,0.0,0.0,0.0,0.0
-9.452309,-11.176133,-14.470555,0.0,0.0,0.0,0.0,0.0,0.0
-9.452309,-11.176133,-14.470555,0.0,0.0,0.0,0.0,0.0,0.0
-4.4244847,-7.2209125,-1.8962077,0.0,0.0,0.0,0.0,0.0,0.0
-4.55856,-7.7572136,-1.283292,0.0,0.0,0.0,0.0,0.0,0.0
-4.55856,-7.7572136,-1.283292,0.0,0.0,0.0,0.0,0.0,0.0
-5.4683566,-10.994174,-0.7565677,0.0,0.0,0.0,0.0,0.0,0.0
-5.4683566,-10.994174,-0.7565677,0.0,0.0,0.0,0.0,0.0,0.0
-5.755661,-12.957419,-0.7182605,0.0,0.0,0.0,0.0,0.0,0.0
-5.755661,-12.957419,-0.7182605,0.0,0.0,0.0,0.0,0.0,0.0
-5.6982,-12.229582,-0.9864111,0.0,0.0,0.0,0.0,0.0,0.0
-5.6982,-12.229582,-0.9864111,0.0,0.0,0.0,0.0,0.0,0.0
-5.2768207,-11.15698,-0.92895025,0.0,0.0,0.0,0.0,0.0,0.0
-5.2768207,-11.15698,-0.92895025,0.0,0.0,0.0,0.0,0.0,0.0
-5.4204726,-10.400413,-0.63206923,0.0,0.0,0.0,0.0,0.0,0.0
-5.4204726,-10.400413,-0.63206923,0.0,0.0,0.0,0.0,0.0,0.0
-5.803545,-10.055647,-0.6607997,0.0,0.0,0.0,0.0,0.0,0.0
-5.803545,-10.055647,-0.6607997,0.0,0.0,0.0,0.0,0.0,0.0
-5.8801594,-8.24563,0.22026655,0.0,0.0,0.0,0.0,0.0,0.0
-5.8801594,-8.24563,0.22026655,0.0,0.0,0.0,0.0,0.0,0.0
-5.1235914,-6.8091097,0.8331822,0.0,0.0,0.0,0.0,0.0,0.0
-4.1371803,-5.497087,0.92895025,0.0,0.0,0.0,0.0,0.0,0.0
-4.1371803,-5.497087,0.92895025,0.0,0.0,0.0,0.0,0.0,0.0
-2.7006595,-3.86903,0.41180268,0.0,0.0,0.0,0.0,0.0,0.0
-2.7006595,-3.86903,0.41180268,0.0,0.0,0.0,0.0,0.0,0.0
-2.27928,-3.4955344,0.24899697,0.0,0.0,0.0,0.0,0.0,0.0
-2.27928,-3.4955344,0.24899697,0.0,0.0,0.0,0.0,0.0,0.0
-2.0590134,-3.3423057,0.02873042,0.0,0.0,0.0,0.0,0.0,0.0
-2.0590134,-3.3423057,0.02873042,0.0,0.0,0.0,0.0,0.0,0.0
-2.078167,-3.7253778,-0.16280572,0.0,0.0,0.0,0.0,0.0,0.0
-2.078167,-3.7253778,-0.16280572,0.0,0.0,0.0,0.0,0.0,0.0
-2.7389667,-5.995081,-0.38307226,0.0,0.0,0.0,0.0,0.0,0.0
-2.7389667,-5.995081,-0.38307226,0.0,0.0,0.0,0.0,0.0,0.0
-3.2848446,-7.249643,-0.5363012,0.0,0.0,0.0,0.0,0.0,0.0
-3.2848446,-7.249643,-0.5363012,0.0,0.0,0.0,0.0,0.0,0.0
-3.9073372,-8.293514,-0.8523358,0.0,0.0,0.0,0.0,0.0,0.0
-3.9073372,-8.293514,-0.8523358,0.0,0.0,0.0,0.0,0.0,0.0
-5.861006,-11.051635,-1.8387469,0.0,0.0,0.0,0.0,0.0,0.0
-5.861006,-11.051635,-1.8387469,0.0,0.0,0.0,0.0,0.0,0.0
-6.847417,-12.53604,-2.6144683,0.0,0.0,0.0,0.0,0.0,0.0
-6.847417,-12.53604,-2.6144683,0.0,0.0,0.0,0.0,0.0,0.0
-6.847417,-12.53604,-2.6144683,0.0,0.0,0.0,0.0,0.0,0.0
-7.920019,-13.474567,-4.9895163,0.0,0.0,0.0,0.0,0.0,0.0
-7.920019,-13.474567,-4.9895163,0.0,0.0,0.0,0.0,0.0,0.0
-8.523358,-12.258312,-4.7405195,0.0,0.0,0.0,0.0,0.0,0.0
-8.523358,-12.258312,-4.7405195,0.0,0.0,0.0,0.0,0.0,0.0
-8.829816,-10.419566,-4.55856,0.0,0.0,0.0,0.0,0.0,0.0
-9.825804,-10.01734,-4.8841715,0.0,0.0,0.0,0.0,0.0,0.0
-9.825804,-10.01734,-4.8841715,0.0,0.0,0.0,0.0,0.0,0.0
-10.228029,-11.453861,-4.8937483,0.0,0.0,0.0,0.0,0.0,0.0
-10.228029,-11.453861,-4.8937483,0.0,0.0,0.0,0.0,0.0,0.0
-8.973468,-11.137826,-4.280833,0.0,0.0,0.0,0.0,0.0,0.0
-8.973468,-11.137826,-4.280833,0.0,0.0,0.0,0.0,0.0,0.0
-6.703765,-9.222465,-3.1986535,0.0,0.0,0.0,0.0,0.0,0.0
-6.703765,-9.222465,-3.1986535,0.0,0.0,0.0,0.0,0.0,0.0
-4.2425256,-9.040505,-0.23942018,0.0,0.0,0.0,0.0,0.0,0.0
-4.2425256,-9.040505,-0.23942018,0.0,0.0,0.0,0.0,0.0,0.0
-4.060566,-10.141838,0.08619126,0.0,0.0,0.0,0.0,0.0,0.0
-4.060566,-10.141838,0.08619126,0.0,0.0,0.0,0.0,0.0,0.0
-4.2999864,-11.540052,0.35434186,0.0,0.0,0.0,0.0,0.0,0.0
-4.2999864,-11.540052,0.35434186,0.0,0.0,0.0,0.0,0.0,0.0
-4.1371803,-13.445837,0.60333884,0.0,0.0,0.0,0.0,0.0,0.0
-4.1371803,-13.445837,0.60333884,0.0,0.0,0.0,0.0,0.0,0.0
-3.265691,-12.363658,0.8619126,0.0,0.0,0.0,0.0,0.0,0.0
-3.265691,-12.363658,0.8619126,0.0,0.0,0.0,0.0,0.0,0.0
-2.719813,-10.448297,0.06703765,0.0,0.0,0.0,0.0,0.0,0.0
-2.1260512,-8.810662,-0.62249243,0.0,0.0,0.0,0.0,0.0,0.0
-2.1260512,-8.810662,-0.62249243,0.0,0.0,0.0,0.0,0.0,0.0
-1.5035586,-6.0525417,-1.3311762,0.0,0.0,0.0,0.0,0.0,0.0
-1.5035586,-6.0525417,-1.3311762,0.0,0.0,0.0,0.0,0.0,0.0
-1.3503298,-4.9895163,-1.4748282,0.0,0.0,0.0,0.0,0.0,0.0
-1.3503298,-4.9895163,-1.4748282,0.0,0.0,0.0,0.0,0.0,0.0
-1.1971009,-4.2042184,-1.4652514,0.0,0.0,0.0,0.0,0.0,0.0
-1.1971009,-4.2042184,-1.4652514,0.0,0.0,0.0,0.0,0.0,0.0
-0.7469909,-3.9360676,-0.5554548,0.0,0.0,0.0,0.0,0.0,0.0
-0.7469909,-3.9360676,-0.5554548,0.0,0.0,0.0,0.0,0.0,0.0
-1.043872,-4.606444,-0.22984336,0.0,0.0,0.0,0.0,0.0,0.0
-1.043872,-4.606444,-0.22984336,0.0,0.0,0.0,0.0,0.0,0.0
-1.8195933,-5.544971,-0.30645782,0.0,0.0,0.0,0.0,0.0,0.0
-1.8195933,-5.544971,-0.30645782,0.0,0.0,0.0,0.0,0.0,0.0
-2.585738,-6.215348,-0.5267244,0.0,0.0,0.0,0.0,0.0,0.0
-2.585738,-6.215348,-0.5267244,0.0,0.0,0.0,0.0,0.0,0.0
-4.0222588,-7.1059904,-0.8331822,0.0,0.0,0.0,0.0,0.0,0.0
-4.0222588,-7.1059904,-0.8331822,0.0,0.0,0.0,0.0,0.0,0.0
-4.912902,-7.824251,-0.45010993,0.0,0.0,0.0,0.0,0.0,0.0
-6.3111157,-9.471462,-0.48841715,0.0,0.0,0.0,0.0,0.0,0.0
-6.3111157,-9.471462,-0.48841715,0.0,0.0,0.0,0.0,0.0,0.0
-6.3111157,-9.471462,-0.48841715,0.0,0.0,0.0,0.0,0.0,0.0
-8.552089,-11.559206,-3.5529952,0.0,0.0,0.0,0.0,0.0,0.0
-8.552089,-11.559206,-3.5529952,0.0,0.0,0.0,0.0,0.0,0.0
-12.641385,-10.70687,-14.231135,0.0,0.0,0.0,0.0,0.0,0.0
-17.190369,-6.129156,-18.856733,0.0,0.0,0.0,0.0,0.0,0.0
-17.190369,-6.129156,-18.856733,0.0,0.0,0.0,0.0,0.0,0.0
-6.8569937,-3.2561142,-6.7324953,0.0,0.0,0.0,0.0,0.0,0.0
-6.8569937,-3.2561142,-6.7324953,0.0,0.0,0.0,0.0,0.0,0.0
-7.1826053,-11.444284,1.1875241,0.0,0.0,0.0,0.0,0.0,0.0
-7.1826053,-11.444284,1.1875241,0.0,0.0,0.0,0.0,0.0,0.0
-7.240066,-13.666103,-0.06703765,0.0,0.0,0.0,0.0,0.0,0.0
-7.240066,-13.666103,-0.06703765,0.0,0.0,0.0,0.0,0.0,0.0
-5.4683566,-14.355634,0.5746084,0.0,0.0,0.0,0.0,0.0,0.0
-5.4683566,-14.355634,0.5746084,0.0,0.0,0.0,0.0,0.0,0.0
-3.2561142,-13.40753,0.15322891,0.0,0.0,0.0,0.0,0.0,0.0
