-0.0023950196,4.7397437,7.434141,-0.02103375,0.067506075,-0.13318348,0.070100814,-0.021807453,9.67494
-0.8047266,5.760022,8.672366,0.029261662,0.08666623,-0.19305897,-0.08594335,0.041839752,9.615595
-0.28500733,5.6977515,11.146421,0.07986382,0.14225116,-0.11882591,-0.13236177,0.09932403,9.691116
-0.38080812,5.5588408,13.304334,-0.036831632,0.094120815,-0.15235138,-0.10162925,-0.02240398,9.656332
-0.4382886,5.633086,14.688656,-0.0025207642,0.09439081,-0.068532944,-0.095208555,0.01147768,9.740194
0.081430666,6.832991,14.650335,-0.031498596,0.11588366,-0.21702194,-0.123825826,-0.013475864,9.592162
0.5891748,7.3311553,12.554693,0.013962856,0.13312711,-0.12362671,-0.1323807,0.033414893,9.685986
0.3544629,5.0846267,12.207415,0.076372325,0.07572615,-0.22661495,-0.068824254,0.087526985,9.581875
-0.41194338,3.2739918,16.092136,-0.016567314,0.14487009,-0.20026398,-0.14998545,0.005706335,9.609573
-0.57719976,2.203418,17.407003,-0.013928869,0.1523049,-0.0829134,-0.15443671,0.0089434255,9.72706
-0.7711963,2.1722827,13.931829,0.06964645,0.08059068,-0.20027256,-0.073863596,0.08158874,9.608302
-1.707649,2.411785,10.420731,0.058372475,0.21000935,-0.20506573,-0.20334645,0.089870974,9.606309
-2.4644752,2.579436,7.7790236,0.096937366,0.08070566,-0.16674614,-0.06884386,0.108714215,9.641858
-1.719624,2.0261867,7.676038,0.04688734,0.085608765,-0.14758873,-0.080706246,0.05994029,9.6610365
-0.8646021,1.3076807,8.068821,-0.0075924955,0.07813734,-0.28410053,-0.084420085,0.005871241,9.524311
-0.3544629,1.1783496,6.8737063,0.06419898,0.06612335,-0.25296307,-0.060868658,0.07480894,9.555289
-1.0394385,1.6860938,4.8283596,0.04282676,0.06894985,-0.14519787,-0.06462503,0.053611025,9.6630535
-1.7723145,2.8979738,2.4860303,0.040628683,0.17938583,0.015262604,-0.17060766,0.06772316,9.825872
-2.0381618,4.2439747,1.0777588,0.053239767,0.07251167,-0.23383904,-0.068272576,0.06499291,9.574514
-2.1100123,5.1612673,1.0633887,0.06338747,0.15623988,-0.05181694,-0.14528129,0.087585516,9.758318
-1.9878663,5.333709,2.440525,-0.008366812,0.15387866,-0.17875385,-0.15700369,0.017047055,9.631263
-1.2310401,5.4989653,3.9924977,0.061357718,0.06537111,-0.11169624,-0.057054594,0.07156021,9.696478
-0.35925296,5.5708156,5.961204,-0.03157365,0.022427455,-0.20510578,-0.031581584,-0.026547821,9.602038
0.79993653,5.4175344,7.3575,-5.9260055E-6,0.061040282,-0.1787672,-0.063981816,0.010823184,9.629244
1.7603394,6.0593996,7.4940166,0.062469296,0.12569277,-0.118891716,-0.11618155,0.08285878,9.690578
2.0046315,7.36708,8.308323,0.11041146,0.11405556,-0.26020527,-0.09982682,0.12887375,9.5491
1.4609619,8.392149,9.038804,0.13621627,0.11870718,-0.08775997,-0.09687759,0.154068,9.721645
1.4010864,8.334668,10.739268,0.050218266,0.14072207,-0.19794178,-0.13483654,0.07332884,9.611849
2.3830445,8.418494,12.664864,-0.055362035,0.08363272,-0.11172962,-0.093785584,-0.040656142,9.696677
2.3998096,7.6425076,11.452984,0.09074418,0.16555607,-0.19077587,-0.15283062,0.116995916,9.619585
-0.47181886,5.352869,9.3453665,0.0088753905,0.14849097,-0.26740837,-0.15078102,0.033598162,9.542507
-1.575923,2.186653,12.303216,-0.043709546,0.09493831,-0.11171436,-0.103064515,-0.027358582,9.696955
-0.8334668,-0.13172609,14.164146,0.069039874,0.12182003,-0.11172676,-0.111455254,0.08825019,9.6976595
0.38080812,0.45984375,11.898458,0.05515512,0.12698981,-0.06383419,-0.117650315,0.07535111,9.7456255
0.3520679,3.0177248,7.937095,0.050431952,0.16555917,-0.116529465,-0.15757012,0.0772021,9.693763
-0.364043,5.0606766,5.4606447,0.0011154432,0.10601713,-0.15006828,-0.107470214,0.019448273,9.65889
-1.2717555,5.6738014,5.7696023,0.049188178,0.14205267,-0.030319214,-0.13243107,0.07238067,9.779434
-1.4753321,5.254673,7.8748245,0.047610167,0.14020328,-0.21714401,-0.13455611,0.07177554,9.5926
-1.1280543,4.9217653,8.52148,-0.014844684,0.07081205,-0.12134457,-0.07482023,-0.0020793,9.6868305
-0.33530274,4.88584,7.4940166,-0.029399475,0.16751939,-0.20758438,-0.17435521,-3.3569442E-5,9.602645
0.5724097,5.2858086,6.1695704,-0.024523642,0.083502114,-0.21237087,-0.0908347,-0.009179858,9.596079
1.1927198,5.47741,5.774392,0.083208084,0.15814054,-0.19561386,-0.14602998,0.109363414,9.614527
1.4346168,5.3792143,6.100115,0.011945792,0.14369518,-0.2698574,-0.14514191,0.037446037,9.539919
1.6022681,4.8115945,6.5144534,0.026586942,0.17019723,-0.14053059,-0.1660116,0.05596737,9.669791
1.9208057,4.4738965,7.062913,0.043296073,0.14679678,-0.2123928,-0.14165261,0.06860414,9.597456
2.3614893,4.617598,7.247329,0.05312694,0.11379178,-0.114209175,-0.1053937,0.0722719,9.694921
2.4956105,4.91937,8.133487,0.067446575,0.0806181,-0.11900616,-0.07041951,0.08069802,9.689434
2.2345533,5.49657,9.251961,0.02748377,0.16741474,-0.0926733,-0.16202445,0.056383476,9.717543
2.0501368,6.12646,9.726174,0.027603235,0.10570671,-0.13100624,-0.10202477,0.046001494,9.677914
2.2680836,7.053333,10.554852,0.11189483,0.120762855,-0.20766163,0.0,0.0,0.0
2.6345215,7.31918,11.402688,0.04014021,0.12774885,-0.17412663,-0.12231553,0.06258968,9.635266
2.675237,8.073611,12.2361555,0.07693799,0.1118779,-0.102295876,0.0,0.0,0.0
1.4968873,9.223221,10.662627,-0.001706413,0.088055894,-0.20288944,0.0,0.0,0.0
-0.009580079,7.0174074,9.496253,-0.054747466,0.08999342,-0.20048428,0.0,0.0,0.0
-0.732876,4.351751,13.206139,0.044038385,0.15479942,-0.15258789,0.0,0.0,0.0
-0.98435307,3.032095,13.560601,0.027545549,0.15051964,-0.23642349,0.0,0.0,0.0
-0.45744875,3.4703834,9.287886,-0.04425199,0.13583244,-0.21007156,0.0,0.0,0.0
0.5556446,4.0595584,6.449788,0.010839686,0.11957443,-0.13104725,0.0,0.0,0.0
1.1591895,4.406836,6.0186844,-0.028326128,0.1843051,-0.1741581,0.0,0.0,0.0
1.1567944,3.9829175,6.191126,0.09953722,0.04566501,-0.13584423,0.0,0.0,0.0
0.9364527,3.420088,6.0617948,0.11181641,0.11242378,-0.06398678,0.0,0.0,0.0
0.5221143,3.178191,6.7300053,0.068949476,0.04155183,-0.20052433,0.0,0.0,0.0
0.18681154,3.558999,6.8976564,1.9403128E-4,0.091722965,-0.19573116,0.0,0.0,0.0
0.011975098,4.366121,6.358777,0.0979814,0.11080381,-0.17656994,0.0,0.0,0.0
0.38559815,4.9241605,5.49657,0.0429791,0.099156916,-0.068800926,0.0,0.0,0.0
1.0226734,4.7062135,5.225933,0.009863934,0.16120264,-0.11909199,0.0,0.0,0.0
1.1472144,4.6128078,6.016289,0.029889159,0.08433083,-0.1693821,0.0,0.0,0.0
1.1472144,4.502637,6.7779055,0.084556825,0.06993471,-0.092741966,0.0,0.0,0.0
1.2358302,4.5744877,6.8808913,5.4126186E-4,0.18288732,-0.16460037,0.0,0.0,0.0
0.87178713,5.0606766,6.143225,0.0032166834,0.09687626,-0.15981388,0.0,0.0,0.0
0.7711963,5.3241286,6.8042507,0.027483024,0.13752684,-0.18376255,0.0,0.0,0.0
0.9436377,5.2091675,8.947793,0.066252075,0.1951233,-0.13826084,0.0,0.0,0.0
1.3555812,5.3863993,10.209969,0.05730139,0.099341795,-0.18855667,0.0,0.0,0.0
1.0705738,5.7696023,10.5620365,0.028378231,0.15718707,-0.114317894,0.0,0.0,0.0
0.19160157,6.353987,10.870995,0.09293671,0.17357548,-0.15981579,0.0,0.0,0.0
-0.086220704,7.6496925,12.106824,0.026433496,0.1182185,-0.14065075,0.0,0.0,0.0
-0.3520679,7.9347,11.704461,0.038807023,0.09934121,-0.23645687,0.0,0.0,0.0
-1.5639478,6.593489,11.5895,0.024773117,0.08272895,-0.16460991,0.0,0.0,0.0
-2.0429518,3.7338357,13.139078,-0.013815499,0.08800511,-0.107138634,0.0,0.0,0.0
-0.8909473,1.3962965,12.552298,0.024599751,0.09524386,-0.10953522,0.0,0.0,0.0
0.045505375,1.1711646,9.81,0.09409461,0.14729957,-0.15263271,0.0,0.0,0.0
0.033530276,2.3734643,7.2904396,0.087675415,0.18742111,-0.03047371,0.0,0.0,0.0
-0.732876,4.021238,5.6714063,0.0877868,0.10316101,-0.08555126,0.0,0.0,0.0
-1.3076807,4.749324,5.589976,0.05432027,0.18737757,-0.12627506,0.0,0.0,0.0
-1.5160475,4.7804594,7.194639,0.04074021,0.08226748,-0.13346481,0.0,0.0,0.0
-1.2358302,4.5577226,8.454419,0.02849181,0.08682652,-0.20531082,0.0,0.0,0.0
-0.5508545,4.8115945,8.202942,0.023217406,0.08480182,-0.20771313,0.0,0.0,0.0
0.17004639,5.0822315,6.9886675,0.0019288212,0.14441845,-0.12388229,0.0,0.0,0.0
0.21076173,5.637876,6.1504107,0.033378378,0.101145715,-0.16459465,0.0,0.0,0.0
0.17723145,5.6905665,6.344407,0.062348004,0.079790086,-0.14064789,0.0,0.0,0.0
0.6610254,5.247488,7.0102224,0.062400978,0.17515962,-0.109503746,0.0,0.0,0.0
1.3292359,4.9529004,6.8976564,0.079283625,0.08926824,-0.09274578,0.0,0.0,0.0
1.2382251,5.0558863,7.038963,0.029162517,0.19920798,-0.15022182,0.0,0.0,0.0
1.1975098,5.2666483,7.7167535,0.044041026,0.16086923,-0.2005167,0.0,0.0,0.0
1.3771362,5.5301003,8.653206,0.06604754,0.11511226,-0.09273529,0.0,0.0,0.0
2.0381618,5.5372853,9.740545,0.049569435,0.14155792,-0.19811821,0.0,0.0,0.0
2.9482691,5.6809864,10.154883,0.08841886,0.1604838,-0.2555933,0.0,0.0,0.0
3.06802,5.6354814,11.481724,-0.04998229,0.05759868,-0.20530033,0.0,0.0,0.0
2.9722195,6.2342362,12.590618,0.021896087,0.124454364,-0.18613625,0.0,0.0,0.0
1.8441651,8.708291,11.349998,0.029614462,0.16306905,-0.20051193,0.0,0.0,0.0
0.059875492,9.12263,8.339458,0.1807916,0.09380062,-0.1262703,0.0,0.0,0.0
-0.7664063,6.638994,10.3512745,0.042048387,0.08685914,-0.11909008,0.0,0.0,0.0
0.26584718,4.629573,12.0182085,0.044987276,0.1441597,-0.1957264,0.0,0.0,0.0
1.4274317,3.4488282,9.587264,0.088497855,0.17820598,-0.16939163,0.0,0.0,0.0
1.9782863,3.3865578,6.473738,0.08088822,0.120856434,-0.22448063,0.0,0.0,0.0
2.0525317,3.6236646,5.388794,0.04703981,0.10170427,-0.11191559,0.0,0.0,0.0
1.6717237,3.3793726,5.2810183,0.068941094,0.03151223,-0.21967506,0.0,0.0,0.0
1.5687379,2.663262,6.6030693,0.0619706,0.13001844,-0.21249676,0.0,0.0,0.0
1.3962965,2.0333717,8.025711,0.019045811,0.16333774,-0.14782715,0.0,0.0,0.0
1.1448194,2.574646,8.190968,0.060218796,0.09631252,-0.23644257,0.0,0.0,0.0
0.7879615,3.7266505,6.6773148,-0.0022708997,0.09632228,-0.22446823,0.0,0.0,0.0
0.18920656,4.7708793,5.3241286,0.039983705,0.17287087,-0.1574049,0.0,0.0,0.0
0.38320315,5.1804276,5.0534916,0.013484559,0.16302375,-0.17895603,0.0,0.0,0.0
0.9963282,4.967271,5.4582496,0.057173807,0.0362204,-0.20290756,0.0,0.0,0.0
1.6884888,4.648733,6.4905033,0.019019473,0.11510365,-0.11907959,0.0,0.0,0.0
1.7938697,4.402046,7.3718705,0.05505633,0.12906949,-0.14062595,0.0,0.0,0.0
0.82388675,4.9529004,7.999366,0.05475906,0.20332251,-0.085541725,0.0,0.0,0.0
0.22513184,5.640271,8.921448,0.052764297,0.08137946,-0.14542103,0.0,0.0,0.0
0.45026368,5.709727,10.818304,0.10061922,0.19104667,-0.10229969,0.0,0.0,0.0
1.094524,5.621111,11.481724,-0.06439783,0.1620156,-0.24120426,0.0,0.0,0.0
0.98195803,5.736072,11.829002,0.017123636,0.1134665,-0.13820553,0.0,0.0,0.0
0.5676197,6.2342362,12.327166,0.08405633,0.07219243,-0.18609428,0.0,0.0,0.0
-0.21555176,7.6664577,12.375067,-0.035972103,0.13025147,-0.12144089,0.0,0.0,0.0
-1.3555812,7.460486,10.914104,0.011494249,0.10655001,-0.21724606,0.0,0.0,0.0
-2.5914114,5.7073317,11.072176,0.037867438,0.14310831,-0.17893982,0.0,0.0,0.0
-2.2393434,2.9841945,12.365486,0.059461277,0.11916977,-0.14780426,0.0,0.0,0.0
-1.0083033,1.3004956,10.93087,0.018580478,0.15940027,-0.13821507,0.0,0.0,0.0
-0.45984375,1.3723463,8.935819,0.10763082,0.16197145,-0.15019226,0.0,0.0,0.0
-0.59156984,3.4895437,6.248606,0.014145305,0.041707143,-0.15976238,0.0,0.0,0.0
-0.8885523,4.4643164,4.7972245,0.07905676,0.14030331,-0.121450424,0.0,0.0,0.0
-1.219065,4.679868,4.926555,-0.0016172146,0.1284204,-0.19330311,0.0,0.0,0.0
-1.3268409,4.7325587,6.5240335,0.034588303,0.06863724,-0.12145424,0.0,0.0,0.0
-1.1520045,4.873865,7.788604,0.008457998,0.08781439,-0.18612003,0.0,0.0,0.0
-0.77359134,5.381609,6.71324,0.016145073,0.15467179,-0.15977001,0.0,0.0,0.0
-0.36883304,5.6450615,6.0665846,0.12176031,0.16412593,-0.22682762,0.0,0.0,0.0
0.117355965,5.6570363,6.461763,0.1217263,0.08712043,-0.14538956,0.0,0.0,0.0
0.41194338,5.3792143,7.1491337,0.068742424,0.053300634,-0.15735817,0.0,0.0,0.0
1.2070899,4.82357,7.6353226,0.049833518,0.1783775,-0.23640442,0.0,0.0,0.0
1.8202149,5.0534916,7.6305327,0.04748752,0.19021346,-0.21245193,0.0,0.0,0.0
2.0309765,5.199588,8.217313,-3.3281138E-4,0.07087663,-0.12863445,0.0,0.0,0.0
2.1818628,5.3097587,9.558523,0.057420064,0.08765757,-0.2148552,0.0,0.0,0.0
2.5339308,5.1636624,10.636282,0.14379731,0.08528745,-0.09989548,0.0,0.0,0.0
3.0416749,5.3049684,11.122471,0.015468304,0.04433173,-0.16215992,0.0,0.0,0.0
2.806963,5.216353,12.231365,0.07551328,0.11883116,-0.166955,0.0,0.0,0.0
2.6129665,5.7935524,13.062437,0.09189594,0.1953704,-0.025648117,0.0,0.0,0.0
2.3327491,7.0509377,11.512859,0.055734236,0.119280845,-0.18373013,0.0,0.0,0.0
0.06706055,7.2449346,8.897498,0.0421859,0.109621584,-0.2172575,0.0,0.0,0.0
-0.81909674,5.367239,11.505674,0.047849353,0.15276009,-0.16696262,0.0,0.0,0.0
0.026345216,3.4991236,12.231365,0.06238558,0.13597094,-0.19809723,0.0,0.0,0.0
1.331631,2.3878345,9.64714,0.036706723,0.114233956,-0.16456223,0.0,0.0,0.0
1.707649,2.5770411,7.4772515,0.010756677,0.16729183,-0.114274025,0.0,0.0,0.0
1.6477735,3.427273,5.886958,0.056564786,0.17441829,-0.12864208,0.0,0.0,0.0
1.6621436,3.5709743,4.9145803,0.1285699,0.06880103,-0.16935253,0.0,0.0,0.0
1.1903248,3.1566358,5.5612354,0.06657742,0.10033159,-0.13104057,0.0,0.0,0.0
0.87897223,2.7063723,6.72761,0.1080194,0.09044017,-0.10708237,0.0,0.0,0.0
0.50774413,2.7255323,7.3646855,0.06730847,0.15059195,-0.08792877,0.0,0.0,0.0
-0.019160157,3.551814,6.4928985,0.058332767,0.1700101,-0.07595825,0.0,0.0,0.0
-0.34488282,4.631968,5.376819,0.01027326,0.10019931,-0.14061642,0.0,0.0,0.0
0.0,5.012776,5.5612354,0.074758366,0.042649224,-0.111875534,0.0,0.0,0.0
0.4981641,4.974456,6.08814,0.13024704,0.1026395,-0.10469246,0.0,0.0,0.0
0.5221143,4.6199927,7.103628,0.027989112,0.10749328,-0.107087135,0.0,0.0,0.0
0.0023950196,4.993616,8.468789,0.06371772,0.08808212,-0.15977287,0.0,0.0,0.0
-0.5125342,5.1468973,9.311836,0.042454027,0.08112596,-0.16935635,0.0,0.0,0.0
-0.8334668,5.815108,9.625584,0.05941448,0.068963975,-0.12863731,0.0,0.0,0.0
-0.732876,6.353987,9.901011,0.076258264,0.10031037,6.8855286E-4,0.0,0.0,0.0
-0.63707525,6.231841,10.542876,0.045560226,0.13601947,-0.08313084,0.0,0.0,0.0
-0.76401126,6.1240654,10.98356,0.062870584,0.17154013,-0.17173767,0.0,0.0,0.0
-1.4202466,6.6294146,11.785892,0.015441386,0.09760712,-0.15976906,0.0,0.0,0.0
-1.7292042,7.407796,11.476934,0.030424003,0.1358086,-0.11186504,0.0,0.0,0.0
-2.6608667,7.932305,9.541759,0.028036231,0.18208507,-0.2028904,0.0,0.0,0.0
-3.6188745,6.5288234,8.334668,0.030731233,0.18974459,-0.047224045,0.0,0.0,0.0
-2.3375392,4.0882983,9.292676,0.07659836,0.14214215,-0.18374538,0.0,0.0,0.0
-0.7592212,1.951941,10.265054,0.052907705,0.0700994,-0.10470581,0.0,0.0,0.0
0.031135255,1.7292042,9.920172,0.06592253,0.16066563,-0.2076807,0.0,0.0,0.0
0.19639161,3.2620168,8.006551,0.073032446,0.16381319,-0.11668491,0.0,0.0,0.0
-0.040715333,3.8679566,7.103628,0.046856962,0.12850682,-0.15980911,0.0,0.0,0.0
0.026345216,4.102669,7.2329593,0.06614432,0.074025154,-0.25322628,0.0,0.0,0.0
0.17004639,4.0595584,7.8532696,0.044829205,0.09522155,-0.14304733,0.0,0.0,0.0
0.49576905,4.3182206,7.3790555,0.08791001,0.1573928,-0.21250153,0.0,0.0,0.0
0.9196875,4.639153,6.581514,0.09235726,0.11441742,-0.23645401,0.0,0.0,0.0
1.4082716,5.0606766,5.688172,0.064357065,0.10967271,-0.1358633,0.0,0.0,0.0
1.5711329,5.5588408,6.07856,0.088253394,0.124396145,-0.15742588,0.0,0.0,0.0
1.8010547,5.5420756,7.1467385,0.07133811,0.071986705,-0.18856716,0.0,0.0,0.0
2.2249732,4.799619,8.262817,0.076243766,0.21322599,-0.18856621,0.0,0.0,0.0
2.43813,4.4547367,8.50711,0.08625822,0.064549595,-0.19095707,0.0,0.0,0.0
1.6070582,4.9385304,8.54543,0.12728775,0.117186666,-0.21490479,0.0,0.0,0.0
0.98195803,5.336104,8.380174,0.04608565,0.119110286,-0.13106918,0.0,0.0,0.0
1.463357,5.0702567,9.242381,0.056073822,0.027829483,-0.11190319,0.0,0.0,0.0
2.2321582,5.257068,10.224339,0.055846013,0.027552351,-0.11189747,-0.005722296,-0.06286632,9.695232
2.1555176,5.3049684,10.506951,0.08703114,0.099509984,-0.22925472,0.0,0.0,0.0
0.39996827,7.479646,11.352393,0.07790683,0.08051497,-0.12387657,0.0,0.0,0.0
-1.3939015,8.959768,9.465117,0.049693905,0.089680895,-0.11907768,0.0,0.0,0.0
-1.6166383,6.4186525,10.33451,0.03540596,0.060973436,-0.123867035,0.0,0.0,0.0
-0.58677983,4.143384,12.981007,0.04542783,0.16162874,-0.03525257,0.0,0.0,0.0
0.91250247,2.565066,11.9128275,0.023498058,0.16873471,-0.20050812,0.0,0.0,0.0
1.4585669,2.7686427,8.873548,0.09346173,0.18782686,-0.18134499,0.0,0.0,0.0
1.1783496,3.4009278,6.7970657,0.021966282,0.1637373,-0.17655182,0.0,0.0,0.0
0.87897223,3.4967287,5.980364,0.10440913,0.07739794,-0.1765461,0.0,0.0,0.0
0.76880133,3.532654,6.6413894,0.08508413,0.090553865,-0.20531178,0.0,0.0,0.0
0.34009278,3.5997145,7.1156034,0.039641872,0.14129095,-0.13107586,0.0,0.0,0.0
-0.5125342,4.2439747,6.4330225,0.030195044,0.079349294,-0.17898178,0.0,0.0,0.0
-1.0490186,5.0534916,5.5588408,0.04206351,0.21233925,-0.13824368,0.0,0.0,0.0
-0.51492923,5.1756372,4.9289503,0.05411652,0.14505988,-0.17895508,0.0,0.0,0.0
0.15567628,5.261858,5.0894165,0.08042157,0.20080313,-0.10472298,0.0,0.0,0.0
0.16525635,4.9145803,6.0114994,0.08721097,0.12816612,-0.056806564,0.0,0.0,0.0
-0.13172609,4.744534,7.534732,0.092244476,0.059112772,-0.29871178,0.0,0.0,0.0
-0.48618898,5.1636624,9.045989,0.07498678,0.11145845,-0.09033871,0.0,0.0,0.0
-0.76880133,5.5660257,10.188414,0.060919426,0.06402585,-0.18614864,0.0,0.0,0.0
-1.1783496,5.9540186,10.782378,0.025587756,0.066201314,-0.1238718,0.0,0.0,0.0
-0.5748047,6.7539554,11.048225,0.050545745,0.14290588,-0.19093132,0.0,0.0,0.0
-0.045505375,7.065308,10.535691,0.08682717,0.13547689,-0.095124245,0.0,0.0,0.0
-0.53169435,6.6413894,9.412427,0.120879926,0.17865133,-0.09033394,0.0,0.0,0.0
-1.214275,5.49657,10.257869,0.040015317,0.16200095,-0.22206116,0.0,0.0,0.0
-0.9244776,3.5637891,10.624307,0.027969925,0.011283204,-0.16937447,0.0,0.0,0.0
-0.91250247,2.42376,10.190808,0.10988538,0.16974926,-0.085556984,0.0,0.0,0.0
-1.0729688,2.3758595,9.5561285,0.13867977,0.2319389,-0.090343475,0.0,0.0,0.0
-1.223855,3.527864,7.1275783,0.104947336,0.052704275,-0.085562706,0.0,0.0,0.0
-1.4753321,4.5577226,5.479805,0.059945155,0.16790237,-0.14783669,0.0,0.0,0.0
-1.4944923,5.3217335,5.015171,0.04832936,0.11024983,-0.20531273,0.0,0.0,0.0
-1.2837305,5.479805,5.230723,0.022353582,0.1361792,-0.11908245,0.0,0.0,0.0
-0.79993653,5.7624173,5.108577,0.03985142,0.14851497,-0.12866783,0.0,0.0,0.0
-0.613125,6.6270194,4.8020144,0.093054034,0.20869252,-0.13825321,0.0,0.0,0.0
-0.7448511,7.0293827,5.400769,0.1167018,0.11517386,-0.14783096,0.0,0.0,0.0
-0.72569096,6.957532,6.423443,0.12639615,0.0861208,-0.111899376,0.0,0.0,0.0
-0.24668702,6.351592,7.9682302,0.035124596,0.114754885,-0.15979862,0.0,0.0,0.0
0.44307864,5.855823,9.620794,0.068616994,0.11895004,-0.17415619,0.0,0.0,0.0
0.5484595,6.085745,10.650652,0.105489224,0.123736694,-0.11427784,0.0,0.0,0.0
0.34488282,6.013894,11.539205,0.093095526,0.200553,-0.14781284,0.0,0.0,0.0
0.79993653,5.6282964,11.441009,0.06239242,0.10982366,-0.19571781,0.0,0.0,0.0
1.1975098,4.524192,12.1307745,0.01279445,0.18614496,-0.14541435,0.0,0.0,0.0
1.7483643,4.5792775,12.775035,0.05909788,0.15974788,-0.13582993,0.0,0.0,0.0
1.1663746,5.4247193,10.95961,0.04970312,0.2556687,-0.12146187,0.0,0.0,0.0
-0.4263135,6.0450296,9.718989,0.06633645,0.10954085,-0.12146187,0.059852265,-0.11539994,9.6872635
-0.31853762,6.1647806,7.7167535,0.0691971,0.10240984,-0.066376686,0.052959356,-0.112784676,9.742177
1.6669337,5.47262,5.9133034,0.09318827,0.09562197,-0.17655468,0.034328576,-0.13133645,9.631804
2.929109,4.7948294,5.2905984,0.11685737,0.13396509,-0.11189079,0.0,0.0,0.0
3.6236646,4.2439747,4.869075,0.040281493,0.13904464,-0.20530319,0.09746022,-0.11219034,9.604117
3.408113,3.6739602,5.601951,0.023711655,0.19162774,-0.16458511,0.14955881,-0.12720615,9.645958
2.454895,3.2141163,7.199429,0.04542172,0.08612427,-0.1478157,0.04868632,-0.08716026,9.660491
1.9040406,2.5818312,8.241262,0.06287364,0.16743466,-0.2052927,0.0,0.0,0.0
1.3028907,2.4668703,9.654325,0.0754479,0.15594469,-0.19571972,0.0,0.0,0.0
0.69216067,2.8764186,10.609937,0.08269462,0.06747344,-0.114292145,0.0,0.0,0.0
-0.20597169,3.8392165,10.250684,0.035140734,0.11517924,-0.138237,0.0,0.0,0.0
-0.9029224,4.5864625,9.656719,0.12397215,0.064918965,-0.14302635,0.0,0.0,0.0
-1.343606,5.2019825,9.19448,0.17651293,0.098421335,-0.16697693,0.0,0.0,0.0
-1.575923,6.09293,7.9969707,0.04025323,0.11026041,-0.14062786,0.0,0.0,0.0
-1.8058448,6.567144,6.74198,0.06671274,0.07640523,-0.09751034,0.0,0.0,0.0
-2.0525317,6.6461797,6.2845316,0.13596337,0.08637984,-0.1693697,0.0,0.0,0.0
-2.3950195,6.4162574,7.220984,0.12428863,0.14395061,-0.13823605,0.0,0.0,0.0
-2.9506643,6.222261,8.004155,-0.014340006,0.10838576,-0.17656231,0.0,0.0,0.0
-2.9937747,6.1312504,8.5598,0.019436426,0.2500674,-0.11429882,0.0,0.0,0.0
-3.300337,5.7073317,8.399334,0.11548152,0.075170755,-0.25320816,0.0,0.0,0.0
-3.8631666,4.2080493,9.659114,0.09647119,0.060750768,-0.09752941,0.0012251227,-0.114784494,9.710046
-3.6188745,2.5698562,11.60866,0.11121284,0.10360038,-0.07357311,0.028335823,-0.15017258,9.734819
-2.339934,2.320774,10.873389,0.018559063,0.094049856,-0.22685242,0.0,0.0,0.0
-1.2645704,4.28469,7.711963,0.085500926,0.09210296,-0.17417145,0.0,0.0,0.0
0.2203418,4.248765,9.77647,0.2650415,-0.7518401,1.3406935,1.2824711,-0.44424263,10.575342
0.5891748,4.521797,9.366921,0.75167614,-0.46084404,0.92196655,0.0,0.0,0.0
1.0514137,4.926555,8.54064,1.3054818,-0.016819,0.074892044,0.0,0.0,0.0
1.3962965,5.0894165,8.456815,1.6474818,0.19848919,-0.039427757,0.0,0.0,0.0
1.7507594,5.0199614,8.818462,1.8226748,0.12962914,0.31847,0.0,0.0,0.0
2.1339624,5.216353,8.844808,2.139496,0.32093906,0.3474388,0.0,0.0,0.0
2.4716604,5.7863674,8.265213,2.4349284,0.8557205,-0.21168232,0.0,0.0,0.0
2.42855,5.853428,8.056846,2.333831,0.85105133,-0.3774681,0.0,0.0,0.0
2.2776637,5.0726514,9.419612,2.1167996,-0.019340992,1.0401058,0.0,0.0,0.0
2.2106032,4.655918,10.578802,2.0240297,-0.5087209,2.2444105,0.0,0.0,0.0
2.3543043,4.591253,9.311836,2.1677308,-0.5733862,0.97744465,0.0,0.0,0.0
1.9591261,4.2176294,8.859178,1.6994298,-1.1186371,0.63560104,0.0,0.0,0.0
1.2286451,3.6045046,10.145303,0.9375482,-1.77875,1.9534636,0.0,0.0,0.0
1.3867164,2.8141482,10.688972,0.9782109,-2.5953143,2.5194416,0.0,0.0,0.0
1.5471827,2.320774,10.324929,1.1066915,-3.0953708,2.1614914,0.0,0.0,0.0
1.4513819,2.4045997,9.683064,0.93542194,-2.9939919,1.5124235,0.0,0.0,0.0
0.91010743,2.8261232,8.969349,0.39414746,-2.5724683,0.79870796,0.0,0.0,0.0
0.13891114,3.5254688,8.0305,-0.5484422,-1.6538515,-0.26844978,0.0,0.0,0.0
-0.7807764,4.2152348,7.350315,-1.4778299,-1.0133147,-0.91689587,0.0,0.0,0.0
-1.7579445,5.110972,6.502478,-2.413653,-0.16469383,-1.7381396,0.0,0.0,0.0
-1.9758912,5.2666483,6.5264287,-2.5805984,-0.057753563,-1.6866994,0.0,0.0,0.0
-2.0261867,5.47741,6.0450296,-2.5771227,0.10527754,-2.1407537,0.0,0.0,0.0
-2.0070264,5.841453,5.3025737,-2.5108023,0.4135399,-2.84938,0.0,0.0,0.0
-2.189048,6.1935205,5.2858086,-2.6493917,0.7132726,-2.8336344,0.0,0.0,0.0
-2.0573218,6.320457,5.836663,-2.4801857,0.8124447,-2.2660136,0.0,0.0,0.0
-1.829795,6.4593678,7.0126176,-2.2269247,0.95847607,-1.0961967,0.0,0.0,0.0
-1.7866846,7.1706886,7.7215433,-2.0954792,1.6637206,-0.3869915,0.0,0.0,0.0
-2.3902297,7.4652762,8.471185,-2.695303,2.0144434,0.32466698,0.0,0.0,0.0
-2.4908204,7.436536,9.639954,-2.7984831,2.0699458,1.4377928,0.0,0.0,0.0
-1.9303858,6.353987,10.535691,-2.2533286,1.1074624,2.2567978,0.0,0.0,0.0
-1.1496094,4.1721244,12.427757,-1.507373,-0.92226934,4.055807,0.0,0.0,0.0
-1.101709,3.0416749,13.701907,-1.4880561,-1.8886201,5.233536,0.0,0.0,0.0
-0.8861573,3.1087356,12.319981,-1.2892742,-1.7015886,3.7836657,0.0,0.0,0.0
-0.11256592,3.4775686,9.182506,-0.55056715,-1.3211141,0.6413584,0.0,0.0,0.0
0.7544312,4.2056546,6.080955,0.26747257,-0.6985755,-2.3973584,0.0,0.0,0.0
0.7544312,4.2056546,6.080955,0.2325269,-0.8662877,-2.296002,0.0,0.0,0.0
1.6573536,4.9289503,4.3493557,1.1101967,-0.32822323,-3.9109793,0.0,0.0,0.0
1.2597803,5.230723,5.0415163,0.70846945,-0.1486721,-3.139471,0.0,0.0,0.0
0.033530276,5.6570363,6.0570045,-0.51471674,0.24449682,-2.1022992,0.0,0.0,0.0
-0.7161109,5.855823,8.035291,-1.2599075,0.4976201,-0.16009426,0.0,0.0,0.0
-1.0394385,5.9133034,9.462723,-1.558672,0.66761017,1.1932917,0.0,0.0,0.0
-0.89573735,5.839058,9.999207,-1.3635383,0.71080685,1.6533937,0.0,0.0,0.0
-0.613125,5.8031325,9.683064,-1.0424048,0.76187897,1.2823582,0.0,0.0,0.0
-0.51013917,5.7001467,9.101074,-0.89179635,0.6834545,0.683383,0.0,0.0,0.0
-0.27542725,5.6905665,8.679551,-0.60278815,0.6452379,0.27670193,0.0,0.0,0.0
-0.17483643,5.716912,8.080796,-0.46401227,0.61669207,-0.2902565,0.0,0.0,0.0
0.0023950196,5.9540186,7.31439,-0.2746096,0.7830725,-1.0135736,0.0,0.0,0.0
-0.29937744,6.1552005,6.7467704,-0.5824028,0.8995819,-1.5278153,0.0,0.0,0.0
-0.4766089,5.975574,7.0221977,-0.76201415,0.628561,-1.1935425,0.0,0.0,0.0
-0.30416748,5.5157304,7.680828,-0.57492125,0.08683777,-0.48153782,0.0,0.0,0.0
0.0047900393,5.1540823,8.231683,-0.24796966,-0.33410835,0.10848999,0.0,0.0,0.0
-0.2682422,5.807923,8.4376545,-0.50448346,0.28398752,0.33822727,0.0,0.0,0.0
-1.1376343,6.710845,8.794512,-1.3476971,1.1676121,0.7075567,0.0,0.0,0.0
-2.43813,7.1275783,10.34888,-2.594032,1.5777941,2.265193,0.0,0.0,0.0
-3.0919704,6.782696,12.0182085,-3.1474578,1.2461529,3.9241362,0.0,0.0,0.0
-1.9088306,6.183941,10.839859,-1.8569589,0.6673379,2.7321596,0.0,0.0,0.0
-0.5891748,5.8965383,8.396939,-0.5085362,0.35069275,0.30945015,0.0,0.0,0.0
0.32332766,5.8821683,6.6174393,0.34714687,0.22894478,-1.395731,0.0,0.0,0.0
0.7448511,6.0498195,5.709727,0.65695274,0.1963296,-2.1578856,0.0,0.0,0.0
0.47900394,5.982759,5.721702,0.17277378,-0.08346701,-1.9774871,0.0,0.0,0.0
0.30895755,5.2834134,6.356382,-0.18777305,-0.7900977,-1.3271141,0.0,0.0,0.0
-0.102985844,4.655918,6.861731,-0.5997164,-1.417593,-0.82176495,0.0,0.0,0.0
-0.44786867,4.4571314,8.404124,-1.3257744,-1.4579935,0.63167524,0.0,0.0,0.0
-0.6706055,4.84752,9.115445,-1.5604053,-0.93629646,1.2461295,0.0,0.0,0.0
-1.0562036,6.1863356,8.181387,-1.9638822,0.40941668,0.3090477,0.0,0.0,0.0
-1.2478052,7.048543,7.577842,-2.1197138,1.2277665,-0.2661829,0.0,0.0,0.0
-1.0250684,6.864126,8.358619,-1.8415613,0.9971185,0.5431242,0.0,0.0,0.0
-0.5604346,6.334827,8.669971,-1.3380368,0.4310031,0.8782711,0.0,0.0,0.0
-0.21555176,6.1767554,7.824529,-0.9747058,0.21724558,0.07350874,0.0,0.0,0.0
-0.29937744,6.0570045,7.084468,-1.038039,0.02273798,-0.61049175,0.0,0.0,0.0
-0.16286133,6.0043144,7.774234,-0.8635843,-0.09598541,0.12794542,0.0,0.0,0.0
0.3520679,5.5708156,8.054451,-0.2996118,-0.5722413,0.43811607,0.0,0.0,0.0
0.974773,5.4031644,7.7622585,0.3469199,-0.76809835,0.16675282,0.0,0.0,0.0
1.5280225,5.264253,7.2976246,0.896757,-0.93068886,-0.27829695,0.0,0.0,0.0
2.548301,4.5768824,7.0006423,1.9060562,-1.6313715,-0.56344986,0.0,0.0,0.0
3.0249097,4.0523734,8.157437,2.3897114,-2.146955,0.585433,0.0,0.0,0.0
3.4871485,4.023633,8.509504,2.8555706,-2.1320863,0.9017043,0.0,0.0,0.0
3.7529957,4.366121,8.344249,2.8926752,-1.5857964,0.59796476,0.0,0.0,0.0
3.515889,5.2858086,7.1778736,2.611698,-0.61120605,-0.60531664,0.0,0.0,0.0
3.1614258,6.1073003,7.441326,1.982695,0.28639936,-0.36239672,0.0,0.0,0.0
2.8452833,6.356382,8.693921,1.4716198,0.54075,0.9181986,0.0,0.0,0.0
2.0190015,6.5216384,8.751402,0.64532447,0.7506895,0.942461,0.0,0.0,0.0
1.3915064,6.715635,8.394544,0.036138296,0.9812527,0.5555239,0.0,0.0,0.0
0.855022,6.543194,8.765772,-0.48615605,0.8264847,0.91141844,0.0,0.0,0.0
1.096919,6.6533647,8.322693,-0.22993529,0.9554596,0.4522586,0.0,0.0,0.0
1.4082716,6.7539554,6.8521514,0.069526196,1.0728421,-1.0284009,0.0,0.0,0.0
1.4250367,6.828201,5.726492,0.041695118,1.1345859,-2.1373181,0.0,0.0,0.0
1.4130616,6.75156,5.6354814,-0.016018271,1.0003095,-2.1780481,0.0,0.0,0.0
1.4130616,6.75156,5.6354814,-0.016018271,1.0003095,-2.1780481,0.0,0.0,0.0
1.3962965,6.0689797,7.2832546,-0.054723978,0.3386736,-0.5416117,0.0,0.0,0.0
1.2310401,6.222261,6.8832865,-0.23479676,0.5293369,-0.9660659,0.0,0.0,0.0
0.7089258,6.353987,6.950347,-0.76673466,0.68903637,-0.91738176,0.0,0.0,0.0
0.40715334,6.3899126,6.9719024,-1.0100487,0.74154854,-0.9184656,0.0,0.0,0.0
0.51492923,6.1767554,7.5227566,-0.8354954,0.52685595,-0.37821722,0.0,0.0,0.0
0.40715334,6.222261,7.810159,-0.8982645,0.6063533,-0.12254858,0.0,0.0,0.0
0.3544629,6.222261,7.486831,-0.9251051,0.6480241,-0.47940874,0.0,0.0,0.0
0.10777588,6.4114676,7.074888,-1.123388,0.8472729,-0.9059868,0.0,0.0,0.0
-0.2682422,6.7946706,6.964717,-1.4343632,1.2318816,-1.0268989,0.0,0.0,0.0
-0.33769777,6.9240017,6.967112,-1.3686813,1.3090515,-1.0065827,0.0,0.0,0.0
-0.43110353,6.662945,7.699988,-1.4620872,1.0479946,-0.2737069,0.0,0.0,0.0
-0.4981641,6.4186525,7.927515,-1.3143009,0.8175993,-0.08076191,0.0,0.0,0.0
-0.62510014,6.246211,7.965835,-1.3648145,0.6860275,-0.07826662,0.0,0.0,0.0
-0.7592212,6.128855,8.5502205,-1.4047725,0.59670925,0.47872734,0.0,0.0,0.0
-0.4742139,6.11209,8.5430355,-1.0404944,0.6057172,0.4480009,0.0,0.0,0.0
0.10538086,6.0114994,7.8580594,-0.4072809,0.5192685,-0.25014448,0.0,0.0,0.0
0.05508545,6.085745,7.7454934,-0.42792273,0.60338545,-0.37120676,0.0,0.0,0.0
0.21076173,5.8845634,8.169412,-0.25238907,0.41822433,0.04075718,0.0,0.0,0.0
0.5221143,5.5708156,8.456815,0.07421103,0.12947607,0.31055164,0.0,0.0,0.0
0.5484595,5.455855,8.576566,0.12041181,0.03387499,0.41633987,0.0,0.0,0.0
0.4263135,5.6785917,8.435259,0.030554801,0.26391792,0.26855373,0.0,0.0,0.0
0.37122804,5.688172,8.361013,0.014561921,0.2729168,0.19289303,0.0,0.0,0.0
0.48379397,5.7073317,8.109536,0.15918493,0.29255152,-0.060235977,0.0,0.0,0.0
0.42152345,5.582791,7.9706254,0.116021544,0.17448378,-0.20416975,0.0,0.0,0.0
0.29698244,5.6785917,7.776629,0.008955687,0.2823801,-0.4067893,0.0,0.0,0.0
0.23710695,5.597161,7.7407036,-0.030099481,0.21640873,-0.45359325,0.0,0.0,0.0
0.05269043,5.625901,7.558682,-0.18555024,0.26285505,-0.6481061,0.0,0.0,0.0
0.06945557,5.736072,7.3622904,-0.13523415,0.39162922,-0.8575287,0.0,0.0,0.0
-0.21076173,5.944439,7.422166,-0.37960988,0.623528,-0.81371784,0.0,0.0,0.0
-0.7041358,6.1552005,7.510782,-0.8299036,0.86286306,-0.74426126,0.0,0.0,0.0
-0.9412427,6.1767554,7.941885,-1.0042506,0.90750265,-0.32862854,0.0,0.0,0.0
-1.0418335,6.0665846,8.471185,-1.0069371,0.79571915,0.20153236,0.0,0.0,0.0
-0.8933423,6.0186844,8.50711,-0.80079454,0.7971673,0.2066536,0.0,0.0,0.0
-1.3124708,5.752837,8.966953,-1.167642,0.5784869,0.6377573,0.0,0.0,0.0
-1.2454102,5.503755,8.729847,-1.0523685,0.3672576,0.37822914,0.0,0.0,0.0
-1.2597803,5.5660257,8.717872,-1.0323594,0.45250177,0.3530321,0.0,0.0,0.0
-1.0825489,5.49657,8.619676,-0.83717155,0.38815737,0.2522211,0.0,0.0,0.0
-0.68976563,5.5540504,8.190968,-0.43718657,0.43736076,-0.1712141,0.0,0.0,0.0
-0.50774413,5.5540504,7.6185575,-0.2574368,0.41223526,-0.7282672,0.0,0.0,0.0
-0.50534916,5.3863993,7.807764,-0.2575856,0.20830679,-0.51667976,0.0,0.0,0.0
-0.5388794,5.465435,7.7694435,-0.28967535,0.25456476,-0.53447914,0.0,0.0,0.0
-0.34727785,5.3313136,7.95865,-0.09658313,0.09680605,-0.33034658,0.0,0.0,0.0
-0.23471193,5.388794,7.822134,0.014462307,0.13667011,-0.4557581,0.0,0.0,0.0
-0.24668702,5.50136,7.9873905,4.0221214E-4,0.23149872,-0.27928352,0.0,0.0,0.0
-0.38320315,5.5588408,8.188572,-0.13395688,0.2694955,-0.06558418,0.0,0.0,0.0
-0.73048097,5.5468655,8.296348,-0.4699287,0.23916388,0.054332733,0.0,0.0,0.0
-0.8047266,5.47262,8.655601,-0.5299436,0.15036058,0.4234419,0.0,0.0,0.0
-0.42152345,5.2905984,8.703502,-0.14135349,-0.040953636,0.47754002,0.0,0.0,0.0
-0.30177248,5.199588,8.468789,-0.03418508,-0.13785934,0.24623203,0.0,0.0,0.0
-0.244292,5.2019825,8.270002,-0.0026700944,-0.14788055,0.05471325,0.0,0.0,0.0
-0.21555176,5.113367,8.456815,0.0021079779,-0.259305,0.25575352,0.0,0.0,0.0
-0.102985844,4.8427296,8.617281,0.10226449,-0.55674744,0.43352222,0.0,0.0,0.0
0.25866213,4.8331494,8.473579,0.45734143,-0.5900798,0.30537796,0.0,0.0,0.0
0.50774413,4.9505057,8.281978,0.69668984,-0.49310732,0.1271162,0.0,0.0,0.0
0.8143067,5.0510964,7.8436894,0.9355986,-0.43173075,-0.2861495,0.0,0.0,0.0
1.1280543,5.031936,7.812554,1.2027073,-0.46779823,-0.30641985,0.0,0.0,0.0
1.4178516,5.319339,7.941885,1.4335563,-0.19346237,-0.16855145,0.0,0.0,0.0
1.7339942,5.245093,7.688013,1.6390173,-0.27590036,-0.41630745,0.0,0.0,0.0
1.9040406,5.1660576,7.862849,1.6928169,-0.3549719,-0.23925018,0.0,0.0,0.0
1.9208057,4.8906302,7.9610453,1.5773015,-0.6119728,-0.14905739,0.0,0.0,0.0
2.0142114,4.7229786,7.699988,1.5456338,-0.7472129,-0.4257636,0.0,0.0,0.0
1.6381935,4.6271777,7.8580594,1.0716219,-0.8081627,-0.28481913,0.0,0.0,0.0
0.9029224,4.409231,8.303533,0.27799028,-0.98854256,0.1399622,0.0,0.0,0.0
0.244292,4.29427,8.875943,-0.39419395,-1.0598521,0.6847229,0.0,0.0,0.0
0.17004639,4.6511283,8.751402,-0.46592247,-0.6472726,0.5238333,0.0,0.0,0.0
0.50774413,4.88105,8.008945,-0.1328147,-0.35350037,-0.25903893,0.0,0.0,0.0
1.0394385,5.0654664,7.1778736,0.36057723,-0.13324642,-1.109643,0.0,0.0,0.0
1.7818946,5.3384986,6.5288234,1.0509884,0.15627241,-1.7645898,0.0,0.0,0.0
1.7986598,5.372029,7.0988383,1.0262039,0.20196724,-1.1984,0.0,0.0,0.0
1.3148658,5.508545,8.480764,0.53897774,0.37242937,0.16278934,0.0,0.0,0.0
1.0130934,5.527705,9.256751,0.2695821,0.4619007,0.892828,0.0,0.0,0.0
0.977168,5.9947343,9.508228,0.28465658,1.0297604,1.0797138,0.0,0.0,0.0
1.1975098,6.303692,9.376502,0.55214703,1.436327,0.8875294,0.0,0.0,0.0
1.4489869,6.358777,9.457932,0.85674226,1.563684,0.9240751,0.0,0.0,0.0
1.4753321,6.11688,9.580078,0.9469993,1.3652382,1.0177679,0.0,0.0,0.0
1.1376343,5.609136,9.82437,0.67698526,0.88647556,1.2421408,0.0,0.0,0.0
0.8861573,5.1947975,10.229129,0.48892614,0.49880028,1.629117,0.0,0.0,0.0
0.5748047,5.1732426,10.013577,0.23011407,0.5069113,1.3951712,0.0,0.0,0.0
0.38559815,5.47741,9.086704,0.07820073,0.832088,0.45554638,0.0,0.0,0.0
0.09580079,5.5947657,8.631651,-0.18407226,0.9420805,0.0035238266,0.0,0.0,0.0
-0.026345216,5.8989334,8.679551,-0.26908183,1.2025542,0.07400131,0.0,0.0,0.0
-0.026345216,6.2438164,8.47837,-0.21329767,1.4811988,-0.092098236,0.0,0.0,0.0
0.06227051,7.046148,7.92991,-0.068263456,2.2061753,-0.5981622,0.0,0.0,0.0
0.21555176,7.32397,7.537127,0.1377725,2.387607,-0.9361644,0.0,0.0,0.0
0.47900394,7.28565,7.3814507,0.45655683,2.2256327,-1.0189133,0.0,0.0,0.0
0.5676197,7.103628,6.9719024,0.6115447,1.9003806,-1.3404183,0.0,0.0,0.0
0.74006104,6.75156,6.543194,0.85263264,1.3958702,-1.6710806,0.0,0.0,0.0
0.7232959,6.346802,6.327642,0.869235,0.80262756,-1.760078,0.0,0.0,0.0
0.7065308,5.9156985,6.4905033,0.8470195,0.18235826,-1.4643354,0.0,0.0,0.0
0.51971924,5.7767873,6.6509695,0.67748433,-0.037507534,-1.244566,0.0,0.0,0.0
0.13651612,5.726492,6.339617,0.30989292,-0.14081478,-1.5162749,0.0,0.0,0.0
-0.41912845,5.745652,6.3228517,-0.22988978,-0.1678729,-1.4979415,0.0,0.0,0.0
-0.9532178,5.9635987,6.430628,-0.7380623,0.0022807121,-1.3531241,0.0,0.0,0.0
-1.2645704,5.7815776,6.229446,-1.0105196,-0.21995544,-1.5221634,0.0,0.0,0.0
-2.071692,5.415139,6.7563505,-1.7597402,-0.6186209,-0.96807957,0.0,0.0,0.0
-2.7255323,5.0343313,8.188572,-2.3984733,-0.9687567,0.44090366,0.0,0.0,0.0
-2.938689,4.24158,9.862691,-2.4992957,-1.6657162,2.047246,0.0,0.0,0.0
-2.7686427,3.8416114,10.178833,-2.3292494,-2.0656848,2.363388,0.0,0.0,0.0
-2.7566676,3.532654,9.414823,-2.338181,-2.3068926,1.5474882,0.0,0.0,0.0
-2.0621119,3.923042,8.954978,-1.715476,-1.8846648,1.0606275,0.0,0.0,0.0
-0.5508545,4.5744877,8.104747,-0.3734159,-1.1527524,0.14625311,0.0,0.0,0.0
0.86939216,4.9169755,6.4426026,0.90020174,-0.7621727,-1.5521903,0.0,0.0,0.0
2.1219873,5.5947657,4.9505057,1.950311,-0.12329292,-3.0147138,0.0,0.0,0.0
1.9399658,5.8031325,5.6738014,1.6378765,0.036492348,-2.252421,0.0,0.0,0.0
1.5447876,5.855823,6.8928666,1.2280849,0.045284748,-1.0006585,0.0,0.0,0.0
1.094524,5.513335,8.461604,0.85034466,-0.32220936,0.58396626,0.0,0.0,0.0
0.91729254,5.367239,9.6686945,0.7576868,-0.45746565,1.7808733,0.0,0.0,0.0
0.43110353,6.3228517,10.008787,0.33339718,0.55586815,2.0776634,0.0,0.0,0.0
-0.009580079,7.084468,9.745335,-0.08905606,1.4010339,1.7539229,0.0,0.0,0.0
0.28740236,6.792276,9.481883,0.19717088,1.1878362,1.434989,0.0,0.0,0.0
1.2717555,6.253396,8.909473,1.1739082,0.69936085,0.82779694,0.0,0.0,0.0
1.8657203,6.06419,8.1071415,1.7777503,0.51369905,0.02291584,0.0,0.0,0.0
2.1387525,6.334827,7.5251517,2.0769756,0.7491112,-0.53501844,0.0,0.0,0.0
1.4801221,7.101233,7.5059915,1.4326569,1.4503174,-0.50870085,0.0,0.0,0.0
0.74006104,7.0054326,7.553892,0.6368923,1.2685523,-0.3989663,0.0,0.0,0.0
-0.09580079,6.837781,8.504715,-0.14565408,1.0936861,0.55655336,0.0,0.0,0.0
0.24668702,6.1887307,9.378897,0.23291248,0.5117326,1.3825288,0.0,0.0,0.0
0.9867481,6.013894,8.641231,0.9638626,0.476511,0.54757595,0.0,0.0,0.0
1.6190332,6.0402393,7.5227566,1.5261009,0.65289736,-0.6710396,0.0,0.0,0.0
1.7747096,5.9707837,6.672525,1.5945063,0.68336105,-1.5846591,0.0,0.0,0.0
1.0633887,5.604346,6.6509695,0.736464,0.27877712,-1.5771427,0.0,0.0,0.0
1.2406201,5.122947,7.082073,0.9353279,-0.24363613,-1.1201811,0.0,0.0,0.0
1.7651294,4.6918435,7.5012016,1.5400887,-0.7326646,-0.6654663,0.0,0.0,0.0
2.4740553,4.2918754,7.577842,2.306024,-1.1783919,-0.5596223,0.0,0.0,0.0
3.2189064,4.3134303,7.2640944,3.0512688,-1.181849,-0.8565092,0.0,0.0,0.0
3.8535867,4.84752,7.4101906,3.6381257,-0.66484547,-0.6976938,0.0,0.0,0.0
3.9805226,5.4486694,7.573052,3.7019656,-0.087188244,-0.5168843,0.0,0.0,0.0
3.7577858,6.4330225,7.92512,3.357723,0.86741304,-0.13926649,0.0,0.0,0.0
3.5997145,6.861731,8.48316,3.0092857,1.2562337,0.4581871,0.0,0.0,0.0
3.3314724,6.871311,9.230406,2.7600205,1.2202721,1.2360578,0.0,0.0,0.0
3.1207106,6.7659307,10.066268,2.5676498,1.0985713,2.0821867,0.0,0.0,0.0
3.0009596,6.854546,10.3872,2.4513803,1.1992836,2.3943067,0.0,0.0,0.0
2.9530592,6.70366,10.466236,2.3964612,1.0672522,2.4605188,0.0,0.0,0.0
2.7710378,6.2869267,10.049502,2.2029529,0.65263796,2.0431013,0.0,0.0,0.0
1.9423609,5.942044,9.877061,1.3483976,0.2917056,1.8838596,0.0,0.0,0.0
1.0873389,5.8677983,8.964559,0.43874538,0.19938135,0.98842096,0.0,0.0,0.0
0.117355965,5.745652,7.917935,-0.6252015,0.069211006,-0.044289112,0.0,0.0,0.0
-0.18441652,5.824688,7.0509377,-1.0647101,0.1415925,-0.8924813,0.0,0.0,0.0
-0.22992188,5.8127127,6.7850904,-1.2788765,0.12167072,-1.1321144,0.0,0.0,0.0
-0.5724097,6.1599903,6.143225,-1.7816408,0.46432304,-1.7477522,0.0,0.0,0.0
-1.5088624,6.8042507,5.8821683,-2.8736103,1.1139803,-1.987309,0.0,0.0,0.0
-2.0070264,6.9383717,6.552774,-3.4854865,1.2377295,-1.2886047,0.0,0.0,0.0
-1.9830762,6.71803,7.441326,-3.510245,0.9909806,-0.37142324,0.0,0.0,0.0
-1.951941,6.454578,7.8724294,-3.3210106,0.6302848,0.102381706,0.0,0.0,0.0
-2.2417383,6.6749196,7.9538603,-3.4192104,0.7918849,0.19667912,0.0,0.0,0.0
-2.4525,7.2736745,7.8987746,-3.5941133,1.4052196,0.12520742,0.0,0.0,0.0
-2.3255641,7.5203614,7.7454934,-3.4519405,1.6700296,-0.043941498,0.0,0.0,0.0
-1.7459693,7.2640944,7.589817,-2.8673797,1.4304762,-0.21285772,0.0,0.0,0.0
-0.977168,6.5072684,7.5323367,-2.0965974,0.68139076,-0.27640295,0.0,0.0,0.0
-0.32572266,5.8438478,7.204219,-1.4438392,0.018128872,-0.6048279,0.0,0.0,0.0
-0.038320314,5.278623,6.7898808,-1.1273377,-0.56726265,-1.0081992,0.0,0.0,0.0
-0.05748047,4.998406,6.485713,-1.0688491,-0.89061594,-1.2903366,0.0,0.0,0.0
-0.34727785,5.0534916,6.550379,-1.3716236,-0.86225605,-1.2036548,0.0,0.0,0.0
-0.53169435,5.6354814,6.3060865,-1.559314,-0.30815363,-1.4261575,0.0,0.0,0.0
-0.5843848,6.016289,6.2797413,-1.5995817,0.044009686,-1.432045,0.0,0.0,0.0
-0.8214917,6.605464,6.3970976,-1.7607592,0.5677662,-1.2732596,0.0,0.0,0.0
-1.3004956,6.878496,6.7898808,-2.1759353,0.8191705,-0.870965,0.0,0.0,0.0
-1.214275,6.9072366,7.0365677,-1.9792368,0.82206726,-0.61561775,0.0,0.0,0.0
-0.96758795,7.084468,7.350315,-1.7325497,0.9992986,-0.30187035,0.0,0.0,0.0
-0.7113208,7.829319,7.0221977,-1.1379192,1.686645,-0.6103616,0.0,0.0,0.0
-0.78556645,7.6137676,6.7539554,-1.1691308,1.4928308,-0.8983259,0.0,0.0,0.0
-1.1304493,6.792276,8.178992,-1.4774246,0.7065549,0.49693537,0.0,0.0,0.0
-1.0825489,5.9061184,9.417217,-1.3901868,-0.09986162,1.6709952,0.0,0.0,0.0
-0.28979737,5.470225,8.741821,-0.59743524,-0.53575516,0.99559927,0.0,0.0,0.0
0.6849756,5.654641,7.561077,0.34077552,-0.16958237,-0.32120323,0.0,0.0,0.0
0.9963282,6.2965064,6.5000834,0.61043453,0.47592115,-1.3829532,0.0,0.0,0.0
0.73048097,6.7850904,6.2653713,0.3445873,0.9645052,-1.6176653,0.0,0.0,0.0
