-0.66,-11.146,-4.017,-1.7419457,10.968742,3.875093,0.3433839,-5.8504977,-0.39226276
1.497,-13.439,-2.433,-1.742657,11.12623,3.0666714,0.3121669,-5.229777,-0.62341845
4.928,-14.586,-1.834,-1.9442087,11.264939,2.6317987,0.43779433,-4.8594003,-0.86104614
5.262,-14.226,-2.132,-2.0978785,11.205598,2.9453073,0.7548105,-5.241999,-0.7096747
1.801,-14.3,-2.992,-2.1495314,11.006437,4.3474126,1.1476873,-6.551078,-0.21474427
3.146,-15.759,0.061,-1.833934,10.995516,5.558633,1.1855798,-7.8317833,0.19308332
2.514,-15.552,0.433,-1.4232448,11.371554,5.254444,0.70008326,-7.7494235,-0.11319814
0.787,-14.826,-0.047,-1.2756662,12.060766,3.9341307,0.25295627,-6.8771834,-0.9268117
-5.929,-18.428,3.342,-1.4359636,13.094639,4.074611,0.2960407,-7.3197746,-1.87527
-8.088,18.774,1.911,-1.6734684,14.109265,6.0620074,0.7847991,-9.485824,-2.3598242
-5.562,18.279,-7.125,-1.1136528,14.879274,8.40562,0.6243752,-12.0188875,-2.3771098
-3.651,-19.432,-4.446,-0.91512775,15.299789,10.197634,0.69126505,-13.935672,-2.2030108
2.934,19.161,2.132,-1.5243301,15.433146,10.06008,1.1803308,-13.78559,-2.452026
5.948,-19.324,0.471,-0.9899906,14.985188,8.206506,0.21774039,-12.132967,-2.260925
2.392,-12.271,0.553,-0.37421393,14.523493,9.621067,-0.002363386,-13.399303,-1.3331687
-1.953,-6.117,3.308,-1.3330778,13.914868,12.168577,1.4128613,-15.273121,-0.59577656
-2.542,-3.092,3.764,-2.5927467,14.200364,10.914318,2.188843,-13.931143,-1.5347444
-2.512,-1.626,3.453,-2.8378916,14.877708,7.573748,1.4484601,-10.947736,-3.0312073
-1.924,-0.053,1.918,-2.3665688,15.209519,6.4593067,0.6559152,-10.022594,-3.526398
-1.687,-0.064,0.902,-1.9063809,14.939217,7.018489,0.32321382,-10.348772,-3.1884315
-2.041,-1.307,0.151,-2.04774,14.323905,7.4149246,0.6328836,-10.46608,-2.619502
-1.064,-2.169,-0.927,-2.9338129,13.738977,6.7876396,1.272566,-9.462725,-2.533376
0.132,-2.481,-3.657,-3.6177766,13.224888,4.9816284,1.5697,-7.493853,-2.610304
1.428,-6.02,-10.898,-4.3041153,12.675529,4.0214047,1.9704115,-6.3616185,-2.4821024
3.353,-12.71,-17.788,-4.7591944,12.096041,4.1409116,2.5187557,-6.2705145,-2.0444183
4.488,-18.672,-11.226,-4.939115,11.56289,4.3294554,2.7958279,-6.3104534,-1.5600123
-4.688,18.586,-6.363,-4.4209566,11.204556,3.926711,2.3075094,-5.9185047,-1.1547709
-8.52,-11.976,-7.607,-3.7113047,10.81384,3.8974738,1.7557055,-5.9228125,-0.5731867
-11.146,-11.451,-8.227,-3.1599922,10.523024,3.8120022,1.2932694,-5.869472,-0.14963955
-7.811,18.231,-2.672,-3.07612,10.299347,3.6269925,1.2320677,-5.6954446,0.07330139
3.199,-17.419,2.705,-3.2917295,10.250598,3.7421355,1.4730606,-5.773501,0.09013708
3.921,-6.159,3.58,-3.2570972,10.393837,3.5606823,1.3749446,-5.690411,-0.044630624
1.103,-6.161,5.817,-3.243231,10.606206,3.665851,1.333202,-5.8686028,-0.2048784
0.43,-15.188,2.519,-3.5964115,10.8765745,3.7287188,1.6099552,-6.0025992,-0.5139237
6.205,-19.556,-0.366,-4.131757,11.1942005,3.7738552,2.0568898,-6.071663,-0.9417276
1.404,-14.101,-1.196,-3.8344865,11.897029,3.47574,1.6219022,-6.088456,-1.5345814
-3.632,-6.288,-1.986,-3.9083447,12.563936,4.0475426,1.7005086,-6.8253174,-2.0269272
-2.937,-3.656,-1.817,-4.1033487,13.246971,5.009774,2.1017325,-7.9751706,-2.4161546
-1.519,-4.628,-1.14,-4.4543715,13.998362,5.7437067,2.506507,-8.876997,-2.9879582
1.031,-10.528,1.078,-4.5993805,14.676418,5.6299915,2.7558808,-9.115344,-3.5186648
1.186,-10.377,3.7,-4.212313,15.253256,5.495201,2.3549576,-9.272445,-3.9439352
1.095,-10.204,4.535,-3.5587063,15.694637,6.533814,2.228245,-10.517205,-3.8352
-0.026,-10.319,0.492,-3.1017065,15.691637,6.9028134,1.880282,-10.939096,-3.620845
1.389,-11.945,-3.765,-1.0673234,15.651422,6.8051977,0.14650893,-10.978895,-3.302863
4.357,-13.062,-5.801,1.0573866,14.788502,10.831969,-0.7315077,-14.62457,-1.2719887
3.864,-11.974,-4.305,0.22736669,13.612727,14.598944,1.1243453,-17.426157,0.1344148
0.573,-10.403,-3.334,-0.15507603,13.212075,14.027405,10.019226,-13.240118,0.02577369
2.371,-12.952,-2.848,0.10374284,13.34414,11.558845,0.40384966,-14.168044,-0.7189002
5.8,-15.145,-2.844,0.58834267,13.434265,10.007435,-0.48774037,-12.678556,-1.1473776
5.566,-14.212,-2.867,0.92878795,13.3213215,8.759328,-1.1442896,-11.413199,-1.3053089
1.483,-14.077,-3.269,0.4569955,12.787506,8.188503,4.6083174,-9.549538,-1.0722498
0.89,-15.551,-2.394,-1.0085135,11.97381,6.97491,0.37326702,-8.9763155,-0.7917034
2.528,-15.856,-0.475,-1.6027787,11.644477,5.8322196,0.7252319,-7.734374,-0.7683684
0.963,-13.753,-0.146,-1.6027787,11.644477,5.8322196,0.7252319,-7.734374,-0.7683684
0.258,-15.826,2.924,-1.6027787,11.644477,5.8322196,0.7252319,-7.734374,-0.7683684
-1.702,-19.075,5.035,-3.01316,11.024455,1.8603274,1.3737081,-3.6086333,-1.109816
-4.498,18.051,-0.824,-3.0050273,11.05376,1.7977146,2.8671215,-2.5781593,-1.1286266
-3.502,18.051,-7.991,-2.7462666,11.749111,1.3783106,1.0254376,-3.4854925,-1.7814116
0.748,18.1,-1.131,-2.7061505,11.9495125,1.8185635,1.1494331,-4.027937,-1.8499275
4.292,18.59,1.323,-2.117988,11.789394,3.9902096,1.1819297,-6.146915,-1.1576542
2.99,-14.115,-0.762,-1.2354409,11.388824,7.555824,5.2437105,-8.088618,0.0393643
0.066,-5.673,1.537,-1.0105827,11.216545,8.876757,1.4845182,-10.785575,0.47409943
-1.733,-2.965,2.961,-1.2045634,11.329294,7.571871,5.376347,-8.073061,0.16000834
-1.702,-1.246,2.883,-1.4620671,11.736503,6.1393948,1.1704233,-8.360295,-0.50406766
-1.156,-1.218,2.815,-1.9736407,13.604589,5.020863,1.1329556,-7.782217,-2.5360703
-1.494,-0.718,2.39,-1.7562801,14.7644005,5.846635,0.97622603,-8.965586,-3.3812387
-2.672,0.41,1.819,-1.2719355,15.20101,7.744569,0.8910543,-11.091911,-3.1872883
-2.794,-0.71,0.276,-1.5593741,15.260551,10.152092,1.7134016,-13.338081,-2.7448833
-0.759,-2.848,-2.914,-1.762701,15.044752,8.766983,1.4388112,-12.061265,-2.7936435
0.155,-7.51,-8.615,-1.1729188,15.145356,7.369008,0.43868843,-10.915733,-3.0663517
-0.827,-10.155,-10.789,-1.8121216,14.310728,9.841216,1.4686348,-12.678992,-2.1104186
0.379,-14.45,-11.222,-2.9844482,13.517811,12.256576,3.2111752,-14.412724,-1.320956
3.808,18.051,-8.905,-4.0842085,13.50694,12.059285,3.836199,-13.720064,-2.0924296
-0.941,-17.649,-10.327,-4.1265483,13.717654,9.384633,3.087609,-11.123288,-2.8429706
-4.749,-4.696,-10.292,-2.743966,13.869074,7.366637,1.2000152,-9.215013,-3.1467814
-8.497,-4.247,-8.677,-1.3790016,13.899923,6.6160426,-0.3028181,-8.665362,-2.987931
-8.258,-18.614,1.683,-1.2923163,13.32209,6.346519,4.2235446,-6.8934283,-2.6057942
7.133,18.051,1.344,-2.8887749,12.138666,7.250661,1.4571166,-8.181985,-1.9914961
8.368,-10.036,2.308,-2.9147828,12.137457,7.327099,1.433615,-8.170548,-2.0545115
-2.075,-4.235,4.155,-3.9837828,11.025457,8.225099,7.264307,-5.5304933,-1.2263471
-2.476,-6.781,5.094,-3.473835,10.94062,5.7978406,1.9495963,-6.4588575,-1.1414961
2.259,-16.21,-0.834,-3.141109,10.803344,4.906028,1.5338461,-5.7202215,-0.94389987
3.283,-17.037,-0.662,-2.752198,10.486088,4.88407,1.3497634,-5.813852,-0.47751567
0.18,-13.943,0.301,-2.4442272,10.03585,5.3646975,4.575777,-4.6648707,0.17473711
-1.756,-7.255,-1.615,-2.1419535,10.141306,4.316804,0.8894428,-5.645813,0.14215067
-1.673,-6.519,-0.965,-1.9855943,10.511501,2.5679858,2.3319376,-3.6187568,-0.3173552
-0.723,-8.664,0.254,-1.9592894,10.777576,1.8814291,-0.075833574,-3.884367,-0.60683584
-0.004,-9.703,2.66,-2.0405362,11.073237,2.8255918,3.0381076,-3.8735926,-0.7066523
-0.611,-8.566,4.361,-2.7122302,11.247385,5.623955,1.3034139,-7.5101094,-0.55617404
-1.942,-8.877,1.394,-3.956545,11.71266,6.2701917,6.7005773,-5.0424104,-1.2311187
-1.187,-12.165,-2.839,-4.6195116,12.941585,5.1189823,2.0809488,-7.299968,-2.7396102
1.208,-12.861,-3.636,-4.8598566,13.9222145,4.461258,5.613844,-4.517995,-3.810308
5.172,-13.179,-4.842,-5.076972,15.172482,5.900271,1.6659971,-8.655462,-4.791312
4.485,-11.593,-3.459,-4.8566084,15.685787,7.8137255,1.5414473,-10.510888,-4.9524136
2.738,-12.346,-2.194,-3.880168,15.641515,7.989358,0.49638182,-10.617194,-4.704426
3.29,-14.381,-3.927,-3.3062725,15.371008,8.739481,-0.0030235818,-11.014632,-4.415016
5.614,-14.755,-3.284,-2.9043293,13.812548,13.185295,0.89471126,-14.67935,-2.7149243
5.43,-14.908,-2.593,-4.0379877,13.190226,14.232391,2.121603,-15.087103,-2.871148
4.98,-16.566,-1.216,-4.424926,13.149609,12.626302,2.0100152,-13.21595,-3.3544343
3.951,-16.49,0.352,-3.5187852,13.039367,11.561577,1.005366,-12.105175,-3.175298
-0.169,-14.914,-0.311,-2.210752,12.688499,10.491425,-0.18970281,-11.062581,-2.5844266
-3.532,-15.722,1.683,-1.9227359,12.224238,9.152081,-0.47516176,-9.613586,-2.2034569
-5.959,-18.253,1.898,-2.7652752,11.21345,7.907145,0.42800045,-8.079014,-1.6151496
-5.004,18.051,-3.1,-3.5242517,10.56543,7.498244,1.3890064,-7.378499,-1.3244191
-3.958,18.383,-4.931,-3.294259,10.428794,6.7869806,1.1487399,-6.733327,-1.102873
0.912,18.802,1.232,-1.9670621,10.590509,4.7371974,-0.3880318,-5.1526756,-0.76541907
6.393,19.102,1.052,-2.7051187,10.233138,5.0362797,0.5639583,-5.3278747,-0.61902136
1.666,-9.777,0.587,-3.8653588,9.599916,5.893305,2.1407058,-5.9575872,-0.28071594
-1.435,-4.815,2.95,-4.040311,9.467443,5.183319,2.339485,-5.391191,-0.10724363
-1.604,-3.856,3.088,-3.6961572,9.883863,4.1796503,1.845643,-4.7487445,-0.33557948
-2.106,-2.05,2.873,-2.5824542,10.893673,3.4470985,0.5306073,-4.630945,-0.9402776
-2.565,-1.181,2.584,-1.3384103,11.784633,4.1849585,-0.55925184,-5.9064593,-1.2831552
-2.868,-0.314,1.979,-1.3559935,11.908845,7.307758,0.22143587,-8.977021,-0.98347026
-2.801,-0.328,1.599,-1.9194589,11.813209,10.462104,1.5510309,-11.937525,-0.57514393
-2.102,-0.932,0.405,-2.4865944,12.390282,9.997454,1.7373495,-11.683938,-1.1532108
-0.405,-2.846,-2.796,-2.6129756,13.522268,7.4540386,0.8215307,-9.644029,-2.5043142
-1.068,-8.369,-8.788,-2.354345,14.512359,7.18208,0.0855807,-9.6327505,-3.4197102
-2.838,-0.174,1.386,-1.4498122,14.532691,8.578989,-0.73390716,-10.948714,-3.0963407
2.13,-3.479,-5.656,-2.235313,13.28399,11.906996,0.6560436,-13.4151945,-2.1449096
3.762,-7.455,-11.654,-4.0930967,12.105708,14.385822,2.7576315,-14.993661,-1.9338391
1.37,-12.985,-16.232,-5.3281956,11.994595,12.248297,2.9432847,-12.483703,-2.7542043
0.742,-15.579,-13.427,-3.9236884,12.258846,10.312704,0.67247,-10.53681,-2.86418
-5.108,-14.748,-6.59,-4.232859,11.691531,12.203636,0.86111283,-11.942623,-2.849178
-6.362,-12.109,-8.922,-6.632303,10.282252,15.312106,3.5005043,-14.309152,-3.1226714
-4.567,18.244,-7.773,-8.218152,9.438015,15.517275,5.172118,-14.12875,-3.2711
-2.157,-13.96,3.76,-8.019156,9.363744,12.380639,4.729903,-10.965944,-2.9465044
-1.672,-8.864,1.665,-6.1405635,9.625088,8.735651,2.7261841,-7.645644,-2.0581074
1.307,-5.794,0.665,-4.593837,9.759208,5.0070305,0.89102423,-4.2371554,-1.2689276
-2.609,-10.975,3.687,-4.4247193,9.349848,5.8457937,1.1640149,-5.0435824,-0.8881381
3.705,19.493,0.523,-4.938757,8.556413,10.010888,2.8282359,-9.051215,-0.58074725
6.797,19.329,0.947,-4.784575,8.298014,8.4937935,2.7325308,-7.779805,0.013711201
1.036,-12.246,-2.18,-4.087673,8.844508,4.1162167,1.2479763,-3.8667653,0.04098024
-3.096,-5.788,-1.491,-3.3252344,9.51422,2.7737036,0.17680225,-2.894999,-0.23619479
-2.372,-4.699,-1.007,-3.2330077,9.494755,5.9150667,0.8223809,-6.0900946,-0.08400957
-0.826,-7.506,-0.741,-3.564152,8.991818,9.608125,2.1420565,-9.71593,0.48547378
0.212,-11.243,0.227,-3.7641702,9.153174,9.737014,2.3943946,-10.0242195,0.50391126
0.02,-11.388,2.491,-2.970849,10.230724,6.341308,0.55837756,-7.1526265,-0.3044332
0.475,-9.149,3.498,-2.5585976,11.3642645,6.137954,-0.41224876,-7.2047386,-1.2064891
-0.961,-8.757,1.343,-3.7939236,11.453349,11.075507,1.4573722,-11.845863,-1.4090328
-1.412,-11.371,-3.088,-5.077235,11.762829,12.878233,2.6673124,-13.5343895,-2.0127065
1.652,-12.823,-4.875,-4.2988377,12.789374,9.626987,0.7437467,-10.587449,-2.9244037
5.232,-12.516,-4.313,-3.5098553,13.316358,7.5645537,-0.8738047,-8.468981,-3.3986442
3.483,-9.905,-4.116,-4.109459,12.107744,10.748794,0.30531797,-10.984837,-2.7735684
2.151,-10.823,-2.985,-5.1516743,11.454261,13.839309,1.589173,-13.47055,-3.049679
3.261,-13.665,-3.523,-6.4222035,11.160036,15.2917,2.7568214,-14.448299,-3.731216
7.092,-14.312,-2.698,-5.985318,11.282099,13.265354,1.8641796,-12.266835,-3.7995625
7.06,-13.856,-2.84,-5.2478657,11.195787,10.579795,0.75995386,-9.475633,-3.4014032
3.343,-14.683,-2.424,-5.474086,10.613416,8.824011,0.8852898,-7.481098,-2.9887714
4.294,-16.178,-0.328,-5.9618044,10.144646,8.908403,1.4763305,-7.3888845,-2.8835611
1.629,-15.439,0.689,-6.6307774,9.30773,12.809115,2.7714982,-10.863633,-3.1923804
-2.19,-14.894,0.87,-6.040481,9.146506,13.888323,2.6757085,-12.012347,-2.904588
-6.565,-17.046,1.522,-4.875019,9.622866,8.1685505,1.2112049,-6.6054206,-1.9403483
-8.986,18.143,-1.573,-4.467108,9.784125,5.954876,0.8176981,-4.5797715,-1.5732361
-7.33,18.051,-5.721,-3.9257536,9.726617,6.7999725,0.6896504,-5.593226,-1.3512392
-2.874,-18.768,-1.992,-3.8271668,9.694027,7.6577816,0.969241,-6.580056,-1.2850777
4.478,19.562,2.496,-3.930028,9.72475,7.7062435,1.3371587,-6.8059635,-1.2066565
7.584,-19.498,-1.673,-3.7642293,10.070868,6.3091674,1.1699784,-5.696457,-1.2196336
2.271,-11.977,0.851,-3.2833169,10.73531,5.1656504,0.4910221,-4.7738647,-1.5810666
-2.71,-5.36,3.51,-2.6758232,11.053861,5.51339,0.29865724,-5.5165854,-1.5609981
-3.079,-3.142,3.591,-3.064983,11.150463,8.880111,1.4594523,-8.909307,-1.642262
-2.783,-1.865,2.958,-3.9946165,11.811719,8.846886,2.2660675,-8.876074,-2.433503
-2.285,-1.719,2.06,-4.7850466,13.260601,6.422397,2.4082487,-6.7329254,-3.9358208
-2.048,-1.987,0.902,-4.786662,14.372419,5.4971795,2.1269526,-6.0468154,-4.978805
-2.042,-2.521,-0.201,-2.272053,14.37795,8.622947,0.36600867,-9.251483,-4.353824
-0.757,-2.536,-1.285,-0.94064355,12.132388,16.79904,1.3320761,-16.856028,-2.2094767
0.215,-2.508,-2.412,-2.3783433,10.042493,-19.200798,-4.779549,18.929157,0.11016377
0.547,-6.094,-6.92,-3.3132684,10.18692,17.646027,4.205829,-16.82781,-1.3857187
1.948,-11.906,-11.676,-2.5690393,11.588588,10.896361,1.6318647,-10.4921255,-2.3126864
1.576,-18.307,-10.812,-2.018443,12.323766,9.154156,0.40099958,-8.805161,-2.9234812
-2.627,18.197,-11.309,-2.3945353,12.002449,10.485199,0.9761366,-9.815809,-2.9381142
-4.823,-12.98,-8.67,-2.5232131,11.358894,11.826377,1.493798,-10.855884,-2.6501827
-5.463,-6.216,-7.583,-2.0249138,11.0039835,12.425359,1.2660671,-11.342383,-2.4132068
-7.388,-10.321,-7.886,-1.769267,10.82852,11.395343,0.92918795,-10.292162,-2.1703672
-0.733,18.051,-0.67,-2.1462383,10.529015,9.027058,0.91907287,-7.8771133,-1.7718084
2.771,18.925,0.471,-2.2554853,10.348216,7.703279,0.8494932,-6.5199194,-1.5195278
-0.917,-8.123,-0.248,-2.0514336,10.089344,5.7427626,0.32181755,-4.6593046,-1.0178545
0.846,-3.647,3.012,-2.018698,9.824572,5.167609,0.15603209,-4.0584183,-0.7198139
-0.672,-12.212,5.054,-2.4665275,9.3699465,5.2377963,0.6706364,-4.0211973,-0.42537767
1.583,-16.038,1.45,-3.277859,8.882575,6.2127943,1.6479157,-4.783713,-0.32467702
3.471,-16.626,-0.292,-4.2338767,8.439085,6.8307295,2.6358333,-5.2524614,-0.25648957
-2.204,-8.704,-2.514,-4.2488036,8.386486,5.8475747,2.4705827,-4.415249,-0.04126468
-3.114,-5.106,-1.722,-4.417802,8.575834,5.675031,2.5607924,-4.330993,-0.19098686
-1.028,-7.026,0.22,-5.277602,8.871002,6.9488325,3.5991733,-5.5584083,-0.7282489
-0.004,-8.864,0.514,-5.760385,9.702015,7.610953,4.0771136,-6.329012,-1.5317141
0.779,-10.521,3.458,-4.9014225,11.51831,5.9332156,2.572256,-5.212469,-2.7676144
1.488,-9.845,5.66,-4.661731,13.479251,4.7703447,1.6406002,-4.4979553,-4.4501004
0.744,-10.146,2.507,-5.231991,14.301798,7.1918736,2.3962135,-6.9513745,-5.345074
-0.22,-11.185,-3.302,-5.3526964,13.908994,8.9906,2.8717852,-8.740654,-4.968199
0.618,-11.711,-4.32,-5.2574368,13.346579,10.473272,3.0841587,-10.116976,-4.4620547
7.011,-13.071,-4.634,-4.9156604,12.929533,12.511374,3.1045635,-12.084483,-4.0569
5.905,-11.851,-3.68,-5.3294935,12.48353,14.558504,3.8476026,-13.980886,-3.8287027
1.859,-11.099,-2.47,-5.9913845,12.359214,14.991213,4.505404,-14.309219,-3.916723
2.89,-13.502,-3.539,-7.0431085,12.677581,13.772629,5.295569,-13.009684,-4.4312167
5.167,-14.347,-2.043,-5.1569395,13.675295,11.719129,3.15424,-11.357441,-4.753744
3.79,-13.923,-2.644,-1.3459088,14.1578865,10.998199,-0.4302348,-11.153535,-4.2870054
1.222,-14.533,-2.411,1.5165999,12.888792,13.326622,-2.2533693,-13.609262,-2.672541
2.795,-16.087,-0.882,-0.07312298,9.794176,17.837017,0.8970434,-17.301672,-0.8675215
1.377,-15.316,-1.172,-2.5386927,8.826154,18.045475,3.2724593,-16.814526,-0.98908854
-0.178,-13.834,-0.424,-3.8477616,9.361436,11.935345,2.9816756,-10.578256,-1.3335627
-3.265,-15.696,0.524,-3.1611793,10.033113,7.781853,1.3468875,-6.707997,-1.3469284
-6.446,19.157,0.246,-1.2237458,10.980588,4.05536,-1.3998088,-3.391885,-1.3760358
-4.95,18.051,-2.292,-0.42965174,11.067678,4.1104126,-2.229727,-3.4561007,-1.268425
-1.653,19.171,-2.897,-1.6749841,10.217184,7.85443,-0.32266104,-6.754589,-1.2910926
2.358,18.686,-1.18,-3.2860441,9.169734,11.67139,2.0320148,-10.194475,-1.2860051
6.267,-18.785,-0.694,-3.8387523,8.7224245,10.922225,2.5603416,-9.529486,-0.8115057
2.209,-10.992,0.663,-3.9814687,8.894919,7.292335,2.062438,-6.2012577,-0.46177575
-1.279,-5.765,3.308,-3.9692714,9.6154,5.248513,1.5022936,-4.4584293,-0.8527815
-2.467,-4.004,3.3,-4.3408375,10.495693,6.988521,1.9092261,-6.3712296,-1.752078
-2.497,-2.727,2.565,-4.4907885,11.494257,8.881326,2.164311,-8.56587,-2.5668993
-1.774,-1.07,1.02,-3.7576914,12.967536,7.1687737,0.7320843,-7.4889317,-3.4993076
-1.476,-1.036,0.699,-3.3677604,14.003855,7.9633417,0.0784118,-8.702166,-4.162271
-1.981,-2.409,0.657,-3.7586975,13.706245,10.759544,0.7937094,-11.549638,-3.7481549
-2.025,-3.283,0.44,-4.4200735,13.142417,9.892126,0.9928098,-10.6712265,-3.4316885
-1.736,-4.755,-1.355,-5.5013866,12.397299,11.380498,2.0104344,-11.873083,-3.172643
1.279,-8.53,-12.741,-7.895321,11.752586,14.991199,4.58909,-15.087775,-3.4784832
1.046,-9.019,-14.345,-9.073074,11.814384,14.887042,5.4491053,-15.120253,-3.802526
-0.268,-9.1,-10.828,-7.110756,12.218607,10.989137,9.695099,-7.6088653,-3.1829054
2.368,-11.494,-8.069,-5.247536,13.0828,9.170367,1.1345849,-10.796811,-3.035996
0.095,-13.191,-8.079,-4.458999,14.002998,10.29496,7.8255982,-9.788005,-3.0349946
-5.549,-14.011,-8.824,-3.5324943,14.605591,7.1652694,-0.71637636,-10.178217,-3.3475735
-14.175,-18.406,-2.798,-3.8293295,14.443666,2.7733955,2.8436098,-5.6579814,-4.0091424
-10.629,18.051,-5.454,-6.5319643,13.094209,5.0889616,1.8994977,-7.8212047,-3.4312918
6.931,-15.051,-2.46,-8.84285,11.349139,11.222727,12.410143,-6.8226514,-1.699362
7.34,-4.41,3.475,-9.342871,11.0506115,12.96594,6.2557826,-14.62839,-1.3466573
0.335,-4.322,8.533,-9.253891,11.45715,12.218605,13.252688,-7.5097547,-1.7763087
-1.176,-11.696,2.915,-7.7211843,12.4218645,7.704624,3.6592562,-10.1023,-2.756553
7.334,18.589,-0.597,-6.0128655,12.681284,4.633023,5.7107315,-5.1387334,-2.8193302
4.368,-18.31,-0.493,-5.3442144,12.33916,4.412305,1.5099679,-7.290002,-2.229122
-4.432,-7.802,-1.888,-5.283179,11.7778635,5.359466,6.382534,-5.3368893,-1.4243252
-5.016,-3.532,-1.892,-4.8523536,11.487456,5.029824,2.0134091,-7.725055,-1.0135075
-1.285,-5.871,-0.777,-3.759838,11.546243,4.782221,5.0215874,-5.9658318,-0.6582558
0.645,-10.391,0.212,-2.4269857,11.756754,4.831668,0.31843212,-8.065882,-0.307534
1.494,-11.571,2.393,-2.6231627,11.419031,4.2048106,4.388924,-6.1680098,-0.07508552
1.161,-9.844,4.499,-3.1236138,11.698279,1.9862802,0.94379807,-5.776961,-0.97704136
-0.608,-9.413,1.642,-2.4923463,12.928963,-0.09877801,1.9243573,-4.242595,-2.5090666
-0.612,-12.223,-2.999,-0.46996188,13.1191845,0.7594762,-1.5658151,-5.97291,-1.8029685
1.738,-13.691,-4.229,0.43626642,12.215717,6.281263,4.913612,-9.494658,1.1708974
4.018,-12.991,-3.722,0.46886468,12.040512,7.939533,-0.10714712,-12.039506,1.8524808
2.814,-10.821,-4.008,-0.09893513,13.66088,5.5575,-0.36293036,-10.468814,-0.5754241
1.385,-10.494,-3.665,-0.20198298,14.921062,3.5847065,-0.99740136,-9.158492,-2.467562
4.247,-13.634,-2.591,-0.50490844,14.543715,4.9457183,-0.4995813,-9.959913,-1.8888725
5.801,-14.345,-2.206,-1.1955396,13.402731,6.4837723,0.45570326,-10.519735,-0.7871867
5.475,-13.692,-3.199,-1.9273163,12.424662,5.467143,0.75753176,-8.812854,-0.66885364
2.558,-13.794,-2.653,-2.386195,11.663964,4.875889,0.9253917,-7.6235576,-0.5152344
2.49,-14.753,-1.634,-2.269181,11.169235,6.506882,1.0623481,-8.76581,0.09724717
2.114,-15.149,-0.793,-1.7027699,11.333737,13.765717,1.8888152,-15.783845,1.5513089
-0.55,-14.293,0.358,-3.23793,10.969494,6.8698015,1.4805156,-9.187658,0.24614623
-2.093,-15.158,1.341,-5.3392334,11.754503,-1.6753757,1.0278503,-1.3753487,-3.0981781
-7.054,-18.643,0.989,-4.687264,11.94043,-2.3514593,0.10077984,-1.0608778,-3.190967
-8.825,18.051,-2.922,-4.3307514,11.511017,-1.0042716,0.111950725,-2.198854,-2.3350143
-6.113,19.064,-6.209,-4.4299335,11.672548,1.9376652,0.6116846,-4.8355417,-1.8497062
0.657,19.531,-0.423,-4.2863126,12.199469,7.2924714,1.1547748,-9.983214,-1.119537
6.024,18.631,0.419,-4.6623263,11.997043,8.827683,1.6250397,-11.4556265,-0.6681861
5.121,-14.543,-1.091,-5.3984933,11.8929,5.390933,1.5141047,-8.218261,-1.5869727
-0.202,-7.079,2.22,-6.3998766,12.5926895,4.378624,1.7976679,-7.4816766,-2.8226619
-2.004,-4.526,3.49,-6.9522867,13.206957,4.1882715,1.9770335,-7.52394,-3.6016033
-2.539,-2.492,0.4,-11.8842125,-4.5272074,-1.7668635,1.9795071,0.8861176,-2.8483214
-1.483,-3.21,-0.69,-10.821268,-5.328439,-2.806443,0.0,0.0,0.0
0.079,-5.327,-5.196,-9.216071,-7.5815,-7.361466,0.0,0.0,0.0
0.651,-8.312,-11.136,-8.585989,-10.741187,-13.360293,0.0,0.0,0.0
1.848,-11.38,-15.364,-7.3600965,-13.959156,-17.53869,0.0,0.0,0.0
4.305,-14.512,-11.741,-4.9149175,-17.16573,-13.771082,0.0,0.0,0.0
2.97,-13.917,-6.899,-6.2638264,-16.651089,-8.751448,0.0,0.0,0.0
2.354,-11.751,-8.059,-6.872508,-14.538762,-9.867403,0.0,0.0,0.0
1.04,-9.195,-8.983,-8.140737,-12.106923,-10.828305,0.0,0.0,0.0
-7.806,-11.01,-6.602,-16.922045,-13.932163,-8.730164,0.0,0.0,0.0
-7.08,18.051,-2.394,-16.201908,15.389944,-4.818857,0.0,0.0,0.0
3.095,18.08,-0.001,-5.990591,15.461613,-2.6022432,0.0,0.0,0.0
-3.496,1.071,2.641,-12.40999,-1.7816619,-0.28705215,0.0,0.0,0.0
-4.803,-1.164,8.724,-13.571442,-4.027721,5.3947477,0.0,0.0,0.0
-4.455,-9.477,6.234,-13.038361,-12.29158,2.4163523,0.0,0.0,0.0
3.528,18.144,-2.84,-4.996728,15.60022,-6.966568,0.0,0.0,0.0
7.298,18.051,-0.985,-1.0586162,15.573899,-5.479587,0.0,0.0,0.0
1.021,-11.292,-1.585,-7.007736,-14.047859,-6.495708,0.0,0.0,0.0
-0.94,-3.619,0.114,-8.6063175,-6.6855383,-5.176966,0.0,0.0,0.0
1.265,-4.48,0.612,-6.073826,-7.7751904,-4.996361,0.0,0.0,0.0
0.991,-8.748,0.6,-5.9890995,-12.209644,-5.3553004,0.0,0.0,0.0
-0.004,-11.772,0.104,-6.633093,-15.344103,-6.178162,0.0,0.0,0.0
0.852,-13.366,-0.397,-5.5201387,-16.904907,-6.957669,0.0,0.0,0.0
2.768,-13.105,-0.96,-3.350043,-16.558416,-7.802064,0.0,0.0,0.0
4.41,-9.504,-1.711,-1.4706802,-12.9401455,-8.766558,0.0,0.0,0.0
5.513,-9.15,-0.736,-0.16014194,-12.66028,-7.9237523,0.0,0.0,0.0
5.05,-10.199,-0.694,-0.56557274,-13.758761,-7.9025955,0.0,0.0,0.0
4.017,-10.947,-1.646,-1.5656681,-14.540384,-8.863463,0.0,0.0,0.0
2.318,-14.533,-1.727,-3.1915963,-18.14859,-8.989385,0.0,0.0,0.0
2.318,-14.533,-1.727,-3.1186798,-18.16047,-9.038249,0.0,0.0,0.0
2.744,-14.6,0.247,-2.69268,-18.227468,-7.064249,0.0,0.0,0.0
-1.604,-15.347,-3.47,-7.0031514,-18.857344,-10.865745,0.0,0.0,0.0
-2.611,-16.667,-3.035,-7.8767076,-20.019186,-10.5984335,0.0,0.0,0.0
0.313,-17.482,1.237,-4.4852247,-20.339588,-6.824119,0.0,0.0,0.0
1.995,-17.426,1.716,-2.620059,-20.083565,-6.518619,0.0,0.0,0.0
0.743,18.591,1.885,-3.8603873,16.052744,-6.393675,0.0,0.0,0.0
-4.17,-17.481,0.445,-8.773388,-20.019257,-7.833675,0.0,0.0,0.0
-4.329,-13.406,-1.878,-9.471083,-15.705928,-9.905435,0.0,0.0,0.0
-5.335,-8.843,-3.723,-10.966126,-10.498798,-11.579151,0.0,0.0,0.0
-5.428,-6.406,-1.808,-11.327749,-7.5717163,-9.554253,0.0,0.0,0.0
-1.886,-4.948,0.01,-7.871428,-5.9314933,-7.695697,0.0,0.0,0.0
0.648,-5.21,-0.047,-5.4226294,-6.0122886,-7.7069073,0.0,0.0,0.0
3.764,-4.321,0.017,-2.46552,-4.780369,-7.5429235,0.0,0.0,0.0
2.513,-2.455,1.085,-3.9668684,-2.6046631,-6.274298,0.0,0.0,0.0
0.439,-2.095,1.106,-6.3862247,-2.0207646,-5.9353905,0.0,0.0,0.0
-1.863,-2.549,-0.055,-8.956782,-2.3258164,-6.8224826,0.0,0.0,0.0
-2.824,-3.951,-1.335,-9.998099,-3.6788485,-8.015463,0.0,0.0,0.0
-2.23,-5.147,-2.73,-9.45708,-4.852053,-9.352137,0.0,0.0,0.0
0.329,-7.217,-6.171,-6.8903503,-6.9542713,-12.8029175,0.0,0.0,0.0
2.377,-8.492,-9.696,-4.7288485,-8.392993,-16.453773,0.0,0.0,0.0
-1.268,-8.286,-11.083,-8.340802,-8.231826,-17.875858,0.0,0.0,0.0
-2.156,-8.643,-9.441,-9.28826,-8.655155,-16.17161,0.0,0.0,0.0
0.673,-9.866,-11.445,-6.504286,-9.9238,-18.127335,0.0,0.0,0.0
1.507,-10.404,-14.317,-5.7418714,-10.614852,-20.918499,0.0,0.0,0.0
0.15,-12.729,-14.265,-7.1101446,-12.970554,-20.853046,0.0,0.0,0.0
-4.336,-17.584,-1.643,-11.353039,-17.900354,-8.486352,0.0,0.0,0.0
-9.098,-19.563,-2.202,-15.769985,-19.991268,-9.376369,0.0,0.0,0.0
-2.703,-8.631,-3.41,-9.386856,-8.973631,-10.577918,0.0,0.0,0.0
2.261,-5.019,2.238,-4.1773167,-5.379268,-5.1504154,0.0,0.0,0.0
-4.971,-11.495,3.14,-10.858192,-12.0715275,-4.681699,0.0,0.0,0.0
2.76,19.312,-2.333,-2.8144176,18.718729,-10.379384,0.0,0.0,0.0
8.043,18.057,-1.223,2.7677898,17.195955,-9.444992,0.0,0.0,0.0
6.906,-14.43,-0.868,2.0550222,-15.846024,-9.272359,0.0,0.0,0.0
-1.38,-4.674,-1.631,-5.8538966,-6.5874386,-10.145304,0.0,0.0,0.0
-1.377,-3.714,-1.23,-5.603782,-6.0044127,-9.777437,0.0,0.0,0.0
0.696,-6.401,-2.062,-3.3309822,-8.987185,-10.621524,0.0,0.0,0.0
0.952,-9.678,-1.635,-2.8643913,-12.51092,-10.212886,0.0,0.0,0.0
1.453,-11.066,-1.122,-2.114656,-14.154545,-9.718691,0.0,0.0,0.0
2.381,-11.162,1.358,-0.9165213,-14.48563,-7.258857,0.0,0.0,0.0
1.847,-10.182,2.131,-1.2058812,-13.695509,-6.5006604,0.0,0.0,0.0
-0.842,-10.278,0.529,-3.827503,-13.973085,-8.050248,0.0,0.0,0.0
-0.612,-12.87,-4.245,-3.722172,-16.756296,-12.69449,0.0,0.0,0.0
1.518,-13.157,-6.07,-1.5430111,-17.275146,-14.42712,0.0,0.0,0.0
1.574,-9.879,-4.096,-1.3320314,-14.150421,-12.431486,0.0,0.0,0.0
2.616,-13.404,-1.946,-0.24821854,-17.699139,-10.28377,0.0,0.0,0.0
2.354,-16.158,-2.05,-0.4606464,-20.507456,-10.376487,0.0,0.0,0.0
2.175,-15.198,-4.051,-0.6229353,-19.591225,-12.360123,0.0,0.0,0.0
2.787,-15.583,-2.959,0.012742281,-19.957703,-11.285816,0.0,0.0,0.0
2.258,-16.856,-0.46,-0.45467353,-21.171541,-8.837823,0.0,0.0,0.0
3.035,-16.39,-0.236,0.3542068,-20.5351,-8.709598,0.0,0.0,0.0
1.795,-14.099,-0.273,-0.8811387,-17.92549,-8.896609,0.0,0.0,0.0
-0.433,-14.922,-1.996,-3.2102592,-18.257061,-10.790008,0.0,0.0,0.0
-1.464,-17.8,-2.232,-4.2895303,-20.54559,-11.212451,0.0,0.0,0.0
-2.906,18.086,-1.279,-5.7421875,15.91544,-10.412188,0.0,0.0,0.0
-2.464,18.051,0.171,-5.3001876,15.88044,-8.962187,0.0,0.0,0.0
1.323,18.965,1.584,-1.5040269,17.346,-7.665711,0.0,0.0,0.0
1.323,18.965,1.584,-1.5040269,17.346,-7.665711,0.0,0.0,0.0
-3.204,-3.699,-10.252,-6.031027,-5.3179984,-19.50171,0.0,0.0,0.0
-3.204,-3.699,-10.252,-6.031027,-5.3179984,-19.50171,0.0,0.0,0.0
-6.279,-16.731,-13.15,-9.106027,-18.35,-22.399712,0.0,0.0,0.0
2.181,18.449,3.155,-0.64602685,16.83,-6.0947113,0.0,0.0,0.0
2.181,18.449,3.155,-0.64602685,16.83,-6.0947113,0.0,0.0,0.0
0.218,-9.125,-2.009,-2.609027,-10.743999,-11.258711,0.0,0.0,0.0
-0.51,-17.51,-5.49,-3.3370268,-19.129,-14.739711,0.0,0.0,0.0
0.125,-15.949,-4.936,-2.7020268,-17.567999,-14.185711,0.0,0.0,0.0
1.001,-11.058,-4.583,-1.8260268,-12.676998,-13.832711,0.0,0.0,0.0
3.338,-8.971,-0.942,0.5109732,-10.589998,-10.191711,0.0,0.0,0.0
1.942,-8.423,-1.368,-0.8850268,-10.041999,-10.617711,0.0,0.0,0.0
1.942,-8.423,-1.368,-0.61389554,-10.094933,-10.686928,0.0,0.0,0.0
1.942,-8.423,-1.368,-0.61389554,-10.094933,-10.686928,0.0,0.0,0.0
4.679,18.674,-4.47,2.9948187,16.52155,-13.888113,0.0,0.0,0.0
8.003,18.051,-4.988,6.717175,15.30895,-14.315283,0.0,0.0,0.0
7.392,18.728,-3.761,6.5458055,15.183318,-12.865369,0.0,0.0,0.0
-1.313,-16.907,-6.053,-2.012118,-20.835663,-15.01108,0.0,0.0,0.0
1.243,18.724,-9.508,0.42194247,14.297297,-18.220089,0.0,0.0,0.0
3.06,-17.369,-10.451,2.1662724,-21.963593,-19.068502,0.0,0.0,0.0
2.537,-4.931,-9.748,1.7248871,-9.602652,-18.332087,0.0,0.0,0.0
5.83,-4.248,-10.872,5.3321133,-8.909602,-19.485476,0.0,0.0,0.0
9.729,-6.092,-8.177,9.5256605,-10.3636265,-17.00209,0.0,0.0,0.0
9.559,-4.215,-1.728,9.56548,-8.020881,-10.766011,0.0,0.0,0.0
2.978,-1.446,1.781,3.3272886,-4.846779,-7.4104652,0.0,0.0,0.0
-4.668,-5.746,0.297,-3.981361,-8.799973,-8.996661,0.0,0.0,0.0
-1.366,-16.382,-3.987,-0.9450172,-18.940573,-13.444635,0.0,0.0,0.0
1.547,18.051,-3.662,1.0936555,16.137583,-13.269482,0.0,0.0,0.0
-1.072,18.529,-5.536,-1.9790679,17.427904,-15.238329,0.0,0.0,0.0
-3.034,-16.729,-4.92,-4.269572,-16.892769,-14.647124,0.0,0.0,0.0
2.247,-18.574,-6.24,0.37495553,-17.836805,-15.83804,0.0,0.0,0.0
7.547,18.051,-10.218,4.8050604,19.67493,-19.492428,0.0,0.0,0.0
5.178,18.25,-11.478,1.552079,20.642694,-20.269932,0.0,0.0,0.0
-2.83,-14.017,-6.46,-7.196346,-11.009041,-14.709702,0.0,0.0,0.0
-6.114,-6.814,-2.925,-10.84182,-3.4944997,-10.849584,0.0,0.0,0.0
-0.773,-5.918,-0.577,-5.7757874,-2.4203413,-8.252211,0.0,0.0,0.0
0.94,-3.125,0.196,-4.232979,0.39016557,-7.357427,0.0,0.0,0.0
-3.545,-0.073,0.322,-8.758736,3.45767,-7.1960917,0.0,0.0,0.0
-6.44,1.715,2.924,-11.572214,5.25985,-4.6433516,0.0,0.0,0.0
-5.791,3.037,4.864,-10.684764,6.523705,-2.886118,0.0,0.0,0.0
-2.827,4.705,6.915,-7.306265,7.907364,-1.1998911,0.0,0.0,0.0
-0.371,2.174,0.753,-4.329618,4.9164248,-7.7897635,0.0,0.0,0.0
1.726,-2.664,-9.887,-1.7322053,-0.16752076,-18.71756,0.0,0.0,0.0
4.677,-8.226,2.795,1.6261971,-5.989379,-6.252678,0.0,0.0,0.0
1.438,-15.983,2.591,-1.22942,-14.0613575,-6.648186,0.0,0.0,0.0
-6.16,-18.191,-3.038,-8.399496,-16.495626,-12.433783,0.0,0.0,0.0
-3.129,-8.721,-4.482,-5.0405416,-7.238517,-13.985613,0.0,0.0,0.0
0.948,-6.82,-3.755,-0.37576157,-5.6382265,-13.399763,0.0,0.0,0.0
-1.27,-12.34,-4.164,-1.9872377,-11.4303875,-13.901995,0.0,0.0,0.0
0.316,-12.626,-2.704,0.19757296,-12.005372,-12.490274,0.0,0.0,0.0
0.416,-12.376,-2.432,0.95765793,-12.1464,-12.220986,0.0,0.0,0.0
1.432,-14.424,-1.519,2.5451558,-14.716303,-11.257881,0.0,0.0,0.0
5.773,-16.122,-5.342,7.271394,-16.890392,-15.002992,0.0,0.0,0.0
9.674,-18.926,-4.267,11.491282,-20.311163,-13.803728,0.0,0.0,0.0
10.77,18.051,-0.193,12.711831,15.805412,-9.539497,0.0,0.0,0.0
8.091,18.051,-1.576,10.046593,14.913179,-10.658957,0.0,0.0,0.0
-1.562,19.473,-6.095,0.39537144,15.660063,-14.9154625,0.0,0.0,0.0
-6.446,-16.871,-8.127,-4.610099,-21.096275,-16.784187,0.0,0.0,0.0
0.104,-14.709,-5.567,1.9132366,-19.24908,-14.069042,0.0,0.0,0.0
-0.414,-4.574,-4.883,1.3613957,-9.311373,-13.283932,0.0,0.0,0.0
3.101,-2.048,-8.066,4.8706894,-6.729186,-16.499569,0.0,0.0,0.0
6.653,-4.826,-9.832,8.536967,-9.152257,-18.428776,0.0,0.0,0.0
7.726,-5.902,-8.265,9.796853,-9.7563925,-17.041424,0.0,0.0,0.0
6.838,-4.668,-1.929,9.1178665,-7.96889,-10.87756,0.0,0.0,0.0
2.494,-3.343,6.756,5.2774873,-6.289406,-2.173798,0.0,0.0,0.0
-4.917,-5.376,3.45,-1.7592924,-8.087119,-5.429702,0.0,0.0,0.0
-4.283,-12.285,-6.97,-1.3288727,-14.528217,-16.048077,0.0,0.0,0.0
-3.983,18.051,-2.855,-1.7637429,16.462002,-12.274147,0.0,0.0,0.0
-0.083,18.051,-0.266,1.7620697,17.088043,-9.849255,0.0,0.0,0.0
0.989,19.318,-6.674,2.7213395,19.160358,-16.32514,0.0,0.0,0.0
-2.539,-15.127,-5.883,-0.983549,-14.846984,-15.561457,0.0,0.0,0.0
-0.668,-14.705,-5.75,-0.06249112,-13.186836,-15.419483,0.0,0.0,0.0
2.148,-18.38,-10.337,2.5147295,-16.476603,-19.950167,0.0,0.0,0.0
2.542,19.22,-7.545,2.4264016,21.87716,-16.984095,0.0,0.0,0.0
1.149,-12.359,-4.352,0.4921242,-8.965263,-13.529224,0.0,0.0,0.0
-2.714,-4.923,-3.101,-3.3987186,-1.4049408,-12.229241,0.0,0.0,0.0
-1.723,-4.679,-2.508,-2.3897567,-1.0296671,-11.585896,0.0,0.0,0.0
-1.053,-2.112,-1.949,-1.6509862,1.5095408,-11.042802,0.0,0.0,0.0
-2.43,1.618,-1.723,-2.8720193,5.005412,-10.915411,0.0,0.0,0.0
-2.845,4.067,1.653,-3.2310152,7.3506594,-7.5794945,0.0,0.0,0.0
-3.346,4.47,4.377,-3.451054,7.42305,-4.973875,0.0,0.0,0.0
-2.593,4.133,4.296,-2.2279825,6.62638,-5.181351,0.0,0.0,0.0
-1.151,2.386,1.732,-0.09330094,4.244128,-7.838737,0.0,0.0,0.0
0.721,-1.367,-2.542,2.486454,-0.17124617,-12.114029,0.0,0.0,0.0
1.462,-6.462,-8.822,3.7512507,-5.591277,-18.31787,0.0,0.0,0.0
2.637,-16.68,-9.296,5.3145885,-15.803141,-18.68919,0.0,0.0,0.0
-0.135,18.051,10.279,3.0145285,18.630589,1.0099707,0.0,0.0,0.0
-0.609,-18.79,-7.734,3.0155878,-18.793848,-16.84623,0.0,0.0,0.0
-0.296,-5.256,-0.761,3.7407641,-5.3106976,-9.698109,0.0,0.0,0.0
-4.192,0.365,2.942,0.26219893,0.16563,-5.792458,0.0,0.0,0.0
-2.78,-9.507,-4.344,2.042837,-9.993688,-12.868891,0.0,0.0,0.0
0.827,-17.842,-2.019,6.046679,-18.64017,-10.282672,0.0,0.0,0.0
2.272,-18.391,-1.209,7.9687424,-19.562386,-9.104909,0.0,0.0,0.0
2.746,-16.071,-0.059,8.869933,-17.626373,-7.5589085,0.0,0.0,0.0
3.432,-14.049,0.368,9.893157,-15.959422,-6.7575946,0.0,0.0,0.0
3.705,-13.957,-2.536,10.40312,-16.20121,-9.338138,0.0,0.0,0.0
3.129,-17.706,-1.185,10.042963,-20.408827,-7.5929794,0.0,0.0,0.0
3.461,18.051,-1.337,10.532772,14.791447,-7.298185,0.0,0.0,0.0
0.298,-19.591,-3.408,7.4546137,-23.32774,-8.974871,0.0,0.0,0.0
-1.483,-14.921,-5.144,5.6481028,-19.123829,-10.402702,0.0,0.0,0.0
-0.836,-13.254,-5.744,6.219481,-17.846863,-10.773529,0.0,0.0,0.0
2.2,-9.475,-5.336,9.187876,-14.400242,-10.1403675,0.0,0.0,0.0
4.881,-5.694,-5.83,11.855357,-10.902393,-10.3467865,0.0,0.0,0.0
6.116,-4.04,-6.735,13.103561,-9.433893,-11.007036,0.0,0.0,0.0
7.648,-2.925,-6.009,14.643171,-8.330698,-10.253572,0.0,0.0,0.0
7.245,-1.353,-3.52,14.262371,-6.6970267,-7.805822,0.0,0.0,0.0
5.488,-0.938,0.512,12.732336,-5.9033318,-3.8509645,0.0,0.0,0.0
2.68,-4.363,5.251,10.254501,-8.851002,0.9318366,0.0,0.0,0.0
-4.913,-9.425,2.378,2.9203205,-13.3574,-2.0203726,0.0,0.0,0.0
-6.939,-19.426,-2.142,0.96767235,-22.831553,-6.838502,0.0,0.0,0.0
-7.412,18.051,-0.412,0.7012305,15.041949,-5.0262694,0.0,0.0,0.0
-6.933,-17.961,-0.618,1.283423,-20.772179,-5.1741014,0.0,0.0,0.0
-6.954,-17.838,-3.176,1.4745297,-20.029041,-7.6848345,0.0,0.0,0.0
-2.592,19.095,-2.974,5.9805164,17.297487,-7.384362,0.0,0.0,0.0
-1.444,-18.587,-3.116,7.293638,-19.971367,-7.3477335,0.0,0.0,0.0
-2.8,-16.754,-3.697,6.01857,-17.706863,-7.879731,0.0,0.0,0.0
-2.901,-16.192,-3.739,5.931533,-16.928654,-7.935912,0.0,0.0,0.0
-2.417,-12.595,-1.562,6.3439617,-12.95663,-5.9534864,0.0,0.0,0.0
-2.81,-8.391,-2.575,5.9044356,-8.602959,-7.067666,0.0,0.0,0.0
-2.822,-6.232,-2.621,5.8110967,-6.2235956,-7.272875,0.0,0.0,0.0
-1.863,-5.816,-1.427,6.763034,-5.803414,-6.09195,0.0,0.0,0.0
-0.648,-6.102,-0.162,7.94063,-6.2327886,-4.8936715,0.0,0.0,0.0
0.564,-5.752,0.817,9.121472,-5.979721,-3.9671588,0.0,0.0,0.0
1.938,-4.742,-0.752,10.3737135,-5.4025364,-5.7090974,0.0,0.0,0.0
2.694,-4.289,-3.098,11.095545,-5.1237693,-8.086743,0.0,0.0,0.0
1.592,-3.984,-3.857,9.973151,-5.338196,-8.765444,0.0,0.0,0.0
1.093,-3.744,-4.682,9.499459,-5.2667837,-9.49687,0.0,0.0,0.0
2.046,-4.555,-7.839,10.609987,-6.519822,-12.194225,0.0,0.0,0.0
1.764,-5.418,-12.647,10.474251,-7.587095,-16.596296,0.0,0.0,0.0
-1.586,-5.229,-12.629,7.209561,-7.5420666,-16.297543,0.0,0.0,0.0
-1.04,-5.381,-6.56,7.764967,-7.7551613,-10.166425,0.0,0.0,0.0
0.165,-6.898,-2.761,9.022623,-9.365999,-6.1700854,0.0,0.0,0.0
-7.347,-13.478,-9.298,1.5515108,-15.95907,-12.589076,0.0,0.0,0.0
-9.216,18.051,-8.375,-0.1911192,15.548704,-11.283679,0.0,0.0,0.0
-4.994,-17.338,1.971,4.05516,-19.943472,-0.7666261,0.0,0.0,0.0
-5.927,2.536,-2.308,3.191784,-0.32290053,-4.509102,0.0,0.0,0.0
-2.813,3.556,2.058,6.3625135,0.5186677,0.39819217,0.0,0.0,0.0
1.581,-8.832,7.697,10.821016,-12.027549,6.9348,0.0,0.0,0.0
-1.248,19.369,-0.854,7.9348574,15.927572,-0.8998793,0.0,0.0,0.0
5.532,18.051,-2.554,14.63928,14.441635,-2.1064415,0.0,0.0,0.0
5.293,-16.725,-2.203,14.363392,-20.269838,-1.0486504,0.0,0.0,0.0
-1.239,-8.882,-1.218,7.7160506,-12.3597975,0.7523706,0.0,0.0,0.0
-0.108,-7.89,-0.861,8.653616,-11.281603,1.9499593,0.0,0.0,0.0
1.792,-9.225,-0.862,10.268503,-12.521914,2.8053749,0.0,0.0,0.0
1.586,-10.157,-1.229,9.681656,-13.417566,3.2430754,0.0,0.0,0.0
1.231,-10.558,-1.246,8.890968,-13.868148,3.9055192,0.0,0.0,0.0
2.66,-10.749,-1.434,9.817723,-14.130774,4.354004,0.0,0.0,0.0
4.948,-10.103,-0.228,11.557249,-13.507822,6.1669493,0.0,0.0,0.0
5.933,-11.192,-0.674,12.007887,-14.579813,6.23895,0.0,0.0,0.0
4.833,-12.143,-0.963,10.455236,-15.514917,6.330217,0.0,0.0,0.0
2.707,-11.661,-2.412,8.006732,-15.060348,5.1064873,0.0,0.0,0.0
1.844,-11.454,-3.384,6.8625526,-14.929092,4.291172,0.0,0.0,0.0
1.763,-11.986,-2.949,6.492289,-15.540047,4.8723145,0.0,0.0,0.0
1.686,-11.295,-1.892,6.086241,-14.891954,6.099881,0.0,0.0,0.0
2.743,-9.73,-0.918,6.86937,-13.401613,7.185253,0.0,0.0,0.0
2.068,-8.729,0.104,5.995854,-12.529554,8.2463665,0.0,0.0,0.0
-0.075,-8.525,-2.178,3.7552664,-12.385649,5.9825654,0.0,0.0,0.0
0.481,-8.979,-3.526,4.0901656,-13.010185,4.6528683,0.0,0.0,0.0
1.131,-9.512,-0.183,4.523099,-13.5875,8.066506,0.0,0.0,0.0
0.516,-9.416,0.192,3.823892,-13.513956,8.464545,0.0,0.0,0.0
0.016,-9.472,-0.524,3.2494545,-13.596535,7.7647486,0.0,0.0,0.0
1.034,-11.889,0.322,4.083128,-15.995763,8.689059,0.0,0.0,0.0
-0.796,-13.518,-2.42,2.050173,-17.505394,6.0753145,0.0,0.0,0.0
-0.796,-13.518,-2.42,2.050173,-17.505394,6.0753145,0.0,0.0,0.0
-0.796,-13.518,-2.42,2.050173,-17.505394,6.0753145,0.0,0.0,0.0
-0.796,-13.518,-2.42,2.050173,-17.505394,6.0753145,0.0,0.0,0.0
-0.796,-13.518,-2.42,2.050173,-17.505394,6.0753145,0.0,0.0,0.0
-0.796,-13.518,-2.42,2.050173,-17.505394,6.0753145,0.0,0.0,0.0
-0.796,-13.518,-2.42,2.050173,-17.505394,6.0753145,0.0,0.0,0.0
-0.796,-13.518,-2.42,2.050173,-17.505394,6.0753145,0.0,0.0,0.0
