-4.7,-5.36,-2.46,-1.58,3.8,-1.05,4.912093,-4.638935,3.3500485
-4.33,-5.79,-0.27,-1.24,2.7,1.21,5.380951,-4.706064,1.1154525
-4.33,-5.79,-0.27,-1.24,2.7,1.21,5.380951,-4.706064,1.1154525
-4.85,-5.9,0.65,-1.61,1.97,2.16,6.1910014,-4.5002184,0.41777223
-4.85,-5.9,0.65,-1.61,1.97,2.16,6.1910014,-4.5002184,0.41777223
-5.36,-6.44,0.97,-1.83,0.96,2.43,6.903497,-4.8368835,0.300663
-5.36,-6.44,0.97,-1.83,0.96,2.43,6.903497,-4.8368835,0.300663
-4.77,-6.93,-0.32,-0.88,0.1,1.16,6.0779347,-5.692453,1.2389024
-4.77,-6.93,-0.32,-0.88,0.1,1.16,6.058259,-5.678855,1.3886347
-5.53,-8.39,-2.34,-0.88,0.1,1.16,6.449919,-7.296584,3.4069118
-5.53,-8.39,-2.34,-1.08,-1.51,-0.67,6.3412495,-7.2612214,3.6758473
-6.21,-9.28,-3.23,-1.08,-1.51,-0.67,-7.5434837,-7.495619,4.693288
-6.21,-9.28,-3.23,-1.13,-2.38,-1.41,6.7047424,-8.113481,4.9328756
-6.81,-10.38,-3.06,-1.13,-2.38,-1.41,7.5866966,-9.019263,4.9577265
-6.81,-10.38,-3.06,-1.2,-3.26,-1.27,7.4934077,-9.042057,5.057088
-6.89,-10.98,-1.65,-1.2,-3.26,-1.27,8.275816,-9.379262,3.7809098
-6.89,-10.98,-1.65,-0.79,-3.5,-0.17,8.2284,-9.404025,3.822661
-7.31,-12.38,-2.12,-0.79,-3.5,-0.17,8.770827,-10.744779,4.3378887
-7.31,-12.38,-2.12,-0.75,-4.46,-1.13,8.681937,-10.81609,4.3394737
-7.31,-12.38,-2.12,-0.75,-4.46,-1.13,8.681937,-10.81609,4.3394737
-7.31,-12.38,-2.12,-0.75,-4.46,-1.13,8.681937,-10.81609,4.3394737
-9.46,-13.9,-0.13,-0.75,-4.46,-1.13,11.817429,-11.433137,3.5142834
-9.46,-13.9,-0.13,-0.75,-4.46,-1.13,-10.295032,-12.821096,3.5142825
-9.46,-13.9,-0.13,-0.75,-4.46,-1.13,-10.295032,-12.821096,3.5142825
-5.81,-10.5,1.8,2.1,-1.04,1.91,8.7397585,-8.409331,0.38188446
-2.09,-10.98,1.45,5.37,-1.15,1.62,5.752375,-9.5466,-1.6743963
-2.09,-10.98,1.45,5.37,-1.15,1.62,5.752375,-9.5466,-1.6743963
-1.38,-10.88,1.79,5.41,-0.69,2.01,5.3688054,-9.444651,-2.3361158
-1.38,-10.88,1.79,5.41,-0.69,2.01,5.3518114,-9.411709,-2.5021565
-1.69,-11.25,1.01,5.41,-0.69,2.01,-9.340863,-6.3331647,-1.7544286
-1.69,-11.25,1.01,4.41,-0.76,1.11,5.3982615,-9.880428,-1.9169285
-2.67,-10.55,0.51,4.41,-0.76,1.11,-8.581937,-6.656484,-0.85620415
-2.67,-10.55,0.51,2.83,0.18,0.38,5.8287187,-9.153072,-0.9689288
-2.67,-10.55,0.51,2.83,0.18,0.38,5.8287187,-9.153072,-0.9689288
-4.29,-9.26,-0.48,0.84,1.52,-0.86,6.3696184,-7.937357,0.89911556
-4.29,-9.26,-0.48,0.84,1.52,-0.86,6.3696184,-7.937357,0.89911556
-4.56,-8.67,-1.1,0.3,2.03,-1.61,6.148943,-7.520156,1.6763853
-4.56,-8.67,-1.1,0.3,2.03,-1.61,6.148943,-7.520156,1.6763853
-4.05,-8.01,-1.76,0.52,2.43,-2.28,5.2376585,-7.207297,2.0693004
-4.05,-8.01,-1.76,0.52,2.43,-2.28,5.2376585,-7.207297,2.0693004
-4.45,-7.26,-2.06,-0.26,2.68,-2.5,5.213607,-6.518366,2.6613755
-4.45,-7.26,-2.06,-0.26,2.68,-2.5,5.213607,-6.518366,2.6613755
-5.2,-5.93,-1.99,-1.45,3.28,-2.17,5.4533815,-5.101693,3.2246485
-5.2,-5.93,-1.99,-1.45,3.28,-2.17,5.4533815,-5.101693,3.2246485
-5.49,-5.71,-1.92,-1.86,2.93,-1.74,5.7200184,-4.7833896,3.2910714
-5.49,-5.71,-1.92,-1.86,2.93,-1.74,5.7200184,-4.7833896,3.2910714
-5.14,-5.4,-1.26,-1.25,2.62,-0.81,5.684206,-4.2873626,2.5447052
-5.14,-5.4,-1.26,-1.25,2.62,-0.81,5.684206,-4.2873626,2.5447052
-5.3,-4.87,-0.59,-0.99,2.5,0.02,5.9388604,-3.485008,2.177076
-5.3,-4.87,-0.59,-0.99,2.5,0.02,5.9388604,-3.485008,2.177076
-5.3,-4.87,-0.59,-0.99,2.5,0.02,5.9388604,-3.485008,2.177076
-5.26,-4.78,0.13,-0.4,1.95,0.76,6.1730995,-3.1101668,1.6590962
-3.72,-4.87,-0.08,1.53,1.3,0.49,4.8610845,-3.6017911,0.9791147
-3.31,-5.26,0.42,1.53,1.3,0.49,4.9394584,-3.786657,0.25118455
-3.31,-5.26,0.42,1.97,0.53,0.93,4.9283876,-3.7966456,0.31078148
-3.31,-5.26,0.42,1.97,0.53,0.93,4.9283876,-3.7966456,0.31078148
-4.35,-5.46,0.73,0.81,0.09,1.18,5.9681573,-3.627015,0.7020353
-4.35,-5.46,0.73,0.81,0.09,1.18,5.9681573,-3.627015,0.7020353
-5.91,-5.96,-0.24,-0.87,-0.46,0.26,6.9570155,-4.1552043,2.2003474
-5.91,-5.96,-0.24,-0.87,-0.46,0.26,6.9570155,-4.1552043,2.2003474
-6.28,-6.4,-0.38,-1.39,-0.92,0.25,7.471183,-4.419474,2.2787006
-6.28,-6.4,-0.38,-1.39,-0.92,0.25,7.471183,-4.419474,2.2787006
-5.87,-9.25,-1.77,-1.23,-3.4,-0.92,7.8240643,-7.506521,2.3639984
-5.87,-9.25,-1.77,-1.23,-3.4,-0.92,7.8240643,-7.506521,2.3639984
-5.96,-11.71,-2.75,-1.5,-5.18,-1.66,8.526018,-9.996405,2.7544835
-5.96,-11.71,-2.75,-1.5,-5.18,-1.66,8.526018,-9.996405,2.7544835
-8.74,-14.04,-7.68,-4.13,-6.39,-6.06,9.655558,-13.089151,8.242329
-8.74,-14.04,-7.68,-4.13,-6.39,-6.06,9.655558,-13.089151,8.242329
-10.83,-13.19,-9.6,-5.92,-4.47,-7.08,10.371239,-12.081086,11.397796
-10.83,-13.19,-9.6,-5.92,-4.47,-7.08,10.371239,-12.081086,11.397796
-3.24,-11.69,-4.1,1.53,-2.26,-0.88,5.7350845,-10.953305,3.331297
-3.24,-11.69,-4.1,1.53,-2.26,-0.88,5.7350845,-10.953305,3.331297
-1.47,-10.8,-2.24,3.1,-0.84,1.23,4.6002345,-10.077225,1.0516181
-1.47,-10.8,-2.24,3.1,-0.84,1.23,4.6002345,-10.077225,1.0516181
-3.39,-9.09,-0.21,1.37,1.27,3.2,6.3212337,-7.353766,0.3584
-3.39,-9.09,-0.21,1.37,1.27,3.2,6.3212337,-7.353766,0.3584
-3.88,-8.42,0.59,0.99,2.19,3.93,6.794863,-6.334641,-0.032416224
-3.88,-8.42,0.59,0.99,2.19,3.93,6.794863,-6.334641,-0.032416224
-4.47,-9.01,1.06,0.44,1.76,4.2,7.7113895,-6.5380397,-0.2703383
-4.47,-9.01,1.06,0.44,1.76,4.2,7.7113895,-6.5380397,-0.2703383
-4.68,-9.68,0.67,0.27,1.36,3.56,8.034075,-7.1764426,0.077729285
-4.68,-9.68,0.67,0.27,1.36,3.56,8.025666,-7.1840973,0.17657155
-3.97,-9.51,0.36,0.27,1.36,3.56,7.2563543,-7.324367,0.17193803
-3.97,-9.51,0.36,1.01,1.67,2.96,7.239351,-7.335713,0.33122614
-3.97,-9.51,0.36,1.01,1.67,2.96,7.239351,-7.335713,0.33122614
-3.61,-9.46,0.4,1.3,1.65,2.65,6.9216423,-7.394572,0.3080283
-3.61,-9.46,0.4,1.3,1.65,2.65,6.9216423,-7.394572,0.3080283
-3.59,-9.27,0.37,1.87,3.25,1.45,4.3305025,-8.561741,2.6270213
-3.59,-9.27,0.37,1.87,3.25,1.45,4.3305025,-8.561741,2.6270213
-3.71,-9.0,0.32,1.02,2.93,0.55,4.3728175,-8.239207,2.8036444
-3.71,-9.0,0.32,1.02,2.93,0.55,4.3728175,-8.239207,2.8036444
-3.52,-7.94,0.22,0.71,3.47,-0.07,4.05828,-7.184594,2.7192588
-3.52,-7.94,0.22,0.71,3.47,-0.07,4.05828,-7.184594,2.7192588
-3.31,-7.38,0.36,0.79,3.53,-0.17,3.9153473,-6.642485,2.4693224
-3.31,-7.38,0.36,0.79,3.53,-0.17,3.9153473,-6.642485,2.4693224
-3.66,-6.51,0.01,0.32,3.98,-0.57,3.932494,-5.648147,2.8999538
-3.66,-6.51,0.01,0.32,3.98,-0.57,3.932494,-5.648147,2.8999538
-4.06,-5.98,-0.31,-0.14,4.16,-0.85,4.0333185,-4.9543953,3.3950548
-4.06,-5.98,-0.31,-0.14,4.16,-0.85,4.0333185,-4.9543953,3.3950548
-4.49,-5.63,-1.24,-0.63,4.12,-1.6,3.8725982,-4.435178,4.327446
-4.49,-5.63,-1.24,-0.63,4.12,-1.6,3.8529017,-4.3216605,4.457915
-4.78,-5.84,-2.03,-0.63,4.12,-1.6,3.7202773,-4.3580647,5.314294
-4.78,-5.84,-2.03,-0.63,4.12,-1.6,3.7202773,-4.3580647,5.314294
-4.78,-5.84,-2.03,-0.63,4.12,-1.6,3.7202773,-4.3580647,5.314294
-4.78,-5.84,-2.03,-0.63,4.12,-1.6,3.7202773,-4.3580647,5.314294
-4.83,-6.45,-3.03,-0.89,2.3,-2.91,3.1373067,-4.5350294,6.610833
-4.7,-6.5,-3.35,-0.62,1.75,-2.93,2.7416902,-4.446734,6.94782
-4.7,-6.5,-3.35,-0.62,1.75,-2.93,2.7416902,-4.446734,6.94782
-4.9,-6.61,-2.94,-0.61,1.17,-2.21,3.0606523,-4.517775,6.8240633
-4.9,-6.61,-2.94,-0.61,1.17,-2.21,3.0606523,-4.517775,6.8240633
-5.23,-7.17,-2.09,-0.69,0.23,-1.1,3.8151946,-5.099979,6.5241404
-5.23,-7.17,-2.09,-0.69,0.23,-1.1,3.8151946,-5.099979,6.5241404
-5.4,-8.55,-0.68,-0.63,-1.35,0.44,4.9202743,-6.617822,5.892387
-5.4,-8.55,-0.68,-0.63,-1.35,0.44,4.9202743,-6.617822,5.892387
-5.63,-9.61,-0.26,-0.64,-2.45,0.99,5.49792,-7.633192,5.9685736
-5.63,-9.61,-0.26,-0.64,-2.45,0.99,5.49792,-7.633192,5.9685736
-6.1,-10.43,-0.19,-0.89,-3.07,1.14,6.04471,-8.28857,6.3868685
-6.1,-10.43,-0.19,-0.89,-3.07,1.14,6.04471,-8.28857,6.3868685
-6.24,-10.67,-0.71,-0.82,-2.97,0.7,5.8899527,-8.3673115,6.9704456
-6.24,-10.67,-0.71,-0.82,-2.97,0.7,5.8899527,-8.3673115,6.9704456
-6.17,-11.59,-2.76,-0.54,-3.36,-1.24,4.6636047,-8.875745,8.915524
-6.17,-11.59,-2.76,-0.54,-3.36,-1.24,4.6636047,-8.875745,8.915524
-6.64,-12.07,-3.84,-0.77,-3.24,-2.2,4.2917614,-8.992673,10.258301
-6.64,-12.07,-3.84,-0.77,-3.24,-2.2,4.2917614,-8.992673,10.258301
-6.99,-12.72,-1.86,-0.81,-3.35,-0.27,5.735066,-9.8719635,9.152675
-6.99,-12.72,-1.86,-0.81,-3.35,-0.27,5.735066,-9.8719635,9.152675
-4.87,-11.55,-0.25,1.47,-1.76,1.13,5.0033436,-9.642617,6.2584677
-4.87,-11.55,-0.25,1.47,-1.76,1.13,5.0033436,-9.642617,6.2584677
-2.81,-10.3,0.88,3.36,-0.31,1.99,4.1299267,-9.202023,3.609294
-2.81,-10.3,0.88,3.36,-0.31,1.99,4.1299267,-9.202023,3.609294
-2.19,-10.25,0.83,3.67,-0.14,1.7,3.7834504,-9.345665,2.9818707
-2.19,-10.25,0.83,3.67,-0.14,1.7,3.7834504,-9.345665,2.9818707
-1.28,-10.9,0.54,3.67,-0.14,1.7,-8.644196,-6.1754375,2.8074634
-1.28,-10.9,0.54,4.2,-0.72,1.29,3.1925232,-10.20679,2.5237324
-1.16,-11.34,0.52,4.2,-0.72,1.29,-9.00941,-6.520533,2.5543659
-1.16,-11.34,0.52,3.92,-1.06,1.17,3.3283293,-10.6638365,2.3273103
-2.65,-9.86,0.39,3.92,-1.06,1.17,4.077903,-8.847517,3.079987
-2.65,-9.86,0.39,2.11,0.44,0.89,4.1556673,-8.838956,2.9995751
-3.59,-8.54,0.09,2.11,0.44,0.89,-5.3694916,-6.6339083,3.6038332
-3.59,-8.54,0.09,0.95,1.68,0.42,4.393594,-7.307581,3.6226256
-4.53,-7.36,-0.53,0.95,1.68,0.42,-4.0469947,-6.186181,4.508261
-4.53,-7.36,-0.53,-0.21,2.64,-0.39,4.403947,-5.9110556,4.542695
-4.87,-6.79,-0.82,-0.21,2.64,-0.39,-3.4820251,-5.8700266,4.8899574
-4.87,-6.79,-0.82,-0.87,2.86,-0.87,4.3817387,-5.252704,4.8685584
-5.04,-6.43,-0.99,-0.87,2.86,-0.87,-3.0542583,-5.736355,5.048993
-5.04,-6.43,-0.99,-1.54,2.73,-1.01,4.469787,-4.8280864,4.9434013
-5.19,-5.97,-1.17,-1.54,2.73,-1.01,-2.5207882,-5.616584,5.1034822
-5.19,-5.97,-1.17,-2.09,2.7,-0.96,4.5553164,-4.3059845,4.9652276
-5.19,-5.97,-1.17,-2.09,2.7,-0.96,4.5553164,-4.3059845,4.9652276
-5.45,-5.62,-1.33,-2.09,2.7,-0.96,-1.9973652,-5.6648164,5.193859
-5.89,-5.07,-1.59,-2.46,2.65,-0.75,-1.2086647,-5.6608872,5.42389
-5.89,-5.07,-1.59,-2.79,2.79,-0.65,4.975136,-3.1739142,5.3008866
-4.77,-5.33,-1.66,-2.79,2.79,-0.65,-1.9691602,-5.212082,4.782678
-4.77,-5.33,-1.66,-1.37,2.07,-0.47,4.1784444,-3.7139342,4.760746
-3.45,-5.95,-1.7,-1.37,2.07,-0.47,3.2681074,-4.694939,4.179956
-3.45,-5.95,-1.7,0.26,0.99,-0.34,3.280439,-4.664433,4.204377
-3.45,-5.95,-1.7,0.26,0.99,-0.34,3.280439,-4.664433,4.204377
-4.01,-6.37,-1.73,-0.02,0.23,-0.23,3.794927,-4.8619337,4.6486588
-4.54,-6.56,-1.71,-0.02,0.23,-0.23,4.2726917,-4.883228,4.9464617
-4.54,-6.56,-1.71,-0.33,-0.14,-0.11,4.248407,-4.847974,5.001751
-4.89,-6.98,-1.98,-0.33,-0.14,-0.11,4.477252,-5.1387143,5.4864154
-4.89,-6.98,-1.98,-0.53,-0.57,-0.32,4.4588394,-5.0912476,5.545344
-4.88,-7.62,-2.58,-0.53,-0.57,-0.32,-4.0320463,-5.861133,6.1583223
-4.88,-7.62,-2.58,-0.46,-1.11,-0.82,4.2637863,-5.6221223,6.2247133
-4.88,-7.62,-2.58,-0.46,-1.11,-0.82,4.2637863,-5.6221223,6.2247133
-4.85,-9.17,-3.29,-0.5,-2.36,-1.32,4.2664638,-6.979591,7.1776123
-4.85,-9.17,-3.29,-0.5,-2.36,-1.32,4.2664638,-6.979591,7.1776123
-5.65,-9.74,-4.31,-1.37,-2.51,-2.06,4.575591,-7.0724435,8.6261635
-5.65,-9.74,-4.31,-1.37,-2.51,-2.06,4.575591,-7.0724435,8.6261635
-8.33,-11.29,-6.2,-3.92,-3.49,-3.49,6.2446814,-7.351078,11.927223
-8.33,-11.29,-6.2,-3.92,-3.49,-3.49,6.2446814,-7.351078,11.927223
-8.86,-12.46,-5.13,-4.28,-4.0,-1.96,7.6687202,-8.290306,11.512152
-8.86,-12.46,-5.13,-4.28,-4.0,-1.96,7.6687202,-8.290306,11.512152
-4.13,-11.55,-2.5,0.49,-2.52,0.88,4.8557806,-9.263077,6.8794026
-4.13,-11.55,-2.5,0.49,-2.52,0.88,4.8557806,-9.263077,6.8794026
-2.97,-10.79,-1.68,1.72,-1.37,1.71,4.131056,-9.026826,5.4330697
-2.97,-10.79,-1.68,1.72,-1.37,1.71,4.131056,-9.026826,5.4330697
-5.36,-9.68,-0.59,-0.47,0.01,2.72,6.4900684,-7.347505,5.16462
-5.36,-9.68,-0.59,-0.47,0.01,2.72,6.4900684,-7.347505,5.16462
-5.49,-9.0,0.39,-0.47,0.85,3.57,6.993311,-6.763031,4.0801005
-5.49,-9.0,0.39,-0.47,0.85,3.57,6.993311,-6.763031,4.0801005
-4.68,-9.4,1.16,-0.47,0.85,3.57,6.7772136,-7.4604483,3.1652966
-4.68,-9.4,1.16,0.4,0.58,4.06,6.8039856,-7.476715,3.0679755
-4.42,-9.62,1.18,0.4,0.58,4.06,-5.526418,-8.599633,2.9963694
-4.42,-9.62,1.18,0.74,0.5,3.69,6.66683,-7.764568,2.9560199
-4.2,-10.0,1.03,0.74,0.5,3.69,6.5187783,-8.165636,3.086879
-4.2,-10.0,1.03,1.1,0.22,3.03,6.491019,-8.174142,3.122654
-3.99,-10.19,0.98,1.1,0.22,3.03,-6.286966,-8.452109,3.122899
-3.99,-10.19,0.98,1.38,0.14,2.4,6.303577,-8.399134,3.2304926
-3.75,-10.08,1.04,1.38,0.14,2.4,6.102996,-8.378704,3.0498
-3.75,-10.08,1.04,1.36,0.29,1.73,6.075035,-8.354049,3.1708522
-3.55,-9.65,1.16,1.36,0.29,1.73,5.862179,-8.027233,2.8755836
-3.55,-9.65,1.16,1.04,0.65,1.14,5.849577,-7.9917717,2.9974422
-3.55,-9.65,1.16,1.04,0.65,1.14,5.849577,-7.9917717,2.9974422
-2.8,-8.82,0.81,1.36,1.34,0.35,4.84128,-7.38637,2.8795874
-2.8,-8.82,0.81,1.36,1.34,0.35,4.84128,-7.38637,2.8795874
-2.3,-8.15,0.33,1.64,1.92,-0.38,4.0177317,-6.812928,3.043559
-2.3,-8.15,0.33,1.64,1.92,-0.38,4.0177317,-6.812928,3.043559
-2.3,-8.15,0.33,1.64,1.92,-0.38,4.0177317,-6.812928,3.043559
-2.3,-8.15,0.33,1.64,1.92,-0.38,4.0177317,-6.812928,3.043559
-2.3,-8.15,0.33,1.64,1.92,-0.38,4.0177317,-6.812928,3.043559
-2.48,-6.79,-1.87,0.69,3.22,-2.65,2.732379,-4.8624606,4.9640694
-4.23,-7.39,-4.44,-1.15,2.62,-4.91,3.010669,-3.930669,8.228264
-4.23,-7.39,-4.44,-1.15,2.62,-4.91,3.010669,-3.930669,8.228264
-4.75,-7.6,-5.57,-1.58,2.3,-5.53,2.751406,-3.3804445,9.609879
-4.75,-7.6,-5.57,-1.58,2.3,-5.53,2.751406,-3.3804445,9.609879
-5.34,-7.15,-4.33,-1.91,2.38,-3.75,3.628709,-3.036499,8.717749
-5.34,-7.15,-4.33,-1.91,2.38,-3.75,3.628709,-3.036499,8.717749
-5.37,-7.54,-2.13,-1.65,1.49,-1.1,4.8095446,-3.9837246,7.1570673
-5.37,-7.54,-2.13,-1.65,1.49,-1.1,4.8095446,-3.9837246,7.1570673
-4.74,-7.96,-1.42,-0.75,0.53,-0.1,4.7654433,-4.8200808,6.473249
-4.74,-7.96,-1.42,-0.75,0.53,-0.1,4.7654433,-4.8200808,6.473249
-4.12,-8.68,-0.16,-0.75,0.53,-0.1,5.20245,-5.925041,5.492795
-4.12,-8.68,-0.16,0.1,-0.63,1.39,5.1521664,-6.025563,5.4304886
-5.16,-8.25,-0.73,0.1,-0.63,1.39,5.566928,-5.100794,6.1816044
-5.16,-8.25,-0.73,-0.59,-0.55,0.99,5.5713277,-5.12746,6.1555233
-5.55,-8.84,0.2,-0.59,-0.55,0.99,-4.1569095,-7.6019154,5.8240113
-5.55,-8.84,0.2,-0.57,-1.37,2.03,6.5776973,-5.6682663,5.795928
-5.45,-8.92,0.43,-0.57,-1.37,2.03,6.6568823,-5.817659,5.5941567
-5.45,-8.92,0.43,-0.04,-1.5,2.22,6.695663,-5.8115506,5.5540795
-5.84,-8.15,0.81,-0.04,-1.5,2.22,7.017843,-5.0062847,5.1837454
-5.84,-8.15,0.81,-0.05,-0.73,2.43,7.042364,-4.987012,5.1690445
-5.99,-8.25,0.73,-0.05,-0.73,2.43,7.131397,-5.0060234,5.3440056
-5.99,-8.25,0.73,0.03,-0.79,1.93,7.145378,-4.9756436,5.353695
-5.95,-8.29,0.25,0.03,-0.79,1.93,6.826586,-4.9906497,5.716664
-5.95,-8.29,0.25,0.2,-0.74,0.88,6.8152876,-4.96625,5.7512884
-5.95,-8.29,0.25,0.2,-0.74,0.88,6.8152876,-4.96625,5.7512884
-5.74,-9.32,0.2,0.4,-1.55,0.31,6.942276,-5.9583697,6.0127053
-5.74,-9.32,0.2,0.4,-1.55,0.31,6.942276,-5.9583697,6.0127053
-5.77,-10.13,-0.09,0.31,-2.02,-0.3,7.0228076,-6.646111,6.513624
-5.77,-10.13,-0.09,0.31,-2.02,-0.3,7.0228076,-6.646111,6.513624
-6.0,-10.71,-0.14,0.08,-2.23,-0.49,7.3124723,-7.044564,6.9011273
-6.0,-10.71,-0.14,0.08,-2.23,-0.49,7.3124723,-7.044564,6.9011273
-5.5,-10.28,-0.49,0.64,-1.47,-0.89,6.5768566,-6.827779,6.804034
-5.5,-10.28,-0.49,0.64,-1.47,-0.89,6.5768566,-6.827779,6.804034
-4.93,-9.62,-0.61,1.18,-0.55,-1.01,5.9325876,-6.454787,6.3530726
-4.93,-9.62,-0.61,1.18,-0.55,-1.01,5.8686867,-6.446133,6.4208474
-4.35,-8.78,-0.97,1.64,0.46,-1.34,4.9353824,-5.8907533,6.1557117
-4.35,-8.78,-0.97,1.64,0.46,-1.34,4.9353824,-5.8907533,6.1557117
-3.72,-8.86,-1.15,2.09,0.45,-1.4,4.3880696,-6.202001,5.995043
-3.72,-8.86,-1.15,2.09,0.45,-1.4,4.3880696,-6.202001,5.995043
-3.0,-8.9,-1.26,2.51,0.48,-1.28,3.8651814,-6.5353656,5.6698265
-3.0,-8.9,-1.26,2.51,0.48,-1.28,3.8651814,-6.5353656,5.6698265
-2.86,-8.86,-1.18,2.3,0.58,-0.96,3.858647,-6.541183,5.513198
-2.86,-8.86,-1.18,2.3,0.58,-0.96,3.858647,-6.541183,5.513198
-3.11,-9.22,-1.03,1.69,0.32,-0.61,4.275271,-6.7176414,5.686541
-3.11,-9.22,-1.03,1.69,0.32,-0.61,4.275271,-6.7176414,5.686541
-3.57,-9.2,-1.05,1.69,0.32,-0.61,4.586393,-6.4618855,5.9746485
-3.57,-9.2,-1.05,0.93,0.4,-0.48,4.586393,-6.4618855,5.9746485
-3.57,-9.2,-1.05,0.93,0.4,-0.48,4.586393,-6.4618855,5.9746485
-3.87,-9.04,-1.14,0.37,0.54,-0.42,4.6618156,-6.084647,6.264395
-3.65,-9.02,-1.17,0.31,0.47,-0.3,4.5134664,-6.100216,6.202241
-3.65,-9.02,-1.17,0.31,0.47,-0.3,4.5134664,-6.100216,6.202241
-3.42,-8.92,-1.38,0.31,0.47,-0.3,4.1992435,-6.1112103,6.179536
-3.42,-8.92,-1.38,0.24,0.46,-0.38,4.2064986,-6.0375433,6.2466516
-3.48,-8.68,-1.37,-0.05,0.64,-0.27,4.183744,-5.790396,6.1884804
-3.48,-8.68,-1.37,-0.05,0.64,-0.27,4.1821203,-5.7161603,6.2581997
-3.58,-8.41,-1.28,-0.05,0.64,-0.27,4.2332487,-5.423382,6.1521883
-3.58,-8.41,-1.28,-0.31,0.88,-0.11,4.2357397,-5.3498735,6.2145185
-3.53,-8.27,-1.28,-0.31,0.88,-0.11,-3.81938,-5.5048866,6.1319456
-3.53,-8.27,-1.28,-1.8,1.61,0.54,3.9977903,-5.2283807,6.2589083
-3.25,-8.63,-0.94,-1.8,1.61,0.54,4.0484967,-5.750415,6.03866
-3.25,-8.63,-0.94,-1.41,1.13,0.8,4.10183,-5.6794033,6.069793
-2.9,-8.73,-1.22,-1.41,1.13,0.8,3.6907513,-5.8435645,6.192126
-2.9,-8.73,-1.22,-0.95,0.95,0.47,3.7576365,-5.7755685,6.215646
-2.55,-8.51,-0.98,-0.95,0.95,0.47,3.5562599,-5.812479,5.7836914
-2.55,-8.51,-0.98,-0.55,1.06,0.67,3.617045,-5.744427,5.8139095
-2.55,-8.51,-0.98,-0.55,1.06,0.67,3.617045,-5.744427,5.8139095
-2.94,-8.45,-1.1,-1.12,1.71,0.09,3.1955414,-5.2196655,6.6181335
-2.94,-8.45,-1.1,-1.12,1.71,0.09,3.1955414,-5.2196655,6.6181335
-4.21,-8.51,-1.03,-2.3,1.46,0.14,4.3998528,-4.707994,7.048489
-4.21,-8.51,-1.03,-2.3,1.46,0.14,4.3998528,-4.707994,7.048489
-4.63,-8.81,-0.93,-2.55,0.98,0.19,4.9408393,-4.743212,7.280657
-4.63,-8.81,-0.93,-2.55,0.98,0.19,4.9408393,-4.743212,7.280657
-4.35,-9.22,-0.83,-2.06,0.45,0.21,4.8831644,-5.143662,7.370023
-4.05,-9.65,-0.89,-1.55,-0.04,0.06,4.6479483,-5.5897326,7.5808024
-4.05,-9.65,-0.89,-1.55,-0.04,0.06,4.721852,-5.4906893,7.607467
-3.71,-9.44,-1.01,-1.04,0.13,-0.13,4.313896,-5.4223104,7.475737
-3.71,-9.44,-1.01,-1.04,0.13,-0.13,4.4032116,-5.319348,7.497605
-3.46,-8.95,-0.93,-1.04,0.13,-0.13,3.645649,-5.442643,7.072898
-3.46,-8.95,-0.93,-0.67,1.18,-0.64,3.5172563,-4.7419224,7.621158
-3.57,-8.82,-0.93,-0.67,1.18,-0.64,3.2611444,-4.859709,7.5597844
-3.57,-8.82,-0.93,-0.7,1.6,-1.01,3.209223,-4.309018,7.907937
-3.7,-8.87,-1.46,-0.7,1.6,-1.01,2.8960714,-4.1233406,8.313203
-3.7,-8.87,-1.46,-0.73,1.64,-1.72,2.8762453,-3.679953,8.525471
-3.97,-8.78,-1.38,-0.73,1.64,-1.72,0.051708996,-4.797042,8.469913
-3.97,-8.78,-1.38,-0.81,1.73,-1.74,2.9739218,-3.381536,8.629874
-3.69,-9.5,-1.22,-0.81,1.73,-1.74,-0.22977966,-4.8343434,9.051567
-3.69,-9.5,-1.22,-0.5,0.91,-1.41,2.8383772,-3.9160898,9.053307
-3.29,-9.67,-1.36,-0.5,0.91,-1.41,-0.49413952,-4.631908,9.191509
-3.29,-9.67,-1.36,-0.11,0.87,-1.67,2.2819695,-3.664916,9.356475
-3.04,-9.5,-1.71,-0.11,0.87,-1.67,1.9672265,-3.326055,9.35324
-3.04,-9.5,-1.71,0.01,0.95,-1.81,2.049225,-3.2399669,9.365842
-2.93,-9.39,-1.63,0.01,0.95,-1.81,1.9656954,-3.263767,9.214
-2.93,-9.39,-1.63,-0.01,0.91,-1.47,2.0396369,-3.2003284,9.22018
-2.73,-9.55,-1.54,-0.01,0.91,-1.47,1.8536165,-3.389005,9.279319
-2.73,-9.55,-1.54,-0.01,0.91,-1.47,-0.37553126,-3.8445053,9.27932
-2.73,-9.55,-1.54,0.07,0.56,-1.14,1.9148058,-3.3200145,9.291827
-2.71,-9.62,-1.39,0.01,0.3,-0.75,1.966062,-3.4232726,9.286358
-2.69,-9.53,-1.48,0.01,0.3,-0.75,-0.44728488,-3.801817,9.251677
-2.69,-9.53,-1.48,0.02,0.26,-0.61,1.9870924,-3.261369,9.255394
-2.69,-9.53,-1.48,0.02,0.26,-0.61,1.9870924,-3.261369,9.255394
-2.58,-9.36,-1.66,0.11,0.35,-0.57,1.8922863,-3.0169368,9.183624
-2.58,-9.36,-1.66,0.11,0.35,-0.57,1.8922863,-3.0169368,9.183624
-2.9,-9.14,-1.11,-0.14,0.63,-0.17,2.167924,-3.1079574,8.878198
-2.9,-9.14,-1.11,-0.14,0.63,-0.17,2.167924,-3.1079574,8.878198
-2.99,-9.22,-0.89,-0.21,0.61,-0.12,2.163909,-3.1206002,8.962141
-2.99,-9.22,-0.89,-0.21,0.61,-0.12,2.163909,-3.1206002,8.962141
-3.33,-9.05,-0.62,-0.51,0.8,-0.03,2.4277358,-3.0635023,8.837244
-3.33,-9.05,-0.62,-0.51,0.8,-0.03,2.4277358,-3.0635023,8.837244
-3.58,-9.19,-0.48,-0.67,0.63,-0.06,2.5816536,-3.0576677,9.027107
-3.58,-9.19,-0.48,-0.67,0.63,-0.06,2.5816536,-3.0576677,9.027107
-3.76,-9.23,-0.37,-0.86,0.53,0.0,2.827877,-3.1203542,9.040679
-3.76,-9.23,-0.37,-0.86,0.53,0.0,2.827877,-3.1203542,9.040679
-3.69,-9.31,-0.24,-0.78,0.41,0.03,2.8279817,-3.213151,9.0569315
-3.69,-9.31,-0.24,-0.78,0.41,0.03,2.8279817,-3.213151,9.0569315
-3.36,-9.43,-0.33,-0.78,0.41,0.03,0.2980333,-4.029853,9.164872
-3.36,-9.43,-0.33,-0.43,0.24,-0.13,2.5381165,-3.1229134,9.172175
-2.98,-9.1,-0.41,-0.43,0.24,-0.13,2.1783478,-2.9394176,8.858506
-2.98,-9.1,-0.41,-0.05,0.52,-0.28,2.233115,-2.8486412,8.874513
-2.86,-8.99,-0.67,-0.05,0.52,-0.28,2.1078217,-2.569346,8.854612
-2.86,-8.99,-0.67,0.13,0.59,-0.75,2.0414164,-2.3456397,8.931919
-3.0,-8.8,-0.67,0.13,0.59,-0.75,2.1972456,-2.2810404,8.766862
-3.0,-8.8,-0.67,0.06,0.72,-0.91,2.1485872,-2.0932016,8.825586
-3.73,-8.94,-0.83,0.06,0.72,-0.91,2.8584788,-1.9892867,9.077292
-3.73,-8.94,-0.83,-0.51,0.53,-1.15,2.7866547,-1.8179001,9.135381
-3.73,-8.94,-0.83,-0.51,0.53,-1.15,2.7866547,-1.8179001,9.135381
-3.99,-9.13,-0.83,-0.6,0.3,-1.17,-2.949444,1.7360444,9.394298
-3.99,-9.13,-0.83,-0.6,0.3,-1.17,-2.949444,1.7360444,9.394298
-3.84,-9.52,-0.88,-0.43,-0.1,-1.11,-2.819965,1.7198778,9.759111
-3.84,-9.52,-0.88,-0.43,-0.1,-1.11,-2.819965,1.7198778,9.759111
-3.73,-9.55,-0.85,-0.43,-0.1,-1.11,1.0560331,-3.047205,9.7692
-3.73,-9.55,-0.85,-0.43,-0.1,-1.11,1.0560331,-3.047205,9.7692
-3.73,-9.55,-0.85,-0.43,-0.1,-1.11,1.0560331,-3.047205,9.7692
-3.84,-9.5,-0.67,-0.23,-0.06,-0.78,-2.6813507,1.7309687,9.760054
-3.95,-9.41,-0.45,-0.26,0.0,-0.48,-2.7239888,1.8627568,9.667633
-3.82,-9.15,-0.27,-0.06,0.22,-0.21,-2.5622025,1.9246808,9.387146
-3.82,-9.15,-0.27,-0.06,0.22,-0.21,-2.5622025,1.9246808,9.387146
-3.43,-9.29,-0.21,-0.06,0.22,-0.21,-2.1359499,2.0056984,9.461924
-3.43,-9.29,-0.21,0.36,0.04,-0.08,-2.1231475,1.9523122,9.475961
-3.72,-8.78,-0.27,0.36,0.04,-0.08,-2.4832613,1.8121214,9.030467
-3.72,-8.78,-0.27,0.14,0.51,-0.09,-2.4497283,1.7765949,9.046669
-4.03,-8.7,-0.3,0.14,0.51,-0.09,-2.769091,1.7567872,9.014806
-4.03,-8.7,-0.3,-0.16,0.56,-0.03,-2.823715,1.777446,8.993786
-4.17,-9.0,-0.4,-0.16,0.56,-0.03,-2.9270048,1.7512861,9.322795
-4.17,-9.0,-0.4,-0.16,0.56,-0.03,-2.9270048,1.7512861,9.322795
-4.17,-9.0,-0.4,-0.16,0.56,-0.03,-2.9270048,1.7512861,9.322795
-4.07,-8.86,-0.48,-0.05,0.35,-0.21,-2.755117,1.5772389,9.23128
-3.78,-8.91,-0.51,-0.05,0.35,-0.21,-2.4631088,1.5329435,9.24769
-3.78,-8.91,-0.51,0.22,0.25,-0.25,-2.4316,1.5033128,9.260884
-3.7,-8.72,-0.5,0.22,0.25,-0.25,-2.3803995,1.470453,9.063658
-3.7,-8.72,-0.5,0.28,0.36,-0.27,-2.3651156,1.4472501,9.071389
-3.95,-8.57,-0.5,0.28,0.36,-0.27,1.2194282,-2.7452195,8.959585
-3.95,-8.57,-0.5,0.03,0.42,-0.28,-2.6116652,1.4199022,8.969976
-4.44,-8.77,-0.32,0.03,0.42,-0.28,1.4046326,-3.187114,9.197729
-4.44,-8.77,-0.32,-0.43,0.15,-0.11,-3.0325294,1.6640972,9.206708
-4.23,-8.73,-0.22,-0.43,0.15,-0.11,-2.8240774,1.7329559,9.1200695
-4.23,-8.73,-0.22,-0.19,0.15,-0.01,-2.805764,1.7240343,9.127409
-3.93,-8.74,-0.17,-0.19,0.15,-0.01,-2.5047522,1.7408912,9.086083
-3.93,-8.74,-0.17,0.13,0.09,0.01,-2.4942355,1.7245476,9.092092
-3.86,-8.63,-0.18,0.13,0.09,0.01,-2.4437995,1.6884899,8.976956
-3.86,-8.63,-0.18,0.21,0.18,-0.01,-2.4440558,1.6647265,8.981323
-3.86,-8.63,-0.18,0.21,0.18,-0.01,-2.4440558,1.6647265,8.981323
-3.93,-8.85,-0.22,0.11,-0.02,-0.08,-2.4941397,1.6289288,9.216379
-3.93,-8.85,-0.22,0.11,-0.02,-0.08,-2.4941397,1.6289288,9.216379
-3.56,-8.66,-0.27,0.38,0.16,-0.19,-2.1889455,1.4472879,8.991995
-3.56,-8.66,-0.27,0.38,0.16,-0.19,-2.1889455,1.4472879,8.991995
-3.53,-8.63,-0.23,0.32,0.18,-0.22,-2.1919038,1.411491,8.955108
-3.53,-8.63,-0.23,0.32,0.18,-0.22,-2.1919038,1.411491,8.955108
-3.84,-8.56,-0.3,-0.03,0.23,-0.37,-2.5429652,1.3187544,8.938871
-3.84,-8.56,-0.3,-0.03,0.23,-0.37,-2.5429652,1.3187544,8.938871
-4.02,-8.44,-0.28,-0.21,0.33,-0.42,-2.7704003,1.2915397,8.839071
-4.02,-8.44,-0.28,-0.21,0.33,-0.42,-2.7704003,1.2915397,8.839071
-4.02,-8.36,-0.3,-0.22,0.38,-0.5,-2.824275,1.2023525,8.758872
-4.02,-8.36,-0.3,-0.22,0.38,-0.5,-2.824275,1.2023525,8.758872
-4.02,-8.35,-0.22,-0.25,0.36,-0.47,-2.8490417,1.2294501,8.735143
-4.02,-8.35,-0.22,-0.25,0.36,-0.47,-2.8490417,1.2294501,8.735143
-4.1,-9.01,-0.22,-0.37,-0.29,-0.5,-2.8830147,1.2319379,9.391969
-4.1,-9.01,-0.22,-0.37,-0.29,-0.5,-2.8830147,1.2319379,9.391969
-4.5,-9.08,-0.22,-0.75,-0.34,-0.51,-3.2891119,1.2704331,9.503291
-4.5,-9.08,-0.22,-0.75,-0.34,-0.51,-3.2891119,1.2704331,9.503291
-4.81,-9.48,-0.31,-0.75,-0.34,-0.51,-3.552345,1.2948513,9.940161
-4.81,-9.48,-0.31,-0.96,-0.68,-0.6,-3.6042476,1.2025809,9.933066
-4.81,-9.48,-0.26,-0.96,-0.68,-0.6,2.4691572,-2.894025,9.9298525
-4.81,-9.48,-0.26,-0.86,-0.62,-0.56,-3.6311786,1.168386,9.925901
-5.08,-9.23,-0.49,-0.86,-0.62,-0.56,2.841619,-2.956785,9.717099
-5.08,-9.23,-0.49,-1.07,-0.31,-0.81,-4.104563,0.9478637,9.669203
-5.07,-9.45,-0.53,-1.07,-0.31,-0.81,2.979163,-2.9372804,9.888642
-5.07,-9.45,-0.53,-0.96,-0.46,-0.87,-4.2181144,0.81922674,9.839952
-4.96,-9.0,-0.92,-0.96,-0.46,-0.87,-4.2562184,0.41652685,9.389308
-4.96,-9.0,-0.92,-0.77,0.02,-1.28,-4.3854465,0.3153426,9.333615
-4.96,-9.0,-0.92,-0.77,0.02,-1.28,-4.3854465,0.3153426,9.333615
-4.58,-9.51,-1.21,-0.26,-0.42,-1.5,-4.1095552,-0.18152219,9.795877
-4.58,-9.51,-1.21,-0.26,-0.42,-1.5,-4.1095552,-0.18152219,9.795877
-3.87,-8.83,-1.6,-0.26,-0.42,-1.5,-3.5893173,-0.7350004,9.059932
-4.01,-8.77,-1.86,0.48,0.31,-1.75,3.8185444,-1.096325,8.981615
-4.01,-8.77,-1.86,0.38,0.4,-1.78,-3.87346,-1.0065469,8.968601
-4.01,-8.77,-1.86,0.38,0.4,-1.78,-3.87346,-1.0065469,8.968601
-4.33,-8.85,-1.85,0.04,0.31,-1.56,-4.2814636,-0.9008701,9.019504
-4.33,-8.85,-1.85,0.04,0.31,-1.56,-4.2814636,-0.9008701,9.019504
-4.32,-8.86,-1.63,0.0,0.28,-1.11,-4.298281,-0.6643815,8.99457
-4.32,-8.86,-1.63,0.0,0.28,-1.11,-4.298281,-0.6643815,8.99457
-3.91,-9.49,-1.1,0.31,-0.34,-0.37,-3.8047402,-0.2788124,9.591894
-3.91,-9.49,-1.1,0.31,-0.34,-0.37,-3.8047402,-0.2788124,9.591894
-3.64,-10.0,-0.72,0.45,-0.82,0.17,-3.5030797,0.043167114,10.074451
-3.64,-10.0,-0.72,0.45,-0.82,0.17,-3.5030797,0.043167114,10.074451
-3.3,-10.46,-0.59,0.61,-1.18,0.41,-3.2215555,0.08968741,10.50063
-3.32,-10.18,-0.52,0.61,-1.18,0.41,2.7980807,-1.5977867,10.2246275
-3.32,-10.18,-0.52,0.4,-0.81,0.57,-3.2804508,0.2317628,10.203437
-3.05,-9.84,-0.17,0.4,-0.81,0.57,-2.9024765,0.47656476,9.874487
-3.05,-9.84,-0.17,0.48,-0.38,0.98,-2.9497957,0.5502328,9.85662
-2.79,-9.99,0.76,0.48,-0.38,0.98,-2.3722517,1.3169441,10.039915
-2.79,-9.99,0.76,0.55,-0.47,1.89,-2.4071796,1.4298985,10.016121
-3.0,-9.83,1.91,0.55,-0.47,1.89,-2.1908822,2.582906,9.889673
-3.0,-9.83,1.91,0.2,-0.23,2.84,-2.247189,2.7029042,9.844871
-3.0,-9.83,1.91,0.2,-0.23,2.84,-2.247189,2.7029042,9.844871
-3.03,-10.7,1.55,0.12,-0.96,2.15,-2.4362612,2.4025483,10.694195
-3.03,-10.7,1.55,0.12,-0.96,2.15,-2.4362612,2.4025483,10.694195
-3.94,-10.5,0.28,-0.86,-0.68,0.56,-3.8330426,1.6033635,10.420606
-3.94,-10.5,0.28,-0.86,-0.68,0.56,-3.8330426,1.6033635,10.420606
-3.89,-9.75,-1.26,-0.89,0.19,-1.2,-4.460246,0.1897949,9.583965
-3.89,-9.75,-1.26,-0.89,0.19,-1.2,-4.460246,0.1897949,9.583965
-3.85,-10.11,-2.19,-0.88,-0.11,-2.21,-4.92712,-0.67624295,9.853775
-3.85,-10.11,-2.19,-0.88,-0.11,-2.21,-4.92712,-0.67624295,9.853775
-3.1,-10.41,-1.87,-0.17,-0.37,-1.85,-4.2659335,-0.6577995,10.141208
-3.1,-10.41,-1.87,-0.17,-0.37,-1.85,-4.2659335,-0.6577995,10.141208
-2.8,-9.26,-1.66,0.13,0.72,-1.52,-3.8445034,-0.5199183,9.016245
-2.8,-9.26,-1.66,0.13,0.72,-1.52,-3.8445034,-0.5199183,9.016245
-2.58,-8.99,-1.28,0.24,0.82,-1.06,-3.576902,-0.16976678,8.734521
-2.58,-8.99,-1.28,0.24,0.82,-1.06,-3.576902,-0.16976678,8.734521
-2.39,-7.91,-0.7,0.3,1.75,-0.37,-3.1674228,0.40714723,7.653227
-2.39,-7.91,-0.7,0.3,1.75,-0.37,-3.1674228,0.40714723,7.653227
-1.84,-8.07,-0.57,0.72,1.44,-0.08,-2.704609,0.42116207,7.8321843
-1.84,-8.07,-0.57,0.72,1.44,-0.08,-2.704609,0.42116207,7.8321843
-1.5,-8.04,-0.88,0.91,1.29,-0.11,-2.5918486,0.09224385,7.8063946
-1.5,-8.04,-0.88,0.91,1.29,-0.11,-2.5918486,0.09224385,7.8063946
-1.89,-8.2,-1.48,0.49,0.92,-0.33,-3.221782,-0.25445354,7.9093523
-1.89,-8.2,-1.48,0.49,0.92,-0.33,-3.210826,-0.20064509,7.9153543
-1.77,-8.72,-2.15,0.49,0.92,-0.33,-3.4593284,-0.82154274,8.43516
-1.77,-8.72,-2.15,0.49,0.28,-0.67,-3.4467797,-0.76424646,8.445676
-1.84,-9.58,-2.49,0.49,0.28,-0.67,3.8799913,0.12046516,9.289414
-1.84,-9.58,-2.49,0.19,-0.65,-0.85,-3.8529208,-0.96204066,9.251573
-1.84,-9.58,-2.49,0.19,-0.65,-0.85,-3.8529208,-0.96204066,9.251573
-1.84,-9.58,-2.49,0.19,-0.65,-0.85,-3.8529208,-0.96204066,9.251573
-3.0,-8.93,-1.85,-1.19,-0.23,-0.28,-4.6688113,0.13724172,8.387536
-3.0,-8.93,-1.85,-1.19,-0.23,-0.28,-4.6688113,0.13724172,8.387536
-3.86,-9.33,-1.24,-1.19,-0.23,-0.28,-5.19346,1.0920241,8.6788
-3.86,-9.33,-1.24,-1.97,-0.71,0.22,-5.267528,1.1022317,8.632749
-3.86,-9.33,-1.24,-1.97,-0.71,0.22,-5.267528,1.1022317,8.632749
-4.22,-7.72,-0.88,-2.19,0.87,0.49,-5.242086,1.5336349,6.9533954
-4.22,-7.72,-0.88,-2.19,0.87,0.49,-5.242086,1.5336349,6.9533954
-4.24,-9.73,-1.5,-2.0,-1.1,-0.19,-5.9182096,1.0668169,8.873396
-4.24,-9.73,-1.5,-2.0,-1.1,-0.19,-5.9182096,1.0668169,8.873396
-4.79,-8.34,-1.89,-2.0,-1.1,-0.19,-6.360196,0.936597,7.398815
-4.79,-8.34,-1.89,-2.23,0.28,-0.56,-6.4042997,0.95794415,7.357926
-4.49,-9.71,-2.4,-1.55,-0.97,-1.04,-6.655845,0.40031338,8.703085
-4.49,-9.71,-2.4,-1.55,-0.97,-1.04,-6.655845,0.40031338,8.703085
-3.08,-9.4,-2.74,0.14,-0.51,-1.35,-5.6285224,-0.6475514,8.558879
-3.08,-9.4,-2.74,0.14,-0.51,-1.35,-5.6285224,-0.6475514,8.558879
-2.54,-9.39,-2.85,0.9,-0.4,-1.46,-5.2515144,-0.93064773,8.619844
-2.54,-9.39,-2.85,0.9,-0.4,-1.46,-5.2656546,-1.1038791,8.590725
-2.2,-10.56,-2.29,1.46,-1.49,-1.01,-4.913338,-1.0019431,9.821046
-2.2,-10.56,-2.29,1.46,-1.49,-1.01,-4.913338,-1.0019431,9.821046
-2.8,-11.91,-1.81,1.46,-1.49,-1.01,-5.376006,-0.21556783,11.13626
-2.8,-11.91,-1.81,1.06,-2.64,-0.66,-5.348894,-0.54081064,11.138269
-3.34,-15.4,-1.21,1.06,-2.64,-0.66,5.3824987,-2.7575614,14.601515
-3.34,-15.4,-1.21,0.74,-5.57,-0.16,-5.976498,-0.2600633,14.628518
-3.34,-15.4,-1.21,0.74,-5.57,-0.16,-5.976498,-0.2600633,14.628518
-2.83,-14.57,-0.27,1.36,-4.16,0.7,-4.7717643,-0.053979382,14.056812
-3.2,-13.07,0.23,1.36,-4.16,0.7,-4.523093,0.72586155,12.654347
-3.2,-13.07,0.23,0.94,-2.15,1.15,-4.4505234,0.528003,12.689832
-3.2,-13.07,0.23,0.94,-2.15,1.15,-4.4505234,0.528003,12.689832
-3.67,-11.38,0.26,0.31,-0.11,1.16,-4.528116,0.9846859,11.025761
-3.67,-11.38,0.26,0.31,-0.11,1.16,-4.528116,0.9846859,11.025761
-2.94,-8.34,0.48,0.76,3.01,1.38,-3.3249767,1.1868956,8.121911
-2.94,-8.34,0.48,0.76,3.01,1.38,-3.3249767,1.1868956,8.121911
-3.06,-8.38,0.45,0.32,2.94,1.36,-3.3783722,1.37936,8.153188
-3.06,-8.38,0.45,0.32,2.94,1.36,-3.3783722,1.37936,8.153188
-3.89,-9.35,0.62,-0.65,1.94,1.5,-3.9839995,2.1505332,9.079756
-3.89,-9.35,0.62,-0.65,1.94,1.5,-3.9839995,2.1505332,9.079756
-4.03,-8.79,0.84,-0.83,2.49,1.65,-3.7856424,2.6856158,8.524493
-4.03,-8.79,0.84,-0.83,2.49,1.65,-3.7856424,2.6856158,8.524493
-4.7,-8.14,0.56,-1.43,2.98,1.31,-4.2998953,3.1539156,7.760602
-4.7,-8.14,0.56,-1.43,2.98,1.31,-4.2998953,3.1539156,7.760602
-4.78,-7.41,1.2,-1.43,3.37,1.89,-3.7807715,3.9674666,7.011524
-4.78,-7.41,1.2,-1.43,3.37,1.89,-3.7807715,3.9674666,7.011524
-4.38,-6.52,0.98,-1.03,3.51,1.57,-3.399815,3.7612057,6.0786347
-4.38,-6.52,0.98,-1.03,3.51,1.57,-3.399815,3.7612057,6.0786347
-1.92,-5.6,6.8,1.38,3.52,7.02,2.442118,6.7480054,5.4577346
-1.92,-5.6,6.8,1.38,3.52,7.02,2.442118,6.7480054,5.4577346
-1.76,-5.59,3.14,1.42,2.73,2.78,0.21651554,3.8576198,5.4108415
-1.76,-5.59,3.14,1.42,2.73,2.78,0.21651554,3.8576198,5.4108415
-1.76,-5.59,3.14,1.42,2.73,2.78,0.21651554,3.8576198,5.4108415
-1.97,-5.23,2.2,1.09,2.38,1.21,-0.5489999,3.2115855,5.0456038
-3.65,-5.54,0.03,-0.53,1.65,-1.46,-3.3766034,2.6842158,5.040688
-3.65,-5.54,0.03,-0.53,1.65,-1.46,-3.3766034,2.6842158,5.040688
-4.51,-6.39,-0.2,-1.21,0.52,-2.07,-4.4259973,2.9582357,5.7333746
-4.51,-6.39,-0.2,-1.21,0.52,-2.07,-4.4259973,2.9582357,5.7333746
-5.57,-8.53,-0.48,-2.1,-1.78,-2.61,-5.965954,3.2754202,7.5957365
-5.57,-8.53,-0.48,-2.1,-1.78,-2.61,-5.965954,3.2754202,7.5957365
-5.76,-9.28,-0.73,-2.13,-2.6,-2.99,-6.658688,3.0236545,8.145449
-5.76,-9.28,-0.73,-2.13,-2.6,-2.99,-6.658688,3.0236545,8.145449
-5.29,-8.88,-1.16,-1.57,-2.16,-3.43,-6.58077,2.2238917,7.741568
-5.29,-8.88,-1.16,-1.57,-2.16,-3.43,-6.711213,2.2522306,7.620446
-4.51,-8.66,-1.81,-1.57,-2.16,-3.43,-6.5189056,1.2589306,7.3844957
-4.51,-8.66,-1.81,-0.8,-1.88,-3.94,-6.6912985,1.1316042,7.249675
-0.35,-9.53,-12.77,3.06,-2.57,-13.91,-10.962483,-9.962358,5.881467
-0.35,-9.53,-12.77,3.06,-2.57,-13.91,-10.962483,-9.962358,5.881467
-3.8,-9.03,-3.61,-0.61,-1.79,-3.52,-7.779226,-1.0248159,6.888136
-3.8,-9.03,-3.61,-0.61,-1.79,-3.52,-7.779226,-1.0248159,6.888136
-7.69,-9.5,2.91,-4.22,-1.96,3.41,-7.147298,6.240437,8.235731
-7.69,-9.5,2.91,-4.22,-1.96,3.41,-7.147298,6.240437,8.235731
-4.63,-10.03,-1.72,-0.68,-2.1,-1.03,-7.994709,0.6226655,7.7905803
-4.63,-10.03,-1.72,-0.68,-2.1,-1.03,-7.994709,0.6226655,7.7905803
-3.6,-10.37,-1.31,0.52,-1.97,-0.35,-7.282646,0.12053037,8.3163395
-3.6,-10.37,-1.31,0.52,-1.97,-0.35,-7.282646,0.12053037,8.3163395
-4.99,-11.38,-2.76,-0.8,-2.44,-1.34,-9.540681,-0.066402435,8.425741
-4.99,-11.38,-2.76,-0.8,-2.44,-1.34,-9.540681,-0.066402435,8.425741
-5.7,-12.31,-3.06,-1.44,-2.87,-1.07,-10.516407,0.2059443,9.096842
-5.7,-12.31,-3.06,-1.44,-2.87,-1.07,-10.516407,0.2059443,9.096842
-6.62,-13.05,-1.96,-1.44,-2.87,-1.07,-10.741228,1.8509152,9.958346
-6.62,-13.05,-1.96,-2.16,-3.07,0.54,-10.591287,1.7516766,10.1353245
-7.39,-12.68,-1.17,-2.16,-3.07,0.54,7.6780806,-7.746805,9.88926
-7.39,-12.68,-1.17,-2.62,-2.18,1.76,-10.201719,3.170296,10.131022
-6.86,-12.02,-2.16,-2.62,-2.18,1.76,-10.229582,2.147788,9.324609
-6.86,-12.02,-2.16,-1.73,-1.02,1.18,-9.87733,2.5048578,9.610912
-6.86,-12.02,-2.16,-1.73,-1.02,1.18,-9.87733,2.5048578,9.610912
-6.44,-12.4,-0.89,-0.74,-0.97,2.12,-8.439018,3.4973643,10.610235
-6.44,-12.4,-0.89,-0.74,-0.97,2.12,-8.439018,3.4973643,10.610235
-4.76,-11.58,-1.69,1.36,0.21,1.07,-7.1241126,2.2105489,10.196595
-4.76,-11.58,-1.69,1.36,0.21,1.07,-7.1241126,2.2105489,10.196595
-3.4,-10.63,-1.03,2.58,1.41,2.34,-4.98696,2.156903,9.802848
-3.4,-10.63,-1.03,2.58,1.41,2.34,-4.98696,2.156903,9.802848
-2.9,-11.66,-1.01,2.83,0.51,3.05,-4.1293936,2.3718452,11.077372
-2.9,-11.66,-1.01,2.83,0.51,3.05,-4.1293936,2.3718452,11.077372
-3.27,-10.8,-1.26,2.42,1.41,3.15,-3.8604522,2.7928064,10.306195
-3.27,-10.8,-1.26,2.42,1.41,3.15,-3.8604522,2.7928064,10.306195
-3.8,-9.88,-2.04,1.87,2.14,2.48,-4.299158,2.7661905,9.491122
-3.8,-9.88,-2.04,1.87,2.14,2.48,-4.299158,2.7661905,9.491122
-2.96,-8.08,-2.86,2.48,3.51,1.64,-3.9198394,1.55511,8.027707
-2.96,-8.08,-2.86,2.48,3.51,1.64,-3.9198394,1.55511,8.027707
-2.55,-6.11,-3.02,2.45,4.77,1.45,-3.589916,0.9541333,6.2575684
-2.55,-6.11,-3.02,2.45,4.77,1.45,-3.589916,0.9541333,6.2575684
-3.56,-5.2,-2.12,0.97,4.83,2.33,-3.6818538,2.1624207,5.0966544
-3.56,-5.2,-2.12,0.97,4.83,2.33,-3.6818538,2.1624207,5.0966544
-4.47,-4.91,-1.94,-0.24,4.28,2.39,-4.2881055,2.7803102,4.662041
-4.47,-4.91,-1.94,-0.24,4.28,2.39,-4.1932964,2.8287687,4.7187843
-4.91,-4.56,1.63,-0.79,3.82,5.52,-2.402037,5.566247,3.2872038
-4.91,-4.56,1.63,-0.79,3.82,5.52,-2.3983862,5.5636377,3.2942786
-4.74,-4.82,2.21,-0.79,3.82,5.52,-1.8875723,5.97106,3.3715901
-4.74,-4.82,2.21,-0.62,2.86,5.33,-1.9427538,5.9186916,3.4320402
-4.74,-4.82,2.21,-0.62,2.86,5.33,-1.9427538,5.9186916,3.4320402
-3.8,-5.98,0.26,0.29,1.22,2.49,-2.202054,4.149589,5.310355
-3.8,-5.98,0.26,0.29,1.22,2.49,-2.202054,4.149589,5.310355
-5.07,-6.82,-0.89,-0.9,0.01,0.68,-3.8557308,4.1475677,6.39847
-5.07,-6.82,-0.89,-0.9,0.01,0.68,-3.8557308,4.1475677,6.39847
-4.38,-5.65,-3.23,-0.12,0.77,-2.02,-4.878066,1.526988,5.950848
-4.38,-5.65,-3.23,-0.12,0.77,-2.02,-4.878066,1.526988,5.950848
-3.71,-6.52,-4.09,0.53,-0.38,-3.22,-4.9133635,0.4486904,6.9756827
-3.71,-6.52,-4.09,0.53,-0.38,-3.22,-4.9133635,0.4486904,6.9756827
-4.81,-7.87,-4.16,-0.41,-1.73,-3.69,-5.9573994,0.90959334,8.12777
-4.81,-7.87,-4.16,-0.41,-1.73,-3.69,-5.9573994,0.90959334,8.12777
-5.51,-7.79,-4.99,-0.8,-1.51,-4.84,-7.203642,0.16780853,8.001481
-5.51,-7.79,-4.99,-0.8,-1.51,-4.84,-7.203642,0.16780853,8.001481
-6.91,-7.2,-4.98,-1.78,-0.71,-4.93,-8.485915,0.45535898,7.2229095
-6.91,-7.2,-4.98,-1.78,-0.71,-4.93,-8.485915,0.45535898,7.2229095
-6.66,-4.79,-5.24,-1.2,1.75,-5.16,-8.534233,-0.37124634,4.6675854
-6.66,-4.79,-5.24,-1.2,1.75,-5.16,-8.534233,-0.37124634,4.6675854
-7.53,-5.22,-7.14,-1.82,1.28,-6.57,-10.451046,-1.6889191,4.7803826
-7.53,-5.22,-7.14,-1.82,1.28,-6.57,-10.451046,-1.6889191,4.7803826
-9.38,-6.09,-8.98,-3.35,0.43,-7.4,-13.142758,-2.4143724,5.210722
-9.38,-6.09,-8.98,-3.35,0.43,-7.4,-13.142758,-2.4143724,5.210722
-10.06,-6.98,-7.62,-3.35,0.43,-7.4,10.743962,-7.334588,6.225715
-10.06,-6.98,-7.62,-3.44,-0.39,-4.89,-13.01903,-1.1708832,6.0928082
-9.57,-9.06,-5.68,-3.44,-0.39,-4.89,9.36055,-6.9367533,8.378093
-9.57,-9.06,-5.68,-2.45,-2.35,-1.89,-11.604783,-0.1500082,8.4402275
-9.57,-9.06,-5.68,-2.45,-2.35,-1.89,-11.604783,-0.1500082,8.4402275
-8.7,-9.87,-3.01,-1.2,-2.79,1.49,-9.292228,1.6591566,9.647213
-8.7,-9.87,-3.01,-1.2,-2.79,1.49,-9.292228,1.6591566,9.647213
-7.88,-9.0,-1.99,-0.01,-1.59,2.99,-7.8102636,2.3653061,8.969928
-7.88,-9.0,-1.99,-0.01,-1.59,2.99,-7.8102636,2.3653061,8.969928
-8.17,-7.88,-0.83,0.02,-0.42,4.4,-7.1254854,3.8399582,8.000897
-8.17,-7.88,-0.83,0.02,-0.42,4.4,-7.1254854,3.8399582,8.000897
-7.93,-8.25,-0.19,0.52,-0.78,5.09,-6.286301,4.5214124,8.427499
-7.93,-8.25,-0.19,0.52,-0.78,5.09,-6.286301,4.5214124,8.427499
-8.34,-9.04,-0.77,0.25,-1.47,4.41,-6.6436424,4.6743584,9.267281
-8.34,-9.04,-0.77,0.25,-1.47,4.41,-6.6436424,4.6743584,9.267281
-8.28,-9.06,-0.81,0.38,-1.19,4.25,-6.340222,5.029286,9.263154
-8.28,-9.06,-0.81,0.38,-1.19,4.25,-6.340222,5.029286,9.263154
-8.67,-8.34,-0.53,-0.08,-0.14,4.16,-6.3420744,5.9052615,8.361301
-8.67,-8.34,-0.53,-0.08,-0.14,4.16,-6.3420744,5.9052615,8.361301
-8.24,-8.22,-0.39,-0.08,-0.14,4.16,-5.835395,5.824321,8.224568
-8.24,-8.22,-0.39,0.1,0.2,3.61,-5.831443,6.1337376,7.9993553
-7.53,-8.17,-0.29,0.1,0.2,3.61,-5.2003303,5.768244,7.950965
-7.53,-8.17,-0.29,0.37,0.38,2.83,-5.243992,6.0115995,7.739194
-6.64,-6.83,-0.67,0.37,0.38,2.83,-0.9202423,-6.913821,6.522241
-6.64,-6.83,-0.67,0.86,1.67,1.54,-4.9925213,5.046764,6.386885
-5.03,-6.13,-1.13,0.86,1.67,1.54,-4.1434736,3.5254364,5.878573
-5.03,-6.13,-1.13,2.19,2.06,0.34,-4.257656,3.4143744,5.86252
-5.03,-6.13,-1.13,2.19,2.06,0.34,-4.257656,3.4143744,5.86252
-3.5,-4.85,-1.48,3.44,3.0,-0.64,-3.5129611,1.7928294,4.7336845
-3.5,-4.85,-1.48,3.44,3.0,-0.64,-3.5129611,1.7928294,4.7336845
-2.53,-2.9,-1.33,4.03,4.51,-1.02,-2.8002014,0.9042723,2.814421
-2.53,-2.9,-1.33,4.03,4.51,-1.02,-2.8002014,0.9042723,2.814421
-0.09,-1.92,-3.46,5.91,4.94,-3.47,-2.431491,-2.4583728,1.9262284
-0.09,-1.92,-3.46,5.91,4.94,-3.47,-2.431491,-2.4583728,1.9262284
-4.07,-1.66,-5.97,1.36,4.41,-5.68,-7.09958,-1.7269971,1.2549307
-4.07,-1.66,-5.97,1.36,4.41,-5.68,-7.09958,-1.7269971,1.2549307
-4.22,-4.34,-5.42,0.74,1.12,-4.62,-7.0856466,-1.0907581,3.8241704
-4.22,-4.34,-5.42,0.74,1.12,-4.62,-7.0856466,-1.0907581,3.8241704
-5.29,-4.2,-3.75,-0.73,0.8,-2.45,-6.785826,0.96943855,3.5636165
-5.29,-4.2,-3.75,-0.73,0.8,-2.45,-6.785826,0.96943855,3.5636165
-4.99,-5.44,-2.94,-0.86,-0.8,-1.16,-6.177409,1.5356352,4.755916
-4.99,-5.44,-2.94,-0.86,-0.8,-1.16,-6.177409,1.5356352,4.755916
-6.9,-5.38,-2.87,-3.08,-1.04,-0.63,-7.505826,2.8857844,4.486216
-6.9,-5.38,-2.87,-3.08,-1.04,-0.63,-7.53683,3.0460842,4.3253765
-7.97,-5.98,-2.64,-3.08,-1.04,-0.63,-8.2126465,3.9903955,4.7833147
-7.97,-5.98,-2.64,-4.26,-1.86,0.0,-8.241554,4.1743574,4.571918
-9.04,-6.88,-3.07,-4.26,-1.86,0.0,-9.426272,4.664156,5.2793894
-9.04,-6.88,-3.07,-5.13,-2.76,-0.09,-9.452791,4.844574,5.06515
-10.12,-7.81,-3.32,-5.13,-2.76,-0.09,7.3755913,-9.307107,5.780254
-10.12,-7.81,-3.32,-5.71,-3.53,-0.04,-10.5676565,5.630787,5.572415
-10.06,-8.12,-5.06,-5.71,-3.53,-0.04,-11.807974,4.396742,5.8294144
-10.06,-8.12,-5.06,-4.91,-3.38,-1.42,-11.882267,4.4209576,5.6576033
-11.5,-9.93,-6.07,-4.91,-3.38,-1.42,10.61443,-10.235846,7.0895085
-11.5,-9.93,-6.07,-5.36,-4.53,-2.09,-13.991043,4.9220595,6.9082484
-11.5,-9.93,-6.07,-5.36,-4.53,-2.09,-13.991043,4.9220595,6.9082484
-10.19,-11.09,-4.33,-3.15,-4.71,-0.43,-12.175413,5.366662,8.278366
-8.86,-11.63,-2.83,-3.15,-4.71,-0.43,-10.31479,5.5893326,9.172234
-8.86,-11.63,-2.83,-1.2,-4.41,0.88,-10.374176,5.6188593,9.08682
-8.86,-11.63,-2.83,-1.2,-4.41,0.88,-10.374176,5.6188593,9.08682
-9.33,-10.4,-2.19,-1.08,-2.55,1.43,-9.976764,6.345476,7.7591314
-9.33,-10.4,-2.19,-1.08,-2.55,1.43,-9.976764,6.345476,7.7591314
-6.75,-9.61,-1.1,1.92,-1.21,2.46,-7.191382,5.333707,7.6785536
-6.75,-9.61,-1.1,1.92,-1.21,2.46,-7.191382,5.333707,7.6785536
-4.93,-8.77,-0.87,3.87,0.0,2.59,-5.4934425,4.160338,7.381627
-4.93,-8.77,-0.87,3.87,0.0,2.59,-5.4934425,4.160338,7.381627
-4.04,-9.08,-1.35,4.66,0.06,1.99,-5.1516476,3.2572575,7.9650064
-4.04,-9.08,-1.35,4.66,0.06,1.99,-5.1516476,3.2572575,7.9650064
-4.04,-9.08,-1.35,4.66,0.06,1.99,-5.1516476,3.2572575,7.9650064
-4.27,-8.82,-1.45,4.1,0.58,1.72,-5.271304,3.27946,7.7192144
-4.57,-7.75,-1.46,3.33,1.75,1.48,-5.308598,3.3323298,6.6176567
-4.57,-7.75,-1.46,3.33,1.75,1.48,-5.308598,3.3323298,6.6176567
-5.13,-6.3,-1.56,2.19,3.04,1.06,-5.557268,3.5097098,5.0238647
-5.13,-6.3,-1.56,2.19,3.04,1.06,-5.557268,3.5097098,5.0238647
-5.01,-5.86,-2.16,1.61,3.16,0.1,-5.8593273,3.0241172,4.5418386
-5.01,-5.86,-2.16,1.61,3.16,0.1,-5.8593273,3.0241172,4.5418386
-4.6,-5.06,-2.07,1.29,3.37,-0.02,-5.4063253,2.736301,3.7858677
-4.6,-5.06,-2.07,1.29,3.37,-0.02,-5.4063253,2.736301,3.7858677
-4.68,-3.87,-1.99,0.61,3.84,-0.06,-5.222373,2.6580174,2.549736
-4.68,-3.87,-1.99,0.61,3.84,-0.06,-5.222373,2.6580174,2.549736
-5.31,-3.24,-1.97,-0.57,3.76,-0.07,-5.5410075,2.9761233,1.7362372
-5.31,-3.24,-1.97,-0.57,3.76,-0.07,-5.5410075,2.9761233,1.7362372
-5.7,-3.12,-2.17,-0.57,3.76,-0.07,-5.9442954,3.047119,1.5210899
-5.7,-3.12,-2.17,-1.23,3.19,-0.21,-5.9450536,3.057287,1.4975418
-5.58,-3.55,-2.44,-1.23,3.19,-0.21,4.865013,-4.712292,1.9540842
-5.58,-3.55,-2.44,-1.09,2.19,-0.31,-6.1466217,2.8473208,1.9504635
-5.81,-4.23,-2.37,-1.09,2.19,-0.31,4.9501505,-5.131982,2.5346951
-5.81,-4.23,-2.37,-1.17,1.02,-0.12,-6.3875017,3.1735263,2.5287223
-5.53,-4.53,-2.36,-1.17,1.02,-0.12,4.921157,-4.9065437,2.8947287
-5.53,-4.53,-2.36,-0.69,0.29,-0.07,-6.2569113,3.0294907,2.888713
-5.53,-4.53,-2.36,-0.69,0.29,-0.07,-6.2569113,3.0294907,2.888713
-5.29,-4.73,-2.57,-0.28,-0.24,-0.26,-6.291907,2.7278006,3.1516533
-5.29,-4.73,-2.57,-0.28,-0.24,-0.26,-6.291907,2.7278006,3.1516533
-5.82,-5.71,-2.95,-0.7,-1.33,-0.63,-7.1298475,2.9985769,3.9182692
-5.82,-5.71,-2.95,-0.7,-1.33,-0.63,-7.1298475,2.9985769,3.9182692
-6.82,-6.01,-3.39,-1.55,-1.64,-1.1,-8.226964,3.3885367,3.8677502
-6.82,-6.01,-3.39,-1.55,-1.64,-1.1,-8.226964,3.3885367,3.8677502
-8.95,-6.23,-3.82,-3.34,-1.79,-1.5,-10.083302,4.5306845,3.3626978
-8.95,-6.23,-3.82,-3.34,-1.79,-1.5,-10.083302,4.5306845,3.3626978
-9.46,-8.18,-4.68,-3.39,-3.46,-2.25,-11.481077,4.6347,5.0010824
-9.46,-8.18,-4.68,-3.39,-3.46,-2.25,-11.481077,4.6347,5.0010824
-10.27,-8.65,-4.77,-3.71,-3.42,-2.13,-12.246013,5.1787395,5.1248565
-10.27,-8.65,-4.77,-3.71,-3.42,-2.13,-12.246013,5.1787395,5.1248565
-11.17,-9.32,-3.39,-4.09,-3.51,-0.6,-12.098509,6.87201,5.4336877
-11.17,-9.32,-3.39,-4.09,-3.51,-0.6,-12.098509,6.87201,5.4336877
-11.09,-10.12,-2.25,-3.45,-3.69,0.56,-11.482243,7.7736707,6.180061
-11.09,-10.12,-2.25,-3.45,-3.69,0.56,-11.482243,7.7736707,6.180061
-9.21,-10.73,-1.22,-1.16,-3.66,1.59,-9.653162,7.4326067,7.281361
-9.21,-10.73,-1.22,-1.16,-3.66,1.59,-9.653162,7.4326067,7.281361
-8.5,-10.2,-0.83,-1.16,-3.66,1.59,-8.742916,7.169001,7.0104017
-8.5,-10.2,-0.83,-0.16,-2.54,1.92,-8.752285,7.232685,6.932867
-7.09,-8.28,-0.31,-0.16,-2.54,1.92,-6.9371347,6.2998147,5.5777316
-7.09,-8.28,-0.31,1.51,-0.17,2.22,-6.9430094,6.296903,5.573713
-6.69,-7.73,-0.32,1.51,-0.17,2.22,-6.517111,5.942119,5.179757
-6.69,-7.73,-0.32,2.12,0.65,1.94,-6.5212245,5.903069,5.2190814
-7.36,-7.72,0.69,2.12,0.65,1.94,-6.185353,7.1065106,5.0480733
-7.36,-7.72,0.69,1.6,0.86,2.61,-6.1851454,7.075691,5.0914297
-7.36,-7.72,0.69,1.6,0.86,2.61,-6.1851454,7.075691,5.0914297
-7.82,-7.83,1.39,1.11,0.94,2.82,-5.957266,7.914032,5.12567
-7.97,-7.01,1.36,1.11,0.94,2.82,6.055693,-7.704335,4.2991204
-7.97,-7.01,1.36,1.24,1.88,2.27,-6.2384987,7.2945232,4.730928
-7.49,-6.55,0.59,1.24,1.88,2.27,-6.32412,6.35012,4.36259
-7.49,-6.55,0.59,1.43,2.15,0.93,-6.3179846,6.388588,4.3150573
-5.96,-6.26,-1.28,2.43,2.16,-1.25,-6.5088844,3.9886856,4.2511635
-5.96,-6.26,-1.28,2.43,2.16,-1.25,-6.5088844,3.9886856,4.2511635
-5.2,-5.58,-2.27,2.55,2.43,-2.31,-6.5265346,2.6726024,3.686574
-5.2,-5.58,-2.27,2.55,2.43,-2.31,-6.5265346,2.6726024,3.686574
-4.25,-5.06,-2.79,2.88,2.42,-2.69,-6.1138597,1.5473952,3.4170864
-4.25,-5.06,-2.79,2.88,2.42,-2.69,-6.1240816,1.575412,3.3858385
-3.82,-4.56,-2.66,2.76,2.33,-2.36,-5.6241255,1.3111551,3.018556
-3.82,-4.56,-2.66,2.76,2.33,-2.36,-5.6241255,1.3111551,3.018556
-4.1,-4.21,-1.86,2.02,2.18,-1.35,-5.1790624,2.0582795,2.6333447
-4.1,-4.21,-1.86,2.02,2.18,-1.35,-5.1790624,2.0582795,2.6333447
-3.69,-3.51,-1.62,2.05,2.44,-0.93,-4.547296,1.8532524,2.109066
-3.69,-3.51,-1.62,2.05,2.44,-0.93,-4.551447,1.8880451,2.0688674
-5.4,-3.8,-0.73,-0.02,1.7,0.13,-5.147819,3.746296,1.8968725
-5.4,-3.8,-0.73,-0.02,1.7,0.13,-5.141072,3.7878723,1.8314728
-6.3,-3.95,-0.52,-0.02,1.7,0.13,-5.6136656,4.597451,1.7067803
-6.3,-3.95,-0.52,-1.2,1.12,0.56,-5.6001635,4.6488566,1.6091002
-6.4,-4.27,-0.7,-1.2,1.12,0.56,-5.867232,4.6675158,1.8635403
-6.4,-4.27,-0.7,-1.54,0.46,0.67,-5.859541,4.715504,1.7642906
-6.83,-3.87,-1.21,-1.54,0.46,0.67,6.8392606,-3.8545594,1.206979
-6.83,-3.87,-1.21,-2.14,0.57,0.41,-6.361216,4.627964,1.0985343
-7.93,-3.48,-2.17,-2.14,0.57,0.41,-7.6335373,4.620944,0.28315228
-7.93,-3.48,-2.17,-3.22,0.65,-0.4,-7.6047373,4.6745343,0.14455135
-9.87,-4.73,-2.34,-3.22,0.65,-0.4,-9.326401,6.1610518,0.5701565
-9.87,-4.73,-2.34,-4.86,-0.79,-0.48,-9.315363,6.1891003,0.4294714
-9.87,-4.73,-2.34,-4.86,-0.79,-0.48,-9.315363,6.1891003,0.4294714
-7.63,-5.49,-2.43,-2.19,-1.56,-0.58,-8.216889,4.805095,1.9119844
-7.63,-5.49,-2.43,-2.19,-1.56,-0.58,-8.216889,4.805095,1.9119844
-9.79,-7.01,-3.68,-3.85,-2.93,-1.81,-10.952132,5.768981,2.301357
-9.79,-7.01,-3.68,-3.85,-2.93,-1.81,-10.952132,5.768981,2.301357
-10.81,-8.53,-3.87,-4.2,-4.1,-1.8,-12.21513,6.7265654,3.1839948
-10.81,-8.53,-3.87,-4.2,-4.1,-1.8,-12.21513,6.7265654,3.1839948
-11.46,-9.19,-3.49,-4.08,-4.24,-1.18,-12.571947,7.608531,3.4675941
-11.46,-9.19,-3.49,-4.08,-4.24,-1.18,-12.571947,7.608531,3.4675941
-12.07,-10.4,-2.22,-3.9,-4.77,0.3,-12.438937,9.245132,4.309724
-12.07,-10.4,-2.22,-3.9,-4.77,0.3,-12.438937,9.245132,4.309724
-11.16,-9.27,-0.95,-2.32,-3.02,1.73,-10.608218,9.23993,3.6702068
-11.16,-9.27,-0.95,-2.32,-3.02,1.73,-10.608218,9.23993,3.6702068
-8.7,-10.02,-0.06,0.57,-3.18,2.69,-8.562234,8.584161,5.3939195
-8.7,-10.02,-0.06,0.57,-3.18,2.69,-8.569888,8.569115,5.4056644
-5.87,-9.15,0.26,0.57,-3.18,2.69,-6.1822777,6.8030677,5.809016
-5.87,-9.15,0.26,3.55,-1.73,2.97,-6.1696153,6.8122168,5.8117595
-3.93,-8.42,-0.46,3.55,-1.73,2.97,6.3948293,-3.1314416,5.98775
-3.93,-8.42,-0.46,5.27,-0.48,2.12,-5.1243095,4.9124856,6.013471
-3.93,-8.42,-0.46,5.27,-0.48,2.12,-5.1243095,4.9124856,6.013471
-3.93,-8.42,-0.46,5.27,-0.48,2.12,-5.1243095,4.9124856,6.013471
-6.81,-9.23,-0.59,1.72,-0.4,1.58,-7.117422,7.094853,5.560797
-6.81,-9.23,-0.59,1.72,-0.4,1.58,-7.1148257,7.1138954,5.5397515
-6.91,-7.74,-0.48,1.72,-0.4,1.58,-6.6928587,6.777794,4.1416492
-6.91,-7.74,-0.48,1.4,1.28,1.38,-6.6921134,6.81751,4.0771656
-6.96,-6.53,-0.76,1.4,1.28,1.38,8.236813,-3.8652296,2.9791007
-6.96,-6.53,-0.76,0.93,2.39,0.75,-6.607893,6.3013997,2.878925
-6.03,-5.63,-1.0,0.93,2.39,0.75,-5.9683685,5.2182684,2.4911942
-6.03,-5.63,-1.0,1.3,2.94,0.26,-5.962415,5.2751603,2.3832958
-6.03,-5.63,-1.0,1.3,2.94,0.26,-5.962415,5.2751603,2.3832958
-5.44,-3.93,-0.7,1.2,4.07,0.41,-4.944727,4.4735093,1.0324264
-5.44,-3.93,-0.7,1.2,4.07,0.41,-4.944727,4.4735093,1.0324264
-5.78,-2.57,-1.09,0.21,4.74,-0.07,-5.103578,3.8770757,-0.35097665
-5.78,-2.57,-1.09,0.21,4.74,-0.07,-5.103578,3.8770757,-0.35097665
-6.05,-2.2,-1.61,-0.49,4.37,-0.58,-5.5561037,3.538888,-0.80036545
-6.05,-2.2,-1.61,-0.49,4.37,-0.58,-5.5561037,3.538888,-0.80036545
-6.2,-2.59,-1.79,-0.77,3.25,-0.66,-5.8703103,3.6826591,-0.5741684
-6.2,-2.59,-1.79,-0.77,3.25,-0.66,-5.8703103,3.6826591,-0.5741684
-5.2,-3.16,-2.04,0.34,2.13,-0.83,-5.5684886,3.16741,0.3829456
-5.2,-3.16,-2.04,0.34,2.13,-0.83,-5.5684886,3.16741,0.3829456
-4.85,-3.65,-2.56,0.76,1.12,-1.27,-5.858757,2.8490186,0.9780898
-4.85,-3.65,-2.56,0.76,1.12,-1.27,-5.858757,2.8490186,0.9780898
-5.23,-4.85,-2.42,0.3,-0.54,-1.05,-6.3022175,3.7405477,1.7384332
-5.23,-4.85,-2.42,0.3,-0.54,-1.05,-6.3022175,3.7405477,1.7384332
-5.52,-5.65,-2.72,-0.13,-1.66,-1.26,-6.9160643,4.1322737,2.2099001
-5.52,-5.65,-2.72,-0.13,-1.66,-1.26,-6.9160643,4.1322737,2.2099001
-6.32,-5.76,-3.14,-1.02,-1.91,-1.58,-7.727151,4.473565,1.8049889
-6.32,-5.76,-3.14,-1.02,-1.91,-1.58,-7.727151,4.473565,1.8049889
-7.34,-5.87,-3.12,-2.01,-2.03,-1.46,-8.341818,5.1591034,1.3655057
-7.34,-5.87,-3.12,-2.01,-2.03,-1.46,-8.307415,5.250082,1.2208294
-8.68,-6.24,-3.49,-3.1,-2.26,-1.7,-9.479403,5.9912195,0.84043443
-8.68,-6.24,-3.49,-3.1,-2.26,-1.7,-9.429773,6.0868673,0.6996774
-9.22,-6.89,-4.02,-3.1,-2.26,-1.7,12.038156,-1.6658909,0.9739369
-9.22,-6.89,-4.02,-3.28,-2.56,-1.99,-10.335106,6.408964,0.86701614
-10.12,-7.83,-4.35,-3.28,-2.56,-1.99,13.376498,-1.5279887,1.1748607
-10.12,-7.83,-4.35,-3.74,-2.97,-2.04,-11.384892,7.200408,1.0881889
-11.12,-9.03,-3.75,-3.74,-2.97,-2.04,-11.899997,8.676148,1.5402266
-11.12,-9.03,-3.75,-4.27,-3.56,-1.19,-11.865879,8.736996,1.4572879
-12.82,-10.38,-0.92,-4.27,-3.56,-1.19,-11.095849,12.129858,1.640704
-12.82,-10.38,-0.92,-5.28,-4.23,1.64,-11.033696,12.202898,1.5133042
-10.49,-12.37,-0.02,-5.28,-4.23,1.64,14.570457,-5.552046,4.46475
-10.49,-12.37,-0.02,-2.26,-5.41,2.37,-9.883769,12.088973,4.3846564
-7.27,-9.12,-6.01,-2.26,-5.41,2.37,-11.707705,4.8405676,3.4126172
-7.27,-9.12,-6.01,1.22,-1.7,-3.49,-11.750646,4.816421,3.2972498
-7.92,-7.86,-3.15,1.22,-1.7,-3.49,-9.393787,6.506218,1.96327
-7.92,-7.86,-3.15,0.81,-0.13,-0.44,-9.347726,6.607807,1.8399466
-8.06,-8.21,-0.49,0.81,-0.13,-0.44,-7.465718,8.499593,2.1512244
-8.06,-8.21,-0.49,0.91,-0.23,1.96,-7.369596,8.582702,2.1526983
-8.06,-8.21,-0.49,0.91,-0.23,1.96,-7.369596,8.582702,2.1526983
-7.93,-7.96,0.24,0.91,-0.23,1.96,-6.6340384,8.833982,2.062621
-7.93,-7.96,0.24,1.23,0.27,2.33,-6.532112,8.901131,2.0989234
-8.27,-8.6,1.75,0.95,-0.1,3.34,-5.613928,10.348607,2.608747
-8.27,-8.6,1.75,0.95,-0.1,3.34,-5.613928,10.348607,2.608747
-7.65,-7.84,2.61,1.49,0.82,3.57,-4.233205,10.141037,2.4575474
-7.65,-7.84,2.61,1.49,0.82,3.57,-4.233205,10.141037,2.4575474
-6.78,-6.77,1.31,2.06,1.83,1.71,-4.439641,8.384821,1.8712944
-6.78,-6.77,1.31,2.06,1.83,1.71,-4.439641,8.384821,1.8712944
-5.73,-6.6,-0.01,2.64,1.8,0.05,-5.0017304,6.851868,2.1041808
-5.73,-6.6,-0.01,2.64,1.8,0.05,-5.0017304,6.851868,2.1041808
-4.46,-5.74,-1.92,3.12,2.27,-1.71,-5.7094717,4.5240393,1.8602678
-3.97,-5.19,-2.76,3.12,2.27,-1.71,-5.975239,3.4695191,1.6042287
-3.97,-5.19,-2.76,2.83,2.2,-2.2,-5.9894176,3.4546752,1.5832579
-4.52,-4.17,-2.92,2.83,2.2,-2.2,-5.935163,3.3075342,0.42398822
-4.52,-4.17,-2.92,1.9,2.8,-2.36,-5.949024,3.2879825,0.3794551
-4.46,-3.66,-2.89,1.9,2.8,-2.36,-5.691818,3.0401354,0.0092974305
-4.46,-3.66,-2.89,1.61,2.83,-2.38,-5.7015467,3.0217996,-0.019801646
-4.05,-3.88,-2.08,1.61,2.83,-2.38,-4.9630027,3.305201,0.4770248
-4.05,-3.88,-2.08,1.61,2.17,-1.31,-4.9650135,3.305503,0.45343107
-4.12,-4.04,-0.23,1.61,2.17,-1.31,-3.5580628,4.4951773,0.69460076
-4.12,-4.04,-0.23,1.12,1.58,0.77,-3.5518959,4.5069427,0.64838046
-5.02,-4.11,0.43,1.12,1.58,0.77,-3.4249449,5.5233393,0.1996911
-5.02,-4.11,0.43,-0.17,1.05,1.67,-3.4043968,5.5382795,0.12225438
-6.59,-3.05,0.15,-0.17,1.05,1.67,-3.8796768,5.900985,-1.6969359
-6.59,-3.05,0.15,-2.01,1.6,1.66,-3.8600066,5.8822184,-1.8035967
-6.59,-3.05,0.15,-2.01,1.6,1.66,-3.8600066,5.8822184,-1.8035967
-7.65,-2.59,-0.77,-3.11,1.57,0.99,-4.849328,5.772815,-2.9970198
-7.65,-2.59,-0.77,-3.11,1.57,0.99,-4.849328,5.772815,-2.9970198
-7.82,-3.91,-1.2,-3.19,-0.14,0.72,-5.742082,6.3074756,-2.2637894
-7.82,-3.91,-1.2,-3.19,-0.14,0.72,-5.742082,6.3074756,-2.2637894
-8.19,-5.16,-1.93,-3.3,-1.57,-0.01,-6.980006,6.7962255,-1.5866456
-8.19,-5.16,-1.93,-3.3,-1.57,-0.01,-6.9414144,6.7923007,-1.7629527
-8.19,-5.16,-1.93,-3.3,-1.57,-0.01,-6.9414144,6.7923007,-1.7629527
-8.19,-5.16,-1.93,-3.3,-1.57,-0.01,-6.9414144,6.7923007,-1.7629527
-8.32,-6.4,0.0,-2.69,-2.77,-0.21,-5.780671,8.661649,-1.3198843
-8.45,-7.1,-0.41,-2.47,-3.23,0.88,-6.3797135,8.940413,-1.1614043
-8.45,-7.1,-0.41,-2.47,-3.23,0.88,-6.3797135,8.940413,-1.1614043
-12.09,-9.1,-6.18,-5.46,-4.87,-4.88,-13.295629,9.05376,-2.9027913
-12.09,-9.1,-6.18,-5.46,-4.87,-4.88,-13.295629,9.05376,-2.9027913
-11.98,-11.4,-5.6,-4.53,-6.54,-3.84,-13.741514,10.665691,-1.50141
-11.98,-11.4,-5.6,-4.53,-6.54,-3.84,-13.741514,10.665691,-1.50141
-11.72,-11.66,1.92,-3.47,-5.99,3.7,-7.3020825,14.913733,-1.1227881
-11.72,-11.66,1.92,-3.47,-5.99,3.7,-7.3020825,14.913733,-1.1227881
-9.96,-12.09,2.13,-1.13,-5.53,3.62,-6.5072393,14.401885,0.38481665
-9.96,-12.09,2.13,-1.13,-5.53,3.62,-6.5072393,14.401885,0.38481665
-6.15,-8.65,1.12,2.78,-1.34,2.45,-4.610555,9.579066,0.9400428
-6.15,-8.65,1.12,2.78,-1.34,2.45,-4.610555,9.579066,0.9400428
-4.69,-8.99,-0.54,4.08,-1.05,0.78,-5.6342454,8.158764,2.1903539
-4.69,-8.99,-0.54,4.08,-1.05,0.78,-5.6342454,8.158764,2.1903539
-4.7,-9.16,-1.96,4.08,-1.05,0.78,-6.919566,7.536715,2.270405
-4.7,-9.16,-1.96,3.8,-0.7,-0.48,-6.8552265,7.5922923,2.2803886
-5.37,-9.28,-1.18,3.8,-0.7,-0.48,-6.4566526,8.441723,1.8430014
-5.37,-9.28,-1.18,2.89,-0.37,0.31,-6.387374,8.4936905,1.8456347
-6.08,-9.68,0.33,2.89,-0.37,0.31,-5.479551,9.918108,1.5438156
-6.08,-9.68,0.33,1.99,-0.4,1.54,-5.398572,9.968281,1.5054755
-6.4,-8.55,1.39,1.99,-0.4,1.54,-4.148,9.924707,0.5374508
-6.4,-8.55,1.39,1.47,0.96,2.25,-4.0541096,9.966734,0.47223732
-6.4,-8.55,1.39,1.47,0.96,2.25,-4.0541096,9.966734,0.47223732
-6.14,-6.38,1.0,1.2,2.97,1.37,-3.4206982,8.187222,-0.8199008
-6.14,-6.38,1.0,1.2,2.97,1.37,-3.4206982,8.187222,-0.8199008
-5.97,-6.19,-0.74,0.74,2.7,-0.87,-4.805437,7.1076946,-0.9450107
-5.97,-6.19,-0.74,0.74,2.7,-0.87,-4.805437,7.1076946,-0.9450107
-5.74,-5.45,-2.87,0.33,2.8,-2.63,-6.3237023,5.4110746,-1.2720225
-5.74,-5.45,-2.87,0.33,2.8,-2.63,-6.3237023,5.4110746,-1.2720225
-5.48,-4.43,-2.23,0.05,3.1,-1.47,-5.294527,4.8567367,-1.7344415
-5.48,-4.43,-2.23,0.05,3.1,-1.47,-5.294527,4.8567367,-1.7344415
-5.13,-4.13,-0.77,0.19,2.87,0.17,-3.754194,5.1884294,-1.718411
-5.13,-4.13,-0.77,0.19,2.87,0.17,-3.754194,5.1884294,-1.718411
-5.56,-3.69,-0.57,-0.21,2.85,0.34,-3.4964411,5.20282,-2.358004
-5.56,-3.69,-0.57,-0.21,2.85,0.34,-3.4964411,5.20282,-2.358004
-5.0,-3.78,-1.04,0.43,2.25,-0.29,-3.7676544,4.763336,-1.8669242
-5.0,-3.78,-1.04,0.43,2.25,-0.29,-3.7676544,4.763336,-1.8669242
-5.2,-4.06,-1.36,0.25,1.47,-0.71,-4.1851997,4.9191403,-1.9129437
-5.2,-4.06,-1.36,0.25,1.47,-0.71,-4.1851997,4.9191403,-1.9129437
-5.06,-4.58,-2.13,0.33,0.46,-1.39,-5.001393,4.8661156,-1.556885
-5.06,-4.58,-2.13,0.33,0.46,-1.39,-5.001393,4.8661156,-1.556885
-5.48,-5.12,-2.88,-0.17,-0.48,-1.89,-5.9937983,5.104755,-1.598453
-5.48,-5.12,-2.88,-0.17,-0.48,-1.89,-5.949441,5.1342254,-1.668262
-6.0,-6.14,-2.54,-0.17,-0.48,-1.89,8.77746,0.9009645,-1.5151494
-6.0,-6.14,-2.54,-0.7,-1.61,-1.25,-6.1363673,6.3194075,-1.6003916
-6.82,-6.43,-2.31,-0.7,-1.61,-1.25,-6.2460146,7.051228,-2.1120715
-6.82,-6.43,-2.31,-1.48,-1.9,-0.83,-6.188483,7.0783424,-2.1893263
-7.88,-7.78,-2.44,-1.48,-1.9,-0.83,-7.0874367,8.539789,-2.3273687
-7.88,-7.78,-2.44,-2.34,-3.08,-1.0,-7.0458307,8.555306,-2.3956985
-7.88,-7.78,-2.44,-2.34,-3.08,-1.0,-7.0458307,8.555306,-2.3956985
-8.37,-8.55,-2.97,-2.57,-3.5,-1.53,-7.902193,9.133498,-2.4728303
-8.37,-8.55,-2.97,-2.57,-3.5,-1.53,-7.902193,9.133498,-2.4728303
-10.67,-8.89,-3.35,-4.35,-3.37,-1.72,-8.846533,10.369377,-4.279997
-10.67,-8.89,-3.35,-4.35,-3.37,-1.72,-8.846533,10.369377,-4.279997
-12.33,-9.69,-0.62,-5.39,-3.62,1.09,-7.051794,13.05947,-5.1021423
-12.33,-9.69,-0.62,-5.39,-3.62,1.09,-7.051794,13.05947,-5.1021423
-10.73,-10.55,0.6,-3.23,-3.82,2.17,-6.0291686,13.416372,-3.2319462
-10.73,-10.55,0.6,-3.23,-3.82,2.17,-6.0291686,13.416372,-3.2319462
-9.67,-10.65,-1.13,-1.66,-3.24,0.39,-7.4074755,12.125571,-2.511589
-9.67,-10.65,-1.13,-1.66,-3.24,0.39,-7.4074755,12.125571,-2.511589
-7.01,-9.15,-1.49,1.24,-1.19,0.06,-6.5821085,9.507995,-1.1647347
-7.01,-9.15,-1.49,1.24,-1.19,0.06,-6.5821085,9.507995,-1.1647347
-7.33,-7.14,-1.07,1.12,1.14,0.33,-5.328176,8.434825,-2.5134935
-7.33,-7.14,-1.07,1.12,1.14,0.33,-5.328176,8.434825,-2.5134935
-6.65,-7.23,1.12,1.92,1.17,2.15,-3.261929,9.187551,-1.6427201
-6.65,-7.23,1.12,1.92,1.17,2.15,-3.261929,9.187551,-1.6427201
-6.93,-8.52,1.8,1.69,0.04,2.38,-3.2029624,10.601151,-1.1008584
-6.93,-8.52,1.8,1.69,0.04,2.38,-3.2029624,10.601151,-1.1008584
-7.02,-8.69,1.54,1.52,-0.04,1.62,-3.3848393,10.691358,-1.1856803
-7.02,-8.69,1.54,1.52,-0.04,1.62,-3.3848393,10.691358,-1.1856803
-7.6,-7.89,1.4,0.84,0.68,0.94,-3.0168056,10.395116,-2.193758
-7.6,-7.89,1.4,0.84,0.68,0.94,-3.0168056,10.395116,-2.193758
-7.6,-6.54,1.09,0.57,1.75,0.07,-2.4742227,9.29792,-3.0243359
-7.6,-6.54,1.09,0.57,1.75,0.07,-2.4742227,9.29792,-3.0243359
-6.77,-6.04,0.29,0.96,1.88,-1.04,-2.7604115,8.170633,-2.8318672
-6.77,-6.04,0.29,0.96,1.88,-1.04,-2.7604115,8.170633,-2.8318672
-6.77,-6.04,0.29,0.96,1.88,-1.04,-2.7604115,8.170633,-2.8318672
-5.04,-5.23,-0.67,2.16,2.17,-1.79,-3.1480677,6.2481465,-2.062459
-3.77,-5.22,-2.13,2.16,2.17,-1.79,6.571977,1.0237647,-1.3263571
-3.77,-5.22,-2.13,2.79,1.63,-2.86,-4.4172583,4.959081,-1.3760593
-3.68,-5.11,-2.68,2.79,1.63,-2.86,6.4701653,1.6774557,-1.4696976
-3.68,-5.11,-2.68,2.43,1.26,-3.07,-4.8522625,4.584416,-1.5085015
-3.64,-4.73,-1.4,2.43,1.26,-3.07,-3.5289006,4.820283,-1.376312
-3.64,-4.73,-1.4,2.09,1.31,-1.6,-3.5147715,4.8093534,-1.4487951
-3.64,-4.73,-1.4,2.09,1.31,-1.6,-3.5147715,4.8093534,-1.4487951
-4.04,-4.5,-0.09,1.41,1.29,-0.19,-2.1975515,5.371482,-1.7022477
-4.04,-4.5,-0.09,1.41,1.29,-0.19,-2.1975515,5.371482,-1.7022477
-4.52,-4.31,0.19,0.68,1.11,0.21,-1.7886175,5.5602064,-2.2198086
-4.52,-4.31,0.19,0.68,1.11,0.21,-1.7886175,5.5602064,-2.2198086
-5.5,-4.19,0.15,-0.49,0.77,0.39,-1.6979463,5.872256,-3.2345297
-5.5,-4.19,0.15,-0.49,0.77,0.39,-1.6979463,5.872256,-3.2345297
-6.39,-4.68,-0.12,-1.53,-0.09,0.37,-2.0996823,6.5047917,-4.0034866
-6.39,-4.68,-0.12,-1.53,-0.09,0.37,-2.0996823,6.5047917,-4.0034866
-7.41,-6.2,-0.63,-2.64,-1.77,0.1,-3.139896,7.928928,-4.5845532
-7.41,-6.2,-0.63,-2.64,-1.77,0.1,-3.139896,7.928928,-4.5845532
-7.1,-6.09,-1.36,-2.32,-1.68,-0.46,-3.647399,7.40223,-4.6099
-7.1,-6.09,-1.36,-2.32,-1.68,-0.46,-3.647399,7.40223,-4.6099
-8.87,-6.5,-2.82,-3.81,-2.04,-1.77,-4.9451146,7.8709607,-6.5171404
-8.87,-6.5,-2.82,-3.81,-2.04,-1.77,-4.9451146,7.8709607,-6.5171404
-9.27,-7.96,-2.34,-3.7,-3.28,-1.25,-4.965987,9.432517,-6.413793
-9.27,-7.96,-2.34,-3.7,-3.28,-1.25,-4.965987,9.432517,-6.413793
-9.33,-9.51,-1.91,-3.17,-4.39,-0.93,-5.0920544,10.944895,-5.951249
-9.33,-9.51,-1.91,-3.17,-4.39,-0.93,-5.0920544,10.944895,-5.951249
-9.25,-10.58,-2.19,-2.5,-4.89,-1.22,-5.701659,11.739071,-5.65511
-9.25,-10.58,-2.19,-2.5,-4.89,-1.22,-5.701659,11.739071,-5.65511
-10.01,-11.56,-1.91,-2.65,-5.13,-0.78,-5.7324123,12.974635,-6.023297
-10.01,-11.56,-1.91,-2.65,-5.13,-0.78,-5.7324123,12.974635,-6.023297
-9.43,-12.0,0.08,-1.5,-4.76,1.32,-4.1077237,13.85395,-4.9118195
-9.43,-12.0,0.08,-1.5,-4.76,1.32,-4.1077237,13.85395,-4.9118195
-7.58,-10.74,1.65,0.72,-2.73,2.81,-2.218399,12.64381,-3.2770793
-7.58,-10.74,1.65,0.72,-2.73,2.81,-2.218399,12.64381,-3.2770793
-6.34,-9.51,0.98,2.08,-0.88,1.97,-2.3264415,10.906384,-2.6897218
-6.34,-9.51,0.98,2.08,-0.88,1.97,-2.3264415,10.906384,-2.6897218
-4.26,-9.86,0.22,4.05,-0.74,1.08,-3.3067896,10.188271,-0.82456744
-4.26,-9.86,0.22,4.05,-0.74,1.08,-3.3067896,10.188271,-0.82456744
-3.64,-9.5,-0.33,4.38,0.05,0.37,-3.713968,9.466441,-0.44882947
-3.64,-9.5,-0.33,4.38,0.05,0.37,-3.713968,9.466441,-0.44882947
-4.35,-9.8,-0.97,4.38,0.05,0.37,-4.460688,9.728532,-1.1667573
-4.35,-9.8,-0.97,3.53,1.54,1.84,-5.690248,9.115252,0.660788
-5.7,-9.39,-0.32,3.53,1.54,1.84,-5.21195,9.648049,-0.7177829
-5.7,-9.39,-0.32,1.75,2.03,2.03,-5.15047,9.677781,-0.76005435
-5.7,-9.39,-0.32,1.75,2.03,2.03,-5.15047,9.677781,-0.76005435
-5.98,-7.97,0.0,1.07,3.2,1.96,-4.2870445,8.823944,-1.7437179
-5.98,-7.97,0.0,1.07,3.2,1.96,-4.2870445,8.823944,-1.7437179
-5.81,-6.96,-0.84,0.82,3.73,0.83,-4.581994,7.564036,-2.1665554
-5.81,-6.96,-0.84,0.82,3.73,0.83,-4.581994,7.564036,-2.1665554
-5.68,-6.16,-1.33,0.49,3.86,0.21,-4.7110453,6.612016,-2.4625604
-5.68,-6.16,-1.33,0.49,3.86,0.21,-4.7110453,6.612016,-2.4625604
-5.06,-5.61,-1.27,0.63,3.64,0.24,-4.3527536,5.916929,-2.1753404
-5.06,-5.61,-1.27,0.63,3.64,0.24,-4.3527536,5.916929,-2.1753404
-5.54,-3.69,-1.23,-0.18,4.69,0.29,-3.6878815,4.5075855,-3.4499002
-5.54,-3.69,-1.23,-0.18,4.69,0.29,-3.6878815,4.5075855,-3.4499002
-4.99,-3.59,-1.48,-0.18,4.69,0.29,5.5738654,-0.019492745,-2.9850042
-4.99,-3.59,-1.48,0.16,4.01,0.03,-3.754898,4.100934,-3.01026
-4.99,-3.59,-1.48,0.16,4.01,0.03,-3.754898,4.100934,-3.01026
-4.82,-3.92,-0.7,0.24,2.98,0.62,-3.119564,4.660694,-2.7631626
-4.94,-3.83,-0.84,0.24,2.98,0.62,-3.2331858,4.568714,-2.9071414
-4.94,-3.83,-0.84,0.2,2.35,0.17,-3.1856136,4.5780544,-2.9447224
-4.19,-4.26,-1.92,0.2,2.35,0.17,-4.1913595,4.18223,-2.0812416
-4.19,-4.26,-1.92,0.97,1.31,-1.1,-4.167153,4.183646,-2.1265118
-4.19,-4.26,-1.92,0.97,1.31,-1.1,-4.167153,4.183646,-2.1265118
-4.38,-4.82,-2.02,0.71,0.26,-1.22,-4.4872975,4.6705456,-2.1324563
-4.38,-4.82,-2.02,0.71,0.26,-1.22,-4.4872975,4.6705456,-2.1324563
-4.09,-5.77,-2.86,0.85,-0.99,-1.96,-5.571936,4.9654617,-1.580605
-4.09,-5.77,-2.86,0.85,-0.99,-1.96,-5.571936,4.9654617,-1.580605
-5.3,-6.85,-3.46,-0.46,-2.19,-2.37,-6.706808,6.0288167,-2.3782725
-5.3,-6.85,-3.46,-0.46,-2.19,-2.37,-6.706808,6.0288167,-2.3782725
-8.42,-7.19,-2.52,-3.47,-2.51,-1.3,-6.3166447,7.892317,-5.172452
-8.42,-7.19,-2.52,-3.47,-2.51,-1.3,-6.3166447,7.892317,-5.172452
-9.36,-8.89,-1.98,-4.06,-4.01,-0.72,-6.5557766,9.88655,-5.4626
-9.36,-8.89,-1.98,-4.06,-4.01,-0.72,-6.5557766,9.88655,-5.4626
-9.52,-9.15,-3.86,-3.82,-3.76,-2.42,-8.32518,9.343011,-5.7141986
-9.52,-9.15,-3.86,-3.82,-3.76,-2.42,-8.32518,9.343011,-5.7141986
-9.72,-10.21,-3.19,-3.56,-4.18,-1.54,-8.168663,10.588472,-5.4823194
-9.72,-10.21,-3.19,-3.56,-4.18,-1.54,-8.168663,10.588472,-5.4823194
-10.73,-10.55,0.21,-4.06,-3.81,1.86,-5.2870264,12.764287,-5.9665546
-10.73,-10.55,0.21,-4.06,-3.81,1.86,-5.2870264,12.764287,-5.9665546
-7.47,-12.87,-0.35,-0.38,-5.38,1.27,-6.5529494,13.168836,-2.2805402
-7.47,-12.87,-0.35,-0.38,-5.38,1.27,-6.5529494,13.168836,-2.2805402
-6.77,-10.8,-0.21,0.56,-2.56,1.32,-5.3937426,11.283848,-2.4696753
-6.77,-10.8,-0.21,0.56,-2.56,1.32,-5.3937426,11.283848,-2.4696753
-6.69,-8.07,0.46,0.9,0.64,1.77,-3.4776025,9.324761,-3.323805
-6.69,-8.07,0.46,0.9,0.64,1.77,-3.4776025,9.324761,-3.323805
-6.36,-8.02,2.1,0.9,0.64,1.77,9.323155,-3.8048654,-2.7895827
-6.36,-8.02,2.1,1.47,0.94,2.98,-1.9208297,9.886111,-2.7848186
-6.63,-8.69,2.56,1.64,1.33,3.51,-2.9206493,10.667006,-1.9264914
-6.63,-8.69,2.56,1.64,1.33,3.51,-2.9206493,10.667006,-1.9264914
-6.64,-8.79,1.41,1.57,1.28,1.81,-3.9114022,10.1838255,-2.0814495
-6.64,-8.79,1.41,1.57,1.28,1.81,-3.9114022,10.1838255,-2.0814495
-6.51,-7.99,1.38,1.57,1.28,1.81,9.310067,-4.016361,-2.3056586
-6.51,-7.99,1.38,1.41,1.99,1.38,-3.4548306,9.510619,-2.3951764
-6.0,-7.39,0.87,1.41,1.99,1.38,8.828942,-2.8899286,-2.2510192
-6.0,-7.39,0.87,1.57,2.31,0.41,-3.4678688,8.593655,-2.3435042
-6.0,-7.39,0.87,1.57,2.31,0.41,-3.4678688,8.593655,-2.3435042
-5.45,-6.95,-1.03,1.69,2.39,-1.82,-4.7833214,7.108836,-2.377009
-5.45,-6.95,-1.03,1.69,2.39,-1.82,-4.7833214,7.108836,-2.377009
-4.79,-6.8,-1.37,1.84,2.03,-2.11,-4.914293,6.5659447,-1.9491333
-4.79,-6.8,-1.37,1.84,2.03,-2.11,-4.914293,6.5659447,-1.9491333
-3.85,-5.93,-1.24,2.24,2.26,-1.82,-4.2629185,5.584972,-1.4699033
-3.85,-5.93,-1.24,2.24,2.26,-1.82,-4.2629185,5.584972,-1.4699033
-4.02,-5.14,-0.73,1.72,2.33,-1.27,-3.3974166,5.286129,-1.9045461
-4.02,-5.14,-0.73,1.72,2.33,-1.27,-3.3974166,5.286129,-1.9045461
-3.78,-4.48,-0.32,1.65,2.43,-0.81,-2.666315,4.8670416,-1.9141228
-3.78,-4.48,-0.32,1.65,2.43,-0.81,-2.666315,4.8670416,-1.9141228
-4.1,-4.67,-0.08,1.03,1.8,-0.43,-2.5308757,5.24941,-2.1595533
-4.1,-4.67,-0.08,1.03,1.8,-0.43,-2.5308757,5.24941,-2.1595533
-4.12,-4.91,0.35,0.74,1.15,0.27,-2.2531023,5.6337276,-2.0951467
-4.12,-4.91,0.35,0.74,1.15,0.27,-2.2531023,5.6337276,-2.0951467
-4.7,-4.81,0.25,-0.07,0.84,0.47,-2.308893,5.687014,-2.7596202
-4.7,-4.81,0.25,-0.07,0.84,0.47,-2.308893,5.687014,-2.7596202
-5.9,-4.91,-0.18,-1.42,0.36,0.26,-2.7669065,5.937892,-4.004519
-5.9,-4.91,-0.18,-1.42,0.36,0.26,-2.7669065,5.937892,-4.004519
-6.6,-5.17,-0.77,-1.42,0.36,0.26,7.01648,-0.09927642,-4.6519847
-6.6,-5.17,-0.77,-2.14,-0.18,-0.07,-3.4254942,6.0534406,-4.7438006
-6.86,-6.14,-1.4,-2.17,-0.82,0.63,-4.11895,6.8610973,-4.762224
-6.86,-6.14,-1.4,-2.17,-0.82,0.63,-5.1852207,6.450257,-4.2692947
-7.32,-6.3,-1.53,-2.17,-0.82,0.63,8.574883,0.7321982,-4.642044
-7.32,-6.3,-1.53,-2.37,-1.07,1.15,-5.7946963,6.448212,-4.5227594
-7.32,-6.3,-1.53,-2.37,-1.07,1.15,-5.7946963,6.448212,-4.5227594
-8.61,-7.36,-1.39,-3.26,-2.12,1.07,-6.3943033,7.703363,-5.47767
-9.1,-8.19,-1.26,-3.26,-2.12,1.07,-6.743719,8.588863,-5.6769166
-9.1,-8.19,-1.26,-3.26,-2.75,0.99,-6.7004657,8.562958,-5.766564
