-0.7879615,5.5229154,6.0426345,-0.02103375,0.067506075,-0.13318348,0.070100814,-0.021807453,9.67494
-1.6932789,6.5336137,5.4462748,0.029261662,0.08666623,-0.19305897,-0.08594335,0.041839752,9.615595
-1.3555812,6.8832865,4.655918,0.07986382,0.14225116,-0.11882591,-0.13236177,0.09932403,9.691116
-0.6442603,7.053333,4.2032595,-0.036831632,0.094120815,-0.15235138,-0.10162925,-0.02240398,9.656332
-0.26584718,7.510782,3.786526,-0.0025207642,0.09439081,-0.068532944,-0.095208555,0.01147768,9.740194
0.038320314,7.678433,4.1050634,-0.031498596,0.11588366,-0.21702194,-0.123825826,-0.013475864,9.592162
0.4406836,7.6449027,5.142107,0.013962856,0.13312711,-0.12362671,-0.1323807,0.033414893,9.685986
0.9316626,7.7622585,6.3156667,0.076372325,0.07572615,-0.22661495,-0.068824254,0.087526985,9.581875
1.1567944,8.138277,7.335945,-0.016567314,0.14487009,-0.20026398,-0.14998545,0.005706335,9.609573
1.1064991,8.813672,8.008945,-0.013928869,0.1523049,-0.0829134,-0.15443671,0.0089434255,9.72706
0.93405765,9.436378,8.947793,0.06964645,0.08059068,-0.20027256,-0.073863596,0.08158874,9.608302
1.0298585,10.186019,10.413546,0.058372475,0.21000935,-0.20506573,-0.20334645,0.089870974,9.606309
0.47181886,11.795472,10.815908,0.096937366,0.08070566,-0.16674614,-0.06884386,0.108714215,9.641858
-0.95561284,11.151212,9.378897,0.04688734,0.085608765,-0.14758873,-0.080706246,0.05994029,9.6610365
-1.9734962,8.47837,10.138118,-0.0075924955,0.07813734,-0.28410053,-0.084420085,0.005871241,9.524311
-1.4082716,5.6426663,11.170372,0.06419898,0.06612335,-0.25296307,-0.060868658,0.07480894,9.555289
-0.086220704,4.2152348,9.77168,0.04282676,0.06894985,-0.14519787,-0.06462503,0.053611025,9.6630535
0.8167017,4.0667434,7.3096,0.040628683,0.17938583,0.015262604,-0.17060766,0.06772316,9.825872
1.331631,5.3025737,5.3049684,0.053239767,0.07251167,-0.23383904,-0.068272576,0.06499291,9.574514
1.1208692,6.5288234,3.9326222,0.06338747,0.15623988,-0.05181694,-0.14528129,0.087585516,9.758318
0.20118165,7.0341725,4.533772,-0.008366812,0.15387866,-0.17875385,-0.15700369,0.017047055,9.631263
-0.028740235,6.382727,5.934859,0.061357718,0.06537111,-0.11169624,-0.057054594,0.07156021,9.696478
0.16046631,5.949229,6.552774,-0.03157365,0.022427455,-0.20510578,-0.031581584,-0.026547821,9.602038
0.57719976,5.6354814,6.253396,-5.9260055E-6,0.061040282,-0.1787672,-0.063981816,0.010823184,9.629244
0.5724097,6.0091043,4.790039,0.062469296,0.12569277,-0.118891716,-0.11618155,0.08285878,9.690578
0.48618898,6.0330544,4.129014,0.11041146,0.11405556,-0.26020527,-0.09982682,0.12887375,9.5491
0.7376661,5.992339,4.258345,0.13621627,0.11870718,-0.08775997,-0.09687759,0.154068,9.721645
1.1975098,6.1312504,4.3637257,0.050218266,0.14072207,-0.19794178,-0.13483654,0.07332884,9.611849
1.9016455,6.353987,4.634363,-0.055362035,0.08363272,-0.11172962,-0.093785584,-0.040656142,9.696677
2.6225464,6.368357,5.3241286,0.09074418,0.16555607,-0.19077587,-0.15283062,0.116995916,9.619585
2.5938063,6.9886675,6.449788,0.0088753905,0.14849097,-0.26740837,-0.15078102,0.033598162,9.542507
1.7579445,7.6520877,6.9790874,-0.043709546,0.09493831,-0.11171436,-0.103064515,-0.027358582,9.696955
0.6682105,8.583751,7.34313,0.069039874,0.12182003,-0.11172676,-0.111455254,0.08825019,9.6976595
0.43589357,9.3309965,7.3718705,0.05515512,0.12698981,-0.06383419,-0.117650315,0.07535111,9.7456255
0.9963282,9.817185,7.838899,0.050431952,0.16555917,-0.116529465,-0.15757012,0.0772021,9.693763
2.1650977,9.826766,8.909473,0.0011154432,0.10601713,-0.15006828,-0.107470214,0.019448273,9.65889
2.4788454,11.009905,8.56938,0.049188178,0.14205267,-0.030319214,-0.13243107,0.07238067,9.779434
0.4742139,11.199112,6.8928666,0.047610167,0.14020328,-0.21714401,-0.13455611,0.07177554,9.5926
-1.4705421,10.166859,8.57896,-0.014844684,0.07081205,-0.12134457,-0.07482023,-0.0020793,9.6868305
-0.44547364,7.8676395,10.791959,-0.029399475,0.16751939,-0.20758438,-0.17435521,-3.3569442E-5,9.602645
1.2717555,6.2725563,9.223221,-0.024523642,0.083502114,-0.21237087,-0.0908347,-0.009179858,9.596079
2.5051906,5.724097,6.382727,0.083208084,0.15814054,-0.19561386,-0.14602998,0.109363414,9.614527
3.2021413,6.0043144,5.132527,0.011945792,0.14369518,-0.2698574,-0.14514191,0.037446037,9.539919
3.3506324,5.7145166,5.149292,0.026586942,0.17019723,-0.14053059,-0.1660116,0.05596737,9.669791
3.0057497,4.3445654,5.9252787,0.043296073,0.14679678,-0.2123928,-0.14165261,0.06860414,9.597456
2.5985963,3.6931202,6.615044,0.05312694,0.11379178,-0.114209175,-0.1053937,0.0722719,9.694921
1.8274,3.2548318,8.490345,0.067446575,0.0806181,-0.11900616,-0.07041951,0.08069802,9.689434
0.6945557,4.239185,8.344249,0.02748377,0.16741474,-0.0926733,-0.16202445,0.056383476,9.717543
-0.19639161,5.374424,6.564749,0.027603235,0.10570671,-0.13100624,-0.10202477,0.046001494,9.677914
-0.6945557,5.7815776,5.836663,0.11189483,0.120762855,-0.20766163,0.0,0.0,0.0
-1.1424243,6.353987,4.89542,0.04014021,0.12774885,-0.17412663,-0.12231553,0.06258968,9.635266
-0.5963599,6.5192432,4.493057,0.07693799,0.1118779,-0.102295876,0.0,0.0,0.0
0.25147706,6.2821364,4.505032,-0.001706413,0.088055894,-0.20288944,0.0,0.0,0.0
0.7496411,6.559959,4.7876444,-0.054747466,0.08999342,-0.20048428,0.0,0.0,0.0
1.0035132,6.964717,5.6642213,0.044038385,0.15479942,-0.15258789,0.0,0.0,0.0
1.3100758,7.6496925,6.5096636,0.027545549,0.15051964,-0.23642349,0.0,0.0,0.0
1.4202466,8.396939,6.11209,-0.04425199,0.13583244,-0.21007156,0.0,0.0,0.0
1.463357,8.976534,5.8749833,0.010839686,0.11957443,-0.13104725,0.0,0.0,0.0
0.9508228,10.162068,6.0570045,-0.028326128,0.1843051,-0.1741581,0.0,0.0,0.0
0.29698244,10.909314,9.496253,0.09953722,0.04566501,-0.13584423,0.0,0.0,0.0
1.2981006,11.9056425,11.03625,0.11181641,0.11242378,-0.06398678,0.0,0.0,0.0
1.4034815,11.541599,8.614885,0.068949476,0.04155183,-0.20052433,0.0,0.0,0.0
-1.1903248,10.049502,8.708291,1.9403128E-4,0.091722965,-0.19573116,0.0,0.0,0.0
-2.938689,7.6401124,11.709251,0.0979814,0.11080381,-0.17656994,0.0,0.0,0.0
-1.8872755,5.0558863,11.280542,0.0429791,0.099156916,-0.068800926,0.0,0.0,0.0
-0.5029541,4.5744877,7.951465,0.009863934,0.16120264,-0.11909199,0.0,0.0,0.0
0.4047583,5.1756372,4.967271,0.029889159,0.08433083,-0.1693821,0.0,0.0,0.0
0.57959473,6.05461,4.4259963,0.084556825,0.06993471,-0.092741966,0.0,0.0,0.0
0.45026368,7.053333,3.3099172,5.4126186E-4,0.18288732,-0.16460037,0.0,0.0,0.0
0.19878663,7.27128,3.537444,0.0032166834,0.09687626,-0.15981388,0.0,0.0,0.0
0.79035646,7.0006423,4.893025,0.027483024,0.13752684,-0.18376255,0.0,0.0,0.0
1.336421,6.5216384,5.9468336,0.066252075,0.1951233,-0.13826084,0.0,0.0,0.0
1.7148341,6.1480155,5.8342676,0.05730139,0.099341795,-0.18855667,0.0,0.0,0.0
1.8106349,5.815108,5.0822315,0.028378231,0.15718707,-0.114317894,0.0,0.0,0.0
1.4034815,5.6690116,5.0774417,0.09293671,0.17357548,-0.15981579,0.0,0.0,0.0
1.1951149,5.695357,5.3097587,0.026433496,0.1182185,-0.14065075,0.0,0.0,0.0
1.5328126,5.6618266,4.8187795,0.038807023,0.09934121,-0.23645687,0.0,0.0,0.0
1.7459693,6.11209,4.112249,0.024773117,0.08272895,-0.16460991,0.0,0.0,0.0
1.4992822,6.8904715,3.791316,-0.013815499,0.08800511,-0.107138634,0.0,0.0,0.0
1.3483961,7.5874224,4.5409575,0.024599751,0.09524386,-0.10953522,0.0,0.0,0.0
1.2382251,8.236472,6.128855,0.09409461,0.14729957,-0.15263271,0.0,0.0,0.0
1.3603711,8.830438,7.288045,0.087675415,0.18742111,-0.03047371,0.0,0.0,0.0
1.6214283,9.527389,7.6017923,0.0877868,0.10316101,-0.08555126,0.0,0.0,0.0
1.9112257,9.920172,8.669971,0.05432027,0.18737757,-0.12627506,0.0,0.0,0.0
2.3016138,10.957214,10.092612,0.04074021,0.08226748,-0.13346481,0.0,0.0,0.0
1.8441651,11.821816,9.398057,0.02849181,0.08682652,-0.20531082,0.0,0.0,0.0
-0.88376224,11.534414,9.359736,0.023217406,0.08480182,-0.20771313,0.0,0.0,0.0
-2.184258,9.831555,11.445799,0.0019288212,0.14441845,-0.12388229,0.0,0.0,0.0
-0.59156984,6.3132715,11.761941,0.033378378,0.101145715,-0.16459465,0.0,0.0,0.0
1.1160791,5.5301003,8.231683,0.062348004,0.079790086,-0.14064789,0.0,0.0,0.0
2.1124072,5.582791,5.5588408,0.062400978,0.17515962,-0.109503746,0.0,0.0,0.0
2.1555176,5.8198977,5.1636624,0.079283625,0.08926824,-0.09274578,0.0,0.0,0.0
2.0932472,5.7001467,5.1540823,0.029162517,0.19920798,-0.15022182,0.0,0.0,0.0
2.5243506,4.6846585,5.3001785,0.044041026,0.16086923,-0.2005167,0.0,0.0,0.0
3.1997461,3.6763551,5.839058,0.06604754,0.11511226,-0.09273529,0.0,0.0,0.0
3.051255,3.4799635,6.4976883,0.049569435,0.14155792,-0.19811821,0.0,0.0,0.0
1.6190332,4.26553,6.5360084,0.08841886,0.1604838,-0.2555933,0.0,0.0,0.0
0.081430666,5.4055595,5.4103494,-0.04998229,0.05759868,-0.20530033,0.0,0.0,0.0
-1.3124708,6.6461797,4.167334,0.021896087,0.124454364,-0.18613625,0.0,0.0,0.0
-1.1903248,6.6509695,3.5709743,0.029614462,0.16306905,-0.20051193,0.0,0.0,0.0
-0.45505372,6.3779373,4.1721244,0.1807916,0.09380062,-0.1262703,0.0,0.0,0.0
0.6849756,6.080955,4.145779,0.042048387,0.08685914,-0.11909008,0.0,0.0,0.0
1.2382251,6.205496,4.3062453,0.044987276,0.1441597,-0.1957264,0.0,0.0,0.0
1.6932789,6.6342044,5.484595,0.088497855,0.17820598,-0.16939163,0.0,0.0,0.0
2.1339624,7.8556643,7.0150127,0.08088822,0.120856434,-0.22448063,0.0,0.0,0.0
1.21188,9.726174,6.8976564,0.04703981,0.10170427,-0.11191559,0.0,0.0,0.0
0.73527104,10.796748,6.5336137,0.068941094,0.03151223,-0.21967506,0.0,0.0,0.0
0.38559815,10.916499,7.664063,0.0619706,0.13001844,-0.21249676,0.0,0.0,0.0
0.4047583,10.935659,10.298584,0.019045811,0.16333774,-0.14782715,0.0,0.0,0.0
1.1064991,11.951148,10.030342,0.060218796,0.09631252,-0.23644257,0.0,0.0,0.0
0.55324954,11.03625,7.814949,-0.0022708997,0.09632228,-0.22446823,0.0,0.0,0.0
-0.8669971,9.448353,7.537127,0.039983705,0.17287087,-0.1574049,0.0,0.0,0.0
-1.6884888,6.2773466,9.932146,0.013484559,0.16302375,-0.17895603,0.0,0.0,0.0
-0.87897223,4.9648757,9.395662,0.057173807,0.0362204,-0.20290756,0.0,0.0,0.0
0.1939966,4.512217,7.5970025,0.019019473,0.11510365,-0.11907959,0.0,0.0,0.0
1.0538087,5.743257,4.996011,0.05505633,0.12906949,-0.14062595,0.0,0.0,0.0
0.05269043,7.2928348,4.775669,0.05475906,0.20332251,-0.085541725,0.0,0.0,0.0
-0.6945557,7.6281376,5.513335,0.052764297,0.08137946,-0.14542103,0.0,0.0,0.0
-0.5484595,7.414981,6.9790874,0.10061922,0.19104667,-0.10229969,0.0,0.0,0.0
0.2682422,6.6485744,7.664063,-0.06439783,0.1620156,-0.24120426,0.0,0.0,0.0
1.4346168,6.2270513,6.349197,0.017123636,0.1134665,-0.13820553,0.0,0.0,0.0
1.7579445,5.9540186,5.4103494,0.08405633,0.07219243,-0.18609428,0.0,0.0,0.0
2.0501368,5.858218,4.184099,-0.035972103,0.13025147,-0.12144089,0.0,0.0,0.0
2.1698878,5.733677,4.150569,0.011494249,0.10655001,-0.21724606,0.0,0.0,0.0
2.1698878,5.733677,4.150569,0.037867438,0.14310831,-0.17893982,0.0,0.0,0.0
2.4525,5.7624173,3.4991236,0.059461277,0.11916977,-0.14780426,0.0,0.0,0.0
2.8716285,6.246211,3.3626075,0.018580478,0.15940027,-0.13821507,0.0,0.0,0.0
2.8836036,6.4114676,4.2056546,0.10763082,0.16197145,-0.15019226,0.0,0.0,0.0
2.5387208,7.2281694,6.7803006,0.014145305,0.041707143,-0.15976238,0.0,0.0,0.0
2.1291726,8.0305,8.4448395,0.07905676,0.14030331,-0.121450424,0.0,0.0,0.0
2.076482,9.532178,8.267608,-0.0016172146,0.1284204,-0.19330311,0.0,0.0,0.0
1.7172291,10.933265,7.2664895,0.034588303,0.06863724,-0.12145424,0.0,0.0,0.0
1.5567628,11.445799,8.035291,0.008457998,0.08781439,-0.18612003,0.0,0.0,0.0
2.9722195,11.388318,9.5633135,0.016145073,0.15467179,-0.15977001,0.0,0.0,0.0
2.069297,11.426639,8.923843,0.12176031,0.16412593,-0.22682762,0.0,0.0,0.0
0.244292,9.996812,8.978929,0.1217263,0.08712043,-0.14538956,0.0,0.0,0.0
-0.51971924,7.6592727,11.278148,0.068742424,0.053300634,-0.15735817,0.0,0.0,0.0
0.43349856,6.0354495,9.398057,0.049833518,0.1783775,-0.23640442,0.0,0.0,0.0
1.5495777,5.47262,5.7935524,0.04748752,0.19021346,-0.21245193,0.0,0.0,0.0
1.9327809,5.858218,3.781736,-3.3281138E-4,0.07087663,-0.12863445,0.0,0.0,0.0
1.9998415,6.080955,3.8607717,0.057420064,0.08765757,-0.2148552,0.0,0.0,0.0
2.1004322,5.695357,4.0667434,0.14379731,0.08528745,-0.09989548,0.0,0.0,0.0
2.095642,5.087022,4.7972245,0.015468304,0.04433173,-0.16215992,0.0,0.0,0.0
1.7268091,4.749324,5.9156985,0.07551328,0.11883116,-0.166955,0.0,0.0,0.0
0.7161109,5.221143,6.574329,0.09189594,0.1953704,-0.025648117,0.0,0.0,0.0
-0.36883304,6.0282645,5.985154,0.055734236,0.119280845,-0.18373013,0.0,0.0,0.0
-0.7161109,6.672525,4.9169755,0.0421859,0.109621584,-0.2172575,0.0,0.0,0.0
-0.7185059,6.715635,4.382886,0.047849353,0.15276009,-0.16696262,0.0,0.0,0.0
-0.53169435,6.581514,4.28469,0.06238558,0.13597094,-0.19809723,0.0,0.0,0.0
-0.6346802,6.8018556,4.378096,0.036706723,0.114233956,-0.16456223,0.0,0.0,0.0
-0.84065187,7.1347637,4.8355446,0.010756677,0.16729183,-0.114274025,0.0,0.0,0.0
-0.64186525,7.2185893,5.2115626,0.056564786,0.17441829,-0.12864208,0.0,0.0,0.0
-0.35925296,6.969507,6.564749,0.1285699,0.06880103,-0.16935253,0.0,0.0,0.0
-0.13651612,7.2664895,7.544312,0.06657742,0.10033159,-0.13104057,0.0,0.0,0.0
0.050295413,8.116721,6.600674,0.1080194,0.09044017,-0.10708237,0.0,0.0,0.0
0.18920656,9.3453665,5.621111,0.06730847,0.15059195,-0.08792877,0.0,0.0,0.0
0.14130616,10.075848,6.67971,0.058332767,0.1700101,-0.07595825,0.0,0.0,0.0
0.42870852,11.088941,9.297466,0.01027326,0.10019931,-0.14061642,0.0,0.0,0.0
0.99393314,12.054133,8.634046,0.074758366,0.042649224,-0.111875534,0.0,0.0,0.0
-0.7041358,11.064991,7.070098,0.13024704,0.1026395,-0.10469246,0.0,0.0,0.0
-2.8836036,8.770562,9.570498,0.027989112,0.10749328,-0.107087135,0.0,0.0,0.0
-3.417693,6.1887307,12.609778,0.06371772,0.08808212,-0.15977287,0.0,0.0,0.0
-2.047742,4.90979,10.483001,0.042454027,0.08112596,-0.16935635,0.0,0.0,0.0
-0.7113208,5.094207,6.7683253,0.05941448,0.068963975,-0.12863731,0.0,0.0,0.0
-0.61073,5.8845634,5.3792143,0.076258264,0.10031037,6.8855286E-4,0.0,0.0,0.0
-1.2621753,6.981482,4.790039,0.045560226,0.13601947,-0.08313084,0.0,0.0,0.0
-1.6789087,7.3000197,5.1612673,0.062870584,0.17154013,-0.17173767,0.0,0.0,0.0
-1.3483961,6.933582,6.303692,0.015441386,0.09760712,-0.15976906,0.0,0.0,0.0
-0.043110352,6.1863356,6.320457,0.030424003,0.1358086,-0.11186504,0.0,0.0,0.0
0.96040285,5.7815776,5.582791,0.028036231,0.18208507,-0.2028904,0.0,0.0,0.0
1.3555812,5.5372853,4.82357,0.030731233,0.18974459,-0.047224045,0.0,0.0,0.0
1.3915064,5.470225,4.9696655,0.07659836,0.14214215,-0.18374538,0.0,0.0,0.0
1.2286451,5.613926,5.015171,0.052907705,0.0700994,-0.10470581,0.0,0.0,0.0
1.3531861,5.8103175,5.216353,0.06592253,0.16066563,-0.2076807,0.0,0.0,0.0
1.84177,6.183941,4.9169755,0.073032446,0.16381319,-0.11668491,0.0,0.0,0.0
1.9758912,6.5048733,4.993616,0.046856962,0.12850682,-0.15980911,0.0,0.0,0.0
2.0525317,6.7850904,5.7552323,0.06614432,0.074025154,-0.25322628,0.0,0.0,0.0
2.2106032,7.2832546,7.5012016,0.044829205,0.09522155,-0.14304733,0.0,0.0,0.0
2.7734327,8.140672,7.92033,0.08791001,0.1573928,-0.21250153,0.0,0.0,0.0
2.9674294,9.278306,7.7526784,0.09235726,0.11441742,-0.23645401,0.0,0.0,0.0
2.8500733,10.080638,8.241262,0.064357065,0.10967271,-0.1358633,0.0,0.0,0.0
3.0656252,10.504556,9.096285,0.088253394,0.124396145,-0.15742588,0.0,0.0,0.0
3.1015503,11.196717,9.326206,0.07133811,0.071986705,-0.18856716,0.0,0.0,0.0
1.3627661,11.019485,8.202942,0.076243766,0.21322599,-0.18856621,0.0,0.0,0.0
-0.79035646,9.522598,9.553733,0.08625822,0.064549595,-0.19095707,0.0,0.0,0.0
-0.51732427,6.7491655,11.256593,0.12728775,0.117186666,-0.21490479,0.0,0.0,0.0
0.81909674,5.3552637,8.732242,0.04608565,0.119110286,-0.13106918,0.0,0.0,0.0
1.4106666,6.08814,5.087022,0.056073822,0.027829483,-0.11190319,0.0,0.0,0.0
1.1927198,7.0365677,3.408113,0.055846013,0.027552351,-0.11189747,-0.005722296,-0.06286632,9.695232
0.8933423,7.575447,2.7135572,0.08703114,0.099509984,-0.22925472,0.0,0.0,0.0
1.1112891,6.4090724,3.5039136,0.07790683,0.08051497,-0.12387657,0.0,0.0,0.0
1.6381935,4.8283596,4.8906302,0.049693905,0.089680895,-0.11907768,0.0,0.0,0.0
2.2465284,3.9374123,6.1887307,0.03540596,0.060973436,-0.123867035,0.0,0.0,0.0
2.2345533,3.8176613,6.6102543,0.04542783,0.16162874,-0.03525257,0.0,0.0,0.0
1.1783496,4.6104126,5.7480474,0.023498058,0.16873471,-0.20050812,0.0,0.0,0.0
-0.22752686,5.5157304,5.094207,0.09346173,0.18782686,-0.18134499,0.0,0.0,0.0
-0.7089258,6.2725563,4.6990285,0.021966282,0.1637373,-0.17655182,0.0,0.0,0.0
-0.49097902,6.6653395,4.5768824,0.10440913,0.07739794,-0.1765461,0.0,0.0,0.0
-0.12933107,7.2281694,4.6678934,0.08508413,0.090553865,-0.20531178,0.0,0.0,0.0
0.033530276,7.3886356,5.237908,0.039641872,0.14129095,-0.13107586,0.0,0.0,0.0
0.6682105,7.695198,6.2510014,0.030195044,0.079349294,-0.17898178,0.0,0.0,0.0
1.2454102,8.224498,7.3766603,0.04206351,0.21233925,-0.13824368,0.0,0.0,0.0
1.7483643,8.741821,7.695198,0.05411652,0.14505988,-0.17895508,0.0,0.0,0.0
2.2561085,9.065149,7.3575,0.08042157,0.20080313,-0.10472298,0.0,0.0,0.0
2.6033864,9.127419,8.159832,0.08721097,0.12816612,-0.056806564,0.0,0.0,0.0
2.2441335,8.998089,10.720108,0.092244476,0.059112772,-0.29871178,0.0,0.0,0.0
2.2537134,9.77647,12.521163,0.07498678,0.11145845,-0.09033871,0.0,0.0,0.0
0.9412427,9.721385,11.287727,0.060919426,0.06402585,-0.18614864,0.0,0.0,0.0
-1.463357,8.727451,10.039923,0.025587756,0.066201314,-0.1238718,0.0,0.0,0.0
-2.5123756,6.9216065,10.540482,0.050545745,0.14290588,-0.19093132,0.0,0.0,0.0
-1.1064991,5.271438,9.268726,0.08682717,0.13547689,-0.095124245,0.0,0.0,0.0
0.12933107,5.0726514,6.6844997,0.120879926,0.17865133,-0.09033394,0.0,0.0,0.0
0.7161109,5.606741,4.785249,0.040015317,0.16200095,-0.22206116,0.0,0.0,0.0
0.6706055,7.065308,3.4991236,0.027969925,0.011283204,-0.16937447,0.0,0.0,0.0
-0.1341211,7.563472,3.530259,0.10988538,0.16974926,-0.085556984,0.0,0.0,0.0
-0.8310718,7.2425394,4.6846585,0.13867977,0.2319389,-0.090343475,0.0,0.0,0.0
-0.46463382,6.588699,5.8965383,0.104947336,0.052704275,-0.085562706,0.0,0.0,0.0
0.42870852,5.855823,6.071375,0.059945155,0.16790237,-0.14783669,0.0,0.0,0.0
0.9268726,5.391189,5.47741,0.04832936,0.11024983,-0.20531273,0.0,0.0,0.0
0.5245093,5.4582496,4.7876444,0.022353582,0.1361792,-0.11908245,0.0,0.0,0.0
0.2706372,5.4486694,4.373306,0.03985142,0.14851497,-0.12866783,0.0,0.0,0.0
0.76161623,5.585186,4.0835085,0.093054034,0.20869252,-0.13825321,0.0,0.0,0.0
1.3507911,5.5492606,3.666775,0.1167018,0.11517386,-0.14783096,0.0,0.0,0.0
1.5399976,6.1743608,3.0225148,0.12639615,0.0861208,-0.111899376,0.0,0.0,0.0
1.6813037,7.0126176,3.6140847,0.035124596,0.114754885,-0.15979862,0.0,0.0,0.0
1.3052857,8.226892,5.7863674,0.068616994,0.11895004,-0.17415619,0.0,0.0,0.0
1.3148658,9.16574,8.301138,0.105489224,0.123736694,-0.11427784,0.0,0.0,0.0
1.1208692,10.178833,9.14179,0.093095526,0.200553,-0.14781284,0.0,0.0,0.0
0.9651929,10.98835,9.659114,0.06239242,0.10982366,-0.19571781,0.0,0.0,0.0
0.8933423,11.8002615,9.939331,0.01279445,0.18614496,-0.14541435,0.0,0.0,0.0
1.6645386,12.482842,10.504556,0.05909788,0.15974788,-0.13582993,0.0,0.0,0.0
1.6813037,12.12838,9.704619,0.04970312,0.2556687,-0.12146187,0.0,0.0,0.0
0.48618898,9.575289,9.584868,0.06633645,0.10954085,-0.12146187,0.059852265,-0.11539994,9.6872635
0.016765138,6.7491655,11.189531,0.0691971,0.10240984,-0.066376686,0.052959356,-0.112784676,9.742177
1.2597803,4.766089,9.532178,0.09318827,0.09562197,-0.17655468,0.034328576,-0.13133645,9.631804
2.555486,3.8823268,6.0570045,0.11685737,0.13396509,-0.11189079,0.0,0.0,0.0
3.293152,4.2128396,3.527864,0.040281493,0.13904464,-0.20530319,0.09746022,-0.11219034,9.604117
2.7351124,5.2091675,2.675237,0.023711655,0.19162774,-0.16458511,0.14955881,-0.12720615,9.645958
2.5866213,5.237908,3.5134938,0.04542172,0.08612427,-0.1478157,0.04868632,-0.08716026,9.660491
3.3506324,4.3230104,4.493057,0.06287364,0.16743466,-0.2052927,0.0,0.0,0.0
3.5015187,3.4009278,5.752837,0.0754479,0.15594469,-0.19571972,0.0,0.0,0.0
2.1698878,3.3673975,7.4101906,0.08269462,0.06747344,-0.114292145,0.0,0.0,0.0
-0.28261232,4.0835085,8.322693,0.035140734,0.11517924,-0.138237,0.0,0.0,0.0
-2.811753,5.1947975,7.8197393,0.12397215,0.064918965,-0.14302635,0.0,0.0,0.0
-2.8309133,6.2438164,5.6522465,0.17651293,0.098421335,-0.16697693,0.0,0.0,0.0
-1.6094532,6.7467704,4.2918754,0.04025323,0.11026041,-0.14062786,0.0,0.0,0.0
-1.0466236,7.089258,3.5613942,0.06671274,0.07640523,-0.09751034,0.0,0.0,0.0
-0.7496411,7.565867,3.0344899,0.13596337,0.08637984,-0.1693697,0.0,0.0,0.0
-0.7711963,7.9802055,3.283572,0.12428863,0.14395061,-0.13823605,0.0,0.0,0.0
-0.5340894,8.485555,5.0271463,-0.014340006,0.10838576,-0.17656231,0.0,0.0,0.0
0.081430666,8.801697,6.2342362,0.019436426,0.2500674,-0.11429882,0.0,0.0,0.0
0.44786867,9.419612,7.060518,0.11548152,0.075170755,-0.25320816,0.0,0.0,0.0
0.4047583,9.654325,6.9383717,0.09647119,0.060750768,-0.09752941,0.0012251227,-0.114784494,9.710046
0.16765137,10.617122,8.241262,0.11121284,0.10360038,-0.07357311,0.028335823,-0.15017258,9.734819
-0.026345216,11.079361,9.496253,0.018559063,0.094049856,-0.22685242,0.0,0.0,0.0
0.4167334,11.903248,10.154883,0.085500926,0.09210296,-0.17417145,0.0,0.0,0.0
0.7759864,5.0654664,6.6365995,0.86449337,-1.4795351,-0.6658325,-0.83964926,0.6718972,8.315594
0.19639161,6.2941117,5.997129,0.17515184,-0.15172291,-1.3934841,0.0,0.0,0.0
-0.38559815,6.2989016,6.337222,-0.44446814,-0.13145304,-1.066659,0.0,0.0,0.0
-0.19878663,6.085745,7.2185893,-0.23506162,-0.30974007,-0.21557808,0.0,0.0,0.0
0.5484595,5.836663,6.991062,0.55888355,-0.49519253,-0.49745464,0.0,0.0,0.0
0.81909674,5.726492,5.9324636,0.8458642,-0.52753305,-1.6211348,0.0,0.0,0.0
0.77359134,5.9204884,4.4619217,0.75910896,-0.2721448,-3.1421213,0.0,0.0,0.0
0.45984375,5.9564137,4.3421707,0.37367177,-0.21869516,-3.2756367,0.0,0.0,0.0
0.11496094,5.858218,4.184099,-0.025011897,-0.34458685,-3.4103723,0.0,0.0,0.0
0.5508545,5.8007374,3.652405,0.39774412,-0.46156502,-3.8928268,0.0,0.0,0.0
1.1783496,6.1575956,2.692002,1.0192893,-0.18512678,-4.7856283,0.0,0.0,0.0
1.468147,7.0221977,2.579436,1.2845609,0.5900798,-4.8208704,0.0,0.0,0.0
1.3843213,7.5035963,5.120552,1.1599457,0.99715805,-2.2133636,0.0,0.0,0.0
1.3771362,7.7287283,8.710687,1.1185585,1.2007656,1.3970528,0.0,0.0,0.0
1.7459693,8.368198,9.963282,1.472722,1.8897119,2.606316,0.0,0.0,0.0
1.8154249,9.800421,9.036409,1.48226,3.3559966,1.6520486,0.0,0.0,0.0
1.5352076,11.091336,8.449629,1.1557008,4.704544,1.0175867,0.0,0.0,0.0
1.8202149,11.60866,9.369317,1.3941147,5.2133565,1.9471259,0.0,0.0,0.0
2.5219557,12.066109,10.538086,2.0831623,5.6267858,3.1547956,0.0,0.0,0.0
0.9915381,10.811119,10.061478,0.551833,4.3372602,2.7085056,0.0,0.0,0.0
-0.12454102,8.595725,10.521321,-0.5901003,2.1083589,3.1818576,0.0,0.0,0.0
0.28261232,5.9085135,10.914104,-0.23353148,-0.5990939,3.5959744,0.0,0.0,0.0
1.453777,4.7804594,8.708291,0.9066618,-1.7605505,1.4222593,0.0,0.0,0.0
2.4860303,4.8906302,4.5529323,1.9188288,-1.7214475,-2.6671162,0.0,0.0,0.0
2.816543,5.5157304,3.5206788,2.1851633,-1.2082171,-3.589897,0.0,0.0,0.0
3.3242872,5.7911572,3.04886,2.6258183,-1.0667238,-3.926239,0.0,0.0,0.0
3.3242872,5.0822315,3.3697927,2.5591516,-1.8433218,-3.5310528,0.0,0.0,0.0
2.4453151,4.1625443,5.391189,1.610503,-2.7421331,-1.5224867,0.0,0.0,0.0
1.223855,4.0811133,7.1635036,0.3534233,-2.5558953,-0.0032844543,0.0,0.0,0.0
0.1101709,4.402046,8.01613,-0.6783461,-2.0708108,0.691463,0.0,0.0,0.0
-0.63707525,4.84752,6.3851223,-1.3085804,-1.5137062,-1.0481997,0.0,0.0,0.0
-0.9436377,5.5875807,4.509822,-1.4987936,-0.76125145,-2.9436688,0.0,0.0,0.0
-0.64186525,6.047425,3.4368532,-1.0888515,-0.36986208,-3.9651077,0.0,0.0,0.0
-0.24908204,6.1240654,2.8907888,-0.6053768,-0.3850789,-4.435499,0.0,0.0,0.0
-0.0023950196,6.3635674,3.1422658,-0.30682865,-0.21390247,-4.1250997,0.0,0.0,0.0
-0.10777588,7.0150127,4.519402,-0.40025163,0.421,-2.7334485,0.0,0.0,0.0
0.045505375,7.1275783,6.0761647,-0.27038136,0.5776024,-1.2155027,0.0,0.0,0.0
0.68737066,7.2521195,7.089258,0.32170254,0.7828517,-0.2718048,0.0,0.0,0.0
1.2909156,7.8652444,7.7478886,0.8686415,1.4715662,0.32407808,0.0,0.0,0.0
1.5519727,8.717872,7.810159,1.0828576,2.3836102,0.33838177,0.0,0.0,0.0
1.6094532,9.733359,7.5035963,1.1197256,3.427465,0.009181023,0.0,0.0,0.0
1.0250684,10.159674,9.005274,0.548432,3.865975,1.4997716,0.0,0.0,0.0
0.8047266,10.492581,11.167976,0.3695892,4.2323394,3.6320348,0.0,0.0,0.0
0.8262818,11.266172,11.591895,0.44511828,5.0651,4.004286,0.0,0.0,0.0
-0.4047583,10.219549,10.296189,-0.73580843,4.0511365,2.6796632,0.0,0.0,0.0
-1.7028589,7.697593,11.57992,-1.9739839,1.4961467,3.9878874,0.0,0.0,0.0
-1.4034815,5.024751,12.17149,-1.573179,-1.224184,4.6155386,0.0,0.0,0.0
0.25866213,3.8224514,9.766891,0.1659707,-2.471872,2.247363,0.0,0.0,0.0
1.2693604,3.9398074,6.6198344,1.1543584,-2.428298,-0.83700085,0.0,0.0,0.0
1.9136207,4.8499146,4.766089,1.6976001,-1.4758816,-2.7244406,0.0,0.0,0.0
1.5040723,5.910908,4.526587,1.2160251,-0.476058,-2.9094129,0.0,0.0,0.0
0.90052736,6.0091043,5.4989653,0.58413327,-0.3699932,-1.9426346,0.0,0.0,0.0
0.5891748,5.860613,7.4509063,0.2790728,-0.43142366,-0.064711094,0.0,0.0,0.0
0.8334668,5.6785917,8.092772,0.5295109,-0.46785593,0.45738125,0.0,0.0,0.0
1.2861255,5.7696023,7.316785,0.9640782,-0.22734404,-0.43584776,0.0,0.0,0.0
0.9867481,6.0665846,6.7467704,0.6245079,0.17010355,-1.0807891,0.0,0.0,0.0
0.31853762,6.430628,5.975574,-0.06311676,0.56305695,-1.8727593,0.0,0.0,0.0
-0.21555176,6.212681,5.120552,-0.5418699,0.21987581,-2.6351037,0.0,0.0,0.0
0.3281177,5.721702,3.9182522,0.0067326427,-0.37175655,-3.758783,0.0,0.0,0.0
0.6777906,5.8845634,3.396138,0.32967067,-0.30605984,-4.201585,0.0,0.0,0.0
1.0059083,6.2510014,3.0752053,0.61655325,-0.016913414,-4.456862,0.0,0.0,0.0
1.1448194,6.976692,3.9565725,0.707756,0.66736174,-3.5382066,0.0,0.0,0.0
0.73527104,7.697593,6.7635355,0.25721234,1.3974752,-0.73648834,0.0,0.0,0.0
0.51492923,7.9155397,7.6592727,-0.0071065426,1.6296358,0.1502595,0.0,0.0,0.0
0.8765772,9.386082,7.690408,0.306984,3.117073,0.1707344,0.0,0.0,0.0
0.96758795,10.142908,7.577842,0.3504123,3.8646512,0.06964779,0.0,0.0,0.0
1.5208374,10.550061,8.727451,0.8703864,4.2699194,1.2236438,0.0,0.0,0.0
3.0368848,11.00751,10.245894,2.3569472,4.7546134,2.7219753,0.0,0.0,0.0
1.9064356,10.842254,9.307046,1.1799366,4.624829,1.7581244,0.0,0.0,0.0
0.45984375,8.547825,9.666299,-0.30619073,2.342392,2.111421,0.0,0.0,0.0
-0.25147706,5.9875493,11.261382,-0.99343455,-0.22120476,3.7068295,0.0,0.0,0.0
0.2682422,5.142107,9.220825,-0.39168563,-1.0891242,1.677176,0.0,0.0,0.0
1.1831397,4.790039,5.51094,0.5517917,-1.5281854,-1.9624681,0.0,0.0,0.0
1.7842896,5.2977834,3.173401,1.1124694,-1.1446171,-4.1896505,0.0,0.0,0.0
2.44292,6.0402393,2.8596535,1.704534,-0.51538324,-4.396309,0.0,0.0,0.0
3.1087356,5.745652,2.8141482,2.298477,-0.8433027,-4.4038534,0.0,0.0,0.0
3.8775368,4.4355764,3.9565725,2.9749162,-2.086472,-3.3110647,0.0,0.0,0.0
3.0967603,3.896697,6.262976,2.1027446,-2.4556646,-1.1417403,0.0,0.0,0.0
0.9627979,4.5002418,8.931028,-0.062483072,-1.6084948,1.3282313,0.0,0.0,0.0
-0.6993457,5.2929935,9.594449,-1.6711841,-0.56664467,1.7912087,0.0,0.0,0.0
-1.8824854,6.6365995,8.480764,-2.7430916,1.0242753,0.48504305,0.0,0.0,0.0
-0.93405765,7.0174074,6.706055,-1.6510234,1.4564061,-1.3395419,0.0,0.0,0.0
0.06466553,6.7300053,5.7719975,-0.5141516,1.109808,-2.243534,0.0,0.0,0.0
0.46463382,6.478528,5.398374,0.035749346,0.69465876,-2.509426,0.0,0.0,0.0
0.8143067,6.2581863,5.712122,0.3971603,0.40576077,-2.1457076,0.0,0.0,0.0
1.0849439,6.0833497,5.9156985,0.6237999,0.19854212,-1.915443,0.0,0.0,0.0
1.6669337,6.2438164,6.1599903,1.1396236,0.34444857,-1.6560049,0.0,0.0,0.0
1.7268091,6.9216065,6.799461,1.1486629,1.0041418,-0.9992409,0.0,0.0,0.0
1.3795313,7.8915896,7.3096,0.78624356,1.9364114,-0.4591999,0.0,0.0,0.0
1.1352394,8.595725,7.6257424,0.47663665,2.5056605,-0.032439232,0.0,0.0,0.0
0.8214917,9.400452,8.322693,0.2298451,3.2584615,0.7005997,0.0,0.0,0.0
0.3784131,9.5561285,9.972861,-0.14119443,3.3769932,2.3755798,0.0,0.0,0.0
0.40715334,10.279425,11.062595,-0.053256154,4.0918636,3.4683537,0.0,0.0,0.0
-0.8382569,10.32014,10.061478,-1.2639656,4.129433,2.4677749,0.0,0.0,0.0
-2.1674929,9.074729,9.788445,-2.5725634,2.840509,2.2292914,0.0,0.0,0.0
-1.5232325,6.3875175,10.236314,-1.8921984,0.064363,2.7495275,0.0,0.0,0.0
-0.22992188,4.624783,8.650811,-0.5705848,-1.7887974,1.2399864,0.0,0.0,0.0
0.75203615,3.9469924,6.600674,0.31399983,-2.5342846,-0.7458601,0.0,0.0,0.0
1.343606,4.4283915,5.137317,0.81593937,-2.1116366,-2.151029,0.0,0.0,0.0
1.0849439,5.8270826,4.4667115,0.5057835,-0.7247081,-2.807146,0.0,0.0,0.0
0.7209009,6.9024467,4.5744877,0.12025583,0.39669704,-2.7388444,0.0,0.0,0.0
0.3065625,6.5168486,5.4510646,-0.30702123,0.117385864,-1.954392,0.0,0.0,0.0
0.4981641,5.704937,7.2401443,-0.14612404,-0.53346825,-0.29892635,0.0,0.0,0.0
1.0873389,5.2091675,8.461604,0.37902755,-0.8534007,0.7860613,0.0,0.0,0.0
1.9830762,5.2762284,6.09772,1.1606251,-0.654088,-1.6692162,0.0,0.0,0.0
1.9184108,5.6498513,4.926555,0.99472487,-0.25230265,-2.8504481,0.0,0.0,0.0
1.22146,6.569539,3.8104763,0.26385498,0.624012,-3.929297,0.0,0.0,0.0
1.0035132,6.828201,3.7937112,0.07410133,0.8134699,-3.895866,0.0,0.0,0.0
1.2454102,6.5288234,4.4595265,0.36056608,0.4540906,-3.188026,0.0,0.0,0.0
1.2454102,6.3132715,5.000801,0.36056608,0.23853874,-2.6467514,0.0,0.0,0.0
1.2454102,6.3132715,5.000801,0.36056608,0.23853874,-2.6467514,0.0,0.0,0.0
1.0633887,7.3527102,7.0269876,0.1795435,1.3186765,-0.652833,0.0,0.0,0.0
1.0418335,7.9682302,7.704778,0.12921816,1.9082952,0.04875374,0.0,0.0,0.0
0.90052736,9.041199,7.838899,-0.0011650324,2.9749303,0.18659687,0.0,0.0,0.0
0.76401126,9.716595,8.157437,-0.10915661,3.623736,0.52297354,0.0,0.0,0.0
1.2286451,9.934542,9.093889,0.38684517,3.8129416,1.478919,0.0,0.0,0.0
2.8357031,9.750125,10.480606,2.005283,3.6216688,2.8699017,0.0,0.0,0.0
3.7242556,10.056687,10.34888,2.8576686,3.941453,2.731575,0.0,0.0,0.0
3.0129347,9.8938265,9.316627,2.0801392,3.7712455,1.7130556,0.0,0.0,0.0
-0.086220704,7.6592727,10.619517,-1.0472605,1.4847693,3.0615873,0.0,0.0,0.0
0.60833496,5.017566,10.655442,-0.31287563,-1.2162704,3.1413856,0.0,0.0,0.0
1.094524,4.528982,9.352551,0.20583242,-1.7887645,1.9049549,0.0,0.0,0.0
2.076482,4.28948,4.0691385,1.1557782,-2.1594071,-3.2612467,0.0,0.0,0.0
2.4980054,5.2929935,2.1555176,1.5269778,-1.3277311,-5.0134087,0.0,0.0,0.0
2.3830445,6.191126,1.6501685,1.3726137,-0.5500431,-5.400084,0.0,0.0,0.0
1.8226099,6.4042826,2.694397,0.7917521,-0.36365557,-4.3271937,0.0,0.0,0.0
2.0022364,5.5324955,4.90979,0.95917344,-1.1540809,-2.1875415,0.0,0.0,0.0
2.7279274,4.397256,7.7359133,1.6715271,-2.0984454,0.46540546,0.0,0.0,0.0
0.9532178,5.1061816,8.969349,-0.12078947,-1.1270876,1.4751339,0.0,0.0,0.0
-0.9484278,6.1767554,8.581355,-2.1269183,0.30808878,0.8134532,0.0,0.0,0.0
-2.3830445,7.6041875,7.565867,-3.4927282,1.884304,-0.3222208,0.0,0.0,0.0
-1.1256592,7.544312,6.246211,-2.0949578,1.8430772,-1.6738129,0.0,0.0,0.0
-0.3520679,7.077283,5.6282964,-1.158252,1.297586,-2.253046,0.0,0.0,0.0
-0.37122804,6.7850904,5.5061502,-0.9720844,0.80374813,-2.24194,0.0,0.0,0.0
-0.0071850587,7.0198026,5.4486694,-0.5640336,0.9568434,-2.2390375,0.0,0.0,0.0
0.3424878,7.180269,5.589976,-0.23677891,1.071495,-2.0597124,0.0,0.0,0.0
1.0562036,7.27128,6.564749,0.41819447,1.130187,-1.054327,0.0,0.0,0.0
2.0381618,7.695198,7.664063,1.340771,1.5214868,0.076618195,0.0,0.0,0.0
2.5938063,7.9706254,7.1323686,1.8154361,1.700192,-0.36737823,0.0,0.0,0.0
3.2284865,8.164622,6.9000516,2.3647406,1.8767657,-0.5757222,0.0,0.0,0.0
3.0895753,8.459209,8.571775,2.128967,2.1539407,1.1225338,0.0,0.0,0.0
2.3303542,8.725057,10.3393,1.3187295,2.4184918,2.8979125,0.0,0.0,0.0
1.7890797,9.829161,10.406361,0.7928355,3.5342116,2.953072,0.0,0.0,0.0
-0.95561284,10.341695,9.359736,-1.8967717,4.038056,1.9066334,0.0,0.0,0.0
-2.7566676,8.566985,10.791959,-3.6104398,2.2003455,3.3820086,0.0,0.0,0.0
-2.4860303,6.2869267,11.543995,-3.1986792,-0.17576933,4.2026005,0.0,0.0,0.0
-0.45984375,4.6894484,8.959768,-1.0257097,-1.8624091,1.6849246,0.0,0.0,0.0
0.6514453,4.727769,5.6282964,0.08426851,-1.9886065,-1.4948354,0.0,0.0,0.0
1.0849439,5.2187476,3.6188745,0.43494445,-1.5913482,-3.407539,0.0,0.0,0.0
0.51971924,6.758745,3.781736,-0.17761302,-0.0915041,-3.2009716,0.0,0.0,0.0
0.11256592,6.6988697,4.528982,-0.59281904,-0.11936474,-2.4841843,0.0,0.0,0.0
0.13651612,6.346802,5.2858086,-0.57848275,-0.3735528,-1.8202448,0.0,0.0,0.0
0.49337405,5.839058,5.8893533,-0.22162485,-0.8812971,-1.2167001,0.0,0.0,0.0
0.8933423,5.6977515,5.8127127,0.062146068,-0.730999,-1.5460005,0.0,0.0,0.0
1.1064991,5.9228835,5.144502,0.1905337,-0.3849187,-2.3082175,0.0,0.0,0.0
0.7951465,6.598279,4.9481106,-0.17309791,0.36491585,-2.5604239,0.0,0.0,0.0
0.28740236,7.1611085,4.91937,-0.6740968,0.95588017,-2.613295,0.0,0.0,0.0
0.035925295,7.158714,4.902605,-0.87795,0.9490371,-2.6323228,0.0,0.0,0.0
0.26105714,6.7611403,5.271438,-0.60547465,0.54245996,-2.2616568,0.0,0.0,0.0
0.7783814,6.478528,5.997129,-0.06887972,0.26816368,-1.5450134,0.0,0.0,0.0
1.0490186,6.878496,6.4282327,0.19078177,0.70134926,-1.1399026,0.0,0.0,0.0
1.1496094,7.1778736,7.0221977,0.26689136,1.0371866,-0.5727453,0.0,0.0,0.0
1.1448194,7.8891945,7.683223,0.24802774,1.7526011,0.08661938,0.0,0.0,0.0
1.2981006,9.072334,8.186177,0.41790193,2.9552312,0.5719347,0.0,0.0,0.0
1.0825489,10.102193,7.9945755,0.23564428,3.9835758,0.37777424,0.0,0.0,0.0
1.5040723,10.190808,9.05557,0.69392186,4.054145,1.449296,0.0,0.0,0.0
2.42376,10.109378,10.854229,1.6498036,3.9603596,3.2541666,0.0,0.0,0.0
2.8333082,10.298584,10.815908,2.0733747,4.146076,3.2172546,0.0,0.0,0.0
1.2621753,9.2184305,9.5633135,0.47821426,3.0336041,1.9933915,0.0,0.0,0.0
0.68737066,8.162227,10.291399,-0.11305535,1.91008,2.7787185,0.0,0.0,0.0
0.68737066,8.162227,10.291399,-0.11305535,1.91008,2.7787185,0.0,0.0,0.0
2.7231374,4.380491,6.100115,1.9045577,-2.052384,-1.2564087,0.0,0.0,0.0
3.3889527,4.605623,4.1146436,2.4700198,-1.953659,-3.117353,0.0,0.0,0.0
3.1494508,4.991221,3.7985013,2.1433427,-1.701417,-3.2984517,0.0,0.0,0.0
3.1398706,5.257068,3.8320315,2.059592,-1.4980421,-3.1944811,0.0,0.0,0.0
3.4536183,4.9552956,4.8906302,2.3104014,-1.77707,-2.1477442,0.0,0.0,0.0
3.0296998,4.4523416,6.6174393,1.8342476,-2.1777148,-0.50882435,0.0,0.0,0.0
1.7387843,4.981641,7.793394,0.5308757,-1.4910755,0.5259814,0.0,0.0,0.0
-1.5112574,6.607859,7.6161623,-2.6625283,0.3010416,0.19531202,0.0,0.0,0.0
-2.4932153,7.3958206,6.569539,-3.5275197,1.2185912,-0.9764819,0.0,0.0,0.0
-1.83219,7.189849,5.3792143,-2.592929,1.0598016,-2.2374907,0.0,0.0,0.0
-0.9508228,6.816226,4.6511283,-1.4174831,0.5667491,-2.891859,0.0,0.0,0.0
-0.87418216,6.832991,4.4523416,-1.2119073,0.49311304,-3.0217657,0.0,0.0,0.0
-0.8861573,7.048543,4.263135,-1.1825371,0.6481695,-3.1609993,0.0,0.0,0.0
-0.21076173,7.038963,4.8163843,-0.52305245,0.59981775,-2.5734916,0.0,0.0,0.0
0.244292,7.3862405,5.2187476,-0.12166341,0.9275694,-2.1516,0.0,0.0,0.0
0.73527104,7.575447,6.3899126,0.3082515,1.11238,-0.9732938,0.0,0.0,0.0
1.6525636,7.695198,7.5083866,1.1675348,1.2307377,0.14999723,0.0,0.0,0.0
2.4525,8.080796,8.289163,1.8993363,1.5579953,0.9872813,0.0,0.0,0.0
2.572251,8.57896,9.13221,1.9572358,2.093267,1.8022761,0.0,0.0,0.0
1.9399658,9.14179,9.877061,1.2673857,2.7023768,2.5114665,0.0,0.0,0.0
1.7842896,10.36325,10.547667,1.0832102,3.9765787,3.1389337,0.0,0.0,0.0
0.5292993,10.31535,10.36804,-0.16473156,3.9687266,2.9243126,0.0,0.0,0.0
-1.587898,8.717872,10.93087,-2.2342467,2.3756018,3.4791436,0.0,0.0,0.0
-2.5890162,6.3923073,10.866204,-3.1344733,0.015405178,3.435996,0.0,0.0,0.0
-1.2525953,4.8307548,9.362132,-1.6812785,-1.5963097,1.967576,0.0,0.0,0.0
-0.15088624,4.3469605,6.8904715,-0.51175165,-2.1372857,-0.45763826,0.0,0.0,0.0
-0.07185059,5.142107,5.127737,-0.41405192,-1.3869166,-2.1815128,0.0,0.0,0.0
-0.10777588,6.11688,5.005591,-0.46782702,-0.47347784,-2.2475424,0.0,0.0,0.0
0.07424561,6.983877,5.0415163,-0.28461403,0.3609233,-2.1819239,0.0,0.0,0.0
0.366438,6.7228203,6.1144853,0.027065754,0.12802935,-1.1356153,0.0,0.0,0.0
1.0562036,6.2845316,6.8425713,0.70607877,-0.22106028,-0.48716784,0.0,0.0,0.0
1.5471827,5.7312818,7.209009,1.1506691,-0.64307547,-0.23281384,0.0,0.0,0.0
1.6142433,5.5444703,7.031778,1.1452386,-0.69622564,-0.5183306,0.0,0.0,0.0
1.5016773,5.4031644,6.557564,0.9609998,-0.74333954,-1.0646768,0.0,0.0,0.0
1.0873389,5.6354814,5.8007374,0.50178564,-0.47682858,-1.8456459,0.0,0.0,0.0
0.79993653,5.872588,5.1564775,0.20258611,-0.26373196,-2.4697366,0.0,0.0,0.0
1.0106983,5.6785917,4.711004,0.41858262,-0.5141964,-2.8698382,0.0,0.0,0.0
1.341211,5.855823,4.3301954,0.7476877,-0.4006796,-3.198038,0.0,0.0,0.0
1.219065,6.2845316,4.976851,0.61318636,-0.027343273,-2.504027,0.0,0.0,0.0
0.50774413,7.0054326,5.7959476,-0.1021381,0.65369844,-1.6507902,0.0,0.0,0.0
-0.34727785,7.941885,6.12646,-0.9450295,1.5711656,-1.3050284,0.0,0.0,0.0
-0.15567628,8.856783,6.236631,-0.7283143,2.4773836,-1.1893873,0.0,0.0,0.0
0.1939966,9.869876,6.701265,-0.30899853,3.3868718,-0.63958216,0.0,0.0,0.0
0.6945557,10.722503,7.33355,0.22244963,4.2237735,0.0045642853,0.0,0.0,0.0
1.4825171,10.760823,8.698711,1.042414,4.2562933,1.3728809,0.0,0.0,0.0
3.2284865,10.540482,10.049502,2.8274071,4.036241,2.7211747,0.0,0.0,0.0
3.396138,10.133328,9.491463,3.0309465,3.6348104,2.1561852,0.0,0.0,0.0
1.6262183,7.788604,9.168135,1.2744426,1.2911887,1.8312254,0.0,0.0,0.0
0.92208254,5.5516553,11.6876955,0.56631184,-0.9679036,4.3706493,0.0,0.0,0.0
1.5232325,4.167334,10.394385,1.1915972,-2.388085,3.1083107,0.0,0.0,0.0
1.9998415,4.164939,6.6773148,1.6988808,-2.4183226,-0.584949,0.0,0.0,0.0
2.1722827,5.010381,4.0930886,1.8231413,-1.6409297,-3.1047273,0.0,0.0,0.0
2.823728,6.3012967,3.163821,2.3517208,-0.42447758,-3.9573843,0.0,0.0,0.0
3.4608033,6.3156667,3.1159205,2.9063144,-0.51741266,-3.8963518,0.0,0.0,0.0
3.3458424,5.760022,4.1170387,2.7405915,-1.1204038,-2.8445563,0.0,0.0,0.0
1.5663428,5.484595,6.5360084,0.93393224,-1.3629794,-0.45549917,0.0,0.0,0.0
-0.4047583,5.9061184,8.396939,-1.0139611,-0.8243904,1.2906389,0.0,0.0,0.0
-1.8489552,6.67013,9.086704,-2.202766,0.27179813,1.6633253,0.0,0.0,0.0
-0.69695073,6.5336137,6.9024467,-0.9358673,0.20957756,-0.5888734,0.0,0.0,0.0
1.1424243,5.7959476,5.350474,0.9350485,-0.5170212,-2.151114,0.0,0.0,0.0
1.6932789,5.362449,4.3086405,1.6112053,-1.063242,-3.0990677,0.0,0.0,0.0
1.4897022,5.585186,3.300337,1.4273913,-0.95050526,-4.0106993,0.0,0.0,0.0
0.05748047,6.967112,2.9961696,-0.016903155,0.34836292,-4.239646,0.0,0.0,0.0
0.011975098,7.1299734,4.8834453,-0.10236849,0.4882021,-2.3307204,0.0,0.0,0.0
0.18681154,7.055728,8.01613,0.020759389,0.45000792,0.76993895,0.0,0.0,0.0
0.15328126,7.189849,8.533455,-0.046667024,0.6491356,1.2293816,0.0,0.0,0.0
0.021555176,9.137,7.1395535,-0.18569846,2.6310172,-0.19526863,0.0,0.0,0.0
-0.019160157,10.197993,7.541917,-0.2147932,3.6592073,0.23600101,0.0,0.0,0.0
-0.033530276,10.183623,8.899893,-0.18260762,3.5890498,1.643188,0.0,0.0,0.0
0.4622388,10.075848,10.5620365,0.36554602,3.454,3.3293204,0.0,0.0,0.0
1.2837305,11.254197,9.80521,1.2049776,4.6470847,2.5588136,0.0,0.0,0.0
0.3784131,11.302097,7.817344,0.27986214,4.711844,0.5558543,0.0,0.0,0.0
-1.6286134,9.683064,7.7790236,-1.7389089,3.053195,0.55385494,0.0,0.0,0.0
-2.3255641,6.5072684,9.831555,-2.3651125,-0.21056652,2.6873603,0.0,0.0,0.0
-0.61552006,4.164939,9.036409,-0.52425045,-2.6152744,1.9518647,0.0,0.0,0.0
0.41912845,3.7338357,6.6294146,0.5783905,-3.0620437,-0.43889856,0.0,0.0,0.0
0.56522465,4.519402,4.9648757,0.67457557,-2.211156,-2.1666055,0.0,0.0,0.0
0.23231691,6.0689797,4.272715,0.21064956,-0.6602411,-2.8608336,0.0,0.0,0.0
-0.33290774,6.9383717,4.8331494,-0.4668524,0.22515678,-2.314242,0.0,0.0,0.0
-0.21076173,6.4354177,6.813831,-0.41163033,-0.22003412,-0.3858223,0.0,0.0,0.0
0.5748047,5.997129,8.037686,0.34622014,-0.55158377,0.74162626,0.0,0.0,0.0
0.9412427,5.973179,7.558682,0.6952329,-0.42548418,0.13123465,0.0,0.0,0.0
0.76401126,5.9300685,6.2989016,0.4725178,-0.307981,-1.2623258,0.0,0.0,0.0
0.31374758,6.0091043,5.9061184,-0.04983294,-0.10903454,-1.7493753,0.0,0.0,0.0
0.14849122,6.0043144,5.822293,-0.2754491,-0.06072235,-1.8722506,0.0,0.0,0.0
