0.126,-5.859,-0.248,0.065699816,0.1733141,0.043522835,0.041097444,0.118974276,9.949494
0.317,-6.287,0.25,0.047234178,0.14200068,-0.005166054,0.011643291,0.119288616,9.89641
-0.044,-7.367,0.398,-0.13628507,0.049729824,-0.08749151,-0.16678903,0.029282767,9.801609
-0.053,-8.193,1.821,0.009934902,0.16361666,-0.38539648,-0.1771922,0.34769812,9.654635
0.263,-8.04,1.313,-0.024063468,0.25298166,-0.30086374,-0.19157375,0.34313962,9.781099
-0.118,-8.754,-0.3,-0.0277884,0.17359924,0.36133337,0.084078714,-0.1113749,10.1834755
-0.46,-9.599,-2.33,-0.092181444,0.057384014,0.44727516,0.083473794,-0.26899183,10.170685
-1.721,-10.529,-3.041,-0.17387903,0.029729366,0.34085608,-0.02648974,-0.25769675,10.089833
-2.839,-7.707,-3.341,-0.20157743,0.11607885,-0.055558205,-0.22563623,0.028553512,9.880592
-2.57,-8.298,-4.24,-0.2007612,0.46931314,-0.11966944,-0.31917712,0.30907243,10.085003
-4.052,-11.557,-2.686,-0.07005012,0.537395,0.63988876,0.0849641,-0.046852957,10.639563
-5.964,-12.291,-3.431,-0.002513051,0.36975956,0.7653799,0.22797857,-0.20918767,10.598357
-7.105,-13.338,-3.562,-0.06212616,0.1548438,0.4741783,0.101499565,-0.20548986,10.254032
-6.777,-15.137,0.34,-0.059063554,0.18818617,0.51603365,0.1146085,-0.20656428,10.30604
-3.19,-15.194,0.553,-0.25077474,0.34018755,-0.13979769,-0.34675148,0.2125081,9.987655
3.38,-15.109,-3.285,-0.21941698,0.40270662,-0.10896683,-0.3188287,0.24962868,10.047947
5.63,-15.333,-0.503,-0.090860486,0.43537855,0.46843338,0.018095186,-0.02159476,10.451976
7.904,-15.665,1.319,-0.030150414,0.39864826,0.7605796,0.19502985,-0.19703786,10.6199465
9.098,-17.19,2.069,0.03436637,0.40912676,0.3110385,0.072882704,0.106707856,10.305262
5.731,-18.417,-4.014,0.040629506,0.4686308,0.14358902,2.6451817E-4,0.2505286,10.229873
2.01,-17.796,-2.23,0.03821957,0.4404273,0.42403936,0.1146413,0.06190684,10.405208
-4.563,-18.243,0.665,0.025370836,0.30303,0.2918334,0.07799432,0.04205533,10.218702
-3.769,-14.589,0.041,0.023320317,0.21457672,0.36758566,0.12359175,-0.064459495,10.209484
1.333,-6.399,2.218,0.008256316,0.22950792,0.65202904,0.21967188,-0.23095305,10.4200735
2.181,-0.533,2.463,-0.0139917135,0.31592464,0.39123678,0.07946255,-0.024911636,10.302771
2.426,1.33,2.764,0.011117697,0.4153924,0.16314697,-0.008381034,0.19025798,10.210411
2.879,2.239,2.495,0.020956278,0.4203925,0.37789536,0.084440105,0.06891424,10.361712
2.527,2.633,1.914,-0.007758975,0.35371208,0.33028316,0.053343464,0.040026836,10.286037
1.18,0.872,0.983,-0.08036399,0.24594879,0.28401184,-0.008417541,-0.03602736,10.189068
0.868,-0.047,0.318,-0.112976074,0.16602421,0.17771006,-0.063768744,-0.04040227,10.063962
0.736,-1.136,-1.77,-0.11359739,0.08768654,0.04858446,-0.099934496,-0.01655399,9.9193125
0.316,-3.689,-3.82,-0.12731409,0.15809345,-0.048901558,-0.16468218,0.0844794,9.903277
-0.471,-7.405,-6.316,-0.046366096,0.26304102,0.274652,0.015239281,-0.0044548684,10.189432
0.542,-12.181,-10.06,0.0027222633,0.23910427,0.38873482,0.108983845,-0.06895786,10.244439
-0.714,-19.614,-14.599,0.03480208,0.2633257,0.26243877,0.08280618,0.036738094,10.168893
-1.582,-15.67,-14.915,-0.0011073351,0.3125353,0.39586735,0.093652844,-0.024503237,10.301643
0.116,-4.69,-9.718,-0.15731394,0.21832037,0.27725697,-0.07437403,-0.08250534,10.17671
4.227,-10.66,-4.223,-0.2571491,0.16688347,-0.19989586,-0.34241217,0.12792198,9.824644
4.318,-19.614,3.357,-0.22913122,0.11860561,-0.26685524,-0.334299,0.14682797,9.739822
4.318,-19.614,3.357,-0.1867578,0.08260536,0.009346962,-0.18007909,-0.026417365,9.899725
4.318,-19.614,3.357,-0.122175336,0.17492914,-0.09199715,-0.18033567,0.12429318,9.884242
4.318,-19.614,3.357,-0.056390405,0.32055712,0.12072039,-0.0663281,0.12350351,10.124231
7.637,-10.08,7.733,-0.013577938,0.3842106,0.5686822,0.13568054,-0.08354034,10.474342
-6.918,-19.614,-1.432,-0.123492,0.2882061,0.6121917,0.07293569,-0.22103772,10.453887
-6.516,-18.796,1.863,-0.20975268,0.0674448,0.57239103,0.024250746,-0.38452503,10.283859
2.378,-4.614,-1.415,-0.21361291,0.021152496,-0.07890034,-0.22696747,-0.027004179,9.798918
3.422,-2.231,-0.129,-0.1867522,0.16723585,-0.6127882,-0.44331142,0.40427038,9.526663
0.6,-5.688,-0.322,-0.1489557,0.45357466,-0.50985956,-0.4261338,0.5532721,9.793404
-0.849,-8.548,-0.491,-0.09270668,0.58828354,0.035954,-0.18790704,0.3414472,10.25839
-0.3,-9.145,2.473,0.0049717426,0.50247765,0.6766019,0.16844094,-0.058950506,10.630331
0.914,-9.065,2.74,-0.016939402,0.36410093,0.78926563,0.2208424,-0.22988467,10.615462
0.648,-9.021,-0.201,-0.09072614,0.27050972,0.72044563,0.14677234,-0.283839,10.512584
0.644,-8.663,-2.636,-0.09283948,0.24714518,0.30923033,-0.0122398585,-0.055463012,10.209263
0.2,-8.223,-1.728,-0.12961113,0.30156803,-0.29753637,-0.29647192,0.32839972,9.829641
-2.646,-9.626,-1.364,-0.06692302,0.44546652,-0.19394302,-0.22991835,0.39070633,9.993785
-3.223,-8.592,-4.526,-0.009565353,0.5794158,-0.043875217,-0.14812076,0.4161972,10.184247
-3.062,-9.412,-4.049,-0.0021344423,0.6150603,-0.08707857,-0.1670886,0.4689969,10.178147
-5.715,-11.715,-2.412,-0.02647698,0.62523365,0.17824316,-0.08698855,0.30678403,10.373841
-4.967,-12.133,-4.035,-0.06337118,0.60239744,0.5582442,0.033961087,0.049610555,10.628186
-4.226,-12.628,-3.936,-0.040572524,0.4946766,0.8117137,0.17647256,-0.16403309,10.727075
-5.497,-14.097,-1.564,-0.16868865,0.34611225,0.8250551,0.09931621,-0.3273857,10.650405
-3.468,-15.139,0.059,-0.409294,0.2283907,0.6412549,-0.16243336,-0.40047163,10.473081
1.463,-14.031,-2.862,-0.3092116,0.27537727,0.42388391,-0.1682922,-0.19669534,10.339672
2.327,-14.031,-1.456,-0.15983975,0.28944254,0.043301105,-0.1878882,0.10280006,10.062249
5.647,-16.493,1.113,-0.027516484,0.26625633,-0.07503986,-0.11174661,0.213834,9.944737
10.03,-19.438,1.63,0.18881512,0.37857914,0.09251785,0.12270976,0.28288254,10.11071
6.768,-19.43,-4.449,0.4329142,0.37701178,0.15932465,0.36689004,0.34685567,10.1229105
2.106,-17.458,-2.338,0.618265,0.32347584,0.29171467,0.5968614,0.3104583,10.152132
-4.045,-17.668,1.057,0.6730046,0.35488224,0.55042744,0.7426651,0.19851746,10.345989
-5.053,-14.729,-0.114,0.12055457,0.26875448,0.63634634,0.30155486,-0.14749528,10.422288
0.653,-6.988,2.074,0.103946686,-0.0443058,-0.25156355,0.0037704243,0.16438213,9.585253
3.141,-1.315,3.02,-0.47882164,0.53781605,-0.27909803,-0.6457223,0.338587,10.061236
3.416,1.781,2.954,-0.089613676,0.10413885,-0.02955389,-0.112348795,0.05259582,9.872682
2.332,2.639,1.978,-0.3543675,0.07030153,-0.094341755,-0.36959624,-0.038026508,9.843686
1.613,2.015,1.293,-0.50050974,0.052444458,0.10265303,-0.42222798,-0.22868346,9.988929
0.956,1.074,0.847,-0.7290524,0.30650377,0.41792965,-0.5578023,-0.3453621,10.414687
0.48,-0.287,0.108,-0.7514529,0.5901518,0.37023115,-0.65870136,-0.14674732,10.57776
0.376,-0.6,-1.441,-0.88875175,0.7196264,0.26276064,-0.8588413,-0.0706442,10.603007
-0.858,-4.133,-5.092,-0.77998173,0.95731735,0.0119485855,-0.92501456,0.26102468,10.58201
-2.136,-8.614,-9.615,-0.49804044,1.1784115,-0.08497715,-0.78733087,0.55709,10.651446
0.751,-12.896,-10.958,-0.3128656,1.4154787,0.09004831,-0.634659,0.65943736,10.934446
1.027,-19.614,-11.581,-0.34239703,1.3474736,0.7965307,-0.40513083,0.10268941,11.353488
0.377,-14.697,-11.757,0.6546544,1.2338796,1.0907569,0.5838139,0.27760836,11.456765
0.584,-3.02,-8.827,0.7370268,0.97225857,0.9447684,0.6625517,0.20986736,11.184353
5.35,-6.887,-8.401,0.2554419,0.6606002,0.67558336,0.24834257,-0.01974345,10.753219
5.989,-19.614,0.736,-0.054189205,0.1177721,0.5757947,0.1267046,-0.39614597,10.225411
2.057,-18.792,0.699,-0.17015862,-0.07960987,0.4475999,0.04637427,-0.4530682,9.974628
-0.754,-3.309,-2.342,-0.2703758,-0.11709213,0.3498745,-0.06431024,-0.4486517,9.868305
-3.158,-0.448,7.86,0.010680079,-0.18004894,0.6936145,0.32536945,-0.6032306,10.016127
4.297,-8.119,8.019,-0.2375722,-0.25012493,0.35234165,0.008432211,-0.48886925,9.742746
-0.632,-14.441,-2.808,-0.43043286,-0.30080128,0.27946424,-0.16973647,-0.5427095,9.63198
-5.132,-16.078,1.967,-0.25873494,-0.22937965,0.447196,0.0150397755,-0.56482846,9.789752
0.86,-10.406,-0.014,-0.33183074,-0.34213352,0.5145006,0.012256355,-0.6936157,9.70357
3.556,-5.384,-2.45,-0.5978718,-0.41996288,-0.11628771,-0.42421627,-0.33009788,9.298302
2.732,-5.026,-0.487,-0.60362405,-0.26506424,-0.4475503,-0.6017532,-0.0013145134,9.284335
0.826,-7.706,-0.132,-0.5406328,-0.26239967,-0.5692172,-0.5922632,0.13371454,9.244076
-0.049,-8.539,0.656,-0.29975927,-0.030265808,-0.76937485,-0.5323496,0.48699397,9.403971
0.247,-7.245,2.593,0.30262864,0.23680592,-0.55164695,-0.019589921,0.6714618,9.833681
0.702,-6.72,2.015,0.41444933,0.16818142,0.12254572,0.34677994,0.14444591,10.0785885
0.163,-8.108,0.471,-0.070246935,-0.10307598,0.01823616,-0.018804736,-0.07868567,9.70997
-0.695,-10.186,-1.856,-0.5685036,-0.17080688,-0.9637599,-0.7892815,0.4857978,9.156852
-2.262,-11.095,-2.305,-0.6102264,0.077599525,-1.8814054,-1.2531347,1.3040489,9.002165
-3.255,-10.027,-2.719,-0.18785644,0.40680122,-2.5398943,-1.2553756,2.1435637,9.113104
-1.869,-7.656,-4.594,0.16629314,0.14215088,-1.6557281,-0.5304575,1.498597,9.294676
-3.436,-10.349,-2.228,0.10586047,-0.028305054,-0.09175992,0.0660198,0.11991987,9.765566
-3.765,-11.931,-3.132,-0.018831491,0.2378931,0.6907878,0.15056969,-0.5166921,10.301112
-5.512,-11.779,-3.719,1.335141,0.68550396,1.1211939,1.271478,-0.084811635,11.179874
-4.84,-12.323,-3.421,1.8513768,0.686985,1.0415597,1.6667076,0.24320142,11.272029
-4.0,-13.194,-1.21,0.9407351,0.62267685,0.2616601,0.63998455,0.41993645,10.6757
-3.354,-13.249,-0.582,0.46899366,0.08080864,0.545269,0.5656669,-0.19198371,10.215266
-0.542,-13.115,-1.418,-0.16852498,-0.25764465,0.23939991,0.044859294,-0.35779265,9.658104
1.703,-13.992,-0.535,-0.012896419,0.058470726,-0.9463787,-0.38168454,0.7674443,9.400984
7.653,-16.08,1.251,0.33355558,-0.024365425,-0.85817504,-0.021812519,0.8360425,9.420807
10.98,-19.461,-0.394,0.20792687,-0.2695341,-0.1397891,0.22512117,0.108906455,9.53668
7.444,-19.614,-6.252,-0.44832838,-0.23963451,0.41147804,-0.15591832,-0.63372374,9.763981
2.835,-16.618,-0.737,-0.7644151,-0.08883381,0.78639555,-0.36085093,-0.997903,10.097539
-4.395,-16.684,0.836,-0.9676908,-0.17822886,0.6540437,-0.5617694,-1.0291299,9.9524975
-6.587,-15.098,-1.051,-0.6326093,0.24289417,0.19352102,-0.563995,-0.31603584,10.087138
-0.031,-7.025,1.383,-0.1603947,0.56541634,0.12379265,-0.25822446,0.13133036,10.332787
2.494,-1.62,2.855,-0.24030456,0.7281742,0.41431808,-0.25900555,-0.006001347,10.63883
2.792,-0.445,3.474,-0.19300422,0.87638426,0.5938754,-0.17772974,-0.010564145,10.867917
2.724,1.729,3.264,0.057661235,1.0920234,0.527513,-0.014104439,0.28113097,10.9876995
2.736,2.681,2.886,-0.128762,1.0566969,-0.09041214,-0.3833704,0.62218076,10.585931
2.13,2.66,1.64,-0.22981817,1.0951223,-0.4426241,-0.59893686,0.85548604,10.404515
1.556,1.388,0.773,-0.23348546,1.1563907,-0.3553295,-0.5723517,0.8371893,10.506323
1.365,-0.08,-1.785,-0.21238995,0.95295286,-0.15412378,-0.43186972,0.59180266,10.470157
-1.179,-6.963,-7.048,-0.055425286,0.90520954,0.082722664,-0.1871143,0.46794626,10.56516
-1.768,-11.111,-9.845,-0.012054682,0.8982258,0.52683353,0.022243984,0.17970255,10.832186
0.906,-16.966,-11.132,0.22201669,0.8280277,0.8706784,0.38120168,-0.005543184,10.967536
1.346,-19.614,-14.737,0.19302404,0.5870385,0.4301591,0.2410271,0.13839705,10.50641
2.032,-10.844,-11.575,-0.045399904,0.57282495,-0.01458025,-0.13220778,0.34631363,10.245957
2.967,-2.052,-7.762,-0.029270291,0.49526453,0.24785662,-0.0032163258,0.12455003,10.347071
5.66,-9.892,-6.68,-0.38749683,0.24879313,-0.0059304237,-0.38978437,0.018361393,10.051229
1.994,-19.614,1.701,-0.4559245,0.16967583,-0.21190071,-0.5180331,0.09037359,9.877594
0.471,-16.974,-0.548,-0.4768089,0.23490477,-0.38975334,-0.6097895,0.24939136,9.826538
0.865,-0.868,-0.911,-0.46305537,0.35683155,-0.74264765,-0.74203014,0.5768275,9.706977
-1.542,2.002,2.87,-0.31430137,0.403718,-0.9276371,-0.68055165,0.78742313,9.608917
-2.276,0.049,8.114,-0.16439283,0.3068285,-0.792665,-0.4830398,0.68560255,9.591921
4.331,-8.1,6.872,-0.061798573,0.29143858,-0.68067455,-0.3458119,0.6338427,9.631345
1.068,-14.168,-1.048,0.119235516,0.3587036,-0.5240607,-0.1282441,0.6306988,9.7492285
-4.72,-12.426,-3.487,0.23441541,0.3291049,-0.30352306,0.06327432,0.5001401,9.841917
-6.477,-13.605,-3.487,0.32071102,0.3741684,-0.271976,0.14730853,0.53772444,9.883987
-5.7,-14.213,0.294,0.43740654,0.45450878,-0.3326583,0.22137864,0.672496,9.892115
-2.368,-13.655,-0.032,0.25878584,0.47818375,-0.47255707,8.797862E-4,0.7188066,9.854146
3.313,-13.83,-2.095,0.08664942,0.4129901,-0.37126255,-0.11145285,0.5439986,9.893531
4.77,-14.787,-1.064,0.016988873,0.39980078,-0.17797852,-0.21525879,-0.32236502,10.010488
8.774,-16.249,0.857,0.11662996,0.4276595,0.0057635307,0.06000681,0.3007312,10.126788
10.46,-18.274,1.414,0.12711024,0.4619832,-0.0019931793,0.063377365,0.33161637,10.146655
6.361,-18.482,-4.184,0.10461354,0.49497652,-0.11089897,-0.002887145,0.41965613,10.110171
0.634,-17.559,-1.754,0.22819614,0.54876566,-0.20928526,0.06569374,0.5669639,10.073585
-6.164,-18.212,-0.269,0.348848,0.5460386,0.41000223,0.41764757,0.17859152,10.424413
-3.973,-13.956,-0.459,0.012742162,0.5011196,0.56247616,0.023250898,0.19172035,10.534914
1.521,-5.706,2.323,-0.18693995,0.5595646,0.27392626,-0.12192231,0.087413825,10.43957
2.679,-1.558,2.81,-0.2621621,0.5744071,0.064136505,0.019568896,-0.3469158,10.337736
3.297,-0.095,3.106,-0.31410825,0.6038065,-0.08250141,-0.37829778,0.3180043,10.281852
3.587,2.125,2.472,-0.39273155,0.69983435,-0.3020048,0.050918434,-0.73889816,10.23868
2.288,2.082,1.382,-0.22205389,0.76940775,-0.23964357,-0.372945,0.56248933,10.299846
1.678,0.717,0.839,0.17572951,0.8169937,-0.124231815,-0.46277162,-0.4699871,10.334616
1.244,0.475,0.743,0.15907836,0.840281,-0.2209096,-0.026532022,0.7345937,10.296393
1.019,0.003,-0.249,0.044655323,0.8562274,-0.27050734,-0.3668341,-0.6571415,10.298474
0.683,-2.812,-2.849,0.14428914,0.813077,-0.27304888,-0.061153624,0.7480126,10.246204
-1.103,-6.639,-6.774,0.26190114,0.77946854,-0.19171476,-0.52240616,-0.4931682,10.250264
-0.062,-12.403,-11.7,0.4007343,0.69985867,0.20359468,0.37100804,0.44604847,10.402666
-2.576,-19.614,-15.523,0.417817,0.66952133,0.45292187,0.4913297,0.2648263,10.52528
-1.012,-11.068,-13.851,0.34648466,0.67035866,0.30025053,0.36393785,0.34341136,10.446338
2.063,-8.793,-7.983,0.40245223,0.60940266,-0.14500666,-0.67318964,-0.04676095,10.121285
2.651,-14.421,-4.14,0.5325953,0.48378754,-0.3524971,0.282412,0.7465326,9.876615
0.524,-19.614,-0.413,0.5913274,0.35831022,-0.3649478,-0.47660506,0.61806333,9.760979
4.887,-8.57,0.375,0.6289432,0.34347725,-0.23916721,0.43104178,0.62035185,9.817308
3.176,4.638,-3.906,0.57198226,0.3443408,-0.12087774,-0.28895456,0.6067657,9.899853
-3.959,0.375,10.829,0.39369857,0.31248713,-0.083180904,0.28443974,0.40398842,9.93096
3.223,-16.776,-2.891,0.3234192,0.3831606,-0.13897467,-0.45554036,0.19394718,9.966627
-6.364,-19.614,-0.495,0.46741438,0.48483324,0.07266474,0.3924024,0.43326837,10.148876
-0.369,-12.451,1.559,0.4572661,0.5453377,0.1217823,-0.4565118,0.36687857,10.228923
3.93,-4.222,-2.329,0.2220484,0.46150064,-0.099552155,0.09969793,0.4377389,10.072439
2.539,-3.797,-0.392,-0.16609251,0.3442526,-0.31222343,-0.1361646,-0.46047863,9.920661
0.418,-7.152,0.857,-0.26466846,0.30328608,-0.5304718,-0.49922937,0.43963528,9.776263
-1.142,-9.685,-0.474,-0.27694273,0.35477924,-0.74133825,-0.16873531,-0.8431388,9.693541
0.042,-7.786,2.071,-0.18079841,0.48755074,-0.5583215,-0.4586764,0.6042417,9.888044
0.858,-7.228,2.56,0.17119849,0.5311794,-0.1873498,-0.517362,0.064246096,10.080093
1.763,-7.084,1.744,0.35426617,0.5171685,0.019638062,0.26100865,0.447564,10.160084
0.285,-9.23,-1.688,0.3698964,0.51617527,0.078240395,0.29979166,0.41470385,10.190743
0.809,-8.678,-2.144,0.04515612,0.49025297,0.025982857,-0.009954678,0.30331534,10.195189
-0.999,-10.166,-1.549,-0.09480381,0.54274607,-0.25424528,-0.5043305,-0.18224102,10.090626
-2.372,-10.242,-3.119,-0.014164805,0.71319866,-0.52013063,-0.3231736,0.7858905,10.046074
-1.28,-8.35,-3.074,0.17285848,0.8644366,-0.42038155,-0.8963621,0.0697945,10.188111
-2.988,-10.815,-1.81,0.14522743,0.8334389,-0.19258022,-0.05916412,0.7073655,10.305581
-3.92,-11.566,-3.377,-0.11528957,0.6768031,-0.1808734,-0.55669564,-0.08963104,10.238072
-5.609,-11.694,-3.89,-0.35077155,0.54183245,-0.1070838,-0.43144345,0.26686656,10.219842
-5.916,-12.929,-2.129,-0.31294703,0.6026387,0.0077695847,-0.3589967,0.24267572,10.329526
-5.466,-14.006,0.835,-0.13732684,0.6782255,-0.21706629,-0.31115088,0.5092119,10.218784
-1.279,-13.998,-1.236,0.23183048,0.8691597,-0.69024515,-0.21593654,1.0935537,10.014338
2.913,-14.227,-2.436,0.4386214,0.9375324,-0.63563824,-0.024192367,1.1867803,10.064251
5.615,-14.979,0.483,0.6265476,0.79969263,-0.15795803,0.36484918,0.8678111,10.219939
10.181,-17.234,1.605,0.31448698,0.68314314,0.039417267,0.18731774,0.53513134,10.302319
8.695,-19.614,-3.147,0.04614389,0.5528116,0.10553312,-0.004331246,0.2978211,10.286389
4.084,-19.033,-4.45,-0.081166625,0.48131323,-0.04131031,-0.16981462,0.2949907,10.15893
-2.21,-17.783,0.616,-0.15893853,0.38830662,-0.35518074,-0.35766125,0.40671566,9.900764
-6.674,-16.795,-1.481,-0.2951876,0.26291943,-0.4680333,-0.5058053,0.34165552,9.754208
-1.197,-9.236,0.566,-0.59077287,0.16508293,-0.6843996,-0.8438416,0.29061356,9.587236
2.035,-3.232,2.262,-0.5496305,0.20883226,-0.9359703,-0.92191494,0.4931784,9.448052
2.141,-0.535,2.748,-0.11590397,0.45569706,-0.5492916,-0.42115852,0.5877302,9.810316
2.768,0.937,3.279,0.63251096,0.8340502,-0.20435,0.30603743,0.94070756,10.205245
3.351,3.309,3.11,1.1850338,1.1624932,0.3240013,0.93880373,1.0718327,10.717964
2.129,3.055,1.516,1.0088836,1.1927853,0.89218235,1.006178,0.6663326,11.140884
1.334,0.326,0.711,0.56505615,1.15242,1.1591139,0.7313873,0.27859017,11.3488455
2.205,0.122,0.386,-0.076014996,1.0738955,0.4152832,-0.12721838,0.39828405,10.882139
2.064,-0.751,-0.988,-0.6767049,0.90239334,-0.24462652,-0.89436334,0.42530474,10.399368
-0.021,-5.214,-5.51,-0.8282993,0.82707024,-0.55926657,-1.1432663,0.5027586,10.15748
-2.339,-11.446,-11.29,-0.8397198,0.7627907,-0.72697115,-1.210618,0.55857867,10.001225
-1.275,-17.671,-12.55,-0.9542122,0.8668995,-0.6221652,-1.2922277,0.5038285,10.1608095
-0.809,-19.478,-14.536,-0.7972567,1.0123463,-0.06938934,-0.957803,0.3199472,10.610098
0.776,-9.949,-13.831,-0.15922844,0.90592194,0.5024681,-0.13788134,0.18971369,10.8281765
3.92,-5.657,-10.765,0.15919936,0.6486192,0.20131207,0.06838255,0.35950816,10.400499
5.177,-16.66,-4.219,0.050168753,0.4107461,-0.24327135,-0.16251084,0.43012825,9.944454
-0.024,-18.159,6.457,-0.26760232,0.20149851,-0.242311,-0.38715118,0.14364499,9.826832
6.31,-6.052,-3.153,-0.7207689,-0.07998228,0.53817415,-0.36741322,-0.7326845,10.18575
2.11,-1.245,-1.752,-0.76995945,-0.0929575,0.4908309,-0.42206943,-0.7398276,10.148565
-1.124,-5.586,13.266,-0.59305394,0.2567706,-0.2515459,-0.6875691,0.0099563105,9.896481
3.437,-13.229,2.083,-0.11781943,0.65215683,-0.59024525,-0.5428659,0.694177,9.911507
-6.041,-17.071,2.073,0.036047935,0.8811207,-0.50998735,-0.4456906,0.8634163,10.112646
-3.469,-14.116,2.758,0.059236765,0.99579287,0.009938717,-0.23156548,0.6377084,10.538031
3.263,-4.92,-2.005,0.42711318,1.0856986,0.47919703,0.25655115,0.6140821,10.878043
2.155,-4.207,-1.255,0.8233314,1.1903958,0.4432521,0.53161,0.91485465,10.889157
0.599,-6.627,0.019,0.9958405,1.2324739,0.23220015,0.5573146,1.1599365,10.759832
0.086,-7.983,0.125,1.017809,1.1732764,0.13471222,0.54382306,1.1953729,10.646891
-0.796,-8.272,2.29,0.83709437,1.0209742,-0.08544254,0.33510014,1.1317929,10.404284
-0.777,-7.986,2.427,0.69153285,1.003314,-0.3793459,0.07888631,1.2094406,10.2063875
-0.197,-8.781,0.077,0.726367,1.1040063,-0.38473606,0.070007384,1.2948444,10.268105
-0.119,-9.44,-3.156,0.81604266,0.9368596,0.036842823,0.3938881,1.007905,10.418179
-2.393,-9.346,-2.936,0.38092238,0.5583439,0.2798028,0.26893714,0.4009904,10.356213
-3.452,-8.889,-1.524,-0.26539207,0.36217117,0.28376436,-0.20265734,-0.075531274,10.291777
-2.664,-7.838,-4.25,-0.13615596,0.4797349,0.35640526,-0.10144957,0.03244815,10.4102745
-2.551,-10.048,-3.243,0.3120759,0.62896633,0.5807066,0.32264507,0.25461286,10.619843
-5.465,-11.134,-2.906,0.13932526,0.59357166,0.3337493,0.07656142,0.27722156,10.439433
-5.465,-11.134,-2.906,-0.3452022,0.4632721,0.37323284,-0.26796067,-0.08450982,10.434458
-4.458,-13.139,-3.117,-0.3691827,0.39721918,0.961391,-0.0044645374,-0.44502637,10.81674
-4.458,-18.025,0.736,-0.15043175,0.42161512,1.0165067,0.19157004,-0.33444598,10.848342
-4.458,-18.025,0.736,0.38327658,0.5298724,0.6877341,0.44823962,0.20140974,10.618537
-4.458,-18.025,0.736,0.7642766,0.44987202,0.2747345,0.3939713,0.7334132,10.217594
-4.458,-18.025,0.736,0.08204138,0.14562416,0.13844681,0.08009399,0.06951591,9.996011
-4.458,-18.025,0.736,-0.20260012,-0.26977682,-0.025599957,-0.085406646,-0.27589664,9.630387
-4.458,-18.025,0.736,0.1036728,-0.5757098,-0.12416172,0.23352207,-0.2544085,9.3184395
-4.458,-18.025,0.736,0.7449685,-0.65731,0.11737633,0.9014174,-0.06266927,9.377312
-4.458,-18.025,0.736,0.9387307,-0.6858382,0.2932992,1.1516528,-0.048764795,9.476602
0.823,0.007,0.524,0.9017755,-0.67028856,0.11286402,1.0380868,0.0409273,9.364017
0.256,-3.363,-4.011,0.8540424,-0.8339343,-0.60674334,0.74760896,0.28092405,8.731878
-0.263,-6.299,-7.977,0.72205037,-1.0633888,-0.8096552,0.6491751,0.16289851,8.442931
-1.714,-9.504,-12.663,0.44175112,-1.4343596,-0.03482437,0.92117983,-0.62949526,8.802204
-2.001,-14.981,-13.531,0.23671553,-1.6886992,1.0669928,1.3423932,-1.4645048,9.4913435
-2.355,-16.716,-11.818,0.33001685,-1.5391736,1.1814909,1.4065156,-1.3712401,9.682953
-0.42,-8.527,-10.534,0.4342373,-1.0616322,0.5639372,1.0300995,-0.701596,9.523263
5.687,-9.267,-2.715,0.79053247,-0.44802618,0.25622702,0.9318121,0.04977663,9.663229
7.383,-17.955,1.951,1.1479261,0.048531055,0.24868631,1.012591,0.5794587,9.950949
4.455,-19.614,-3.748,0.7956709,0.32900667,0.31659698,0.64285624,0.5205941,10.203249
-1.693,-4.846,-0.419,0.3429949,0.32440948,0.52955675,0.36634737,0.15327789,10.39454
1.95,-9.774,-0.302,8.677668,-2.90447,-2.2303226,-7.178293,-4.2661076,5.4495144
1.696,-5.305,-0.411,8.192285,1.5436697,-3.0688848,0.0,0.0,0.0
-0.607,-7.015,0.511,5.6316843,-0.23393393,-2.845532,0.0,0.0,0.0
-0.94,-7.392,0.663,5.0152826,-0.6833458,-3.2991877,0.0,0.0,0.0
0.656,-7.512,2.851,6.2936177,-0.8930359,-1.6851838,0.0,0.0,0.0
1.863,-7.405,3.312,7.2248755,-0.85710907,-1.6423709,0.0,0.0,0.0
1.737,-8.988,-0.679,6.867425,-2.4321194,-5.862584,0.0,0.0,0.0
1.015,-9.826,-2.02,5.872906,-3.237276,-7.419984,0.0,0.0,0.0
-2.685,-10.893,-2.596,1.7913771,-4.3218913,-8.336467,0.0,0.0,0.0
-5.703,-10.633,-1.607,-1.6368465,-4.150357,-7.739871,0.0,0.0,0.0
-3.24,-6.906,-4.467,0.49908566,-0.5281234,-10.910004,0.0,0.0,0.0
-2.678,-9.325,-3.91,0.86392283,-2.9901114,-10.505025,0.0,0.0,0.0
-4.628,-12.194,-2.862,-1.2566779,-5.883509,-9.568883,0.0,0.0,0.0
-5.707,-12.837,-3.36,-2.5158474,-6.555307,-10.18109,0.0,0.0,0.0
-4.959,-12.773,-4.855,-1.8188095,-6.4746413,-11.684368,0.0,0.0,0.0
-5.129,-14.021,0.31,-2.0015085,-7.642951,-6.450892,0.0,0.0,0.0
-3.155,-13.682,0.671,0.136132,-7.216409,-5.927103,0.0,0.0,0.0
0.415,-13.929,-2.822,4.0430374,-7.294144,-9.065911,0.0,0.0,0.0
5.027,-14.626,-3.117,9.049825,-7.700058,-8.775495,0.0,0.0,0.0
9.817,-16.827,1.37,14.082085,-9.612698,-3.7224736,0.0,0.0,0.0
11.863,-19.523,1.489,16.299751,-12.115469,-3.1600938,0.0,0.0,0.0
6.482,-19.462,-5.098,10.991854,-11.933093,-9.473746,0.0,0.0,0.0
0.021,-18.143,-1.531,4.575634,-10.502546,-5.6600614,0.0,0.0,0.0
-6.72,-17.441,-0.63,-1.7731156,-9.807486,-4.2944474,0.0,0.0,0.0
-3.617,-12.069,-0.101,1.9657216,-4.613462,-3.1699631,0.0,0.0,0.0
-0.221,-7.915,1.474,5.8956857,-0.6757679,-1.0459328,0.0,0.0,0.0
2.929,-2.199,3.243,9.045686,5.040232,0.7230673,0.0,0.0,0.0
3.984,0.107,3.323,10.523013,7.2406144,1.7345276,0.0,0.0,0.0
3.106,2.266,2.403,9.840874,9.326153,1.420083,0.0,0.0,0.0
2.402,2.682,1.531,9.227772,9.702229,0.9873094,0.0,0.0,0.0
0.795,0.597,0.988,7.6709404,7.586845,0.8038447,0.0,0.0,0.0
0.305,-0.428,0.787,7.190927,6.5544333,0.7834137,0.0,0.0,0.0
0.569,-0.225,-0.63,7.463626,6.748816,-0.65027773,0.0,0.0,0.0
-1.438,-6.766,-9.101,5.5233517,0.13974237,-9.244804,0.0,0.0,0.0
0.295,-11.847,-13.739,7.366041,-5.055242,-13.945811,0.0,0.0,0.0
0.823,-17.114,-11.775,7.9239373,-10.357482,-12.085709,0.0,0.0,0.0
-0.224,-19.614,-12.476,6.9028273,-12.878632,-12.592361,0.0,0.0,0.0
1.698,-6.979,-9.775,8.882198,-0.30665493,-9.5814085,0.0,0.0,0.0
1.698,-6.979,-9.775,8.917608,-0.34565306,-9.559703,0.0,0.0,0.0
1.698,-6.979,-9.775,8.917608,-0.34565306,-9.559703,0.0,0.0,0.0
1.698,-6.979,-9.775,8.917608,-0.34565306,-9.559703,0.0,0.0,0.0
1.698,-6.979,-9.775,8.917608,-0.34565306,-9.559703,0.0,0.0,0.0
-4.802,-0.893,5.882,2.1063533,6.067055,5.933712,0.0,0.0,0.0
-0.26,-5.154,11.945,6.5799828,1.8413758,11.274376,0.0,0.0,0.0
1.5,-14.704,-2.822,8.2289915,-7.6355567,-3.7854075,0.0,0.0,0.0
-4.986,-17.579,0.471,1.5085435,-10.341404,-0.79726565,0.0,0.0,0.0
-0.725,-12.773,1.145,5.6477613,-5.5556808,-0.7174107,0.0,0.0,0.0
3.485,-5.861,-2.314,9.709453,1.2794409,-4.851851,0.0,0.0,0.0
2.501,-4.349,-1.136,8.391943,2.6408129,-4.6870136,0.0,0.0,0.0
0.8,-6.547,-0.322,6.5611033,0.38410044,-4.1872168,0.0,0.0,0.0
0.029,-8.104,-0.301,5.4672637,-1.2685676,-4.7588634,0.0,0.0,0.0
0.237,-6.935,1.788,5.299965,-0.17743874,-3.1991978,0.0,0.0,0.0
0.872,-6.076,2.179,5.617687,0.59211826,-3.2233167,0.0,0.0,0.0
0.059,-7.531,1.269,4.5110188,-0.9358721,-4.4628587,0.0,0.0,0.0
-0.524,-9.612,-0.949,3.6924646,-3.0695028,-6.9145284,0.0,0.0,0.0
-1.726,-10.455,-2.321,2.2659621,-3.9995537,-8.530815,0.0,0.0,0.0
-2.533,-11.086,-2.566,1.0700479,-4.8637094,-9.234697,0.0,0.0,0.0
-0.284,-8.335,-4.336,3.183047,-2.1821241,-11.139829,0.0,0.0,0.0
-1.028,-9.401,-3.663,2.0199113,-3.3130689,-10.721168,0.0,0.0,0.0
-3.819,-12.517,-2.284,-1.0607541,-6.4640994,-9.489891,0.0,0.0,0.0
-4.397,-12.722,-3.807,-1.8635278,-6.6862903,-11.1092,0.0,0.0,0.0
-6.246,-12.022,-3.131,-3.796822,-5.978695,-10.455643,0.0,0.0,0.0
-7.255,-13.938,-0.096,-4.8593473,-7.824583,-7.3800488,0.0,0.0,0.0
-6.917,-14.101,1.592,-4.422865,-7.9516253,-5.628448,0.0,0.0,0.0
-1.346,-13.768,-1.211,1.4856467,-7.4878554,-8.190393,0.0,0.0,0.0
6.032,-15.391,-3.451,9.275997,-8.841383,-9.989303,0.0,0.0,0.0
8.375,-15.902,-0.096,11.922596,-8.990465,-6.0806155,0.0,0.0,0.0
10.61,-15.838,2.105,14.344981,-8.613293,-3.3744063,0.0,0.0,0.0
9.838,-18.818,0.512,13.63637,-11.373993,-4.6192307,0.0,0.0,0.0
3.751,-18.568,-4.313,7.469824,-10.91844,-9.194082,0.0,0.0,0.0
-3.459,-17.294,-0.704,0.48465133,-9.544507,-5.2386837,0.0,0.0,0.0
-7.303,-16.966,-1.29,-2.6844788,-9.298247,-5.2956476,0.0,0.0,0.0
-1.024,-10.894,0.352,4.2635217,-3.4234004,-3.169738,0.0,0.0,0.0
2.026,-0.557,2.714,7.875155,6.736483,-0.24621463,0.0,0.0,0.0
1.793,-0.305,2.752,8.045183,6.857532,0.34810638,0.0,0.0,0.0
4.108,1.782,2.726,10.71517,8.802592,0.92962766,0.0,0.0,0.0
3.651,1.948,2.918,10.50737,8.870018,1.801654,0.0,0.0,0.0
1.982,0.902,1.117,8.955014,7.773506,0.5426788,0.0,0.0,0.0
1.03,-0.379,-0.424,8.066704,6.4454412,-0.7106658,0.0,0.0,0.0
-0.077,-1.614,-1.231,7.011687,5.160451,-1.3975085,0.0,0.0,0.0
-1.307,-4.14,-4.781,5.8412566,2.5718803,-4.9342113,0.0,0.0,0.0
-1.757,-7.043,-8.605,5.4634576,-0.41116095,-8.837566,0.0,0.0,0.0
-1.497,-10.063,-12.012,5.7952824,-3.5135312,-12.32422,0.0,0.0,0.0
-0.147,-14.866,-11.389,7.154665,-8.326897,-11.699134,0.0,0.0,0.0
0.092,-14.301,-9.616,7.3995337,-7.7614217,-9.681281,0.0,0.0,0.0
-0.933,-8.248,-10.114,6.409907,-1.7505007,-9.927964,0.0,0.0,0.0
-2.475,-5.819,-9.345,4.9474616,0.58768463,-9.166556,0.0,0.0,0.0
2.52,-8.554,-6.655,10.02216,-2.2384224,-6.6169815,0.0,0.0,0.0
9.41,-17.365,3.191,16.808584,-10.939492,2.8112707,0.0,0.0,0.0
8.358,-19.614,-4.719,15.514559,-12.931038,-5.2594194,0.0,0.0,0.0
0.53,-11.441,-2.815,7.6865587,-4.7580376,-3.3554194,0.0,0.0,0.0
-3.615,5.709,6.062,3.5013535,12.407679,5.252312,0.0,0.0,0.0
3.24,-2.206,11.219,10.314289,4.4573517,9.905786,0.0,0.0,0.0
2.471,-13.774,-5.621,9.10738,-6.80821,-7.520113,0.0,0.0,0.0
-8.227,-19.614,3.084,-1.7170434,-12.571817,1.034972,0.0,0.0,0.0
-2.377,-14.553,0.892,3.963792,-7.659685,-2.0143607,0.0,0.0,0.0
4.156,-3.888,-2.826,10.283838,2.8975015,-6.3724,0.0,0.0,0.0
5.13,-1.264,-0.028,10.940884,5.49537,-4.116387,0.0,0.0,0.0
1.237,-5.939,-0.005,6.8914375,0.8036127,-4.333382,0.0,0.0,0.0
-0.649,-8.948,-1.243,4.4952173,-2.3408728,-6.3472424,0.0,0.0,0.0
-0.286,-8.631,1.059,4.6658487,-2.0771346,-4.2979064,0.0,0.0,0.0
1.689,-6.632,3.183,6.150875,-0.18178082,-2.7039962,0.0,0.0,0.0
0.68,-7.826,2.02,5.014778,-1.3898077,-3.9762907,0.0,0.0,0.0
-0.535,-10.531,-1.971,3.5737903,-4.1448827,-8.176298,0.0,0.0,0.0
-1.301,-10.433,-3.501,2.6555142,-4.1068835,-9.864696,0.0,0.0,0.0
-1.618,-10.058,-3.295,2.2001898,-3.768731,-9.778587,0.0,0.0,0.0
-3.375,-10.633,-1.963,0.18076277,-4.363574,-8.6129055,0.0,0.0,0.0
-3.155,-12.125,-2.758,0.18053436,-5.8790836,-9.54277,0.0,0.0,0.0
-4.776,-12.136,-4.285,-1.6188519,-5.8957767,-11.159767,0.0,0.0,0.0
-5.703,-12.197,-4.107,-2.6976929,-5.9455304,-11.039362,0.0,0.0,0.0
-5.742,-13.2,-1.188,-2.783737,-6.8921766,-8.0894785,0.0,0.0,0.0
-4.642,-12.996,0.642,-1.6304858,-6.6399393,-6.191861,0.0,0.0,0.0
-0.714,-12.81,-0.173,2.759206,-6.1820936,-6.5116167,0.0,0.0,0.0
3.252,-14.564,-3.922,7.088455,-7.6253395,-9.693219,0.0,0.0,0.0
6.814,-17.25,-1.665,10.836187,-10.011841,-6.9187098,0.0,0.0,0.0
10.611,-19.614,0.127,14.8043785,-12.194508,-4.724503,0.0,0.0,0.0
5.277,-19.284,-4.658,9.537873,-11.746359,-9.262272,0.0,0.0,0.0
2.912,-17.996,-4.049,7.257079,-10.373768,-8.4298935,0.0,0.0,0.0
-4.188,-15.763,-1.193,0.50814915,-8.130871,-5.176364,0.0,0.0,0.0
-4.88,-13.509,-0.065,0.42458916,-6.0002155,-3.4781876,0.0,0.0,0.0
1.009,-7.796,2.71,6.92161,-0.53387785,-0.20084,0.0,0.0,0.0
2.844,-3.723,3.396,9.269966,3.3112864,1.0730414,0.0,0.0,0.0
3.114,-2.065,3.914,9.912486,4.816723,2.3037667,0.0,0.0,0.0
3.725,1.813,3.669,10.799345,8.5628805,2.9185739,0.0,0.0,0.0
2.494,5.152,1.594,9.691986,11.812275,1.603413,0.0,0.0,0.0
1.661,2.722,0.986,8.860445,9.36013,1.5090661,0.0,0.0,0.0
1.23,0.06,1.772,8.3945465,6.6891823,2.7173035,0.0,0.0,0.0
0.243,-1.381,0.629,7.383982,5.2491636,1.7324862,0.0,0.0,0.0
-0.236,-2.815,-1.619,6.8767633,3.8191876,-0.36739504,0.0,0.0,0.0
-0.855,-5.36,-5.922,6.277228,1.2566934,-4.688677,0.0,0.0,0.0
-0.632,-9.853,-15.155,6.595367,-3.3327675,-13.96247,0.0,0.0,0.0
1.963,-11.657,-12.364,9.281377,-5.2421656,-11.155013,0.0,0.0,0.0
1.156,-14.611,-6.774,8.531345,-8.271252,-5.516117,0.0,0.0,0.0
1.257,-12.86,-9.587,8.662962,-6.5959506,-8.143468,0.0,0.0,0.0
1.228,-8.333,-12.129,8.659878,-2.1420836,-10.513405,0.0,0.0,0.0
2.976,-6.973,-11.975,10.460092,-0.8525338,-10.332247,0.0,0.0,0.0
5.823,-7.847,-12.454,13.307092,-1.7265339,-10.811247,0.0,0.0,0.0
9.506,-19.282,-3.817,16.916437,-13.090219,-2.1088939,0.0,0.0,0.0
0.175,-18.026,-3.9,7.5223823,-11.743402,-2.2521782,0.0,0.0,0.0
0.175,-18.026,-3.9,7.481915,-11.696228,-2.2527628,0.0,0.0,0.0
0.175,-18.026,-3.9,7.481915,-11.696228,-2.2527628,0.0,0.0,0.0
0.175,-18.026,-3.9,7.481915,-11.696228,-2.2527628,0.0,0.0,0.0
0.175,-18.026,-3.9,7.481915,-11.696228,-2.2527628,0.0,0.0,0.0
0.175,-18.026,-3.9,7.481915,-11.696228,-2.2527628,0.0,0.0,0.0
0.175,-18.026,-3.9,7.481915,-11.696228,-2.2527628,0.0,0.0,0.0
0.175,-18.026,-3.9,7.481915,-11.696228,-2.2527628,0.0,0.0,0.0
5.676,-3.214,13.13,13.010849,3.2688072,13.716155,0.0,0.0,0.0
4.887,-13.937,-3.991,12.116901,-7.314353,-3.792353,0.0,0.0,0.0
-3.416,-18.188,-3.988,3.6291227,-11.366226,-3.9807246,0.0,0.0,0.0
-3.634,-17.605,1.872,3.2727544,-10.657764,1.4214092,0.0,0.0,0.0
1.661,-7.393,-2.989,8.460043,-0.39350462,-3.9639096,0.0,0.0,0.0
3.2,-2.378,-0.97,9.880768,4.632082,-2.5180478,0.0,0.0,0.0
3.2,-2.378,-0.97,9.7952385,4.6538925,-2.7660222,0.0,0.0,0.0
-1.119,-9.184,0.293,5.4762387,-2.1521072,-1.5030222,0.0,0.0,0.0
-0.134,-10.53,1.101,6.2960687,-3.463634,-1.110577,0.0,0.0,0.0
1.202,-7.137,0.659,7.500422,-0.051048756,-1.8488979,0.0,0.0,0.0
-0.002,-7.639,-0.281,6.130496,-0.5003233,-3.0381992,0.0,0.0,0.0
-0.143,-8.414,-1.871,5.7241597,-1.1924362,-4.9687138,0.0,0.0,0.0
-0.449,-9.175,-3.99,5.3213706,-1.9322443,-7.2173314,0.0,0.0,0.0
-1.031,-9.238,-3.198,4.5075645,-1.9492345,-6.7149,0.0,0.0,0.0
-1.902,-7.522,-3.663,3.4008675,-0.18620205,-7.436067,0.0,0.0,0.0
-3.406,-9.694,-3.49,1.6910226,-2.2988162,-7.4272566,0.0,0.0,0.0
-4.021,-11.751,-3.295,0.9063716,-4.3214164,-7.380667,0.0,0.0,0.0
-5.569,-11.862,-3.882,-0.81897545,-4.3769383,-8.075027,0.0,0.0,0.0
-6.975,-13.378,-1.723,-2.2583628,-5.8693886,-5.91161,0.0,0.0,0.0
-4.932,-15.65,0.552,-0.1774931,-8.109056,-3.5344706,0.0,0.0,0.0
-0.283,-15.206,-0.906,4.694956,-7.671584,-4.7299905,0.0,0.0,0.0
2.821,-14.506,-2.065,8.142921,-6.947254,-5.3380585,0.0,0.0,0.0
5.978,-15.468,-0.162,11.628712,-7.872532,-2.721042,0.0,0.0,0.0
9.59,-17.744,1.41,15.488953,-10.160332,-0.5548744,0.0,0.0,0.0
6.756,-19.399,-2.231,12.856955,-11.863294,-3.7013283,0.0,0.0,0.0
2.379,-18.128,-3.301,8.720479,-10.738733,-4.46494,0.0,0.0,0.0
-4.319,-19.329,1.174,2.145619,-12.025341,0.15632641,0.0,0.0,0.0
-5.91,-17.662,-1.021,1.2933326,-11.007629,-1.0622238,0.0,0.0,0.0
0.982,-8.543,2.178,8.452037,-2.1944256,2.4319444,0.0,0.0,0.0
3.362,-1.908,3.237,11.305579,3.7015872,4.502884,0.0,0.0,0.0
2.704,0.033,2.91,10.709684,5.4576216,4.538765,0.0,0.0,0.0
3.609,2.214,2.672,11.62188,7.1856585,5.363974,0.0,0.0,0.0
3.368,3.217,1.241,11.343273,8.065438,4.250657,0.0,0.0,0.0
0.001,-0.369,-0.112,7.82564,4.169848,3.6753771,0.0,0.0,0.0
1.887,0.796,-0.857,9.593946,5.2026935,3.3088622,0.0,0.0,0.0
2.597,0.134,-1.795,10.219976,4.4992285,2.5645165,0.0,0.0,0.0
1.093,-3.678,-3.036,8.702824,0.71342087,1.3201883,0.0,0.0,0.0
-1.615,-8.066,-5.16,6.004198,-3.5893927,-0.90815496,0.0,0.0,0.0
-0.669,-13.909,-9.549,6.95823,-9.323638,-5.4295106,0.0,0.0,0.0
-2.418,-19.614,-13.86,5.120262,-14.963726,-9.650496,0.0,0.0,0.0
-3.315,-17.019,-13.783,4.1279826,-12.472259,-9.299749,0.0,0.0,0.0
-3.498,-2.831,-9.266,3.9885037,1.6429312,-4.781963,0.0,0.0,0.0
1.734,-5.596,-0.952,9.396704,-1.2159872,3.322207,0.0,0.0,0.0
8.922,-18.123,4.674,16.719904,-13.614953,8.552219,0.0,0.0,0.0
4.773,-19.614,-7.621,12.531414,-14.831752,-4.000571,0.0,0.0,0.0
-0.11,-7.275,-3.621,7.505686,-2.591435,0.40838313,0.0,0.0,0.0
0.001,3.779,5.91,7.62181,8.520131,9.861618,0.0,0.0,0.0
3.87,-3.29,12.289,11.709873,1.7160954,15.394764,0.0,0.0,0.0
1.228,-12.495,-1.009,8.967745,-7.0385575,1.5393225,0.0,0.0,0.0
-8.382,-19.5,-0.82,-0.76244164,-13.778068,1.497802,0.0,0.0,0.0
-1.252,-13.87,0.037,6.3535748,-7.9730573,1.9215834,0.0,0.0,0.0
5.549,-4.028,-1.397,13.128977,2.0561833,-0.09428978,0.0,0.0,0.0
6.013,-1.738,-0.527,13.522785,4.527345,0.1933769,0.0,0.0,0.0
3.293,-4.337,-0.348,10.681351,2.110251,-0.22312842,0.0,0.0,0.0
-1.149,-9.484,0.863,6.063013,-2.8507972,0.46570322,0.0,0.0,0.0
-2.017,-10.066,1.829,4.9718866,-3.2608118,0.821398,0.0,0.0,0.0
-0.556,-8.216,2.565,6.2691374,-1.3105135,1.185819,0.0,0.0,0.0
0.283,-8.936,-0.395,6.9401336,-1.9361224,-2.08458,0.0,0.0,0.0
-1.215,-10.178,-3.404,5.2364264,-3.0997639,-5.5130367,0.0,0.0,0.0
-2.785,-10.242,-2.763,3.446088,-3.0975652,-5.273173,0.0,0.0,0.0
-3.268,-8.799,-3.885,2.8645098,-1.6154284,-6.522991,0.0,0.0,0.0
-4.623,-9.801,-3.565,1.2503548,-2.5214496,-6.5115633,0.0,0.0,0.0
-3.41,-12.338,-3.16,2.3349288,-5.0180364,-6.25585,0.0,0.0,0.0
-4.327,-12.265,-3.91,1.3181419,-4.8947043,-7.0693502,0.0,0.0,0.0
-5.305,-11.636,-3.192,0.28636217,-4.2231183,-6.347351,0.0,0.0,0.0
-3.386,-12.349,-1.592,2.2434762,-4.9192557,-4.638026,0.0,0.0,0.0
-3.386,-12.349,-1.592,2.2434762,-4.9192557,-4.638026,0.0,0.0,0.0
-3.386,-12.349,-1.592,2.2434762,-4.9192557,-4.638026,0.0,0.0,0.0
-3.386,-12.349,-1.592,2.2434762,-4.9192557,-4.638026,0.0,0.0,0.0
-3.386,-12.349,-1.592,2.2434762,-4.9192557,-4.638026,0.0,0.0,0.0
11.692,-19.36,-0.105,18.347145,-12.214403,-1.0104649,0.0,0.0,0.0
8.039,-19.614,-3.395,14.805972,-12.557221,-4.1568127,0.0,0.0,0.0
-1.59,-17.86,-0.679,5.3375134,-10.9565735,-1.4019237,0.0,0.0,0.0
-7.118,-17.636,-1.43,0.10740471,-11.012724,-1.7400066,0.0,0.0,0.0
-7.042,-15.373,-1.387,0.62297535,-9.261432,-1.1276176,0.0,0.0,0.0
1.126,-3.692,2.276,9.178541,1.8581014,2.999421,0.0,0.0,0.0
2.244,-2.087,2.935,10.481628,3.0748086,4.2263656,0.0,0.0,0.0
2.834,-0.127,3.362,11.152203,4.715712,5.2397695,0.0,0.0,0.0
2.979,1.948,3.03,11.270808,6.535234,5.554596,0.0,0.0,0.0
2.839,2.574,1.802,11.0130005,6.994857,4.934428,0.0,0.0,0.0
1.09,0.545,0.037,9.14172,4.8584666,3.6054988,0.0,0.0,0.0
0.632,0.111,-0.58,8.561791,4.378331,3.303125,0.0,0.0,0.0
-0.022,-0.581,-2.816,7.808849,3.7122307,1.2357101,0.0,0.0,0.0
-1.017,-4.093,-5.016,6.767604,0.27111912,-0.95092964,0.0,0.0,0.0
-2.384,-8.608,-7.475,5.3575964,-4.162139,-3.4163823,0.0,0.0,0.0
-0.994,-15.494,-10.725,6.732906,-10.9790945,-6.7148967,0.0,0.0,0.0
-0.851,-19.469,-13.72,6.8393865,-14.949316,-9.645592,0.0,0.0,0.0
-0.606,-9.576,-12.197,6.9846716,-5.167363,-7.824816,0.0,0.0,0.0
0.084,-4.257,-7.937,7.6878176,0.029498577,-3.4672937,0.0,0.0,0.0
5.132,-14.933,-2.241,12.863565,-10.654629,2.0120933,0.0,0.0,0.0
5.362,-19.614,1.68,13.18367,-15.194626,5.612046,0.0,0.0,0.0
3.961,-12.27,-4.807,11.732556,-7.876673,-0.7484317,0.0,0.0,0.0
1.783,3.287,0.041,9.553213,7.7349873,4.042197,0.0,0.0,0.0
-1.324,-0.985,11.87,6.6524415,3.7310414,15.080248,0.0,0.0,0.0
6.042,-11.087,4.763,13.885155,-5.849549,7.450824,0.0,0.0,0.0
-4.351,-19.027,-3.728,3.351241,-13.439999,-1.35497,0.0,0.0,0.0
-5.887,-17.962,2.224,1.8074274,-12.183971,4.1162343,0.0,0.0,0.0
0.556,-7.63,-1.378,8.2683735,-1.707634,-0.10707581,0.0,0.0,0.0
2.796,-2.613,-1.358,10.486965,3.4405522,-0.7464851,0.0,0.0,0.0
-0.487,-5.439,0.02,7.1149845,0.75561905,-0.06316364,0.0,0.0,0.0
-0.723,-7.692,0.94,6.723932,-1.3594694,0.15729582,0.0,0.0,0.0
-0.019,-8.436,1.982,7.257561,-1.9959469,0.6599722,0.0,0.0,0.0
2.079,-9.037,2.356,9.191309,-2.4783025,0.7532102,0.0,0.0,0.0
2.493,-8.843,-0.606,9.398676,-2.1131587,-2.3924074,0.0,0.0,0.0
-1.178,-8.864,-2.199,5.50008,-1.9982471,-4.304961,0.0,0.0,0.0
-1.792,-8.312,-1.599,4.7552843,-1.3936901,-3.9314735,0.0,0.0,0.0
-3.561,-9.259,-0.362,2.7344964,-2.258936,-3.1072164,0.0,0.0,0.0
-4.396,-9.788,-4.301,1.6771073,-2.7260203,-7.3695803,0.0,0.0,0.0
-3.287,-9.802,-3.1,2.5817826,-2.6603665,-6.3748813,0.0,0.0,0.0
-5.694,-11.837,-2.76,-0.0054688454,-4.6265273,-6.1980343,0.0,0.0,0.0
