-0.4263135,4.1242237,6.710845,-0.02103375,0.067506075,-0.13318348,0.070100814,-0.021807453,9.67494
-0.4622388,4.9648757,5.992339,0.029261662,0.08666623,-0.19305897,-0.08594335,0.041839752,9.615595
0.23231691,5.199588,5.7648125,0.07986382,0.14225116,-0.11882591,-0.13236177,0.09932403,9.691116
0.4981641,5.125342,6.1863356,-0.036831632,0.094120815,-0.15235138,-0.10162925,-0.02240398,9.656332
0.23710695,5.0918117,7.1491337,-0.0025207642,0.09439081,-0.068532944,-0.095208555,0.01147768,9.740194
-0.12933107,5.144502,8.586145,-0.031498596,0.11588366,-0.21702194,-0.123825826,-0.013475864,9.592162
-0.30416748,5.3863993,9.062755,0.013962856,0.13312711,-0.12362671,-0.1323807,0.033414893,9.685986
0.05269043,5.633086,9.0004835,0.076372325,0.07572615,-0.22661495,-0.068824254,0.087526985,9.581875
0.22273682,5.767207,8.466394,-0.016567314,0.14487009,-0.20026398,-0.14998545,0.005706335,9.609573
0.32093263,6.0282645,8.298743,-0.013928869,0.1523049,-0.0829134,-0.15443671,0.0089434255,9.72706
0.30416748,6.1575956,8.320298,0.06964645,0.08059068,-0.20027256,-0.073863596,0.08158874,9.608302
-0.06706055,6.212681,8.787327,0.058372475,0.21000935,-0.20506573,-0.20334645,0.089870974,9.606309
-0.29937744,6.4833183,9.74773,0.096937366,0.08070566,-0.16674614,-0.06884386,0.108714215,9.641858
0.28500733,7.479646,10.595567,0.04688734,0.085608765,-0.14758873,-0.080706246,0.05994029,9.6610365
0.0071850587,8.205338,9.469908,-0.0075924955,0.07813734,-0.28410053,-0.084420085,0.005871241,9.524311
-1.8465601,8.171807,9.692644,0.06419898,0.06612335,-0.25296307,-0.060868658,0.07480894,9.555289
-4.0571632,6.1791506,11.144027,0.04282676,0.06894985,-0.14519787,-0.06462503,0.053611025,9.6630535
-2.8213332,3.2500417,11.7930765,0.040628683,0.17938583,0.015262604,-0.17060766,0.06772316,9.825872
-1.3747413,2.1746778,10.380015,0.053239767,0.07251167,-0.23383904,-0.068272576,0.06499291,9.574514
-1.5088624,2.4093897,8.612491,0.06338747,0.15623988,-0.05181694,-0.14528129,0.087585516,9.758318
-2.0237916,3.4512234,6.622229,-0.008366812,0.15387866,-0.17875385,-0.15700369,0.017047055,9.631263
-2.0405567,3.9398074,6.1240654,0.061357718,0.06537111,-0.11169624,-0.057054594,0.07156021,9.696478
-1.7220191,4.0523734,7.29523,-0.03157365,0.022427455,-0.20510578,-0.031581584,-0.026547821,9.602038
-1.4106666,3.9757326,8.356223,-5.9260055E-6,0.061040282,-0.1787672,-0.063981816,0.010823184,9.629244
-0.8334668,4.0978785,7.965835,0.062469296,0.12569277,-0.118891716,-0.11618155,0.08285878,9.690578
-0.23231691,4.29427,7.2449346,0.11041146,0.11405556,-0.26020527,-0.09982682,0.12887375,9.5491
0.07903565,4.7133985,6.3012967,0.13621627,0.11870718,-0.08775997,-0.09687759,0.154068,9.721645
-0.026345216,5.237908,5.601951,0.050218266,0.14072207,-0.19794178,-0.13483654,0.07332884,9.611849
-0.14370118,5.5684204,5.127737,-0.055362035,0.08363272,-0.11172962,-0.093785584,-0.040656142,9.696677
-0.20118165,5.949229,5.2019825,0.09074418,0.16555607,-0.19077587,-0.15283062,0.116995916,9.619585
-0.21794678,5.6618266,6.3012967,0.0088753905,0.14849097,-0.26740837,-0.15078102,0.033598162,9.542507
-0.24668702,5.3001785,7.3072047,-0.043709546,0.09493831,-0.11171436,-0.103064515,-0.027358582,9.696955
-0.27542725,5.4031644,8.780142,0.069039874,0.12182003,-0.11172676,-0.111455254,0.08825019,9.6976595
-0.021555176,5.9372535,9.608819,0.05515512,0.12698981,-0.06383419,-0.117650315,0.07535111,9.7456255
0.7113208,6.581514,9.189691,0.050431952,0.16555917,-0.116529465,-0.15757012,0.0772021,9.693763
1.3268409,6.9862723,8.983719,0.0011154432,0.10601713,-0.15006828,-0.107470214,0.019448273,9.65889
1.2645704,7.0221977,10.30098,0.049188178,0.14205267,-0.030319214,-0.13243107,0.07238067,9.779434
0.9196875,6.7467704,12.540323,0.047610167,0.14020328,-0.21714401,-0.13455611,0.07177554,9.5926
0.94603276,7.0581226,13.8048935,-0.014844684,0.07081205,-0.12134457,-0.07482023,-0.0020793,9.6868305
0.16765137,8.229287,11.287727,-0.029399475,0.16751939,-0.20758438,-0.17435521,-3.3569442E-5,9.602645
-0.44307864,7.486831,9.606423,-0.024523642,0.083502114,-0.21237087,-0.0908347,-0.009179858,9.596079
0.23710695,5.872588,9.604029,0.083208084,0.15814054,-0.19561386,-0.14602998,0.109363414,9.614527
0.98195803,4.136199,9.239985,0.011945792,0.14369518,-0.2698574,-0.14514191,0.037446037,9.539919
1.5064673,3.1087356,8.576566,0.026586942,0.17019723,-0.14053059,-0.1660116,0.05596737,9.669791
1.7363893,3.06323,7.680828,0.043296073,0.14679678,-0.2123928,-0.14165261,0.06860414,9.597456
1.1711646,3.8799317,6.564749,0.05312694,0.11379178,-0.114209175,-0.1053937,0.0722719,9.694921
-0.15088624,4.145779,6.593489,0.067446575,0.0806181,-0.11900616,-0.07041951,0.08069802,9.689434
-0.3520679,3.051255,7.5706573,0.02748377,0.16741474,-0.0926733,-0.16202445,0.056383476,9.717543
0.6514453,2.2537134,9.13221,0.027603235,0.10570671,-0.13100624,-0.10202477,0.046001494,9.677914
1.1400293,2.0812721,9.285491,0.11189483,0.120762855,-0.20766163,0.0,0.0,0.0
0.68018556,3.1087356,6.8856816,0.04014021,0.12774885,-0.17412663,-0.12231553,0.06258968,9.635266
-0.21794678,4.2439747,4.3301954,0.07693799,0.1118779,-0.102295876,0.0,0.0,0.0
-0.28261232,5.2115626,3.427273,-0.001706413,0.088055894,-0.20288944,0.0,0.0,0.0
0.488584,4.89542,4.536167,-0.054747466,0.08999342,-0.20048428,0.0,0.0,0.0
0.57001466,4.751719,5.6905665,0.044038385,0.15479942,-0.15258789,0.0,0.0,0.0
0.25387207,5.110972,6.183941,0.027545549,0.15051964,-0.23642349,0.0,0.0,0.0
-0.61073,5.6809864,7.3622904,-0.04425199,0.13583244,-0.21007156,0.0,0.0,0.0
-1.0705738,6.598279,8.820857,0.010839686,0.11957443,-0.13104725,0.0,0.0,0.0
-0.38080812,6.4426026,9.644744,-0.028326128,0.1843051,-0.1741581,0.0,0.0,0.0
0.4263135,6.576724,9.620794,0.09953722,0.04566501,-0.13584423,0.0,0.0,0.0
0.5556446,6.5072684,9.74773,0.11181641,0.11242378,-0.06398678,0.0,0.0,0.0
0.122146,7.2449346,10.051897,0.068949476,0.04155183,-0.20052433,0.0,0.0,0.0
-0.7232959,7.4748564,8.126302,1.9403128E-4,0.091722965,-0.19573116,0.0,0.0,0.0
-0.17962648,6.8832865,11.06978,0.0979814,0.11080381,-0.17656994,0.0,0.0,0.0
1.1520045,6.8808913,12.003839,0.0429791,0.099156916,-0.068800926,0.0,0.0,0.0
3.0201197,7.7574687,11.04104,0.009863934,0.16120264,-0.11909199,0.0,0.0,0.0
0.8262818,8.727451,11.139236,0.029889159,0.08433083,-0.1693821,0.0,0.0,0.0
-1.1448194,6.1791506,10.763218,0.084556825,0.06993471,-0.092741966,0.0,0.0,0.0
-0.09580079,4.528982,11.934382,5.4126186E-4,0.18288732,-0.16460037,0.0,0.0,0.0
1.4441968,4.84752,9.845925,0.0032166834,0.09687626,-0.15981388,0.0,0.0,0.0
0.89573735,5.9875493,7.5227566,0.027483024,0.13752684,-0.18376255,0.0,0.0,0.0
-0.7711963,8.128696,8.928633,0.066252075,0.1951233,-0.13826084,0.0,0.0,0.0
-1.2597803,9.721385,12.509188,0.05730139,0.099341795,-0.18855667,0.0,0.0,0.0
0.014370117,8.032896,14.521004,0.028378231,0.15718707,-0.114317894,0.0,0.0,0.0
0.45744875,6.672525,14.679075,0.09293671,0.17357548,-0.15981579,0.0,0.0,0.0
0.5484595,5.8342676,14.726975,0.026433496,0.1182185,-0.14065075,0.0,0.0,0.0
0.9436377,5.738467,13.184583,0.038807023,0.09934121,-0.23645687,0.0,0.0,0.0
1.2310401,5.118157,10.032737,0.024773117,0.08272895,-0.16460991,0.0,0.0,0.0
1.5088624,4.622388,6.4186525,-0.013815499,0.08800511,-0.107138634,0.0,0.0,0.0
2.0501368,4.3254056,3.6068995,0.024599751,0.09524386,-0.10953522,0.0,0.0,0.0
2.4525,4.026028,1.1591895,0.09409461,0.14729957,-0.15263271,0.0,0.0,0.0
2.047742,4.3373804,0.34488282,0.087675415,0.18742111,-0.03047371,0.0,0.0,0.0
1.2406201,5.0367265,0.5963599,0.0877868,0.10316101,-0.08555126,0.0,0.0,0.0
0.43349856,5.1804276,0.77359134,0.05432027,0.18737757,-0.12627506,0.0,0.0,0.0
0.031135255,5.372029,1.3531861,0.04074021,0.08226748,-0.13346481,0.0,0.0,0.0
-0.859812,5.9707837,0.9364527,0.02849181,0.08682652,-0.20531082,0.0,0.0,0.0
-1.5687379,7.1706886,0.21315674,0.023217406,0.08480182,-0.20771313,0.0,0.0,0.0
-0.84544194,6.950347,-0.5484595,0.0019288212,0.14441845,-0.12388229,0.0,0.0,0.0
0.11256592,7.8365045,0.40715334,0.033378378,0.101145715,-0.16459465,0.0,0.0,0.0
0.9627979,8.715476,1.4106666,0.062348004,0.079790086,-0.14064789,0.0,0.0,0.0
2.3303542,10.595567,0.29937744,0.062400978,0.17515962,-0.109503746,0.0,0.0,0.0
4.4643164,10.9069195,-0.014370117,0.079283625,0.08926824,-0.09274578,0.0,0.0,0.0
2.7758276,10.542876,1.6573536,0.029162517,0.19920798,-0.15022182,0.0,0.0,0.0
1.1256592,10.090218,4.5649076,0.044041026,0.16086923,-0.2005167,0.0,0.0,0.0
0.7113208,9.934542,4.1936793,0.06604754,0.11511226,-0.09273529,0.0,0.0,0.0
1.22625,9.917776,1.8226099,0.049569435,0.14155792,-0.19811821,0.0,0.0,0.0
1.6789087,9.6615095,0.7927515,0.08841886,0.1604838,-0.2555933,0.0,0.0,0.0
0.9627979,9.431587,0.45026368,-0.04998229,0.05759868,-0.20530033,0.0,0.0,0.0
0.2682422,8.792117,0.021555176,0.021896087,0.124454364,-0.18613625,0.0,0.0,0.0
0.44786867,8.200547,0.7927515,0.029614462,0.16306905,-0.20051193,0.0,0.0,0.0
0.7376661,7.6377177,1.4609619,0.1807916,0.09380062,-0.1262703,0.0,0.0,0.0
0.78556645,7.438931,1.8513502,0.042048387,0.08685914,-0.11909008,0.0,0.0,0.0
0.7232959,7.585027,2.4333398,0.044987276,0.1441597,-0.1957264,0.0,0.0,0.0
-0.06706055,7.9538603,3.2021413,0.088497855,0.17820598,-0.16939163,0.0,0.0,0.0
-0.7783814,8.150251,3.9805226,0.08088822,0.120856434,-0.22448063,0.0,0.0,0.0
-0.9412427,8.571775,3.657195,0.04703981,0.10170427,-0.11191559,0.0,0.0,0.0
-0.8047266,9.057964,2.7135572,0.068941094,0.03151223,-0.21967506,0.0,0.0,0.0
-0.4981641,10.013577,1.585503,0.0619706,0.13001844,-0.21249676,0.0,0.0,0.0
0.07664063,10.221944,1.2382251,0.019045811,0.16333774,-0.14782715,0.0,0.0,0.0
-0.44547364,10.274634,-0.46942386,0.060218796,0.09631252,-0.23644257,0.0,0.0,0.0
-0.9196875,10.909314,0.62749517,-0.0022708997,0.09632228,-0.22446823,0.0,0.0,0.0
-0.75203615,10.962005,1.1927198,0.039983705,0.17287087,-0.1574049,0.0,0.0,0.0
-0.6993457,11.194322,1.4250367,0.013484559,0.16302375,-0.17895603,0.0,0.0,0.0
-0.13172609,11.074571,1.9351759,0.057173807,0.0362204,-0.20290756,0.0,0.0,0.0
1.0418335,10.729688,3.032095,0.019019473,0.11510365,-0.11907959,0.0,0.0,0.0
1.6118482,10.966795,3.755391,0.05505633,0.12906949,-0.14062595,0.0,0.0,0.0
0.8286768,12.003839,2.2848487,0.05475906,0.20332251,-0.085541725,0.0,0.0,0.0
0.3424878,12.413386,1.6645386,0.052764297,0.08137946,-0.14542103,0.0,0.0,0.0
-0.5245093,11.311678,3.1494508,0.10061922,0.19104667,-0.10229969,0.0,0.0,0.0
-1.219065,10.128538,4.145779,-0.06439783,0.1620156,-0.24120426,0.0,0.0,0.0
-1.104104,9.101074,4.157754,0.017123636,0.1134665,-0.13820553,0.0,0.0,0.0
-1.1663746,8.703502,3.415298,0.08405633,0.07219243,-0.18609428,0.0,0.0,0.0
-1.4441968,8.823253,2.5914114,-0.035972103,0.13025147,-0.12144089,0.0,0.0,0.0
-1.7938697,8.854387,2.1171973,0.011494249,0.10655001,-0.21724606,0.0,0.0,0.0
-1.2789404,8.394544,2.1603076,0.037867438,0.14310831,-0.17893982,0.0,0.0,0.0
-0.5005591,7.932305,2.9889846,0.059461277,0.11916977,-0.14780426,0.0,0.0,0.0
-0.12933107,7.812554,3.8224514,0.018580478,0.15940027,-0.13821507,0.0,0.0,0.0
-0.2083667,7.9826,3.3985329,0.10763082,0.16197145,-0.15019226,0.0,0.0,0.0
-0.5604346,8.406519,2.6225464,0.014145305,0.041707143,-0.15976238,0.0,0.0,0.0
-1.0250684,8.653206,2.2249732,0.07905676,0.14030331,-0.121450424,0.0,0.0,0.0
-1.0514137,8.753797,2.318379,-0.0016172146,0.1284204,-0.19330311,0.0,0.0,0.0
-0.6179151,8.669971,2.1267774,0.034588303,0.06863724,-0.12145424,0.0,0.0,0.0
-0.7041358,8.811277,2.4812403,0.008457998,0.08781439,-0.18612003,0.0,0.0,0.0
-0.48618898,9.0148535,2.440525,0.016145073,0.15467179,-0.15977001,0.0,0.0,0.0
-0.77359134,9.515413,2.3495142,0.12176031,0.16412593,-0.22682762,0.0,0.0,0.0
-0.9436377,9.812395,2.189048,0.1217263,0.08712043,-0.14538956,0.0,0.0,0.0
-1.1639795,10.770403,1.6884888,0.068742424,0.053300634,-0.15735817,0.0,0.0,0.0
-1.8729054,11.275752,1.453777,0.049833518,0.1783775,-0.23640442,0.0,0.0,0.0
-0.8669971,12.092454,1.3939015,0.04748752,0.19021346,-0.21245193,0.0,0.0,0.0
-0.09340577,12.27208,2.2417383,-3.3281138E-4,0.07087663,-0.12863445,0.0,0.0,0.0
-0.13891114,12.23376,0.92926764,0.057420064,0.08765757,-0.2148552,0.0,0.0,0.0
-0.86220706,12.008629,0.5843848,0.14379731,0.08528745,-0.09989548,0.0,0.0,0.0
-0.5508545,10.336905,3.7050953,0.015468304,0.04433173,-0.16215992,0.0,0.0,0.0
-0.10538086,8.904683,6.1695704,0.07551328,0.11883116,-0.166955,0.0,0.0,0.0
0.15567628,8.672366,5.2043777,0.09189594,0.1953704,-0.025648117,0.0,0.0,0.0
0.23471193,8.863968,3.774551,0.055734236,0.119280845,-0.18373013,0.0,0.0,0.0
0.17483643,9.635164,2.2920337,0.0421859,0.109621584,-0.2172575,0.0,0.0,0.0
-0.22273682,9.580078,2.5938063,0.047849353,0.15276009,-0.16696262,0.0,0.0,0.0
-0.22513184,9.14179,3.0105398,0.06238558,0.13597094,-0.19809723,0.0,0.0,0.0
0.098195806,8.047266,3.8464015,0.036706723,0.114233956,-0.16456223,0.0,0.0,0.0
0.62031007,7.479646,4.263135,0.010756677,0.16729183,-0.114274025,0.0,0.0,0.0
0.87178713,7.055728,4.2439747,0.056564786,0.17441829,-0.12864208,0.0,0.0,0.0
0.69695073,6.816226,4.014053,0.1285699,0.06880103,-0.16935253,0.0,0.0,0.0
0.57959473,6.947952,3.3817677,0.06657742,0.10033159,-0.13104057,0.0,0.0,0.0
0.3424878,7.197034,2.440525,0.1080194,0.09044017,-0.10708237,0.0,0.0,0.0
0.2706372,7.4940166,2.4189699,0.06730847,0.15059195,-0.08792877,0.0,0.0,0.0
0.011975098,8.135881,2.4860303,0.058332767,0.1700101,-0.07595825,0.0,0.0,0.0
0.17962648,8.605306,2.8764186,0.01027326,0.10019931,-0.14061642,0.0,0.0,0.0
0.20357667,9.163345,3.2021413,0.074758366,0.042649224,-0.111875534,0.0,0.0,0.0
0.026345216,9.821976,3.4751735,0.13024704,0.1026395,-0.10469246,0.0,0.0,0.0
-0.3424878,10.380015,3.0129347,0.027989112,0.10749328,-0.107087135,0.0,0.0,0.0
-0.50774413,11.100916,2.579436,0.06371772,0.08808212,-0.15977287,0.0,0.0,0.0
-0.8214917,11.58471,2.7973828,0.042454027,0.08112596,-0.16935635,0.0,0.0,0.0
-0.62749517,11.505674,4.0763235,0.05941448,0.068963975,-0.12863731,0.0,0.0,0.0
-0.29937744,11.256593,5.839058,0.076258264,0.10031037,6.8855286E-4,0.0,0.0,0.0
-0.364043,11.520044,5.9564137,0.045560226,0.13601947,-0.08313084,0.0,0.0,0.0
-0.7232959,11.8074465,4.0739284,0.062870584,0.17154013,-0.17173767,0.0,0.0,0.0
-1.0202783,11.383529,4.4212065,0.015441386,0.09760712,-0.15976906,0.0,0.0,0.0
-0.8047266,9.383687,6.2941117,0.030424003,0.1358086,-0.11186504,0.0,0.0,0.0
-0.6011499,7.8915896,6.6533647,0.028036231,0.18208507,-0.2028904,0.0,0.0,0.0
-0.5891748,7.194639,5.724097,0.030731233,0.18974459,-0.047224045,0.0,0.0,0.0
-0.7951465,7.1227884,4.4547367,0.07659836,0.14214215,-0.18374538,0.0,0.0,0.0
-1.341211,7.5395217,3.6332448,0.052907705,0.0700994,-0.10470581,0.0,0.0,0.0
-1.4226416,7.7430983,3.04407,0.06592253,0.16066563,-0.2076807,0.0,0.0,0.0
-1.0777588,7.8365045,3.0153298,0.073032446,0.16381319,-0.11668491,0.0,0.0,0.0
-0.58198977,7.788604,3.767366,0.046856962,0.12850682,-0.15980911,0.0,0.0,0.0
-0.3520679,7.5467067,5.8175025,0.06614432,0.074025154,-0.25322628,0.0,0.0,0.0
-0.4406836,7.7215433,5.743257,0.044829205,0.09522155,-0.14304733,0.0,0.0,0.0
-0.4406836,7.7215433,5.743257,0.08791001,0.1573928,-0.21250153,0.0,0.0,0.0
-0.10777588,8.013736,4.6774735,0.09235726,0.11441742,-0.23645401,0.0,0.0,0.0
0.050295413,8.193362,4.1960745,0.064357065,0.10967271,-0.1358633,0.0,0.0,0.0
0.21555176,8.523875,4.150569,0.088253394,0.124396145,-0.15742588,0.0,0.0,0.0
0.39757326,8.349038,4.615203,0.07133811,0.071986705,-0.18856716,0.0,0.0,0.0
0.23231691,8.619676,4.9409256,0.076243766,0.21322599,-0.18856621,0.0,0.0,0.0
0.15567628,8.878338,5.4271145,0.08625822,0.064549595,-0.19095707,0.0,0.0,0.0
0.4023633,9.266331,4.790039,0.12728775,0.117186666,-0.21490479,0.0,0.0,0.0
0.39757326,9.987232,4.0763235,0.04608565,0.119110286,-0.13106918,0.0,0.0,0.0
0.13891114,10.38241,4.1314087,0.056073822,0.027829483,-0.11190319,0.0,0.0,0.0
-0.16525635,10.435101,5.601951,0.055846013,0.027552351,-0.11189747,-0.005722296,-0.06286632,9.695232
0.4047583,10.200389,7.664063,0.08703114,0.099509984,-0.22925472,0.0,0.0,0.0
0.58677983,9.69504,6.2725563,0.07790683,0.08051497,-0.12387657,0.0,0.0,0.0
0.51013917,9.235196,5.015171,0.049693905,0.089680895,-0.11907768,0.0,0.0,0.0
0.60594,7.92512,6.361172,0.03540596,0.060973436,-0.123867035,0.0,0.0,0.0
0.244292,7.7383084,6.6030693,0.04542783,0.16162874,-0.03525257,0.0,0.0,0.0
0.0023950196,7.8868,5.49178,0.023498058,0.16873471,-0.20050812,0.0,0.0,0.0
0.12933107,8.140672,4.591253,0.09346173,0.18782686,-0.18134499,0.0,0.0,0.0
0.09340577,8.547825,4.25595,0.021966282,0.1637373,-0.17655182,0.0,0.0,0.0
0.028740235,8.344249,4.670288,0.10440913,0.07739794,-0.1765461,0.0,0.0,0.0
0.2562671,7.4844365,5.5947657,0.08508413,0.090553865,-0.20531178,0.0,0.0,0.0
0.40715334,6.5551686,6.662945,0.039641872,0.14129095,-0.13107586,0.0,0.0,0.0
0.79035646,6.0737696,6.952742,0.030195044,0.079349294,-0.17898178,0.0,0.0,0.0
1.1807446,5.942044,6.1863356,0.04206351,0.21233925,-0.13824368,0.0,0.0,0.0
1.1663746,6.071375,5.47741,0.05411652,0.14505988,-0.17895508,0.0,0.0,0.0
0.70174074,6.10251,5.245093,0.08042157,0.20080313,-0.10472298,0.0,0.0,0.0
0.35685793,6.11688,4.9361353,0.08721097,0.12816612,-0.056806564,0.0,0.0,0.0
0.09580079,6.373147,4.598438,0.092244476,0.059112772,-0.29871178,0.0,0.0,0.0
0.0071850587,6.957532,4.521797,0.07498678,0.11145845,-0.09033871,0.0,0.0,0.0
-0.05508545,7.3455253,4.5385623,0.060919426,0.06402585,-0.18614864,0.0,0.0,0.0
0.24668702,7.654483,5.4319043,0.025587756,0.066201314,-0.1238718,0.0,0.0,0.0
0.46942386,7.810159,5.8342676,0.050545745,0.14290588,-0.19093132,0.0,0.0,0.0
0.33290774,7.8484793,5.5947657,0.08682717,0.13547689,-0.095124245,0.0,0.0,0.0
0.021555176,7.937095,6.246211,0.120879926,0.17865133,-0.09033394,0.0,0.0,0.0
0.15328126,8.258028,7.1395535,0.040015317,0.16200095,-0.22206116,0.0,0.0,0.0
0.5556446,8.921448,6.4330225,0.027969925,0.011283204,-0.16937447,0.0,0.0,0.0
0.57001466,9.524993,4.799619,0.10988538,0.16974926,-0.085556984,0.0,0.0,0.0
-0.9963282,9.580078,5.721702,0.13867977,0.2319389,-0.090343475,0.0,0.0,0.0
-1.7148341,7.9466753,8.222102,0.104947336,0.052704275,-0.085562706,0.0,0.0,0.0
-1.8681153,6.476133,10.475816,0.059945155,0.16790237,-0.14783669,0.0,0.0,0.0
-1.2525953,6.576724,11.323653,0.04832936,0.11024983,-0.20531273,0.0,0.0,0.0
-0.50534916,7.2545147,9.108259,0.022353582,0.1361792,-0.11908245,0.0,0.0,0.0
-0.57719976,8.2197075,7.34313,0.03985142,0.14851497,-0.12866783,0.0,0.0,0.0
-1.0274634,8.847202,7.814949,0.093054034,0.20869252,-0.13825321,0.0,0.0,0.0
-1.2070899,8.636441,9.093889,0.1167018,0.11517386,-0.14783096,0.0,0.0,0.0
-1.0729688,8.54543,9.237591,0.12639615,0.0861208,-0.111899376,0.0,0.0,0.0
-0.847837,8.389753,8.083191,0.035124596,0.114754885,-0.15979862,0.0,0.0,0.0
-0.17723145,8.171807,6.706055,0.068616994,0.11895004,-0.17415619,0.0,0.0,0.0
0.2921924,7.7598634,5.6714063,0.105489224,0.123736694,-0.11427784,0.0,0.0,0.0
0.5460645,7.414981,5.0558863,0.093095526,0.200553,-0.14781284,0.0,0.0,0.0
0.92208254,7.062913,4.3182206,0.06239242,0.10982366,-0.19571781,0.0,0.0,0.0
1.1663746,7.0221977,4.006868,0.01279445,0.18614496,-0.14541435,0.0,0.0,0.0
1.2334352,7.192244,4.0763235,0.05909788,0.15974788,-0.13582993,0.0,0.0,0.0
1.3268409,7.4030056,4.423601,0.04970312,0.2556687,-0.12146187,0.0,0.0,0.0
1.7220191,7.774234,4.4116263,0.06633645,0.10954085,-0.12146187,0.059852265,-0.11539994,9.6872635
1.9232007,7.9347,4.591253,0.0691971,0.10240984,-0.066376686,0.052959356,-0.112784676,9.742177
1.9782863,8.133487,6.047425,0.09318827,0.09562197,-0.17655468,0.034328576,-0.13133645,9.631804
1.8681153,7.9394903,7.2904396,0.11685737,0.13396509,-0.11189079,0.0,0.0,0.0
2.1411476,7.3383403,8.660391,0.040281493,0.13904464,-0.20530319,0.09746022,-0.11219034,9.604117
2.2537134,7.3742657,8.866363,0.023711655,0.19162774,-0.16458511,0.14955881,-0.12720615,9.645958
1.9878663,8.380174,6.581514,0.04542172,0.08612427,-0.1478157,0.04868632,-0.08716026,9.660491
1.710044,8.883128,5.101392,0.06287364,0.16743466,-0.2052927,0.0,0.0,0.0
1.5783179,8.856783,5.0630717,0.0754479,0.15594469,-0.19571972,0.0,0.0,0.0
1.4418018,8.2125225,5.5324955,0.08269462,0.06747344,-0.114292145,0.0,0.0,0.0
1.0585986,7.711963,5.7696023,0.035140734,0.11517924,-0.138237,0.0,0.0,0.0
0.6658155,7.6281376,5.774392,0.12397215,0.064918965,-0.14302635,0.0,0.0,0.0
0.51732427,7.189849,5.352869,0.17651293,0.098421335,-0.16697693,0.0,0.0,0.0
0.27303225,6.5240335,5.934859,0.04025323,0.11026041,-0.14062786,0.0,0.0,0.0
0.28500733,6.183941,7.192244,0.06671274,0.07640523,-0.09751034,0.0,0.0,0.0
1.1352394,6.1647806,6.69408,0.13596337,0.08637984,-0.1693697,0.0,0.0,0.0
1.5998731,6.4330225,5.3480787,0.12428863,0.14395061,-0.13823605,0.0,0.0,0.0
1.4489869,7.067703,4.84752,-0.014340006,0.10838576,-0.17656231,0.0,0.0,0.0
1.0777588,7.3072047,5.3384986,0.019436426,0.2500674,-0.11429882,0.0,0.0,0.0
0.6730005,7.2353544,5.7935524,0.11548152,0.075170755,-0.25320816,0.0,0.0,0.0
0.100590825,7.158714,6.1528053,0.09647119,0.060750768,-0.09752941,0.0012251227,-0.114784494,9.710046
-0.4167334,6.792276,5.973179,0.11121284,0.10360038,-0.07357311,0.028335823,-0.15017258,9.734819
-0.30895755,6.7755103,6.4066777,0.018559063,0.094049856,-0.22685242,0.0,0.0,0.0
0.021555176,6.9862723,6.215076,0.085500926,0.09210296,-0.17417145,0.0,0.0,0.0
0.6610254,8.205338,6.09293,-0.65417504,0.451941,0.23413467,0.69698745,-0.18320411,10.216112
0.90052736,8.801697,6.945557,-0.40881884,1.0306363,1.1088953,0.0,0.0,0.0
1.5399976,10.260264,6.5407987,0.24048531,2.5485988,0.6237173,0.0,0.0,0.0
1.6238233,10.391991,6.478528,0.31746697,2.7058406,0.5298362,0.0,0.0,0.0
1.456172,9.206455,8.729847,0.15086973,1.545188,2.7489142,0.0,0.0,0.0
0.9412427,8.48316,9.280701,-0.36228836,0.873611,3.2337213,0.0,0.0,0.0
0.41912845,7.9562554,7.288045,-0.89666104,0.4040184,1.1722612,0.0,0.0,0.0
0.73048097,7.541917,5.807923,-0.6083649,-3.6382675E-4,-0.3151393,0.0,0.0,0.0
0.91010743,7.3718705,5.1540823,-0.4401484,-0.21295214,-0.91367483,0.0,0.0,0.0
1.0442286,7.30481,4.648733,-0.3060273,-0.2800126,-1.419024,0.0,0.0,0.0
1.583108,7.2808595,4.167334,0.2728616,-0.42046833,-1.7608356,0.0,0.0,0.0
1.8753004,7.278465,4.0763235,0.57227874,-0.4500184,-1.8180017,0.0,0.0,0.0
1.7363893,7.3958206,4.3397756,0.40949297,-0.31957912,-1.5663524,0.0,0.0,0.0
1.6214283,7.685618,4.505032,0.25668955,0.012197018,-1.4469833,0.0,0.0,0.0
1.3867164,8.056846,4.505032,-0.003790021,0.42574978,-1.4952397,0.0,0.0,0.0
1.2645704,8.238868,5.1876125,-0.12093675,0.6241722,-0.83461,0.0,0.0,0.0
1.0418335,8.416099,5.46304,-0.3436736,0.80140305,-0.55918264,0.0,0.0,0.0
0.45744875,8.713081,4.6774735,-0.7968434,1.051713,-1.3142347,0.0,0.0,0.0
0.15328126,8.782537,4.9385304,-0.9680603,1.0448422,-0.9810176,0.0,0.0,0.0
-0.39996827,8.907078,5.017566,-1.3118458,0.9974241,-0.707489,0.0,0.0,0.0
-0.46942386,8.880733,5.142107,-1.1722089,0.8587227,-0.45466328,0.0,0.0,0.0
-0.18681154,8.720266,5.0271463,-0.6751872,0.59986115,-0.4492483,0.0,0.0,0.0
0.91010743,8.698711,4.648733,0.6190363,0.47640514,-0.68787336,0.0,0.0,0.0
1.2693604,8.703502,5.391189,1.1334366,0.39240265,0.18758106,0.0,0.0,0.0
1.4034815,8.770562,6.5120583,1.3699375,0.40985012,1.3868484,0.0,0.0,0.0
1.1663746,8.828042,7.1491337,1.1893407,0.4687767,2.0215096,0.0,0.0,0.0
1.0514137,8.849598,7.462881,1.1046002,0.5262699,2.2773452,0.0,0.0,0.0
1.0849439,8.770562,7.5467067,1.1243404,0.55541515,2.1913152,0.0,0.0,0.0
0.98914313,7.692803,7.7071733,0.99855834,-0.46112013,2.2588859,0.0,0.0,0.0
0.847837,6.72761,9.625584,0.8316077,-1.3514667,4.0669293,0.0,0.0,0.0
0.91729254,6.1887307,10.145303,0.87784255,-1.8149133,4.478689,0.0,0.0,0.0
1.0777588,6.468948,7.6017923,1.0038024,-1.5031691,1.8912525,0.0,0.0,0.0
1.0777588,7.096443,6.1216702,0.9337358,-0.8366976,0.35843182,0.0,0.0,0.0
0.6179151,7.6496925,5.6833816,0.4565853,-0.30608702,-0.04810524,0.0,0.0,0.0
0.5005591,7.683223,5.841453,0.39489946,-0.3325777,0.19289827,0.0,0.0,0.0
0.54366946,7.582632,6.047425,0.48468536,-0.47663498,0.46037436,0.0,0.0,0.0
0.69695073,7.798184,5.7696023,0.64362687,-0.27794313,0.20689487,0.0,0.0,0.0
0.977168,7.965835,5.216353,0.8818071,-0.10560179,-0.3525977,0.0,0.0,0.0
1.1424243,7.654483,5.51094,0.9645146,-0.3973589,-0.08428764,0.0,0.0,0.0
1.1112891,7.077283,6.3012967,0.83635485,-0.9444275,0.66685057,0.0,0.0,0.0
0.7376661,6.8186207,6.6533647,0.37094244,-1.1726613,0.9810343,0.0,0.0,0.0
0.5508545,6.734795,5.606741,0.08043581,-1.204382,-0.13072824,0.0,0.0,0.0
0.49337405,6.744375,4.6607084,-0.041639566,-1.2147655,-1.0433464,0.0,0.0,0.0
0.3305127,6.6437845,4.6990285,-0.25908577,-1.370533,-0.92178106,0.0,0.0,0.0
0.39517823,6.473738,4.8091993,-0.23541453,-1.5967097,-0.7261963,0.0,0.0,0.0
0.31853762,6.861731,4.423601,-0.35030797,-1.2579885,-1.0347133,0.0,0.0,0.0
0.23710695,7.1419487,3.7649708,-0.47379836,-1.0240269,-1.6185074,0.0,0.0,0.0
0.2778223,7.4748564,3.2644117,-0.47691223,-0.7338066,-2.0477083,0.0,0.0,0.0
0.41194338,7.7335186,3.3530276,-0.3900664,-0.5046673,-1.9062002,0.0,0.0,0.0
0.22513184,8.384964,4.3709106,-0.62689817,0.14164448,-0.8723817,0.0,0.0,0.0
0.13172609,9.189691,4.608018,-0.7678137,0.96925735,-0.66319704,0.0,0.0,0.0
-1.1591895,10.095008,3.2404616,-2.094196,1.9100132,-2.0795033,0.0,0.0,0.0
-1.6741188,9.666299,4.232,-2.6164088,1.5120859,-1.1337533,0.0,0.0,0.0
-1.2741505,9.081915,5.8055277,-2.1931925,0.98045444,0.35648203,0.0,0.0,0.0
-0.9148975,8.732242,6.6126494,-1.8051549,0.7196083,1.0291424,0.0,0.0,0.0
-0.019160157,8.394544,6.631809,-0.8982925,0.49406862,0.8889866,0.0,0.0,0.0
0.5484595,7.795789,6.4138627,-0.33036172,0.005792141,0.52200127,0.0,0.0,0.0
0.13172609,7.4125857,6.11209,-0.72789824,-0.28521538,0.09749985,0.0,0.0,0.0
-1.2430152,7.8868,6.452183,-2.0393026,0.2562828,0.34386683,0.0,0.0,0.0
-1.7986598,8.167017,5.48699,-2.431432,0.5706644,-0.6827283,0.0,0.0,0.0
-1.5663428,8.617281,4.758904,-1.9739349,1.0004959,-1.4046049,0.0,0.0,0.0
-0.92208254,8.384964,5.1061816,-0.98171884,0.6687274,-0.94580364,0.0,0.0,0.0
0.22273682,7.831714,5.4486694,0.41259378,0.037539482,-0.49987555,0.0,0.0,0.0
1.1184741,7.7167535,5.4606447,1.4001467,-0.053005695,-0.51613474,0.0,0.0,0.0
1.0729688,8.243657,6.1456203,1.3661945,0.550982,0.0704937,0.0,0.0,0.0
1.1999048,8.674761,5.640271,1.4168378,1.0548139,-0.52898693,0.0,0.0,0.0
1.8489552,8.097562,5.6714063,2.0727997,0.54108286,-0.5751853,0.0,0.0,0.0
2.9602442,7.3958206,6.559959,3.1812034,-0.13165474,0.27834463,0.0,0.0,0.0
3.896697,7.3742657,7.561077,4.091651,-0.11133623,1.2287664,0.0,0.0,0.0
4.5720925,7.685618,8.303533,4.7506723,0.3507476,1.7967529,0.0,0.0,0.0
5.137317,8.337064,8.801697,5.2718463,1.0886598,2.197688,0.0,0.0,0.0
4.282295,8.837623,6.710845,4.354897,1.6626568,0.026162624,0.0,0.0,0.0
2.9937747,8.744217,7.0269876,3.0211368,1.6240029,0.28367853,0.0,0.0,0.0
2.8213332,7.795789,8.538245,2.8320673,0.7637348,1.7030063,0.0,0.0,0.0
2.6201515,6.71324,10.669812,2.6014352,-0.19009972,3.7046175,0.0,0.0,0.0
2.4501052,6.3851223,10.001602,2.3560703,-0.39689064,2.918816,0.0,0.0,0.0
2.4501052,6.3851223,10.001602,2.3560703,-0.39689064,2.918816,0.0,0.0,0.0
0.9268726,6.0043144,8.1071415,0.7299406,-0.6951494,0.94831467,0.0,0.0,0.0
0.49576905,5.455855,8.361013,0.14431986,-1.0915937,1.0687027,0.0,0.0,0.0
0.35685793,4.869075,8.552615,-0.053387016,-1.5367527,1.1386108,0.0,0.0,0.0
0.23710695,4.8666797,7.8700347,-0.2372615,-1.3719177,0.31852674,0.0,0.0,0.0
0.05508545,5.384004,6.5455885,-0.49200478,-0.8214588,-1.0282688,0.0,0.0,0.0
-0.07185059,6.006709,5.3959794,-0.6713886,-0.20712948,-2.1670327,0.0,0.0,0.0
-0.19639161,6.231841,5.1157618,-0.7959297,0.01800251,-2.4472504,0.0,0.0,0.0
0.021555176,6.205496,5.6354814,-0.53680164,-0.08157253,-1.8699431,0.0,0.0,0.0
-0.2203418,6.3060865,6.452183,-0.6975929,-0.025815964,-1.0210781,0.0,0.0,0.0
0.05508545,6.5791187,6.600674,-0.35392168,0.19963741,-0.836081,0.0,0.0,0.0
0.68018556,6.456973,6.2941117,0.29200587,0.039519787,-1.111022,0.0,0.0,0.0
1.096919,6.5384035,6.4330225,0.6757546,0.10253906,-0.9543085,0.0,0.0,0.0
1.21188,6.5623536,6.6581545,0.7341608,0.12686634,-0.72606325,0.0,0.0,0.0
1.4226416,6.5551686,6.7731156,0.89822423,0.11465597,-0.603549,0.0,0.0,0.0
1.3747413,6.5192432,7.084468,0.8372018,0.049858093,-0.26594067,0.0,0.0,0.0
1.3507911,6.871311,7.33355,0.8371247,0.35819197,0.020149708,0.0,0.0,0.0
1.5567628,7.7790236,7.702383,1.0794138,1.2259221,0.42231464,0.0,0.0,0.0
1.9232007,8.722662,7.6520877,1.4845555,2.139791,0.39648342,0.0,0.0,0.0
1.0825489,7.7694435,7.8029737,0.69811964,1.1560221,0.57211876,0.0,0.0,0.0
0.2921924,6.8689165,8.758587,-0.021398485,0.23937035,1.5390878,0.0,0.0,0.0
-0.6394702,6.109695,9.606423,-0.8903321,-0.48691416,2.354375,0.0,0.0,0.0
-0.859812,5.5492606,8.722662,-1.0987684,-0.96753216,1.398407,0.0,0.0,0.0
-0.45984375,5.2738333,7.917935,-0.76456803,-1.1367898,0.5029874,0.0,0.0,0.0
0.5628296,5.158872,7.5035963,0.21553147,-1.0904927,-0.04592085,0.0,0.0,0.0
0.57959473,5.398374,7.606582,0.15073124,-0.7389631,-0.030142307,0.0,0.0,0.0
-0.13651612,5.640271,7.7694435,-0.5791296,-0.40423632,0.05981207,0.0,0.0,0.0
-0.47900394,5.621111,7.9347,-0.8748933,-0.34765673,0.1637621,0.0,0.0,0.0
-0.43349856,5.738467,8.143066,-0.7808346,-0.15456343,0.31223345,0.0,0.0,0.0
-0.17723145,5.807923,7.6161623,-0.5087337,-0.011373997,-0.27029943,0.0,0.0,0.0
0.23710695,5.8175025,6.9383717,-0.10729694,0.048480988,-0.9843912,0.0,0.0,0.0
0.5891748,5.9396486,6.569539,0.22623163,0.18807602,-1.3650732,0.0,0.0,0.0
0.21794678,6.382727,6.200706,-0.15647377,0.621932,-1.7266788,0.0,0.0,0.0
0.12693603,6.8114357,5.831873,-0.25678986,1.0247526,-2.0761895,0.0,0.0,0.0
0.244292,6.8880763,5.604346,-0.15701546,1.0713353,-2.2807584,0.0,0.0,0.0
0.46942386,6.72761,6.72761,0.031282306,0.89354944,-1.142724,0.0,0.0,0.0
0.57719976,6.583909,7.592212,0.09352979,0.7643399,-0.28618097,0.0,0.0,0.0
0.5292993,7.173084,8.48316,-0.002324164,1.3838367,0.5855408,0.0,0.0,0.0
0.5005591,8.138277,8.248447,-0.08595568,2.4040537,0.31465435,0.0,0.0,0.0
0.1460962,8.794512,7.6233473,-0.50391185,3.0993886,-0.3336277,0.0,0.0,0.0
-0.06706055,8.892708,8.4304695,-0.77884895,3.208921,0.47067595,0.0,0.0,0.0
0.6322852,8.459209,9.532178,-0.11623579,2.7784715,1.5735769,0.0,0.0,0.0
0.5676197,7.767049,8.799302,-0.17932707,2.091154,0.8370991,0.0,0.0,0.0
0.3784131,6.7300053,9.390872,-0.3423535,1.0489421,1.4299421,0.0,0.0,0.0
0.97237796,5.0989966,13.34505,0.29523152,-0.5842147,5.3818235,0.0,0.0,0.0
2.3566992,4.840335,10.748848,1.7580844,-0.8089471,2.7552466,0.0,0.0,0.0
3.4488282,4.9433208,6.104905,2.8803163,-0.70312643,-1.8928957,0.0,0.0,0.0
4.3469605,5.0918117,3.3099172,3.7101321,-0.66145134,-4.6061935,0.0,0.0,0.0
4.3278003,5.0487013,4.1625443,3.6158564,-0.86944485,-3.6245646,0.0,0.0,0.0
3.3458424,5.233118,6.342012,2.6461172,-0.80656767,-1.352335,0.0,0.0,0.0
1.1112891,5.575606,7.2257743,0.49111712,-0.5000925,-0.44701338,0.0,0.0,0.0
-0.23471193,5.51094,7.4676714,-0.7688274,-0.5425019,-0.22914267,0.0,0.0,0.0
-0.9627979,4.6104126,8.394544,-1.3684515,-1.3216653,0.59606266,0.0,0.0,0.0
-0.2562671,4.0499783,9.034014,-0.5218346,-1.6926847,1.0890985,0.0,0.0,0.0
0.6227051,3.9350173,8.303533,0.3571376,-1.8076456,0.3586173,0.0,0.0,0.0
1.0226734,4.5864625,6.8425713,0.7166532,-0.8816123,-1.2923479,0.0,0.0,0.0
0.7496411,5.096602,5.9468336,0.44362095,-0.37147284,-2.1880856,0.0,0.0,0.0
0.3784131,5.465435,6.2845316,-0.07254839,0.030553818,-1.8658724,0.0,0.0,0.0
0.29698244,5.647456,6.720425,-0.1824533,0.22229958,-1.4348311,0.0,0.0,0.0
0.25866213,5.5564456,7.062913,-0.20694157,0.10683584,-1.0768261,0.0,0.0,0.0
0.22752686,5.48699,7.4580913,-0.19465177,-0.020919323,-0.64469194,0.0,0.0,0.0
0.17004639,5.5396805,7.6113725,-0.20804137,-0.040284634,-0.4441495,0.0,0.0,0.0
0.0023950196,5.623506,8.1143265,-0.35746565,-0.020904064,0.10298824,0.0,0.0,0.0
0.028740235,5.8175025,8.236472,-0.34723988,0.12280941,0.26154232,0.0,0.0,0.0
0.49576905,6.701265,8.190968,0.07874629,0.95927906,0.25207043,0.0,0.0,0.0
0.366438,7.932305,7.671248,-0.08981663,2.1432414,-0.23121786,0.0,0.0,0.0
-1.5208374,6.552774,7.486831,-2.007339,0.73819256,-0.39506912,0.0,0.0,0.0
-1.83219,3.9350173,11.311678,-2.3095365,-1.8495162,3.4071417,0.0,0.0,0.0
-1.0011182,3.0105398,13.160633,-1.4191394,-2.621518,5.143429,0.0,0.0,0.0
-0.84065187,4.8091993,10.870995,-1.2501004,-0.59718275,2.6994724,0.0,0.0,0.0
-1.7004639,6.2270513,8.461604,-2.1229243,0.98465014,0.1845789,0.0,0.0,0.0
-1.8872755,6.239026,8.202942,-2.272786,1.0755892,-0.1253643,0.0,0.0,0.0
-1.4944923,5.5947657,8.729847,-1.7611401,0.47399282,0.3706026,0.0,0.0,0.0
-1.6669337,5.7791824,8.169412,-1.771881,0.6880441,-0.21150017,0.0,0.0,0.0
-1.9758912,6.344407,7.1323686,-1.9270221,1.2572756,-1.2514901,0.0,0.0,0.0
-1.6405884,6.576724,6.1791506,-1.4349575,1.4422297,-2.173398,0.0,0.0,0.0
-1.0873389,6.444998,6.1575956,-0.7060778,1.1795292,-2.1067781,0.0,0.0,0.0
-0.5891748,6.0522146,6.2821364,-0.20572758,0.7592659,-1.9645629,0.0,0.0,0.0
0.014370117,5.8031325,6.3156667,0.3489348,0.51858807,-1.9385467,0.0,0.0,0.0
0.34488282,5.944439,6.253396,0.5978798,0.6876049,-2.021389,0.0,0.0,0.0
0.13891114,6.1575956,6.8856816,0.31294376,0.92665577,-1.4075313,0.0,0.0,0.0
-0.244292,6.4042826,7.2928348,-0.102827474,1.1852331,-1.0084844,0.0,0.0,0.0
-0.24189699,6.013894,8.286768,-0.07286216,0.77583885,-0.0020551682,0.0,0.0,0.0
0.26345217,5.877378,9.230406,0.4988672,0.581872,0.9797945,0.0,0.0,0.0
0.76401126,6.6557593,9.14179,1.0514594,1.3341188,0.90966415,0.0,0.0,0.0
1.1807446,7.8341093,9.208851,1.4718692,2.4777308,0.99941444,0.0,0.0,0.0
1.951941,9.980047,9.08431,2.2164001,4.570974,0.9085913,0.0,0.0,0.0
0.5963599,8.210127,7.486831,0.8504862,2.721787,-0.63621855,0.0,0.0,0.0
-0.7759864,5.5468655,11.852952,-0.5137136,-0.039973736,3.7975912,0.0,0.0,0.0
-0.62031007,3.5134938,15.371236,-0.3004743,-2.1182268,7.3492775,0.0,0.0,0.0
1.3196558,3.796106,10.571617,1.7450649,-1.7978303,2.5281534,0.0,0.0,0.0
2.5818312,4.481082,6.6653395,3.0103588,-1.1111512,-1.3791418,0.0,0.0,0.0
2.8764186,4.993616,5.513335,3.1660602,-0.67048216,-2.4869452,0.0,0.0,0.0
1.961521,4.5553274,5.518125,2.0963771,-1.1747355,-2.4391727,0.0,0.0,0.0
0.57719976,3.9901028,6.4976883,0.6232899,-1.7577496,-1.4477797,0.0,0.0,0.0
-0.36164796,3.4967287,7.3838453,-0.3324869,-2.2216332,-0.5829525,0.0,0.0,0.0
-0.5891748,3.8775368,7.32397,-0.5124221,-1.7913499,-0.6777935,0.0,0.0,0.0
-0.4263135,4.766089,6.2893214,-0.269226,-0.86324835,-1.7391458,0.0,0.0,0.0
-0.5005591,5.362449,5.230723,-0.27297693,-0.25508785,-2.804317,0.0,0.0,0.0
-0.9484278,6.119275,5.2019825,-0.68497604,0.49980736,-2.8306112,0.0,0.0,0.0
-1.1735597,6.495293,5.8677983,-0.9009999,0.8861766,-2.1717238,0.0,0.0,0.0
-1.4034815,6.4042826,7.1611085,-1.1324903,0.83703756,-0.90751886,0.0,0.0,0.0
-1.2813355,6.2581863,8.143066,-1.0147048,0.7548752,0.030553818,0.0,0.0,0.0
-0.9627979,6.0258694,7.783814,-0.62570786,0.50939274,-0.31712675,0.0,0.0,0.0
-0.86220706,5.8103175,8.131092,-0.50754124,0.3054886,0.022981644,0.0,0.0,0.0
-0.51492923,5.7839723,8.854387,-0.15684628,0.2602811,0.75926495,0.0,0.0,0.0
-0.35925296,6.4905033,8.808882,0.016734898,0.925611,0.7428417,0.0,0.0,0.0
0.20357667,7.3551054,8.258028,0.59932417,1.7317653,0.23357677,0.0,0.0,0.0
0.90052736,8.344249,7.9897857,1.3048978,2.635159,0.026546955,0.0,0.0,0.0
1.4897022,9.515413,7.8772197,1.8886948,3.7024817,-0.010810375,0.0,0.0,0.0
-0.33530274,7.680828,7.326365,0.051280618,1.7765117,-0.4941206,0.0,0.0,0.0
-2.1219873,4.4643164,10.5692215,-1.7475772,-1.4958887,2.7906508,0.0,0.0,0.0
-3.1159205,1.6693287,14.123431,-2.7254863,-4.272494,6.331596,0.0,0.0,0.0
-2.8955786,1.2358302,13.117522,-2.367363,-4.4410043,5.138492,0.0,0.0,0.0
-2.668052,2.938689,9.7740755,-2.097721,-2.6712892,1.750781,0.0,0.0,0.0
-3.2356715,6.1647806,6.6270194,-2.6282377,0.5584731,-1.3961177,0.0,0.0,0.0
-3.1901662,6.823411,6.1408305,-2.4025905,1.27035,-1.9036479,0.0,0.0,0.0
-2.6441016,6.330037,6.8737063,-1.5401937,0.64339733,-1.0391879,0.0,0.0,0.0
-1.5974782,5.8510327,7.062913,-0.20213783,0.02477789,-0.70098877,0.0,0.0,0.0
-0.37362307,5.7552323,6.67013,1.1012847,-0.08929682,-1.0652766,0.0,0.0,0.0
0.45984375,5.7935524,6.1599903,1.9148883,-0.060375214,-1.5720706,0.0,0.0,0.0
1.223855,5.43909,6.09772,2.6104565,-0.43762302,-1.629632,0.0,0.0,0.0
1.9447559,4.773274,6.9000516,3.2243261,-1.1182761,-0.8344636,0.0,0.0,0.0
2.3734643,4.358936,7.551497,3.5284727,-1.5266309,-0.20714045,0.0,0.0,0.0
2.7662477,4.4283915,7.4820414,3.807386,-1.4459958,-0.30114603,0.0,0.0,0.0
2.816543,4.358936,6.943162,3.763427,-1.5252919,-0.84462786,0.0,0.0,0.0
2.687212,4.6750784,8.013736,3.589854,-1.2545977,0.25521994,0.0,0.0,0.0
2.6369166,5.2929935,9.568104,3.5569315,-0.6894245,1.8522348,0.0,0.0,0.0
2.4932153,5.9947343,9.68067,3.3856912,-0.0035395622,1.9738812,0.0,0.0,0.0
1.947151,6.444998,9.309442,2.8664339,0.41796684,1.6282825,0.0,0.0,0.0
1.4705421,7.2593045,10.327325,2.3974843,1.1823611,2.6865177,0.0,0.0,0.0
0.8334668,9.915381,9.79563,1.7938862,3.7675486,2.215911,0.0,0.0,0.0
-1.094524,10.025552,7.565867,-0.042735815,3.7795267,0.079125404,0.0,0.0,0.0
-1.3555812,7.4580913,11.5895,-0.17889786,1.0868716,4.2278857,0.0,0.0,0.0
-0.7185059,4.926555,12.945081,0.60208064,-1.5114818,5.6664734,0.0,0.0,0.0
0.39757326,4.3086405,9.759705,1.8402971,-2.136273,2.5104265,0.0,0.0,0.0
0.62749517,4.869075,6.71324,2.0928478,-1.6081228,-0.50264883,0.0,0.0,0.0
0.859812,4.8523097,5.9252787,2.2153335,-1.6221933,-1.3144565,0.0,0.0,0.0
1.1807446,3.899092,6.023474,2.433158,-2.5788038,-1.2317805,0.0,0.0,0.0
0.95561284,3.276387,6.0019193,2.087718,-3.1461709,-1.3219786,0.0,0.0,0.0
0.6490503,3.3937428,5.6857767,1.6659372,-2.930341,-1.7400088,0.0,0.0,0.0
0.3305127,3.8152664,4.8307548,1.2534366,-2.4007714,-2.697823,0.0,0.0,0.0
0.26584718,4.8211746,4.5074267,1.1329234,-1.303813,-3.101982,0.0,0.0,0.0
0.6514453,5.4582496,5.2858086,1.5227221,-0.6048856,-2.372498,0.0,0.0,0.0
0.040715333,5.824688,6.0426345,0.98568135,-0.19649744,-1.6399927,0.0,0.0,0.0
-0.8909473,6.2821364,6.983877,0.18133408,0.2928691,-0.70697975,0.0,0.0,0.0
-1.477727,6.5791187,8.143066,-0.2481066,0.6200919,0.45226526,0.0,0.0,0.0
-1.3148658,6.969507,8.978929,0.06540942,1.0478244,1.2848458,0.0,0.0,0.0
-0.45984375,6.9144216,8.739427,1.0332364,1.0309467,1.0371008,0.0,0.0,0.0
0.059875492,6.9311867,8.693921,1.6101842,1.0664577,0.9886055,0.0,0.0,0.0
0.244292,7.1323686,8.782537,1.7870996,1.2565527,1.0841656,0.0,0.0,0.0
0.45505372,7.2832546,8.696317,1.9490186,1.3829436,1.007052,0.0,0.0,0.0
0.14130616,7.4030056,8.880733,1.5558796,1.468955,1.202425,0.0,0.0,0.0
0.3879932,7.927515,9.256751,1.7046632,1.9536619,1.5919061,0.0,0.0,0.0
1.1807446,8.880733,8.413704,2.394112,2.8604984,0.7681222,0.0,0.0,0.0
0.17723145,8.250843,6.6749196,1.2912633,2.1671538,-0.93547153,0.0,0.0,0.0
-1.1759547,5.8103175,8.866363,-0.1472038,-0.36455536,1.3176537,0.0,0.0,0.0
-1.5112574,2.5578809,13.026512,-0.52691245,-3.6907816,5.5328035,0.0,0.0,0.0
-1.1064991,1.5471827,12.10922,-0.10519767,-4.6926537,4.610404,0.0,0.0,0.0
-0.7592212,2.6417067,9.395662,0.299448,-3.5381281,1.855155,0.0,0.0,0.0
-0.4047583,4.512217,7.4892263,0.7026998,-1.6551785,-0.054457188,0.0,0.0,0.0
-0.3424878,5.5947657,6.236631,0.79083216,-0.50830984,-1.3553681,0.0,0.0,0.0
-0.45984375,5.9396486,5.934859,0.6742526,-0.121276855,-1.6907163,0.0,0.0,0.0
-0.4742139,6.100115,6.104905,0.64215237,0.08351421,-1.5582952,0.0,0.0,0.0
-0.2083667,6.215076,5.7001467,0.889965,0.26021242,-2.0137148,0.0,0.0,0.0
0.3161426,6.471343,5.137317,1.4076626,0.565495,-2.6150975,0.0,0.0,0.0
0.75203615,6.7611403,4.9385304,1.8342369,0.83466816,-2.7994385,0.0,0.0,0.0
0.6227051,6.6270194,5.2283278,1.6691519,0.6696811,-2.4908347,0.0,0.0,0.0
0.79035646,6.05461,6.109695,1.7722301,0.0958848,-1.6168766,0.0,0.0,0.0
0.95561284,5.4103494,6.8761015,1.9374864,-0.5483756,-0.85047007,0.0,0.0,0.0
1.0729688,4.88584,7.4844365,1.8721728,-0.97923183,-0.33429718,0.0,0.0,0.0
1.1567944,4.521797,8.986114,1.9004474,-1.2826142,1.1167946,0.0,0.0,0.0
1.0609937,4.869075,11.105706,1.7933059,-0.86013174,3.1804109,0.0,0.0,0.0
0.6586304,5.357659,11.316468,1.4208665,-0.2845497,3.3318033,0.0,0.0,0.0
-0.3784131,7.165899,11.139236,0.50001705,1.5367699,3.1572776,0.0,0.0,0.0
-0.31135255,8.411309,10.729688,0.6880073,2.7402654,2.7917447,0.0,0.0,0.0
0.364043,10.406361,7.671248,1.461389,4.6494694,-0.19160318,0.0,0.0,0.0
-0.34727785,8.595725,7.805369,0.8033724,2.7161627,0.041533947,0.0,0.0,0.0
0.12933107,5.9061184,11.417059,1.2821959,-0.09602833,3.7479305,0.0,0.0,0.0
1.4513819,4.2918754,9.841136,2.6171227,-1.7574234,2.2111015,0.0,0.0,0.0
