0.8714894,5.171476,8.829816,0.0,0.0,0.0,0.0,0.0,0.0
0.8714894,5.171476,8.829816,0.0,0.0,0.0,0.0,0.0,0.0
0.81402856,5.2289367,8.590396,0.0,0.0,0.0,0.0,0.0,0.0
0.81402856,5.2289367,8.590396,0.0,0.0,0.0,0.0,0.0,0.0
0.80445176,5.1906295,8.590396,0.0,0.0,0.0,0.0,0.0,0.0
0.80445176,5.1906295,8.590396,0.0,0.0,0.0,0.0,0.0,0.0
0.80445176,5.0661306,8.7053175,0.0,0.0,0.0,0.0,0.0,0.0
0.80445176,5.0661306,8.7053175,0.0,0.0,0.0,0.0,0.0,0.0
0.8523358,5.0661306,8.801085,0.0,0.0,0.0,0.0,0.0,0.0
0.8523358,5.0661306,8.801085,0.0,0.0,0.0,0.0,0.0,0.0
0.81402856,5.0757074,8.801085,0.0,0.0,0.0,0.0,0.0,0.0
0.81402856,5.0757074,8.801085,0.0,0.0,0.0,0.0,0.0,0.0
0.7374141,5.056554,8.724471,0.0,0.0,0.0,0.0,0.0,0.0
0.7374141,5.056554,8.724471,0.0,0.0,0.0,0.0,0.0,0.0
0.7374141,5.0278234,8.695741,0.0,0.0,0.0,0.0,0.0,0.0
0.7374141,5.0278234,8.695741,0.0,0.0,0.0,0.0,0.0,0.0
0.79487497,5.056554,8.801085,0.0,0.0,0.0,0.0,0.0,0.0
0.79487497,5.056554,8.801085,0.0,0.0,0.0,0.0,0.0,0.0
0.8619126,5.046977,8.829816,0.0,0.0,0.0,0.0,0.0,0.0
0.8619126,5.046977,8.829816,0.0,0.0,0.0,0.0,0.0,0.0
0.8619126,5.046977,8.848969,0.0,0.0,0.0,0.0,0.0,0.0
0.8619126,5.046977,8.848969,0.0,0.0,0.0,0.0,0.0,0.0
0.8331822,4.999093,8.810662,0.0,0.0,0.0,0.0,0.0,0.0
0.8331822,4.999093,8.810662,0.0,0.0,0.0,0.0,0.0,0.0
0.7565677,4.9703627,8.858546,0.0,0.0,0.0,0.0,0.0,0.0
0.7565677,4.9703627,8.858546,0.0,0.0,0.0,0.0,0.0,0.0
0.7757214,4.9224787,8.868123,0.0,0.0,0.0,0.0,0.0,0.0
0.7757214,4.9224787,8.868123,0.0,0.0,0.0,0.0,0.0,0.0
0.7757214,4.9703627,8.8777,0.0,0.0,0.0,0.0,0.0,0.0
0.79487497,5.0182467,8.848969,0.0,0.0,0.0,0.0,0.0,0.0
0.79487497,5.0182467,8.848969,0.0,0.0,0.0,0.0,0.0,0.0
0.8523358,5.0661306,8.973468,0.0,0.0,0.0,0.0,0.0,0.0
0.8523358,5.0661306,8.973468,0.0,0.0,0.0,0.0,0.0,0.0
0.89064306,5.0278234,9.011775,0.0,0.0,0.0,0.0,0.0,0.0
0.89064306,5.0278234,9.011775,0.0,0.0,0.0,0.0,0.0,0.0
0.9672575,4.9416323,9.11712,0.0,0.0,0.0,0.0,0.0,0.0
0.9672575,4.9416323,9.11712,0.0,0.0,0.0,0.0,0.0,0.0
1.0055647,4.951209,8.925584,0.0,0.0,0.0,0.0,0.0,0.0
1.0055647,4.951209,8.925584,0.0,0.0,0.0,0.0,0.0,0.0
1.043872,4.9320555,8.762778,0.0,0.0,0.0,0.0,0.0,0.0
1.043872,4.9320555,8.762778,0.0,0.0,0.0,0.0,0.0,0.0
0.9768343,4.9799395,8.772355,0.0,0.0,0.0,0.0,0.0,0.0
0.9768343,4.9799395,8.772355,0.0,0.0,0.0,0.0,0.0,0.0
0.92895025,4.9320555,8.820239,0.0,0.0,0.0,0.0,0.0,0.0
0.92895025,4.9320555,8.820239,0.0,0.0,0.0,0.0,0.0,0.0
0.92895025,4.9320555,8.820239,0.0,0.0,0.0,0.0,0.0,0.0
0.92895025,4.9320555,8.820239,0.0,0.0,0.0,0.0,0.0,0.0
0.7374141,4.817134,8.887277,0.0,0.0,0.0,0.0,0.0,0.0
0.7374141,4.817134,8.887277,0.0,0.0,0.0,0.0,0.0,0.0
0.7182605,4.8458643,8.858546,0.0,0.0,0.0,0.0,0.0,0.0
0.7182605,4.8458643,8.858546,0.0,0.0,0.0,0.0,0.0,0.0
0.80445176,4.9416323,8.916007,0.0,0.0,0.0,0.0,0.0,0.0
0.80445176,4.9416323,8.916007,0.0,0.0,0.0,0.0,0.0,0.0
0.7086837,4.9224787,9.002198,0.0,0.0,0.0,0.0,0.0,0.0
0.7086837,4.9224787,9.002198,0.0,0.0,0.0,0.0,0.0,0.0
0.63206923,4.9320555,9.097966,0.0,0.0,0.0,0.0,0.0,0.0
0.63206923,4.9320555,9.097966,0.0,0.0,0.0,0.0,0.0,0.0
0.60333884,4.8841715,9.174581,0.0,0.0,0.0,0.0,0.0,0.0
0.60333884,4.8841715,9.174581,0.0,0.0,0.0,0.0,0.0,0.0
0.50757074,4.8267107,9.203311,0.0,0.0,0.0,0.0,0.0,0.0
0.50757074,4.8267107,9.203311,0.0,0.0,0.0,0.0,0.0,0.0
0.45010993,4.7979803,9.241618,0.0,0.0,0.0,0.0,0.0,0.0
0.45010993,4.7979803,9.241618,0.0,0.0,0.0,0.0,0.0,0.0
0.40222588,4.7788267,9.193734,0.0,0.0,0.0,0.0,0.0,0.0
0.40222588,4.7788267,9.193734,0.0,0.0,0.0,0.0,0.0,0.0
0.31603462,4.7022123,9.011775,0.0,0.0,0.0,0.0,0.0,0.0
0.31603462,4.7022123,9.011775,0.0,0.0,0.0,0.0,0.0,0.0
0.22984336,4.606444,9.011775,0.0,0.0,0.0,0.0,0.0,0.0
0.22984336,4.606444,9.011775,0.0,0.0,0.0,0.0,0.0,0.0
0.20111294,4.5298295,9.059659,0.0,0.0,0.0,0.0,0.0,0.0
0.20111294,4.5298295,9.059659,0.0,0.0,0.0,0.0,0.0,0.0
0.22026655,4.55856,9.107543,0.0,0.0,0.0,0.0,0.0,0.0
0.22026655,4.55856,9.107543,0.0,0.0,0.0,0.0,0.0,0.0
0.2681506,4.3957543,9.299079,0.0,0.0,0.0,0.0,0.0,0.0
0.2681506,4.3957543,9.299079,0.0,0.0,0.0,0.0,0.0,0.0
0.31603462,4.3287168,9.394848,0.0,0.0,0.0,0.0,0.0,0.0
0.31603462,4.3287168,9.394848,0.0,0.0,0.0,0.0,0.0,0.0
0.40222588,4.271256,9.452309,0.0,0.0,0.0,0.0,0.0,0.0
0.545878,4.2999864,9.404425,0.0,0.0,0.0,0.0,0.0,0.0
0.545878,4.2999864,9.404425,0.0,0.0,0.0,0.0,0.0,0.0
0.6895301,4.3382936,9.3661175,0.0,0.0,0.0,0.0,0.0,0.0
0.6895301,4.3382936,9.3661175,0.0,0.0,0.0,0.0,0.0,0.0
0.7757214,4.3287168,9.32781,0.0,0.0,0.0,0.0,0.0,0.0
0.7757214,4.3287168,9.32781,0.0,0.0,0.0,0.0,0.0,0.0
0.842759,4.3287168,9.251195,0.0,0.0,0.0,0.0,0.0,0.0
0.842759,4.3287168,9.251195,0.0,0.0,0.0,0.0,0.0,0.0
0.842759,4.3287168,9.251195,0.0,0.0,0.0,0.0,0.0,0.0
1.0534488,4.4340615,8.992621,0.0,0.0,0.0,0.0,0.0,0.0
1.091756,4.5202527,8.954314,0.0,0.0,0.0,0.0,0.0,0.0
1.091756,4.5202527,8.954314,0.0,0.0,0.0,0.0,0.0,0.0
1.1300632,4.5298295,8.935161,0.0,0.0,0.0,0.0,0.0,0.0
1.1300632,4.5298295,8.935161,0.0,0.0,0.0,0.0,0.0,0.0
1.1204864,4.5777135,8.810662,0.0,0.0,0.0,0.0,0.0,0.0
1.1204864,4.5777135,8.810662,0.0,0.0,0.0,0.0,0.0,0.0
1.0726024,4.510676,8.820239,0.0,0.0,0.0,0.0,0.0,0.0
1.0726024,4.510676,8.820239,0.0,0.0,0.0,0.0,0.0,0.0
0.9864111,4.405331,8.868123,0.0,0.0,0.0,0.0,0.0,0.0
0.9864111,4.405331,8.868123,0.0,0.0,0.0,0.0,0.0,0.0
0.9576807,4.31914,8.90643,0.0,0.0,0.0,0.0,0.0,0.0
0.9576807,4.31914,8.90643,0.0,0.0,0.0,0.0,0.0,0.0
1.0151415,4.271256,8.992621,0.0,0.0,0.0,0.0,0.0,0.0
1.0151415,4.271256,8.992621,0.0,0.0,0.0,0.0,0.0,0.0
1.0534488,4.261679,9.069236,0.0,0.0,0.0,0.0,0.0,0.0
1.0534488,4.261679,9.069236,0.0,0.0,0.0,0.0,0.0,0.0
0.9959879,4.1946416,9.126697,0.0,0.0,0.0,0.0,0.0,0.0
0.9959879,4.1946416,9.126697,0.0,0.0,0.0,0.0,0.0,0.0
2.078167,4.3766007,9.797073,0.0,0.0,0.0,0.0,0.0,0.0
2.078167,4.3766007,9.797073,0.0,0.0,0.0,0.0,0.0,0.0
1.3982137,4.9320555,9.634268,0.0,0.0,0.0,0.0,0.0,0.0
1.3982137,4.9320555,9.634268,0.0,0.0,0.0,0.0,0.0,0.0
1.3024458,4.5394063,9.193734,0.0,0.0,0.0,0.0,0.0,0.0
1.3024458,4.5394063,9.193734,0.0,0.0,0.0,0.0,0.0,0.0
1.283292,4.5777135,8.992621,0.0,0.0,0.0,0.0,0.0,0.0
1.283292,4.5777135,8.992621,0.0,0.0,0.0,0.0,0.0,0.0
1.1971009,4.7788267,9.32781,0.0,0.0,0.0,0.0,0.0,0.0
1.1971009,4.7788267,9.32781,0.0,0.0,0.0,0.0,0.0,0.0
1.1683705,4.4340615,9.5385,0.0,0.0,0.0,0.0,0.0,0.0
1.1683705,4.4340615,9.5385,0.0,0.0,0.0,0.0,0.0,0.0
1.1683705,4.3861775,9.414001,0.0,0.0,0.0,0.0,0.0,0.0
1.1683705,4.3861775,9.414001,0.0,0.0,0.0,0.0,0.0,0.0
1.13964,4.367024,9.279925,0.0,0.0,0.0,0.0,0.0,0.0
1.13964,4.367024,9.279925,0.0,0.0,0.0,0.0,0.0,0.0
1.1683705,4.2042184,9.14585,0.0,0.0,0.0,0.0,0.0,0.0
1.1683705,4.2042184,9.14585,0.0,0.0,0.0,0.0,0.0,0.0
1.3024458,4.223372,9.088389,0.0,0.0,0.0,0.0,0.0,0.0
1.3024458,4.223372,9.088389,0.0,0.0,0.0,0.0,0.0,0.0
1.4269443,4.2425256,9.088389,0.0,0.0,0.0,0.0,0.0,0.0
1.4269443,4.2425256,9.088389,0.0,0.0,0.0,0.0,0.0,0.0
1.4652514,4.213795,9.251195,0.0,0.0,0.0,0.0,0.0,0.0
1.4652514,4.213795,9.251195,0.0,0.0,0.0,0.0,0.0,0.0
1.4556746,4.1659107,9.299079,0.0,0.0,0.0,0.0,0.0,0.0
1.4556746,4.1659107,9.299079,0.0,0.0,0.0,0.0,0.0,0.0
1.5131354,4.0892963,9.471462,0.0,0.0,0.0,0.0,0.0,0.0
1.5131354,4.0892963,9.471462,0.0,0.0,0.0,0.0,0.0,0.0
1.3790601,4.2999864,9.548077,0.0,0.0,0.0,0.0,0.0,0.0
1.3790601,4.2999864,9.548077,0.0,0.0,0.0,0.0,0.0,0.0
1.4269443,4.1276035,9.346964,0.0,0.0,0.0,0.0,0.0,0.0
1.4269443,4.1276035,9.346964,0.0,0.0,0.0,0.0,0.0,0.0
1.4077905,4.357447,9.739613,0.0,0.0,0.0,0.0,0.0,0.0
1.4077905,4.357447,9.739613,0.0,0.0,0.0,0.0,0.0,0.0
1.6280571,4.453215,9.5385,0.0,0.0,0.0,0.0,0.0,0.0
1.6280571,4.453215,9.5385,0.0,0.0,0.0,0.0,0.0,0.0
1.5705963,4.2521024,9.595961,0.0,0.0,0.0,0.0,0.0,0.0
1.5705963,4.2521024,9.595961,0.0,0.0,0.0,0.0,0.0,0.0
1.541866,4.232949,9.509769,0.0,0.0,0.0,0.0,0.0,0.0
1.541866,4.232949,9.509769,0.0,0.0,0.0,0.0,0.0,0.0
1.6376339,4.098873,9.375694,0.0,0.0,0.0,0.0,0.0,0.0
1.6376339,4.098873,9.375694,0.0,0.0,0.0,0.0,0.0,0.0
1.7621324,4.0222588,9.212888,0.0,0.0,0.0,0.0,0.0,0.0
1.7621324,4.0222588,9.212888,0.0,0.0,0.0,0.0,0.0,0.0
1.9632454,3.9839516,9.059659,0.0,0.0,0.0,0.0,0.0,0.0
1.9632454,3.9839516,9.059659,0.0,0.0,0.0,0.0,0.0,0.0
2.0207062,3.8594532,9.107543,0.0,0.0,0.0,0.0,0.0,0.0
2.0207062,3.8594532,9.107543,0.0,0.0,0.0,0.0,0.0,0.0
2.0973208,3.8594532,9.184157,0.0,0.0,0.0,0.0,0.0,0.0
2.0973208,3.8594532,9.184157,0.0,0.0,0.0,0.0,0.0,0.0
2.2984335,4.1180267,9.442732,0.0,0.0,0.0,0.0,0.0,0.0
2.2984335,4.1180267,9.442732,0.0,0.0,0.0,0.0,0.0,0.0
2.3175871,4.175488,9.624691,0.0,0.0,0.0,0.0,0.0,0.0
2.3175871,4.309563,9.835381,0.0,0.0,0.0,0.0,0.0,0.0
2.3175871,4.309563,9.835381,0.0,0.0,0.0,0.0,0.0,0.0
2.2601264,4.3957543,10.007763,0.0,0.0,0.0,0.0,0.0,0.0
2.2601264,4.3957543,10.007763,0.0,0.0,0.0,0.0,0.0,0.0
1.8962077,4.0222588,10.160992,0.0,0.0,0.0,0.0,0.0,0.0
1.8962077,4.0222588,10.160992,0.0,0.0,0.0,0.0,0.0,0.0
1.7142484,3.7924154,10.189722,0.0,0.0,0.0,0.0,0.0,0.0
1.7142484,3.7924154,10.189722,0.0,0.0,0.0,0.0,0.0,0.0
1.5227122,3.7924154,10.189722,0.0,0.0,0.0,0.0,0.0,0.0
1.5227122,3.7924154,10.189722,0.0,0.0,0.0,0.0,0.0,0.0
1.3790601,3.5338416,9.902418,0.0,0.0,0.0,0.0,0.0,0.0
1.3790601,3.5338416,9.902418,0.0,0.0,0.0,0.0,0.0,0.0
1.1875241,3.466804,9.787497,0.0,0.0,0.0,0.0,0.0,0.0
1.1875241,3.466804,9.787497,0.0,0.0,0.0,0.0,0.0,0.0
1.0247183,3.4763808,9.768343,0.0,0.0,0.0,0.0,0.0,0.0
1.0247183,3.4763808,9.768343,0.0,0.0,0.0,0.0,0.0,0.0
0.9768343,3.572149,9.80665,0.0,0.0,0.0,0.0,0.0,0.0
0.9768343,3.572149,9.80665,0.0,0.0,0.0,0.0,0.0,0.0
1.043872,3.41892,10.505757,0.0,0.0,0.0,0.0,0.0,0.0
1.043872,3.41892,10.505757,0.0,0.0,0.0,0.0,0.0,0.0
1.0342951,3.3997664,10.7356,0.0,0.0,0.0,0.0,0.0,0.0
1.0342951,3.3997664,10.7356,0.0,0.0,0.0,0.0,0.0,0.0
1.1204864,3.2273839,10.726024,0.0,0.0,0.0,0.0,0.0,0.0
1.1204864,3.2273839,10.726024,0.0,0.0,0.0,0.0,0.0,0.0
0.82360536,2.7485435,10.477027,0.0,0.0,0.0,0.0,0.0,0.0
0.82360536,2.7485435,10.477027,0.0,0.0,0.0,0.0,0.0,0.0
0.59376204,2.7581203,9.854534,0.0,0.0,0.0,0.0,0.0,0.0
0.59376204,2.7581203,9.854534,0.0,0.0,0.0,0.0,0.0,0.0
0.6512229,3.1028855,8.944737,0.0,0.0,0.0,0.0,0.0,0.0
0.6512229,3.1028855,8.944737,0.0,0.0,0.0,0.0,0.0,0.0
0.641646,3.4955344,8.542512,0.0,0.0,0.0,0.0,0.0,0.0
0.641646,3.4955344,8.542512,0.0,0.0,0.0,0.0,0.0,0.0
1.043872,3.6296098,8.42759,0.0,0.0,0.0,0.0,0.0,0.0
1.043872,3.6296098,8.42759,0.0,0.0,0.0,0.0,0.0,0.0
1.0534488,3.8115692,8.389283,0.0,0.0,0.0,0.0,0.0,0.0
1.0534488,3.8115692,8.389283,0.0,0.0,0.0,0.0,0.0,0.0
1.0534488,3.8115692,8.331821,0.0,0.0,0.0,0.0,0.0,0.0
1.0534488,3.8115692,8.331821,0.0,0.0,0.0,0.0,0.0,0.0
0.81402856,4.003105,8.456321,0.0,0.0,0.0,0.0,0.0,0.0
0.81402856,4.003105,8.456321,0.0,0.0,0.0,0.0,0.0,0.0
0.59376204,3.9360676,8.801085,0.0,0.0,0.0,0.0,0.0,0.0
0.59376204,3.9360676,8.801085,0.0,0.0,0.0,0.0,0.0,0.0
0.45968673,4.0797195,9.069236,0.0,0.0,0.0,0.0,0.0,0.0
0.45968673,4.0797195,9.069236,0.0,0.0,0.0,0.0,0.0,0.0
0.30645782,4.261679,9.165004,0.0,0.0,0.0,0.0,0.0,0.0
0.30645782,4.261679,9.165004,0.0,0.0,0.0,0.0,0.0,0.0
0.10534488,4.414908,8.762778,0.0,0.0,0.0,0.0,0.0,0.0
0.10534488,4.414908,8.762778,0.0,0.0,0.0,0.0,0.0,0.0
-0.1340753,4.5777135,8.542512,0.0,0.0,0.0,0.0,0.0,0.0
-0.1340753,4.5777135,8.542512,0.0,0.0,0.0,0.0,0.0,0.0
-0.39264908,4.7022123,8.494628,0.0,0.0,0.0,0.0,0.0,0.0
-0.39264908,4.7022123,8.494628,0.0,0.0,0.0,0.0,0.0,0.0
-0.47884035,4.759673,8.552089,0.0,0.0,0.0,0.0,0.0,0.0
-0.47884035,4.759673,8.552089,0.0,0.0,0.0,0.0,0.0,0.0
-0.48841715,4.8458643,8.686164,0.0,0.0,0.0,0.0,0.0,0.0
-0.48841715,4.8458643,8.686164,0.0,0.0,0.0,0.0,0.0,0.0
-0.45968673,4.903325,8.7532015,0.0,0.0,0.0,0.0,0.0,0.0
-0.45968673,4.903325,8.7532015,0.0,0.0,0.0,0.0,0.0,0.0
-0.4213795,4.903325,8.7532015,0.0,0.0,0.0,0.0,0.0,0.0
-0.10534488,4.7884035,8.590396,0.0,0.0,0.0,0.0,0.0,0.0
-0.10534488,4.7884035,8.590396,0.0,0.0,0.0,0.0,0.0,0.0
0.20111294,4.711789,8.571242,0.0,0.0,0.0,0.0,0.0,0.0
0.20111294,4.711789,8.571242,0.0,0.0,0.0,0.0,0.0,0.0
0.45968673,4.7500963,8.571242,0.0,0.0,0.0,0.0,0.0,0.0
0.45968673,4.7500963,8.571242,0.0,0.0,0.0,0.0,0.0,0.0
0.6607997,4.903325,8.561666,0.0,0.0,0.0,0.0,0.0,0.0
0.6607997,4.903325,8.561666,0.0,0.0,0.0,0.0,0.0,0.0
0.6607997,4.903325,8.561666,0.0,0.0,0.0,0.0,0.0,0.0
0.9768343,5.305551,8.485051,0.0,0.0,0.0,0.0,0.0,0.0
0.9768343,5.305551,8.485051,0.0,0.0,0.0,0.0,0.0,0.0
0.94810385,5.592855,8.42759,0.0,0.0,0.0,0.0,0.0,0.0
0.92895025,5.6886234,8.418014,0.0,0.0,0.0,0.0,0.0,0.0
0.92895025,5.6886234,8.418014,0.0,0.0,0.0,0.0,0.0,0.0
0.7661445,5.449203,8.695741,0.0,0.0,0.0,0.0,0.0,0.0
0.7661445,5.449203,8.695741,0.0,0.0,0.0,0.0,0.0,0.0
0.7278373,5.2768207,8.734048,0.0,0.0,0.0,0.0,0.0,0.0
0.7278373,5.2768207,8.734048,0.0,0.0,0.0,0.0,0.0,0.0
0.545878,5.142745,8.734048,0.0,0.0,0.0,0.0,0.0,0.0
0.545878,5.142745,8.734048,0.0,0.0,0.0,0.0,0.0,0.0
0.35434186,4.951209,9.155427,0.0,0.0,0.0,0.0,0.0,0.0
0.35434186,4.951209,9.155427,0.0,0.0,0.0,0.0,0.0,0.0
0.23942018,4.9224787,9.959879,0.0,0.0,0.0,0.0,0.0,0.0
0.23942018,4.9224787,9.959879,0.0,0.0,0.0,0.0,0.0,0.0
0.20111294,4.865018,9.097966,0.0,0.0,0.0,0.0,0.0,0.0
0.20111294,4.865018,9.097966,0.0,0.0,0.0,0.0,0.0,0.0
0.2681506,4.817134,9.969456,0.0,0.0,0.0,0.0,0.0,0.0
0.2681506,4.817134,9.969456,0.0,0.0,0.0,0.0,0.0,0.0
0.38307226,5.5258174,9.404425,0.0,0.0,0.0,0.0,0.0,0.0
0.38307226,5.5258174,9.404425,0.0,0.0,0.0,0.0,0.0,0.0
0.6799533,5.9184666,11.109096,0.0,0.0,0.0,0.0,0.0,0.0
0.6799533,5.9184666,11.109096,0.0,0.0,0.0,0.0,0.0,0.0
0.89064306,5.947197,10.773908,0.0,0.0,0.0,0.0,0.0,0.0
0.89064306,5.947197,10.773908,0.0,0.0,0.0,0.0,0.0,0.0
1.13964,5.861006,10.773908,0.0,0.0,0.0,0.0,0.0,0.0
1.4173675,5.6790466,10.754754,0.0,0.0,0.0,0.0,0.0,0.0
1.4173675,5.6790466,10.754754,0.0,0.0,0.0,0.0,0.0,0.0
1.5035586,5.1906295,11.444284,0.0,0.0,0.0,0.0,0.0,0.0
1.5035586,5.1906295,11.444284,0.0,0.0,0.0,0.0,0.0,0.0
1.6950948,4.711789,12.047623,0.0,0.0,0.0,0.0,0.0,0.0
1.6950948,4.711789,12.047623,0.0,0.0,0.0,0.0,0.0,0.0
2.2026656,3.6487634,12.440272,0.0,0.0,0.0,0.0,0.0,0.0
2.2026656,3.6487634,12.440272,0.0,0.0,0.0,0.0,0.0,0.0
2.327164,3.1603463,12.401965,0.0,0.0,0.0,0.0,0.0,0.0
2.327164,3.1603463,12.401965,0.0,0.0,0.0,0.0,0.0,0.0
2.3654714,2.9113493,11.903971,0.0,0.0,0.0,0.0,0.0,0.0
2.3654714,2.9113493,11.903971,0.0,0.0,0.0,0.0,0.0,0.0
2.4516625,2.8538885,10.984597,0.0,0.0,0.0,0.0,0.0,0.0
2.4516625,2.8538885,10.984597,0.0,0.0,0.0,0.0,0.0,0.0
2.5378537,2.834735,9.232041,0.0,0.0,0.0,0.0,0.0,0.0
2.5378537,2.834735,9.232041,0.0,0.0,0.0,0.0,0.0,0.0
2.6527755,2.825158,8.868123,0.0,0.0,0.0,0.0,0.0,0.0
2.6527755,2.825158,8.868123,0.0,0.0,0.0,0.0,0.0,0.0
2.767697,2.7581203,8.743625,0.0,0.0,0.0,0.0,0.0,0.0
2.767697,2.7581203,8.743625,0.0,0.0,0.0,0.0,0.0,0.0
3.5529952,2.9975405,8.829816,0.0,0.0,0.0,0.0,0.0,0.0
3.5529952,2.9975405,8.829816,0.0,0.0,0.0,0.0,0.0,0.0
3.7924154,2.5761611,8.983045,0.0,0.0,0.0,0.0,0.0,0.0
3.7924154,2.5761611,8.983045,0.0,0.0,0.0,0.0,0.0,0.0
3.7349546,2.2888567,9.097966,0.0,0.0,0.0,0.0,0.0,0.0
3.7349546,2.2888567,9.097966,0.0,0.0,0.0,0.0,0.0,0.0
3.2369606,2.6527755,9.624691,0.0,0.0,0.0,0.0,0.0,0.0
3.2369606,2.6527755,9.624691,0.0,0.0,0.0,0.0,0.0,0.0
2.9400797,2.920926,9.088389,0.0,0.0,0.0,0.0,0.0,0.0
2.9400797,2.920926,9.088389,0.0,0.0,0.0,0.0,0.0,0.0
2.6623523,2.96881,8.408437,0.0,0.0,0.0,0.0,0.0,0.0
2.6623523,2.96881,8.408437,0.0,0.0,0.0,0.0,0.0,0.0
2.1739352,3.3423057,7.8912888,0.0,0.0,0.0,0.0,0.0,0.0
2.1739352,3.3423057,7.8912888,0.0,0.0,0.0,0.0,0.0,0.0
1.6376339,3.6296098,7.747637,0.0,0.0,0.0,0.0,0.0,0.0
1.6376339,3.6296098,7.747637,0.0,0.0,0.0,0.0,0.0,0.0
0.9959879,3.7445314,7.881712,0.0,0.0,0.0,0.0,0.0,0.0
0.9959879,3.7445314,7.881712,0.0,0.0,0.0,0.0,0.0,0.0
1.0630256,3.8498764,8.542512,0.0,0.0,0.0,0.0,0.0,0.0
1.0630256,3.8498764,8.542512,0.0,0.0,0.0,0.0,0.0,0.0
1.2737153,4.0222588,8.571242,0.0,0.0,0.0,0.0,0.0,0.0
1.2737153,4.0222588,8.571242,0.0,0.0,0.0,0.0,0.0,0.0
0.94810385,4.5777135,8.7053175,0.0,0.0,0.0,0.0,0.0,0.0
0.94810385,4.5777135,8.7053175,0.0,0.0,0.0,0.0,0.0,0.0
0.7086837,4.7788267,7.632715,0.0,0.0,0.0,0.0,0.0,0.0
0.7086837,4.7788267,7.632715,0.0,0.0,0.0,0.0,0.0,0.0
0.545878,4.865018,7.6614456,0.0,0.0,0.0,0.0,0.0,0.0
0.545878,4.865018,7.6614456,0.0,0.0,0.0,0.0,0.0,0.0
0.6991069,4.8745947,9.059659,0.0,0.0,0.0,0.0,0.0,0.0
0.6991069,4.8745947,9.059659,0.0,0.0,0.0,0.0,0.0,0.0
0.58418524,4.9799395,8.686164,0.0,0.0,0.0,0.0,0.0,0.0
0.58418524,4.9799395,8.686164,0.0,0.0,0.0,0.0,0.0,0.0
0.545878,5.133168,8.791509,0.0,0.0,0.0,0.0,0.0,0.0
0.545878,5.133168,8.791509,0.0,0.0,0.0,0.0,0.0,0.0
0.33518824,5.2289367,7.9391727,0.0,0.0,0.0,0.0,0.0,0.0
0.33518824,5.2289367,7.9391727,0.0,0.0,0.0,0.0,0.0,0.0
0.08619126,5.4204726,8.446744,0.0,0.0,0.0,0.0,0.0,0.0
0.08619126,5.4204726,8.446744,0.0,0.0,0.0,0.0,0.0,0.0
0.25857377,5.717354,8.322245,0.0,0.0,0.0,0.0,0.0,0.0
0.25857377,5.717354,8.322245,0.0,0.0,0.0,0.0,0.0,0.0
0.4213795,6.0142345,8.446744,0.0,0.0,0.0,0.0,0.0,0.0
0.4213795,6.0142345,8.446744,0.0,0.0,0.0,0.0,0.0,0.0
0.4213795,6.033388,8.7532015,0.0,0.0,0.0,0.0,0.0,0.0
0.16280572,5.8801594,9.002198,0.0,0.0,0.0,0.0,0.0,0.0
0.16280572,5.8801594,9.002198,0.0,0.0,0.0,0.0,0.0,0.0
-0.2873042,6.0525417,8.801085,0.0,0.0,0.0,0.0,0.0,0.0
-0.2873042,6.0525417,8.801085,0.0,0.0,0.0,0.0,0.0,0.0
-0.79487497,6.339846,8.552089,0.0,0.0,0.0,0.0,0.0,0.0
-0.79487497,6.339846,8.552089,0.0,0.0,0.0,0.0,0.0,0.0
-1.2162545,6.83784,8.322245,0.0,0.0,0.0,0.0,0.0,0.0
-1.2162545,6.83784,8.322245,0.0,0.0,0.0,0.0,0.0,0.0
-0.9864111,7.1730285,8.264784,0.0,0.0,0.0,0.0,0.0,0.0
-0.9864111,7.1730285,8.264784,0.0,0.0,0.0,0.0,0.0,0.0
-0.61291564,6.9623384,8.159439,0.0,0.0,0.0,0.0,0.0,0.0
-0.61291564,6.9623384,8.159439,0.0,0.0,0.0,0.0,0.0,0.0
-0.60333884,6.588843,8.322245,0.0,0.0,0.0,0.0,0.0,0.0
-0.60333884,6.588843,8.322245,0.0,0.0,0.0,0.0,0.0,0.0
-0.89064306,5.899313,8.992621,0.0,0.0,0.0,0.0,0.0,0.0
-0.89064306,5.899313,8.992621,0.0,0.0,0.0,0.0,0.0,0.0
-0.8810662,5.3821654,9.203311,0.0,0.0,0.0,0.0,0.0,0.0
-0.8810662,5.3821654,9.203311,0.0,0.0,0.0,0.0,0.0,0.0
-1.0151415,4.9799395,9.155427,0.0,0.0,0.0,0.0,0.0,0.0
-1.0151415,4.9799395,9.155427,0.0,0.0,0.0,0.0,0.0,0.0
-1.6089035,4.453215,8.628703,0.0,0.0,0.0,0.0,0.0,0.0
-1.6089035,4.453215,8.628703,0.0,0.0,0.0,0.0,0.0,0.0
-1.8483237,4.414908,8.494628,0.0,0.0,0.0,0.0,0.0,0.0
-1.8483237,4.414908,8.494628,0.0,0.0,0.0,0.0,0.0,0.0
-1.8770541,4.4915223,8.312668,0.0,0.0,0.0,0.0,0.0,0.0
-1.8770541,4.4915223,8.312668,0.0,0.0,0.0,0.0,0.0,0.0
-1.5993267,4.6351743,8.159439,0.0,0.0,0.0,0.0,0.0,0.0
-1.5993267,4.6351743,8.159439,0.0,0.0,0.0,0.0,0.0,0.0
-1.091756,4.855441,8.341399,0.0,0.0,0.0,0.0,0.0,0.0
-1.091756,4.855441,8.341399,0.0,0.0,0.0,0.0,0.0,0.0
-0.94810385,5.142745,8.599973,0.0,0.0,0.0,0.0,0.0,0.0
-0.94810385,5.142745,8.599973,0.0,0.0,0.0,0.0,0.0,0.0
-0.7565677,5.267244,8.7532015,0.0,0.0,0.0,0.0,0.0,0.0
-0.7565677,5.267244,8.7532015,0.0,0.0,0.0,0.0,0.0,0.0
-0.90021986,5.2289367,8.025364,0.0,0.0,0.0,0.0,0.0,0.0
-0.90021986,5.2289367,8.025364,0.0,0.0,0.0,0.0,0.0,0.0
-1.0821792,5.410896,7.7189064,0.0,0.0,0.0,0.0,0.0,0.0
-1.0821792,5.410896,7.7189064,0.0,0.0,0.0,0.0,0.0,0.0
-1.2737153,5.6215854,7.469909,0.0,0.0,0.0,0.0,0.0,0.0
-1.2737153,5.6215854,7.469909,0.0,0.0,0.0,0.0,0.0,0.0
-1.0821792,5.6982,7.872135,0.0,0.0,0.0,0.0,0.0,0.0
-1.0821792,5.6982,7.872135,0.0,0.0,0.0,0.0,0.0,0.0
-0.7661445,5.363012,7.7667904,0.0,0.0,0.0,0.0,0.0,0.0
-1.4460979,5.4204726,7.07726,0.0,0.0,0.0,0.0,0.0,0.0
-1.4460979,5.4204726,7.07726,0.0,0.0,0.0,0.0,0.0,0.0
-1.934515,5.650316,6.703765,0.0,0.0,0.0,0.0,0.0,0.0
-1.934515,5.650316,6.703765,0.0,0.0,0.0,0.0,0.0,0.0
-1.8770541,5.813122,6.6079965,0.0,0.0,0.0,0.0,0.0,0.0
-1.8770541,5.813122,6.6079965,0.0,0.0,0.0,0.0,0.0,0.0
-1.2545617,5.90889,7.2209125,0.0,0.0,0.0,0.0,0.0,0.0
-1.2545617,5.90889,7.2209125,0.0,0.0,0.0,0.0,0.0,0.0
-1.292869,6.167464,7.6135616,0.0,0.0,0.0,0.0,0.0,0.0
-1.292869,6.167464,7.6135616,0.0,0.0,0.0,0.0,0.0,0.0
-1.2641385,6.3302693,8.054094,0.0,0.0,0.0,0.0,0.0,0.0
-1.2641385,6.3302693,8.054094,0.0,0.0,0.0,0.0,0.0,0.0
-1.0630256,6.349423,8.781932,0.0,0.0,0.0,0.0,0.0,0.0
-1.0630256,6.349423,8.781932,0.0,0.0,0.0,0.0,0.0,0.0
-0.7565677,6.4739213,9.212888,0.0,0.0,0.0,0.0,0.0,0.0
-0.7565677,6.4739213,9.212888,0.0,0.0,0.0,0.0,0.0,0.0
-0.47884035,6.5505357,9.643845,0.0,0.0,0.0,0.0,0.0,0.0
-0.47884035,6.5505357,9.643845,0.0,0.0,0.0,0.0,0.0,0.0
-0.1340753,6.5601125,10.093954,0.0,0.0,0.0,0.0,0.0,0.0
-0.1340753,6.5601125,10.093954,0.0,0.0,0.0,0.0,0.0,0.0
0.02873042,6.5505357,10.630256,0.0,0.0,0.0,0.0,0.0,0.0
0.02873042,6.5505357,10.630256,0.0,0.0,0.0,0.0,0.0,0.0
0.05746084,6.8282633,10.448297,0.0,0.0,0.0,0.0,0.0,0.0
0.05746084,6.8282633,10.448297,0.0,0.0,0.0,0.0,0.0,0.0
0.4309563,6.9527617,10.084377,0.0,0.0,0.0,0.0,0.0,0.0
0.4309563,6.9527617,10.084377,0.0,0.0,0.0,0.0,0.0,0.0
1.1875241,7.2687964,9.892841,0.0,0.0,0.0,0.0,0.0,0.0
1.1875241,7.2687964,9.892841,0.0,0.0,0.0,0.0,0.0,0.0
1.6567876,7.0006456,10.25676,0.0,0.0,0.0,0.0,0.0,0.0
1.6567876,7.0006456,10.25676,0.0,0.0,0.0,0.0,0.0,0.0
1.7908629,6.4643445,10.831368,0.0,0.0,0.0,0.0,0.0,0.0
1.7908629,6.4643445,10.831368,0.0,0.0,0.0,0.0,0.0,0.0
1.6759412,5.899313,11.109096,0.0,0.0,0.0,0.0,0.0,0.0
1.6759412,5.899313,11.109096,0.0,0.0,0.0,0.0,0.0,0.0
1.4748282,4.673482,10.304645,0.0,0.0,0.0,0.0,0.0,0.0
1.4748282,4.673482,10.304645,0.0,0.0,0.0,0.0,0.0,0.0
1.6089035,4.4915223,9.452309,0.0,0.0,0.0,0.0,0.0,0.0
1.6089035,4.4915223,9.452309,0.0,0.0,0.0,0.0,0.0,0.0
1.7525556,4.3287168,8.7053175,0.0,0.0,0.0,0.0,0.0,0.0
1.7525556,4.3287168,8.7053175,0.0,0.0,0.0,0.0,0.0,0.0
1.5993267,3.9456444,7.776367,0.0,0.0,0.0,0.0,0.0,0.0
1.340753,3.916914,7.3645644,0.0,0.0,0.0,0.0,0.0,0.0
1.340753,3.916914,7.3645644,0.0,0.0,0.0,0.0,0.0,0.0
1.043872,4.156334,7.1826053,0.0,0.0,0.0,0.0,0.0,0.0
1.043872,4.156334,7.1826053,0.0,0.0,0.0,0.0,0.0,0.0
0.78529817,4.4723687,7.345411,0.0,0.0,0.0,0.0,0.0,0.0
0.78529817,4.4723687,7.345411,0.0,0.0,0.0,0.0,0.0,0.0
0.50757074,4.663905,7.2209125,0.0,0.0,0.0,0.0,0.0,0.0
0.50757074,4.663905,7.2209125,0.0,0.0,0.0,0.0,0.0,0.0
0.12449849,4.960786,6.8091097,0.0,0.0,0.0,0.0,0.0,0.0
0.12449849,4.960786,6.8091097,0.0,0.0,0.0,0.0,0.0,0.0
-0.38307226,5.2863975,6.8282633,0.0,0.0,0.0,0.0,0.0,0.0
-0.38307226,5.2863975,6.8282633,0.0,0.0,0.0,0.0,0.0,0.0
-0.6512229,5.5737014,6.7612257,0.0,0.0,0.0,0.0,0.0,0.0
-0.6512229,5.5737014,6.7612257,0.0,0.0,0.0,0.0,0.0,0.0
-0.6895301,5.8705826,6.8665705,0.0,0.0,0.0,0.0,0.0,0.0
-0.6895301,5.8705826,6.8665705,0.0,0.0,0.0,0.0,0.0,0.0
-0.63206923,5.9759274,6.8186865,0.0,0.0,0.0,0.0,0.0,0.0
-0.63206923,5.9759274,6.8186865,0.0,0.0,0.0,0.0,0.0,0.0
-0.45968673,5.9663506,7.07726,0.0,0.0,0.0,0.0,0.0,0.0
-0.45968673,5.9663506,7.07726,0.0,0.0,0.0,0.0,0.0,0.0
-0.24899697,6.129156,7.565677,0.0,0.0,0.0,0.0,0.0,0.0
-0.24899697,6.129156,7.565677,0.0,0.0,0.0,0.0,0.0,0.0
-0.20111294,6.215348,7.8146744,0.0,0.0,0.0,0.0,0.0,0.0
-0.20111294,6.215348,7.8146744,0.0,0.0,0.0,0.0,0.0,0.0
-0.34476504,6.2728086,8.054094,0.0,0.0,0.0,0.0,0.0,0.0
-0.34476504,6.2728086,8.054094,0.0,0.0,0.0,0.0,0.0,0.0
-0.5363012,6.8569937,7.967903,0.0,0.0,0.0,0.0,0.0,0.0
-0.5363012,6.8569937,7.967903,0.0,0.0,0.0,0.0,0.0,0.0
-0.5267244,7.1347213,7.8912888,0.0,0.0,0.0,0.0,0.0,0.0
-0.5267244,7.1347213,7.8912888,0.0,0.0,0.0,0.0,0.0,0.0
-0.79487497,7.201759,8.2169,0.0,0.0,0.0,0.0,0.0,0.0
-0.79487497,7.201759,8.2169,0.0,0.0,0.0,0.0,0.0,0.0
-1.0055647,7.0964136,8.552089,0.0,0.0,0.0,0.0,0.0,0.0
-1.0055647,7.0964136,8.552089,0.0,0.0,0.0,0.0,0.0,0.0
-0.93852705,6.8282633,8.801085,0.0,0.0,0.0,0.0,0.0,0.0
-0.93852705,6.8282633,8.801085,0.0,0.0,0.0,0.0,0.0,0.0
-0.9576807,6.991069,8.561666,0.0,0.0,0.0,0.0,0.0,0.0
-0.9576807,6.991069,8.561666,0.0,0.0,0.0,0.0,0.0,0.0
-1.0630256,7.07726,8.389283,0.0,0.0,0.0,0.0,0.0,0.0
-1.0630256,7.07726,8.389283,0.0,0.0,0.0,0.0,0.0,0.0
-1.541866,7.1730285,8.350976,0.0,0.0,0.0,0.0,0.0,0.0
-1.541866,7.1730285,8.350976,0.0,0.0,0.0,0.0,0.0,0.0
-1.7525556,7.0485296,8.504205,0.0,0.0,0.0,0.0,0.0,0.0
-1.7525556,7.0485296,8.504205,0.0,0.0,0.0,0.0,0.0,0.0
-1.7238252,6.789956,8.791509,0.0,0.0,0.0,0.0,0.0,0.0
-1.7238252,6.789956,8.791509,0.0,0.0,0.0,0.0,0.0,0.0
-1.4173675,6.2823853,9.002198,0.0,0.0,0.0,0.0,0.0,0.0
-1.4173675,6.2823853,9.002198,0.0,0.0,0.0,0.0,0.0,0.0
-1.0534488,5.439626,9.251195,0.0,0.0,0.0,0.0,0.0,0.0
-1.0534488,5.439626,9.251195,0.0,0.0,0.0,0.0,0.0,0.0
-1.1300632,5.00867,9.14585,0.0,0.0,0.0,0.0,0.0,0.0
-1.1300632,5.00867,9.14585,0.0,0.0,0.0,0.0,0.0,0.0
-1.4173675,4.673482,9.021352,0.0,0.0,0.0,0.0,0.0,0.0
-1.4173675,4.673482,9.021352,0.0,0.0,0.0,0.0,0.0,0.0
-1.6376339,4.510676,8.839393,0.0,0.0,0.0,0.0,0.0,0.0
-1.6376339,4.510676,8.839393,0.0,0.0,0.0,0.0,0.0,0.0
-1.7717092,4.4436383,8.236053,0.0,0.0,0.0,0.0,0.0,0.0
-1.5993267,4.5394063,8.0924015,0.0,0.0,0.0,0.0,0.0,0.0
-1.5993267,4.5394063,8.0924015,0.0,0.0,0.0,0.0,0.0,0.0
-1.3694834,4.55856,8.312668,0.0,0.0,0.0,0.0,0.0,0.0
-1.3694834,4.55856,8.312668,0.0,0.0,0.0,0.0,0.0,0.0
-0.7469909,4.817134,8.532935,0.0,0.0,0.0,0.0,0.0,0.0
-0.7469909,4.817134,8.532935,0.0,0.0,0.0,0.0,0.0,0.0
-0.63206923,4.865018,8.418014,0.0,0.0,0.0,0.0,0.0,0.0
-0.63206923,4.865018,8.418014,0.0,0.0,0.0,0.0,0.0,0.0
-0.7469909,4.951209,8.312668,0.0,0.0,0.0,0.0,0.0,0.0
-0.7469909,4.951209,8.312668,0.0,0.0,0.0,0.0,0.0,0.0
-0.7757214,5.1235914,8.073248,0.0,0.0,0.0,0.0,0.0,0.0
-0.7757214,5.1235914,8.073248,0.0,0.0,0.0,0.0,0.0,0.0
-0.4309563,5.497087,7.6231384,0.0,0.0,0.0,0.0,0.0,0.0
-0.4309563,5.497087,7.6231384,0.0,0.0,0.0,0.0,0.0,0.0
-0.22026655,5.544971,7.699753,0.0,0.0,0.0,0.0,0.0,0.0
-0.22026655,5.544971,7.699753,0.0,0.0,0.0,0.0,0.0,0.0
-0.06703765,5.592855,7.8146744,0.0,0.0,0.0,0.0,0.0,0.0
-0.06703765,5.592855,7.8146744,0.0,0.0,0.0,0.0,0.0,0.0
0.22026655,5.6886234,7.8912888,0.0,0.0,0.0,0.0,0.0,0.0
0.22026655,5.6886234,7.8912888,0.0,0.0,0.0,0.0,0.0,0.0
0.19153613,5.7748146,7.833828,0.0,0.0,0.0,0.0,0.0,0.0
0.19153613,5.7748146,7.833828,0.0,0.0,0.0,0.0,0.0,0.0
0.10534488,5.8322754,7.680599,0.0,0.0,0.0,0.0,0.0,0.0
0.10534488,5.8322754,7.680599,0.0,0.0,0.0,0.0,0.0,0.0
0.095768064,5.93762,7.603985,0.0,0.0,0.0,0.0,0.0,0.0
0.095768064,5.93762,7.603985,0.0,0.0,0.0,0.0,0.0,0.0
0.4405331,6.3302693,8.015787,0.0,0.0,0.0,0.0,0.0,0.0
0.5746084,6.4164605,8.542512,0.0,0.0,0.0,0.0,0.0,0.0
0.5746084,6.4164605,8.542512,0.0,0.0,0.0,0.0,0.0,0.0
0.7182605,6.291962,9.088389,0.0,0.0,0.0,0.0,0.0,0.0
0.7182605,6.291962,9.088389,0.0,0.0,0.0,0.0,0.0,0.0
1.3024458,6.0046577,9.911995,0.0,0.0,0.0,0.0,0.0,0.0
1.3024458,6.0046577,9.911995,0.0,0.0,0.0,0.0,0.0,0.0
1.3024458,6.0046577,9.911995,0.0,0.0,0.0,0.0,0.0,0.0
0.641646,6.042965,9.5385,0.0,0.0,0.0,0.0,0.0,0.0
0.20111294,6.3206925,9.136273,0.0,0.0,0.0,0.0,0.0,0.0
0.20111294,6.3206925,9.136273,0.0,0.0,0.0,0.0,0.0,0.0
0.7565677,6.6654577,9.069236,0.0,0.0,0.0,0.0,0.0,0.0
0.7565677,6.6654577,9.069236,0.0,0.0,0.0,0.0,0.0,0.0
1.1109096,6.215348,10.812215,0.0,0.0,0.0,0.0,0.0,0.0
1.1109096,6.215348,10.812215,0.0,0.0,0.0,0.0,0.0,0.0
0.5746084,5.5737014,11.252748,0.0,0.0,0.0,0.0,0.0,0.0
0.5746084,5.5737014,11.252748,0.0,0.0,0.0,0.0,0.0,0.0
0.39264908,5.5162406,11.252748,0.0,0.0,0.0,0.0,0.0,0.0
0.39264908,5.5162406,11.252748,0.0,0.0,0.0,0.0,0.0,0.0
0.9959879,5.267244,9.940725,0.0,0.0,0.0,0.0,0.0,0.0
0.9959879,5.267244,9.940725,0.0,0.0,0.0,0.0,0.0,0.0
1.3311762,4.8937483,9.346964,0.0,0.0,0.0,0.0,0.0,0.0
1.3311762,4.8937483,9.346964,0.0,0.0,0.0,0.0,0.0,0.0
1.3311762,4.8937483,9.346964,0.0,0.0,0.0,0.0,0.0,0.0
1.6759412,4.644751,8.954314,0.0,0.0,0.0,0.0,0.0,0.0
1.5801731,4.4244847,8.868123,0.0,0.0,0.0,0.0,0.0,0.0
1.5801731,4.4244847,8.868123,0.0,0.0,0.0,0.0,0.0,0.0
0.6703765,4.453215,7.824251,0.0,0.0,0.0,0.0,0.0,0.0
0.6703765,4.453215,7.824251,0.0,0.0,0.0,0.0,0.0,0.0
0.5554548,4.8362875,7.422025,0.0,0.0,0.0,0.0,0.0,0.0
0.5554548,4.8362875,7.422025,0.0,0.0,0.0,0.0,0.0,0.0
0.51714754,4.9224787,7.067683,0.0,0.0,0.0,0.0,0.0,0.0
0.51714754,4.9224787,7.067683,0.0,0.0,0.0,0.0,0.0,0.0
0.08619126,5.554548,6.7708025,0.0,0.0,0.0,0.0,0.0,0.0
0.08619126,5.554548,6.7708025,0.0,0.0,0.0,0.0,0.0,0.0
-0.4213795,5.2959743,6.742072,0.0,0.0,0.0,0.0,0.0,0.0
-0.4213795,5.2959743,6.742072,0.0,0.0,0.0,0.0,0.0,0.0
-0.9672575,5.1810527,6.9527617,0.0,0.0,0.0,0.0,0.0,0.0
-0.9672575,5.1810527,6.9527617,0.0,0.0,0.0,0.0,0.0,0.0
-1.292869,5.094861,7.2687964,0.0,0.0,0.0,0.0,0.0,0.0
-1.292869,5.094861,7.2687964,0.0,0.0,0.0,0.0,0.0,0.0
-1.340753,5.0278234,7.642292,0.0,0.0,0.0,0.0,0.0,0.0
-1.340753,5.0278234,7.642292,0.0,0.0,0.0,0.0,0.0,0.0
-0.78529817,5.353435,7.517793,0.0,0.0,0.0,0.0,0.0,0.0
-0.78529817,5.353435,7.517793,0.0,0.0,0.0,0.0,0.0,0.0
-0.82360536,5.746084,7.374141,0.0,0.0,0.0,0.0,0.0,0.0
-0.82360536,5.746084,7.374141,0.0,0.0,0.0,0.0,0.0,0.0
-1.4173675,6.1195793,7.699753,0.0,0.0,0.0,0.0,0.0,0.0
-1.4173675,6.1195793,7.699753,0.0,0.0,0.0,0.0,0.0,0.0
-1.2449849,6.339846,8.341399,0.0,0.0,0.0,0.0,0.0,0.0
-1.2449849,6.339846,8.341399,0.0,0.0,0.0,0.0,0.0,0.0
-0.8331822,6.742072,8.197746,0.0,0.0,0.0,0.0,0.0,0.0
-0.35434186,7.0006456,7.7572136,0.0,0.0,0.0,0.0,0.0,0.0
-0.35434186,7.0006456,7.7572136,0.0,0.0,0.0,0.0,0.0,0.0
0.047884032,7.297527,7.8146744,0.0,0.0,0.0,0.0,0.0,0.0
0.047884032,7.297527,7.8146744,0.0,0.0,0.0,0.0,0.0,0.0
0.2873042,6.9527617,8.178593,0.0,0.0,0.0,0.0,0.0,0.0
0.2873042,6.9527617,8.178593,0.0,0.0,0.0,0.0,0.0,0.0
0.2681506,6.445191,8.628703,0.0,0.0,0.0,0.0,0.0,0.0
0.2681506,6.445191,8.628703,0.0,0.0,0.0,0.0,0.0,0.0
-0.21068975,5.7269306,8.8777,0.0,0.0,0.0,0.0,0.0,0.0
-0.21068975,5.7269306,8.8777,0.0,0.0,0.0,0.0,0.0,0.0
-0.90021986,5.45878,8.561666,0.0,0.0,0.0,0.0,0.0,0.0
-0.90021986,5.45878,8.561666,0.0,0.0,0.0,0.0,0.0,0.0
-1.1204864,5.803545,8.513782,0.0,0.0,0.0,0.0,0.0,0.0
-1.1204864,5.803545,8.513782,0.0,0.0,0.0,0.0,0.0,0.0
-0.7661445,6.1195793,9.097966,0.0,0.0,0.0,0.0,0.0,0.0
-0.7661445,6.1195793,9.097966,0.0,0.0,0.0,0.0,0.0,0.0
0.15322891,5.861006,11.626244,0.0,0.0,0.0,0.0,0.0,0.0
0.15322891,5.861006,11.626244,0.0,0.0,0.0,0.0,0.0,0.0
-0.545878,5.4204726,12.038046,0.0,0.0,0.0,0.0,0.0,0.0
-0.545878,5.4204726,12.038046,0.0,0.0,0.0,0.0,0.0,0.0
-1.1300632,5.2385135,11.444284,0.0,0.0,0.0,0.0,0.0,0.0
-1.1300632,5.2385135,11.444284,0.0,0.0,0.0,0.0,0.0,0.0
-1.0534488,5.6790466,10.860099,0.0,0.0,0.0,0.0,0.0,0.0
-1.0534488,5.6790466,10.860099,0.0,0.0,0.0,0.0,0.0,0.0
-0.59376204,5.813122,10.563218,0.0,0.0,0.0,0.0,0.0,0.0
-0.59376204,5.813122,10.563218,0.0,0.0,0.0,0.0,0.0,0.0
-0.60333884,5.4204726,10.419566,0.0,0.0,0.0,0.0,0.0,0.0
-0.60333884,5.4204726,10.419566,0.0,0.0,0.0,0.0,0.0,0.0
-0.545878,5.3725886,10.218452,0.0,0.0,0.0,0.0,0.0,0.0
-0.45968673,4.6830587,10.563218,0.0,0.0,0.0,0.0,0.0,0.0
-0.45968673,4.6830587,10.563218,0.0,0.0,0.0,0.0,0.0,0.0
0.40222588,4.711789,10.43872,0.0,0.0,0.0,0.0,0.0,0.0
0.40222588,4.711789,10.43872,0.0,0.0,0.0,0.0,0.0,0.0
1.4077905,4.7309427,9.730036,0.0,0.0,0.0,0.0,0.0,0.0
1.4077905,4.7309427,9.730036,0.0,0.0,0.0,0.0,0.0,0.0
2.2697031,4.711789,8.839393,0.0,0.0,0.0,0.0,0.0,0.0
2.2697031,4.711789,8.839393,0.0,0.0,0.0,0.0,0.0,0.0
2.8634653,3.9743748,7.4986396,0.0,0.0,0.0,0.0,0.0,0.0
2.8634653,3.9743748,7.4986396,0.0,0.0,0.0,0.0,0.0,0.0
2.6240451,3.1794999,7.297527,0.0,0.0,0.0,0.0,0.0,0.0
2.6240451,3.1794999,7.297527,0.0,0.0,0.0,0.0,0.0,0.0
2.1260512,2.4708161,7.2113357,0.0,0.0,0.0,0.0,0.0,0.0
2.1260512,2.4708161,7.2113357,0.0,0.0,0.0,0.0,0.0,0.0
1.3790601,1.6950948,7.086837,0.0,0.0,0.0,0.0,0.0,0.0
1.3790601,1.6950948,7.086837,0.0,0.0,0.0,0.0,0.0,0.0
0.93852705,1.2449849,6.531382,0.0,0.0,0.0,0.0,0.0,0.0
0.93852705,1.2449849,6.531382,0.0,0.0,0.0,0.0,0.0,0.0
0.60333884,1.2354081,6.4547677,0.0,0.0,0.0,0.0,0.0,0.0
0.60333884,1.2354081,6.4547677,0.0,0.0,0.0,0.0,0.0,0.0
0.6607997,1.685518,7.029376,0.0,0.0,0.0,0.0,0.0,0.0
0.6607997,1.685518,7.029376,0.0,0.0,0.0,0.0,0.0,0.0
1.340753,1.8483237,7.8529816,0.0,0.0,0.0,0.0,0.0,0.0
1.340753,1.8483237,7.8529816,0.0,0.0,0.0,0.0,0.0,0.0
1.5897499,2.2601264,7.5944076,0.0,0.0,0.0,0.0,0.0,0.0
1.5897499,2.2601264,7.5944076,0.0,0.0,0.0,0.0,0.0,0.0
1.8100165,2.7485435,7.383718,0.0,0.0,0.0,0.0,0.0,0.0
1.8100165,2.7485435,7.383718,0.0,0.0,0.0,0.0,0.0,0.0
0.82360536,3.1603463,7.335834,0.0,0.0,0.0,0.0,0.0,0.0
0.82360536,3.1603463,7.335834,0.0,0.0,0.0,0.0,0.0,0.0
0.30645782,3.3423057,7.9104424,0.0,0.0,0.0,0.0,0.0,0.0
0.30645782,3.3423057,7.9104424,0.0,0.0,0.0,0.0,0.0,0.0
-0.5363012,4.1276035,9.11712,0.0,0.0,0.0,0.0,0.0,0.0
-0.5363012,4.1276035,9.11712,0.0,0.0,0.0,0.0,0.0,0.0
-1.3024458,5.315128,11.003751,0.0,0.0,0.0,0.0,0.0,0.0
-1.3024458,5.315128,11.003751,0.0,0.0,0.0,0.0,0.0,0.0
-0.7757214,6.8186865,15.74427,0.0,0.0,0.0,0.0,0.0,0.0
-0.7757214,6.8186865,15.74427,0.0,0.0,0.0,0.0,0.0,0.0
0.2681506,7.2592196,17.851168,0.0,0.0,0.0,0.0,0.0,0.0
0.2681506,7.2592196,17.851168,0.0,0.0,0.0,0.0,0.0,0.0
1.685518,6.5696893,17.975666,0.0,0.0,0.0,0.0,0.0,0.0
1.685518,6.5696893,17.975666,0.0,0.0,0.0,0.0,0.0,0.0
2.327164,5.889736,16.692375,0.0,0.0,0.0,0.0,0.0,0.0
2.327164,5.889736,16.692375,0.0,0.0,0.0,0.0,0.0,0.0
1.5610195,5.0757074,11.836933,0.0,0.0,0.0,0.0,0.0,0.0
1.5610195,5.0757074,11.836933,0.0,0.0,0.0,0.0,0.0,0.0
1.3311762,4.5872903,9.883265,0.0,0.0,0.0,0.0,0.0,0.0
1.3311762,4.5872903,9.883265,0.0,0.0,0.0,0.0,0.0,0.0
1.2449849,4.185065,8.580819,0.0,0.0,0.0,0.0,0.0,0.0
1.2449849,4.185065,8.580819,0.0,0.0,0.0,0.0,0.0,0.0
1.8483237,3.3901896,7.3645644,0.0,0.0,0.0,0.0,0.0,0.0
2.087744,2.9783869,7.2113357,0.0,0.0,0.0,0.0,0.0,0.0
2.087744,2.9783869,7.2113357,0.0,0.0,0.0,0.0,0.0,0.0
2.183512,2.8538885,7.2783732,0.0,0.0,0.0,0.0,0.0,0.0
2.183512,2.8538885,7.2783732,0.0,0.0,0.0,0.0,0.0,0.0
2.030283,2.777274,7.326257,0.0,0.0,0.0,0.0,0.0,0.0
2.030283,2.777274,7.326257,0.0,0.0,0.0,0.0,0.0,0.0
1.8100165,2.96881,7.8625584,0.0,0.0,0.0,0.0,0.0,0.0
1.8100165,2.96881,7.8625584,0.0,0.0,0.0,0.0,0.0,0.0
1.7429788,3.2465374,7.881712,0.0,0.0,0.0,0.0,0.0,0.0
1.7429788,3.2465374,7.881712,0.0,0.0,0.0,0.0,0.0,0.0
1.3982137,3.8019924,7.9966335,0.0,0.0,0.0,0.0,0.0,0.0
1.3982137,3.8019924,7.9966335,0.0,0.0,0.0,0.0,0.0,0.0
0.89064306,4.5872903,8.39886,0.0,0.0,0.0,0.0,0.0,0.0
0.89064306,4.5872903,8.39886,0.0,0.0,0.0,0.0,0.0,0.0
0.7374141,5.00867,8.781932,0.0,0.0,0.0,0.0,0.0,0.0
0.7374141,5.00867,8.781932,0.0,0.0,0.0,0.0,0.0,0.0
0.7278373,5.00867,9.308656,0.0,0.0,0.0,0.0,0.0,0.0
0.7278373,5.00867,9.308656,0.0,0.0,0.0,0.0,0.0,0.0
0.58418524,4.999093,9.80665,0.0,0.0,0.0,0.0,0.0,0.0
0.58418524,4.999093,9.80665,0.0,0.0,0.0,0.0,0.0,0.0
0.095768064,4.7979803,9.931149,0.0,0.0,0.0,0.0,0.0,0.0
0.095768064,4.7979803,9.931149,0.0,0.0,0.0,0.0,0.0,0.0
-0.32561144,4.76925,9.615114,0.0,0.0,0.0,0.0,0.0,0.0
-0.32561144,4.76925,9.615114,0.0,0.0,0.0,0.0,0.0,0.0
-0.8810662,4.855441,9.289502,0.0,0.0,0.0,0.0,0.0,0.0
-0.8810662,4.855441,9.289502,0.0,0.0,0.0,0.0,0.0,0.0
-1.6567876,4.9895163,9.988609,0.0,0.0,0.0,0.0,0.0,0.0
-1.6567876,4.9895163,9.988609,0.0,0.0,0.0,0.0,0.0,0.0
-1.541866,4.960786,11.051635,0.0,0.0,0.0,0.0,0.0,0.0
-1.541866,4.960786,11.051635,0.0,0.0,0.0,0.0,0.0,0.0
-1.2449849,4.7500963,12.315774,0.0,0.0,0.0,0.0,0.0,0.0
-1.2449849,4.7500963,12.315774,0.0,0.0,0.0,0.0,0.0,0.0
-1.0726024,4.2521024,13.263878,0.0,0.0,0.0,0.0,0.0,0.0
-1.0726024,4.2521024,13.263878,0.0,0.0,0.0,0.0,0.0,0.0
-1.532289,3.1411927,13.666103,0.0,0.0,0.0,0.0,0.0,0.0
-1.532289,3.1411927,13.666103,0.0,0.0,0.0,0.0,0.0,0.0
-1.8770541,2.873042,13.215993,0.0,0.0,0.0,0.0,0.0,0.0
-1.8770541,2.873042,13.215993,0.0,0.0,0.0,0.0,0.0,0.0
-1.9536686,2.681506,12.603078,0.0,0.0,0.0,0.0,0.0,0.0
-1.9536686,2.681506,12.603078,0.0,0.0,0.0,0.0,0.0,0.0
-1.1300632,2.6623523,11.195287,0.0,0.0,0.0,0.0,0.0,0.0
-1.1300632,2.6623523,11.195287,0.0,0.0,0.0,0.0,0.0,0.0
-0.9672575,2.7964275,10.381259,0.0,0.0,0.0,0.0,0.0,0.0
-0.9672575,2.7964275,10.381259,0.0,0.0,0.0,0.0,0.0,0.0
-0.9864111,2.9400797,9.586384,0.0,0.0,0.0,0.0,0.0,0.0
-0.9864111,2.9400797,9.586384,0.0,0.0,0.0,0.0,0.0,0.0
-1.043872,3.0550013,8.743625,0.0,0.0,0.0,0.0,0.0,0.0
-1.043872,3.0550013,8.743625,0.0,0.0,0.0,0.0,0.0,0.0
-1.6280571,3.5817258,7.6135616,0.0,0.0,0.0,0.0,0.0,0.0
-1.6280571,3.5817258,7.6135616,0.0,0.0,0.0,0.0,0.0,0.0
-1.6759412,4.10845,7.383718,0.0,0.0,0.0,0.0,0.0,0.0
-1.6759412,4.10845,7.383718,0.0,0.0,0.0,0.0,0.0,0.0
-1.436521,4.510676,7.4507556,0.0,0.0,0.0,0.0,0.0,0.0
-1.436521,4.510676,7.4507556,0.0,0.0,0.0,0.0,0.0,0.0
-1.1204864,5.1235914,8.025364,0.0,0.0,0.0,0.0,0.0,0.0
-1.1204864,5.1235914,8.025364,0.0,0.0,0.0,0.0,0.0,0.0
-1.0821792,5.410896,8.274361,0.0,0.0,0.0,0.0,0.0,0.0
-1.0821792,5.410896,8.274361,0.0,0.0,0.0,0.0,0.0,0.0
-1.0055647,5.4779334,8.293514,0.0,0.0,0.0,0.0,0.0,0.0
-1.0055647,5.4779334,8.293514,0.0,0.0,0.0,0.0,0.0,0.0
-0.94810385,5.5162406,8.599973,0.0,0.0,0.0,0.0,0.0,0.0
-0.94810385,5.5162406,8.599973,0.0,0.0,0.0,0.0,0.0,0.0
-0.7374141,5.3342814,9.155427,0.0,0.0,0.0,0.0,0.0,0.0
-0.7374141,5.3342814,9.155427,0.0,0.0,0.0,0.0,0.0,0.0
-0.6895301,5.3342814,9.14585,0.0,0.0,0.0,0.0,0.0,0.0
-0.6991069,5.21936,8.925584,0.0,0.0,0.0,0.0,0.0,0.0
-0.6991069,5.21936,8.925584,0.0,0.0,0.0,0.0,0.0,0.0
-0.78529817,5.0182467,8.628703,0.0,0.0,0.0,0.0,0.0,0.0
-0.78529817,5.0182467,8.628703,0.0,0.0,0.0,0.0,0.0,0.0
-0.8331822,5.0374002,8.034941,0.0,0.0,0.0,0.0,0.0,0.0
-0.8331822,5.0374002,8.034941,0.0,0.0,0.0,0.0,0.0,0.0
-0.6512229,5.094861,8.283937,0.0,0.0,0.0,0.0,0.0,0.0
-0.6512229,5.094861,8.283937,0.0,0.0,0.0,0.0,0.0,0.0
-0.25857377,4.8841715,8.810662,0.0,0.0,0.0,0.0,0.0,0.0
-0.25857377,4.8841715,8.810662,0.0,0.0,0.0,0.0,0.0,0.0
0.45010993,4.6351743,10.007763,0.0,0.0,0.0,0.0,0.0,0.0
0.45010993,4.6351743,10.007763,0.0,0.0,0.0,0.0,0.0,0.0
0.5267244,4.31914,10.151415,0.0,0.0,0.0,0.0,0.0,0.0
0.5267244,4.31914,10.151415,0.0,0.0,0.0,0.0,0.0,0.0
0.37349546,3.9456444,10.6398325,0.0,0.0,0.0,0.0,0.0,0.0
0.37349546,3.9456444,10.6398325,0.0,0.0,0.0,0.0,0.0,0.0
0.047884032,3.7828386,11.559206,0.0,0.0,0.0,0.0,0.0,0.0
0.047884032,3.7828386,11.559206,0.0,0.0,0.0,0.0,0.0,0.0
0.5650316,3.0358477,13.101071,0.0,0.0,0.0,0.0,0.0,0.0
0.5650316,3.0358477,13.101071,0.0,0.0,0.0,0.0,0.0,0.0
0.9959879,2.6719291,12.880805,0.0,0.0,0.0,0.0,0.0,0.0
0.9959879,2.6719291,12.880805,0.0,0.0,0.0,0.0,0.0,0.0
1.3120226,2.719813,12.220005,0.0,0.0,0.0,0.0,0.0,0.0
1.3120226,2.719813,12.220005,0.0,0.0,0.0,0.0,0.0,0.0
1.4652514,3.5051112,9.174581,0.0,0.0,0.0,0.0,0.0,0.0
1.4652514,3.5051112,9.174581,0.0,0.0,0.0,0.0,0.0,0.0
0.8331822,3.763685,8.236053,0.0,0.0,0.0,0.0,0.0,0.0
0.8331822,3.763685,8.236053,0.0,0.0,0.0,0.0,0.0,0.0
-0.10534488,3.7349546,7.967903,0.0,0.0,0.0,0.0,0.0,0.0
-0.10534488,3.7349546,7.967903,0.0,0.0,0.0,0.0,0.0,0.0
-0.22984336,3.5051112,8.1402855,0.0,0.0,0.0,0.0,0.0,0.0
-0.22984336,3.5051112,8.1402855,0.0,0.0,0.0,0.0,0.0,0.0
-0.7469909,3.9743748,8.00621,0.0,0.0,0.0,0.0,0.0,0.0
-0.7469909,3.9743748,8.00621,0.0,0.0,0.0,0.0,0.0,0.0
-0.7661445,4.098873,7.785944,0.0,0.0,0.0,0.0,0.0,0.0
-0.7661445,4.098873,7.785944,0.0,0.0,0.0,0.0,0.0,0.0
-0.545878,4.156334,7.824251,0.0,0.0,0.0,0.0,0.0,0.0
-0.545878,4.156334,7.824251,0.0,0.0,0.0,0.0,0.0,0.0
-0.8714894,4.0701427,7.642292,0.0,0.0,0.0,0.0,0.0,0.0
-0.8714894,4.0701427,7.642292,0.0,0.0,0.0,0.0,0.0,0.0
-1.3694834,4.146757,7.441179,0.0,0.0,0.0,0.0,0.0,0.0
-1.4748282,4.280833,7.3071036,0.0,0.0,0.0,0.0,0.0,0.0
-1.4748282,4.280833,7.3071036,0.0,0.0,0.0,0.0,0.0,0.0
-1.3503298,4.4819455,7.536947,0.0,0.0,0.0,0.0,0.0,0.0
-1.3503298,4.4819455,7.536947,0.0,0.0,0.0,0.0,0.0,0.0
-1.5993267,5.046977,8.1881695,0.0,0.0,0.0,0.0,0.0,0.0
-1.5993267,5.046977,8.1881695,0.0,0.0,0.0,0.0,0.0,0.0
-1.7717092,5.0661306,8.973468,0.0,0.0,0.0,0.0,0.0,0.0
-1.7717092,5.0661306,8.973468,0.0,0.0,0.0,0.0,0.0,0.0
-1.733402,5.046977,9.80665,0.0,0.0,0.0,0.0,0.0,0.0
-1.733402,5.046977,9.80665,0.0,0.0,0.0,0.0,0.0,0.0
-1.7238252,5.1906295,10.94629,0.0,0.0,0.0,0.0,0.0,0.0
-1.7238252,5.1906295,10.94629,0.0,0.0,0.0,0.0,0.0,0.0
-1.934515,5.353435,11.405977,0.0,0.0,0.0,0.0,0.0,0.0
-1.934515,5.353435,11.405977,0.0,0.0,0.0,0.0,0.0,0.0
-1.9153614,5.3725886,11.664551,0.0,0.0,0.0,0.0,0.0,0.0
-1.9153614,5.3725886,11.664551,0.0,0.0,0.0,0.0,0.0,0.0
-0.92895025,5.046977,12.018892,0.0,0.0,0.0,0.0,0.0,0.0
-0.92895025,5.046977,12.018892,0.0,0.0,0.0,0.0,0.0,0.0
0.11492168,4.4244847,12.804191,0.0,0.0,0.0,0.0,0.0,0.0
0.11492168,4.4244847,12.804191,0.0,0.0,0.0,0.0,0.0,0.0
0.16280572,3.9935284,12.028469,0.0,0.0,0.0,0.0,0.0,0.0
0.16280572,3.9935284,12.028469,0.0,0.0,0.0,0.0,0.0,0.0
-0.6991069,4.156334,10.783484,0.0,0.0,0.0,0.0,0.0,0.0
-0.6991069,4.156334,10.783484,0.0,0.0,0.0,0.0,0.0,0.0
-1.1779473,4.4340615,9.528923,0.0,0.0,0.0,0.0,0.0,0.0
-1.1779473,4.4340615,9.528923,0.0,0.0,0.0,0.0,0.0,0.0
-1.8579005,5.4300494,7.833828,0.0,0.0,0.0,0.0,0.0,0.0
-1.8579005,5.4300494,7.833828,0.0,0.0,0.0,0.0,0.0,0.0
-1.6376339,5.6215854,8.341399,0.0,0.0,0.0,0.0,0.0,0.0
-1.6376339,5.6215854,8.341399,0.0,0.0,0.0,0.0,0.0,0.0
-1.13964,3.7253778,8.66701,0.0,0.0,0.0,0.0,0.0,0.0
-1.13964,3.7253778,8.66701,0.0,0.0,0.0,0.0,0.0,0.0
-0.6512229,4.0701427,8.8777,0.0,0.0,0.0,0.0,0.0,0.0
-0.6512229,4.0701427,8.8777,0.0,0.0,0.0,0.0,0.0,0.0
-0.06703765,4.060566,9.375694,0.0,0.0,0.0,0.0,0.0,0.0
-0.06703765,4.060566,9.375694,0.0,0.0,0.0,0.0,0.0,0.0
0.842759,3.8402996,9.232041,0.0,0.0,0.0,0.0,0.0,0.0
0.842759,3.8402996,9.232041,0.0,0.0,0.0,0.0,0.0,0.0
2.27928,3.1890767,7.9391727,0.0,0.0,0.0,0.0,0.0,0.0
2.27928,3.1890767,7.9391727,0.0,0.0,0.0,0.0,0.0,0.0
3.122039,2.480393,7.6614456,0.0,0.0,0.0,0.0,0.0,0.0
3.122039,2.480393,7.6614456,0.0,0.0,0.0,0.0,0.0,0.0
1.532289,2.4708161,8.408437,0.0,0.0,0.0,0.0,0.0,0.0
1.532289,2.4708161,8.408437,0.0,0.0,0.0,0.0,0.0,0.0
1.6663644,1.13964,8.418014,0.0,0.0,0.0,0.0,0.0,0.0
1.6663644,1.13964,8.418014,0.0,0.0,0.0,0.0,0.0,0.0
1.541866,0.6895301,10.97502,0.0,0.0,0.0,0.0,0.0,0.0
1.541866,0.6895301,10.97502,0.0,0.0,0.0,0.0,0.0,0.0
2.2697031,0.9959879,9.892841,0.0,0.0,0.0,0.0,0.0,0.0
3.2465374,1.8387469,8.954314,0.0,0.0,0.0,0.0,0.0,0.0
3.2465374,1.8387469,8.954314,0.0,0.0,0.0,0.0,0.0,0.0
3.2465374,1.8387469,8.954314,0.0,0.0,0.0,0.0,0.0,0.0
3.8977604,2.777274,7.8625584,0.0,0.0,0.0,0.0,0.0,0.0
2.8634653,2.6527755,8.647857,0.0,0.0,0.0,0.0,0.0,0.0
2.8634653,2.6527755,8.647857,0.0,0.0,0.0,0.0,0.0,0.0
2.8634653,2.6527755,8.647857,0.0,0.0,0.0,0.0,0.0,0.0
2.5761611,2.1930888,9.931149,0.0,0.0,0.0,0.0,0.0,0.0
2.7006595,1.3982137,9.825804,0.0,0.0,0.0,0.0,0.0,0.0
2.7006595,1.3982137,9.825804,0.0,0.0,0.0,0.0,0.0,0.0
1.8004397,1.8004397,11.252748,0.0,0.0,0.0,0.0,0.0,0.0
1.8004397,1.8004397,11.252748,0.0,0.0,0.0,0.0,0.0,0.0
2.2026656,2.9783869,11.683704,0.0,0.0,0.0,0.0,0.0,0.0
2.2026656,2.9783869,11.683704,0.0,0.0,0.0,0.0,0.0,0.0
2.2026656,2.9783869,11.683704,0.0,0.0,0.0,0.0,0.0,0.0
2.7964275,3.7732618,11.654974,0.0,0.0,0.0,0.0,0.0,0.0
3.0262709,4.146757,11.664551,0.0,0.0,0.0,0.0,0.0,0.0
3.0262709,4.146757,11.664551,0.0,0.0,0.0,0.0,0.0,0.0
2.815581,4.3287168,10.314221,0.0,0.0,0.0,0.0,0.0,0.0
2.815581,4.3287168,10.314221,0.0,0.0,0.0,0.0,0.0,0.0
1.7429788,3.9552212,9.107543,0.0,0.0,0.0,0.0,0.0,0.0
1.7429788,3.9552212,9.107543,0.0,0.0,0.0,0.0,0.0,0.0
0.8714894,3.8881836,8.39886,0.0,0.0,0.0,0.0,0.0,0.0
0.8714894,3.8881836,8.39886,0.0,0.0,0.0,0.0,0.0,0.0
-0.32561144,3.3423057,7.9391727,0.0,0.0,0.0,0.0,0.0,0.0
-0.32561144,3.3423057,7.9391727,0.0,0.0,0.0,0.0,0.0,0.0
-0.842759,3.217807,8.0445175,0.0,0.0,0.0,0.0,0.0,0.0
-0.842759,3.217807,8.0445175,0.0,0.0,0.0,0.0,0.0,0.0
-1.0630256,3.265691,7.9583263,0.0,0.0,0.0,0.0,0.0,0.0
-1.0630256,3.265691,7.9583263,0.0,0.0,0.0,0.0,0.0,0.0
-1.3599066,3.2944214,8.379706,0.0,0.0,0.0,0.0,0.0,0.0
-1.3599066,3.2944214,8.379706,0.0,0.0,0.0,0.0,0.0,0.0
-1.7621324,3.2082303,9.950302,0.0,0.0,0.0,0.0,0.0,0.0
-1.7621324,3.2082303,9.950302,0.0,0.0,0.0,0.0,0.0,0.0
-1.7429788,2.633622,10.869676,0.0,0.0,0.0,0.0,0.0,0.0
-1.7429788,2.633622,10.869676,0.0,0.0,0.0,0.0,0.0,0.0
-2.078167,3.667917,11.463438,0.0,0.0,0.0,0.0,0.0,0.0
-2.078167,3.667917,11.463438,0.0,0.0,0.0,0.0,0.0,0.0
-1.3790601,4.9799395,12.047623,0.0,0.0,0.0,0.0,0.0,0.0
-1.3790601,4.9799395,12.047623,0.0,0.0,0.0,0.0,0.0,0.0
-0.019153614,5.2385135,13.9438305,0.0,0.0,0.0,0.0,0.0,0.0
-0.019153614,5.2385135,13.9438305,0.0,0.0,0.0,0.0,0.0,0.0
2.4420857,4.5872903,15.121778,0.0,0.0,0.0,0.0,0.0,0.0
2.4420857,4.5872903,15.121778,0.0,0.0,0.0,0.0,0.0,0.0
3.8881836,4.1946416,15.016433,0.0,0.0,0.0,0.0,0.0,0.0
3.8881836,4.1946416,15.016433,0.0,0.0,0.0,0.0,0.0,0.0
2.96881,4.280833,12.133814,0.0,0.0,0.0,0.0,0.0,0.0
2.96881,4.280833,12.133814,0.0,0.0,0.0,0.0,0.0,0.0
2.030283,4.1659107,10.6877165,0.0,0.0,0.0,0.0,0.0,0.0
2.030283,4.1659107,10.6877165,0.0,0.0,0.0,0.0,0.0,0.0
0.94810385,4.098873,9.3182335,0.0,0.0,0.0,0.0,0.0,0.0
0.94810385,4.098873,9.3182335,0.0,0.0,0.0,0.0,0.0,0.0
0.2873042,3.2273839,8.389283,0.0,0.0,0.0,0.0,0.0,0.0
0.2873042,3.2273839,8.389283,0.0,0.0,0.0,0.0,0.0,0.0
0.62249243,3.1124623,8.504205,0.0,0.0,0.0,0.0,0.0,0.0
0.62249243,3.1124623,8.504205,0.0,0.0,0.0,0.0,0.0,0.0
1.2258313,3.715801,8.121132,0.0,0.0,0.0,0.0,0.0,0.0
1.2258313,3.715801,8.121132,0.0,0.0,0.0,0.0,0.0,0.0
1.6184803,4.7788267,7.680599,0.0,0.0,0.0,0.0,0.0,0.0
1.6184803,4.7788267,7.680599,0.0,0.0,0.0,0.0,0.0,0.0
3.4955344,4.1946416,6.9623384,0.0,0.0,0.0,0.0,0.0,0.0
3.4955344,4.1946416,6.9623384,0.0,0.0,0.0,0.0,0.0,0.0
4.453215,3.8498764,7.5465236,0.0,0.0,0.0,0.0,0.0,0.0
4.453215,3.8498764,7.5465236,0.0,0.0,0.0,0.0,0.0,0.0
5.133168,3.2369606,8.24563,0.0,0.0,0.0,0.0,0.0,0.0
5.133168,3.2369606,8.24563,0.0,0.0,0.0,0.0,0.0,0.0
5.554548,1.532289,10.160992,0.0,0.0,0.0,0.0,0.0,0.0
5.554548,1.532289,10.160992,0.0,0.0,0.0,0.0,0.0,0.0
5.133168,0.8523358,10.170568,0.0,0.0,0.0,0.0,0.0,0.0
5.133168,0.8523358,10.170568,0.0,0.0,0.0,0.0,0.0,0.0
4.1659107,-0.39264908,9.375694,0.0,0.0,0.0,0.0,0.0,0.0
4.1659107,-0.39264908,9.375694,0.0,0.0,0.0,0.0,0.0,0.0
4.501099,0.5267244,8.590396,0.0,0.0,0.0,0.0,0.0,0.0
4.501099,0.5267244,8.590396,0.0,0.0,0.0,0.0,0.0,0.0
5.085284,1.2066777,4.6926355,0.0,0.0,0.0,0.0,0.0,0.0
4.185065,2.3942018,4.309563,0.0,0.0,0.0,0.0,0.0,0.0
4.185065,2.3942018,4.309563,0.0,0.0,0.0,0.0,0.0,0.0
3.3423057,2.7389667,5.659893,0.0,0.0,0.0,0.0,0.0,0.0
3.3423057,2.7389667,5.659893,0.0,0.0,0.0,0.0,0.0,0.0
3.2273839,2.4516625,7.97748,0.0,0.0,0.0,0.0,0.0,0.0
3.2273839,2.4516625,7.97748,0.0,0.0,0.0,0.0,0.0,0.0
3.7349546,2.3463178,13.350069,0.0,0.0,0.0,0.0,0.0,0.0
3.7349546,2.3463178,13.350069,0.0,0.0,0.0,0.0,0.0,0.0
4.0701427,2.8538885,15.255854,0.0,0.0,0.0,0.0,0.0,0.0
4.0701427,2.8538885,15.255854,0.0,0.0,0.0,0.0,0.0,0.0
4.6160207,3.9839516,15.677233,0.0,0.0,0.0,0.0,0.0,0.0
4.6160207,3.9839516,15.677233,0.0,0.0,0.0,0.0,0.0,0.0
4.6351743,6.081272,12.717999,0.0,0.0,0.0,0.0,0.0,0.0
4.6351743,6.081272,12.717999,0.0,0.0,0.0,0.0,0.0,0.0
4.2904096,6.3589997,11.147403,0.0,0.0,0.0,0.0,0.0,0.0
4.2904096,6.3589997,11.147403,0.0,0.0,0.0,0.0,0.0,0.0
3.6966474,6.0142345,9.768343,0.0,0.0,0.0,0.0,0.0,0.0
3.6966474,6.0142345,9.768343,0.0,0.0,0.0,0.0,0.0,0.0
3.6966474,6.0142345,9.768343,0.0,0.0,0.0,0.0,0.0,0.0
2.8060043,5.45878,8.6574335,0.0,0.0,0.0,0.0,0.0,0.0
0.91937345,4.596867,7.019799,0.0,0.0,0.0,0.0,0.0,0.0
0.91937345,4.596867,7.019799,0.0,0.0,0.0,0.0,0.0,0.0
0.2873042,4.271256,6.6750345,0.0,0.0,0.0,0.0,0.0,0.0
0.2873042,4.271256,6.6750345,0.0,0.0,0.0,0.0,0.0,0.0
-0.23942018,3.9552212,6.703765,0.0,0.0,0.0,0.0,0.0,0.0
-0.23942018,3.9552212,6.703765,0.0,0.0,0.0,0.0,0.0,0.0
-1.1587936,3.217807,7.5561004,0.0,0.0,0.0,0.0,0.0,0.0
-1.1587936,3.217807,7.5561004,0.0,0.0,0.0,0.0,0.0,0.0
-1.4556746,2.7868507,8.015787,0.0,0.0,0.0,0.0,0.0,0.0
-1.4556746,2.7868507,8.015787,0.0,0.0,0.0,0.0,0.0,0.0
-1.4939818,2.834735,8.082825,0.0,0.0,0.0,0.0,0.0,0.0
-1.4939818,2.834735,8.082825,0.0,0.0,0.0,0.0,0.0,0.0
-1.4269443,3.1890767,7.8625584,0.0,0.0,0.0,0.0,0.0,0.0
-1.4269443,3.1890767,7.8625584,0.0,0.0,0.0,0.0,0.0,0.0
-1.2162545,3.9264908,8.676587,0.0,0.0,0.0,0.0,0.0,0.0
-1.2162545,3.9264908,8.676587,0.0,0.0,0.0,0.0,0.0,0.0
-0.545878,4.261679,9.864111,0.0,0.0,0.0,0.0,0.0,0.0
-0.545878,4.261679,9.864111,0.0,0.0,0.0,0.0,0.0,0.0
1.0055647,4.3766007,12.852075,0.0,0.0,0.0,0.0,0.0,0.0
1.0055647,4.3766007,12.852075,0.0,0.0,0.0,0.0,0.0,0.0
4.4340615,2.6240451,16.146496,0.0,0.0,0.0,0.0,0.0,0.0
4.4340615,2.6240451,16.146496,0.0,0.0,0.0,0.0,0.0,0.0
4.721366,2.5378537,14.662091,0.0,0.0,0.0,0.0,0.0,0.0
4.721366,2.5378537,14.662091,0.0,0.0,0.0,0.0,0.0,0.0
3.4284968,2.4229321,12.277467,0.0,0.0,0.0,0.0,0.0,0.0
3.4284968,2.4229321,12.277467,0.0,0.0,0.0,0.0,0.0,0.0
1.7238252,3.1603463,10.515334,0.0,0.0,0.0,0.0,0.0,0.0
0.4309563,4.817134,10.352529,0.0,0.0,0.0,0.0,0.0,0.0
0.4309563,4.817134,10.352529,0.0,0.0,0.0,0.0,0.0,0.0
0.58418524,4.9895163,10.563218,0.0,0.0,0.0,0.0,0.0,0.0
0.58418524,4.9895163,10.563218,0.0,0.0,0.0,0.0,0.0,0.0
0.9768343,4.721366,10.611102,0.0,0.0,0.0,0.0,0.0,0.0
0.9768343,4.721366,10.611102,0.0,0.0,0.0,0.0,0.0,0.0
2.030283,4.8362875,9.203311,0.0,0.0,0.0,0.0,0.0,0.0
2.030283,4.8362875,9.203311,0.0,0.0,0.0,0.0,0.0,0.0
2.3463178,5.0757074,8.66701,0.0,0.0,0.0,0.0,0.0,0.0
2.3463178,5.0757074,8.66701,0.0,0.0,0.0,0.0,0.0,0.0
2.8634653,4.7884035,8.437167,0.0,0.0,0.0,0.0,0.0,0.0
2.8634653,4.7884035,8.437167,0.0,0.0,0.0,0.0,0.0,0.0
3.0454245,4.596867,8.350976,0.0,0.0,0.0,0.0,0.0,0.0
3.0454245,4.596867,8.350976,0.0,0.0,0.0,0.0,0.0,0.0
3.1507695,3.8594532,8.121132,0.0,0.0,0.0,0.0,0.0,0.0
3.1507695,3.8594532,8.121132,0.0,0.0,0.0,0.0,0.0,0.0
3.122039,3.514688,8.034941,0.0,0.0,0.0,0.0,0.0,0.0
3.122039,3.514688,8.034941,0.0,0.0,0.0,0.0,0.0,0.0
3.371036,3.169923,8.015787,0.0,0.0,0.0,0.0,0.0,0.0
3.371036,3.169923,8.015787,0.0,0.0,0.0,0.0,0.0,0.0
4.012682,2.4995465,8.015787,0.0,0.0,0.0,0.0,0.0,0.0
4.012682,2.4995465,8.015787,0.0,0.0,0.0,0.0,0.0,0.0
4.271256,2.2026656,7.785944,0.0,0.0,0.0,0.0,0.0,0.0
4.271256,2.2026656,7.785944,0.0,0.0,0.0,0.0,0.0,0.0
4.185065,2.0111294,7.4028716,0.0,0.0,0.0,0.0,0.0,0.0
4.185065,2.0111294,7.4028716,0.0,0.0,0.0,0.0,0.0,0.0
3.9264908,1.8291701,6.9719152,0.0,0.0,0.0,0.0,0.0,0.0
3.9264908,1.8291701,6.9719152,0.0,0.0,0.0,0.0,0.0,0.0
3.0071173,2.3558946,5.5162406,0.0,0.0,0.0,0.0,0.0,0.0
3.0071173,2.3558946,5.5162406,0.0,0.0,0.0,0.0,0.0,0.0
2.336741,2.7964275,5.659893,0.0,0.0,0.0,0.0,0.0,0.0
2.336741,2.7964275,5.659893,0.0,0.0,0.0,0.0,0.0,0.0
2.135628,3.1794999,7.153875,0.0,0.0,0.0,0.0,0.0,0.0
2.135628,3.1794999,7.153875,0.0,0.0,0.0,0.0,0.0,0.0
1.6663644,3.8977604,11.999739,0.0,0.0,0.0,0.0,0.0,0.0
1.6663644,3.8977604,11.999739,0.0,0.0,0.0,0.0,0.0,0.0
1.6089035,4.2904096,14.039598,0.0,0.0,0.0,0.0,0.0,0.0
1.6089035,4.2904096,14.039598,0.0,0.0,0.0,0.0,0.0,0.0
1.934515,4.865018,15.227123,0.0,0.0,0.0,0.0,0.0,0.0
1.934515,4.865018,15.227123,0.0,0.0,0.0,0.0,0.0,0.0
2.633622,5.5737014,15.284584,0.0,0.0,0.0,0.0,0.0,0.0
2.633622,5.5737014,15.284584,0.0,0.0,0.0,0.0,0.0,0.0
3.9073372,6.6271505,12.306197,0.0,0.0,0.0,0.0,0.0,0.0
3.9073372,6.6271505,12.306197,0.0,0.0,0.0,0.0,0.0,0.0
4.10845,6.933608,10.218452,0.0,0.0,0.0,0.0,0.0,0.0
4.10845,6.933608,10.218452,0.0,0.0,0.0,0.0,0.0,0.0
3.916914,6.895301,7.872135,0.0,0.0,0.0,0.0,0.0,0.0
3.916914,6.895301,7.872135,0.0,0.0,0.0,0.0,0.0,0.0
3.4284968,6.6271505,5.841852,0.0,0.0,0.0,0.0,0.0,0.0
3.4284968,6.6271505,5.841852,0.0,0.0,0.0,0.0,0.0,0.0
2.1068976,5.8801594,4.098873,0.0,0.0,0.0,0.0,0.0,0.0
2.1068976,5.8801594,4.098873,0.0,0.0,0.0,0.0,0.0,0.0
1.388637,5.3438582,4.548983,0.0,0.0,0.0,0.0,0.0,0.0
1.388637,5.3438582,4.548983,0.0,0.0,0.0,0.0,0.0,0.0
0.60333884,4.8458643,5.046977,0.0,0.0,0.0,0.0,0.0,0.0
0.60333884,4.8458643,5.046977,0.0,0.0,0.0,0.0,0.0,0.0
-0.34476504,4.3957543,5.449203,0.0,0.0,0.0,0.0,0.0,0.0
-0.34476504,4.3957543,5.449203,0.0,0.0,0.0,0.0,0.0,0.0
-0.5267244,4.4436383,5.851429,0.0,0.0,0.0,0.0,0.0,0.0
-0.50757074,4.4723687,6.6654577,0.0,0.0,0.0,0.0,0.0,0.0
-0.50757074,4.4723687,6.6654577,0.0,0.0,0.0,0.0,0.0,0.0
-0.4309563,4.6255975,7.7667904,0.0,0.0,0.0,0.0,0.0,0.0
-0.4309563,4.6255975,7.7667904,0.0,0.0,0.0,0.0,0.0,0.0
-0.4309563,4.6255975,7.7667904,0.0,0.0,0.0,0.0,0.0,0.0
0.29688102,5.544971,9.404425,0.0,0.0,0.0,0.0,0.0,0.0
1.0342951,6.0238113,9.931149,0.0,0.0,0.0,0.0,0.0,0.0
1.0342951,6.0238113,9.931149,0.0,0.0,0.0,0.0,0.0,0.0
1.8100165,6.196194,10.333375,0.0,0.0,0.0,0.0,0.0,0.0
1.8100165,6.196194,10.333375,0.0,0.0,0.0,0.0,0.0,0.0
2.3942018,5.995081,10.754754,0.0,0.0,0.0,0.0,0.0,0.0
2.3942018,5.995081,10.754754,0.0,0.0,0.0,0.0,0.0,0.0
2.6240451,5.583278,11.080365,0.0,0.0,0.0,0.0,0.0,0.0
2.6240451,5.583278,11.080365,0.0,0.0,0.0,0.0,0.0,0.0
2.6240451,5.583278,11.080365,0.0,0.0,0.0,0.0,0.0,0.0
2.9592333,4.721366,11.932701,0.0,0.0,0.0,0.0,0.0,0.0
2.9592333,4.721366,11.932701,0.0,0.0,0.0,0.0,0.0,0.0
2.825158,3.514688,12.612655,0.0,0.0,0.0,0.0,0.0,0.0
0.94810385,1.9728222,11.358093,0.0,0.0,0.0,0.0,0.0,0.0
0.94810385,1.9728222,11.358093,0.0,0.0,0.0,0.0,0.0,0.0
0.17238252,2.4037786,10.333375,0.0,0.0,0.0,0.0,0.0,0.0
0.17238252,2.4037786,10.333375,0.0,0.0,0.0,0.0,0.0,0.0
-0.16280572,3.3901896,10.065224,0.0,0.0,0.0,0.0,0.0,0.0
-0.16280572,3.3901896,10.065224,0.0,0.0,0.0,0.0,0.0,0.0
0.35434186,4.175488,11.587936,0.0,0.0,0.0,0.0,0.0,0.0
0.35434186,4.175488,11.587936,0.0,0.0,0.0,0.0,0.0,0.0
0.92895025,4.0701427,12.162544,0.0,0.0,0.0,0.0,0.0,0.0
0.92895025,4.0701427,12.162544,0.0,0.0,0.0,0.0,0.0,0.0
1.7525556,3.9552212,12.0571995,0.0,0.0,0.0,0.0,0.0,0.0
1.7525556,3.9552212,12.0571995,0.0,0.0,0.0,0.0,0.0,0.0
2.1643584,4.0414124,11.166556,0.0,0.0,0.0,0.0,0.0,0.0
2.1643584,4.0414124,11.166556,0.0,0.0,0.0,0.0,0.0,0.0
2.1068976,4.156334,8.255207,0.0,0.0,0.0,0.0,0.0,0.0
2.1068976,4.156334,8.255207,0.0,0.0,0.0,0.0,0.0,0.0
2.0685902,4.0797195,7.4603324,0.0,0.0,0.0,0.0,0.0,0.0
2.0685902,4.0797195,7.4603324,0.0,0.0,0.0,0.0,0.0,0.0
2.0590134,4.0222588,7.565677,0.0,0.0,0.0,0.0,0.0,0.0
2.0590134,4.0222588,7.565677,0.0,0.0,0.0,0.0,0.0,0.0
2.4133554,3.7828386,7.8912888,0.0,0.0,0.0,0.0,0.0,0.0
2.4133554,3.7828386,7.8912888,0.0,0.0,0.0,0.0,0.0,0.0
2.6240451,3.6487634,7.7093296,0.0,0.0,0.0,0.0,0.0,0.0
2.6240451,3.6487634,7.7093296,0.0,0.0,0.0,0.0,0.0,0.0
2.882619,3.41892,7.5465236,0.0,0.0,0.0,0.0,0.0,0.0
2.882619,3.41892,7.5465236,0.0,0.0,0.0,0.0,0.0,0.0
2.9783869,3.1986535,7.5848308,0.0,0.0,0.0,0.0,0.0,0.0
2.9783869,3.1986535,7.5848308,0.0,0.0,0.0,0.0,0.0,0.0
3.0358477,3.0071173,8.226477,0.0,0.0,0.0,0.0,0.0,0.0
3.0358477,3.0071173,8.226477,0.0,0.0,0.0,0.0,0.0,0.0
3.2465374,3.0262709,8.8777,0.0,0.0,0.0,0.0,0.0,0.0
3.2465374,3.0262709,8.8777,0.0,0.0,0.0,0.0,0.0,0.0
3.4859576,3.0550013,9.385271,0.0,0.0,0.0,0.0,0.0,0.0
3.4859576,3.0550013,9.385271,0.0,0.0,0.0,0.0,0.0,0.0
3.4572272,3.2848446,9.059659,0.0,0.0,0.0,0.0,0.0,0.0
3.4572272,3.2848446,9.059659,0.0,0.0,0.0,0.0,0.0,0.0
3.1028855,3.5817258,8.485051,0.0,0.0,0.0,0.0,0.0,0.0
3.1028855,3.5817258,8.485051,0.0,0.0,0.0,0.0,0.0,0.0
2.777274,3.7541082,7.9487495,0.0,0.0,0.0,0.0,0.0,0.0
2.777274,3.7541082,7.9487495,0.0,0.0,0.0,0.0,0.0,0.0
2.3080103,3.86903,8.082825,0.0,0.0,0.0,0.0,0.0,0.0
2.3080103,3.86903,8.082825,0.0,0.0,0.0,0.0,0.0,0.0
1.7429788,3.964798,10.323798,0.0,0.0,0.0,0.0,0.0,0.0
1.7429788,3.964798,10.323798,0.0,0.0,0.0,0.0,0.0,0.0
1.436521,4.213795,11.15698,0.0,0.0,0.0,0.0,0.0,0.0
1.436521,4.213795,11.15698,0.0,0.0,0.0,0.0,0.0,0.0
1.5514427,4.5298295,11.808203,0.0,0.0,0.0,0.0,0.0,0.0
1.5514427,4.5298295,11.808203,0.0,0.0,0.0,0.0,0.0,0.0
2.480393,4.76925,12.650962,0.0,0.0,0.0,0.0,0.0,0.0
2.480393,4.76925,12.650962,0.0,0.0,0.0,0.0,0.0,0.0
4.4340615,4.7405195,13.800179,0.0,0.0,0.0,0.0,0.0,0.0
4.4340615,4.7405195,13.800179,0.0,0.0,0.0,0.0,0.0,0.0
4.4723687,4.596867,13.005303,0.0,0.0,0.0,0.0,0.0,0.0
4.4723687,4.596867,13.005303,0.0,0.0,0.0,0.0,0.0,0.0
4.0701427,4.3766007,11.587936,0.0,0.0,0.0,0.0,0.0,0.0
