1.687,-0.641,-1.325,0.065699816,0.1733141,0.043522835,0.041097444,0.118974276,9.949494
1.687,-0.641,-1.325,0.047234178,0.14200068,-0.005166054,0.011643291,0.119288616,9.89641
7.249,-8.934,-5.751,-0.13628507,0.049729824,-0.08749151,-0.16678903,0.029282767,9.801609
8.812,-17.963,-5.519,0.009934902,0.16361666,-0.38539648,-0.1771922,0.34769812,9.654635
0.034,-18.659,-7.114,-0.024063468,0.25298166,-0.30086374,-0.19157375,0.34313962,9.781099
-6.015,-6.967,4.464,-0.0277884,0.17359924,0.36133337,0.084078714,-0.1113749,10.1834755
-0.845,0.637,7.369,-0.092181444,0.057384014,0.44727516,0.083473794,-0.26899183,10.170685
6.021,-4.505,7.003,-0.17387903,0.029729366,0.34085608,-0.02648974,-0.25769675,10.089833
2.057,-16.242,0.161,-0.20157743,0.11607885,-0.055558205,-0.22563623,0.028553512,9.880592
-5.089,-19.614,1.248,-0.2007612,0.46931314,-0.11966944,-0.31917712,0.30907243,10.085003
0.275,-12.957,-0.067,-0.07005012,0.537395,0.63988876,0.0849641,-0.046852957,10.639563
2.316,-6.851,-2.306,-0.002513051,0.36975956,0.7653799,0.22797857,-0.20918767,10.598357
2.316,-6.851,-2.306,-0.06212616,0.1548438,0.4741783,0.101499565,-0.20548986,10.254032
-0.028,-6.702,-0.712,-0.059063554,0.18818617,0.51603365,0.1146085,-0.20656428,10.30604
-0.308,-8.246,-0.419,-0.25077474,0.34018755,-0.13979769,-0.34675148,0.2125081,9.987655
-0.599,-7.958,0.571,-0.21941698,0.40270662,-0.10896683,-0.3188287,0.24962868,10.047947
0.662,-6.575,1.654,-0.090860486,0.43537855,0.46843338,0.018095186,-0.02159476,10.451976
1.238,-6.905,0.655,-0.030150414,0.39864826,0.7605796,0.19502985,-0.19703786,10.6199465
0.79,-8.372,-1.114,0.03436637,0.40912676,0.3110385,0.072882704,0.106707856,10.305262
-0.435,-9.31,-2.104,0.040629506,0.4686308,0.14358902,2.6451817E-4,0.2505286,10.229873
-2.892,-10.658,-2.265,0.03821957,0.4404273,0.42403936,0.1146413,0.06190684,10.405208
-3.019,-9.194,-2.775,0.025370836,0.30303,0.2918334,0.07799432,0.04205533,10.218702
-1.301,-7.288,-3.75,0.023320317,0.21457672,0.36758566,0.12359175,-0.064459495,10.209484
-3.653,-11.699,-2.659,0.008256316,0.22950792,0.65202904,0.21967188,-0.23095305,10.4200735
-3.785,-12.918,-3.531,-0.0139917135,0.31592464,0.39123678,0.07946255,-0.024911636,10.302771
-5.611,-12.84,-3.116,0.011117697,0.4153924,0.16314697,-0.008381034,0.19025798,10.210411
-6.577,-14.976,0.774,0.020956278,0.4203925,0.37789536,0.084440105,0.06891424,10.361712
-4.197,-15.665,0.305,-0.007758975,0.35371208,0.33028316,0.053343464,0.040026836,10.286037
1.255,-16.104,-3.348,-0.08036399,0.24594879,0.28401184,-0.008417541,-0.03602736,10.189068
4.734,-15.341,-2.46,-0.112976074,0.16602421,0.17771006,-0.063768744,-0.04040227,10.063962
6.083,-13.989,-1.061,-0.11359739,0.08768654,0.04858446,-0.099934496,-0.01655399,9.9193125
7.905,-13.836,-0.153,-0.12731409,0.15809345,-0.048901558,-0.16468218,0.0844794,9.903277
7.015,-16.981,-0.754,-0.046366096,0.26304102,0.274652,0.015239281,-0.0044548684,10.189432
2.944,-17.206,-4.809,0.0027222633,0.23910427,0.38873482,0.108983845,-0.06895786,10.244439
-1.577,-16.928,-0.944,0.03480208,0.2633257,0.26243877,0.08280618,0.036738094,10.168893
-4.751,-15.934,0.536,-0.0011073351,0.3125353,0.39586735,0.093652844,-0.024503237,10.301643
-0.599,-10.467,-0.333,-0.15731394,0.21832037,0.27725697,-0.07437403,-0.08250534,10.17671
2.363,-4.082,2.295,-0.2571491,0.16688347,-0.19989586,-0.34241217,0.12792198,9.824644
1.926,-0.632,2.387,-0.22913122,0.11860561,-0.26685524,-0.334299,0.14682797,9.739822
2.356,0.787,2.15,-0.1867578,0.08260536,0.009346962,-0.18007909,-0.026417365,9.899725
2.223,1.835,1.648,-0.122175336,0.17492914,-0.09199715,-0.18033567,0.12429318,9.884242
0.38,0.204,0.824,-0.056390405,0.32055712,0.12072039,-0.0663281,0.12350351,10.124231
0.266,-0.659,0.591,-0.013577938,0.3842106,0.5686822,0.13568054,-0.08354034,10.474342
0.408,-1.386,-0.18,-0.123492,0.2882061,0.6121917,0.07293569,-0.22103772,10.453887
1.048,-1.547,-1.885,-0.20975268,0.0674448,0.57239103,0.024250746,-0.38452503,10.283859
-0.903,-6.642,-9.158,-0.21361291,0.021152496,-0.07890034,-0.22696747,-0.027004179,9.798918
-1.955,-10.787,-11.983,-0.1867522,0.16723585,-0.6127882,-0.44331142,0.40427038,9.526663
-0.116,-14.418,-8.626,-0.1489557,0.45357466,-0.50985956,-0.4261338,0.5532721,9.793404
1.268,-16.956,-9.773,-0.09270668,0.58828354,0.035954,-0.18790704,0.3414472,10.25839
4.327,-10.393,-11.742,0.0049717426,0.50247765,0.6766019,0.16844094,-0.058950506,10.630331
7.187,-11.963,-10.543,-0.016939402,0.36410093,0.78926563,0.2208424,-0.22988467,10.615462
4.878,-19.614,-8.943,-0.09072614,0.27050972,0.72044563,0.14677234,-0.283839,10.512584
-5.06,-14.802,5.302,-0.09283948,0.24714518,0.30923033,-0.0122398585,-0.055463012,10.209263
0.389,-2.174,5.127,-0.12961113,0.30156803,-0.29753637,-0.29647192,0.32839972,9.829641
0.076,0.777,-0.228,-0.06692302,0.44546652,-0.19394302,-0.22991835,0.39070633,9.993785
2.621,-6.97,8.807,-0.009565353,0.5794158,-0.043875217,-0.14812076,0.4161972,10.184247
2.336,-14.63,0.818,-0.0021344423,0.6150603,-0.08707857,-0.1670886,0.4689969,10.178147
-6.329,-19.614,0.035,-0.02647698,0.62523365,0.17824316,-0.08698855,0.30678403,10.373841
-1.506,-13.677,-0.019,-0.06337118,0.60239744,0.5582442,0.033961087,0.049610555,10.628186
4.11,-3.045,-2.188,-0.040572524,0.4946766,0.8117137,0.17647256,-0.16403309,10.727075
3.366,-2.526,-1.783,-0.16868865,0.34611225,0.8250551,0.09931621,-0.3273857,10.650405
1.406,-6.59,-0.654,-0.409294,0.2283907,0.6412549,-0.16243336,-0.40047163,10.473081
0.645,-9.802,0.027,-0.3092116,0.27537727,0.42388391,-0.1682922,-0.19669534,10.339672
0.475,-10.623,0.165,-0.15983975,0.28944254,0.043301105,-0.1878882,0.10280006,10.062249
0.477,-6.251,1.391,-0.027516484,0.26625633,-0.07503986,-0.11174661,0.213834,9.944737
-0.244,-7.002,0.547,0.18881512,0.37857914,0.09251785,0.12270976,0.28288254,10.11071
-0.359,-9.234,-0.393,0.4329142,0.37701178,0.15932465,0.36689004,0.34685567,10.1229105
0.571,-9.557,-1.395,0.618265,0.32347584,0.29171467,0.5968614,0.3104583,10.152132
-0.624,-9.9,-2.058,0.6730046,0.35488224,0.55042744,0.7426651,0.19851746,10.345989
-2.734,-8.734,-3.401,0.12055457,0.26875448,0.63634634,0.30155486,-0.14749528,10.422288
-2.451,-7.397,-4.773,0.103946686,-0.0443058,-0.25156355,0.0037704243,0.16438213,9.585253
-3.894,-10.895,-3.15,-0.47882164,0.53781605,-0.27909803,-0.6457223,0.338587,10.061236
-4.006,-12.059,-3.046,-0.089613676,0.10413885,-0.02955389,-0.112348795,0.05259582,9.872682
-4.279,-11.619,-4.227,-0.3543675,0.07030153,-0.094341755,-0.36959624,-0.038026508,9.843686
-5.112,-13.336,-1.184,-0.50050974,0.052444458,0.10265303,-0.42222798,-0.22868346,9.988929
-5.976,-14.716,1.143,-0.7290524,0.30650377,0.41792965,-0.5578023,-0.3453621,10.414687
-4.103,-15.323,0.735,-0.7514529,0.5901518,0.37023115,-0.65870136,-0.14674732,10.57776
-4.103,-15.323,0.735,-0.88875175,0.7196264,0.26276064,-0.8588413,-0.0706442,10.603007
-4.103,-15.323,0.735,-0.77998173,0.95731735,0.0119485855,-0.92501456,0.26102468,10.58201
8.578,-15.632,1.53,-0.49804044,1.1784115,-0.08497715,-0.78733087,0.55709,10.651446
5.121,-19.116,-1.838,-0.3128656,1.4154787,0.09004831,-0.634659,0.65943736,10.934446
2.307,-18.064,-2.962,-0.34239703,1.3474736,0.7965307,-0.40513083,0.10268941,11.353488
-3.1,-18.167,-0.049,0.6546544,1.2338796,1.0907569,0.5838139,0.27760836,11.456765
-6.399,-17.748,-0.392,0.7370268,0.97225857,0.9447684,0.6625517,0.20986736,11.184353
1.133,-9.103,2.937,0.2554419,0.6606002,0.67558336,0.24834257,-0.01974345,10.753219
2.956,-2.673,2.603,-0.054189205,0.1177721,0.5757947,0.1267046,-0.39614597,10.225411
3.253,-1.486,2.556,-0.17015862,-0.07960987,0.4475999,0.04637427,-0.4530682,9.974628
3.93,0.776,1.866,-0.2703758,-0.11709213,0.3498745,-0.06431024,-0.4486517,9.868305
2.552,1.113,0.424,0.010680079,-0.18004894,0.6936145,0.32536945,-0.6032306,10.016127
1.069,-0.055,0.058,-0.2375722,-0.25012493,0.35234165,0.008432211,-0.48886925,9.742746
1.527,0.409,0.265,-0.43043286,-0.30080128,0.27946424,-0.16973647,-0.5427095,9.63198
2.071,0.253,-0.679,-0.25873494,-0.22937965,0.447196,0.0150397755,-0.56482846,9.789752
1.549,-1.844,-2.306,-0.33183074,-0.34213352,0.5145006,0.012256355,-0.6936157,9.70357
0.501,-5.248,-4.054,-0.5978718,-0.41996288,-0.11628771,-0.42421627,-0.33009788,9.298302
0.471,-8.085,-7.182,-0.60362405,-0.26506424,-0.4475503,-0.6017532,-0.0013145134,9.284335
0.027,-11.363,-9.573,-0.5406328,-0.26239967,-0.5692172,-0.5922632,0.13371454,9.244076
-5.038,-18.912,-14.195,-0.29975927,-0.030265808,-0.76937485,-0.5323496,0.48699397,9.403971
-3.224,-8.961,-11.404,0.30262864,0.23680592,-0.55164695,-0.019589921,0.6714618,9.833681
0.89,-4.939,-6.14,0.41444933,0.16818142,0.12254572,0.34677994,0.14444591,10.0785885
6.043,-11.324,-1.942,-0.070246935,-0.10307598,0.01823616,-0.018804736,-0.07868567,9.70997
8.37,-19.614,-1.11,-0.5685036,-0.17080688,-0.9637599,-0.7892815,0.4857978,9.156852
1.535,-14.024,-3.994,-0.6102264,0.077599525,-1.8814054,-1.2531347,1.3040489,9.002165
-1.714,5.378,2.437,-0.18785644,0.40680122,-2.5398943,-1.2553756,2.1435637,9.113104
-0.059,2.308,12.773,0.16629314,0.14215088,-1.6557281,-0.5304575,1.498597,9.294676
8.043,-9.868,3.955,0.10586047,-0.028305054,-0.09175992,0.0660198,0.11991987,9.765566
-4.712,-19.337,-3.646,-0.018831491,0.2378931,0.6907878,0.15056969,-0.5166921,10.301112
-6.42,-19.444,1.741,1.335141,0.68550396,1.1211939,1.271478,-0.084811635,11.179874
0.577,-9.845,-1.847,1.8513768,0.686985,1.0415597,1.6667076,0.24320142,11.272029
3.909,-2.469,-1.673,0.9407351,0.62267685,0.2616601,0.63998455,0.41993645,10.6757
2.658,-3.23,-0.438,0.46899366,0.08080864,0.545269,0.5656669,-0.19198371,10.215266
-0.811,-8.056,-0.139,-0.16852498,-0.25764465,0.23939991,0.044859294,-0.35779265,9.658104
-0.702,-9.363,3.086,-0.012896419,0.058470726,-0.9463787,-0.38168454,0.7674443,9.400984
0.155,-7.952,2.988,0.33355558,-0.024365425,-0.85817504,-0.021812519,0.8360425,9.420807
0.751,-8.343,-1.036,0.20792687,-0.2695341,-0.1397891,0.22512117,0.108906455,9.53668
1.075,-9.015,-3.428,-0.44832838,-0.23963451,0.41147804,-0.15591832,-0.63372374,9.763981
0.408,-9.156,-3.34,-0.7644151,-0.08883381,0.78639555,-0.36085093,-0.997903,10.097539
-2.469,-10.75,-2.585,-0.9676908,-0.17822886,0.6540437,-0.5617694,-1.0291299,9.9524975
-2.936,-9.486,-3.629,-0.6326093,0.24289417,0.19352102,-0.563995,-0.31603584,10.087138
-3.359,-9.331,-2.257,-0.1603947,0.56541634,0.12379265,-0.25822446,0.13133036,10.332787
-5.452,-11.742,-3.532,-0.24030456,0.7281742,0.41431808,-0.25900555,-0.006001347,10.63883
-4.885,-11.651,-3.572,-0.19300422,0.87638426,0.5938754,-0.17772974,-0.010564145,10.867917
-5.874,-13.13,-1.823,0.057661235,1.0920234,0.527513,-0.014104439,0.28113097,10.9876995
-7.03,-14.634,0.614,-0.128762,1.0566969,-0.09041214,-0.3833704,0.62218076,10.585931
-4.534,-14.996,-0.835,-0.22981817,1.0951223,-0.4426241,-0.59893686,0.85548604,10.404515
0.906,-15.075,-1.987,-0.23348546,1.1563907,-0.3553295,-0.5723517,0.8371893,10.506323
4.169,-14.689,-2.256,-0.21238995,0.95295286,-0.15412378,-0.43186972,0.59180266,10.470157
7.099,-14.25,-1.741,-0.055425286,0.90520954,0.082722664,-0.1871143,0.46794626,10.56516
9.355,-16.293,0.834,-0.012054682,0.8982258,0.52683353,0.022243984,0.17970255,10.832186
6.735,-18.467,-0.69,0.22201669,0.8280277,0.8706784,0.38120168,-0.005543184,10.967536
0.98,-17.098,-1.987,0.19302404,0.5870385,0.4301591,0.2410271,0.13839705,10.50641
-7.5,-18.945,0.052,-0.045399904,0.57282495,-0.01458025,-0.13220778,0.34631363,10.245957
-6.782,-18.424,-0.954,-0.029270291,0.49526453,0.24785662,-0.0032163258,0.12455003,10.347071
0.748,-9.188,2.737,-0.38749683,0.24879313,-0.0059304237,-0.38978437,0.018361393,10.051229
2.515,-1.799,3.357,-0.4559245,0.16967583,-0.21190071,-0.5180331,0.09037359,9.877594
2.691,-0.799,2.528,-0.4768089,0.23490477,-0.38975334,-0.6097895,0.24939136,9.826538
3.888,1.309,2.004,-0.46305537,0.35683155,-0.74264765,-0.74203014,0.5768275,9.706977
2.625,1.07,0.764,-0.31430137,0.403718,-0.9276371,-0.68055165,0.78742313,9.608917
0.798,-0.482,0.407,-0.16439283,0.3068285,-0.792665,-0.4830398,0.68560255,9.591921
1.106,-0.297,0.975,-0.061798573,0.29143858,-0.68067455,-0.3458119,0.6338427,9.631345
1.611,0.07,0.606,0.119235516,0.3587036,-0.5240607,-0.1282441,0.6306988,9.7492285
1.845,-0.605,-2.254,0.23441541,0.3291049,-0.30352306,0.06327432,0.5001401,9.841917
1.376,-2.132,-4.426,0.32071102,0.3741684,-0.271976,0.14730853,0.53772444,9.883987
-0.146,-5.353,-7.524,0.43740654,0.45450878,-0.3326583,0.22137864,0.672496,9.892115
-4.166,-10.823,-3.124,0.25878584,0.47818375,-0.47255707,8.797862E-4,0.7188066,9.854146
-4.166,-10.823,-3.124,0.08664942,0.4129901,-0.37126255,-0.11145285,0.5439986,9.893531
-4.166,-10.823,-3.124,0.016988873,0.39980078,-0.17797852,-0.21525879,-0.32236502,10.010488
-4.166,-10.823,-3.124,0.11662996,0.4276595,0.0057635307,0.06000681,0.3007312,10.126788
-4.166,-10.823,-3.124,0.12711024,0.4619832,-0.0019931793,0.063377365,0.33161637,10.146655
-4.166,-10.823,-3.124,0.10461354,0.49497652,-0.11089897,-0.002887145,0.41965613,10.110171
-4.166,-10.823,-3.124,0.22819614,0.54876566,-0.20928526,0.06569374,0.5669639,10.073585
4.57,-18.563,-3.548,0.348848,0.5460386,0.41000223,0.41764757,0.17859152,10.424413
-1.104,-17.602,1.146,0.012742162,0.5011196,0.56247616,0.023250898,0.19172035,10.534914
-6.872,-18.34,-1.177,-0.18693995,0.5595646,0.27392626,-0.12192231,0.087413825,10.43957
-1.339,-11.45,1.675,-0.2621621,0.5744071,0.064136505,0.019568896,-0.3469158,10.337736
2.317,-4.531,3.052,-0.31410825,0.6038065,-0.08250141,-0.37829778,0.3180043,10.281852
2.621,-1.197,2.794,-0.39273155,0.69983435,-0.3020048,0.050918434,-0.73889816,10.23868
3.812,-0.091,3.018,-0.22205389,0.76940775,-0.23964357,-0.372945,0.56248933,10.299846
3.715,1.567,2.185,0.17572951,0.8169937,-0.124231815,-0.46277162,-0.4699871,10.334616
2.302,0.822,0.823,0.15907836,0.840281,-0.2209096,-0.026532022,0.7345937,10.296393
1.453,0.569,0.236,0.044655323,0.8562274,-0.27050734,-0.3668341,-0.6571415,10.298474
1.939,0.872,-0.72,0.14428914,0.813077,-0.27304888,-0.061153624,0.7480126,10.246204
2.257,-0.098,-2.873,0.26190114,0.77946854,-0.19171476,-0.52240616,-0.4931682,10.250264
0.357,-3.617,-4.732,0.4007343,0.69985867,0.20359468,0.37100804,0.44604847,10.402666
-1.325,-6.344,-5.953,0.417817,0.66952133,0.45292187,0.4913297,0.2648263,10.52528
-1.729,-12.121,-9.467,0.34648466,0.67035866,0.30025053,0.36393785,0.34341136,10.446338
-2.284,-19.614,-14.339,0.40245223,0.60940266,-0.14500666,-0.67318964,-0.04676095,10.121285
-0.974,-15.974,-15.529,0.5325953,0.48378754,-0.3524971,0.282412,0.7465326,9.876615
1.176,-5.718,-8.565,0.5913274,0.35831022,-0.3649478,-0.47660506,0.61806333,9.760979
5.107,-12.95,-1.689,0.6289432,0.34347725,-0.23916721,0.43104178,0.62035185,9.817308
0.325,-19.614,1.04,0.57198226,0.3443408,-0.12087774,-0.28895456,0.6067657,9.899853
0.757,-4.838,0.181,0.39369857,0.31248713,-0.083180904,0.28443974,0.40398842,9.93096
-1.532,6.206,1.393,0.3234192,0.3831606,-0.13897467,-0.45554036,0.19394718,9.966627
-0.691,-1.656,15.787,0.46741438,0.48483324,0.07266474,0.3924024,0.43326837,10.148876
7.395,-13.053,0.55,0.4572661,0.5453377,0.1217823,-0.4565118,0.36687857,10.228923
-4.16,-19.614,-1.895,0.2220484,0.46150064,-0.099552155,0.09969793,0.4377389,10.072439
-1.146,-17.671,1.4,-0.16609251,0.3442526,-0.31222343,-0.1361646,-0.46047863,9.920661
2.73,-7.026,-2.235,-0.26466846,0.30328608,-0.5304718,-0.49922937,0.43963528,9.776263
3.1,-3.15,-0.934,-0.27694273,0.35477924,-0.74133825,-0.16873531,-0.8431388,9.693541
2.339,-5.859,0.327,-0.18079841,0.48755074,-0.5583215,-0.4586764,0.6042417,9.888044
-0.239,-9.576,0.339,0.17119849,0.5311794,-0.1873498,-0.517362,0.064246096,10.080093
1.135,-8.34,2.241,0.35426617,0.5171685,0.019638062,0.26100865,0.447564,10.160084
1.871,-6.6,1.687,0.3698964,0.51617527,0.078240395,0.29979166,0.41470385,10.190743
0.331,-8.125,0.182,0.04515612,0.49025297,0.025982857,-0.009954678,0.30331534,10.195189
0.322,-8.214,-1.631,-0.09480381,0.54274607,-0.25424528,-0.5043305,-0.18224102,10.090626
-0.776,-8.691,-2.451,-0.014164805,0.71319866,-0.52013063,-0.3231736,0.7858905,10.046074
-3.353,-9.974,-2.587,0.17285848,0.8644366,-0.42038155,-0.8963621,0.0697945,10.188111
-3.787,-8.328,-5.045,0.14522743,0.8334389,-0.19258022,-0.05916412,0.7073655,10.305581
-2.932,-8.817,-5.063,-0.11528957,0.6768031,-0.1808734,-0.55669564,-0.08963104,10.238072
-2.585,-11.298,-3.4,-0.35077155,0.54183245,-0.1070838,-0.43144345,0.26686656,10.219842
-4.085,-10.989,-2.936,-0.31294703,0.6026387,0.0077695847,-0.3589967,0.24267572,10.329526
-5.119,-11.76,-3.669,-0.13732684,0.6782255,-0.21706629,-0.31115088,0.5092119,10.218784
-4.11,-14.693,-0.618,0.23183048,0.8691597,-0.69024515,-0.21593654,1.0935537,10.014338
-1.938,-15.893,-0.081,0.4386214,0.9375324,-0.63563824,-0.024192367,1.1867803,10.064251
-0.573,-15.186,-1.607,0.6265476,0.79969263,-0.15795803,0.36484918,0.8678111,10.219939
0.996,-15.546,0.422,0.31448698,0.68314314,0.039417267,0.18731774,0.53513134,10.302319
9.903,-18.268,1.098,0.04614389,0.5528116,0.10553312,-0.004331246,0.2978211,10.286389
8.166,-19.614,-1.746,-0.081166625,0.48131323,-0.04131031,-0.16981462,0.2949907,10.15893
5.997,-19.441,-3.885,-0.15893853,0.38830662,-0.35518074,-0.35766125,0.40671566,9.900764
-2.414,-18.254,0.469,-0.2951876,0.26291943,-0.4680333,-0.5058053,0.34165552,9.754208
-6.377,-16.747,-1.0,-0.59077287,0.16508293,-0.6843996,-0.8438416,0.29061356,9.587236
0.161,-8.632,2.086,-0.5496305,0.20883226,-0.9359703,-0.92191494,0.4931784,9.448052
3.392,-1.757,3.557,-0.11590397,0.45569706,-0.5492916,-0.42115852,0.5877302,9.810316
3.232,0.22,3.822,0.63251096,0.8340502,-0.20435,0.30603743,0.94070756,10.205245
2.756,2.73,2.9,1.1850338,1.1624932,0.3240013,0.93880373,1.0718327,10.717964
1.939,3.35,2.189,1.0088836,1.1927853,0.89218235,1.006178,0.6663326,11.140884
1.939,3.35,2.189,0.56505615,1.15242,1.1591139,0.7313873,0.27859017,11.3488455
1.939,3.35,2.189,-0.076014996,1.0738955,0.4152832,-0.12721838,0.39828405,10.882139
1.939,3.35,2.189,-0.6767049,0.90239334,-0.24462652,-0.89436334,0.42530474,10.399368
3.271,-2.336,-3.66,-0.8282993,0.82707024,-0.55926657,-1.1432663,0.5027586,10.15748
1.494,-4.904,-7.633,-0.8397198,0.7627907,-0.72697115,-1.210618,0.55857867,10.001225
-2.141,-11.262,-13.049,-0.9542122,0.8668995,-0.6221652,-1.2922277,0.5038285,10.1608095
-4.752,-14.366,-9.817,-0.7972567,1.0123463,-0.06938934,-0.957803,0.3199472,10.610098
-1.777,-18.708,-12.375,-0.15922844,0.90592194,0.5024681,-0.13788134,0.18971369,10.8281765
4.976,-8.451,-10.179,0.15919936,0.6486192,0.20131207,0.06838255,0.35950816,10.400499
7.878,-5.753,-8.692,0.050168753,0.4107461,-0.24327135,-0.16251084,0.43012825,9.944454
9.004,-12.275,-6.215,-0.26760232,0.20149851,-0.242311,-0.38715118,0.14364499,9.826832
2.011,-19.354,-2.059,-0.7207689,-0.07998228,0.53817415,-0.36741322,-0.7326845,10.18575
-2.382,-15.591,0.517,-0.76995945,-0.0929575,0.4908309,-0.42206943,-0.7398276,10.148565
-3.088,-3.278,4.583,-0.59305394,0.2567706,-0.2515459,-0.6875691,0.0099563105,9.896481
2.454,-1.866,8.638,-0.11781943,0.65215683,-0.59024525,-0.5428659,0.694177,9.911507
4.802,-9.53,2.217,0.036047935,0.8811207,-0.50998735,-0.4456906,0.8634163,10.112646
-3.635,-17.153,0.435,0.059236765,0.99579287,0.009938717,-0.23156548,0.6377084,10.538031
-4.356,-16.273,0.345,0.42711318,1.0856986,0.47919703,0.25655115,0.6140821,10.878043
0.191,-9.231,-2.168,0.8233314,1.1903958,0.4432521,0.53161,0.91485465,10.889157
1.345,-4.615,-2.169,0.9958405,1.2324739,0.23220015,0.5573146,1.1599365,10.759832
0.773,-4.292,-0.773,1.017809,1.1732764,0.13471222,0.54382306,1.1953729,10.646891
0.002,-6.416,0.034,0.83709437,1.0209742,-0.08544254,0.33510014,1.1317929,10.404284
-0.465,-8.162,0.97,0.69153285,1.003314,-0.3793459,0.07888631,1.2094406,10.2063875
0.237,-8.587,1.457,0.726367,1.1040063,-0.38473606,0.070007384,1.2948444,10.268105
0.765,-7.468,0.666,0.81604266,0.9368596,0.036842823,0.3938881,1.007905,10.418179
0.243,-7.497,-0.48,0.38092238,0.5583439,0.2798028,0.26893714,0.4009904,10.356213
-1.27,-9.222,-1.531,-0.26539207,0.36217117,0.28376436,-0.20265734,-0.075531274,10.291777
-3.486,-11.289,-2.668,-0.13615596,0.4797349,0.35640526,-0.10144957,0.03244815,10.4102745
-3.461,-10.42,-3.304,0.3120759,0.62896633,0.5807066,0.32264507,0.25461286,10.619843
-1.242,-7.276,-3.93,0.13932526,0.59357166,0.3337493,0.07656142,0.27722156,10.439433
-3.1,-10.066,-2.096,-0.3452022,0.4632721,0.37323284,-0.26796067,-0.08450982,10.434458
-4.989,-11.696,-2.821,-0.3691827,0.39721918,0.961391,-0.0044645374,-0.44502637,10.81674
-4.142,-12.051,-3.252,-0.15043175,0.42161512,1.0165067,0.19157004,-0.33444598,10.848342
-3.885,-12.892,-2.136,0.38327658,0.5298724,0.6877341,0.44823962,0.20140974,10.618537
-5.551,-14.491,0.955,0.7642766,0.44987202,0.2747345,0.3939713,0.7334132,10.217594
-3.672,-14.639,-0.418,0.08204138,0.14562416,0.13844681,0.08009399,0.06951591,9.996011
1.823,-14.62,-3.042,-0.20260012,-0.26977682,-0.025599957,-0.085406646,-0.27589664,9.630387
4.606,-14.263,-1.181,0.1036728,-0.5757098,-0.12416172,0.23352207,-0.2544085,9.3184395
7.322,-14.447,0.998,0.7449685,-0.65731,0.11737633,0.9014174,-0.06266927,9.377312
8.722,-17.658,1.139,0.9387307,-0.6858382,0.2932992,1.1516528,-0.048764795,9.476602
5.683,-19.614,-4.349,0.9017755,-0.67028856,0.11286402,1.0380868,0.0409273,9.364017
0.492,-18.095,-1.602,0.8540424,-0.8339343,-0.60674334,0.74760896,0.28092405,8.731878
-7.124,-17.559,-0.65,0.72205037,-1.0633888,-0.8096552,0.6491751,0.16289851,8.442931
-0.744,-10.712,0.854,0.44175112,-1.4343596,-0.03482437,0.92117983,-0.62949526,8.802204
1.625,-3.364,2.469,0.23671553,-1.6886992,1.0669928,1.3423932,-1.4645048,9.4913435
1.421,-2.205,2.466,0.33001685,-1.5391736,1.1814909,1.4065156,-1.3712401,9.682953
2.226,-1.4,2.736,0.4342373,-1.0616322,0.5639372,1.0300995,-0.701596,9.523263
3.141,1.156,2.132,0.79053247,-0.44802618,0.25622702,0.9318121,0.04977663,9.663229
2.247,1.283,1.328,1.1479261,0.048531055,0.24868631,1.012591,0.5794587,9.950949
1.239,1.12,1.069,0.7956709,0.32900667,0.31659698,0.64285624,0.5205941,10.203249
1.116,0.994,0.481,0.3429949,0.32440948,0.52955675,0.36634737,0.15327789,10.39454
-0.256,-17.778,-11.011,6.7892723,-15.838192,-4.4709945,-9.693816,-14.880595,11.043677
-2.428,-18.394,-13.241,4.4001365,-16.567326,-6.443194,0.0,0.0,0.0
-1.036,-9.18,-13.864,5.667864,-7.537223,-6.8976603,0.0,0.0,0.0
3.708,-10.188,-8.089,10.540145,-8.67716,-1.2180805,0.0,0.0,0.0
-0.263,-19.614,1.728,6.6567073,-18.212341,8.534128,0.0,0.0,0.0
5.698,-3.325,4.659,12.820526,-1.9444419,11.257034,0.0,0.0,0.0
3.876,6.0,-5.161,10.875891,7.432703,1.5560889,0.0,0.0,0.0
-2.982,-2.218,12.982,4.122568,-0.762933,19.583385,0.0,0.0,0.0
6.204,-14.159,3.295,13.682376,-12.2356825,9.340256,0.0,0.0,0.0
2.119,-18.863,-5.26,9.5423975,-16.662733,0.7585025,0.0,0.0,0.0
-7.066,-19.614,0.893,0.35746145,-17.028662,6.756328,0.0,0.0,0.0
0.837,-6.528,-1.45,8.311495,-3.540862,4.151723,0.0,0.0,0.0
1.756,-3.775,-2.763,9.3597,-0.37724924,2.414781,0.0,0.0,0.0
1.716,-3.881,-0.72,9.415864,-0.09330344,4.027191,0.0,0.0,0.0
0.139,-7.071,-0.489,7.8777514,-2.87881,3.8362358,0.0,0.0,0.0
0.365,-8.538,-1.03,8.136828,-3.9605331,2.819139,0.0,0.0,0.0
1.919,-8.019,1.626,9.694191,-3.0969515,5.015723,0.0,0.0,0.0
1.69,-7.98,0.705,9.427361,-2.7966986,3.7769747,0.0,0.0,0.0
0.607,-8.351,0.067,8.276418,-2.9499288,2.926869,0.0,0.0,0.0
0.588,-8.639,-0.94,8.180677,-3.0113487,1.677474,0.0,0.0,0.0
-0.144,-10.266,-1.956,7.3564153,-4.376436,0.33030355,0.0,0.0,0.0
-2.519,-9.507,-2.626,4.8917723,-3.3616357,-0.7590935,0.0,0.0,0.0
-2.672,-6.837,-3.377,4.655867,-0.49706078,-1.8677254,0.0,0.0,0.0
-3.727,-10.264,-2.837,3.5070088,-3.7719426,-1.5359706,0.0,0.0,0.0
-2.366,-12.381,-3.718,4.8353434,-5.8327937,-2.5213275,0.0,0.0,0.0
-3.922,-11.617,-4.465,3.207398,-4.9619517,-3.4391325,0.0,0.0,0.0
-6.193,-12.057,-3.27,0.88584185,-5.3278685,-2.3872905,0.0,0.0,0.0
-5.242,-13.268,-1.614,1.820497,-6.51539,-0.78108096,0.0,0.0,0.0
-4.099,-14.178,-0.188,3.0444694,-7.5269766,0.7633748,0.0,0.0,0.0
-3.176,-14.068,0.555,4.133614,-7.6735487,1.9154825,0.0,0.0,0.0
0.569,-15.177,-0.231,8.019927,-9.148616,1.8456981,0.0,0.0,0.0
9.454,-17.199,-0.466,17.05878,-11.620626,2.2209065,0.0,0.0,0.0
12.48,-18.682,0.028,20.212542,-13.553924,3.203064,0.0,0.0,0.0
6.805,-19.075,-2.92,14.756876,-14.363653,0.35738063,0.0,0.0,0.0
1.756,-17.466,1.067,10.038673,-13.225578,4.1632185,0.0,0.0,0.0
-6.198,-19.105,0.83,2.2580032,-15.42564,4.165971,0.0,0.0,0.0
-5.918,-15.533,-1.553,2.6219006,-12.725895,2.3662643,0.0,0.0,0.0
1.898,-6.922,2.501,10.455809,-5.0597043,6.9130454,0.0,0.0,0.0
3.521,-3.056,4.204,11.868384,-1.8775158,9.214261,0.0,0.0,0.0
4.175,-0.277,4.255,12.167429,0.38811266,9.8985,0.0,0.0,0.0
3.905,3.237,3.115,11.405753,3.4710917,9.428023,0.0,0.0,0.0
2.766,3.608,1.474,9.762061,3.551164,8.345844,0.0,0.0,0.0
1.491,0.957,0.87,8.077212,0.77033985,8.133426,0.0,0.0,0.0
1.342,-0.523,0.611,7.7491264,-0.7446067,8.031916,0.0,0.0,0.0
1.839,-3.062,-0.603,8.117816,-3.2428417,6.9278784,0.0,0.0,0.0
0.66,-4.861,-6.149,6.8619647,-4.7779837,1.4469943,0.0,0.0,0.0
2.165,-1.513,2.402,8.366964,-1.4299839,9.997994,0.0,0.0,0.0
2.165,-1.513,2.402,8.366964,-1.4299839,9.997994,0.0,0.0,0.0
2.072,1.091,0.221,8.273965,1.1740161,7.8169947,0.0,0.0,0.0
0.778,-0.202,0.164,6.9799647,-0.11898383,7.7599945,0.0,0.0,0.0
0.684,-0.608,0.047,6.885965,-0.5249838,7.6429944,0.0,0.0,0.0
1.043,-0.554,-0.63,7.2449646,-0.47098383,6.9659944,0.0,0.0,0.0
-1.561,-7.297,-6.252,4.640965,-7.2139835,1.3439946,0.0,0.0,0.0
-1.963,-9.592,-9.28,4.238965,-9.508984,-1.6840053,0.0,0.0,0.0
-2.42,-19.168,-13.658,3.7819648,-19.084984,-6.0620055,0.0,0.0,0.0
-3.067,-17.372,-13.795,3.134965,-17.288984,-6.1990056,0.0,0.0,0.0
-1.943,-7.166,-9.909,4.0760217,-7.2959967,-2.1678853,0.0,0.0,0.0
-0.334,-3.504,-7.096,5.6992545,-3.7263145,0.63192225,0.0,0.0,0.0
-0.334,-3.504,-7.096,5.6992545,-3.7263145,0.63192225,0.0,0.0,0.0
-0.334,-3.504,-7.096,5.6992545,-3.7263145,0.63192225,0.0,0.0,0.0
1.599,-12.24,-5.5,7.51244,-12.515217,2.3183026,0.0,0.0,0.0
-3.518,-0.709,4.579,2.644251,-0.9189671,12.204807,0.0,0.0,0.0
2.992,-4.025,11.462,9.5337715,-3.7293336,18.761875,0.0,0.0,0.0
4.307,-9.857,-0.593,10.916755,-9.048049,6.606106,0.0,0.0,0.0
-3.613,-15.294,0.429,3.053751,-14.279123,7.5490313,0.0,0.0,0.0
-3.073,-16.063,2.384,3.67691,-14.822288,9.388977,0.0,0.0,0.0
2.212,-9.171,-2.118,9.178087,-7.432051,4.561826,0.0,0.0,0.0
1.386,-5.799,-0.399,8.629145,-3.6111085,5.8396206,0.0,0.0,0.0
0.065,-6.617,-0.266,7.5678205,-4.037093,5.497867,0.0,0.0,0.0
-0.113,-6.888,-0.431,7.610167,-3.9156373,4.830949,0.0,0.0,0.0
-0.389,-8.675,2.229,7.5226345,-5.322693,6.955356,0.0,0.0,0.0
-0.17,-8.7,2.509,7.8024135,-5.051734,6.9023075,0.0,0.0,0.0
-0.313,-8.102,-0.271,7.6496205,-4.1705046,3.8895779,0.0,0.0,0.0
-0.119,-9.262,-1.95,7.8012094,-5.029121,1.989975,0.0,0.0,0.0
-0.791,-10.203,-2.297,7.082133,-5.6369143,1.3547149,0.0,0.0,0.0
-2.872,-8.852,-2.648,4.946761,-3.9461708,0.66412926,0.0,0.0,0.0
-2.85,-7.16,-4.178,4.9264903,-1.9977655,-1.1700227,0.0,0.0,0.0
-3.912,-10.818,-2.491,3.8066437,-5.4641705,0.32492447,0.0,0.0,0.0
-3.125,-12.08,-3.01,4.5586734,-6.5834866,-0.37943363,0.0,0.0,0.0
-5.951,-12.197,-3.27,1.7005033,-6.5838046,-0.79675794,0.0,0.0,0.0
-6.657,-12.848,-2.195,0.98272943,-7.168562,0.16061068,0.0,0.0,0.0
-4.838,-13.298,0.243,2.8149352,-7.649519,2.6299672,0.0,0.0,0.0
-3.025,-14.074,-0.354,4.689673,-8.597237,2.2265508,0.0,0.0,0.0
2.197,-15.233,-2.681,10.006321,-10.093868,0.28113127,0.0,0.0,0.0
6.534,-14.778,-1.215,14.398122,-10.083359,2.290182,0.0,0.0,0.0
10.483,-15.473,0.53,18.420837,-11.284561,4.4819784,0.0,0.0,0.0
10.794,-19.043,-1.109,18.837137,-15.320383,3.0886724,0.0,0.0,0.0
5.347,-18.895,-4.017,13.612481,-15.576626,0.08672762,0.0,0.0,0.0
0.811,-17.068,-0.59,9.371257,-14.180349,3.224947,0.0,0.0,0.0
-7.658,-16.709,-1.282,1.0040569,-14.436567,2.714899,0.0,0.0,0.0
-3.284,-12.264,-0.426,5.378713,-10.835243,3.942799,0.0,0.0,0.0
1.874,-4.746,2.2,10.522851,-3.7712984,6.7185946,0.0,0.0,0.0
2.362,-1.422,2.884,10.808598,-1.0573415,7.8531456,0.0,0.0,0.0
2.815,-0.039,2.691,10.967915,-0.11342558,8.140295,0.0,0.0,0.0
3.67,1.446,2.603,11.465684,1.0289851,8.537964,0.0,0.0,0.0
3.636,2.791,1.221,11.001594,2.138213,7.66245,0.0,0.0,0.0
1.448,0.665,-0.071,8.2624855,-0.16049796,6.932692,0.0,0.0,0.0
1.036,-0.68,-0.049,7.7082844,-1.5134671,7.08937,0.0,0.0,0.0
0.758,-0.441,-0.934,7.2160954,-1.1996359,6.406833,0.0,0.0,0.0
-0.028,-2.859,-3.529,6.3396077,-3.4335093,3.906986,0.0,0.0,0.0
-1.872,-7.118,-6.673,4.444906,-7.439514,0.82124376,0.0,0.0,0.0
-0.787,-12.05,-10.118,5.4459205,-12.123025,-2.5472836,0.0,0.0,0.0
-0.892,-19.614,-14.2,5.3837013,-19.549194,-6.6646347,0.0,0.0,0.0
-1.511,-16.245,-14.794,4.575077,-16.334854,-7.104919,0.0,0.0,0.0
1.551,-5.894,-9.46,7.492707,-6.181417,-1.6635981,0.0,0.0,0.0
6.539,-9.42,-2.881,12.645257,-9.766021,4.7847853,0.0,0.0,0.0
5.506,-19.614,0.281,11.850004,-19.849657,7.755521,0.0,0.0,0.0
0.474,-17.199,-0.05,7.0088186,-17.34915,7.260538,0.0,0.0,0.0
1.076,-1.034,-2.192,7.5696144,-1.2973584,5.151976,0.0,0.0,0.0
0.251,1.309,6.296,6.9330115,1.0893363,13.470458,0.0,0.0,0.0
2.837,-4.717,11.204,9.931444,-4.407338,17.967382,0.0,0.0,0.0
2.305,-12.855,-0.265,9.4774275,-11.990753,6.3667235,0.0,0.0,0.0
-6.301,-18.543,-0.854,1.0363507,-17.31038,5.534609,0.0,0.0,0.0
-2.561,-14.681,0.903,4.954384,-13.009335,6.977118,0.0,0.0,0.0
2.138,-4.908,-2.148,9.893771,-2.8408325,3.4862864,0.0,0.0,0.0
1.945,-3.765,-0.864,9.931814,-1.3259706,4.277238,0.0,0.0,0.0
0.572,-6.422,-0.784,8.7420845,-3.580984,3.8364687,0.0,0.0,0.0
-0.363,-8.648,-0.041,7.9536057,-5.412272,4.025266,0.0,0.0,0.0
-0.363,-9.052,1.292,7.9536057,-5.8162723,5.358266,0.0,0.0,0.0
-0.363,-9.052,1.292,7.9536057,-5.8162723,5.358266,0.0,0.0,0.0
-0.363,-9.052,1.292,7.9536057,-5.8162723,5.358266,0.0,0.0,0.0
-0.363,-9.052,1.292,7.9536057,-5.8162723,5.358266,0.0,0.0,0.0
-1.154,-9.374,-1.142,7.083541,-4.774575,1.5335515,0.0,0.0,0.0
-4.853,-9.83,-2.354,3.3200154,-4.926346,-0.04610443,0.0,0.0,0.0
-3.125,-8.619,-3.799,5.000456,-3.515792,-1.7730105,0.0,0.0,0.0
-3.679,-10.885,-1.913,4.3797245,-5.6285996,-0.016263604,0.0,0.0,0.0
-4.462,-11.572,-2.121,3.5456028,-6.192576,-0.3573506,0.0,0.0,0.0
-5.174,-12.413,-2.682,2.7955365,-6.9426455,-1.0290993,0.0,0.0,0.0
-4.856,-13.463,-0.693,3.101316,-7.955729,0.89491194,0.0,0.0,0.0
-4.215,-14.097,0.864,3.771884,-8.656345,2.531138,0.0,0.0,0.0
1.74,-14.487,-2.818,9.831219,-9.261278,-0.9756228,0.0,0.0,0.0
5.342,-14.508,-3.327,13.552269,-9.592458,-1.1824052,0.0,0.0,0.0
6.516,-14.562,-0.065,14.820035,-10.021156,2.5029006,0.0,0.0,0.0
8.761,-15.231,1.374,17.176994,-11.1024275,4.25433,0.0,0.0,0.0
7.952,-19.02,-1.285,16.474424,-15.241217,1.7579345,0.0,0.0,0.0
4.367,-18.652,-5.564,13.066929,-15.181904,-2.658821,0.0,0.0,0.0
-1.153,-17.326,-0.836,7.7245083,-14.241001,1.9645345,0.0,0.0,0.0
-5.749,-16.971,0.501,3.2150903,-14.395979,3.5316248,0.0,0.0,0.0
-2.253,-11.56,0.423,6.754649,-9.710318,3.8305383,0.0,0.0,0.0
1.942,-4.394,1.957,10.944223,-3.2391105,5.671378,0.0,0.0,0.0
2.264,-1.4,2.389,11.138902,-0.705769,6.5029426,0.0,0.0,0.0
3.223,0.939,2.465,11.911232,1.2728076,7.0008125,0.0,0.0,0.0
2.045,2.227,1.311,10.48582,2.3309026,6.302207,0.0,0.0,0.0
1.211,2.084,0.687,9.377363,2.0554497,6.1165547,0.0,0.0,0.0
0.37,0.371,0.31,8.266607,0.28500518,6.124342,0.0,0.0,0.0
0.323,-0.419,0.125,7.98451,-0.50341517,6.2458267,0.0,0.0,0.0
0.155,-0.721,-0.983,7.7082434,-0.6598225,5.2712107,0.0,0.0,0.0
-0.587,-3.813,-4.517,6.9124556,-3.564399,1.7970104,0.0,0.0,0.0
-2.357,-8.233,-9.753,5.1205425,-7.887349,-3.4176035,0.0,0.0,0.0
-0.706,-13.915,-13.245,6.7803764,-13.412166,-6.9305954,0.0,0.0,0.0
-0.884,-19.614,-13.486,6.6318617,-19.11475,-7.2064347,0.0,0.0,0.0
1.136,-15.14,-11.986,8.489034,-14.896239,-5.501876,0.0,0.0,0.0
5.299,-7.954,-5.622,12.700653,-7.8347797,0.8100829,0.0,0.0,0.0
7.301,-16.758,-2.83,14.829474,-16.552986,3.4509573,0.0,0.0,0.0
2.99,-17.75,-2.632,10.612245,-17.51577,3.5337825,0.0,0.0,0.0
-0.187,-2.981,1.521,7.4548907,-2.7318864,7.661834,0.0,0.0,0.0
-1.984,0.244,2.7,5.8875456,0.5944693,8.538349,0.0,0.0,0.0
1.983,-7.418,10.358,10.08391,-6.6369605,15.829346,0.0,0.0,0.0
3.732,-13.263,1.482,11.792976,-11.986148,6.9189754,0.0,0.0,0.0
-5.146,-17.974,-1.366,2.9784021,-16.341188,3.87789,0.0,0.0,0.0
-1.486,-13.23,1.555,6.749242,-11.203549,6.4788895,0.0,0.0,0.0
3.578,-5.466,-1.078,11.97477,-3.023199,3.360169,0.0,0.0,0.0
2.132,-4.46,-1.752,10.612376,-1.8290262,2.4111204,0.0,0.0,0.0
-0.539,-7.4,0.111,8.166777,-4.2581863,3.3527358,0.0,0.0,0.0
-1.094,-8.927,0.666,7.6642227,-5.6307793,3.5983796,0.0,0.0,0.0
0.15,-8.238,1.557,8.970978,-4.6617785,3.9173741,0.0,0.0,0.0
1.146,-7.605,1.853,9.966076,-3.7763155,3.7811608,0.0,0.0,0.0
0.475,-8.63,0.466,9.244796,-4.561038,2.1105704,0.0,0.0,0.0
-0.341,-9.195,-1.325,8.36223,-4.8958488,0.06837249,0.0,0.0,0.0
-1.018,-8.278,-1.925,7.61163,-3.7442794,-0.8548424,0.0,0.0,0.0
-2.834,-9.51,-0.786,5.7003713,-4.7353177,-0.053008854,0.0,0.0,0.0
-4.09,-10.137,-3.268,4.3452883,-5.1571035,-2.8022642,0.0,0.0,0.0
-2.372,-7.998,-4.796,5.9756556,-2.8578033,-4.540285,0.0,0.0,0.0
-3.521,-10.126,-2.271,4.7349424,-4.8349514,-2.1502945,0.0,0.0,0.0
-4.935,-11.685,-3.362,3.2499967,-6.283579,-3.3911977,0.0,0.0,0.0
-4.43,-12.172,-4.357,3.7120757,-6.707238,-4.4726987,0.0,0.0,0.0
-4.474,-13.398,-1.751,3.6572933,-7.9173675,-1.8739581,0.0,0.0,0.0
-4.024,-14.821,0.617,4.1548853,-9.410337,0.586395,0.0,0.0,0.0
-0.679,-13.939,-0.848,7.622959,-8.722391,-0.6613488,0.0,0.0,0.0
0.986,-13.885,-1.588,9.421253,-8.924126,-0.9503469,0.0,0.0,0.0
4.62,-16.286,1.134,13.179434,-11.643156,2.2960827,0.0,0.0,0.0
9.398,-18.393,3.732,18.068783,-14.108698,5.354548,0.0,0.0,0.0
7.425,-19.182,-1.16,16.166065,-15.207718,0.8323002,0.0,0.0,0.0
3.889,-17.942,-4.463,12.791772,-14.309736,-2.5348709,0.0,0.0,0.0
-2.663,-19.177,0.562,6.3710566,-15.954647,2.6047027,0.0,0.0,0.0
-6.763,-17.742,-0.837,2.3214955,-14.888598,1.508294,0.0,0.0,0.0
-0.413,-8.503,1.576,8.766069,-6.4745593,4.3689346,0.0,0.0,0.0
1.829,-2.933,3.942,10.952028,-1.5293471,7.25417,0.0,0.0,0.0
2.697,-1.538,3.313,11.6291275,-0.5962114,7.2500706,0.0,0.0,0.0
2.812,1.576,2.706,11.484744,2.1198747,7.251115,0.0,0.0,0.0
2.209,2.272,1.749,10.5677185,2.5451994,6.8702846,0.0,0.0,0.0
1.441,0.386,1.091,9.491623,0.48522845,6.6899285,0.0,0.0,0.0
1.452,0.216,0.682,9.224168,0.23972379,6.6622343,0.0,0.0,0.0
1.51,0.121,0.73,9.077426,0.18343294,6.96703,0.0,0.0,0.0
0.485,-1.74,-2.504,7.926769,-1.5248885,3.8791168,0.0,0.0,0.0
-2.069,-6.262,-9.313,5.3075247,-5.8759966,-2.8625526,0.0,0.0,0.0
-1.146,-8.731,-13.346,6.184943,-8.250253,-6.8501153,0.0,0.0,0.0
1.445,-11.566,-9.834,8.75763,-10.975442,-3.3265357,0.0,0.0,0.0
0.563,-18.507,-8.802,7.7713504,-17.852495,-2.185226,0.0,0.0,0.0
1.031,-12.529,-11.408,8.024075,-11.948169,-4.5574584,0.0,0.0,0.0
4.518,-14.868,-11.541,11.487294,-14.360296,-4.660481,0.0,0.0,0.0
2.139,-19.614,-7.907,9.261379,-19.19529,-1.1789412,0.0,0.0,0.0
2.44,-7.715,7.731,9.809966,-7.388706,14.192231,0.0,0.0,0.0
6.484,4.55,-0.096,13.756443,4.9031677,6.473417,0.0,0.0,0.0
-5.526,0.155,9.538,1.9416475,0.51122093,15.884474,0.0,0.0,0.0
5.964,-10.726,6.771,13.6789055,-9.93918,12.773627,0.0,0.0,0.0
-0.945,-19.614,-4.787,6.790452,-18.258781,1.0863757,0.0,0.0,0.0
-6.174,-19.614,0.357,1.580863,-17.815525,6.0839515,0.0,0.0,0.0
-0.444,-10.47,0.253,7.3929005,-8.25444,5.7160263,0.0,0.0,0.0
2.409,-3.708,-2.138,10.424452,-1.0738318,2.8604026,0.0,0.0,0.0
1.061,-3.706,-1.065,9.256359,-0.6831863,3.3924708,0.0,0.0,0.0
-0.425,-7.16,0.043,7.8517694,-3.948219,4.208321,0.0,0.0,0.0
-0.029,-8.892,-0.933,8.4187765,-5.1368656,2.3387625,0.0,0.0,0.0
0.647,-8.023,0.361,9.127178,-3.9501572,3.1302762,0.0,0.0,0.0
0.699,-6.738,2.282,9.166072,-2.4185672,4.6947966,0.0,0.0,0.0
-0.183,-6.498,2.234,8.210067,-1.9202404,4.418244,0.0,0.0,0.0
-0.529,-8.423,-0.208,7.8128543,-3.7103043,1.883491,0.0,0.0,0.0
-0.337,-10.202,-2.835,7.952531,-5.352173,-0.85176075,0.0,0.0,0.0
-1.469,-11.238,-2.786,6.7673197,-6.24721,-0.9352094,0.0,0.0,0.0
-2.382,-10.716,-2.691,5.7824755,-5.493881,-1.193933,0.0,0.0,0.0
-5.921,-19.614,-3.88,2.2434754,-14.391882,-2.3829331,0.0,0.0,0.0
2.501,-2.519,-1.769,10.665476,2.7031183,-0.27193308,0.0,0.0,0.0
2.526,-3.275,0.137,10.690475,1.9471183,1.6340669,0.0,0.0,0.0
0.868,-5.299,0.098,9.032475,-0.07688141,1.595067,0.0,0.0,0.0
-0.711,-10.755,0.927,7.4534755,-5.5328817,2.424067,0.0,0.0,0.0
-0.711,-10.755,0.927,7.4534755,-5.5328817,2.424067,0.0,0.0,0.0
1.079,-6.695,0.611,9.085514,-1.1163292,1.5828798,0.0,0.0,0.0
0.407,-7.209,-0.14,8.308613,-1.445962,0.5826844,0.0,0.0,0.0
-2.345,-10.3,-2.912,5.442212,-4.352941,-2.5092616,0.0,0.0,0.0
-2.37,-8.99,-2.411,5.3018703,-2.881833,-2.3554559,0.0,0.0,0.0
-1.421,-6.884,-3.444,6.1416078,-0.64539146,-3.6830091,0.0,0.0,0.0
-4.73,-10.448,-3.584,2.7140179,-4.077392,-3.9991283,0.0,0.0,0.0
-5.801,-11.797,-4.299,1.5418634,-5.3223267,-4.8746104,0.0,0.0,0.0
-5.825,-11.982,-4.507,1.4405999,-5.430383,-5.1835666,0.0,0.0,0.0
-5.213,-14.6,-0.878,2.0264792,-8.02147,-1.5731981,0.0,0.0,0.0
-3.621,-16.841,2.431,3.7040827,-10.347715,1.8387065,0.0,0.0,0.0
1.751,-15.514,-1.399,9.269151,-9.225622,-1.7216573,0.0,0.0,0.0
4.5,-14.862,-0.382,12.204613,-8.80192,-0.09089959,0.0,0.0,0.0
7.731,-16.736,1.184,15.524463,-10.811418,1.7598486,0.0,0.0,0.0
10.054,-17.144,1.271,17.932337,-11.362867,2.0960333,0.0,0.0,0.0
9.617,-18.437,-0.576,17.561188,-12.771878,0.4071846,0.0,0.0,0.0
2.034,-1.512,3.098,10.056992,3.9733863,4.4066267,0.0,0.0,0.0
2.034,-1.512,3.098,10.056992,3.9733863,4.4066267,0.0,0.0,0.0
2.823,1.802,3.626,10.853146,7.068845,5.6128216,0.0,0.0,0.0
2.073,2.663,1.86,9.955591,7.7704816,4.679355,0.0,0.0,0.0
0.561,0.698,0.709,8.3169985,5.776373,3.9066563,0.0,0.0,0.0
0.249,-1.869,-3.533,8.004998,3.209373,-0.3353436,0.0,0.0,0.0
-1.429,-6.225,-9.994,6.3256025,-1.0687995,-6.919896,0.0,0.0,0.0
-0.6,-11.253,-13.354,7.159311,-6.1037736,-10.280088,0.0,0.0,0.0
-0.783,-15.132,-13.154,6.9879875,-9.97867,-10.116677,0.0,0.0,0.0
1.5,-18.464,-12.039,9.27179,-13.416382,-8.831007,0.0,0.0,0.0
5.955,-6.228,-6.742,13.746065,-1.2185607,-3.5209446,0.0,0.0,0.0
4.975,-17.871,-2.952,12.757819,-12.859833,0.28625798,0.0,0.0,0.0
-1.41,-19.614,2.948,6.338496,-14.521616,6.141556,0.0,0.0,0.0
-1.964,-4.943,2.633,5.796623,0.13756704,5.815914,0.0,0.0,0.0
-0.645,0.568,7.573,7.15803,5.6046576,10.72184,0.0,0.0,0.0
