7.035,-19.441,-2.375,0.065699816,0.1733141,0.043522835,0.041097444,0.118974276,9.949494
-0.747,-17.136,-1.771,0.047234178,0.14200068,-0.005166054,0.011643291,0.119288616,9.89641
-7.519,-17.648,1.07,-0.13628507,0.049729824,-0.08749151,-0.16678903,0.029282767,9.801609
-3.493,-13.57,0.772,0.009934902,0.16361666,-0.38539648,-0.1771922,0.34769812,9.654635
2.192,-5.494,2.729,-0.024063468,0.25298166,-0.30086374,-0.19157375,0.34313962,9.781099
2.692,-1.197,2.421,-0.0277884,0.17359924,0.36133337,0.084078714,-0.1113749,10.1834755
3.551,0.581,2.985,-0.092181444,0.057384014,0.44727516,0.083473794,-0.26899183,10.170685
3.538,2.26,2.235,-0.17387903,0.029729366,0.34085608,-0.02648974,-0.25769675,10.089833
2.142,2.099,1.296,-0.20157743,0.11607885,-0.055558205,-0.22563623,0.028553512,9.880592
0.738,0.453,0.688,-0.2007612,0.46931314,-0.11966944,-0.31917712,0.30907243,10.085003
0.954,-0.456,-0.014,-0.07005012,0.537395,0.63988876,0.0849641,-0.046852957,10.639563
0.912,-0.987,-1.964,-0.002513051,0.36975956,0.7653799,0.22797857,-0.20918767,10.598357
-0.444,-4.8,-5.912,-0.06212616,0.1548438,0.4741783,0.101499565,-0.20548986,10.254032
-1.351,-9.152,-9.27,-0.059063554,0.18818617,0.51603365,0.1146085,-0.20656428,10.30604
2.835,-13.377,-11.871,-0.25077474,0.34018755,-0.13979769,-0.34675148,0.2125081,9.987655
1.702,-19.614,-11.815,-0.21941698,0.40270662,-0.10896683,-0.3188287,0.24962868,10.047947
0.534,-19.614,-11.785,-0.090860486,0.43537855,0.46843338,0.018095186,-0.02159476,10.451976
-1.344,-16.585,-11.232,-0.030150414,0.39864826,0.7605796,0.19502985,-0.19703786,10.6199465
1.145,-12.601,-7.518,0.03436637,0.40912676,0.3110385,0.072882704,0.106707856,10.305262
0.031,-12.215,-10.366,0.040629506,0.4686308,0.14358902,2.6451817E-4,0.2505286,10.229873
-3.505,-19.262,-13.846,0.03821957,0.4404273,0.42403936,0.1146413,0.06190684,10.405208
-1.25,-9.423,-11.861,0.025370836,0.30303,0.2918334,0.07799432,0.04205533,10.218702
3.615,-6.392,-5.784,0.023320317,0.21457672,0.36758566,0.12359175,-0.064459495,10.209484
4.899,-14.597,-3.335,0.008256316,0.22950792,0.65202904,0.21967188,-0.23095305,10.4200735
3.234,-12.465,-0.31,-0.0139917135,0.31592464,0.39123678,0.07946255,-0.024911636,10.302771
-0.326,1.0,-1.782,0.011117697,0.4153924,0.16314697,-0.008381034,0.19025798,10.210411
-3.6,-2.482,9.055,0.020956278,0.4203925,0.37789536,0.084440105,0.06891424,10.361712
5.37,-9.798,6.112,-0.007758975,0.35371208,0.33028316,0.053343464,0.040026836,10.286037
5.37,-9.798,6.112,-0.08036399,0.24594879,0.28401184,-0.008417541,-0.03602736,10.189068
5.37,-9.798,6.112,-0.112976074,0.16602421,0.17771006,-0.063768744,-0.04040227,10.063962
-4.383,-18.564,2.382,-0.11359739,0.08768654,0.04858446,-0.099934496,-0.01655399,9.9193125
3.573,-3.937,-2.289,-0.12731409,0.15809345,-0.048901558,-0.16468218,0.0844794,9.903277
0.965,-6.538,-0.706,-0.046366096,0.26304102,0.274652,0.015239281,-0.0044548684,10.189432
-1.13,-9.279,-1.143,0.0027222633,0.23910427,0.38873482,0.108983845,-0.06895786,10.244439
-1.403,-9.262,-0.299,0.03480208,0.2633257,0.26243877,0.08280618,0.036738094,10.168893
-0.322,-7.132,1.986,-0.0011073351,0.3125353,0.39586735,0.093652844,-0.024503237,10.301643
-0.213,-7.007,0.907,-0.15731394,0.21832037,0.27725697,-0.07437403,-0.08250534,10.17671
-0.323,-7.853,-0.696,-0.2571491,0.16688347,-0.19989586,-0.34241217,0.12792198,9.824644
0.003,-9.241,-2.724,-0.22913122,0.11860561,-0.26685524,-0.334299,0.14682797,9.739822
-0.42,-10.03,-3.182,-0.1867578,0.08260536,0.009346962,-0.18007909,-0.026417365,9.899725
-2.023,-10.257,-2.741,-0.122175336,0.17492914,-0.09199715,-0.18033567,0.12429318,9.884242
-1.292,-6.626,-2.964,-0.056390405,0.32055712,0.12072039,-0.0663281,0.12350351,10.124231
-2.05,-10.178,-1.385,-0.013577938,0.3842106,0.5686822,0.13568054,-0.08354034,10.474342
-2.501,-11.681,-0.845,-0.123492,0.2882061,0.6121917,0.07293569,-0.22103772,10.453887
-4.421,-12.028,-3.261,-0.20975268,0.0674448,0.57239103,0.024250746,-0.38452503,10.283859
-4.309,-11.866,-2.967,-0.21361291,0.021152496,-0.07890034,-0.22696747,-0.027004179,9.798918
-4.257,-13.351,0.071,-0.1867522,0.16723585,-0.6127882,-0.44331142,0.40427038,9.526663
-4.182,-13.803,-0.047,-0.1489557,0.45357466,-0.50985956,-0.4261338,0.5532721,9.793404
-0.894,-13.158,-2.603,-0.09270668,0.58828354,0.035954,-0.18790704,0.3414472,10.25839
2.336,-13.094,-2.948,0.0049717426,0.50247765,0.6766019,0.16844094,-0.058950506,10.630331
3.72,-13.379,-1.463,-0.016939402,0.36410093,0.78926563,0.2208424,-0.22988467,10.615462
6.675,-14.695,0.634,-0.09072614,0.27050972,0.72044563,0.14677234,-0.283839,10.512584
8.219,-18.205,1.264,-0.09283948,0.24714518,0.30923033,-0.0122398585,-0.055463012,10.209263
5.105,-18.93,-2.849,-0.12961113,0.30156803,-0.29753637,-0.29647192,0.32839972,9.829641
0.337,-15.811,-1.746,-0.06692302,0.44546652,-0.19394302,-0.22991835,0.39070633,9.993785
-4.854,-16.036,-1.105,-0.009565353,0.5794158,-0.043875217,-0.14812076,0.4161972,10.184247
-4.018,-14.874,-1.524,-0.0021344423,0.6150603,-0.08707857,-0.1670886,0.4689969,10.178147
1.016,-8.139,2.349,-0.02647698,0.62523365,0.17824316,-0.08698855,0.30678403,10.373841
2.467,-3.714,2.858,-0.06337118,0.60239744,0.5582442,0.033961087,0.049610555,10.628186
3.419,-1.644,2.762,-0.040572524,0.4946766,0.8117137,0.17647256,-0.16403309,10.727075
3.401,0.331,2.025,-0.16868865,0.34611225,0.8250551,0.09931621,-0.3273857,10.650405
1.796,0.741,0.51,-0.409294,0.2283907,0.6412549,-0.16243336,-0.40047163,10.473081
1.656,0.055,-0.154,-0.3092116,0.27537727,0.42388391,-0.1682922,-0.19669534,10.339672
1.83,-0.763,0.511,-0.15983975,0.28944254,0.043301105,-0.1878882,0.10280006,10.062249
1.319,-1.209,0.712,-0.027516484,0.26625633,-0.07503986,-0.11174661,0.213834,9.944737
1.108,-2.129,-0.906,0.18881512,0.37857914,0.09251785,0.12270976,0.28288254,10.11071
1.071,-4.392,-4.741,0.4329142,0.37701178,0.15932465,0.36689004,0.34685567,10.1229105
-1.245,-8.389,-10.659,0.618265,0.32347584,0.29171467,0.5968614,0.3104583,10.152132
-2.695,-12.853,-13.061,0.6730046,0.35488224,0.55042744,0.7426651,0.19851746,10.345989
-2.546,-19.614,-13.014,0.12055457,0.26875448,0.63634634,0.30155486,-0.14749528,10.422288
0.258,-16.035,-13.97,0.103946686,-0.0443058,-0.25156355,0.0037704243,0.16438213,9.585253
5.778,-6.933,-8.438,-0.47882164,0.53781605,-0.27909803,-0.6457223,0.338587,10.061236
8.178,-9.816,-4.52,-0.089613676,0.10413885,-0.02955389,-0.112348795,0.05259582,9.872682
5.04,-18.252,-5.797,-0.3543675,0.07030153,-0.094341755,-0.36959624,-0.038026508,9.843686
-3.358,-17.15,-0.591,-0.50050974,0.052444458,0.10265303,-0.42222798,-0.22868346,9.988929
1.28,-2.33,3.021,-0.7290524,0.30650377,0.41792965,-0.5578023,-0.3453621,10.414687
1.007,1.689,0.967,-0.7514529,0.5901518,0.37023115,-0.65870136,-0.14674732,10.57776
1.128,-4.84,9.119,-0.88875175,0.7196264,0.26276064,-0.8588413,-0.0706442,10.603007
2.479,-13.733,0.317,-0.77998173,0.95731735,0.0119485855,-0.92501456,0.26102468,10.58201
-5.48,-19.614,-1.266,-0.49804044,1.1784115,-0.08497715,-0.78733087,0.55709,10.651446
-1.596,-15.539,1.424,-0.3128656,1.4154787,0.09004831,-0.634659,0.65943736,10.934446
3.45,-7.091,-2.564,-0.34239703,1.3474736,0.7965307,-0.40513083,0.10268941,11.353488
3.204,-4.421,-2.439,0.6546544,1.2338796,1.0907569,0.5838139,0.27760836,11.456765
0.564,-6.215,-1.234,0.7370268,0.97225857,0.9447684,0.6625517,0.20986736,11.184353
-1.591,-9.127,-1.074,0.2554419,0.6606002,0.67558336,0.24834257,-0.01974345,10.753219
-1.331,-9.383,0.48,-0.054189205,0.1177721,0.5757947,0.1267046,-0.39614597,10.225411
-0.574,-7.794,1.002,-0.17015862,-0.07960987,0.4475999,0.04637427,-0.4530682,9.974628
-0.696,-7.181,0.25,-0.2703758,-0.11709213,0.3498745,-0.06431024,-0.4486517,9.868305
-0.955,-8.315,-0.791,0.010680079,-0.18004894,0.6936145,0.32536945,-0.6032306,10.016127
-0.077,-9.092,-1.447,-0.2375722,-0.25012493,0.35234165,0.008432211,-0.48886925,9.742746
0.309,-9.067,-1.639,-0.43043286,-0.30080128,0.27946424,-0.16973647,-0.5427095,9.63198
0.309,-9.067,-1.639,-0.25873494,-0.22937965,0.447196,0.0150397755,-0.56482846,9.789752
0.309,-9.067,-1.639,-0.33183074,-0.34213352,0.5145006,0.012256355,-0.6936157,9.70357
-1.646,-6.802,-3.617,-0.5978718,-0.41996288,-0.11628771,-0.42421627,-0.33009788,9.298302
-2.861,-10.947,-2.64,-0.60362405,-0.26506424,-0.4475503,-0.6017532,-0.0013145134,9.284335
-2.95,-11.936,-2.36,-0.5406328,-0.26239967,-0.5692172,-0.5922632,0.13371454,9.244076
-3.135,-11.51,-4.284,-0.29975927,-0.030265808,-0.76937485,-0.5323496,0.48699397,9.403971
-3.516,-11.924,-3.958,0.30262864,0.23680592,-0.55164695,-0.019589921,0.6714618,9.833681
-4.635,-14.201,1.299,0.41444933,0.16818142,0.12254572,0.34677994,0.14444591,10.0785885
-2.315,-14.217,0.035,-0.070246935,-0.10307598,0.01823616,-0.018804736,-0.07868567,9.70997
2.326,-13.8,-3.094,-0.5685036,-0.17080688,-0.9637599,-0.7892815,0.4857978,9.156852
4.406,-13.626,-3.07,-0.6102264,0.077599525,-1.8814054,-1.2531347,1.3040489,9.002165
9.033,-14.845,1.532,-0.18785644,0.40680122,-2.5398943,-1.2553756,2.1435637,9.113104
6.709,-18.007,-1.085,0.16629314,0.14215088,-1.6557281,-0.5304575,1.498597,9.294676
4.54,-18.362,-2.835,0.10586047,-0.028305054,-0.09175992,0.0660198,0.11991987,9.765566
0.211,-16.7,-1.1,-0.018831491,0.2378931,0.6907878,0.15056969,-0.5166921,10.301112
-6.352,-17.682,-0.147,1.335141,0.68550396,1.1211939,1.271478,-0.084811635,11.179874
-2.506,-12.85,1.285,1.8513768,0.686985,1.0415597,1.6667076,0.24320142,11.272029
0.862,-9.163,2.395,0.9407351,0.62267685,0.2616601,0.63998455,0.41993645,10.6757
2.344,-4.134,1.872,0.46899366,0.08080864,0.545269,0.5656669,-0.19198371,10.215266
3.109,-1.817,1.933,-0.16852498,-0.25764465,0.23939991,0.044859294,-0.35779265,9.658104
2.462,-0.345,0.973,-0.012896419,0.058470726,-0.9463787,-0.38168454,0.7674443,9.400984
2.038,0.126,0.58,0.33355558,-0.024365425,-0.85817504,-0.021812519,0.8360425,9.420807
1.721,1.529,0.068,0.20792687,-0.2695341,-0.1397891,0.22512117,0.108906455,9.53668
2.078,1.982,-0.228,-0.44832838,-0.23963451,0.41147804,-0.15591832,-0.63372374,9.763981
1.268,0.429,-1.471,-0.7644151,-0.08883381,0.78639555,-0.36085093,-0.997903,10.097539
-0.242,-2.639,-1.824,-0.9676908,-0.17822886,0.6540437,-0.5617694,-1.0291299,9.9524975
-0.306,-7.069,-3.361,-0.6326093,0.24289417,0.19352102,-0.563995,-0.31603584,10.087138
0.642,-13.37,-8.23,-0.1603947,0.56541634,0.12379265,-0.25822446,0.13133036,10.332787
-1.98,-19.614,-16.455,-0.24030456,0.7281742,0.41431808,-0.25900555,-0.006001347,10.63883
-4.252,-15.568,-15.872,-0.19300422,0.87638426,0.5938754,-0.17772974,-0.010564145,10.867917
-1.558,-7.293,-8.38,0.057661235,1.0920234,0.527513,-0.014104439,0.28113097,10.9876995
0.769,-11.138,-0.954,-0.128762,1.0566969,-0.09041214,-0.3833704,0.62218076,10.585931
-1.252,-19.614,-1.575,-0.22981817,1.0951223,-0.4426241,-0.59893686,0.85548604,10.404515
4.118,-12.663,-0.163,-0.23348546,1.1563907,-0.3553295,-0.5723517,0.8371893,10.506323
11.474,4.798,-6.34,-0.21238995,0.95295286,-0.15412378,-0.43186972,0.59180266,10.470157
-1.268,5.975,3.368,-0.055425286,0.90520954,0.082722664,-0.1871143,0.46794626,10.56516
2.163,-6.832,15.61,-0.012054682,0.8982258,0.52683353,0.022243984,0.17970255,10.832186
2.047,-19.274,-2.785,0.22201669,0.8280277,0.8706784,0.38120168,-0.005543184,10.967536
-7.927,-19.614,-0.969,0.19302404,0.5870385,0.4301591,0.2410271,0.13839705,10.50641
0.154,-12.149,1.15,-0.045399904,0.57282495,-0.01458025,-0.13220778,0.34631363,10.245957
5.439,-2.786,-2.109,-0.029270291,0.49526453,0.24785662,-0.0032163258,0.12455003,10.347071
4.145,-3.451,-1.651,-0.38749683,0.24879313,-0.0059304237,-0.38978437,0.018361393,10.051229
0.951,-8.23,-1.017,-0.4559245,0.16967583,-0.21190071,-0.5180331,0.09037359,9.877594
-1.416,-10.577,0.084,-0.4768089,0.23490477,-0.38975334,-0.6097895,0.24939136,9.826538
-1.981,-10.135,2.228,-0.46305537,0.35683155,-0.74264765,-0.74203014,0.5768275,9.706977
0.259,-7.0,2.0,-0.31430137,0.403718,-0.9276371,-0.68055165,0.78742313,9.608917
0.216,-6.545,0.689,-0.16439283,0.3068285,-0.792665,-0.4830398,0.68560255,9.591921
-0.107,-8.371,-1.492,-0.061798573,0.29143858,-0.68067455,-0.3458119,0.6338427,9.631345
0.113,-9.34,-3.142,0.119235516,0.3587036,-0.5240607,-0.1282441,0.6306988,9.7492285
-1.359,-10.542,-2.567,0.23441541,0.3291049,-0.30352306,0.06327432,0.5001401,9.841917
-2.47,-8.064,-3.349,0.32071102,0.3741684,-0.271976,0.14730853,0.53772444,9.883987
-1.424,-7.161,-2.916,0.43740654,0.45450878,-0.3326583,0.22137864,0.672496,9.892115
-1.763,-9.266,-1.288,0.25878584,0.47818375,-0.47255707,8.797862E-4,0.7188066,9.854146
-2.111,-10.367,-1.931,0.08664942,0.4129901,-0.37126255,-0.11145285,0.5439986,9.893531
-4.458,-10.653,-2.518,0.016988873,0.39980078,-0.17797852,-0.21525879,-0.32236502,10.010488
-5.655,-11.891,-1.122,0.11662996,0.4276595,0.0057635307,0.06000681,0.3007312,10.126788
-5.29,-13.436,1.428,0.12711024,0.4619832,-0.0019931793,0.063377365,0.33161637,10.146655
-3.122,-14.349,-0.196,0.10461354,0.49497652,-0.11089897,-0.002887145,0.41965613,10.110171
2.856,-15.262,-3.35,0.22819614,0.54876566,-0.20928526,0.06569374,0.5669639,10.073585
7.487,-13.585,-2.457,0.348848,0.5460386,0.41000223,0.41764757,0.17859152,10.424413
9.05,-14.484,0.96,0.012742162,0.5011196,0.56247616,0.023250898,0.19172035,10.534914
9.543,-18.138,0.584,-0.18693995,0.5595646,0.27392626,-0.12192231,0.087413825,10.43957
4.351,-18.604,-4.002,-0.2621621,0.5744071,0.064136505,0.019568896,-0.3469158,10.337736
-2.283,-15.902,-1.094,-0.31410825,0.6038065,-0.08250141,-0.37829778,0.3180043,10.281852
-5.806,-14.787,-1.421,-0.39273155,0.69983435,-0.3020048,0.050918434,-0.73889816,10.23868
-1.656,-11.141,-0.816,-0.22205389,0.76940775,-0.23964357,-0.372945,0.56248933,10.299846
1.766,-6.064,1.382,0.17572951,0.8169937,-0.124231815,-0.46277162,-0.4699871,10.334616
1.952,-3.578,1.809,0.15907836,0.840281,-0.2209096,-0.026532022,0.7345937,10.296393
3.016,-1.364,1.604,0.044655323,0.8562274,-0.27050734,-0.3668341,-0.6571415,10.298474
3.026,-0.42,1.191,0.14428914,0.813077,-0.27304888,-0.061153624,0.7480126,10.246204
1.875,0.794,-0.319,0.26190114,0.77946854,-0.19171476,-0.52240616,-0.4931682,10.250264
1.259,-0.23,-0.869,0.4007343,0.69985867,0.20359468,0.37100804,0.44604847,10.402666
0.699,-0.763,-0.263,0.417817,0.66952133,0.45292187,0.4913297,0.2648263,10.52528
0.65,-0.518,0.406,0.34648466,0.67035866,0.30025053,0.36393785,0.34341136,10.446338
0.861,-0.99,-0.314,0.40245223,0.60940266,-0.14500666,-0.67318964,-0.04676095,10.121285
0.16,-4.084,-3.252,0.5325953,0.48378754,-0.3524971,0.282412,0.7465326,9.876615
-2.875,-9.045,-7.701,0.5913274,0.35831022,-0.3649478,-0.47660506,0.61806333,9.760979
-3.105,-15.921,-11.077,0.6289432,0.34347725,-0.23916721,0.43104178,0.62035185,9.817308
-4.901,-19.614,-16.889,0.57198226,0.3443408,-0.12087774,-0.28895456,0.6067657,9.899853
0.823,-12.43,-13.824,0.39369857,0.31248713,-0.083180904,0.28443974,0.40398842,9.93096
6.21,-7.31,-7.632,0.3234192,0.3831606,-0.13897467,-0.45554036,0.19394718,9.966627
6.846,-13.01,-1.355,0.46741438,0.48483324,0.07266474,0.3924024,0.43326837,10.148876
1.42,-19.605,-1.72,0.4572661,0.5453377,0.1217823,-0.4565118,0.36687857,10.228923
-0.684,-8.773,1.388,0.2220484,0.46150064,-0.099552155,0.09969793,0.4377389,10.072439
4.922,3.287,-1.318,-0.16609251,0.3442526,-0.31222343,-0.1361646,-0.46047863,9.920661
2.246,-0.371,5.427,-0.26466846,0.30328608,-0.5304718,-0.49922937,0.43963528,9.776263
3.997,-8.93,8.28,-0.27694273,0.35477924,-0.74133825,-0.16873531,-0.8431388,9.693541
-2.519,-18.644,-1.983,-0.18079841,0.48755074,-0.5583215,-0.4586764,0.6042417,9.888044
-4.814,-19.171,0.708,0.17119849,0.5311794,-0.1873498,-0.517362,0.064246096,10.080093
1.672,-9.932,-0.391,0.35426617,0.5171685,0.019638062,0.26100865,0.447564,10.160084
3.088,-3.841,-2.407,0.3698964,0.51617527,0.078240395,0.29979166,0.41470385,10.190743
0.717,-5.384,-0.798,0.04515612,0.49025297,0.025982857,-0.009954678,0.30331534,10.195189
-0.888,-9.209,0.078,-0.09480381,0.54274607,-0.25424528,-0.5043305,-0.18224102,10.090626
-1.197,-10.156,0.295,-0.014164805,0.71319866,-0.52013063,-0.3231736,0.7858905,10.046074
-0.004,-8.116,1.23,0.17285848,0.8644366,-0.42038155,-0.8963621,0.0697945,10.188111
0.334,-7.525,1.209,0.14522743,0.8334389,-0.19258022,-0.05916412,0.7073655,10.305581
-0.59,-7.157,0.979,-0.11528957,0.6768031,-0.1808734,-0.55669564,-0.08963104,10.238072
-0.668,-7.261,0.651,-0.35077155,0.54183245,-0.1070838,-0.43144345,0.26686656,10.219842
0.063,-7.956,-0.286,-0.31294703,0.6026387,0.0077695847,-0.3589967,0.24267572,10.329526
-0.482,-10.024,-1.408,-0.13732684,0.6782255,-0.21706629,-0.31115088,0.5092119,10.218784
-3.481,-10.513,-2.426,0.23183048,0.8691597,-0.69024515,-0.21593654,1.0935537,10.014338
-2.551,-12.452,-2.463,0.4386214,0.9375324,-0.63563824,-0.024192367,1.1867803,10.064251
-1.271,-15.051,-1.565,0.6265476,0.79969263,-0.15795803,0.36484918,0.8678111,10.219939
1.116,-5.314,1.872,0.31448698,0.68314314,0.039417267,0.18731774,0.53513134,10.302319
1.482,-3.745,2.045,0.04614389,0.5528116,0.10553312,-0.004331246,0.2978211,10.286389
2.2,-3.174,2.197,-0.081166625,0.48131323,-0.04131031,-0.16981462,0.2949907,10.15893
2.292,-1.828,1.395,-0.15893853,0.38830662,-0.35518074,-0.35766125,0.40671566,9.900764
1.373,-0.022,-0.031,-0.2951876,0.26291943,-0.4680333,-0.5058053,0.34165552,9.754208
1.651,-0.257,-0.202,-0.59077287,0.16508293,-0.6843996,-0.8438416,0.29061356,9.587236
1.589,-0.969,0.6,-0.5496305,0.20883226,-0.9359703,-0.92191494,0.4931784,9.448052
1.646,-1.557,0.976,-0.11590397,0.45569706,-0.5492916,-0.42115852,0.5877302,9.810316
1.934,-2.262,-0.826,0.63251096,0.8340502,-0.20435,0.30603743,0.94070756,10.205245
-0.518,-6.836,-8.244,1.1850338,1.1624932,0.3240013,0.93880373,1.0718327,10.717964
-3.143,-14.375,-14.183,1.0088836,1.1927853,0.89218235,1.006178,0.6663326,11.140884
-2.347,-18.762,-12.847,0.56505615,1.15242,1.1591139,0.7313873,0.27859017,11.3488455
-0.031,-16.235,-13.235,-0.076014996,1.0738955,0.4152832,-0.12721838,0.39828405,10.882139
2.618,-8.096,-9.939,-0.6767049,0.90239334,-0.24462652,-0.89436334,0.42530474,10.399368
4.337,-8.089,-4.882,-0.8282993,0.82707024,-0.55926657,-1.1432663,0.5027586,10.15748
3.536,-17.064,-5.107,-0.8397198,0.7627907,-0.72697115,-1.210618,0.55857867,10.001225
-1.095,-19.344,-3.835,-0.9542122,0.8668995,-0.6221652,-1.2922277,0.5038285,10.1608095
0.447,-6.223,2.597,-0.7972567,1.0123463,-0.06938934,-0.957803,0.3199472,10.610098
3.439,1.82,-0.767,-0.15922844,0.90592194,0.5024681,-0.13788134,0.18971369,10.8281765
-0.638,-3.475,7.655,0.15919936,0.6486192,0.20131207,0.06838255,0.35950816,10.400499
2.381,-8.599,7.644,0.050168753,0.4107461,-0.24327135,-0.16251084,0.43012825,9.944454
-1.274,-16.136,-1.91,-0.26760232,0.20149851,-0.242311,-0.38715118,0.14364499,9.826832
-2.358,-16.988,1.45,-0.7207689,-0.07998228,0.53817415,-0.36741322,-0.7326845,10.18575
3.251,-7.032,-1.828,-0.76995945,-0.0929575,0.4908309,-0.42206943,-0.7398276,10.148565
2.7,-4.355,-2.056,-0.59305394,0.2567706,-0.2515459,-0.6875691,0.0099563105,9.896481
-0.198,-6.659,-1.113,-0.11781943,0.65215683,-0.59024525,-0.5428659,0.694177,9.911507
-1.203,-9.326,-0.383,0.036047935,0.8811207,-0.50998735,-0.4456906,0.8634163,10.112646
-0.636,-8.992,0.296,0.059236765,0.99579287,0.009938717,-0.23156548,0.6377084,10.538031
-0.247,-7.385,1.429,0.42711318,1.0856986,0.47919703,0.25655115,0.6140821,10.878043
-0.605,-7.557,1.518,0.8233314,1.1903958,0.4432521,0.53161,0.91485465,10.889157
-0.718,-7.975,0.093,0.9958405,1.2324739,0.23220015,0.5573146,1.1599365,10.759832
-0.29,-7.951,-0.791,1.017809,1.1732764,0.13471222,0.54382306,1.1953729,10.646891
0.09,-8.681,-1.755,0.83709437,1.0209742,-0.08544254,0.33510014,1.1317929,10.404284
-2.126,-10.75,-1.528,0.69153285,1.003314,-0.3793459,0.07888631,1.2094406,10.2063875
-4.3,-10.386,-2.506,0.726367,1.1040063,-0.38473606,0.070007384,1.2948444,10.268105
-0.541,-8.208,-2.992,0.81604266,0.9368596,0.036842823,0.3938881,1.007905,10.418179
-1.343,-9.93,-2.09,0.38092238,0.5583439,0.2798028,0.26893714,0.4009904,10.356213
-3.134,-11.372,-1.29,-0.26539207,0.36217117,0.28376436,-0.20265734,-0.075531274,10.291777
-1.9,-11.734,-3.763,-0.13615596,0.4797349,0.35640526,-0.10144957,0.03244815,10.4102745
-0.816,-12.235,-1.759,0.3120759,0.62896633,0.5807066,0.32264507,0.25461286,10.619843
-2.219,-13.529,0.59,0.13932526,0.59357166,0.3337493,0.07656142,0.27722156,10.439433
-0.97,-13.576,-1.953,-0.3452022,0.4632721,0.37323284,-0.26796067,-0.08450982,10.434458
-0.211,-12.837,-1.774,-0.3691827,0.39721918,0.961391,-0.0044645374,-0.44502637,10.81674
1.704,-12.331,-1.38,-0.15043175,0.42161512,1.0165067,0.19157004,-0.33444598,10.848342
4.407,-12.597,-1.657,0.38327658,0.5298724,0.6877341,0.44823962,0.20140974,10.618537
6.942,-13.683,-0.405,0.7642766,0.44987202,0.2747345,0.3939713,0.7334132,10.217594
6.866,-17.659,-0.42,0.08204138,0.14562416,0.13844681,0.08009399,0.06951591,9.996011
5.581,-18.295,-1.96,-0.20260012,-0.26977682,-0.025599957,-0.085406646,-0.27589664,9.630387
-2.588,-17.232,-0.757,0.1036728,-0.5757098,-0.12416172,0.23352207,-0.2544085,9.3184395
-7.062,-16.709,-2.123,0.7449685,-0.65731,0.11737633,0.9014174,-0.06266927,9.377312
-1.889,-11.336,0.865,0.9387307,-0.6858382,0.2932992,1.1516528,-0.048764795,9.476602
1.899,-5.67,2.405,0.9017755,-0.67028856,0.11286402,1.0380868,0.0409273,9.364017
2.059,-3.848,2.008,0.8540424,-0.8339343,-0.60674334,0.74760896,0.28092405,8.731878
3.028,-1.953,1.933,0.72205037,-1.0633888,-0.8096552,0.6491751,0.16289851,8.442931
1.867,-0.743,0.31,0.44175112,-1.4343596,-0.03482437,0.92117983,-0.62949526,8.802204
1.169,-0.563,-0.456,0.23671553,-1.6886992,1.0669928,1.3423932,-1.4645048,9.4913435
1.317,-0.824,-0.427,0.33001685,-1.5391736,1.1814909,1.4065156,-1.3712401,9.682953
1.281,-0.787,0.886,0.4342373,-1.0616322,0.5639372,1.0300995,-0.701596,9.523263
1.429,-0.928,1.017,0.79053247,-0.44802618,0.25622702,0.9318121,0.04977663,9.663229
1.789,-1.499,-0.791,1.1479261,0.048531055,0.24868631,1.012591,0.5794587,9.950949
1.236,-3.993,-4.843,0.7956709,0.32900667,0.31659698,0.64285624,0.5205941,10.203249
-2.138,-8.515,-9.692,0.3429949,0.32440948,0.52955675,0.36634737,0.15327789,10.39454
2.332,-16.78,-4.469,0.6568053,-9.018869,1.2867756,2.1461642,-6.0531836,16.301273
-3.949,-16.771,-1.994,-5.5214577,-9.090037,3.896717,0.0,0.0,0.0
5.429,1.863,0.099,4.0421615,9.613194,5.945497,0.0,0.0,0.0
5.579,2.236,-1.276,4.209611,9.985086,4.5760775,0.0,0.0,0.0
2.424,-8.208,7.022,1.1214336,-0.33176756,12.717495,0.0,0.0,0.0
2.397,-12.619,3.422,0.8751342,-4.565014,8.806013,0.0,0.0,0.0
-4.737,-18.759,-2.027,-6.4346547,-10.587917,3.122923,0.0,0.0,0.0
-1.564,-11.511,0.286,-3.3106782,-3.1561317,5.1146336,0.0,0.0,0.0
0.679,-7.974,-1.335,-1.0481704,0.59911346,3.1022286,0.0,0.0,0.0
2.379,-4.714,-2.8,0.6747663,3.9606576,1.4445593,0.0,0.0,0.0
0.718,-6.918,-1.418,-0.9882507,1.95117,2.4025905,0.0,0.0,0.0
-0.515,-9.914,-1.051,-2.274479,-0.8922825,2.367073,0.0,0.0,0.0
-0.056,-9.204,0.042,-1.9230506,-0.0966177,3.1629088,0.0,0.0,0.0
-0.021,-6.997,1.024,-2.0278084,2.1569324,3.9133968,0.0,0.0,0.0
-0.536,-7.229,0.753,-2.6815598,1.9538078,3.4442787,0.0,0.0,0.0
-0.548,-7.703,0.24,-2.8220205,1.4998989,2.7511463,0.0,0.0,0.0
0.511,-7.76,-0.386,-1.900806,1.4617157,1.91911,0.0,0.0,0.0
0.024,-9.449,-1.297,-2.5580926,-0.21137142,0.7449082,0.0,0.0,0.0
-1.73,-10.644,-2.617,-4.4783,-1.3862667,-0.9106581,0.0,0.0,0.0
-0.997,-8.523,-2.941,-3.8704941,0.7443762,-1.5165144,0.0,0.0,0.0
0.567,-8.806,-2.832,-2.430622,0.4432888,-1.5532128,0.0,0.0,0.0
-0.787,-11.87,-1.477,-3.9206476,-2.658475,-0.2528931,0.0,0.0,0.0
-2.046,-12.194,-1.554,-5.2928658,-3.0187445,-0.35277545,0.0,0.0,0.0
-3.672,-12.018,-3.101,-7.0003953,-2.8713608,-1.9046847,0.0,0.0,0.0
-2.761,-12.192,-2.302,-6.1355457,-3.0644865,-1.0890199,0.0,0.0,0.0
-3.622,-13.927,-0.878,-7.0098486,-4.8060875,0.34748137,0.0,0.0,0.0
-4.201,-13.673,-2.391,-7.5555096,-4.546547,-1.1160587,0.0,0.0,0.0
-2.72,-12.607,-2.621,-5.9614573,-3.4667997,-1.1649554,0.0,0.0,0.0
-1.184,-12.275,-2.208,-4.242382,-3.145647,-0.34478164,0.0,0.0,0.0
2.981,-11.974,-0.529,-0.07738185,-2.8446474,1.3342183,0.0,0.0,0.0
2.981,-11.974,-0.529,8.571148E-4,-2.8860016,1.6383543,0.0,0.0,0.0
1.955,1.472,1.098,-1.0251428,10.5599985,3.2653544,0.0,0.0,0.0
1.955,1.472,1.098,-1.0251428,10.5599985,3.2653544,0.0,0.0,0.0
-1.393,-4.971,-5.019,-4.3731427,4.116998,-2.8516457,0.0,0.0,0.0
-2.934,-9.979,-7.931,-5.9141426,-0.8910017,-5.763646,0.0,0.0,0.0
-1.596,-13.18,-9.726,-4.576143,-4.092002,-7.5586452,0.0,0.0,0.0
-1.236,-19.614,-16.386,-4.2161427,-10.526002,-14.218645,0.0,0.0,0.0
-1.236,-19.614,-16.386,-4.1986136,-10.538423,-14.14386,0.0,0.0,0.0
4.246,-6.433,-7.053,1.4631519,2.6776395,-4.724391,0.0,0.0,0.0
2.264,-19.251,0.83,-0.54840994,-10.180834,3.278028,0.0,0.0,0.0
1.55,-19.614,4.277,-1.301101,-10.5782995,6.806366,0.0,0.0,0.0
5.096,-2.219,-4.82,2.1408908,6.777299,-2.2696476,0.0,0.0,0.0
-0.278,-2.032,1.608,-3.2657042,6.964975,4.1176662,0.0,0.0,0.0
4.567,-10.454,5.236,1.3758667,-1.4156322,7.308421,0.0,0.0,0.0
-2.521,-15.837,-2.36,-6.0493135,-6.8491325,-0.6454686,0.0,0.0,0.0
-4.415,-16.514,1.913,-8.097944,-7.5340652,3.3155227,0.0,0.0,0.0
-0.017,-9.737,-0.927,-3.7751548,-0.7268896,0.002821207,0.0,0.0,0.0
2.728,-4.025,-1.775,-1.0823288,4.9959283,-1.2509246,0.0,0.0,0.0
2.453,-4.366,-0.077,-1.4513829,4.6290874,0.043852426,0.0,0.0,0.0
0.545,-7.378,-1.207,-3.5522122,1.5297084,-1.3966674,0.0,0.0,0.0
-0.382,-8.801,1.244,-4.725324,-0.015709877,0.89099103,0.0,0.0,0.0
0.274,-8.248,3.298,-4.154548,0.49064732,2.857099,0.0,0.0,0.0
1.283,-6.997,1.585,-3.3275738,1.6358552,0.96305823,0.0,0.0,0.0
0.974,-8.327,-0.932,-3.8432517,0.1767683,-1.7384735,0.0,0.0,0.0
0.114,-9.702,-2.076,-4.937602,-1.3551769,-3.067089,0.0,0.0,0.0
-3.189,-10.867,-1.978,-8.498927,-2.7062654,-3.1516557,0.0,0.0,0.0
-4.515,-9.239,-3.824,-10.030737,-1.2338314,-5.114079,0.0,0.0,0.0
-3.15,-9.055,-4.229,-8.808436,-1.1562729,-5.5566273,0.0,0.0,0.0
-3.73,-11.275,-2.991,-9.507755,-3.4700618,-4.3587875,0.0,0.0,0.0
-4.348,-12.237,-3.277,-10.236166,-4.5155416,-4.647746,0.0,0.0,0.0
-5.095,-13.258,-3.506,-11.063116,-5.593749,-4.851824,0.0,0.0,0.0
-4.376,-14.156,-2.88,-10.378433,-6.5059514,-4.1519785,0.0,0.0,0.0
-3.838,-14.834,0.979,-9.768107,-7.1051445,-0.1474992,0.0,0.0,0.0
-0.611,-13.773,-1.428,-6.295466,-5.826395,-2.2698298,0.0,0.0,0.0
2.307,-13.707,-1.859,-3.1342456,-5.5591116,-2.2774522,0.0,0.0,0.0
7.615,-15.177,0.81,2.3921285,-6.877866,0.9380223,0.0,0.0,0.0
11.842,-17.86,1.617,6.8082466,-9.463528,2.192299,0.0,0.0,0.0
8.072,-19.614,-5.238,3.129407,-11.184172,-4.413901,0.0,0.0,0.0
3.298,-18.057,-2.419,-1.2174165,-9.57481,-0.460976,0.0,0.0,0.0
-4.229,-17.742,1.707,-8.587863,-9.245787,3.9397254,0.0,0.0,0.0
-6.067,-16.246,-1.204,-10.039169,-7.659971,1.3790929,0.0,0.0,0.0
0.372,-8.105,1.313,-3.0372944,0.58970356,4.304528,0.0,0.0,0.0
4.033,-1.207,2.959,1.1248167,7.4953804,6.4204206,0.0,0.0,0.0
4.074,0.782,3.487,1.2218273,9.458509,7.0582266,0.0,0.0,0.0
3.712,3.148,2.877,0.83846116,11.761007,6.5823016,0.0,0.0,0.0
2.836,3.913,1.656,-0.10080218,12.510108,5.3486047,0.0,0.0,0.0
0.987,1.362,0.084,-2.1888099,9.942808,3.6130726,0.0,0.0,0.0
0.275,-0.408,-0.782,-3.0177217,8.204154,2.558533,0.0,0.0,0.0
-0.1,-0.993,-2.718,-3.4739423,7.681119,0.3717487,0.0,0.0,0.0
-0.522,-3.976,-6.084,-3.9080436,4.740904,-3.1309206,0.0,0.0,0.0
-1.403,-7.37,-8.321,-4.7355347,1.5044127,-5.809146,0.0,0.0,0.0
-2.115,-11.332,-10.82,-5.429247,-2.4126387,-8.446999,0.0,0.0,0.0
-0.999,-18.943,-11.228,-4.3202357,-10.010372,-8.915444,0.0,0.0,0.0
-0.089,-14.161,-13.334,-3.421839,-5.2396126,-10.994895,0.0,0.0,0.0
1.53,-7.063,-12.206,-1.7342649,1.8724723,-9.824348,0.0,0.0,0.0
5.155,-12.166,-6.65,1.9185688,-3.2597342,-4.1252584,0.0,0.0,0.0
4.713,-19.614,0.539,1.4468358,-10.7684355,3.2331667,0.0,0.0,0.0
2.997,-12.338,3.293,-0.2787137,-3.508172,6.026901,0.0,0.0,0.0
1.248,1.388,-1.292,-2.0501838,10.201801,1.46649,0.0,0.0,0.0
0.044,-6.065,11.229,-3.1764472,2.8103547,13.879885,0.0,0.0,0.0
3.001,-12.614,-0.347,-0.42339754,-3.699438,1.8833541,0.0,0.0,0.0
3.001,-12.614,-0.347,-0.60039043,-3.7287245,1.7150966,0.0,0.0,0.0
3.001,-12.614,-0.347,-0.60039043,-3.7287245,1.7150966,0.0,0.0,0.0
3.001,-12.614,-0.347,-0.60039043,-3.7287245,1.7150966,0.0,0.0,0.0
3.001,-12.614,-0.347,-0.60039043,-3.7287245,1.7150966,0.0,0.0,0.0
0.784,-5.957,-0.695,-3.3951397,2.9067106,-0.32112667,0.0,0.0,0.0
-0.566,-8.548,-0.788,-4.914629,0.24077988,-0.6571157,0.0,0.0,0.0
-0.376,-8.284,2.218,-4.920056,0.40632153,2.202299,0.0,0.0,0.0
1.196,-6.436,3.263,-3.5251484,2.1579494,3.1043556,0.0,0.0,0.0
0.366,-8.132,0.149,-4.584869,0.3258705,-0.20271377,0.0,0.0,0.0
-1.016,-10.163,-2.774,-6.221324,-1.8699045,-3.3213067,0.0,0.0,0.0
-2.037,-9.955,-1.91,-7.4922953,-1.8384132,-2.638786,0.0,0.0,0.0
-2.655,-9.524,-2.177,-8.336684,-1.5786681,-3.049091,0.0,0.0,0.0
-2.412,-8.516,-4.225,-8.284073,-0.716434,-5.1501637,0.0,0.0,0.0
-2.922,-10.82,-1.551,-8.965275,-3.1507034,-2.4626472,0.0,0.0,0.0
-3.48,-11.864,-3.555,-9.652712,-4.3011813,-4.488683,0.0,0.0,0.0
-5.466,-11.969,-3.631,-11.737784,-4.485042,-4.539558,0.0,0.0,0.0
-6.262,-12.636,-2.544,-12.575174,-5.1789966,-3.3850148,0.0,0.0,0.0
-4.946,-13.752,0.214,-11.172901,-6.213761,-0.541675,0.0,0.0,0.0
-2.849,-13.372,0.214,-8.885824,-5.667792,-0.39617205,0.0,0.0,0.0
1.808,-14.86,-1.94,-3.968841,-6.9412174,-2.242254,0.0,0.0,0.0
4.698,-15.872,-1.008,-0.829093,-7.772628,-0.86034983,0.0,0.0,0.0
11.426,-17.129,0.131,6.1363783,-8.897378,0.787258,0.0,0.0,0.0
10.613,-19.614,-1.526,5.555089,-11.29005,-0.385934,0.0,0.0,0.0
5.523,-18.14,-4.046,0.81628036,-9.74208,-2.177287,0.0,0.0,0.0
-3.44,-16.461,1.168,-7.746202,-8.000858,3.6282911,0.0,0.0,0.0
-7.367,-16.352,-2.324,-11.24728,-7.761997,0.3825953,0.0,0.0,0.0
-0.105,-8.795,1.312,-3.3456755,-0.052369118,4.3508863,0.0,0.0,0.0
3.298,-1.501,2.752,0.57334805,7.3188777,6.062044,0.0,0.0,0.0
3.031,-0.246,2.6,0.5058255,8.560887,6.097513,0.0,0.0,0.0
4.061,1.006,2.217,1.5825841,9.772697,5.8464394,0.0,0.0,0.0
4.866,2.893,1.216,2.3461413,11.631873,4.883805,0.0,0.0,0.0
2.123,1.573,-0.027,-0.47194982,10.304396,3.6060915,0.0,0.0,0.0
0.363,-0.341,-0.432,-2.3663075,8.392717,3.0955257,0.0,0.0,0.0
-0.119,0.007,-1.625,-2.9773142,8.776442,1.7062609,0.0,0.0,0.0
-1.255,-1.397,-3.526,-4.2197933,7.4373174,-0.47064304,0.0,0.0,0.0
-4.03,-6.72,-6.311,-7.0492144,2.2014565,-3.5792744,0.0,0.0,0.0
-4.58,-11.507,-11.34,-7.597803,-2.4818773,-8.971376,0.0,0.0,0.0
-1.225,-18.533,-15.162,-4.297502,-9.502334,-12.8866625,0.0,0.0,0.0
0.604,-14.595,-13.006,-2.4740863,-5.5714493,-10.710066,0.0,0.0,0.0
2.482,-7.374,-9.231,-0.5478625,1.6554103,-6.8943157,0.0,0.0,0.0
6.446,-10.752,-1.095,3.5138273,-1.7059698,1.301259,0.0,0.0,0.0
6.545,-19.614,1.188,3.521381,-10.621385,3.6701298,0.0,0.0,0.0
2.689,-15.58,-2.06,-0.43328953,-6.650714,0.52641463,0.0,0.0,0.0
-2.214,-1.194,0.801,-5.32928,7.730484,3.4123197,0.0,0.0,0.0
-1.415,-2.861,10.492,-4.392194,6.133236,13.02388,0.0,0.0,0.0
4.574,-9.077,3.697,1.5529296,0.0026140213,5.842719,0.0,0.0,0.0
-2.842,-13.749,-1.128,-6.2329016,-4.6952534,0.51572454,0.0,0.0,0.0
-1.634,-13.987,1.281,-5.0986032,-4.926962,2.724115,0.0,0.0,0.0
2.424,-8.955,-1.158,-1.1950698,0.104670525,-0.16044301,0.0,0.0,0.0
2.719,-4.92,-0.543,-0.9730067,4.129217,0.26394135,0.0,0.0,0.0
0.507,-5.889,0.389,-3.354876,3.1209602,0.6662913,0.0,0.0,0.0
-1.514,-7.898,0.371,-5.5522103,1.0384617,0.42453074,0.0,0.0,0.0
-0.775,-7.855,1.871,-4.995918,0.99577093,1.7365463,0.0,0.0,0.0
2.628,-7.125,1.334,-1.7985065,1.6202946,1.0238149,0.0,0.0,0.0
1.296,-10.117,-1.421,-3.3957682,-1.5169468,-1.8645824,0.0,0.0,0.0
-0.705,-11.051,-3.1,-5.6781673,-2.618103,-3.6694126,0.0,0.0,0.0
-2.724,-8.53,-0.933,-7.994282,-0.28536224,-1.5814327,0.0,0.0,0.0
-4.116,-7.932,-1.804,-9.630552,0.14251232,-2.5538852,0.0,0.0,0.0
-6.777,-9.131,-6.034,-12.47019,-1.1898823,-6.868635,0.0,0.0,0.0
-5.277,-11.706,-3.264,-11.081621,-3.8495684,-4.1318865,0.0,0.0,0.0
-3.262,-12.607,-3.877,-9.161089,-4.8238845,-4.7681937,0.0,0.0,0.0
-4.956,-13.27,-4.518,-10.94059,-5.5470786,-5.3615255,0.0,0.0,0.0
-6.22,-13.956,-0.319,-12.204542,-6.2244124,-1.079382,0.0,0.0,0.0
-4.719,-14.22,1.41,-10.63809,-6.432978,0.7049879,0.0,0.0,0.0
1.39,-14.378,-3.197,-4.281821,-6.395534,-3.7271347,0.0,0.0,0.0
4.528,-15.155,-2.254,-0.8829694,-6.978013,-2.4233086,0.0,0.0,0.0
9.684,-16.545,1.274,4.5056095,-8.224783,1.6326485,0.0,0.0,0.0
12.549,-19.396,1.145,7.572285,-10.990231,2.0085554,0.0,0.0,0.0
10.072,-19.614,-2.098,5.2901754,-11.163783,-0.720191,0.0,0.0,0.0
3.712,-18.309,-4.042,-0.74572134,-9.843326,-1.8899176,0.0,0.0,0.0
-5.432,-17.072,-0.146,-9.588909,-8.568216,2.4184012,0.0,0.0,0.0
-5.901,-13.914,-1.822,-9.665256,-5.342181,1.0977058,0.0,0.0,0.0
1.327,-4.943,2.412,-2.1480803,3.6717186,5.555376,0.0,0.0,0.0
3.291,0.185,2.922,0.049786806,8.838272,6.206177,0.0,0.0,0.0
3.749,1.212,3.527,0.60838604,9.861664,6.9167275,0.0,0.0,0.0
3.845,2.966,3.426,0.69028187,11.608259,6.821517,0.0,0.0,0.0
1.927,2.687,2.019,-1.4034982,11.3072605,5.300655,0.0,0.0,0.0
0.161,0.596,0.593,-3.3042018,9.2226095,3.7145953,0.0,0.0,0.0
0.469,-0.746,-0.498,-3.1063108,7.918019,2.386846,0.0,0.0,0.0
0.177,-4.343,-5.19,-3.4192653,4.3615556,-2.4572399,0.0,0.0,0.0
-0.517,-9.015,-9.136,-4.046293,-0.15817547,-6.840107,0.0,0.0,0.0
-0.528,-13.406,-10.705,-4.0277042,-4.501336,-8.553392,0.0,0.0,0.0
-0.82,-19.407,-11.587,-4.2893686,-10.463987,-9.548275,0.0,0.0,0.0
1.984,-13.622,-12.922,-1.481319,-4.689745,-10.829923,0.0,0.0,0.0
2.732,-1.033,-8.982,-0.69395065,7.9028444,-6.84099,0.0,0.0,0.0
4.694,-2.37,-5.539,1.344276,6.5893564,-3.3757472,0.0,0.0,0.0
7.869,-15.735,1.51,4.463926,-6.8205824,3.7703147,0.0,0.0,0.0
4.73,-19.614,-2.616,1.2263637,-10.748412,-0.31464005,0.0,0.0,0.0
-3.586,-11.875,-0.508,-7.1937313,-3.1151762,2.025797,0.0,0.0,0.0
-3.772,-0.595,5.749,-7.3302584,8.185902,8.279797,0.0,0.0,0.0
1.934,-4.703,8.206,-1.5556414,4.219146,10.300785,0.0,0.0,0.0
1.441,-11.043,-0.674,-2.1766806,-2.1275187,1.2225614,0.0,0.0,0.0
-4.812,-15.609,0.632,-8.6304,-6.710801,2.1851466,0.0,0.0,0.0
-0.086,-12.668,-0.162,-3.9921799,-3.7395048,0.93074864,0.0,0.0,0.0
2.662,-7.023,-2.596,-1.3398378,1.9054565,-1.9339352,0.0,0.0,0.0
2.851,-4.734,-0.892,-1.2797368,4.1560783,-0.62012696,0.0,0.0,0.0
1.289,-5.482,-0.966,-3.0212812,3.3264298,-1.0243702,0.0,0.0,0.0
0.63,-6.153,-0.27,-3.9073634,2.5374708,-0.5116766,0.0,0.0,0.0
-0.029,-6.921,1.101,-4.5663633,1.7694707,0.8593234,0.0,0.0,0.0
0.927,-7.715,1.05,-3.9374814,0.7784176,0.44251823,0.0,0.0,0.0
-0.053,-10.209,-2.58,-5.1161785,-1.8504009,-3.3975635,0.0,0.0,0.0
-0.644,-10.751,-3.738,-5.9207406,-2.5479536,-4.7560363,0.0,0.0,0.0
-2.429,-9.926,-3.185,-7.918595,-1.8822021,-4.339139,0.0,0.0,0.0
-2.753,-8.268,-3.383,-8.337959,-0.29480362,-4.5690794,0.0,0.0,0.0
-2.697,-9.241,-4.243,-8.45489,-1.392726,-5.435346,0.0,0.0,0.0
-3.984,-11.599,-2.539,-9.895552,-3.8637638,-3.7180128,0.0,0.0,0.0
-5.883,-11.594,-2.39,-11.8930435,-3.9344916,-3.5654507,0.0,0.0,0.0
-6.053,-11.954,-3.912,-12.116083,-4.3341517,-5.0727305,0.0,0.0,0.0
-3.281,-14.076,-0.739,-9.310435,-6.418257,-1.8230801,0.0,0.0,0.0
-3.145,-14.594,0.24,-9.058826,-6.8308735,-0.7248416,0.0,0.0,0.0
0.548,-13.106,-2.801,-5.1347504,-5.143305,-3.4881997,0.0,0.0,0.0
2.417,-13.691,0.019,-3.0148308,-5.532099,-0.29392028,0.0,0.0,0.0
6.431,-15.632,3.092,1.2381482,-7.31474,3.2588637,0.0,0.0,0.0
8.344,-19.44,-1.319,3.3757353,-11.008666,-0.6870881,0.0,0.0,0.0
6.933,-19.614,-6.553,2.2286105,-11.095263,-5.3404865,0.0,0.0,0.0
1.453,-18.467,0.242,-2.926693,-9.9124,2.1932812,0.0,0.0,0.0
-6.611,-18.072,-0.305,-10.594681,-9.424257,2.0438755,0.0,0.0,0.0
-4.319,-13.205,-0.687,-7.7750874,-4.4268923,1.990807,0.0,0.0,0.0
1.228,-4.662,2.006,-1.6923143,4.22012,4.9640503,0.0,0.0,0.0
2.029,-0.509,2.242,-0.5517056,8.412983,5.3897843,0.0,0.0,0.0
2.198,0.138,2.958,-0.30257607,9.029226,6.253998,0.0,0.0,0.0
3.029,1.35,2.693,0.52132416,10.202641,6.086034,0.0,0.0,0.0
2.062,1.661,1.693,-0.4782765,10.5016165,5.093129,0.0,0.0,0.0
1.0,0.79,1.221,-1.6619697,9.636182,4.511799,0.0,0.0,0.0
1.0,0.79,1.221,-1.7318218,9.64872,4.419532,0.0,0.0,0.0
1.1,1.596,-0.568,-1.6318218,10.45472,2.6305318,0.0,0.0,0.0
-1.204,-5.29,-5.073,-3.9985216,3.6520567,-2.1746156,0.0,0.0,0.0
-0.668,-9.866,-8.234,-3.4978209,-0.83883286,-5.650836,0.0,0.0,0.0
2.489,-17.519,-12.956,-0.3408208,-8.491832,-10.372836,0.0,0.0,0.0
1.46,-19.614,-15.862,-1.4429445,-10.629489,-13.212125,0.0,0.0,0.0
0.893,-11.513,-12.266,-1.9804617,-2.5333138,-9.568064,0.0,0.0,0.0
1.55,-2.159,-6.353,-1.2510276,6.8363814,-3.6312819,0.0,0.0,0.0
4.322,-17.516,-3.484,1.5886145,-8.514943,-0.7127259,0.0,0.0,0.0
1.996,-19.614,0.366,-0.8052561,-10.703844,3.3547237,0.0,0.0,0.0
0.993,-17.706,0.638,-1.8082561,-8.795843,3.6267238,0.0,0.0,0.0
-3.137,-9.56,-3.261,-5.9721494,-0.66249466,-0.26655602,0.0,0.0,0.0
-3.084,-8.466,-4.721,-5.9191494,0.43150616,-1.7265563,0.0,0.0,0.0
-3.999,-11.68,-2.958,-6.8341494,-2.7824945,0.03644395,0.0,0.0,0.0
-4.628,-11.987,-2.982,-7.463149,-3.0894947,0.012443781,0.0,0.0,0.0
-5.403,-11.393,-3.259,-8.23815,-2.495494,-0.26455617,0.0,0.0,0.0
-4.756,-11.411,-3.493,-7.5777764,-2.5305243,-0.43602514,0.0,0.0,0.0
-3.544,-13.026,0.94,-6.2788496,-4.1756706,4.1591053,0.0,0.0,0.0
-1.457,-12.675,-1.236,-4.0156403,-3.8690624,2.2395124,0.0,0.0,0.0
-0.068,-13.076,-1.814,-2.4438448,-4.4040136,2.1003795,0.0,0.0,0.0
6.189,-16.471,1.948,3.998681,-8.040599,6.453681,0.0,0.0,0.0
11.005,-19.614,-2.108,8.983126,-11.422476,2.8901336,0.0,0.0,0.0
8.426,-19.614,-4.831,6.5946126,-11.546613,0.4352746,0.0,0.0,0.0
-0.57,-18.183,0.362,-1.9195035,-10.388066,6.1575317,0.0,0.0,0.0
-7.653,-18.512,-1.017,-8.713229,-10.966204,5.156107,0.0,0.0,0.0
-3.818,-12.657,0.041,-4.556073,-5.398263,6.593583,0.0,0.0,0.0
2.761,-3.89,3.366,2.3275113,3.0778148,10.253093,0.0,0.0,0.0
3.582,-0.77,4.081,3.05983,5.9210405,11.231363,0.0,0.0,0.0
4.085,1.561,3.896,3.314383,8.009099,11.244369,0.0,0.0,0.0
3.867,3.624,2.706,2.7242012,9.899669,10.154515,0.0,0.0,0.0
2.09,2.24,0.748,0.50300515,8.434941,8.182684,0.0,0.0,0.0
1.134,0.94,-0.684,-0.84577,7.1233892,6.665598,0.0,0.0,0.0
0.99,0.126,-2.18,-1.2677572,6.3824067,5.026267,0.0,0.0,0.0
0.479,-1.986,-4.84,-1.9731468,4.4122324,2.1756945,0.0,0.0,0.0
-1.043,-5.778,-4.862,-3.5432382,0.7693453,1.997406,0.0,0.0,0.0
-0.237,-9.745,-6.769,-2.725922,-2.9869633,-0.11283302,0.0,0.0,0.0
1.568,-15.705,-11.864,-0.9218105,-8.787492,-5.37406,0.0,0.0,0.0
0.033,-17.757,-11.788,-2.6412709,-10.878293,-5.330289,0.0,0.0,0.0
-1.784,-8.547,-9.018,-4.6550565,-1.7536569,-2.554418,0.0,0.0,0.0
-2.124,-6.091,-8.933,-4.9100466,0.729547,-2.4608717,0.0,0.0,0.0
2.223,-9.512,-3.829,-0.23258567,-2.629315,2.7108097,0.0,0.0,0.0
