0.8334668,7.4940166,6.6461797,-0.02103375,0.067506075,-0.13318348,0.070100814,-0.021807453,9.67494
0.84065187,7.6377177,7.6353226,0.029261662,0.08666623,-0.19305897,-0.08594335,0.041839752,9.615595
0.55324954,9.359736,8.976534,0.07986382,0.14225116,-0.11882591,-0.13236177,0.09932403,9.691116
0.25387207,10.150093,9.1849,-0.036831632,0.094120815,-0.15235138,-0.10162925,-0.02240398,9.656332
0.7592212,10.164463,10.214759,-0.0025207642,0.09439081,-0.068532944,-0.095208555,0.01147768,9.740194
2.1579127,10.566827,10.990746,-0.031498596,0.11588366,-0.21702194,-0.123825826,-0.013475864,9.592162
2.5195606,11.261382,10.466236,0.013962856,0.13312711,-0.12362671,-0.1323807,0.033414893,9.685986
2.5195606,11.261382,10.466236,0.076372325,0.07572615,-0.22661495,-0.068824254,0.087526985,9.581875
0.5292993,9.637559,9.429193,-0.016567314,0.14487009,-0.20026398,-0.14998545,0.005706335,9.609573
1.8753004,5.455855,8.119117,-0.013928869,0.1523049,-0.0829134,-0.15443671,0.0089434255,9.72706
2.682422,4.4379716,5.9085135,0.06964645,0.08059068,-0.20027256,-0.073863596,0.08158874,9.608302
3.6284547,4.0499783,4.0763235,0.058372475,0.21000935,-0.20506573,-0.20334645,0.089870974,9.606309
4.150569,4.1721244,3.04407,0.096937366,0.08070566,-0.16674614,-0.06884386,0.108714215,9.641858
4.6583133,4.3158255,3.0776002,0.04688734,0.085608765,-0.14758873,-0.080706246,0.05994029,9.6610365
4.5529323,3.911067,4.653523,-0.0075924955,0.07813734,-0.28410053,-0.084420085,0.005871241,9.524311
3.5494192,3.803291,7.0150127,0.06419898,0.06612335,-0.25296307,-0.060868658,0.07480894,9.555289
2.0357666,4.373306,7.9610453,0.04282676,0.06894985,-0.14519787,-0.06462503,0.053611025,9.6630535
0.57001466,5.5684204,7.2521195,0.040628683,0.17938583,0.015262604,-0.17060766,0.06772316,9.825872
0.25866213,6.2725563,5.927674,0.053239767,0.07251167,-0.23383904,-0.068272576,0.06499291,9.574514
0.13651612,6.792276,4.926555,0.06338747,0.15623988,-0.05181694,-0.14528129,0.087585516,9.758318
0.57719976,6.5000834,4.720584,-0.008366812,0.15387866,-0.17875385,-0.15700369,0.017047055,9.631263
0.852627,6.3635674,5.0630717,0.061357718,0.06537111,-0.11169624,-0.057054594,0.07156021,9.696478
0.90052736,6.5144534,5.2810183,-0.03157365,0.022427455,-0.20510578,-0.031581584,-0.026547821,9.602038
0.35685793,6.337222,6.7970657,-5.9260055E-6,0.061040282,-0.1787672,-0.063981816,0.010823184,9.629244
0.19878663,6.2989016,8.229287,0.062469296,0.12569277,-0.118891716,-0.11618155,0.08285878,9.690578
0.9268726,6.6677346,9.15137,0.11041146,0.11405556,-0.26020527,-0.09982682,0.12887375,9.5491
1.719624,7.575447,8.598121,0.13621627,0.11870718,-0.08775997,-0.09687759,0.154068,9.721645
2.6081765,8.653206,7.800579,0.050218266,0.14072207,-0.19794178,-0.13483654,0.07332884,9.611849
2.543511,9.484278,7.692803,-0.055362035,0.08363272,-0.11172962,-0.093785584,-0.040656142,9.696677
2.320774,9.932146,9.278306,0.09074418,0.16555607,-0.19077587,-0.15283062,0.116995916,9.619585
2.6033864,10.789563,10.777588,0.0088753905,0.14849097,-0.26740837,-0.15078102,0.033598162,9.542507
2.2417383,10.571617,9.263936,-0.043709546,0.09493831,-0.11171436,-0.103064515,-0.027358582,9.696955
0.51492923,9.546548,9.208851,0.069039874,0.12182003,-0.11172676,-0.111455254,0.08825019,9.6976595
-1.1112891,7.204219,11.424244,0.05515512,0.12698981,-0.06383419,-0.117650315,0.07535111,9.7456255
-1.0250684,5.6498513,11.024276,0.050431952,0.16555917,-0.116529465,-0.15757012,0.0772021,9.693763
-0.17244141,4.993616,7.7287283,0.0011154432,0.10601713,-0.15006828,-0.107470214,0.019448273,9.65889
0.10777588,5.0630717,5.4103494,0.049188178,0.14205267,-0.030319214,-0.13243107,0.07238067,9.779434
0.019160157,5.5420756,4.2248144,0.047610167,0.14020328,-0.21714401,-0.13455611,0.07177554,9.5926
-0.047900394,6.006709,3.9757326,-0.014844684,0.07081205,-0.12134457,-0.07482023,-0.0020793,9.6868305
-0.364043,6.1887307,4.5457473,-0.029399475,0.16751939,-0.20758438,-0.17435521,-3.3569442E-5,9.602645
-0.47900394,6.2510014,5.213958,-0.024523642,0.083502114,-0.21237087,-0.0908347,-0.009179858,9.596079
0.06466553,6.1935205,5.079837,0.083208084,0.15814054,-0.19561386,-0.14602998,0.109363414,9.614527
0.9148975,6.4138627,4.509822,0.011945792,0.14369518,-0.2698574,-0.14514191,0.037446037,9.539919
1.331631,6.7635355,4.4116263,0.026586942,0.17019723,-0.14053059,-0.1660116,0.05596737,9.669791
1.4154567,7.074888,4.1984696,0.043296073,0.14679678,-0.2123928,-0.14165261,0.06860414,9.597456
1.1711646,7.2545147,3.9733377,0.05312694,0.11379178,-0.114209175,-0.1053937,0.0722719,9.694921
1.3268409,7.031778,4.3182206,0.067446575,0.0806181,-0.11900616,-0.07041951,0.08069802,9.689434
1.6190332,6.969507,5.130132,0.02748377,0.16741474,-0.0926733,-0.16202445,0.056383476,9.717543
2.2345533,6.5144534,5.7839723,0.027603235,0.10570671,-0.13100624,-0.10202477,0.046001494,9.677914
2.5171657,6.1719656,6.725215,0.11189483,0.120762855,-0.20766163,0.0,0.0,0.0
2.3998096,6.5455885,7.3575,0.04014021,0.12774885,-0.17412663,-0.12231553,0.06258968,9.635266
2.2752686,7.165899,8.01613,0.07693799,0.1118779,-0.102295876,0.0,0.0,0.0
2.4764502,8.174202,8.095166,-0.001706413,0.088055894,-0.20288944,0.0,0.0,0.0
2.4453151,8.861572,8.351434,-0.054747466,0.08999342,-0.20048428,0.0,0.0,0.0
2.3998096,8.442444,9.582474,0.044038385,0.15479942,-0.15258789,0.0,0.0,0.0
3.027305,8.423284,12.034974,0.027545549,0.15051964,-0.23642349,0.0,0.0,0.0
2.9746144,9.484278,10.844649,-0.04425199,0.13583244,-0.21007156,0.0,0.0,0.0
1.1472144,10.437495,8.47837,0.010839686,0.11957443,-0.13104725,0.0,0.0,0.0
-0.8909473,9.026829,9.759705,-0.028326128,0.1843051,-0.1741581,0.0,0.0,0.0
0.40715334,6.248606,9.1202345,0.09953722,0.04566501,-0.13584423,0.0,0.0,0.0
1.5711329,5.5372853,6.9168167,0.11181641,0.11242378,-0.06398678,0.0,0.0,0.0
2.6584718,5.0989966,4.5313773,0.068949476,0.04155183,-0.20052433,0.0,0.0,0.0
2.4189699,5.633086,3.3338673,1.9403128E-4,0.091722965,-0.19573116,0.0,0.0,0.0
0.4766089,6.5168486,3.8511915,0.0979814,0.11080381,-0.17656994,0.0,0.0,0.0
0.7113208,6.0282645,4.5409575,0.0429791,0.099156916,-0.068800926,0.0,0.0,0.0
1.1879297,5.247488,5.9085135,0.009863934,0.16120264,-0.11909199,0.0,0.0,0.0
1.9902613,4.742139,7.1156034,0.029889159,0.08433083,-0.1693821,0.0,0.0,0.0
2.6417067,4.5002418,7.1371584,0.084556825,0.06993471,-0.092741966,0.0,0.0,0.0
1.5112574,5.398374,5.5875807,5.4126186E-4,0.18288732,-0.16460037,0.0,0.0,0.0
0.47181886,6.085745,5.3169436,0.0032166834,0.09687626,-0.15981388,0.0,0.0,0.0
0.0023950196,6.5455885,5.1804276,0.027483024,0.13752684,-0.18376255,0.0,0.0,0.0
0.047900394,6.6821046,5.261858,0.066252075,0.1951233,-0.13826084,0.0,0.0,0.0
-0.038320314,6.837781,5.4103494,0.05730139,0.099341795,-0.18855667,0.0,0.0,0.0
0.019160157,7.1227884,5.350474,0.028378231,0.15718707,-0.114317894,0.0,0.0,0.0
0.76401126,7.1060233,5.5660257,0.09293671,0.17357548,-0.15981579,0.0,0.0,0.0
1.3507911,7.2185893,5.8127127,0.026433496,0.1182185,-0.14065075,0.0,0.0,0.0
2.2944288,7.4197707,6.2270513,0.038807023,0.09934121,-0.23645687,0.0,0.0,0.0
2.7087672,7.783814,6.6509695,0.024773117,0.08272895,-0.16460991,0.0,0.0,0.0
2.7015822,8.643626,7.3072047,-0.013815499,0.08800511,-0.107138634,0.0,0.0,0.0
2.7758276,9.651929,8.305928,0.024599751,0.09524386,-0.10953522,0.0,0.0,0.0
2.8836036,10.94045,9.189691,0.09409461,0.14729957,-0.15263271,0.0,0.0,0.0
1.2310401,9.968072,11.203902,0.087675415,0.18742111,-0.03047371,0.0,0.0,0.0
-0.5891748,7.2401443,13.333075,0.0877868,0.10316101,-0.08555126,0.0,0.0,0.0
-1.5950831,4.567302,15.031143,0.05432027,0.18737757,-0.12627506,0.0,0.0,0.0
-0.76161623,3.7098854,13.680352,0.04074021,0.08226748,-0.13346481,0.0,0.0,0.0
0.6179151,3.5877395,10.30098,0.02849181,0.08682652,-0.20531082,0.0,0.0,0.0
0.7568262,4.4834766,7.9466753,0.023217406,0.08480182,-0.20771313,0.0,0.0,0.0
0.5125342,5.2834134,6.7874856,0.0019288212,0.14441845,-0.12388229,0.0,0.0,0.0
-0.117355965,5.3145485,6.4426026,0.033378378,0.101145715,-0.16459465,0.0,0.0,0.0
-0.6179151,5.1564775,6.9958525,0.062348004,0.079790086,-0.14064789,0.0,0.0,0.0
-0.6227051,5.0367265,6.9000516,0.062400978,0.17515962,-0.109503746,0.0,0.0,0.0
0.36883304,5.3073635,5.6450615,0.079283625,0.08926824,-0.09274578,0.0,0.0,0.0
1.2334352,5.47741,4.404441,0.029162517,0.19920798,-0.15022182,0.0,0.0,0.0
1.6860938,5.829478,3.4368532,0.044041026,0.16086923,-0.2005167,0.0,0.0,0.0
1.3028907,6.1312504,3.439248,0.06604754,0.11511226,-0.09273529,0.0,0.0,0.0
0.9388477,6.4426026,3.7458107,0.049569435,0.14155792,-0.19811821,0.0,0.0,0.0
0.90052736,6.69408,4.2511597,0.08841886,0.1604838,-0.2555933,0.0,0.0,0.0
1.0226734,7.0269876,4.799619,-0.04998229,0.05759868,-0.20530033,0.0,0.0,0.0
0.8646021,7.7694435,5.3169436,0.021896087,0.124454364,-0.18613625,0.0,0.0,0.0
0.6658155,8.008945,6.0617948,0.029614462,0.16306905,-0.20051193,0.0,0.0,0.0
1.0514137,8.358619,6.734795,0.1807916,0.09380062,-0.1262703,0.0,0.0,0.0
1.1711646,8.741821,6.9886675,0.042048387,0.08685914,-0.11909008,0.0,0.0,0.0
1.4010864,9.297466,8.085587,0.044987276,0.1441597,-0.1957264,0.0,0.0,0.0
2.555486,10.152488,9.77647,0.088497855,0.17820598,-0.16939163,0.0,0.0,0.0
2.9578493,10.504556,9.814791,0.08088822,0.120856434,-0.22448063,0.0,0.0,0.0
2.5147705,10.7871685,8.957374,0.04703981,0.10170427,-0.11191559,0.0,0.0,0.0
-0.3903882,9.050779,11.076965,0.068941094,0.03151223,-0.21967506,0.0,0.0,0.0
-0.67539555,8.097562,11.955938,0.0619706,0.13001844,-0.21249676,0.0,0.0,0.0
1.0130934,6.0186844,10.267449,0.019045811,0.16333774,-0.14782715,0.0,0.0,0.0
2.2225783,5.50136,6.832991,0.060218796,0.09631252,-0.23644257,0.0,0.0,0.0
2.3614893,5.836663,4.7014236,-0.0022708997,0.09632228,-0.22446823,0.0,0.0,0.0
1.4370118,5.8989334,4.394861,0.039983705,0.17287087,-0.1574049,0.0,0.0,0.0
1.3986914,5.096602,4.4116263,0.013484559,0.16302375,-0.17895603,0.0,0.0,0.0
1.9255958,3.9613624,5.48699,0.057173807,0.0362204,-0.20290756,0.0,0.0,0.0
2.459685,3.417693,6.5407987,0.019019473,0.11510365,-0.11907959,0.0,0.0,0.0
2.327959,3.5877395,6.382727,0.05505633,0.12906949,-0.14062595,0.0,0.0,0.0
1.0873389,4.9529004,4.8523097,0.05475906,0.20332251,-0.085541725,0.0,0.0,0.0
0.028740235,6.1647806,4.140989,0.052764297,0.08137946,-0.14542103,0.0,0.0,0.0
-0.2778223,6.6749196,4.3469605,0.10061922,0.19104667,-0.10229969,0.0,0.0,0.0
-0.4742139,6.6342044,5.333709,-0.06439783,0.1620156,-0.24120426,0.0,0.0,0.0
-0.3161426,6.950347,5.9875493,0.017123636,0.1134665,-0.13820553,0.0,0.0,0.0
-0.18681154,7.2449346,6.3994923,0.08405633,0.07219243,-0.18609428,0.0,0.0,0.0
-0.06227051,7.7646537,6.6413894,-0.035972103,0.13025147,-0.12144089,0.0,0.0,0.0
-0.0023950196,7.829319,7.7862086,0.011494249,0.10655001,-0.21724606,0.0,0.0,0.0
0.50774413,7.999366,8.293953,0.037867438,0.14310831,-0.17893982,0.0,0.0,0.0
1.3052857,8.044871,8.523875,0.059461277,0.11916977,-0.14780426,0.0,0.0,0.0
1.949546,8.217313,8.418494,0.018580478,0.15940027,-0.13821507,0.0,0.0,0.0
2.193838,8.737032,8.871153,0.10763082,0.16197145,-0.15019226,0.0,0.0,0.0
2.0980372,10.317744,9.908196,0.014145305,0.041707143,-0.15976238,0.0,0.0,0.0
1.5926881,11.05541,9.206455,0.07905676,0.14030331,-0.121450424,0.0,0.0,0.0
-1.1855347,9.536968,9.364527,-0.0016172146,0.1284204,-0.19330311,0.0,0.0,0.0
-1.4609619,6.0617948,12.319981,0.034588303,0.06863724,-0.12145424,0.0,0.0,0.0
-1.0394385,4.3493557,11.814631,0.008457998,0.08781439,-0.18612003,0.0,0.0,0.0
-0.1341211,4.1936793,8.502319,0.016145073,0.15467179,-0.15977001,0.0,0.0,0.0
0.11256592,4.90979,6.215076,0.12176031,0.16412593,-0.22682762,0.0,0.0,0.0
0.20357667,5.599556,5.0582814,0.1217263,0.08712043,-0.14538956,0.0,0.0,0.0
-0.09101075,5.973179,4.8139896,0.068742424,0.053300634,-0.15735817,0.0,0.0,0.0
-0.46702883,5.6929617,5.879773,0.049833518,0.1783775,-0.23640442,0.0,0.0,0.0
-0.4047583,5.5492606,6.353987,0.04748752,0.19021346,-0.21245193,0.0,0.0,0.0
-0.366438,5.5947657,6.7707205,-3.3281138E-4,0.07087663,-0.12863445,0.0,0.0,0.0
0.32332766,5.824688,5.5875807,0.057420064,0.08765757,-0.2148552,0.0,0.0,0.0
0.6730005,6.1959157,4.287085,0.14379731,0.08528745,-0.09989548,0.0,0.0,0.0
0.3903882,6.9168167,4.543352,0.015468304,0.04433173,-0.16215992,0.0,0.0,0.0
0.33769777,7.1371584,5.240303,0.07551328,0.11883116,-0.166955,0.0,0.0,0.0
0.7568262,6.840176,5.345684,0.09189594,0.1953704,-0.025648117,0.0,0.0,0.0
1.0849439,6.950347,5.343289,0.055734236,0.119280845,-0.18373013,0.0,0.0,0.0
1.0657837,7.1419487,6.1073003,0.0421859,0.109621584,-0.2172575,0.0,0.0,0.0
0.5987549,7.31439,6.701265,0.047849353,0.15276009,-0.16696262,0.0,0.0,0.0
0.18920656,7.7862086,6.928792,0.06238558,0.13597094,-0.19809723,0.0,0.0,0.0
0.0047900393,8.468789,6.945557,0.036706723,0.114233956,-0.16456223,0.0,0.0,0.0
0.29698244,9.311836,7.1156034,0.010756677,0.16729183,-0.114274025,0.0,0.0,0.0
0.84065187,9.7142,7.781419,0.056564786,0.17441829,-0.12864208,0.0,0.0,0.0
2.315984,9.412427,9.002879,0.1285699,0.06880103,-0.16935253,0.0,0.0,0.0
3.781736,10.193204,9.618399,0.06657742,0.10033159,-0.13104057,0.0,0.0,0.0
2.1746778,9.5633135,8.971744,0.1080194,0.09044017,-0.10708237,0.0,0.0,0.0
0.4766089,8.054451,10.236314,0.06730847,0.15059195,-0.08792877,0.0,0.0,0.0
-0.20357667,6.1647806,12.511582,0.058332767,0.1700101,-0.07595825,0.0,0.0,0.0
0.87418216,5.130132,10.5692215,0.01027326,0.10019931,-0.14061642,0.0,0.0,0.0
1.8561403,5.216353,6.5240335,0.074758366,0.042649224,-0.111875534,0.0,0.0,0.0
2.3519094,6.3779373,3.420088,0.13024704,0.1026395,-0.10469246,0.0,0.0,0.0
2.1555176,7.079678,2.6081765,0.027989112,0.10749328,-0.107087135,0.0,0.0,0.0
2.0860622,6.7395854,3.5949244,0.06371772,0.08808212,-0.15977287,0.0,0.0,0.0
2.0357666,5.616321,5.376819,0.042454027,0.08112596,-0.16935635,0.0,0.0,0.0
2.9027638,4.3469605,6.5000834,0.05941448,0.068963975,-0.12863731,0.0,0.0,0.0
3.0728102,3.8056862,7.1203933,0.076258264,0.10031037,6.8855286E-4,0.0,0.0,0.0
1.6238233,4.773274,6.701265,0.045560226,0.13601947,-0.08313084,0.0,0.0,0.0
0.30177248,5.724097,5.750442,0.062870584,0.17154013,-0.17173767,0.0,0.0,0.0
-0.37122804,6.4138627,5.079837,0.015441386,0.09760712,-0.15976906,0.0,0.0,0.0
-0.23231691,6.6557593,4.782854,0.030424003,0.1358086,-0.11186504,0.0,0.0,0.0
0.5484595,6.595884,4.3397756,0.028036231,0.18208507,-0.2028904,0.0,0.0,0.0
1.3124708,7.2281694,4.4571314,0.030731233,0.18974459,-0.047224045,0.0,0.0,0.0
1.2621753,7.5155716,5.3384986,0.07659836,0.14214215,-0.18374538,0.0,0.0,0.0
1.0825489,7.438931,6.8856816,0.052907705,0.0700994,-0.10470581,0.0,0.0,0.0
1.0202783,7.683223,7.793394,0.06592253,0.16066563,-0.2076807,0.0,0.0,0.0
0.82388675,8.066426,7.046148,0.073032446,0.16381319,-0.11668491,0.0,0.0,0.0
0.7711963,8.837623,6.574329,0.046856962,0.12850682,-0.15980911,0.0,0.0,0.0
0.74006104,9.275911,7.062913,0.06614432,0.074025154,-0.25322628,0.0,0.0,0.0
1.0705738,9.271121,8.339458,0.044829205,0.09522155,-0.14304733,0.0,0.0,0.0
2.0860622,10.34888,9.177715,0.08791001,0.1573928,-0.21250153,0.0,0.0,0.0
1.951941,10.492581,8.0017605,0.09235726,0.11441742,-0.23645401,0.0,0.0,0.0
-0.06227051,8.799302,8.296348,0.064357065,0.10967271,-0.1358633,0.0,0.0,0.0
-0.8047266,6.9862723,10.370435,0.088253394,0.124396145,-0.15742588,0.0,0.0,0.0
-0.852627,5.872588,10.791959,0.07133811,0.071986705,-0.18856716,0.0,0.0,0.0
-0.119750984,5.479805,8.56938,0.076243766,0.21322599,-0.18856621,0.0,0.0,0.0
-0.19160157,5.7959476,7.0437527,0.08625822,0.064549595,-0.19095707,0.0,0.0,0.0
-0.32572266,6.11209,6.224656,0.12728775,0.117186666,-0.21490479,0.0,0.0,0.0
-0.44786867,6.205496,6.100115,0.04608565,0.119110286,-0.13106918,0.0,0.0,0.0
-0.28261232,5.9037232,6.6030693,0.056073822,0.027829483,-0.11190319,0.0,0.0,0.0
0.14849122,5.724097,6.816226,0.055846013,0.027552351,-0.11189747,-0.005722296,-0.06286632,9.695232
0.7065308,5.6426663,6.351592,0.08703114,0.099509984,-0.22925472,0.0,0.0,0.0
1.0418335,6.05461,5.350474,0.07790683,0.08051497,-0.12387657,0.0,0.0,0.0
0.9484278,6.615044,4.591253,0.049693905,0.089680895,-0.11907768,0.0,0.0,0.0
0.60833496,6.950347,4.2918754,0.03540596,0.060973436,-0.123867035,0.0,0.0,0.0
0.60354495,7.1706886,3.7529957,0.04542783,0.16162874,-0.03525257,0.0,0.0,0.0
1.092129,6.9216065,4.054768,0.023498058,0.16873471,-0.20050812,0.0,0.0,0.0
1.2478052,6.8976564,4.8499146,0.09346173,0.18782686,-0.18134499,0.0,0.0,0.0
0.9651929,7.1203933,5.589976,0.021966282,0.1637373,-0.17655182,0.0,0.0,0.0
0.8262818,7.4748564,6.5360084,0.10440913,0.07739794,-0.1765461,0.0,0.0,0.0
0.57001466,7.7622585,7.2114043,0.08508413,0.090553865,-0.20531178,0.0,0.0,0.0
0.21315674,8.471185,7.316785,0.039641872,0.14129095,-0.13107586,0.0,0.0,0.0
0.24668702,9.237591,7.0269876,0.030195044,0.079349294,-0.17898178,0.0,0.0,0.0
0.95561284,9.637559,7.534732,0.04206351,0.21233925,-0.13824368,0.0,0.0,0.0
2.6345215,10.40157,8.2197075,0.05411652,0.14505988,-0.17895508,0.0,0.0,0.0
2.6369166,10.37762,7.038963,0.08042157,0.20080313,-0.10472298,0.0,0.0,0.0
0.7568262,8.53585,9.129815,0.08721097,0.12816612,-0.056806564,0.0,0.0,0.0
-0.23950197,7.096443,12.569063,0.092244476,0.059112772,-0.29871178,0.0,0.0,0.0
0.45744875,5.9540186,12.317586,0.07498678,0.11145845,-0.09033871,0.0,0.0,0.0
2.543511,5.7145166,5.9635987,0.060919426,0.06402585,-0.18614864,0.0,0.0,0.0
3.180586,6.229446,3.5877395,0.025587756,0.066201314,-0.1238718,0.0,0.0,0.0
2.5267458,6.6485744,4.3014555,0.050545745,0.14290588,-0.19093132,0.0,0.0,0.0
1.7914747,6.1480155,5.4103494,0.08682717,0.13547689,-0.095124245,0.0,0.0,0.0
1.7579445,5.2666483,6.464158,0.120879926,0.17865133,-0.09033394,0.0,0.0,0.0
1.8824854,4.8379397,7.5395217,0.040015317,0.16200095,-0.22206116,0.0,0.0,0.0
1.477727,5.151687,7.6496925,0.027969925,0.011283204,-0.16937447,0.0,0.0,0.0
0.20118165,6.198311,6.4976883,0.10988538,0.16974926,-0.085556984,0.0,0.0,0.0
-0.26584718,6.6988697,5.470225,0.13867977,0.2319389,-0.090343475,0.0,0.0,0.0
0.035925295,6.502478,5.245093,0.104947336,0.052704275,-0.085562706,0.0,0.0,0.0
0.49576905,6.3923073,4.687053,0.059945155,0.16790237,-0.14783669,0.0,0.0,0.0
0.8765772,6.318062,4.3182206,0.04832936,0.11024983,-0.20531273,0.0,0.0,0.0
1.2981006,6.6030693,4.4906616,0.022353582,0.1361792,-0.11908245,0.0,0.0,0.0
1.2597803,6.7371902,5.221143,0.03985142,0.14851497,-0.12866783,0.0,0.0,0.0
1.463357,6.8976564,6.1623855,0.093054034,0.20869252,-0.13825321,0.0,0.0,0.0
1.5807129,7.0245924,6.957532,0.1167018,0.11517386,-0.14783096,0.0,0.0,0.0
2.0501368,7.27128,7.101233,0.12639615,0.0861208,-0.111899376,0.0,0.0,0.0
2.2537134,7.6401124,7.3934255,0.035124596,0.114754885,-0.15979862,0.0,0.0,0.0
2.0573218,8.440049,8.095166,0.068616994,0.11895004,-0.17415619,0.0,0.0,0.0
1.8369801,9.125025,9.115445,0.105489224,0.123736694,-0.11427784,0.0,0.0,0.0
1.9232007,10.253079,9.79084,0.093095526,0.200553,-0.14781284,0.0,0.0,0.0
0.80233157,10.30577,8.696317,0.06239242,0.10982366,-0.19571781,0.0,0.0,0.0
-0.53169435,8.710687,9.968072,0.01279445,0.18614496,-0.14541435,0.0,0.0,0.0
-0.9053174,6.447393,12.509188,0.05909788,0.15974788,-0.13582993,0.0,0.0,0.0
0.22992188,4.9457154,10.011182,0.04970312,0.2556687,-0.12146187,0.0,0.0,0.0
0.8047266,5.2666483,6.9000516,0.06633645,0.10954085,-0.12146187,0.059852265,-0.11539994,9.6872635
0.94603276,5.7887626,6.016289,0.0691971,0.10240984,-0.066376686,0.052959356,-0.112784676,9.742177
0.2778223,6.7324004,5.5803957,0.09318827,0.09562197,-0.17655468,0.034328576,-0.13133645,9.631804
0.026345216,6.816226,6.0522146,0.11685737,0.13396509,-0.11189079,0.0,0.0,0.0
-0.244292,6.6246243,7.2688847,0.040281493,0.13904464,-0.20530319,0.09746022,-0.11219034,9.604117
0.21076173,6.473738,7.220984,0.023711655,0.19162774,-0.16458511,0.14955881,-0.12720615,9.645958
1.0777588,6.4905033,6.11688,0.04542172,0.08612427,-0.1478157,0.04868632,-0.08716026,9.660491
2.074087,6.5168486,4.761299,0.06287364,0.16743466,-0.2052927,0.0,0.0,0.0
1.9303858,6.2438164,4.6104126,0.0754479,0.15594469,-0.19571972,0.0,0.0,0.0
1.7579445,6.1480155,5.2019825,0.08269462,0.06747344,-0.114292145,0.0,0.0,0.0
1.8800904,5.745652,5.5061502,0.035140734,0.11517924,-0.138237,0.0,0.0,0.0
1.7818946,5.6714063,5.51094,0.12397215,0.064918965,-0.14302635,0.0,0.0,0.0
1.6238233,5.647456,5.951624,0.17651293,0.098421335,-0.16697693,0.0,0.0,0.0
1.7603394,5.6905665,6.8976564,0.04025323,0.11026041,-0.14062786,0.0,0.0,0.0
1.8848804,5.7983427,7.1539235,0.06671274,0.07640523,-0.09751034,0.0,0.0,0.0
2.3902297,6.591094,7.2976246,0.13596337,0.08637984,-0.1693697,0.0,0.0,0.0
2.4932153,7.7454934,8.028106,0.12428863,0.14395061,-0.13823605,0.0,0.0,0.0
2.7614577,8.698711,8.986114,-0.014340006,0.10838576,-0.17656231,0.0,0.0,0.0
3.8416114,9.390872,9.807606,0.019436426,0.2500674,-0.11429882,0.0,0.0,0.0
4.028423,10.054293,9.798025,0.11548152,0.075170755,-0.25320816,0.0,0.0,0.0
2.792593,8.799302,11.053016,0.09647119,0.060750768,-0.09752941,0.0012251227,-0.114784494,9.710046
2.682422,7.6113725,12.942686,0.11121284,0.10360038,-0.07357311,0.028335823,-0.15017258,9.734819
2.682422,7.6113725,12.942686,0.018559063,0.094049856,-0.22685242,0.0,0.0,0.0
4.1984696,5.0367265,8.468789,0.085500926,0.09210296,-0.17417145,0.0,0.0,0.0
1.9974464,4.639153,5.247488,0.75756466,-2.0030956,-1.8598051,-1.041616,0.39265594,7.1978135
1.7794995,5.295388,4.792434,0.499431,-1.3649473,-2.2907672,0.0,0.0,0.0
1.3747413,5.5803957,5.0750465,0.095018625,-1.1039314,-1.9855819,0.0,0.0,0.0
0.62031007,5.6905665,5.8917484,-0.6247084,-1.0076804,-1.16189,0.0,0.0,0.0
-0.19639161,5.5324955,7.031778,-1.3837838,-1.160666,-0.03660822,0.0,0.0,0.0
-0.974773,5.719307,8.657996,-2.0890205,-0.95159817,1.5567379,0.0,0.0,0.0
-0.9148975,5.8845634,8.686736,-1.8763955,-0.71210384,1.4943871,0.0,0.0,0.0
0.043110352,5.7696023,7.453301,-0.92009085,-0.82140017,0.25598717,0.0,0.0,0.0
1.0729688,6.1144853,6.1791506,0.13896364,-0.45262527,-1.0438051,0.0,0.0,0.0
1.8058448,6.4210477,5.4534597,0.80968004,-0.17181492,-1.7376609,0.0,0.0,0.0
2.1028273,6.8042507,5.3169436,1.0573304,0.1888175,-1.8463922,0.0,0.0,0.0
2.064507,7.046148,5.4438796,0.9953189,0.41055632,-1.6972804,0.0,0.0,0.0
1.2525953,7.5946074,6.205496,0.18645775,0.9218211,-0.90137863,0.0,0.0,0.0
1.5495777,7.879615,6.5216384,0.49578905,1.1366086,-0.52050495,0.0,0.0,0.0
2.1818628,8.116721,6.1312504,1.1304176,1.33712,-0.8760214,0.0,0.0,0.0
2.3734643,8.50711,6.325247,1.2996491,1.6898575,-0.6419902,0.0,0.0,0.0
2.3519094,8.957374,6.950347,1.2626978,2.112863,0.012286663,0.0,0.0,0.0
2.5914114,9.642349,7.326365,1.5038472,2.779953,0.4057355,0.0,0.0,0.0
2.7111623,9.75731,7.189849,1.6402144,2.8780136,0.28342152,0.0,0.0,0.0
2.0190015,9.031619,8.061636,0.9877237,2.139732,1.1617265,0.0,0.0,0.0
0.9651929,7.407796,10.253079,-1.3917685E-4,0.536664,3.3229947,0.0,0.0,0.0
0.9412427,5.343289,11.215877,0.035645545,-1.4733071,4.2241454,0.0,0.0,0.0
1.829795,4.888235,7.7574687,0.9242636,-1.9054117,0.7434273,0.0,0.0,0.0
1.9567311,5.625901,4.84752,0.9937044,-1.229662,-2.0982862,0.0,0.0,0.0
2.3614893,6.7371902,2.799778,1.3874621,-0.27134037,-3.9900799,0.0,0.0,0.0
2.0046315,7.6496925,2.5339308,1.0787088,0.48187017,-4.0944467,0.0,0.0,0.0
1.2837305,8.025711,3.175796,0.4315309,0.74590826,-3.3394651,0.0,0.0,0.0
0.977168,7.975415,4.5936475,0.18235737,0.6599741,-1.8888664,0.0,0.0,0.0
1.456172,7.7598634,5.841453,0.660265,0.48378086,-0.6850734,0.0,0.0,0.0
2.2800586,7.446116,6.564749,1.4114935,0.23032999,-0.019203663,0.0,0.0,0.0
3.0776002,7.438931,7.2640944,2.105782,0.33003855,0.57906485,0.0,0.0,0.0
2.694397,7.6664577,7.223379,1.6398636,0.65285635,0.45080614,0.0,0.0,0.0
1.5783179,7.798184,7.2736745,0.48965728,0.8321724,0.45752525,0.0,0.0,0.0
0.47900394,8.0305,7.1299734,-0.5866803,1.0628614,0.31185627,0.0,0.0,0.0
0.17723145,7.6113725,7.0245924,-0.8386562,0.6083665,0.23516846,0.0,0.0,0.0
0.5364844,7.0509377,7.1060233,-0.4387141,-0.001440525,0.36188936,0.0,0.0,0.0
1.2334352,6.5240335,6.816226,0.26845407,-0.57522345,0.11997604,0.0,0.0,0.0
1.7292042,6.6749196,6.332432,0.741157,-0.46540928,-0.3166175,0.0,0.0,0.0
1.9208057,7.350315,5.7863674,0.8864162,0.16714573,-0.8092761,0.0,0.0,0.0
2.2872438,8.171807,6.133645,1.2117534,0.9356742,-0.3972125,0.0,0.0,0.0
2.4069948,9.740545,7.103628,1.2502238,2.4102998,0.6927171,0.0,0.0,0.0
0.79993653,10.310559,6.1623855,-0.33496094,2.9198508,-0.18267727,0.0,0.0,0.0
-1.9567311,9.841136,6.3970976,-3.0503721,2.3866715,0.11973381,0.0,0.0,0.0
-1.1879297,8.667576,11.141631,-2.1601999,1.16119,4.906308,0.0,0.0,0.0
1.6166383,7.7359133,8.566985,0.5882666,0.22790718,2.3426232,0.0,0.0,0.0
3.2332766,7.5323367,4.88105,2.0349796,-0.034747124,-1.2405281,0.0,0.0,0.0
4.416416,7.2353544,3.0704153,3.2181191,-0.3317294,-3.051163,0.0,0.0,0.0
4.2799,6.2438164,3.63564,2.8007388,-1.4189372,-2.302769,0.0,0.0,0.0
3.7314405,5.216353,4.3565407,2.127649,-2.5147524,-1.4596663,0.0,0.0,0.0
2.9650342,4.5409575,5.43909,1.3612428,-3.1901479,-0.37711716,0.0,0.0,0.0
2.2106032,4.387676,5.992339,0.60027516,-3.2651134,0.075240135,0.0,0.0,0.0
1.707649,5.1708474,5.853428,0.097320914,-2.4819417,-0.06367111,0.0,0.0,0.0
1.1520045,6.1240654,5.151687,-0.43767858,-1.4805489,-0.8327217,0.0,0.0,0.0
0.9388477,6.828201,4.9720607,-0.6116803,-0.74493504,-1.0623302,0.0,0.0,0.0
0.75203615,6.8497562,4.993616,-0.74596435,-0.70652676,-1.0750728,0.0,0.0,0.0
0.32332766,7.4006104,5.518125,-1.111057,-0.14649725,-0.57729197,0.0,0.0,0.0
0.39517823,7.6113725,5.5229154,-0.97607815,0.06935358,-0.5932927,0.0,0.0,0.0
0.2778223,7.7430983,5.9324636,-1.0457195,0.23211908,-0.23226023,0.0,0.0,0.0
0.3520679,7.7862086,6.440208,-0.9714739,0.27522945,0.27548409,0.0,0.0,0.0
0.6322852,8.174202,6.607859,-0.72789043,0.7314477,0.3688116,0.0,0.0,0.0
0.93405765,8.674761,6.4162574,-0.45827824,1.2492437,0.16377878,0.0,0.0,0.0
1.1543995,9.3309965,6.70845,-0.24843955,1.8950615,0.4707179,0.0,0.0,0.0
0.613125,9.898616,7.173084,-0.7633566,2.428917,0.96991587,0.0,0.0,0.0
0.22513184,10.289004,7.692803,-1.1069701,2.7779183,1.5300541,0.0,0.0,0.0
0.5005591,10.696157,8.111932,-0.8002161,3.1570172,1.9768076,0.0,0.0,0.0
0.7161109,10.952425,7.829319,-0.5840464,3.4034467,1.7061739,0.0,0.0,0.0
0.34727785,9.874666,8.313113,-0.97655463,2.3288026,2.1912012,0.0,0.0,0.0
-0.8047266,7.6017923,9.7621,-2.1465065,0.07574415,3.6197371,0.0,0.0,0.0
-0.45984375,6.0043144,9.0148535,-1.8066716,-1.4954782,2.8415594,0.0,0.0,0.0
0.6825806,5.6666164,6.2581863,-0.6930829,-1.8364105,0.09519005,0.0,0.0,0.0
0.5748047,6.1863356,5.1852174,-0.7900143,-1.3102188,-0.98806,0.0,0.0,0.0
-0.4143384,6.871311,5.1468973,-1.753998,-0.6845856,-0.95917606,0.0,0.0,0.0
-0.7089258,7.2640944,4.6774735,-1.9791615,-0.33178043,-1.3937354,0.0,0.0,0.0
-1.0849439,7.199429,4.703819,-2.2993865,-0.40201473,-1.3718362,0.0,0.0,0.0
-1.2046949,7.1778736,5.376819,-2.3885226,-0.3889594,-0.7478843,0.0,0.0,0.0
-0.19878663,6.962322,5.1468973,-1.3770626,-0.53799915,-1.0601339,0.0,0.0,0.0
0.7496411,6.744375,4.505032,-0.46464008,-0.68294764,-1.7823191,0.0,0.0,0.0
0.86939216,6.8689165,4.3541455,-0.40196836,-0.5011568,-1.9890432,0.0,0.0,0.0
0.50774413,6.9862723,4.631968,-0.79968625,-0.3494134,-1.7436686,0.0,0.0,0.0
0.21315674,6.964717,4.984036,-1.1058816,-0.35606098,-1.4063268,0.0,0.0,0.0
0.7089258,6.6916847,5.3935843,-0.6152851,-0.62453175,-1.0009322,0.0,0.0,0.0
1.5112574,6.7324004,5.372029,0.1634798,-0.5814986,-1.0202136,0.0,0.0,0.0
2.0453467,7.2521195,5.345684,0.65303075,-0.05711794,-1.0423436,0.0,0.0,0.0
1.7890797,7.9155397,5.48699,0.354635,0.60920715,-0.89503765,0.0,0.0,0.0
1.2502003,8.210127,6.1791506,-0.2019614,0.8864713,-0.1789689,0.0,0.0,0.0
1.4226416,8.600515,7.046148,0.0021544695,1.2721553,0.6862936,0.0,0.0,0.0
1.5974782,9.201666,7.8844047,0.2144686,1.8785295,1.5102887,0.0,0.0,0.0
1.7842896,9.898616,7.541917,0.42471457,2.5850978,1.1517363,0.0,0.0,0.0
1.9806812,10.171648,8.372989,0.63111496,2.8535652,1.9859133,0.0,0.0,0.0
2.1148024,10.47821,8.952583,0.785038,3.1414285,2.5828319,0.0,0.0,0.0
1.9040406,11.184742,8.052056,0.602664,3.817051,1.7121873,0.0,0.0,0.0
0.9029224,9.845925,7.194639,-0.38824022,2.4236317,0.91667414,0.0,0.0,0.0
-0.05508545,8.020921,8.205338,-1.3429585,0.5304365,2.0082083,0.0,0.0,0.0
1.4106666,6.943162,6.219866,0.115787625,-0.6060257,0.09585905,0.0,0.0,0.0
2.7782228,6.0593996,3.8104763,1.4146178,-1.5486088,-2.225183,0.0,0.0,0.0
2.8788135,5.654641,5.376819,1.406161,-2.0160465,-0.5529556,0.0,0.0,0.0
2.8548634,5.7624173,6.375542,1.3225087,-1.9333596,0.49359417,0.0,0.0,0.0
3.3865578,5.6977515,5.374424,1.8407376,-1.9742646,-0.534976,0.0,0.0,0.0
2.7590625,5.702542,5.4462748,1.1912653,-1.9126563,-0.5304432,0.0,0.0,0.0
1.5423926,6.100115,6.2677665,-0.019542933,-1.4346356,0.18843365,0.0,0.0,0.0
0.80712163,6.1887307,7.5299416,-0.70337915,-1.2378464,1.3062191,0.0,0.0,0.0
0.6610254,6.229446,7.197034,-0.77459764,-1.0762167,0.8145046,0.0,0.0,0.0
0.9484278,6.2510014,6.0210795,-0.2990154,-0.82407,-0.6540718,0.0,0.0,0.0
0.40954837,6.471343,5.257068,-0.78233695,-0.5768366,-1.4565716,0.0,0.0,0.0
-0.4406836,6.7611403,5.118157,-1.5653205,-0.31320238,-1.5795488,0.0,0.0,0.0
-0.54366946,6.8521514,5.3001785,-1.5912027,-0.2677951,-1.361609,0.0,0.0,0.0
-0.033530276,6.9168167,5.815108,-1.0243766,-0.24347544,-0.8120203,0.0,0.0,0.0
0.13651612,7.182664,5.3145485,-0.83845794,-0.01061964,-1.2791214,0.0,0.0,0.0
-0.10777588,7.2329593,5.5229154,-1.1080586,0.007344246,-1.031497,0.0,0.0,0.0
-0.011975098,7.33355,6.1695704,-1.0454906,0.0789423,-0.34755373,0.0,0.0,0.0
0.3520679,7.5970025,6.337222,-0.7046252,0.32126856,-0.15257597,0.0,0.0,0.0
0.6825806,8.401729,5.7959476,-0.393489,1.1158404,-0.6792593,0.0,0.0,0.0
0.5460645,9.472302,5.997129,-0.55912864,2.1798077,-0.465724,0.0,0.0,0.0
0.6490503,10.669812,7.192244,-0.47160095,3.3630614,0.7481823,0.0,0.0,0.0
1.0562036,12.068504,7.448511,-0.0566597,4.7715487,0.992013,0.0,0.0,0.0
0.016765138,11.304493,7.429351,-1.0780932,4.0252595,0.949811,0.0,0.0,0.0
-1.456172,9.575289,7.8508744,-2.5422676,2.3032646,1.3617721,0.0,0.0,0.0
-1.8513502,8.090376,8.986114,-2.9232144,0.8258524,2.4862518,0.0,0.0,0.0
-1.0801538,5.3313136,9.778865,-2.141529,-1.9015555,3.2420864,0.0,0.0,0.0
-0.6610254,4.926555,8.389753,-1.7390963,-2.2555776,1.7999797,0.0,0.0,0.0
-0.48618898,5.2905984,7.7167535,-1.6096997,-1.8564115,1.0964537,0.0,0.0,0.0
-0.3879932,6.5288234,6.5096636,-1.3953367,-0.45855713,-0.29710913,0.0,0.0,0.0
-0.68976563,7.27128,5.43909,-1.6773751,0.3102212,-1.3974795,0.0,0.0,0.0
-0.91250247,7.278465,5.252278,-1.9016008,0.31584978,-1.5824909,0.0,0.0,0.0
-0.4239185,6.8018556,5.5420756,-1.4177219,-0.15097713,-1.3019629,0.0,0.0,0.0
0.58198977,6.4258375,5.4582496,-0.42448914,-0.49132824,-1.4199934,0.0,0.0,0.0
1.3699512,6.0330544,4.643943,0.33503473,-0.8438339,-2.270372,0.0,0.0,0.0
1.5495777,6.2653713,4.2032595,0.4729712,-0.59775114,-2.7183628,0.0,0.0,0.0
1.5447876,6.6198344,4.253555,0.4334334,-0.26694393,-2.6390185,0.0,0.0,0.0
2.0932472,6.2749515,4.5529323,0.9704509,-0.662045,-2.287229,0.0,0.0,0.0
2.4453151,6.358777,4.8139896,1.3187121,-0.6342902,-1.968205,0.0,0.0,0.0
2.804568,6.4138627,4.6199927,1.6610751,-0.62560415,-2.1111827,0.0,0.0,0.0
2.198628,7.1084185,5.0702567,0.99564826,0.015412807,-1.5940137,0.0,0.0,0.0
1.81782,7.6209526,6.085745,0.61484027,0.52794695,-0.57852554,0.0,0.0,0.0
1.8633252,8.6627865,6.871311,0.6799972,1.57129,0.20191765,0.0,0.0,0.0
1.9854712,9.745335,6.9383717,0.8369925,2.6511059,0.26579332,0.0,0.0,0.0
1.6669337,10.763218,6.67971,0.5508293,3.644772,0.027459145,0.0,0.0,0.0
1.5567628,10.799144,7.4054008,0.4687934,3.6494722,0.78203917,0.0,0.0,0.0
2.3471193,10.9069195,8.346643,1.2758551,3.73844,1.7409124,0.0,0.0,0.0
2.1291726,11.515254,7.335945,1.052778,4.3315063,0.7476573,0.0,0.0,0.0
0.1341211,10.162068,7.6425076,-0.9400559,2.9499273,1.0849504,0.0,0.0,0.0
-0.8813672,8.744217,9.965676,-1.9555442,1.5320759,3.4081192,0.0,0.0,0.0
-0.44307864,7.1299734,9.865086,-1.4296672,-0.111650944,3.3262854,0.0,0.0,0.0
1.4202466,6.5072684,6.1504107,0.39089298,-0.76832104,-0.34394217,0.0,0.0,0.0
1.7890797,6.6270194,4.9385304,0.75972605,-0.64857006,-1.5558224,0.0,0.0,0.0
1.6046631,6.6677346,4.7972245,0.4123435,-0.7332206,-1.5253258,0.0,0.0,0.0
2.1722827,6.05461,4.703819,0.93838155,-1.3672624,-1.5861497,0.0,0.0,0.0
3.0129347,5.0989966,4.711004,1.7211453,-2.2934113,-1.6019969,0.0,0.0,0.0
3.4727786,4.399651,5.5420756,2.1048605,-2.905981,-0.85534,0.0,0.0,0.0
3.0344899,4.4834766,5.733677,1.6665719,-2.8221555,-0.6637387,0.0,0.0,0.0
1.8968556,5.007986,5.4175344,0.4673159,-2.17589,-1.1031046,0.0,0.0,0.0
1.8968556,5.007986,5.4175344,0.4673159,-2.17589,-1.1031046,0.0,0.0,0.0
1.8968556,5.007986,5.4175344,0.4673159,-2.17589,-1.1031046,0.0,0.0,0.0
1.8968556,5.007986,5.4175344,0.4673159,-2.17589,-1.1031046,0.0,0.0,0.0
-0.6179151,6.701265,5.362449,-1.8444135,-0.30502176,-1.3887029,0.0,0.0,0.0
-0.6777906,6.976692,5.3792143,-1.7848,-0.04772997,-1.3737416,0.0,0.0,0.0
-0.5460645,7.1132083,5.961204,-1.6614255,0.09476185,-0.79658985,0.0,0.0,0.0
0.40715334,6.844966,6.6294146,-0.7413857,-0.15009594,-0.14704275,0.0,0.0,0.0
1.7028589,7.103628,6.200706,0.4932537,0.14405107,-0.60161257,0.0,0.0,0.0
2.4261549,8.159832,5.1660576,1.1106883,1.2287068,-1.6456556,0.0,0.0,0.0
2.6488917,9.618399,5.3408937,1.1293321,2.5490513,-1.2837315,0.0,0.0,0.0
2.3016138,9.965676,6.3923073,0.74659264,2.8553739,-0.18005133,0.0,0.0,0.0
1.705254,10.169253,9.599238,0.17964625,3.0338488,3.0472226,0.0,0.0,0.0
2.1004322,11.306888,9.898616,0.6226772,4.157461,3.3509183,0.0,0.0,0.0
1.4920973,11.223062,7.3527102,0.037000537,4.044605,0.8317561,0.0,0.0,0.0
-0.3879932,10.202784,7.3311553,-1.84203,2.9576187,0.8841591,0.0,0.0,0.0
-1.1448194,7.688013,9.137,-2.554706,0.3688798,2.7641754,0.0,0.0,0.0
-0.33769777,5.8127127,9.342972,-1.6569463,-1.5361795,2.9850044,0.0,0.0,0.0
0.48379397,5.49178,7.182664,-0.7891251,-1.8415985,0.79739714,0.0,0.0,0.0
0.5748047,6.320457,5.712122,-0.703607,-0.97503614,-0.7153053,0.0,0.0,0.0
0.18441652,7.1371584,4.766089,-1.0989143,-0.13713789,-1.6843438,0.0,0.0,0.0
-0.12693603,7.2114043,4.878655,-1.3622,-0.052425385,-1.5929203,0.0,0.0,0.0
-0.22992188,6.5000834,6.0330544,-1.3785632,-0.73462105,-0.4869194,0.0,0.0,0.0
0.34488282,5.6857767,7.4652762,-0.7127782,-1.4803286,0.8547783,0.0,0.0,0.0
0.50774413,5.7791824,7.0988383,-0.4918887,-1.2845421,0.37017393,0.0,0.0,0.0
0.34488282,6.4210477,5.5540504,-0.6397792,-0.52809715,-1.2950525,0.0,0.0,0.0
0.2203418,7.053333,4.3086405,-0.7879988,0.15561724,-2.5888348,0.0,0.0,0.0
0.55324954,7.0126176,3.647615,-0.46128267,0.08995485,-3.2239099,0.0,0.0,0.0
0.97956306,6.74198,3.6092947,-0.0074443817,-0.25648737,-3.1890633,0.0,0.0,0.0
1.5591577,6.4593678,3.999683,0.61516565,-0.6278925,-2.7122478,0.0,0.0,0.0
1.6334034,6.662945,4.493057,0.7196117,-0.4918971,-2.1510096,0.0,0.0,0.0
1.3052857,7.077283,4.720584,0.4017164,-0.108403206,-1.8915162,0.0,0.0,0.0
1.2621753,7.7383084,5.5803957,0.36944085,0.5446286,-1.0244799,0.0,0.0,0.0
1.6836988,8.571775,6.207891,0.8217711,1.3789248,-0.40197802,0.0,0.0,0.0
1.6717237,9.75731,6.7874856,0.85228395,2.557382,0.17991781,0.0,0.0,0.0
1.2765454,10.37283,7.814949,0.508181,3.176691,1.1971254,0.0,0.0,0.0
1.0298585,10.952425,8.758587,0.31708723,3.7702003,2.11946,0.0,0.0,0.0
2.0525317,11.280542,8.741821,1.3954147,4.1133313,2.0807633,0.0,0.0,0.0
1.3028907,10.212363,7.321575,0.68405265,3.048935,0.65278816,0.0,0.0,0.0
0.06466553,8.329878,9.869876,-0.5487715,1.1513443,3.2168508,0.0,0.0,0.0
0.43110353,6.6821046,11.929593,-0.17650628,-0.5142927,5.295358,0.0,0.0,0.0
1.3867164,6.1935205,8.109536,0.81442016,-0.9817548,1.4493341,0.0,0.0,0.0
1.6142433,6.552774,5.3792143,1.0442111,-0.6088104,-1.2959003,0.0,0.0,0.0
1.8274,6.725215,4.9289503,1.1850562,-0.47711325,-1.6955686,0.0,0.0,0.0
1.7723145,6.0498195,5.6522465,1.0764954,-1.2134676,-0.8999195,0.0,0.0,0.0
2.2417383,5.1612673,6.104905,1.5229647,-2.122007,-0.4225502,0.0,0.0,0.0
2.4932153,4.4451566,6.6413894,1.7525551,-2.7989264,0.07289839,0.0,0.0,0.0
2.3255641,4.7325587,6.67971,1.5373864,-2.416514,0.013382435,0.0,0.0,0.0
1.7244141,5.479805,5.8270826,0.880483,-1.5420494,-0.966424,0.0,0.0,0.0
0.60594,6.3707523,5.015171,-0.27551025,-0.5311713,-1.8954649,0.0,0.0,0.0
0.1580713,6.6174393,5.015171,-0.72432035,-0.20641804,-1.9724422,0.0,0.0,0.0
0.11496094,6.3970976,5.3408937,-0.71859694,-0.394917,-1.6836419,0.0,0.0,0.0
0.0023950196,6.461763,6.0330544,-0.7582002,-0.32425117,-1.0055466,0.0,0.0,0.0
0.0071850587,6.4330225,6.375542,-0.68971324,-0.3539834,-0.668695,0.0,0.0,0.0
-0.07185059,6.4593678,6.7659307,-0.727831,-0.310925,-0.29829025,0.0,0.0,0.0
-0.19639161,6.6413894,7.168294,-0.8654953,-0.11967039,0.09646511,0.0,0.0,0.0
0.21794678,6.7850904,7.096443,-0.46335965,0.019131184,0.03046751,0.0,0.0,0.0
0.64186525,7.4748564,6.0522146,-0.054011166,0.6778803,-0.98250294,0.0,0.0,0.0
0.8286768,8.140672,5.4295096,0.11206788,1.2833409,-1.5442891,0.0,0.0,0.0
0.45744875,9.096285,7.0150127,-0.26271918,2.0722284,0.20954561,0.0,0.0,0.0
0.5388794,9.841136,7.793394,-0.15175688,2.7313294,1.07446,0.0,0.0,0.0
1.0274634,10.540482,7.9083548,0.3749795,3.4116979,1.2057357,0.0,0.0,0.0
0.852627,11.508069,6.085745,0.22215289,4.3672237,-0.6061325,0.0,0.0,0.0
-1.0011182,9.129815,7.527547,-1.6134963,1.9669423,0.8575673,0.0,0.0,0.0
-2.201023,6.4976883,11.55118,-2.7564743,-0.6790085,4.8910823,0.0,0.0,0.0
-1.8633252,5.1636624,11.977493,-2.3120508,-1.9682145,5.2614403,0.0,0.0,0.0
-0.98435307,5.3121533,7.592212,-1.3385609,-1.7297072,0.7762661,0.0,0.0,0.0
-1.2502003,5.965994,6.205496,-1.6004263,-1.0248108,-0.6630106,0.0,0.0,0.0
-1.6070582,6.7850904,6.219866,-1.9389588,-0.1519432,-0.7038474,0.0,0.0,0.0
-1.6453785,6.7563505,6.200706,-1.9217625,-0.14296532,-0.76301765,0.0,0.0,0.0
-1.6190332,6.9383717,6.382727,-1.8624082,0.10255337,-0.64455986,0.0,0.0,0.0
-0.72569096,6.662945,6.5264287,-0.92946565,-0.09981346,-0.57244205,0.0,0.0,0.0
0.39757326,6.215076,5.5612354,0.17832275,-0.47642136,-1.6043892,0.0,0.0,0.0
1.1879297,5.863008,4.854705,0.86021346,-0.77138376,-2.3597136,0.0,0.0,0.0
1.5304176,5.858218,4.4571314,1.0855159,-0.74835396,-2.7765164,0.0,0.0,0.0
1.3675562,5.8127127,4.996011,0.82113665,-0.7824478,-2.2410927,0.0,0.0,0.0
1.463357,5.7887626,5.621111,0.843658,-0.799417,-1.6164474,0.0,0.0,0.0
1.9279908,5.752837,5.48699,1.2501967,-0.83476067,-1.7458897,0.0,0.0,0.0
2.323169,5.944439,5.5636306,1.5811702,-0.6503844,-1.6563511,0.0,0.0,0.0
2.3064039,5.997129,6.696475,1.5035642,-0.59774923,-0.5169449,0.0,0.0,0.0
2.2321582,6.2821364,7.965835,1.3830752,-0.29259443,0.73933077,0.0,0.0,0.0
2.0980372,6.976692,8.435259,1.1316837,0.4511552,1.1789565,0.0,0.0,0.0
1.8465601,8.188572,7.5874224,0.85192406,1.6660185,0.33225918,0.0,0.0,0.0
1.8513502,9.0891,6.806646,0.84240866,2.5270462,-0.41082478,0.0,0.0,0.0
2.1411476,9.426797,7.0126176,1.1374099,2.7976532,-0.14401293,0.0,0.0,0.0
2.7758276,9.953702,8.509504,1.8594108,3.2474985,1.4132085,0.0,0.0,0.0
1.2813355,10.181229,8.140672,0.4162774,3.4767823,1.0362744,0.0,0.0,0.0
-0.28979737,9.127419,9.448353,-1.0707314,2.440454,2.3177829,0.0,0.0,0.0
-1.1831397,7.110813,12.626543,-1.839498,0.4608178,5.448999,0.0,0.0,0.0
0.07903565,5.8677983,9.953702,-0.49642396,-0.7766094,2.764051,0.0,0.0,0.0
1.8776954,5.7145166,6.0019193,1.2637985,-0.99784994,-1.1211176,0.0,0.0,0.0
2.5051906,5.9300685,4.478687,1.8412056,-0.8729701,-2.5532532,0.0,0.0,0.0
2.435735,6.1480155,5.2115626,1.7727413,-0.6912465,-1.7852464,0.0,0.0,0.0
2.201023,5.609136,5.6282964,1.5441818,-1.1961641,-1.4021254,0.0,0.0,0.0
2.5459058,4.8139896,6.2342362,1.8603945,-1.9001861,-0.88055897,0.0,0.0,0.0
2.5027955,4.3349857,7.680828,1.7864428,-2.250135,0.44940948,0.0,0.0,0.0
2.7087672,4.239185,7.6161623,1.9509389,-2.2165866,0.27319956,0.0,0.0,0.0
2.215393,4.6750784,6.5312185,1.4468107,-1.715107,-0.86778116,0.0,0.0,0.0
0.6849756,6.013894,5.158872,-0.04249388,-0.37739706,-2.2433286,0.0,0.0,0.0
0.39996827,6.1695704,4.912185,-0.25494498,-0.2607293,-2.462957,0.0,0.0,0.0
0.41912845,6.0617948,5.1924024,-0.1612955,-0.41369295,-2.149365,0.0,0.0,0.0
0.021555176,6.10251,5.989944,-0.5061334,-0.4008422,-1.3311448,0.0,0.0,0.0
-0.25866213,6.346802,6.495293,-0.7678361,-0.16759968,-0.8172779,0.0,0.0,0.0
-0.4047583,6.559959,7.0221977,-0.92105234,0.041495323,-0.28625393,0.0,0.0,0.0
-0.11496094,6.8114357,7.2545147,-0.6518432,0.28638792,-0.046574116,0.0,0.0,0.0
0.18441652,7.216194,6.935977,-0.37679785,0.6724696,-0.34654284,0.0,0.0,0.0
