-5.3128834,-12.87467,0.4563947,-2.1384711,-3.5969887,0.31977555,0.38931078,0.80937,13.906311
-5.3128834,-12.87467,0.4563947,-2.1384711,-3.5969887,0.31977555,0.38931078,0.80937,13.906311
-5.2027497,-11.921778,-1.7175405,-2.2361844,-2.583194,-1.3151649,-0.93998975,1.5301875,12.99701
-5.2027497,-11.921778,-1.7175405,-2.2361844,-2.583194,-1.3151649,-0.93998975,1.5301875,12.99701
-3.9026985,-11.442938,-2.7614124,-1.2179005,-2.048539,-1.9197009,-1.5642412,0.9293017,12.267307
-3.9026985,-11.442938,-2.7614124,-1.2179005,-2.048539,-1.9197009,-1.5642412,0.9293017,12.267307
-0.7567174,-12.458079,-1.6983868,1.6353894,-3.0268695,-0.47300446,-0.66308296,-2.238217,12.377867
-0.7567174,-12.458079,-1.6983868,1.6353894,-3.0268695,-0.47300446,-0.66308296,-2.238217,12.377867
-4.3264723,-11.608137,-1.1261727,-2.2631192,-2.154183,0.4667197,1.283213,1.4824461,12.283778
-4.3264723,-11.608137,-1.1261727,-2.2631192,-2.154183,0.4667197,1.283213,1.4824461,12.283778
-4.312107,-4.602703,2.8960862,-2.6102784,4.8620253,4.8184805,4.6398287,2.2953308,4.622761
-4.312107,-4.602703,2.8960862,-2.6102784,4.8620253,4.8184805,4.6398287,2.2953308,4.622761
-3.0623336,-1.2364556,1.4954783,-1.6557401,8.202086,3.755455,2.5313802,2.2549937,1.2846322
-3.0623336,-1.2364556,1.4954783,-1.6557401,8.202086,3.755455,2.5313802,2.2549937,1.2846322
-2.8588264,-0.42242697,0.09247604,-1.683423,8.961796,2.685995,1.0255722,2.6050322,0.7224221
-2.8588264,-0.42242697,0.09247604,-1.683423,8.961796,2.685995,1.0255722,2.6050322,0.7224221
-2.7247512,-0.8940847,-1.7462709,-1.6882114,8.409933,1.1749545,-0.58105105,2.862126,1.6564217
-2.7247512,-0.8940847,-1.7462709,-1.6882114,8.409933,1.1749545,-0.58105105,2.862126,1.6564217
-1.477372,-4.480599,-2.7015574,-0.519841,4.7297454,0.5271733,-0.74090856,1.2374275,5.241816
-1.477372,-4.480599,-2.7015574,-0.519841,4.7297454,0.5271733,-0.74090856,1.2374275,5.241816
-2.7151744,-4.782268,-0.798167,-1.7944542,4.336797,2.6900353,1.5650642,1.890075,4.985732
-2.7151744,-4.782268,-0.798167,-1.7944542,4.336797,2.6900353,1.5650642,1.890075,4.985732
-1.6928502,-1.7536031,3.178602,-0.7580641,7.279421,6.8801875,3.9208515,0.5818525,0.5768436
-1.6928502,-1.7536031,3.178602,-0.7580641,7.279421,6.8801875,3.9208515,0.5818525,0.5768436
-0.80460143,-2.486229,2.7811646,0.21472996,6.492177,6.5919857,3.584042,-0.28654498,1.2791141
-0.80460143,-2.486229,2.7811646,0.21472996,6.492177,6.5919857,3.584042,-0.28654498,1.2791141
0.37334582,-3.6713586,0.07571663,1.5156794,5.3143797,3.8338652,1.2453051,-1.1132253,3.2914953
0.37334582,-3.6713586,0.07571663,1.5156794,5.3143797,3.8338652,1.2453051,-1.1132253,3.2914953
1.6183307,-6.295404,-4.1428666,2.8895023,2.7594671,-0.59825116,-2.1320853,-2.110053,7.1004457
1.6183307,-6.295404,-4.1428666,2.8895023,2.7594671,-0.59825116,-2.1320853,-2.110053,7.1004457
1.0963948,-10.6097555,-10.738893,2.475006,-1.441908,-7.541885,-7.1486,-1.4211042,13.265399
1.0963948,-10.6097555,-10.738893,2.475006,-1.441908,-7.541885,-7.1486,-1.4211042,13.265399
-0.28027123,-16.62399,-17.564762,1.1646295,-7.344363,-14.7411,-12.289544,-0.26359138,20.829163
-0.28027123,-16.62399,-17.564762,1.1646295,-7.344363,-14.7411,-12.289544,-0.26359138,20.829163
1.491438,-19.688568,-14.153024,2.9978397,-10.329484,-11.641207,-9.355453,-3.230033,22.185911
1.491438,-19.688568,-14.153024,2.9978397,-10.329484,-11.641207,-9.355453,-3.230033,22.185911
2.631078,-10.923395,-9.010279,4.1359835,-1.5557822,-6.529437,-6.6564126,-3.4038947,12.309913
2.631078,-10.923395,-9.010279,4.1359835,-1.5557822,-6.529437,-6.6564126,-3.4038947,12.309913
-0.253935,-6.0296474,-3.575441,1.0942998,3.3035495,-0.8837597,-1.8601983,-0.34267128,6.7547855
-0.253935,-6.0296474,-3.575441,1.0942998,3.3035495,-0.8837597,-1.8601983,-0.34267128,6.7547855
-2.8707974,-10.767773,-0.07272387,-1.6932992,-1.4665982,2.8037598,3.3484626,1.0349821,10.578671
-2.8707974,-10.767773,-0.07272387,-1.6932992,-1.4665982,2.8037598,3.3484626,1.0349821,10.578671
-2.0400095,-15.486744,-1.3033435,-0.99987847,-6.1780877,1.6018705,3.392451,-0.14920898,15.302567
-2.0400095,-15.486744,-1.3033435,-0.99987847,-6.1780877,1.6018705,3.392451,-0.14920898,15.302567
-8.837148,-19.688568,-1.2626421,-7.8787193,-10.337864,1.5334862,5.472549,6.1249423,19.996637
-8.837148,-19.688568,-1.2626421,-7.8787193,-10.337864,1.5334862,5.472549,6.1249423,19.996637
-9.68709,0.56398416,1.9838954,-8.850466,9.952847,4.689942,3.2989497,9.335013,-0.260965
-9.68709,0.56398416,1.9838954,-8.850466,9.952847,4.689942,3.2989497,9.335013,-0.260965
-10.836307,0.19048867,-3.2091281,-10.129269,9.56304,-0.4115034,-1.3071252,11.124633,1.5147043
-10.836307,0.19048867,-3.2091281,-10.129269,9.56304,-0.4115034,-1.3071252,11.124633,1.5147043
-3.3903391,-5.4502506,9.061155,-2.597709,3.8857894,11.956194,10.632496,1.5756435,2.7877555
-3.3903391,-5.4502506,9.061155,-2.597709,3.8857894,11.956194,10.632496,1.5756435,2.7877555
-6.2107086,-13.14282,6.6956844,-5.272481,-3.7963061,9.512612,10.841458,3.6374578,11.196897
-6.2107086,-13.14282,6.6956844,-5.272481,-3.7963061,9.512612,10.841458,3.6374578,11.196897
-0.7710826,-15.671098,-3.980061,0.2510919,-6.2089133,-1.6147394,-0.20275104,-0.89778733,16.160809
-0.7710826,-15.671098,-3.980061,0.2510919,-6.2089133,-1.6147394,-0.20275104,-0.89778733,16.160809
-2.344073,-13.097331,0.863409,-1.1730092,-3.5286045,2.6632502,3.3564656,0.28210652,12.900961
-2.344073,-13.097331,0.863409,-1.1730092,-3.5286045,2.6632502,0.4397817,3.3394666,12.900962
-4.7358804,-8.584261,-0.34087446,-3.4229603,1.0190321,1.1504139,1.5206507,3.3549285,9.092106
-4.915446,-7.3201222,-0.3863643,-3.3436522,2.285565,0.8108862,1.0493965,3.565627,8.005008
-4.915446,-7.3201222,-0.3863643,-3.3436522,2.285565,0.8108862,1.0493965,3.565627,8.005008
-2.6146178,-9.577854,-1.1213843,-0.71092826,0.006135142,-0.28685528,-0.1935991,0.72511727,9.963222
-2.6146178,-9.577854,-1.1213843,-0.71092826,0.006135142,-0.28685528,-0.1935991,0.72511727,9.963222
0.08125322,-9.055919,0.24331075,2.2903533,0.4849755,0.7579145,0.47923926,-2.184004,8.779288
0.08125322,-9.055919,0.24331075,2.2903533,0.4849755,0.7579145,0.47923926,-2.184004,8.779288
-0.43350014,-7.9043074,0.77961195,1.9898809,1.5957354,1.0016742,0.8077747,-1.6162604,7.746548
-0.43350014,-7.9043074,0.77961195,1.9898809,1.5957354,1.0016742,0.8077747,-1.6162604,7.746548
-1.8412907,-5.974581,0.20739773,0.6904279,3.4989762,0.090979666,0.15274844,0.22421989,6.249429
-1.8412907,-5.974581,0.20739773,0.6904279,3.4989762,0.090979666,0.15274844,0.22421989,6.249429
-4.0607157,-5.7854385,0.5018845,-1.4682442,3.6590884,-0.0013467384,0.3475555,2.3643837,6.6709433
-4.0607157,-5.7854385,0.5018845,-1.4682442,3.6590884,-0.0013467384,0.3475555,2.3643837,6.6709433
-3.8931217,-6.7574844,0.11162966,-1.230919,2.6412535,-0.75267714,-0.4122422,1.9401612,7.543096
-3.8931217,-6.7574844,0.11162966,-1.230919,2.6412535,-0.75267714,-0.4122422,1.9401612,7.543096
-2.1836617,-8.313716,-1.3895348,0.5880758,1.0179846,-2.5770588,-2.4329038,-0.10347419,8.359864
-2.1836617,-8.313716,-1.3895348,0.5880758,1.0179846,-2.5770588,-2.4329038,-0.10347419,8.359864
-2.0495863,-8.371177,-1.9234418,0.8372224,0.8867524,-3.382558,-3.2102103,-0.32462695,8.219865
-2.0495863,-8.371177,-1.9234418,0.8372224,0.8867524,-3.382558,-3.2102103,-0.32462695,8.219865
-1.9801544,-8.605808,-1.178845,1.0254666,0.5790975,-2.8450599,-2.7020736,-0.61995864,8.466702
-1.9801544,-8.605808,-1.178845,1.0254666,0.5790975,-2.8450599,-2.7020736,-0.61995864,8.466702
-2.6146178,-9.027188,-0.6497265,0.51310736,0.076614454,-2.5231893,-2.4557173,-0.302132,9.08992
-2.6146178,-9.027188,-0.6497265,0.51310736,0.076614454,-2.5231893,-2.4557173,-0.302132,9.08992
-3.0407858,-9.972898,-0.8843582,0.20410569,-0.96680856,-3.0132525,-3.1504023,-0.32157242,9.9728985
-3.0407858,-9.972898,-0.8843582,0.20410569,-0.96680856,-3.0132525,-3.1504023,-0.32157242,9.9728985
-1.9059342,-10.5499,-0.8197148,1.4619594,-1.6564883,-3.2146647,-3.481887,-1.7451513,10.021767
-1.9059342,-10.5499,-0.8197148,1.4619594,-1.6564883,-3.2146647,-3.481887,-1.7451513,10.021767
-2.368015,-12.683134,-2.1891983,1.1251252,-3.9034467,-4.813393,-5.639009,-2.1475546,11.612559
-2.368015,-12.683134,-2.1891983,1.1251252,-3.9034467,-4.813393,-5.639009,-2.1475546,11.612559
-2.5427918,-12.987198,-2.4693198,1.0694599,-4.294749,-5.2199583,-6.171849,-2.2242792,11.755487
-2.5427918,-12.987198,-2.4693198,1.0694599,-4.294749,-5.2199583,-6.171849,-2.2242792,11.755487
-2.8109424,-12.623279,-1.4374188,0.89573073,-3.9863458,-4.2366896,-5.162785,-2.0335562,11.769664
-2.8109424,-12.623279,-1.4374188,0.89573073,-3.9863458,-4.2366896,-5.162785,-2.0335562,11.769664
-2.5260324,-13.018322,-0.5707178,1.2566566,-4.403835,-3.3375173,-4.4017053,-2.6025376,12.24888
-2.5260324,-13.018322,-0.5707178,1.2566566,-4.403835,-3.3375173,-4.4017053,-2.6025376,12.24888
-1.9825486,-14.457237,0.20260932,1.8456303,-5.8421516,-2.4987984,-3.973206,-3.7590714,13.530201
-1.9825486,-14.457237,0.20260932,1.8456303,-5.8421516,-2.4987984,-3.973206,-3.7590714,13.530201
-1.2882302,-12.553847,0.1619079,2.546084,-3.9113774,-2.441487,-3.346233,-3.645929,11.610115
-1.2882302,-12.553847,0.1619079,2.546084,-3.9113774,-2.441487,-3.346233,-3.645929,11.610115
-3.387945,-11.23943,0.06374562,0.37514147,-2.5197477,-2.3814826,-2.9576976,-1.0748489,11.309457
-3.387945,-11.23943,0.06374562,0.37514147,-2.5197477,-2.3814826,-2.9576976,-1.0748489,11.309457
-6.232257,-11.07423,-0.5707178,-2.5966613,-2.2255602,-2.7283425,-3.1527598,1.8921989,12.177231
-6.232257,-11.07423,-0.5707178,-2.5966613,-2.2255602,-2.7283425,-3.1527598,1.8921989,12.177231
-7.592163,-10.851569,-1.0304046,-4.113388,-1.8495208,-2.7721863,-2.912291,3.5276773,12.471298
-7.592163,-10.851569,-1.0304046,-4.113388,-1.8495208,-2.7721863,-2.912291,3.5276773,12.471298
-8.116493,-15.101277,-0.6808511,-4.7637134,-5.9585695,-1.8388965,-2.357946,2.735915,16.773325
-8.116493,-15.101277,-0.6808511,-4.7637134,-5.9585695,-1.8388965,-2.357946,2.735915,16.773325
-6.021567,-14.442872,1.8426375,-2.7889457,-5.197363,1.3495816,1.1677547,0.7685172,15.693848
-6.021567,-14.442872,1.8426375,-2.7889457,-5.197363,1.3495816,1.1677547,0.7685172,15.693848
-4.2283096,-12.946496,-0.0966659,-1.1590929,-3.632902,0.0031423897,0.03635209,-0.041805755,13.619715
-4.2283096,-12.946496,-0.0966659,-1.1590929,-3.632902,0.0031423897,0.03635209,-0.041805755,13.619715
-4.589834,-11.876287,-2.2969372,-1.7510593,-2.5091233,-1.6894085,-1.3295722,1.1827692,12.814914
-4.589834,-11.876287,-2.2969372,-1.7510593,-2.5091233,-1.6894085,-1.3295722,1.1827692,12.814914
-2.889951,-13.229012,-1.5379753,-0.36511576,-3.809175,-0.5068226,-0.23017335,-0.5998737,13.612903
-2.889951,-13.229012,-1.5379753,-0.36511576,-3.809175,-0.5068226,-0.23017335,-0.5998737,13.612903
0.6678326,-15.209017,-2.3807342,2.868104,-5.753117,-0.9959879,-1.2128687,-3.9241734,14.851192
0.6678326,-15.209017,-2.3807342,2.868104,-5.753117,-0.9959879,-1.2128687,-3.9241734,14.851192
-3.907487,-10.547506,0.22655134,-2.079364,-1.0544962,1.8733132,2.4811394,1.2619517,10.900511
-3.907487,-10.547506,0.22655134,-2.079364,-1.0544962,1.8733132,2.4811394,1.2619517,10.900511
-3.9984665,-2.605939,2.0892403,-2.5637412,6.9065237,3.9939773,3.5069993,2.741745,2.706911
-3.9984665,-2.605939,2.0892403,-2.5637412,6.9065237,3.9939773,3.5069993,2.741745,2.706911
-2.6433482,-0.41045594,0.54498017,-1.4830583,9.072378,2.7588685,1.3395581,2.3052614,0.5866193
-2.6433482,-0.41045594,0.54498017,-1.4830583,9.072378,2.7588685,1.3395581,2.3052614,0.5866193
-1.8748096,0.18570027,-0.43664253,-0.900968,9.613768,2.080262,0.06786549,1.9290198,0.1197099
-1.8748096,0.18570027,-0.43664253,-0.900968,9.613768,2.080262,0.06786549,1.9290198,0.1197099
-2.3943512,-0.9036615,-2.1891983,-1.5312417,8.456171,0.6072294,-1.1690843,2.663443,1.697476
-2.3943512,-0.9036615,-2.1891983,-1.5312417,8.456171,0.6072294,-1.1690843,2.663443,1.697476
-2.3009775,-4.858883,-2.8930936,-1.4933833,4.429273,0.14814124,-0.7189831,2.0965385,5.688657
-2.3009775,-4.858883,-2.8930936,-1.4933833,4.429273,0.14814124,-0.7189831,2.0965385,5.688657
-2.5499744,-3.6953006,1.3135189,-1.749114,5.5163903,4.580856,2.9713213,1.5955024,3.241693
-2.5499744,-3.6953006,1.3135189,-1.749114,5.5163903,4.580856,2.9713213,1.5955024,3.241693
-1.8077719,-2.5532665,4.706103,-0.9386767,6.5750766,8.183231,5.569791,0.397786,0.86822736
-1.8077719,-2.5532665,4.706103,-0.9386767,6.5750766,8.183231,5.569791,0.397786,0.86822736
-1.1421839,-3.2811038,2.9942484,-0.1412579,5.798457,6.5623574,4.09532,-0.008063117,2.0649543
-1.1421839,-3.2811038,2.9942484,-0.1412579,5.798457,6.5623574,4.09532,-0.008063117,2.0649543
-0.10310031,-4.432715,-0.16609775,1.0404303,4.663456,3.3159695,1.3095819,-0.6918982,4.182517
-0.10310031,-4.432715,-0.16609775,1.0404303,4.663456,3.3159695,1.3095819,-0.6918982,4.182517
1.1299136,-6.925079,-5.110124,2.4052749,2.248305,-1.8860323,-2.930544,-1.6075397,8.0109
1.1299136,-6.925079,-5.110124,2.4052749,2.248305,-1.8860323,-2.930544,-1.6075397,8.0109
0.8833108,-12.053459,-13.188161,2.2741923,-2.7730842,-10.339958,-9.502241,-1.1591249,15.111502
0.8833108,-12.053459,-13.188161,2.2741923,-2.7730842,-10.339958,-9.502241,-1.1591249,15.111502
0.4786907,-18.323874,-17.823336,1.9490298,-8.952968,-15.334114,-13.021066,-1.3398068,21.961817
0.4786907,-18.323874,-17.823336,1.9490298,-8.952968,-15.334114,-13.021066,-1.3398068,21.961817
4.149002,-19.688568,-11.244069,5.7152586,-10.262896,-9.036016,-7.6596284,-6.346837,20.792568
4.149002,-19.688568,-11.244069,5.7152586,-10.262896,-9.036016,-7.6596284,-6.346837,20.792568
2.9662662,-11.814038,-7.458836,4.5216,-2.3916578,-5.228787,-5.2904396,-4.224278,12.576614
2.9662662,-11.814038,-7.458836,4.5216,-2.3916578,-5.228787,-5.2904396,-4.224278,12.576614
-0.43589434,-7.949797,-4.7557826,0.89198977,1.4519337,-2.3029227,-2.6871006,-0.33047777,8.870007
-0.43589434,-7.949797,-4.7557826,0.89198977,1.4519337,-2.3029227,-2.6871006,-0.33047777,8.870007
-4.6065936,-11.129297,-0.9992799,-3.5220203,-1.735497,1.5990275,2.5245717,2.9914386,11.434962
-4.6065936,-11.129297,-0.9992799,-3.5220203,-1.735497,1.5990275,2.5245717,2.9914386,11.434962
-4.719121,-17.43323,-2.8332384,-3.7915177,-8.032248,-0.19991584,2.4165506,2.6991563,17.918978
-4.719121,-17.43323,-2.8332384,-3.7915177,-8.032248,-0.19991584,-2.0365784,2.9962487,17.918976
-4.812495,-19.688568,-2.9649196,-3.949086,-10.266786,-0.38501757,2.7547781,2.6847763,20.119488
-4.812495,-19.688568,-2.9649196,-3.949086,-10.266786,-0.38501757,2.7547781,2.6847763,20.119488
-9.306412,5.713912,4.90961,-8.527248,15.139585,7.502381,4.5868316,9.258238,-6.050484
-9.306412,5.713912,4.90961,-8.527248,15.139585,7.502381,4.5868316,9.258238,-6.050484
-10.766874,4.4066777,-4.2146926,-10.14947,13.791948,-1.4383167,-3.6224735,11.596594,-2.3462126
-10.766874,4.4066777,-4.2146926,-10.14947,13.791948,-1.4383167,-3.6224735,11.596594,-2.3462126
-2.6194062,-2.8956373,9.089886,-1.9610008,6.4803557,11.8879595,9.799445,1.3114259,0.35077286
-2.6194062,-2.8956373,9.089886,-1.9610008,6.4803557,11.8879595,9.799445,1.3114259,0.35077286
-10.0007305,-14.919318,8.639776,-9.225458,-5.5246205,11.343578,13.443134,7.430506,12.701027
-10.0007305,-14.919318,8.639776,-9.225458,-5.5246205,11.343578,13.443134,7.430506,12.701027
-0.98656076,-17.303944,-5.876269,-0.18076223,-7.8239517,-3.4986768,-1.5472312,-0.30082348,18.2331
-0.98656076,-17.303944,-5.876269,-0.18076223,-7.8239517,-3.4986768,-1.5472312,-0.30082348,18.2331
-2.1573253,-13.26253,1.0836755,-1.1511621,-3.6792896,2.9064112,3.6257644,0.305627,12.980121
-2.1573253,-13.26253,1.0836755,-1.1511621,-3.6792896,2.9064112,3.6257644,0.305627,12.980121
-4.728698,-8.72073,-0.022445641,-3.5561378,0.8939351,1.5120881,1.8773763,3.4254887,9.118864
-4.728698,-8.72073,-0.022445641,-3.5561378,0.8939351,1.5120881,1.8773763,3.4254887,9.118864
-5.171625,-7.4302554,-0.3648165,-3.718345,2.1827638,0.9192238,1.1767958,3.8897343,8.097692
-5.171625,-7.4302554,-0.3648165,-3.718345,2.1827638,0.9192238,1.1767958,3.8897343,8.097692
-2.7247512,-9.925014,-0.33848026,-0.9032126,-0.33563715,0.60917467,0.74036956,0.7485574,10.243839
0.7851485,-9.8220625,-0.14933833,2.9513025,-0.2777274,0.47090954,0.15730159,-2.9690216,9.395309
0.7851485,-9.8220625,-0.14933833,2.9513025,-0.2777274,0.47090954,0.15730159,-2.9690216,9.395309
-0.26351184,-8.48131,0.56892216,2.1308396,1.023222,0.8915409,0.68316025,-1.8815159,8.265525
-0.26351184,-8.48131,0.56892216,2.1308396,1.023222,0.8915409,0.68316025,-1.8815159,8.265525
-1.8460791,-7.035212,0.080505036,0.65271926,2.447772,0.06344634,0.067072585,-0.012690882,7.2735157
-1.8460791,-7.035212,0.080505036,0.65271926,2.447772,0.06344634,0.067072585,-0.012690882,7.2735157
-1.8460791,-7.035212,0.080505036,0.65271926,2.447772,0.06344634,0.067072585,-0.012690882,7.2735157
-4.005649,-6.3959603,-0.42467153,-1.4345757,3.058892,-0.83258367,-0.5632524,2.2340162,7.1990137
-4.369568,-6.7455134,-0.27623102,-1.7277158,2.6671407,-1.047164,-0.7110899,2.4394372,7.6298676
-4.369568,-6.7455134,-0.27623102,-1.7277158,2.6671407,-1.047164,-0.7110899,2.4394372,7.6298676
-2.7678468,-7.5356,-1.1620857,-0.029628245,1.8171991,-2.256984,-2.0089474,0.6733811,7.8299007
-2.7678468,-7.5356,-1.1620857,-0.029628245,1.8171991,-2.256984,-2.0089474,0.6733811,7.8299007
-2.4111106,-7.767838,-1.4326304,0.44307694,1.510891,-2.8217163,-2.5639744,0.18082131,7.848472
-2.4111106,-7.767838,-1.4326304,0.44307694,1.510891,-2.8217163,-2.5639744,0.18082131,7.848472
-2.6146178,-7.676858,-1.2434886,0.3657143,1.5246576,-2.8630164,-2.553752,0.27441543,7.792284
-2.6146178,-7.676858,-1.2434886,0.3657143,1.5246576,-2.8630164,-2.553752,0.27441543,7.792284
-2.6146178,-7.676858,-1.2434886,0.3657143,1.5246576,-2.8630164,-1.213868,-2.26351,7.7922835
-2.59307,-8.478915,-1.2674305,0.52178633,0.6382044,-3.0974984,-2.9106662,-0.119556926,8.469719
-2.5044847,-10.047118,-0.881964,0.7305308,-1.033098,-2.992752,-3.1289616,-0.8734886,9.871246
-2.5044847,-10.047118,-0.881964,0.7305308,-1.033098,-2.992752,-3.1289616,-0.8734886,9.871246
-1.4223055,-10.250625,-0.6904279,1.939902,-1.3528736,-3.0771477,-3.2285469,-2.145697,9.620155
-1.4223055,-10.250625,-0.6904279,1.939902,-1.3528736,-3.0771477,-3.2285469,-2.145697,9.620155
-1.4223055,-10.250625,-0.6904279,1.939902,-1.3528736,-3.0771477,-3.2285469,-2.145697,9.620155
-1.8317139,-11.723059,-1.7965491,1.6630723,-2.9385834,-4.4023385,-4.921789,-2.4085345,10.67651
-1.4845546,-12.410194,-2.294543,2.1263504,-3.7102644,-5.023035,-5.7136865,-3.1044621,10.917777
-1.4845546,-12.410194,-2.294543,2.1263504,-3.7102644,-5.023035,-5.7136865,-3.1044621,10.917777
-1.6018705,-12.537087,-2.3520038,2.097171,-3.8862383,-5.1182046,-5.860204,-3.1513007,11.000172
-1.6018705,-12.537087,-2.3520038,2.097171,-3.8862383,-5.1182046,-5.860204,-3.1513007,11.000172
-2.1214123,-14.04304,-2.198775,1.6361376,-5.4044614,-4.9242744,-6.1252294,-3.3119075,12.571985
-2.1214123,-14.04304,-2.198775,1.6361376,-5.4044614,-4.9242744,-6.1252294,-3.3119075,12.571985
-1.7574937,-14.181904,-0.47255555,2.0180128,-5.522825,-3.106327,-4.3822384,-3.7890263,13.072021
-1.7574937,-14.181904,-0.47255555,2.0180128,-5.522825,-3.106327,-4.3822384,-3.7890263,13.072021
-0.89318687,-12.285696,-0.084694885,2.856133,-3.570054,-2.5649383,-3.3037481,-3.809955,11.238894
-0.89318687,-12.285696,-0.084694885,2.856133,-3.570054,-2.5649383,-3.3037481,-3.809955,11.238894
-2.854038,-11.296891,-0.33608606,0.7938275,-2.4732103,-2.5737667,-3.0854948,-1.4310844,11.149439
-2.854038,-11.296891,-0.33608606,0.7938275,-2.4732103,-2.5737667,-3.0854948,-1.4310844,11.149439
-6.3567553,-12.573001,0.07571663,-2.8739398,-3.6014779,-1.808969,-2.4792104,1.6163598,13.774444
-6.3567553,-12.573001,0.07571663,-2.8739398,-3.6014779,-1.808969,-2.4792104,1.6163598,13.774444
-8.748563,-13.341539,-1.8037317,-5.4518967,-4.209306,-3.1848867,-3.5521255,4.103122,15.110734
-12.100445,-16.348658,0.044592008,-8.97272,-7.0824976,-0.6820482,-0.63231313,6.358051,19.310015
-12.100445,-16.348658,0.044592008,-8.97272,-7.0824976,-0.6820482,-0.63231313,6.358051,19.310015
-6.7278566,-13.492374,0.66229606,-3.7614405,-4.1455603,0.568174,0.8176976,2.2439685,14.901104
-6.7278566,-13.492374,0.66229606,-3.7614405,-4.1455603,0.568174,0.8176976,2.2439685,14.901104
-5.207538,-12.383859,-1.2841899,-2.4111106,-2.9949968,-0.8363246,-0.45093796,1.5391634,13.399821
-5.207538,-12.383859,-1.2841899,-2.4111106,-2.9949968,-0.8363246,-0.45093796,1.5391634,13.399821
-3.8452375,-12.312033,-1.7079636,-1.328782,-2.876334,-0.8096891,-0.4143103,0.6274127,12.989376
-3.8452375,-12.312033,-1.7079636,-1.328782,-2.876334,-0.8096891,-0.4143103,0.6274127,12.989376
-1.1038766,-13.252954,-2.081459,1.0890625,-3.7779007,-0.8219594,-0.7728901,-1.7892929,13.318892
-1.1038766,-13.252954,-2.081459,1.0890625,-3.7779007,-0.8219594,-0.7728901,-1.7892929,13.318892
-3.445406,-12.948891,-2.7973254,-1.5640123,-3.4545338,-1.2198458,-0.3852533,0.9838065,13.647466
-3.445406,-12.948891,-2.7973254,-1.5640123,-3.4545338,-1.2198458,-0.3852533,0.9838065,13.647466
-4.0104375,-5.5460186,1.9216461,-2.481141,3.9538746,3.8154597,3.7636874,2.1699958,5.626761
-4.0104375,-5.5460186,1.9216461,-2.481141,3.9538746,3.8154597,3.7636874,2.1699958,5.626761
-2.2387283,-2.8764837,0.4492121,-1.034744,6.596774,2.680608,1.6127709,1.47531,2.951319
-2.2387283,-2.8764837,0.4492121,-1.034744,6.596774,2.680608,1.6127709,1.47531,2.951319
-2.0615573,-0.81507605,1.4068928,-1.124377,8.612093,3.9410057,2.103556,1.4450206,0.61699444
-2.2578819,0.7363667,0.27443537,-1.4695909,10.095002,3.0967503,0.72605336,2.1973114,-0.6002097
-2.2578819,0.7363667,0.27443537,-1.4695909,10.095002,3.0967503,0.72605336,2.1973114,-0.6002097
-1.7910125,-1.7751509,-1.1118075,-1.084274,7.4917564,2.0181625,0.0022124515,1.7098297,2.1613607
-1.7910125,-1.7751509,-1.1118075,-1.084274,7.4917564,2.0181625,0.0022124515,1.7098297,2.1613607
-2.4470239,-4.3010335,-0.822109,-1.7727567,4.8804307,2.5568578,1.2798417,1.862596,4.478328
-2.4470239,-4.3010335,-0.822109,-1.7727567,4.8804307,2.5568578,1.2798417,1.862596,4.478328
-1.8221371,-2.7256489,1.3949218,-1.1370962,6.3857846,4.956596,2.656598,1.000995,2.1530557
-1.8221371,-2.7256489,1.3949218,-1.1370962,6.3857846,4.956596,2.656598,1.000995,2.1530557
-0.27069443,-4.1717467,0.47794253,0.59495914,4.887164,4.132991,1.9290142,-0.5465298,3.6993768
-0.27069443,-4.1717467,0.47794253,0.59495914,4.887164,4.132991,1.9290142,-0.5465298,3.6993768
0.6654384,-5.8261404,-3.053505,1.6870143,3.2757168,0.45145667,-1.0471435,-1.130092,6.4293857
0.6654384,-5.8261404,-3.053505,1.6870143,3.2757168,0.45145667,-1.0471435,-1.130092,6.4293857
0.26800096,-9.077466,-9.71178,1.4519337,0.11881226,-6.518214,-6.414207,-0.31074923,11.642693
0.26800096,-9.077466,-9.71178,1.4519337,0.11881226,-6.518214,-6.414207,-0.31074923,11.642693
-0.7854478,-15.453225,-17.619827,0.5383961,-6.147861,-14.821305,-12.554243,0.58516514,19.797123
-0.7854478,-15.453225,-17.619827,0.5383961,-6.147861,-14.821305,-12.554243,0.58516514,19.797123
4.069993,-19.688568,-15.472229,5.5211787,-10.293272,-13.065159,-11.256611,-5.5070696,22.058002
4.069993,-19.688568,-15.472229,5.5211787,-10.293272,-13.065159,-11.256611,-5.5070696,22.058002
4.069993,-19.688568,-15.472229,5.5211787,-10.293272,-13.065159,-11.256611,-5.5070696,22.058002
2.8465562,-14.615254,-10.679037,4.350115,-5.2054434,-8.362198,-7.680838,-4.149602,16.11012
-3.079093,-11.07423,0.55695117,-1.7604865,-1.6921021,3.0883706,3.6514094,1.0235457,10.865042
-3.079093,-11.07423,0.55695117,-1.7604865,-1.6921021,3.0883706,3.6514094,1.0235457,10.865042
-6.1628246,-11.150845,1.6630723,-5.047875,-1.8118122,4.4403462,5.5206842,4.113041,10.8486185
-6.1628246,-11.150845,1.6630723,-5.047875,-1.8118122,4.4403462,5.5206842,4.113041,10.8486185
-3.4837132,-17.562517,-8.165126,-2.5270798,-8.228123,-5.3146787,-2.3966756,1.9962057,19.429838
-3.4837132,-17.562517,-8.165126,-2.5270798,-8.228123,-5.3146787,-2.3966756,1.9962057,19.429838
-6.4429464,-15.8482685,-3.6496613,-5.637896,-6.4959183,-0.8110358,1.8718883,4.8610654,16.69926
-6.4429464,-15.8482685,-3.6496613,-5.637896,-6.4959183,-0.8110358,1.8718883,4.8610654,16.69926
-10.254516,7.8447514,6.082769,-9.698163,17.181688,9.029582,5.1106176,10.080946,-8.71501
-10.254516,7.8447514,6.082769,-9.698163,17.181688,9.029582,5.1106176,10.080946,-8.71501
-7.4173865,-0.8677485,1.4068928,-7.0367084,8.4464445,4.4520183,2.7870235,7.0375075,0.67523533
-7.4173865,-0.8677485,1.4068928,-7.0367084,8.4464445,4.4520183,2.7870235,7.0375075,0.67523533
-5.9808655,-7.935432,9.894338,-5.5295587,1.3905823,12.893524,12.575602,3.9364345,4.7956715
-5.9808655,-7.935432,9.894338,-5.5295587,1.3905823,12.893524,12.575602,3.9364345,4.7956715
-4.1540895,-17.861792,0.49949032,-3.5950434,-8.482806,3.309086,6.024759,2.2851636,17.176437
-4.1540895,-17.861792,0.49949032,-3.5950434,-8.482806,3.309086,6.024759,2.2851636,17.176437
-0.8261492,-16.918476,-4.6552258,-0.10100538,-7.4275618,-2.2955904,-0.5092698,-0.39294225,17.554907
-3.469348,-9.012823,-0.7838018,-2.5755625,0.54647654,1.2146084,1.5289415,2.4025493,9.261308
-3.469348,-9.012823,-0.7838018,-2.5755625,0.54647654,1.2146084,1.5289415,2.4025493,9.261308
-3.469348,-9.012823,-0.7838018,-2.5755625,0.54647654,1.2146084,1.5289415,2.4025493,9.261308
-3.1916206,-6.333711,0.55455697,-2.0769699,3.2386067,2.3716063,2.129785,2.137967,6.442281
-1.4366707,-8.895507,0.23373394,-0.042347442,0.69776016,1.716493,1.5972589,-0.08683675,8.870734
-1.4366707,-8.895507,0.23373394,-0.042347442,0.69776016,1.716493,1.5972589,-0.08683675,8.870734
-0.5053262,-12.194716,-1.3943232,1.1595418,-2.5903766,-0.31827918,-0.27621445,-1.5617598,12.181757
-0.5053262,-12.194716,-1.3943232,1.1595418,-2.5903766,-0.31827918,-0.27621445,-1.5617598,12.181757
1.2831424,-9.738266,-1.1501147,3.1896753,-0.14619595,-0.42287588,-0.8761983,-3.0672152,9.360957
1.2831424,-9.738266,-1.1501147,3.1896753,-0.14619595,-0.42287588,-0.8761983,-3.0672152,9.360957
-0.60109425,-6.1278095,-1.2267292,1.4591163,3.4497454,-0.78335285,-1.0332685,-0.56938416,6.166392
-0.60109425,-6.1278095,-1.2267292,1.4591163,3.4497454,-0.78335285,-1.0332685,-0.56938416,6.166392
-1.702427,-5.7351604,0.26485857,0.42197806,3.837606,0.41090485,0.4066643,0.3683499,5.9631724
-1.702427,-5.7351604,0.26485857,0.42197806,3.837606,0.41090485,0.4066643,0.3683499,5.9631724
-2.722357,-7.0160584,-0.75746554,-0.521936,2.5394998,-0.90665424,-0.71690345,1.1862953,7.435646
-2.722357,-7.0160584,-0.75746554,-0.521936,2.5394998,-0.90665424,-0.71690345,1.1862953,7.435646
-1.6521488,-8.091055,-1.8324621,0.6332663,1.4351742,-2.279729,-2.2246933,0.020140996,8.161067
-1.6521488,-8.091055,-1.8324621,0.6332663,1.4351742,-2.279729,-2.2246933,0.020140996,8.161067
-1.975366,-7.566725,-0.6856395,0.40207624,1.9183542,-1.429937,-1.2553083,0.24736868,7.745354
-1.975366,-7.566725,-0.6856395,0.40207624,1.9183542,-1.429937,-1.2553083,0.24736868,7.745354
-3.3017538,-6.5779195,0.6048352,-0.82584995,2.8550856,-0.42437226,0.049425494,1.5306091,7.224349
-3.3017538,-6.5779195,0.6048352,-0.82584995,2.8550856,-0.42437226,0.049425494,1.5306091,7.224349
-5.3009124,-7.4541974,-1.2315176,-2.7093384,1.9132664,-2.5375545,-1.9269667,3.4096835,8.357167
-5.3009124,-7.4541974,-1.2315176,-2.7093384,1.9132664,-2.5375545,-1.9269667,3.4096835,8.357167
-3.7015855,-7.7295303,-2.6512792,-0.9473557,1.5505449,-4.2221746,-3.7637985,1.8539537,7.929271
-3.7015855,-7.7295303,-2.6512792,-0.9473557,1.5505449,-4.2221746,-3.7637985,1.8539537,7.929271
-1.9801544,-10.075849,-0.15173253,0.9771336,-0.9021651,-1.9602526,-2.1615467,-0.9506557,9.994536
-1.9801544,-10.075849,-0.15173253,0.9771336,-0.9021651,-1.9602526,-2.1615467,-0.9506557,9.994536
-2.652925,-11.112537,-0.3863643,0.49245736,-2.0483892,-2.415899,-2.8431726,-0.8156222,11.042051
-2.652925,-11.112537,-0.3863643,0.49245736,-2.0483892,-2.415899,-2.8431726,-0.8156222,11.042051
-2.9905076,-12.079795,-2.2729952,0.33294368,-3.1202433,-4.4759603,-5.1179156,-0.82870865,11.539121
-2.9905076,-12.079795,-2.2729952,0.33294368,-3.1202433,-4.4759603,-5.1179156,-0.82870865,11.539121
-1.1852795,-13.209858,-2.720711,2.2948422,-4.340538,-5.043685,-6.0364923,-3.0713203,11.72328
-1.1852795,-13.209858,-2.720711,2.2948422,-4.340538,-5.043685,-6.0364923,-3.0713203,11.72328
-0.9338883,-13.547441,-3.68318,2.6693852,-4.743662,-6.066907,-7.148227,-3.476674,11.609768
-0.9338883,-13.547441,-3.68318,2.6693852,-4.743662,-6.066907,-7.148227,-3.476674,11.609768
-0.34730887,-14.758906,-2.37834,3.3494883,-5.9977746,-4.7758336,-6.263479,-4.7112756,12.734801
-0.34730887,-14.758906,-2.37834,3.3494883,-5.9977746,-4.7758336,-6.263479,-4.7112756,12.734801
0.85458034,-13.487586,-2.1796215,4.607192,-4.73603,-4.5248914,-5.7211685,-5.4305573,11.188088
0.85458034,-13.487586,-2.1796215,4.607192,-4.73603,-4.5248914,-5.7211685,-5.4305573,11.188088
-0.14619595,-13.044659,-1.1501147,3.5853171,-4.2522516,-3.3732805,-4.4713373,-4.414546,11.490264
-0.14619595,-13.044659,-1.1501147,3.5853171,-4.2522516,-3.3732805,-4.4713373,-4.414546,11.490264
-3.0886698,-12.48681,-1.1142017,0.54168814,-3.5962405,-3.1018379,-3.895246,-1.328455,12.23781
-3.0886698,-12.48681,-1.1142017,0.54168814,-3.5962405,-3.1018379,-3.895246,-1.328455,12.23781
-7.4532995,-12.927342,-1.0902596,-3.9841013,-3.899556,-2.713678,-3.1271694,2.8216968,14.356721
-7.4532995,-12.927342,-1.0902596,-3.9841013,-3.899556,-2.713678,-3.1271694,2.8216968,14.356721
-10.084527,-15.857845,-1.4326304,-6.7922006,-6.6865563,-2.5378537,-2.7875233,4.6360855,18.054304
-10.084527,-15.857845,-1.4326304,-6.7922006,-6.6865563,-2.5378537,-2.7875233,4.6360855,18.054304
-9.8259535,-14.186692,2.6973674,-6.669647,-4.9133506,2.2331917,2.6721792,4.345519,16.705187
-9.8259535,-14.186692,2.6973674,-6.669647,-4.9133506,2.2331917,2.6721792,4.345519,16.705187
-6.6823664,-11.739819,0.68863225,-3.6269164,-2.4215853,0.7727286,1.2509143,2.5149007,13.231105
-6.6823664,-11.739819,0.68863225,-3.6269164,-2.4215853,0.7727286,1.2509143,2.5149007,13.231105
-5.8850975,-10.621726,-3.8914757,-2.9695582,-1.2728175,-3.3728316,-2.7624264,3.0015662,12.081334
-5.8850975,-10.621726,-3.8914757,-2.9695582,-1.2728175,-3.3728316,-2.7624264,3.0015662,12.081334
-3.3089364,-12.331186,-5.222652,-0.58777654,-2.9596822,-4.250905,-3.905934,0.5226582,13.219448
-3.3089364,-12.331186,-5.222652,-0.58777654,-2.9596822,-4.250905,-3.905934,0.5226582,13.219448
-0.8524854,-12.970438,-4.004003,1.6558897,-3.6092591,-2.504335,-2.5105374,-2.0360985,13.211455
-0.8524854,-12.970438,-4.004003,1.6558897,-3.6092591,-2.504335,-2.5105374,-2.0360985,13.211455
-2.2506993,-9.874735,0.82270753,-0.028580783,-0.53226095,2.8104935,2.7541673,-0.7709753,9.750541
-2.2506993,-9.874735,0.82270753,-0.028580783,-0.53226095,2.8104935,2.7541673,-0.7709753,9.750541
-3.7111623,-5.3784246,1.6511014,-1.8166006,3.9402575,4.0481462,3.6202111,1.7027636,5.424113
-3.7111623,-5.3784246,1.6511014,-1.8166006,3.9402575,4.0481462,3.6202111,1.7027636,5.424113
-2.710386,-3.3936312,0.32710782,-1.1110592,5.8846483,3.070863,1.8828526,1.6559787,3.5612526
-2.710386,-3.3936312,0.32710782,-1.1110592,5.8846483,3.070863,1.8828526,1.6559787,3.5612526
-2.5499744,-2.4072201,-0.33608606,-1.2090719,6.816741,2.7124808,1.1111025,1.9472529,2.717295
-2.5499744,-2.4072201,-0.33608606,-1.2090719,6.816741,2.7124808,1.1111025,1.9472529,2.717295
-1.9729718,-2.2061071,-0.61620766,-0.82779527,6.9605427,2.6752212,0.6958268,1.5519222,2.499321
-1.9729718,-2.2061071,-0.61620766,-0.82779527,6.9605427,2.6752212,0.6958268,1.5519222,2.499321
-1.7862241,-3.118298,-0.9202713,-0.76659346,5.990143,2.5680807,0.696019,1.2858158,3.409328
-1.7862241,-3.118298,-0.9202713,-0.76659346,5.990143,2.5680807,0.696019,1.2858158,3.409328
-2.5044847,-1.0137948,0.614412,-1.5631144,8.028357,4.2922053,1.6547942,2.0116777,0.94474
-2.5044847,-1.0137948,0.614412,-1.5631144,8.028357,4.2922053,1.6547942,2.0116777,0.94474
-1.5731401,-1.02816,2.4363995,-0.6380547,7.951742,6.2653265,2.9922826,0.70321465,0.14020872
-1.5731401,-1.02816,2.4363995,-0.6380547,7.951742,6.2653265,2.9922826,0.70321465,0.14020872
-0.79981303,-2.309058,1.3326725,0.19153613,6.644059,5.209783,2.232716,-0.008779225,1.662037
-0.79981303,-2.309058,1.3326725,0.19153613,6.644059,5.209783,0.905548,2.0408533,1.6620369
0.38292262,-3.331382,-0.5587468,1.4683938,5.6476226,3.2321723,0.54444945,-0.9314307,3.2238092
0.38292262,-3.331382,-0.5587468,1.4683938,5.6476226,3.2321723,0.54444945,-0.9314307,3.2238092
0.9168296,-5.6178446,-3.9465423,2.1185691,3.4376247,-0.3788824,-2.0116086,-1.2404863,6.5108047
0.68219787,-9.66644,-9.625588,2.0070891,-0.5054758,-6.386084,-6.2500224,-0.8151536,12.117349
0.68219787,-9.66644,-9.625588,2.0070891,-0.5054758,-6.386084,-6.2500224,-0.8151536,12.117349
-0.5340566,-15.118037,-15.773899,0.90545714,-5.856367,-12.889335,-10.806272,0.1834926,18.995972
-0.5340566,-15.118037,-15.773899,0.90545714,-5.856367,-12.889335,-10.806272,0.1834926,18.995972
-0.5340566,-15.118037,-15.773899,0.90545714,-5.856367,-12.889335,-4.1165752,-9.993147,18.995972
1.4818612,-19.688568,-15.567997,3.0137014,-10.371233,-12.919861,-10.444847,-2.9651406,22.678434
0.042945992,-14.907348,-9.616012,1.5999253,-5.585523,-6.9987006,-5.675374,-1.6119783,16.729918
0.042945992,-14.907348,-9.616012,1.5999253,-5.585523,-6.9987006,-5.675374,-1.6119783,16.729918
0.94556004,-4.4015903,-5.284901,2.3698108,4.855591,-2.3784897,-4.010679,-0.96572363,5.5839143
0.94556004,-4.4015903,-5.284901,2.3698108,4.855591,-2.3784897,-4.010679,-0.96572363,5.5839143
-2.3967454,-7.497293,-0.8891467,-1.1056722,1.6938977,2.2773347,1.8498417,1.0560831,7.629361
-2.3967454,-7.497293,-0.8891467,-1.1056722,1.6938977,2.2773347,1.8498417,1.0560831,7.629361
-4.537162,-15.668703,-5.026327,-3.3575685,-6.4977136,-1.7591397,0.9938247,2.3804822,16.873163
-4.537162,-15.668703,-5.026327,-3.3575685,-6.4977136,-1.7591397,0.9938247,2.3804822,16.873163
-9.627234,-19.688568,-2.0287867,-8.563162,-10.506505,1.2469301,6.0103455,6.4827185,20.156624
-9.627234,-19.688568,-2.0287867,-8.563162,-10.506505,1.2469301,6.0103455,6.4827185,20.156624
-6.603358,-2.4622867,5.0388966,-5.6691704,6.7257614,8.337209,6.698452,5.352356,1.2412432
-6.603358,-2.4622867,5.0388966,-5.6691704,6.7257614,8.337209,6.698452,5.352356,1.2412432
-9.363873,7.327604,-0.47016135,-8.621072,16.47944,2.9743466,-1.0660491,10.241726,-5.963853
-9.363873,7.327604,-0.47016135,-8.621072,16.47944,2.9743466,-1.0660491,10.241726,-5.963853
-7.3072534,-4.564396,6.777087,-6.5111814,4.5545197,10.296115,9.079249,5.6514716,2.4055617
-7.3072534,-4.564396,6.777087,-6.5111814,4.5545197,10.296115,9.079249,5.6514716,2.4055617
-8.985589,-11.792491,7.296629,-8.108263,-2.6527755,10.741586,12.198293,6.247652,9.231088
-8.985589,-11.792491,7.296629,-8.108263,-2.6527755,10.741586,12.198293,6.247652,9.231088
-1.3121722,-19.688568,-3.218705,-0.38172552,-10.423905,-0.14095862,3.0032177,-1.1115776,19.734911
-1.3121722,-19.688568,-3.218705,-0.38172552,-10.423905,-0.14095862,3.0032177,-1.1115776,19.734911
-1.1852795,-15.912912,-0.76225394,-0.13587095,-6.505944,1.8029835,3.2996795,-1.121733,15.590401
-1.1852795,-15.912912,-0.76225394,-0.13587095,-6.505944,1.8029835,3.2996795,-1.121733,15.590401
-4.21155,-9.048736,0.8418612,-3.03076,0.4451719,2.996942,3.3655398,2.552133,9.08214
-4.21155,-9.048736,0.8418612,-3.03076,0.4451719,2.996942,3.3655398,2.552133,9.08214
-5.5427265,-6.7000237,0.6407482,-4.138976,2.8576293,2.3297079,2.5918536,4.1568108,7.2128987
-5.5427265,-6.7000237,0.6407482,-4.138976,2.8576293,2.3297079,2.5918536,4.1568108,7.2128987
-4.3743563,-8.713548,-2.9314008,-2.715324,0.87687635,-1.7299603,-1.3021073,3.066675,9.620501
-4.3743563,-8.713548,-2.9314008,-2.715324,0.87687635,-1.7299603,-1.3021073,3.066675,9.620501
-0.07436989,-8.335263,0.0398036,1.8959085,1.236306,0.8608652,0.46014032,-1.7023035,8.147034
-0.07436989,-8.335263,0.0398036,1.8959085,1.236306,0.8608652,0.46014032,-1.7023035,8.147034
1.5704467,-7.6505218,1.1028291,3.8262336,1.8784009,1.6344916,0.97909594,-3.4749568,7.012779
1.5704467,-7.6505218,1.1028291,3.8262336,1.8784009,1.6344916,0.97909594,-3.4749568,7.012779
-0.7782652,-6.2618847,-0.03441665,1.6136919,3.2469864,0.14619595,-0.02926397,-0.77651036,6.2621293
-0.7782652,-6.2618847,-0.03441665,1.6136919,3.2469864,0.14619595,-0.02926397,-0.77651036,6.2621293
-3.304148,-4.2651205,1.0070611,-0.86714995,5.229984,0.7318775,1.159379,1.9971921,4.978944
-3.304148,-4.2651205,1.0070611,-0.86714995,5.229984,0.7318775,1.159379,1.9971921,4.978944
-3.5627217,-5.6154504,0.5138555,-1.053748,3.8386536,-0.19138649,0.33573213,1.975601,6.3619657
-3.5627217,-5.6154504,0.5138555,-1.053748,3.8386536,-0.19138649,0.33573213,1.975601,6.3619657
-2.6122236,-8.701576,-1.4230536,0.02813187,0.682946,-2.4866776,-2.355634,0.48511612,8.875916
-2.6122236,-8.701576,-1.4230536,0.02813187,0.682946,-2.4866776,-2.355634,0.48511612,8.875916
-1.9586066,-9.264214,-2.3472154,0.8149264,0.039205052,-3.7346554,-3.7290628,-0.2714663,9.010639
-1.9586066,-9.264214,-2.3472154,0.8149264,0.039205052,-3.7346554,-3.7290628,-0.2714663,9.010639
-2.7654526,-9.506028,-2.4022822,0.13183074,-0.28909984,-4.0831614,-4.0545797,0.33966574,9.339608
-2.7654526,-9.506028,-2.4022822,0.13183074,-0.28909984,-4.0831614,-4.0545797,0.33966574,9.339608
-2.7630584,-9.101408,-2.0862474,0.27114335,0.025887307,-3.9987657,-3.8966227,0.303983,8.918883
-2.7630584,-9.101408,-2.0862474,0.27114335,0.025887307,-3.9987657,-3.8966227,0.303983,8.918883
-2.1405659,-9.036765,-0.9035119,1.0408791,-0.002992752,-3.011008,-2.9796522,-0.55405205,8.82475
-2.1405659,-9.036765,-0.9035119,1.0408791,-0.002992752,-3.011008,-2.9796522,-0.55405205,8.82475
-0.24914661,-11.418995,-0.3983353,3.0789435,-2.4826376,-2.6868927,-3.4263573,-3.282424,10.397112
-0.24914661,-11.418995,-0.3983353,3.0789435,-2.4826376,-2.6868927,-3.4263573,-3.282424,10.397112
0.42601827,-13.767707,-1.4446014,3.8844426,-4.921431,-3.8850412,-5.31575,-4.660925,11.909521
0.42601827,-13.767707,-1.4446014,3.8844426,-4.921431,-3.8850412,-5.31575,-4.660925,11.909521
-1.8029835,-13.990368,-1.4541782,1.7568952,-5.210232,-3.9855976,-5.428465,-2.7677486,12.804962
-1.8029835,-13.990368,-1.4541782,1.7568952,-5.210232,-3.9855976,-5.428465,-2.7677486,12.804962
-3.864391,-13.767707,-2.4741082,-0.24196401,-5.0284224,-5.0576015,-6.3217516,-0.6878219,13.044801
-3.864391,-13.767707,-2.4741082,-0.24196401,-5.0284224,-5.0576015,-6.3217516,-0.6878219,13.044801
-2.8348844,-15.003116,-2.2275054,0.82899237,-6.289119,-4.8379335,-6.563639,-2.153559,13.797559
-2.8348844,-15.003116,-2.2275054,0.82899237,-6.289119,-4.8379335,-6.563639,-2.153559,13.797559
-0.8644565,-15.27366,-1.6672622,2.8363807,-6.573131,-4.2702084,-6.2197905,-4.199802,13.4345665
-0.8644565,-15.27366,-1.6672622,2.8363807,-6.573131,-4.2702084,-6.2197905,-4.199802,13.4345665
-1.2379519,-13.224223,0.42287588,2.4720132,-4.5055885,-2.1055508,-3.5087435,-3.484866,12.334334
-1.2379519,-13.224223,0.42287588,2.4720132,-4.5055885,-2.1055508,-3.5087435,-3.484866,12.334334
-2.983325,-10.324845,0.7173627,0.6757634,-1.5385739,-1.645864,-2.064421,-0.85931486,10.536462
-2.983325,-10.324845,0.7173627,0.6757634,-1.5385739,-1.645864,-2.064421,-0.85931486,10.536462
-5.6265235,-9.927407,0.7580641,-2.0808606,-1.0238205,-1.321749,-1.3383377,1.8356678,11.208256
-5.6265235,-9.927407,0.7580641,-2.0808606,-1.0238205,-1.321749,-1.3383377,1.8356678,11.208256
-8.829966,-11.744607,-0.11581951,-5.4427686,-2.6970682,-1.8016368,-1.694076,4.561021,13.865232
-8.829966,-11.744607,-0.11581951,-5.4427686,-2.6970682,-1.8016368,-4.76523,0.9825404,13.865234
-9.684695,-14.167539,-0.51804537,-6.440702,-4.984279,-1.6651673,-1.5217025,4.814671,16.409882
-8.018332,-13.466038,0.7317279,-4.896591,-4.184915,0.19542672,0.58945155,3.255735,15.336755
-8.018332,-13.466038,0.7317279,-4.896591,-4.184915,0.19542672,0.58945155,3.255735,15.336755
-5.0327616,-12.417377,-0.60184246,-2.0552726,-3.0735564,-0.57116675,-0.31707218,1.1242297,13.361053
-5.0327616,-12.417377,-0.60184246,-2.0552726,-3.0735564,-0.57116675,-0.31707218,1.1242297,13.361053
-5.7222915,-12.0271225,-2.615366,-2.9533975,-2.6342204,-2.0857985,-1.3332149,2.489387,13.276368
-5.7222915,-12.0271225,-2.615366,-2.9533975,-2.6342204,-2.0857985,-1.3332149,2.489387,13.276368
-5.7222915,-12.0271225,-2.615366,-2.9533975,-2.6342204,-2.0857985,-2.8095028,0.28496194,13.276367
-4.6640544,-11.196335,-3.364751,-2.1760302,-1.7613842,-2.38253,-1.6113653,2.1773503,12.292091
-1.8987516,-11.61532,-0.3911527,0.3031658,-2.166154,1.0363901,1.0260903,-1.1467785,11.675014
-1.8987516,-11.61532,-0.3911527,0.3031658,-2.166154,1.0363901,1.0260903,-1.1467785,11.675014
-2.830096,-11.517158,-0.1110311,-0.9144354,-2.0783167,1.7356466,2.1650758,-0.22375342,11.658864
-2.830096,-11.517158,-0.1110311,-0.9144354,-2.0783167,1.7356466,2.1650758,-0.22375342,11.658864
-2.545186,-4.092738,1.4954783,-0.93209267,5.335329,3.6590884,2.9071183,0.908651,4.0234256
-2.545186,-4.092738,1.4954783,-0.93209267,5.335329,3.6590884,2.9071183,0.908651,4.0234256
-1.8221371,-1.7057191,0.5042787,-0.5247791,7.6846395,3.0162451,1.4587868,1.1446539,1.7451841
-1.8221371,-1.7057191,0.5042787,-0.5247791,7.6846395,3.0162451,1.4587868,1.1446539,1.7451841
-1.9226936,-0.6546645,-0.17806876,-0.87672675,8.666262,2.6850972,0.7073038,1.698118,0.8792957
-1.9226936,-0.6546645,-0.17806876,-0.87672675,8.666262,2.6850972,0.7073038,1.698118,0.8792957
-1.8580501,-1.1574469,-0.9992799,-0.94810385,8.073398,2.1842601,0.10108929,1.8066784,1.5862807
-1.8580501,-1.1574469,-0.9992799,-0.94810385,8.073398,2.1842601,0.10108929,1.8066784,1.5862807
-1.6449662,-3.5708022,-1.5212159,-0.8053496,5.560384,1.9557635,0.32194182,1.2755623,4.0049887
-1.6449662,-3.5708022,-1.5212159,-0.8053496,5.560384,1.9557635,0.32194182,1.2755623,4.0049887
-1.6473604,-2.5149593,0.79637134,-0.830788,6.528539,4.5005007,2.0914807,0.807557,2.155594
-1.6473604,-2.5149593,0.79637134,-0.830788,6.528539,4.5005007,2.0914807,0.807557,2.155594
-1.465401,-2.0672436,2.0652983,-0.6242881,6.915801,5.9085903,3.009501,0.40672266,1.2098907
-1.465401,-2.0672436,2.0652983,-0.6242881,6.915801,5.9085903,3.009501,0.40672266,1.2098907
-0.71601593,-3.1230865,1.3135189,0.20964229,5.8384104,5.1873374,2.4767036,-0.29147342,2.4026365
-0.71601593,-3.1230865,1.3135189,0.20964229,5.8384104,5.1873374,2.4767036,-0.29147342,2.4026365
0.60558337,-4.174141,-1.0974422,1.6464626,4.824765,2.6586113,0.25641736,-1.1845794,4.1863575
0.60558337,-4.174141,-1.0974422,1.6464626,4.824765,2.6586113,0.25641736,-1.1845794,4.1863575
0.50263274,-6.9562035,-6.2353992,1.6828245,2.1342812,-2.7507882,-3.6320076,-0.56038266,8.603261
0.50263274,-6.9562035,-6.2353992,1.6828245,2.1342812,-2.7507882,-3.6320076,-0.56038266,8.603261
-0.6681319,-12.989592,-14.866496,0.65915364,-3.7838862,-11.757626,-10.018067,0.9668196,16.996834
-0.6681319,-12.989592,-14.866496,0.65915364,-3.7838862,-11.757626,-10.018067,0.9668196,16.996834
0.6414964,-19.688568,-19.14254,2.102558,-10.403405,-16.345366,-13.29992,-1.1507696,24.00575
0.6414964,-19.688568,-19.14254,2.102558,-10.403405,-16.345366,-13.29992,-1.1507696,24.00575
-0.70165074,-19.688568,-13.858538,0.90261406,-10.381109,-11.218331,-8.431746,-1.1876644,22.531895
-0.70165074,-19.688568,-13.858538,0.90261406,-10.381109,-11.218331,-8.431746,-1.1876644,22.531895
-0.14859015,-5.196465,-5.282507,1.3787609,4.0779243,-2.4850318,-3.6603787,-0.041743174,6.4443836
-0.14859015,-5.196465,-5.282507,1.3787609,4.0779243,-2.4850318,-3.6603787,-0.041743174,6.4443836
-2.9330468,-9.908254,1.2297219,-1.5415666,-0.6959645,4.2907085,4.542928,0.64414364,9.339989
-2.9330468,-9.908254,1.2297219,-1.5415666,-0.6959645,4.2907085,4.542928,0.64414364,9.339989
-2.664896,-15.400553,-3.0080152,-1.410933,-6.2038255,0.15726912,2.256702,0.19025601,15.754297
-2.664896,-15.400553,-3.0080152,-1.410933,-6.2038255,0.15726912,2.256702,0.19025601,15.754297
-1.501314,-19.688568,-2.0670938,-0.36257192,-10.45922,1.0464158,4.098509,-1.5993826,19.360027
-1.501314,-19.688568,-2.0670938,-0.36257192,-10.45922,1.0464158,4.098509,-1.5993826,19.360027
-9.43091,-2.1103392,1.5577275,-8.430134,7.1588125,4.5995607,3.8882987,8.636146,2.4739134
-9.43091,-2.1103392,1.5577275,-8.430134,7.1588125,4.5995607,3.8882987,8.636146,2.4739134
-11.561749,4.3061213,-2.981679,-10.811766,13.573478,0.13691841,-1.7115461,12.37635,-2.23689
-11.561749,4.3061213,-2.981679,-10.811766,13.573478,0.13691841,-1.7115461,12.37635,-2.23689
-5.2793646,-2.0768204,5.8194065,-4.5741224,7.1971197,8.928876,7.082742,3.954325,0.49846047
-5.2793646,-2.0768204,5.8194065,-4.5741224,7.1971197,8.928876,7.082742,3.954325,0.49846047
-6.603358,-12.072613,10.260651,-5.798158,-2.7733834,13.268666,14.3358345,3.30491,8.842777
-6.603358,-12.072613,10.260651,-5.798158,-2.7733834,13.268666,14.3358345,3.30491,8.842777
-1.0320506,-17.665468,-4.217087,-0.163105,-8.287529,-1.4833575,0.766449,-0.74136263,18.159864
-1.0320506,-17.665468,-4.217087,-0.163105,-8.287529,-1.4833575,0.766449,-0.74136263,18.159864
-1.1757027,-13.013534,-0.30256724,-0.14185645,-3.50152,1.8480245,2.486869,-0.6896146,12.812722
-1.1757027,-13.013534,-0.30256724,-0.14185645,-3.50152,1.8480245,2.486869,-0.6896146,12.812722
-4.6161704,-8.627357,0.9160814,-3.430891,0.9418191,2.7042508,3.1525927,3.0062099,8.809277
-4.6161704,-8.627357,0.9160814,-3.430891,0.9418191,2.7042508,3.1525927,3.0062099,8.809277
-4.4701242,-6.4606037,-0.63296705,-3.0355484,3.119196,0.89692783,1.0546402,3.333565,7.0637894
-4.4701242,-6.4606037,-0.63296705,-3.0355484,3.119196,0.89692783,1.0546402,3.333565,7.0637894
-3.7087681,-9.510817,-0.6976105,-1.9307741,0.062698156,0.4679168,0.79902786,1.8049711,10.039964
-3.7087681,-9.510817,-0.6976105,-1.9307741,0.062698156,0.4679168,0.79902786,1.8049711,10.039964
0.30391398,-10.628909,-0.48692077,2.4307132,-1.089661,0.32022446,-0.03508641,-2.6344953,10.313164
0.30391398,-10.628909,-0.48692077,2.4307132,-1.089661,0.32022446,-0.03508641,-2.6344953,10.313164
0.112377845,-8.703971,0.5282208,2.510919,0.79128367,1.0369886,0.63773525,-2.354339,8.372642
0.112377845,-8.703971,0.5282208,2.510919,0.79128367,1.0369886,0.63773525,-2.354339,8.372642
-1.2187983,-6.7455134,-0.13976152,1.3371617,2.720262,0.054617725,-0.079719685,-0.5763253,6.8314314
-1.2187983,-6.7455134,-0.13976152,1.3371617,2.720262,0.054617725,-0.079719685,-0.5763253,6.8314314
-3.3376667,-6.099079,-0.1062427,-0.6890812,3.3414078,-0.29493573,-0.043542087,1.5832344,6.7706394
-3.3376667,-6.099079,-0.1062427,-0.6890812,3.3414078,-0.29493573,-0.043542087,1.5832344,6.7706394
-3.9481883,-6.972963,0.3510498,-1.2167034,2.4296658,-0.19782092,0.12339022,1.8440772,7.804986
-3.9481883,-6.972963,0.3510498,-1.2167034,2.4296658,-0.19782092,0.12339022,1.8440772,7.804986
-2.8013656,-7.7606554,-0.85802203,0.039504327,1.5866076,-1.7133505,-1.5196604,0.5879585,8.133669
-2.8013656,-7.7606554,-0.85802203,0.039504327,1.5866076,-1.7133505,-1.5196604,0.5879585,8.133669
-2.8229134,-7.813328,-1.5236101,0.13991116,1.4659996,-2.658312,-2.4303057,0.55834574,8.069708
-2.8229134,-7.813328,-1.5236101,0.13991116,1.4659996,-2.658312,-2.4303057,0.55834574,8.069708
-2.6888382,-8.438214,-1.0543466,0.40222588,0.76883805,-2.4133554,-2.2740545,0.079066575,8.623653
-2.6888382,-8.438214,-1.0543466,0.40222588,0.76883805,-2.4133554,-2.2740545,0.079066575,8.623653
-3.4861073,-9.884312,-1.3224971,-0.25917232,-0.7600094,-2.905214,-2.9848616,0.26642495,10.130212
-3.4861073,-9.884312,-1.3224971,-0.25917232,-0.7600094,-2.905214,-2.9848616,0.26642495,10.130212
-2.2076037,-9.865158,-1.3895348,1.1438298,-0.8420108,-3.2664392,-3.3877518,-1.0732433,9.565403
-2.2076037,-9.865158,-1.3895348,1.1438298,-0.8420108,-3.2664392,-3.3877518,-1.0732433,9.565403
-1.5444098,-10.569054,-1.2985551,1.9316719,-1.6573862,-3.4599206,-3.747108,-2.0988216,9.865621
-2.5499744,-11.938538,-1.6816274,1.0500071,-3.1313167,-4.057723,-4.70701,-1.7700201,11.250334
-2.5499744,-11.938538,-1.6816274,1.0500071,-3.1313167,-4.057723,-4.70701,-1.7700201,11.250334
-1.6449662,-12.431743,-2.4980502,2.067393,-3.707122,-5.0020857,-5.770641,-2.864301,11.044905
-1.6449662,-12.431743,-2.4980502,2.067393,-3.707122,-5.0020857,-5.770641,-2.864301,11.044905
-1.6449662,-12.431743,-2.4980502,2.067393,-3.707122,-5.0020857,-5.770641,-2.864301,11.044905
-1.7335516,-13.286472,-2.2298996,2.0670938,-4.6154222,-4.787206,-5.816133,-3.2462482,11.838176
-2.8851626,-13.722218,-2.1077952,0.97877955,-5.066879,-4.6229043,-5.799773,-2.4394474,12.707398
-2.8851626,-13.722218,-2.1077952,0.97877955,-5.066879,-4.6229043,-5.799773,-2.4394474,12.707398
-1.2092215,-14.514698,-0.5563526,2.681057,-5.846042,-2.9839234,-4.3835926,-4.4414396,13.172168
-1.2092215,-14.514698,-0.5563526,2.681057,-5.846042,-2.9839234,-4.3835926,-4.4414396,13.172168
-0.6298247,-12.72623,-0.05117606,3.2495303,-4.019266,-2.3557448,-3.2957125,-4.290763,11.536197
-0.6298247,-12.72623,-0.05117606,3.2495303,-4.019266,-2.3557448,-3.2957125,-4.290763,11.536197
-2.9737482,-10.923395,0.36541504,0.8286931,-2.1369746,-1.7585411,-2.2347362,-1.3717675,11.01914
-2.9737482,-10.923395,0.36541504,0.8286931,-2.1369746,-1.7585411,-2.2347362,-1.3717675,11.01914
-5.5163903,-10.916213,-0.13736732,-1.8424878,-2.0076878,-1.9575591,-2.2685986,1.2188115,11.957469
-5.5163903,-10.916213,-0.13736732,-1.8424878,-2.0076878,-1.9575591,-2.2685986,1.2188115,11.957469
-8.063821,-12.271331,0.40372226,-4.5563154,-3.2222962,-1.0054151,-1.2542669,3.2715478,14.265255
-8.063821,-12.271331,0.40372226,-4.5563154,-3.2222962,-1.0054151,-1.2542669,3.2715478,14.265255
-9.502736,-15.07973,0.22176293,-6.1575875,-5.8997617,-0.62129533,-0.7468256,3.9053214,17.376425
-9.502736,-15.07973,0.22176293,-6.1575875,-5.8997617,-0.62129533,-0.7468256,3.9053214,17.376425
-7.5490675,-14.181904,1.3757682,-4.3647795,-4.909311,1.1502643,1.3693005,2.3591695,15.892353
-7.5490675,-14.181904,1.3757682,-4.3647795,-4.909311,1.1502643,1.3693005,2.3591695,15.892353
-4.891504,-12.261754,0.015861586,-1.8724154,-2.9369373,0.34252048,0.5849099,0.79573184,13.1644335
-4.891504,-12.261754,0.015861586,-1.8724154,-2.9369373,0.34252048,0.5849099,0.79573184,13.1644335
-4.9729066,-11.179575,-2.045546,-2.1746833,-1.8152539,-1.2384008,-0.74829996,1.7225257,12.26254
-4.9729066,-11.179575,-2.045546,-2.1746833,-1.8152539,-1.2384008,-0.74829996,1.7225257,12.26254
-3.9960723,-11.260978,-2.5531168,-1.501314,-1.8570027,-1.3230957,-0.81658417,1.1677856,12.135324
-3.9960723,-11.260978,-2.5531168,-1.501314,-1.8570027,-1.3230957,-0.81658417,1.1677856,12.135324
-0.60109425,-11.560253,-1.1979986,1.5891514,-2.1390696,0.4197335,0.20810401,-2.1387784,11.437583
-0.60109425,-11.560253,-1.1979986,1.5891514,-2.1390696,0.4197335,0.20810401,-2.1387784,11.437583
-3.1437364,-10.4589205,-0.23313539,-1.2756606,-1.0392332,1.7550995,2.1768394,0.5149412,10.692178
-3.1437364,-10.4589205,-0.23313539,-1.2756606,-1.0392332,1.7550995,2.1768394,0.5149412,10.692178
-2.8037598,-4.32737,2.273594,-1.2756606,5.092018,4.5347676,3.7318327,1.1280091,4.069086
-2.8037598,-4.32737,2.273594,-1.2756606,5.092018,4.5347676,3.7318327,1.1280091,4.069086
-2.02325,-2.1414638,-0.09187749,-0.7914333,7.254581,2.4317608,0.96766126,1.5246614,2.3295689
-2.02325,-2.1414638,-0.09187749,-0.7914333,7.254581,2.4317608,0.96766126,1.5246614,2.3295689
-1.8676269,-0.8605659,0.69820905,-0.8831611,8.490587,3.4837132,1.4061186,1.4433407,0.8097523
-1.8676269,-0.8605659,0.69820905,-0.8831611,8.490587,3.4837132,1.4061186,1.4433407,0.8097523
-2.7798178,-0.52298343,-1.2770073,-1.9140146,8.753501,1.7841291,-0.24059924,2.8769858,1.138732
-2.7798178,-0.52298343,-1.2770073,-1.9140146,8.753501,1.7841291,-0.24059924,2.8769858,1.138732
-2.5499744,-3.2643445,-1.4206594,-1.7467197,5.9175687,1.9289783,0.40985408,2.2232108,3.7504587
-2.5499744,-3.2643445,-1.4206594,-1.7467197,5.9175687,1.9289783,0.40985408,2.2232108,3.7504587
-2.7630584,-4.2986393,0.3079542,-1.9656396,4.7996264,3.8799534,2.435477,1.8604941,4.1005664
-2.7630584,-4.2986393,0.3079542,-1.9656396,4.7996264,3.8799534,2.435477,1.8604941,4.1005664
-1.7215806,-3.2284315,2.5010428,-0.87074125,5.803096,6.2265706,3.8153017,0.60473466,2.1724622
-1.7215806,-3.2284315,2.5010428,-0.87074125,5.803096,6.2265706,3.8153017,0.60473466,2.1724622
-1.1804911,-3.781492,1.9072809,-0.23897126,5.215918,5.6931124,3.348647,0.12344471,2.8464525
-1.1804911,-3.781492,1.9072809,-0.23897126,5.215918,5.6931124,3.348647,0.12344471,2.8464525
-0.0887351,-4.674529,-0.75507134,0.95947635,4.344728,2.9499557,0.9596544,-0.6359217,4.5938983
-0.0887351,-4.674529,-0.75507134,0.95947635,4.344728,2.9499557,0.9596544,-0.6359217,4.5938983
1.2999018,-6.9945107,-5.864298,2.4604912,2.11004,-2.409764,-3.4246514,-1.6190945,8.405548
1.2999018,-6.9945107,-5.864298,2.4604912,2.11004,-2.409764,-3.4246514,-1.6190945,8.405548
0.21293432,-12.841151,-12.644677,1.4725837,-3.6170402,-9.562142,-8.22055,-0.66131604,16.025406
0.21293432,-12.841151,-12.644677,1.4725837,-3.6170402,-9.562142,-8.22055,-0.66131604,16.025406
2.2911015,-19.688568,-18.012478,3.615843,-10.359411,-15.295208,-12.5935955,-3.2639441,23.411242
2.2911015,-19.688568,-18.012478,3.615843,-10.359411,-15.295208,-12.5935955,-3.2639441,23.411242
3.8401499,-19.688568,-11.054927,5.240758,-10.301501,-8.586355,-6.732133,-5.907474,21.080278
3.8401499,-19.688568,-11.054927,5.240758,-10.301501,-8.586355,-6.732133,-5.907474,21.080278
2.4922144,-7.7223477,-7.6336126,3.7783496,1.6398785,-5.0131593,-5.802267,-2.8124754,9.085236
2.4922144,-7.7223477,-7.6336126,3.7783496,1.6398785,-5.0131593,-5.802267,-2.8124754,9.085236
-1.9921255,-5.8524766,-3.932177,-0.94436294,3.4549828,-1.0260651,-1.7766689,1.5698388,6.932614
-1.9921255,-5.8524766,-3.932177,-0.94436294,3.4549828,-1.0260651,-1.7766689,1.5698388,6.932614
-3.9003043,-9.532365,0.54019177,-3.0647278,-0.25917232,3.6194344,3.9622886,2.5422554,9.176457
-3.9003043,-9.532365,0.54019177,-3.0647278,-0.25917232,3.6194344,3.9622886,2.5422554,9.176457
-3.0168438,-12.9345255,-0.41988313,-2.285116,-3.6501102,2.6520274,3.9260218,1.5329843,12.602219
-3.0168438,-12.9345255,-0.41988313,-2.285116,-3.6501102,2.6520274,3.9260218,1.5329843,12.602219
-6.435764,-19.688568,0.6359598,-5.7400985,-10.356568,3.5690064,7.138778,4.175669,19.001705
-6.435764,-19.688568,0.6359598,-5.7400985,-10.356568,3.5690064,7.138778,4.175669,19.001705
-9.787646,-5.790227,-2.8667572,-9.144504,3.6056678,-0.13272856,0.11864383,9.417311,6.9887943
-10.103681,3.5519478,-1.4182652,-9.603292,12.931233,1.4013562,-0.9150773,10.476406,-2.4738154
-10.103681,3.5519478,-1.4182652,-9.603292,12.931233,1.4013562,-0.9150773,10.476406,-2.4738154
-4.4150577,-2.953098,8.194454,-3.893421,6.3847375,11.144859,9.201954,3.2169304,0.58140033
-4.4150577,-2.953098,8.194454,-3.893421,6.3847375,11.144859,9.201954,3.2169304,0.58140033
-7.5275197,-12.632855,8.292617,-6.8605847,-3.269881,11.13214,12.324017,5.4469748,10.171981
-7.5275197,-12.632855,8.292617,-6.8605847,-3.269881,11.13214,12.324017,5.4469748,10.171981
-7.5275197,-12.632855,8.292617,-6.8605847,-3.269881,11.13214,-2.9091597,13.156282,10.171981
0.035763387,-15.130008,-3.716699,0.822109,-5.6607904,-1.2900258,-0.0019995824,-1.2942253,15.526017
-2.5427918,-12.771719,0.09008184,-1.5982792,-3.1958103,1.9826983,2.7124534,0.98915523,12.698616
-2.5427918,-12.771719,0.09008184,-1.5982792,-3.1958103,1.9826983,2.7124534,0.98915523,12.698616
-4.4701242,-8.814104,-0.9418191,-3.379266,0.8052,0.62368953,0.9194636,3.3686347,9.293242
-4.4701242,-8.814104,-0.9418191,-3.379266,0.8052,0.62368953,0.9194636,3.3686347,9.293242
-4.0822635,-8.033594,-0.49649757,-2.7252002,1.5918448,0.79981303,0.9337,2.839336,8.5156555
-4.0822635,-8.033594,-0.49649757,-2.7252002,1.5918448,0.79981303,0.9337,2.839336,8.5156555
-1.2283751,-9.685594,-0.51325697,0.4798878,-0.074220255,0.42182842,0.37202442,-0.5222352,9.755609
-1.2283751,-9.685594,-0.51325697,0.4798878,-0.074220255,0.42182842,0.37202442,-0.5222352,9.755609
-1.2283751,-9.685594,-0.51325697,0.4798878,-0.074220255,0.42182842,0.5976044,0.2323811,9.755609
0.80190796,-8.682423,1.2273277,2.8063037,0.89827454,1.8317139,1.5215201,-2.6974416,8.242732
-1.2930186,-7.379977,0.56892216,0.89348614,2.1749825,0.8782231,0.7737042,-0.4445861,7.460789
-1.2930186,-7.379977,0.56892216,0.89348614,2.1749825,0.8782231,0.7737042,-0.4445861,7.460789
-3.529203,-5.9841576,-0.0104746325,-1.2430396,3.5523968,-0.044741645,0.104504846,2.0345268,6.641936
-3.529203,-5.9841576,-0.0104746325,-1.2430396,3.5523968,-0.044741645,0.104504846,2.0345268,6.641936
-3.529203,-5.9841576,-0.0104746325,-1.2430396,3.5523968,-0.044741645,0.104504846,2.0345268,6.641936
-4.8053126,-5.680094,-0.14454992,-2.435352,3.826832,-0.5602432,-0.23078127,3.3082933,6.66163
-3.5579333,-7.4063134,-0.30256724,-1.0785879,2.0512323,-1.064073,-0.8468893,1.6088902,8.018613
-3.5579333,-7.4063134,-0.30256724,-1.0785879,2.0512323,-1.064073,-0.8468893,1.6088902,8.018613
-1.9586066,-8.615385,-0.7790134,0.66513914,0.7733272,-1.8462288,-1.7517394,-0.35737377,8.687435
-1.9586066,-8.615385,-0.7790134,0.66513914,0.7733272,-1.8462288,-1.7517394,-0.35737377,8.687435
-1.9729718,-8.407089,-2.021604,0.7921815,0.9069535,-3.3538277,-3.1909466,-0.37870476,8.266385
-1.9729718,-8.407089,-2.021604,0.7921815,0.9069535,-3.3538277,-3.1909466,-0.37870476,8.266385
-2.166902,-8.443003,-0.8987235,0.7428011,0.79487497,-2.4371476,-2.2678351,-0.39200753,8.455218
-2.166902,-8.443003,-0.8987235,0.7428011,0.79487497,-2.4371476,-2.2678351,-0.39200753,8.455218
-2.5906758,-9.8699465,-0.065541275,0.46986207,-0.7173627,-1.8074726,-1.8914512,-0.61969066,10.008504
-2.5906758,-9.8699465,-0.065541275,0.46986207,-0.7173627,-1.8074726,-1.8914512,-0.61969066,10.008504
-1.9418472,-10.233866,-1.9569606,1.2572552,-1.1870751,-3.9799113,-4.071813,-1.4937774,9.67065
-1.9418472,-10.233866,-1.9569606,1.2572552,-1.1870751,-3.9799113,-4.071813,-1.4937774,9.67065
-1.0440216,-11.418995,-1.2123638,2.2899044,-2.4880245,-3.5133414,-3.8304238,-2.943765,10.469733
-1.0440216,-11.418995,-1.2123638,2.2899044,-2.4880245,-3.5133414,-3.8304238,-2.943765,10.469733
-1.9705776,-12.884247,-0.8245032,1.4829087,-4.0505404,-3.3167176,-4.0869193,-2.7729094,12.090281
-1.9705776,-12.884247,-0.8245032,1.4829087,-4.0505404,-3.3167176,-4.0869193,-2.7729094,12.090281
-2.4087164,-12.838757,-1.2075754,1.1424831,-4.0743327,-3.8048353,-4.620093,-2.4716518,12.026616
-2.4087164,-12.838757,-1.2075754,1.1424831,-4.0743327,-3.8048353,-4.620093,-2.4716518,12.026616
-3.007267,-12.810026,-2.6249428,0.6266823,-4.0898952,-5.2564697,-6.0790415,-1.9543954,11.800695
-3.007267,-12.810026,-2.6249428,0.6266823,-4.0898952,-5.2564697,-6.0790415,-1.9543954,11.800695
-2.7798178,-13.7389765,-2.5411458,0.9156325,-5.0381484,-5.1508255,-6.2054825,-2.5803595,12.560971
-2.7798178,-13.7389765,-2.5411458,0.9156325,-5.0381484,-5.1508255,-6.2054825,-2.5803595,12.560971
-1.0895114,-14.711022,-0.83647424,2.6458921,-6.0066032,-3.3765726,-4.630882,-4.5978746,13.255768
-1.0895114,-14.711022,-0.83647424,2.6458921,-6.0066032,-3.3765726,-4.630882,-4.5978746,13.255768
-0.47899,-12.199505,-0.30735564,3.2616508,-3.4612675,-2.7204118,-3.3344576,-4.186928,10.97738
-0.47899,-12.199505,-0.30735564,3.2616508,-3.4612675,-2.7204118,-3.3344576,-4.186928,10.97738
-2.6074352,-10.480469,-0.055964466,1.0688614,-1.6554408,-2.2409728,-2.5324042,-1.4642591,10.396393
-2.6074352,-10.480469,-0.055964466,1.0688614,-1.6554408,-2.2409728,-2.5324042,-1.4642591,10.396393
-5.135712,-10.248231,0.55216277,-1.603367,-1.287482,-1.2915221,-1.5223175,1.138174,11.317852
-5.135712,-10.248231,0.55216277,-1.603367,-1.287482,-1.2915221,-1.5223175,1.138174,11.317852
-8.02312,-12.264149,-1.0040684,-4.673482,-3.1492732,-2.3714569,-2.6962357,3.5403738,13.999429
-8.02312,-12.264149,-1.0040684,-4.673482,-3.1492732,-2.3714569,-2.6962357,3.5403738,13.999429
-11.463588,-16.846651,0.7604583,-8.285135,-7.5978494,0.033518825,-0.2054457,5.4074306,19.660091
-11.463588,-16.846651,0.7604583,-8.285135,-7.5978494,0.033518825,-0.2054457,5.4074306,19.660091
-8.0422735,-14.055012,0.57371056,-5.0390463,-4.71957,0.5295675,0.82905704,3.2860644,15.845034
-8.0422735,-14.055012,0.57371056,-5.0390463,-4.71957,0.5295675,0.82905704,3.2860644,15.845034
-5.976077,-12.029517,-0.71436995,-3.1444848,-2.6563668,-0.16894086,0.27111295,2.2256072,13.262967
-5.976077,-12.029517,-0.71436995,-3.1444848,-2.6563668,-0.16894086,0.27111295,2.2256072,13.262967
-3.8811505,-11.593772,-1.6505028,-1.295712,-2.190096,-0.62099606,-0.2629766,0.7124206,12.3136635
-3.8811505,-11.593772,-1.6505028,-1.295712,-2.190096,-0.62099606,-0.2629766,0.7124206,12.3136635
-0.6274305,-12.5442705,-1.6481086,1.6267104,-3.1010897,-0.26321256,-0.29336378,-2.2862556,12.456151
-0.6274305,-12.5442705,-1.6481086,1.6267104,-3.1010897,-0.26321256,-0.29336378,-2.2862556,12.456151
-0.4837784,-14.813973,-4.487632,1.4068928,-5.333982,-2.8360815,-2.4220166,-1.9621543,15.169393
-0.4837784,-14.813973,-4.487632,1.4068928,-5.333982,-2.8360815,-2.4220166,-1.9621543,15.169393
-2.7893946,-6.6114383,1.9000983,-1.321749,2.899079,3.7894228,3.524137,0.9546319,6.4630766
-2.7893946,-6.6114383,1.9000983,-1.321749,2.899079,3.7894228,3.524137,0.9546319,6.4630766
-2.8348844,-2.69213,1.3997102,-1.7806876,6.8074636,3.5945945,2.5932786,1.9395615,2.5992942
-2.8348844,-2.69213,1.3997102,-1.7806876,6.8074636,3.5945945,2.5932786,1.9395615,2.5992942
-2.3153427,-0.80789346,1.397316,-1.5608698,8.649054,3.8811505,2.1120098,1.7724124,0.6032948
-2.3153427,-0.80789346,1.397316,-1.5608698,8.649054,3.8811505,2.1120098,1.7724124,0.6032948
-2.5020905,0.11148002,0.40851066,-1.9342157,9.496601,3.1956608,1.0002297,2.3309302,-0.0779019
-2.5020905,0.11148002,0.40851066,-1.9342157,9.496601,3.1956608,1.0002297,2.3309302,-0.0779019
-2.6912324,-0.6187515,-0.6545149,-2.2170308,8.666112,2.466327,0.2468159,2.6718595,0.9242417
-2.6912324,-0.6187515,-0.6545149,-2.2170308,8.666112,2.466327,0.2468159,2.6718595,0.9242417
-2.3632267,-3.6569934,-1.3105261,-1.906832,5.5271645,2.09762,0.550854,2.1095903,3.9902515
-2.3632267,-3.6569934,-1.3105261,-1.906832,5.5271645,2.09762,0.550854,2.1095903,3.9902515
-2.640954,-3.5540428,0.55216277,-2.1615152,5.5493107,4.1677065,2.331847,2.0186198,3.2246566
-2.640954,-3.5540428,0.55216277,-2.1615152,5.5493107,4.1677065,2.331847,2.0186198,3.2246566
-1.5084968,-2.486229,3.130718,-0.954239,6.5530796,6.8930564,4.064125,0.5988276,1.1758347
-1.5084968,-2.486229,3.130718,-0.954239,6.5530796,6.8930564,4.064125,0.5988276,1.1758347
-0.6417957,-3.5540428,1.2488755,0.050278235,5.4640174,5.0394955,2.566032,-0.071129516,2.8307652
-0.6417957,-3.5540428,1.2488755,0.050278235,5.4640174,5.0394955,2.566032,-0.071129516,2.8307652
1.2280759,-4.530877,-1.0974422,2.0853498,4.5295305,2.55596,0.3575289,-1.7250319,4.4875207
1.2280759,-4.530877,-1.0974422,2.0853498,4.5295305,2.55596,1.7564217,-0.13617925,4.48752
2.20491,-8.280197,-8.306383,3.2451909,0.8834604,-4.971859,-5.476793,-2.4009762,10.327602
-1.2116157,-16.087688,-17.753904,-0.02633622,-6.796839,-14.8473425,-12.19406,0.6138366,20.64972
-1.2116157,-16.087688,-17.753904,-0.02633622,-6.796839,-14.8473425,-12.19406,0.6138366,20.64972
6.0883055,-19.688568,-15.462652,7.3549876,-10.291177,-12.961011,-10.993496,-7.6066256,22.024605
6.0883055,-19.688568,-15.462652,7.3549876,-10.291177,-12.961011,-10.993496,-7.6066256,22.024605
2.6023476,-19.140295,-11.995849,3.927688,-9.724349,-9.596559,-7.4968452,-4.633886,20.960629
2.6023476,-19.140295,-11.995849,3.927688,-9.724349,-9.596559,-7.4968452,-4.633886,20.960629
0.15547347,-2.3976433,-5.320814,1.2587515,6.9792476,-2.669535,-4.5048285,0.0046746274,3.7135475
0.15547347,-2.3976433,-5.320814,1.2587515,6.9792476,-2.669535,-4.5048285,0.0046746274,3.7135475
-4.8651676,-5.7471313,3.88968,-3.9724295,3.5607765,6.845621,5.955389,3.746214,4.7252736
-4.8651676,-5.7471313,3.88968,-3.9724295,3.5607765,6.845621,5.955389,3.746214,4.7252736
-3.8572085,-10.123733,3.1594484,-3.0858266,-0.83183545,6.199037,6.4572563,2.4805686,8.916322
-3.8572085,-10.123733,3.1594484,-3.0858266,-0.83183545,6.199037,6.4572563,2.4805686,8.916322
-6.181978,-19.688568,-0.8747814,-5.478532,-10.3592615,2.0649989,5.542245,4.261681,19.435625
-6.181978,-19.688568,-0.8747814,-5.478532,-10.3592615,2.0649989,5.542245,4.261681,19.435625
-8.899397,-17.007063,-12.910434,-8.2855835,-7.5993457,-10.210522,-6.891234,8.389587,20.426561
-8.899397,-17.007063,-12.910434,-8.2855835,-7.5993457,-10.210522,-6.891234,8.389587,20.426561
-8.181137,4.6604633,1.6199768,-7.769783,14.086585,4.29445,1.2706681,8.288605,-4.5781736
-8.181137,4.6604633,1.6199768,-7.769783,14.086585,4.29445,1.2706681,8.288605,-4.5781736
-5.48766,-2.984223,7.629423,-5.092467,6.382792,10.506057,8.721152,4.5249033,0.8335995
-5.48766,-2.984223,7.629423,-5.092467,6.382792,10.506057,8.721152,4.5249033,0.8335995
-6.754193,-8.64651,7.8233533,-6.2437787,0.7374141,10.625617,10.554208,5.419004,6.389771
-6.754193,-8.64651,7.8233533,-6.2437787,0.7374141,10.625617,10.554208,5.419004,6.389771
-2.9976902,-13.806014,0.06135142,-2.3582888,-4.3230305,2.4772506,3.6625974,1.7622772,13.530548
-2.9976902,-13.806014,0.06135142,-2.3582888,-4.3230305,2.4772506,3.6625974,1.7622772,13.530548
-2.3584383,-14.737359,0.76764095,-1.5351322,-5.1496286,2.657115,3.7048147,0.7569931,14.458306
-2.3584383,-14.737359,0.76764095,-1.5351322,-5.1496286,2.657115,3.7048147,0.7569931,14.458306
-4.3863273,-11.311256,-0.6832453,-3.3500867,-1.6722002,0.79532385,1.3780111,3.0376346,11.684395
-4.3863273,-11.311256,-0.6832453,-3.3500867,-1.6722002,0.79532385,1.3780111,3.0376346,11.684395
-4.383933,-8.378359,-0.6712743,-3.0642788,1.271321,0.47554833,0.66097856,3.1615956,8.912563
-4.383933,-8.378359,-0.6712743,-3.0642788,1.271321,0.47554833,0.66097856,3.1615956,8.912563
-2.5978584,-9.108591,-0.59226567,-0.92655605,0.5201403,0.22325931,0.27706322,0.9819488,9.435309
-2.5978584,-9.108591,-0.59226567,-0.92655605,0.5201403,0.22325931,0.27706322,0.9819488,9.435309
0.35419223,-8.471733,0.55695117,2.3365912,1.1192893,1.0604817,0.81515676,-2.1315415,8.185227
0.35419223,-8.471733,0.55695117,2.3365912,1.1192893,1.0604817,0.81515676,-2.1315415,8.185227
-0.0025438394,-7.5643306,1.2416929,2.1866543,1.9934722,1.4119805,1.2467139,-1.7791162,7.351284
-0.0025438394,-7.5643306,1.2416929,2.1866543,1.9934722,1.4119805,1.2467139,-1.7791162,7.351284
-2.4470239,-6.048801,0.43963528,-0.14888942,3.4823663,0.22116438,0.3583902,0.9394484,6.462059
-2.4470239,-6.048801,0.43963528,-0.14888942,3.4823663,0.22116438,0.3583902,0.9394484,6.462059
-4.2402806,-5.7399487,0.77961195,-1.865532,3.753809,0.14634559,0.5179356,2.6940143,6.6339145
-4.2402806,-5.7399487,0.77961195,-1.865532,3.753809,0.14634559,0.5179356,2.6940143,6.6339145
-2.746299,-6.417508,-0.00808043,-0.26156655,3.015946,-1.0124481,-0.65778977,1.059057,6.868213
-2.746299,-6.417508,-0.00808043,-0.26156655,3.015946,-1.0124481,-0.65778977,1.059057,6.868213
-2.1597195,-7.5044756,-2.4525604,0.4750994,1.8477252,-3.7817912,-3.4822917,0.2104089,7.404455
-2.1597195,-7.5044756,-2.4525604,0.4750994,1.8477252,-3.7817912,-3.4822917,0.2104089,7.404455
-2.4757543,-7.995287,-2.636914,0.30526072,1.2719196,-4.236091,-3.9597058,0.2420939,7.827479
-2.4757543,-7.995287,-2.636914,0.30526072,1.2719196,-4.236091,-3.9597058,0.2420939,7.827479
-2.6577134,-8.459762,-0.7023989,0.2765303,0.7199065,-2.5173535,-2.3311663,0.05398505,8.584121
-2.6577134,-8.459762,-0.7023989,0.2765303,0.7199065,-2.5173535,-2.3311663,0.05398505,8.584121
-2.4470239,-9.936984,-1.8396448,0.6343138,-0.8605659,-3.9125745,-3.985394,-0.71761245,9.576927
-2.4470239,-9.936984,-1.8396448,0.6343138,-0.8605659,-3.9125745,-3.985394,-0.71761245,9.576927
-0.19647418,-11.114932,-1.68881,3.015048,-2.1567268,-4.056975,-4.317132,-3.400499,9.80976
-0.19647418,-11.114932,-1.68881,3.015048,-2.1567268,-4.056975,-4.317132,-3.400499,9.80976
-1.1709143,-12.733412,-1.5451579,2.1652563,-3.8898296,-4.1590276,-4.905369,-3.207732,11.46936
-1.1709143,-12.733412,-1.5451579,2.1652563,-3.8898296,-4.1590276,-4.905369,-3.207732,11.46936
-2.2674587,-13.11409,-1.8587984,1.1749545,-4.3553524,-4.6169186,-5.5596137,-2.4511898,11.98575
-2.2674587,-13.11409,-1.8587984,1.1749545,-4.3553524,-4.6169186,-5.5596137,-2.4511898,11.98575
-3.1772554,-13.446884,-2.033575,0.33354223,-4.7364793,-4.8576856,-5.9732337,-1.7983862,12.495416
-3.1772554,-13.446884,-2.033575,0.33354223,-4.7364793,-4.8576856,-5.9732337,-1.7983862,12.495416
-2.710386,-14.983962,-2.0862474,0.8512883,-6.290316,-4.8979383,-6.422267,-2.848675,13.669575
-2.710386,-14.983962,-2.0862474,0.8512883,-6.290316,-4.8979383,-6.422267,-2.848675,13.669575
-1.5539865,-15.168315,-1.3105261,2.0416555,-6.46629,-4.052635,-5.577933,-4.052437,13.6628895
-1.5539865,-15.168315,-1.3105261,2.0416555,-6.46629,-4.052635,-5.577933,-4.052437,13.6628895
-1.3265374,-13.681516,-0.42945993,2.2524948,-4.931607,-3.0377932,-4.142327,-3.713542,12.576914
-1.3265374,-13.681516,-0.42945993,2.2524948,-4.931607,-3.0377932,-4.142327,-3.713542,12.576914
-2.2890065,-12.5682125,0.40372226,1.1819874,-3.7036803,-1.9506758,-2.7743325,-2.272691,12.267862
-2.2890065,-12.5682125,0.40372226,1.1819874,-3.7036803,-1.9506758,-2.7743325,-2.272691,12.267862
-5.9808655,-12.61849,0.28401217,-2.698415,-3.5811272,-1.6454151,-2.345176,1.5038825,13.686351
-5.9808655,-12.61849,0.28401217,-2.698415,-3.5811272,-1.6454151,-2.345176,1.5038825,13.686351
-9.639206,-13.858686,-2.5866356,-6.5897408,-4.632631,-3.9106293,-4.2759447,5.2275376,15.6862135
-9.639206,-13.858686,-2.5866356,-6.5897408,-4.632631,-3.9106293,-4.2759447,5.2275376,15.6862135
-11.997495,-16.140362,-1.3105261,-9.149591,-6.771401,-1.8424878,-1.5860316,6.9980073,18.832977
-11.997495,-16.140362,-1.3105261,-9.149591,-6.771401,-1.8424878,-1.5860316,6.9980073,18.832977
-6.438158,-13.41576,1.0621277,-3.7466264,-3.9896379,1.3362638,1.7643522,2.310675,14.632445
-6.438158,-13.41576,1.0621277,-3.7466264,-3.9896379,1.3362638,1.7643522,2.310675,14.632445
-4.3432317,-13.422942,-1.1381437,-1.8813937,-3.9731777,-0.23657705,0.27348047,0.78867334,14.129318
-4.3432317,-13.422942,-1.1381437,-1.8813937,-3.9731777,-0.23657705,0.27348047,0.78867334,14.129318
-0.5125088,-15.46759,-0.16849194,1.5619173,-5.9826612,1.2113165,1.4429026,-3.111296,15.092228
-0.5125088,-15.46759,-0.16849194,1.5619173,-5.9826612,1.2113165,1.4429026,-3.111296,15.092228
-0.15337855,-18.505833,-5.308843,1.503858,-8.995166,-3.5845687,-2.6199608,-2.5208833,18.906456
-0.15337855,-18.505833,-5.308843,1.503858,-8.995166,-3.5845687,-2.6199608,-2.5208833,18.906456
-3.0240264,-9.93459,1.2680291,-1.850269,-0.4201824,3.3348236,3.7290196,0.9000415,9.733091
-3.0240264,-9.93459,1.2680291,-1.850269,-0.4201824,3.3348236,3.7290196,0.9000415,9.733091
-2.7654526,-1.6434698,0.55216277,-2.087744,7.785046,3.1631894,1.685502,2.27481,1.6241703
-2.7654526,-1.6434698,0.55216277,-2.087744,7.785046,3.1631894,1.685502,2.27481,1.6241703
-3.6441245,3.7841854,-0.44382513,-3.316867,13.041367,2.7763762,-0.5329859,4.0732107,-3.304779
-3.6441245,3.7841854,-0.44382513,-3.316867,13.041367,2.7763762,-0.5329859,4.0732107,-3.304779
-1.0272622,-2.69213,-0.9274539,-0.90411043,6.345682,2.8770823,0.45274055,0.902269,2.8537588
-3.5004725,-5.988946,-3.1923687,-3.4588733,2.8314428,1.0938509,0.66182786,3.4174354,6.7967
-3.5004725,-5.988946,-3.1923687,-3.4588733,2.8314428,1.0938509,0.66182786,3.4174354,6.7967
-3.5004725,-5.988946,-3.1923687,-3.4588733,2.8314428,1.0938509,0.66182786,3.4174354,6.7967
-2.6577134,-1.9642929,2.4842834,-2.642151,6.639271,7.190835,3.6899366,1.7864643,0.5352284
-2.011279,-1.7344495,3.5760396,-1.903989,6.6401687,8.677634,4.3226833,1.0141382,-0.3571385
-2.011279,-1.7344495,3.5760396,-1.903989,6.6401687,8.677634,4.3226833,1.0141382,-0.3571385
0.114772044,-1.8996494,1.8761563,0.3959411,6.289418,7.2644567,2.5168297,-0.70887685,0.55214554
0.114772044,-1.8996494,1.8761563,0.3959411,6.289418,7.2644567,2.5168297,-0.70887685,0.55214554
0.68698627,-3.8365586,-2.3974938,1.1653777,4.251354,3.1278749,-0.008631718,-0.9252275,4.4814053
0.68698627,-3.8365586,-2.3974938,1.1653777,4.251354,3.1278749,-0.008631718,-0.9252275,4.4814053
0.885705,-4.7774796,-5.878663,1.5598224,3.3126774,-0.37693712,-2.4011123,-0.935061,7.178286
0.885705,-4.7774796,-5.878663,1.5598224,3.3126774,-0.37693712,-2.4011123,-0.935061,7.178286
1.5824177,-5.004929,-7.8059955,2.422184,3.168277,-2.4518123,-4.13558,-1.5922564,8.297508
1.5824177,-5.004929,-7.8059955,2.422184,3.168277,-2.4518123,-4.13558,-1.5922564,8.297508
2.559252,-7.193229,-8.967183,3.5145385,1.1038766,-3.827281,-4.3672705,-2.9348204,10.536437
2.559252,-7.193229,-8.967183,3.5145385,1.1038766,-3.827281,-4.3672705,-2.9348204,10.536437
2.5305216,-10.3631525,-9.910499,3.496133,-1.9306244,-4.998046,-3.9021719,-3.3339503,13.626237
2.5305216,-10.3631525,-9.910499,3.496133,-1.9306244,-4.998046,-3.9021719,-3.3339503,13.626237
-0.9290999,-13.197887,-10.068516,-0.042197805,-4.623353,-5.3924904,-2.57503,-0.18788026,16.424261
-0.9290999,-13.197887,-10.068516,-0.042197805,-4.623353,-5.3924904,-2.57503,-0.18788026,16.424261
-2.4637833,-15.498715,-13.157036,-1.6555905,-6.7922006,-8.71669,-4.5307517,1.4311234,19.920147
-2.4637833,-15.498715,-13.157036,-1.6555905,-6.7922006,-8.71669,-4.5307517,1.4311234,19.920147
-7.8674965,-19.688568,-13.836989,-7.100454,-10.894366,-9.565434,-3.129249,6.3883214,24.298084
-7.8674965,-19.688568,-13.836989,-7.100454,-10.894366,-9.565434,-3.129249,6.3883214,24.298084
-7.922563,-19.688568,-12.9655,-7.242909,-10.866982,-8.735844,-2.4979603,6.5850315,23.851805
-7.922563,-19.688568,-12.9655,-7.242909,-10.866982,-8.735844,-2.4979603,6.5850315,23.851805
-3.6082115,-5.529259,1.1890204,-2.9773395,3.246388,5.5205803,3.829954,2.9444206,4.6548367
-3.6082115,-5.529259,1.1890204,-2.9773395,3.246388,5.5205803,3.829954,2.9444206,4.6548367
-3.2035916,4.157681,4.0860043,-2.5748143,12.829629,8.6218195,2.0415473,3.3669064,-5.361042
-3.2035916,4.157681,4.0860043,-2.5748143,12.829629,8.6218195,2.0415473,3.3669064,-5.361042
-2.9809308,-2.1486464,1.5457565,-2.3609822,6.4873886,6.1508536,2.6502435,2.651966,1.3547251
-2.9809308,-2.1486464,1.5457565,-2.3609822,6.4873886,6.1508536,2.6502435,2.651966,1.3547251
-6.447735,-9.683199,8.364443,-5.839009,-0.9451111,12.774413,12.35276,4.9971204,5.266835
-6.447735,-9.683199,8.364443,-5.839009,-0.9451111,12.774413,12.35276,4.9971204,5.266835
-7.1228995,-17.270424,-3.230676,-6.654235,-8.326435,0.76419926,4.7286053,5.8364506,17.407373
-7.1228995,-17.270424,-3.230676,-6.654235,-8.326435,0.76419926,4.7286053,5.8364506,17.407373
-4.285771,-16.889746,-1.9425954,-3.8521209,-7.6916723,1.4309844,4.3780246,3.0622692,16.699112
-4.285771,-16.889746,-1.9425954,-3.8521209,-7.6916723,1.4309844,4.3780246,3.0622692,16.699112
-5.2769704,-7.5356,0.47794253,-4.787805,1.8189948,3.3803136,3.2899187,4.538835,7.3099594
-5.2769704,-7.5356,0.47794253,-4.787805,1.8189948,3.3803136,-4.2363596,3.6712205,7.309961
-5.2649994,-3.6929064,1.7253217,-4.6004586,5.7588034,4.2540474,3.2258778,4.6775537,3.4711277
-5.3152776,-4.9378915,-0.1062427,-4.3828855,4.604499,1.9539678,1.5061517,4.684254,5.332495
-5.3152776,-4.9378915,-0.1062427,-4.3828855,4.604499,1.9539678,1.5061517,4.684254,5.332495
-5.3152776,-4.9378915,-0.1062427,-4.3828855,4.604499,1.9539678,1.5061517,4.684254,5.332495
-4.3264723,-10.109367,-2.684798,-3.0883706,-0.5008371,-1.1629834,-0.69727117,3.0869565,10.867858
-0.20126258,-13.272107,-2.2298996,1.4209588,-3.6507087,-1.2446856,-1.1088278,-1.9010499,13.278492
-0.20126258,-13.272107,-2.2298996,1.4209588,-3.6507087,-1.2446856,-1.1088278,-1.9010499,13.278492
4.922329,-10.152463,0.40611646,6.949769,-0.57400984,0.9684546,0.21743147,-6.9750543,8.875138
4.922329,-10.152463,0.40611646,6.949769,-0.57400984,0.9684546,0.21743147,-6.9750543,8.875138
2.5305216,-7.818116,0.0398036,4.824466,1.7121534,0.33114803,-0.14519037,-4.2945395,7.0045652
2.5305216,-7.818116,0.0398036,4.824466,1.7121534,0.33114803,-0.14519037,-4.2945395,7.0045652
0.2033575,-5.7351604,0.89692783,2.5809495,3.778948,0.89797527,0.7500556,-1.662505,5.5146523
0.2033575,-5.7351604,0.89692783,2.5809495,3.778948,0.89797527,0.7500556,-1.662505,5.5146523
-3.268235,-5.926697,-0.75746554,-0.84006554,3.5675101,-1.1267712,-0.84726685,1.7810237,6.5185065
-3.268235,-5.926697,-0.75746554,-0.84006554,3.5675101,-1.1267712,-0.84726685,1.7810237,6.5185065
-3.7877767,-7.9665565,-2.5602994,-1.2987047,1.4917372,-3.2791586,-3.0342197,1.9071456,8.457229
-3.7877767,-7.9665565,-2.5602994,-1.2987047,1.4917372,-3.2791586,-3.0342197,1.9071456,8.457229
-2.3823802,-9.03437,-2.399888,0.18929157,0.3728969,-3.4307413,-3.3639607,0.19712715,9.038802
-2.3823802,-9.03437,-2.399888,0.18929157,0.3728969,-3.4307413,-3.3639607,0.19712715,9.038802
-2.674473,-9.087043,-1.083077,-0.0074818805,0.26081836,-2.37834,-2.310784,0.2654629,9.24608
-2.674473,-9.087043,-1.083077,-0.0074818805,0.26081836,-2.37834,-2.310784,0.2654629,9.24608
-2.6768672,-8.493281,1.0693103,0.09501988,0.7930793,-0.43125558,-0.29365525,0.16024624,8.962866
-2.6768672,-8.493281,1.0693103,0.09501988,0.7930793,-0.43125558,-0.29365525,0.16024624,8.962866
-3.4597712,-9.264214,1.2656349,-0.56652796,-0.047135845,-0.4213795,-0.40611255,0.5625841,9.945656
-3.4597712,-9.264214,1.2656349,-0.56652796,-0.047135845,-0.4213795,-0.40611255,0.5625841,9.945656
-4.51322,-10.485257,-1.3177087,-1.4758757,-1.356016,-3.216161,-3.4025025,1.2572222,10.9036
-4.51322,-10.485257,-1.3177087,-1.4758757,-1.356016,-3.216161,-3.4025025,1.2572222,10.9036
-2.4446297,-10.762984,-2.2322938,0.7733272,-1.7482162,-4.3658266,-4.6492295,-0.96779746,10.210252
-2.4446297,-10.762984,-2.2322938,0.7733272,-1.7482162,-4.3658266,-4.6492295,-0.96779746,10.210252
0.66065,-13.173945,-2.3113024,4.051887,-4.28592,-4.693533,-5.5103345,-4.964722,11.14985
0.66065,-13.173945,-2.3113024,4.051887,-4.28592,-4.693533,-5.5103345,-4.964722,11.14985
0.040551793,-13.971214,-2.2682068,3.5598786,-5.187936,-4.8449664,-5.898375,-4.886436,11.902653
0.040551793,-13.971214,-2.2682068,3.5598786,-5.187936,-4.8449664,-5.898375,-4.886436,11.902653
-1.7479169,-12.9034,-1.7462709,1.8718169,-4.180875,-4.3899183,-5.2803483,-2.9951968,11.651141
-1.7479169,-12.9034,-1.7462709,1.8718169,-4.180875,-4.3899183,-5.2803483,-2.9951968,11.651141
-2.1453543,-13.03987,-2.567482,1.532738,-4.3435307,-5.216666,-6.1411552,-2.6883733,11.674398
-2.1453543,-13.03987,-2.567482,1.532738,-4.3435307,-5.216666,-6.1411552,-2.6883733,11.674398
-2.296189,-13.87784,-2.1820157,1.4160206,-5.1797056,-4.776881,-5.9468665,-2.9120975,12.600897
-2.296189,-13.87784,-2.1820157,1.4160206,-5.1797056,-4.776881,-5.9468665,-2.9120975,12.600897
-1.4941314,-12.063036,-0.8005612,2.2294507,-3.3375173,-3.285144,-3.9890301,-3.0534124,11.097498
-1.4941314,-12.063036,-0.8005612,2.2294507,-3.3375173,-3.285144,-3.9890301,-3.0534124,11.097498
-2.9522004,-10.358364,-0.0104746325,0.73591775,-1.5656583,-2.3033717,-2.610207,-1.0672011,10.395153
-2.9522004,-10.358364,-0.0104746325,0.73591775,-1.5656583,-2.3033717,-2.610207,-1.0672011,10.395153
-4.6401124,-9.984869,-0.07272387,-1.0375872,-1.0829273,-2.060061,-2.237585,0.768206,10.753447
-4.6401124,-9.984869,-0.07272387,-1.0375872,-1.0829273,-2.060061,-2.237585,0.768206,10.753447
-6.873903,-11.225065,-0.6856395,-3.4109893,-2.1878514,-2.2697031,-2.5062792,2.6732395,12.660771
-6.873903,-11.225065,-0.6856395,-3.4109893,-2.1878514,-2.2697031,-2.5062792,2.6732395,12.660771
-8.573786,-15.256901,-0.9801263,-5.2651486,-6.0824695,-2.0070891,-2.444228,3.180516,17.063221
-8.573786,-15.256901,-0.9801263,-5.2651486,-6.0824695,-2.0070891,-2.444228,3.180516,17.063221
-9.086145,-15.539416,2.132336,-5.936872,-6.257695,1.8112136,1.9787749,3.397198,17.69525
-9.086145,-15.539416,2.132336,-5.936872,-6.257695,1.8112136,1.9787749,3.397198,17.69525
-7.2138796,-12.376676,0.25288755,-4.23235,-3.0388405,0.54662615,1.0685873,2.9942951,13.970627
-7.2138796,-12.376676,0.25288755,-4.23235,-3.0388405,0.54662615,1.0685873,2.9942951,13.970627
-5.1764135,-10.932972,-1.4589666,-2.373402,-1.5683517,-0.6717232,-0.22204258,1.8767109,12.03671
-5.1764135,-10.932972,-1.4589666,-2.373402,-1.5683517,-0.6717232,-0.22204258,1.8767109,12.03671
-3.7231333,-11.792491,-3.0798411,-1.170615,-2.4049757,-1.8426375,-1.384789,0.7550636,12.646039
-3.7231333,-11.792491,-3.0798411,-1.170615,-2.4049757,-1.8426375,-1.384789,0.7550636,12.646039
-0.70643914,-13.097331,-4.16202,1.5213655,-3.6839283,-2.5502737,-2.4249048,-1.8654197,13.416468
-0.70643914,-13.097331,-4.16202,1.5213655,-3.6839283,-2.5502737,-2.4249048,-1.8654197,13.416468
-2.4542065,-12.11092,-1.5571289,-0.6019921,-2.6768672,0.37663785,0.9017808,-0.14368483,12.421285
-2.4542065,-12.11092,-1.5571289,-0.6019921,-2.6768672,0.37663785,0.9017808,-0.14368483,12.421285
-2.6601076,-5.002535,3.0493152,-1.2276269,4.44304,5.2632036,4.524394,0.7162996,4.518476
-2.6601076,-5.002535,3.0493152,-1.2276269,4.44304,5.2632036,4.524394,0.7162996,4.518476
-1.9777602,-2.1821651,1.4930841,-0.89303726,7.245004,3.96809,2.4371226,1.095886,1.9396259
-1.9777602,-2.1821651,1.4930841,-0.89303726,7.245004,3.96809,2.4371226,1.095886,1.9396259
-1.477372,-0.82704705,0.4492121,-0.6546645,8.554782,3.1836896,1.0521305,1.1565115,0.7898924
-1.477372,-0.82704705,0.4492121,-0.6546645,8.554782,3.1836896,-0.773185,1.3589268,0.7898922
-1.477372,-0.31708208,-0.7957728,-0.8408137,9.002198,2.1908443,-0.21582831,1.5686945,0.6395618
-1.477372,-0.31708208,-0.7957728,-0.8408137,9.002198,2.1908443,-0.21582831,1.5686945,0.6395618
-1.9083284,-2.000206,-2.3567922,-1.3765163,7.243358,0.87538,-1.0090551,2.128472,2.7655787
-1.9083284,-2.000206,-2.3567922,-1.3765163,7.243358,0.87538,-2.3486776,-0.17972085,2.7655783
-2.5140615,-2.771139,0.15951368,-2.0329766,6.397307,3.6062663,1.7230427,1.9977711,2.658043
-2.5140615,-2.771139,0.15951368,-2.0329766,6.397307,3.6062663,1.7230427,1.9977711,2.658043
-1.5300446,-2.1294928,4.279935,-1.0275614,6.974609,7.890241,4.9903846,0.24411297,0.47967842
-1.5300446,-2.1294928,4.279935,-1.0275614,6.974609,7.890241,1.5485281,4.750325,0.47967818
-1.4390649,-2.8262055,3.1690252,-0.8453028,6.248567,6.839037,4.2040987,0.3564663,1.5164268
-0.32815528,-4.399196,1.2321161,0.38232407,4.7126865,4.7875056,2.6916144,-0.55214095,3.6645696
-0.32815528,-4.399196,1.2321161,0.38232407,4.7126865,4.7875056,2.6916144,-0.55214095,3.6645696
0.6582558,-7.0136642,-3.8435915,1.5168765,2.1911435,-0.57161564,-1.5231906,-1.0552984,7.8079586
0.6582558,-7.0136642,-3.8435915,1.5168765,2.1911435,-0.57161564,-1.5231906,-1.0552984,7.8079586
-0.8500912,-13.700669,-12.68059,0.14410101,-4.3795934,-9.799617,-8.086192,0.68454826,16.833694
-0.8500912,-13.700669,-12.68059,0.14410101,-4.3795934,-9.799617,-8.086192,0.68454826,16.833694
-0.8500912,-13.700669,-12.68059,0.14410101,-4.3795934,-9.799617,-2.9461415,-7.561439,16.833694
-2.449418,-19.688568,-19.4484,-1.3482348,-10.270377,-16.946758,-13.581329,2.1133368,24.144588
2.5544636,-19.688568,-14.861708,3.7753568,-10.222343,-12.609363,-10.611508,-3.743641,22.100142
2.5544636,-19.688568,-14.861708,3.7753568,-10.222343,-12.609363,-10.611508,-3.743641,22.100142
2.6143186,-9.369558,-7.554604,3.846734,0.07182605,-5.206491,-5.6151156,-3.1462386,10.500809
2.6143186,-9.369558,-7.554604,3.846734,0.07182605,-5.206491,-5.6151156,-3.1462386,10.500809
0.064493805,-7.303363,0.293589,1.101632,2.0847511,2.9318497,2.1099634,-1.1348108,6.905774
0.064493805,-7.303363,0.293589,1.101632,2.0847511,2.9318497,2.1099634,-1.1348108,6.905774
-1.04881,-12.276119,0.1690905,-0.18734628,-2.9150903,2.9620764,3.6349163,-0.51992464,11.762175
-1.04881,-12.276119,0.1690905,-0.18734628,-2.9150903,2.9620764,3.6349163,-0.51992464,11.762175
-0.18210897,-19.688568,0.10444705,0.5856816,-10.305542,2.8505964,5.4049573,-2.04156,18.822922
-0.18210897,-19.688568,0.10444705,0.5856816,-10.305542,2.8505964,5.4049573,-2.04156,18.822922
-0.18210897,-19.688568,0.10444705,0.5856816,-10.305542,2.8505964,3.090815,4.8814325,18.82292
-10.388591,-14.102896,-4.9449244,-9.720459,-4.6707883,-2.3446717,0.16358809,9.402593,15.583045
-11.3343,7.9046063,-4.4972086,-10.873567,17.341652,-1.8701708,-4.8270874,12.386411,-5.8694234
-11.3343,7.9046063,-4.4972086,-10.873567,17.341652,-1.8701708,-4.8270874,12.386411,-5.8694234
-7.2881,0.17133506,5.9989715,-6.9153523,9.558551,8.812308,6.5916567,6.5649066,-1.6079497
-7.2881,0.17133506,5.9989715,-6.9153523,9.558551,8.812308,6.5916567,6.5649066,-1.6079497
-8.003966,-7.4661684,11.4242325,-7.4978914,1.9048867,14.27034,13.8753395,6.315521,4.2319546
-8.003966,-7.4661684,11.4242325,-7.4978914,1.9048867,14.27034,13.8753395,6.315521,4.2319546
-5.4349875,-15.343092,0.32471362,-4.8322473,-5.9102364,2.9381344,4.882581,4.0057197,15.005654
-5.4349875,-15.343092,0.32471362,-4.8322473,-5.9102364,2.9381344,4.882581,4.0057197,15.005654
-1.6234183,-15.716587,-1.8947114,-0.83378077,-6.1505547,0.115370594,1.4101789,0.1753132,15.849832
-1.6234183,-15.716587,-1.8947114,-0.83378077,-6.1505547,0.115370594,1.4101789,0.1753132,15.849832
-4.125359,-11.792491,0.7149685,-3.1096191,-2.1654058,2.28347,2.949438,2.5566733,11.88936
-4.125359,-11.792491,0.7149685,-3.1096191,-2.1654058,2.28347,2.949438,2.5566733,11.88936
-3.967342,-7.688829,-8.9782564E-4,-2.6659436,1.9373581,1.3459903,1.4051356,2.774055,8.0739155
-3.967342,-7.688829,-8.9782564E-4,-2.6659436,1.9373581,1.3459903,1.4051356,2.774055,8.0739155
-3.2275336,-8.325686,0.4683657,-1.5475521,1.2777555,1.5286977,1.5539542,1.6198465,8.655328
-3.2275336,-8.325686,0.4683657,-1.5475521,1.2777555,1.5286977,1.5539542,1.6198465,8.655328
-0.9458593,-8.208371,0.23852235,1.06123,1.3639468,0.9555858,0.7855345,-0.81448096,8.188312
-0.9458593,-8.208371,0.23852235,1.06123,1.3639468,0.9555858,0.7855345,-0.81448096,8.188312
-0.71841013,-7.8109336,0.6192004,1.5239093,1.7281647,1.0048165,0.8615153,-1.1382803,7.7377205
-0.71841013,-7.8109336,0.6192004,1.5239093,1.7281647,1.0048165,0.8615153,-1.1382803,7.7377205
-1.963395,-6.9226847,0.4707599,0.44083238,2.5846903,0.50712186,0.5061797,0.18376926,7.1909738
-1.963395,-6.9226847,0.4707599,0.44083238,2.5846903,0.50712186,0.5061797,0.18376926,7.1909738
-3.85242,-6.6018615,-0.18525136,-1.3404536,2.8710968,-0.53704935,-0.3757638,2.0464916,7.357358
-3.85242,-6.6018615,-0.18525136,-1.3404536,2.8710968,-0.53704935,-0.3757638,2.0464916,7.357358
-3.4501944,-7.080702,0.6096236,-0.84485394,2.345719,-0.116418056,0.078156844,1.4375145,7.767836
-3.4501944,-7.080702,0.6096236,-0.84485394,2.345719,-0.116418056,0.078156844,1.4375145,7.767836
-2.6098294,-7.547571,-0.84126264,0.11806407,1.8103157,-1.9180548,-1.7023385,0.43318403,7.835762
-2.6098294,-7.547571,-0.84126264,0.11806407,1.8103157,-1.9180548,-1.7023385,0.43318403,7.835762
-2.9067104,-8.210765,-1.4039,-0.036361936,1.0642227,-2.7852046,-2.609862,0.3909536,8.418571
-2.9067104,-8.210765,-1.4039,-0.036361936,1.0642227,-2.7852046,-2.609862,0.3909536,8.418571
-3.0455742,-9.204359,-1.2841899,-0.021996727,-0.017357962,-2.9058127,-2.8691788,0.055504106,9.34931
-3.0455742,-9.204359,-1.2841899,-0.021996727,-0.017357962,-2.9058127,-2.8691788,0.055504106,9.34931
-3.2778118,-10.439767,-2.3974938,-0.107140526,-1.3513772,-4.273201,-4.44897,-0.289813,10.276354
-3.2778118,-10.439767,-2.3974938,-0.107140526,-1.3513772,-4.273201,-4.44897,-0.289813,10.276354
-0.8524854,-10.423007,-2.5219922,2.4467244,-1.4510359,-4.711041,-4.732801,-2.7544563,9.259579
-0.8524854,-10.423007,-2.5219922,2.4467244,-1.4510359,-4.711041,-4.732801,-2.7544563,9.259579
-0.58672905,-11.131691,-0.46297875,2.8287494,-2.2683566,-2.9016228,-3.1185882,-3.4239104,10.150094
-0.58672905,-11.131691,-0.46297875,2.8287494,-2.2683566,-2.9016228,-3.1185882,-3.4239104,10.150094
-1.8676269,-11.7805195,-0.6545149,1.6558897,-2.994398,-3.216161,-3.7112563,-2.5926657,11.05449
-1.8676269,-11.7805195,-0.6545149,1.6558897,-2.994398,-3.216161,-3.7112563,-2.5926657,11.05449
-2.2195747,-12.6639805,-1.2506711,1.3802572,-3.9299324,-3.8832455,-4.637366,-2.6678975,11.757731
-2.2195747,-12.6639805,-1.2506711,1.3802572,-3.9299324,-3.8832455,-4.637366,-2.6678975,11.757731
-3.601029,-13.286472,-2.4166474,0.06135142,-4.5877395,-5.079598,-6.0745215,-1.6852032,12.473901
-3.601029,-13.286472,-2.4166474,0.06135142,-4.5877395,-5.079598,-6.0745215,-1.6852032,12.473901
-3.7015855,-14.612861,-1.0399814,0.018405426,-5.9313354,-3.6789901,-5.068227,-2.221353,14.060502
-3.7015855,-14.612861,-1.0399814,0.018405426,-5.9313354,-3.6789901,-5.068227,-2.221353,14.060502
-1.7934067,-13.659968,-0.51086277,1.9636943,-4.974852,-3.08448,-4.0885777,-3.648821,12.650757
-1.7934067,-13.659968,-0.51086277,1.9636943,-4.974852,-3.08448,-4.0885777,-3.648821,12.650757
-1.7934067,-12.343157,0.10684125,1.9484313,-3.6164417,-2.3458688,-3.0408347,-3.0930417,11.694772
-1.7934067,-12.343157,0.10684125,1.9484313,-3.6164417,-2.3458688,-3.0408347,-3.0930417,11.694772
-3.5603275,-11.902624,-0.024839843,0.098461546,-3.0766988,-2.2357354,-2.8762207,-1.1120679,12.034936
-3.5603275,-11.902624,-0.024839843,0.098461546,-3.0766988,-2.2357354,-2.8762207,-1.1120679,12.034936
-6.435764,-10.856358,-0.31932664,-2.9325979,-1.8821418,-2.1531355,-2.4940748,2.2257442,12.174037
-6.435764,-10.856358,-0.31932664,-2.9325979,-1.8821418,-2.1531355,-2.4940748,2.2257442,12.174037
-9.426122,-12.06543,-2.7709892,-6.103269,-2.935441,-4.1029134,-4.315451,5.1058006,14.050353
-9.426122,-12.06543,-2.7709892,-6.103269,-2.935441,-4.1029134,-4.315451,5.1058006,14.050353
-11.26008,-14.512304,1.0860697,-8.0725,-5.260959,0.4357447,0.4850901,5.89886,17.422514
-11.26008,-14.512304,1.0860697,-8.0725,-5.260959,0.4357447,0.4850901,5.89886,17.422514
-8.497171,-11.71827,2.2137387,-5.4025164,-2.4132056,2.3219268,2.7960103,4.102649,13.775741
-8.497171,-11.71827,2.2137387,-5.4025164,-2.4132056,2.3219268,2.7960103,4.102649,13.775741
-5.7773585,-9.965715,0.530615,-2.7750294,-0.65391636,1.1993455,1.551247,2.287342,11.195383
-5.7773585,-9.965715,0.530615,-2.7750294,-0.65391636,1.1993455,1.551247,2.287342,11.195383
-3.3687913,-10.513988,-3.1612442,-0.52373165,-1.1927613,-2.0691888,-1.8776363,0.39310282,11.322814
-3.3687913,-10.513988,-3.1612442,-0.52373165,-1.1927613,-2.0691888,-1.8776363,0.39310282,11.322814
-0.847697,-13.128455,-4.535516,1.7280151,-3.7843351,-3.0437787,-2.9217288,-2.2287698,13.421696
-0.847697,-13.128455,-4.535516,1.7280151,-3.7843351,-3.0437787,-2.9217288,-2.2287698,13.421696
-0.8548796,-13.164369,-3.539528,1.3801076,-3.795109,-1.697489,-1.4521234,-1.9754595,13.436835
-0.8548796,-13.164369,-3.539528,1.3801076,-3.795109,-1.697489,-1.4521234,-1.9754595,13.436835
-1.3720272,-6.704812,1.1411364,0.48482585,2.6906338,3.250877,2.532655,-0.5279286,6.4378653
-1.3720272,-6.704812,1.1411364,0.48482585,2.6906338,3.250877,2.532655,-0.5279286,6.4378653
-2.2506993,-3.2044892,1.3566146,-0.8077438,6.194548,3.7544076,2.5302548,1.1590219,3.070714
-2.2506993,-3.2044892,1.3566146,-0.8077438,6.194548,3.7544076,2.5302548,1.1590219,3.070714
-2.1381717,-1.4375684,0.70299745,-1.035193,7.9367785,3.363554,1.5949618,1.600342,1.4239352
-2.1381717,-1.4375684,0.70299745,-1.035193,7.9367785,3.363554,1.5949618,1.600342,1.4239352
-2.008885,0.054019175,0.27204117,-1.1703157,9.3861685,3.1667807,0.81110746,1.8582363,0.040073115
-2.008885,0.054019175,0.27204117,-1.1703157,9.3861685,3.1667807,0.81110746,1.8582363,0.040073115
-3.007267,-0.5565023,0.12599486,-2.3252187,8.71669,3.2429461,1.1081965,2.767244,0.6953294
-3.007267,-0.5565023,0.12599486,-2.3252187,8.71669,3.2429461,1.1081965,2.767244,0.6953294
-2.830096,-2.2587798,-0.5300164,-2.1960814,6.9491706,2.7840075,0.959393,2.5113654,2.4829535
-2.830096,-2.2587798,-0.5300164,-2.1960814,6.9491706,2.7840075,0.959393,2.5113654,2.4829535
-1.7910125,-2.9315503,1.2464813,-1.1336545,6.2198367,4.709694,2.5399458,1.0341806,2.4154866
-1.7910125,-2.9315503,1.2464813,-1.1336545,6.2198367,4.709694,2.5399458,1.0341806,2.4154866
-1.5037084,-3.30744,1.9623476,-0.77138186,5.811775,5.494394,3.2508974,0.5718062,2.4810908
-1.5037084,-3.30744,1.9623476,-0.77138186,5.811775,5.494394,3.2508974,0.5718062,2.4810908
-0.26111764,-4.1238627,0.3031658,0.56518126,5.016152,3.7599442,1.685417,-0.44535783,3.7586381
-0.26111764,-4.1238627,0.3031658,0.56518126,5.016152,3.7599442,1.685417,-0.44535783,3.7586381
0.94556004,-6.417508,-2.6943748,1.8763059,2.8000188,0.521936,-0.75932103,-1.473093,6.825802
0.94556004,-6.417508,-2.6943748,1.8763059,2.8000188,0.521936,-0.75932103,-1.473093,6.825802
0.6223428,-11.763761,-9.455601,1.6554408,-2.434604,-6.6147304,-5.9219556,-0.94162434,13.864544
0.6223428,-11.763761,-9.455601,1.6554408,-2.434604,-6.6147304,-5.9219556,-0.94162434,13.864544
-0.9530419,-19.688568,-19.058743,0.14425065,-10.251822,-16.626684,-13.630353,0.74411786,23.779055
-0.9530419,-19.688568,-19.058743,0.14425065,-10.251822,-16.626684,-13.630353,0.74411786,23.779055
5.121048,-19.688568,-14.708479,6.268319,-10.184784,-12.578986,-11.177532,-5.9548087,21.675037
5.121048,-19.688568,-14.708479,6.268319,-10.184784,-12.578986,-11.177532,-5.9548087,21.675037
4.1298485,-10.779743,-9.5609455,5.2603602,-1.2913725,-7.355586,-7.672429,-4.393225,12.103868
4.1298485,-10.779743,-9.5609455,5.2603602,-1.2913725,-7.355586,-7.672429,-4.393225,12.103868
-0.71362174,-4.6577697,-2.459743,0.1643021,4.777031,0.067336924,-1.112765,0.4424571,5.1788416
-0.71362174,-4.6577697,-2.459743,0.1643021,4.777031,0.067336924,-1.112765,0.4424571,5.1788416
-4.2378864,-9.891495,2.0006547,-3.5860653,-0.50846857,4.7765822,5.247599,2.8290346,9.179502
-4.2378864,-9.891495,2.0006547,-3.5860653,-0.50846857,4.7765822,5.247599,2.8290346,9.179502
-2.7870004,-13.681516,-1.1261727,-2.234688,-4.297891,1.6695068,3.0932667,1.5903922,13.569151
-6.1388826,-19.688568,-0.37199908,-5.6135054,-10.262446,2.2822728,5.622352,4.390864,19.353899
-6.1388826,-19.688568,-0.37199908,-5.6135054,-10.262446,2.2822728,5.622352,4.390864,19.353899
-9.995942,-0.95633394,2.4890718,-9.574862,8.51423,4.999542,3.9964242,9.515539,0.71556944
-9.995942,-0.95633394,2.4890718,-9.574862,8.51423,4.999542,3.9964242,9.515539,0.71556944
-13.0820675,4.6006083,-9.053374,-12.850129,14.052917,-6.451027,-7.92633,14.438695,-1.7224998
-13.0820675,4.6006083,-9.053374,-12.850129,14.052917,-6.451027,-7.92633,14.438695,-1.7224998
-5.047127,-2.5891795,11.603798,-4.8594813,6.8525047,14.248044,12.449716,3.3969154,-0.53942513
-5.047127,-2.5891795,11.603798,-4.8594813,6.8525047,14.248044,12.449716,3.3969154,-0.53942513
-10.266486,-13.365481,8.232761,-9.901969,-3.916016,10.830022,12.618502,8.356198,11.079825
-10.266486,-13.365481,8.232761,-9.901969,-3.916016,10.830022,12.618502,8.356198,11.079825
-0.39279872,-16.631172,-3.467702,0.08185177,-7.0833955,-1.2798505,0.2714204,-0.4722333,16.984657
-2.0639515,-14.380623,1.6104,-1.3335704,-4.7219644,3.142689,3.9505713,0.45391032,14.065652
-2.0639515,-14.380623,1.6104,-1.3335704,-4.7219644,3.142689,3.9505713,0.45391032,14.065652
-3.9050927,-9.810092,-0.6736685,-2.9673138,-0.117016606,0.482282,0.9086604,2.847495,10.149267
-3.9050927,-9.810092,-0.6736685,-2.9673138,-0.117016606,0.482282,0.9086604,2.847495,10.149267
-4.027197,-8.296956,-0.1038485,-2.7828104,1.3928268,0.75118077,1.0167639,2.8336225,8.718105
-4.027197,-8.296956,-0.1038485,-2.7828104,1.3928268,0.75118077,1.0167639,2.8336225,8.718105
-1.915511,-7.854029,0.6407482,-0.31094694,1.8086698,1.1195886,1.0949306,0.482851,8.020817
-1.915511,-7.854029,0.6407482,-0.31094694,1.8086698,1.1195886,1.0949306,0.482851,8.020817
-0.90515786,-8.119785,0.68384385,0.98686004,1.5020623,0.7990648,0.70582724,-0.7548039,8.133264
-0.90515786,-8.119785,0.68384385,0.98686004,1.5020623,0.7990648,0.70582724,-0.7548039,8.133264
-1.6329952,-7.473351,0.9519945,0.44651863,2.1073463,0.7118261,0.7619571,-0.0615757,7.670696
-1.6329952,-7.473351,0.9519945,0.44651863,2.1073463,0.7118261,0.7619571,-0.0615757,7.670696
-3.89791,-5.9602156,0.54737437,-1.7010803,3.576189,-0.0863409,0.32683665,2.4413352,6.704517
-3.89791,-5.9602156,0.54737437,-1.7010803,3.576189,-0.0863409,0.32683665,2.4413352,6.704517
-4.575469,-6.3863835,0.13796587,-2.2888567,3.094805,-0.88765025,-0.3858268,2.9911768,7.255608
-4.575469,-6.3863835,0.13796587,-2.2888567,3.094805,-0.88765025,-0.3858268,2.9911768,7.255608
-2.6002526,-7.6696754,-0.60184246,-0.1925836,1.7375919,-1.9722236,-1.675241,0.7402834,7.911573
-1.4127287,-8.660875,-2.330456,1.143381,0.65660983,-4.010138,-3.8428347,-0.6813659,8.197924
-1.4127287,-8.660875,-2.330456,1.143381,0.65660983,-4.010138,-3.8428347,-0.6813659,8.197924
-1.4342765,-8.713548,-2.270601,1.2648867,0.514903,-4.1998787,-4.0091333,-0.8239312,8.147802
-1.4342765,-8.713548,-2.270601,1.2648867,0.514903,-4.1998787,-4.0091333,-0.8239312,8.147802
-2.8636148,-9.087043,-1.5643115,-0.020949265,0.050128598,-3.7099652,-3.6018314,0.25904053,8.954407
-2.8636148,-9.087043,-1.5643115,-0.020949265,0.050128598,-3.7099652,-3.6018314,0.25904053,8.954407
-1.6042647,-9.520393,-2.6057892,1.3558663,-0.494253,-5.042488,-4.978493,-1.1253597,8.599409
-1.6042647,-9.520393,-2.6057892,1.3558663,-0.494253,-5.042488,-4.978493,-1.1253597,8.599409
0.624737,-10.961703,0.36062664,3.6905122,-2.047641,-2.343624,-2.730624,-3.9806066,9.868016
0.624737,-10.961703,0.36062664,3.6905122,-2.047641,-2.343624,-2.730624,-3.9806066,9.868016
-2.2267573,-12.48681,-1.2267292,0.9388263,-3.6643257,-4.1103954,-4.9938226,-1.755022,11.591607
-2.2267573,-12.48681,-1.2267292,0.9388263,-3.6643257,-4.1103954,-4.9938226,-1.755022,11.591607
