-1.8101654,-11.584854,3.0101776,-1.9476085,-0.27916086,3.054204,0.10929012,0.80854475,13.3469305
-1.8101654,-11.584854,3.0101776,-1.5291443,0.5267774,2.8274794,0.123107344,-0.15148449,13.058159
-1.8101654,-11.584854,3.0101776,-0.6864705,1.1307266,2.0895185,-0.54278183,-0.85346043,12.063387
-1.8101654,-11.584854,3.0101776,0.04717064,1.3826618,0.8889084,1.3716624,-0.19443846,10.692579
-1.8101654,-11.584854,3.0101776,1.6246061,1.3758343,-0.5253825,1.7540909,-0.617085,8.64447
-1.8101654,-11.584854,3.0101776,2.22467,1.1080196,-0.65147686,1.660692,-1.033323,8.140627
-1.8101654,-11.584854,3.0101776,2.7173486,0.7441596,-0.7760439,1.4413441,-1.4009352,7.6853514
-1.8101654,-11.584854,3.0101776,2.8034244,0.33973348,-0.25392866,1.066589,-1.8742132,7.965781
-1.8101654,-11.584854,3.0101776,2.5896025,0.28602123,-0.23491001,0.9596879,-1.7256618,8.090807
-1.8101654,-11.584854,3.0101776,2.0016618,0.22922719,-0.7437091,0.7339961,-0.96917343,8.036269
-1.8101654,-11.584854,3.0101776,1.9850864,-0.0065569878,-1.3372726,0.51939267,-0.61076546,7.5514097
-1.8101654,-11.584854,3.0101776,1.875536,-0.1753143,-1.6175127,0.3419658,-0.39055896,7.378639
-1.8101654,-11.584854,3.0101776,1.3265085,-0.6043527,-2.358067,-0.23230669,0.343755,7.0656266
-1.8101654,-11.584854,3.0101776,1.2169285,-0.54689014,-2.7245317,-0.2090557,0.64985657,6.8507986
-1.8101654,-11.584854,3.0101776,1.2418404,-0.21546268,-3.0513983,0.121363044,0.8967066,6.6316214
-1.8101654,-11.584854,3.0101776,1.2099504,0.07951665,-3.385672,0.38490644,1.2035656,6.4397
-1.8101654,-11.584854,3.0101776,0.6567073,0.24251103,-2.6272244,0.37194815,1.186985,7.3889856
-1.8101654,-11.584854,3.0101776,0.6185236,0.0062031746,-2.6357207,0.7176006,-0.87558913,7.3473763
-1.8101654,-11.584854,3.0101776,0.8095317,-0.4765241,-2.6549435,-0.1468893,0.7944517,7.108797
-1.8101654,-11.584854,3.0101776,0.8902478,-0.7462084,-2.2379422,-0.30873773,0.38801408,7.3344283
-1.8101654,-11.584854,3.0101776,-1.6790905,-1.1484003,-1.3431206,-1.8950706,1.4621296,9.345104
-1.8101654,-11.584854,3.0101776,-3.8379235,-0.90190387,0.96405697,-2.3506646,1.8093977,12.576658
-1.8101654,-11.584854,3.0101776,-5.2941537,-0.6588448,2.8024764,-2.3760297,1.7508702,15.060691
-1.8101654,-11.584854,3.0101776,-4.965117,-0.110333204,3.975194,-1.3962069,0.9351511,15.942024
-1.8101654,-11.584854,3.0101776,-4.2029715,0.64146733,3.2992883,-0.2738437,1.0310631,15.081465
-1.8101654,-11.584854,3.0101776,-2.933735,1.2463093,1.5620522,0.700608,1.3918409,12.996012
-1.8101654,-11.584854,3.0101776,-1.4105835,1.6242368,-0.032324314,1.3190155,1.364533,10.82015
-1.8101654,-11.584854,3.0101776,0.2488761,1.5339158,-1.399118,1.4892684,0.96585584,8.701404
-1.8101654,-11.584854,3.0101776,2.1720805,1.4254112,-2.1364026,1.7356306,-0.049105883,6.92583
-1.8101654,-11.584854,3.0101776,2.5845184,1.3125036,-2.6957684,1.7170547,-0.043299675,6.240221
-1.8101654,-11.584854,3.0101776,2.5581918,1.2887722,-2.9386587,1.7034554,0.11419392,6.074868
-1.8101654,-11.584854,3.0101776,1.6650853,0.95488656,-2.9606667,1.1915704,0.73277473,6.5673504
-1.8101654,-11.584854,3.0101776,0.96092844,0.28533745,-2.5030427,0.40365827,0.82711935,7.2722955
-1.8101654,-11.584854,3.0101776,1.1869717,-0.45637703,-2.3029995,-0.2285299,0.3350737,7.207326
-1.8101654,-11.584854,3.0101776,1.4312034,-0.76346886,-2.5129719,-0.42024,0.1269722,6.8480134
-1.8101654,-11.584854,3.0101776,0.25279713,-0.7826153,-2.3902197,-0.77000254,0.9221444,7.582624
-1.8101654,-11.584854,3.0101776,-0.07849121,-0.80610406,-2.4106722,-0.90250707,1.1168339,7.7077284
-1.8101654,-11.584854,3.0101776,-0.63973,-0.9553206,-2.1163797,-1.2146466,1.3273354,8.205473
-1.8101654,-11.584854,3.0101776,-1.9814868,-0.49949408,-0.7524357,-1.3073399,1.7109351,10.13147
-1.8101654,-11.584854,3.0101776,-2.9418268,-0.37232757,-0.03621006,-1.5619335,2.035143,11.294212
-1.8101654,-11.584854,3.0101776,-4.784683,0.42943954,0.9832263,-1.5474669,2.9962912,13.366417
-1.8101654,-11.584854,3.0101776,-2.2403398,0.5983689,1.3432918,-0.2899143,0.98460627,12.28215
-1.8101654,-11.584854,3.0101776,-1.1914659,0.9291891,1.6735368,0.4874255,0.17516232,12.001062
-1.8101654,-11.584854,3.0101776,0.00810957,2.1143267,2.5565152,2.122799,-0.836678,12.214949
-1.8101654,-11.584854,3.0101776,0.9418464,2.2620025,1.7873812,2.5439985,-1.0524945,11.078967
-1.8101654,-11.584854,3.0101776,1.6214056,1.8484415,0.894207,2.3290675,-1.1881382,9.901875
-1.8101654,-11.584854,3.0101776,2.022695,1.1231409,0.25419664,1.8127639,-1.2504668,9.053273
-1.8101654,-11.584854,3.0101776,2.2786875,0.39625025,-0.0055327415,1.256727,-1.5104356,8.5865345
-1.8101654,-11.584854,3.0101776,2.2203922,-0.1231159,-0.5488477,0.82761806,-1.2945657,8.107922
-1.8101654,-11.584854,3.0101776,1.7149177,-0.45279884,-1.1592202,0.30370992,-0.7192302,7.83682
-1.8101654,-11.584854,3.0101776,1.7806363,-0.95520616,-1.2427158,0.023547828,-0.95366335,7.634692
-1.8101654,-11.584854,3.0101776,1.904841,-1.1169448,-1.578845,0.015877664,-0.94896054,7.263432
-1.8101654,-11.584854,3.0101776,1.4754467,-0.7294731,-1.1128054,0.24149185,-0.73242736,7.9756284
-1.8101654,-11.584854,3.0101776,-0.068982124,-0.12834382,0.033003807,-0.13537776,-0.060534477,9.824771
-1.8101654,-11.584854,3.0101776,-0.8620572,0.08098316,0.35363483,-0.5551466,0.32635498,10.484931
-1.8101654,-11.584854,3.0101776,0.12034249,0.3440447,-2.2416868,0.051933646,1.3413849,7.9747114
-1.8101654,-11.584854,3.0101776,-0.11831212,-1.2018199,-1.304327,-0.88241816,-0.19646645,8.276168
-1.8101654,-11.584854,3.0101776,-1.2475061,-1.574692,1.3955564,0.33954144,2.147995,10.9266205
-1.8101654,-11.584854,3.0101776,-1.8566301,-0.55715346,3.5153112,-1.5159242,-0.9105067,13.410517
-1.8101654,-11.584854,3.0101776,-2.3044343,0.8201623,2.729762,-0.95892465,0.80725,13.250994
-1.8101654,-11.584854,3.0101776,-1.9038744,1.0927348,0.8583727,1.6461768,-0.2996236,11.466752
-1.8101654,-11.584854,3.0101776,-0.991719,0.69046545,-0.49900436,-0.28278077,1.2762218,9.830051
-1.8101654,-11.584854,3.0101776,-0.07228851,0.13597107,-1.8621063,-0.07502657,0.8657484,8.152563
-1.8101654,-11.584854,3.0101776,0.60365176,-0.41321135,-3.1142035,0.040202826,0.5267041,6.651596
-1.8101654,-11.584854,3.0101776,0.9379673,-0.6785929,-3.9317255,0.20368403,0.38594556,5.7313232
-2.9515533,-12.518051,2.050644,0.41053188,-0.9696832,-4.193039,-0.29977977,0.3348794,5.5068383
2.0757751,-5.8743744,-4.125229,-0.004672408,-1.2893727,-4.12527,-0.6997045,0.1012907,5.54279
1.8065796,-6.0514526,-3.8763733,-0.075045824,-1.8287156,-3.4218311,-0.8197018,-0.6923045,6.0773654
1.6642151,-7.401001,-1.984848,0.5131264,-1.3966441,-3.3314867,0.18510723,-0.5854956,6.2100334
1.5062866,-9.040085,-2.116455,0.9233621,-1.0420737,-3.3687983,0.7423452,-0.26480436,6.2477007
2.663208,-10.352554,-3.0233307,1.1396176,0.22113061,-2.5498896,1.0594285,0.88231087,7.367655
3.9625092,-10.750946,-3.3463593,0.17736642,0.5499072,-0.8550968,0.1529201,0.750129,9.114574
3.7567291,-12.057434,-2.3688965,-0.606253,-0.5615883,-1.1882486,-0.64376605,-0.23461163,8.531746
3.4755707,-12.479767,-1.3375854,-1.3421943,-1.3381612,0.8458128,-1.5017288,-1.3141072,10.377171
3.7040863,-12.228516,-1.9621124,-0.24224102,-0.69017696,2.1193676,-0.31668165,-1.1045476,11.73186
3.176468,-11.593231,-2.7936249,0.70471126,0.47676682,3.4346504,0.8519841,-0.2849797,13.229173
0.79800415,-13.057632,-0.89849854,1.1520021,2.2293215,4.711423,2.164826,0.8630245,14.609065
-0.0023956299,-9.932602,2.9623108,1.2971406,2.9177797,3.8220587,3.087613,0.5881268,13.669926
0.6891327,-10.19342,3.1489563,1.7863938,2.8345325,2.691618,3.356257,-0.80603546,12.367203
-0.6077728,-12.502502,3.3272247,2.0840893,2.1469712,-0.34463978,2.8224607,-0.88805735,9.243835
-0.82432556,-12.92244,3.8620148,2.2310622,1.5311368,-1.4486465,-0.52569497,-2.4616487,8.050368
-1.3005066,-12.996613,3.7615204,2.1051865,1.3179678,-1.9506721,2.1579614,-0.52687395,7.5617495
-1.1629181,-11.783447,2.3270264,1.5281281,0.5560204,-2.7427378,-0.038622856,-1.2081038,6.856067
-0.37088013,-9.962524,0.20458984,2.1386337,-0.31554055,-2.757226,0.8824554,-0.9179208,6.542556
1.2179413,-9.388245,-3.103485,1.6963043,-0.88151586,-2.7075825,0.2025133,-0.8711952,6.6151733
2.346161,-8.269592,-5.25943,0.88728,-0.43923116,-2.761858,0.048386574,-0.08114438,6.8742237
1.1198425,-6.0801697,-5.27977,1.1714926,0.0680995,-3.625679,0.6057742,0.56011724,6.0861816
0.59580994,-5.145767,-5.004593,0.8335748,0.040939093,-3.3459797,0.3897105,0.7810273,6.4704514
-0.39242554,-3.9589233,-2.6153564,-0.23151565,-0.19260192,-1.264226,-0.39630854,0.5138643,8.680662
-1.4416809,-3.8500519,1.3280182,-0.42193365,-0.25577712,-0.7009611,-0.5458775,0.35870218,9.251541
-1.3997955,-4.1563263,2.0159454,0.18759489,0.062126637,-0.94866943,0.09592199,0.37803984,8.919571
0.114852905,-5.026123,-1.0576324,-0.79661655,-0.3673494,-0.48162842,-0.89305526,0.37445164,9.554169
2.0291138,-8.023132,-5.913864,-1.0479369,-0.7277498,1.8620539,-1.0882359,-0.8166914,11.607705
2.7565308,-9.471985,-9.121445,-1.2646742,-0.13310623,2.3222485,-0.7838066,-0.33689117,12.313065
1.3686981,-13.899902,-5.453247,-2.4321487,1.2363925,2.2667007,-0.47699744,1.3251157,13.062183
-1.2131653,-14.482559,-3.5653076,-1.9057596,1.3874443,1.2045412,0.010570109,1.5457568,11.955689
0.5036926,-11.887543,-4.9052887,-1.0819745,1.2156079,0.853673,0.40929598,1.0279899,11.273907
0.5120697,-11.83371,-4.9423676,-0.12840939,0.9775994,0.07196903,0.72319883,0.5914254,10.130021
-0.41874695,-11.740387,2.7385864,0.1883645,1.0194764,-1.2683802,0.68031144,-1.1080719,8.810179
-0.6137543,-10.532013,6.406784,0.6880522,0.6184304,-1.8668203,0.7587411,0.6728928,7.9866457
0.3409729,-11.227127,4.47937,0.93372345,0.34463048,-2.0891552,0.6691,0.43302178,7.634101
0.850647,-13.643875,1.0396881,1.7549496,-0.38269997,-2.7103033,0.562873,-0.2928393,6.617689
1.3088684,-14.593826,0.48335266,2.3613858,-0.64265394,-3.3671503,0.73395544,-0.56254554,5.7481165
0.8039856,-13.200012,2.2037964,2.3231368,-0.7178271,-4.1527424,0.61885315,-0.22678208,5.0397744
1.2394867,-10.724625,2.2348938,2.3231368,-0.7178271,-4.1527424,0.61885315,-0.22678208,5.0397744
0.84347534,-9.037689,0.36012268,2.3231368,-0.7178271,-4.1527424,0.61885315,-0.22678208,5.0397744
0.59820557,-8.330612,-0.41993713,2.3231368,-0.7178271,-4.1527424,0.61885315,-0.22678208,5.0397744
0.4390869,-6.1986084,-2.202591,2.3231368,-0.7178271,-4.1527424,0.61885315,-0.22678208,5.0397744
1.0372925,-4.9387817,-2.3497467,-1.0345113,0.27517247,-3.931075,2.8996513,0.1952675,6.9512725
1.640274,-4.249649,-3.131012,-1.0345113,0.27517247,-3.931075,2.8996513,0.1952675,6.9512725
2.0757751,-4.4805603,-3.098709,-3.3064485,0.97376394,1.9923034,-2.1020617,0.6522436,13.124182
1.380661,-5.515457,-2.3665009,-2.490025,1.3008032,2.469788,-1.087366,0.3467145,13.3688965
1.3639069,-6.0311127,-2.5100708,-3.703549,4.105288,2.6409736,-0.40266693,2.5713844,15.353746
1.5840454,-7.5266266,-3.509079,-2.6903887,3.9309525,3.6850195,0.66465616,1.4576049,15.612127
2.5579224,-11.004593,-4.8107758,0.22590303,3.986277,4.299984,3.276517,0.22106647,14.669455
2.8426666,-11.97847,-4.87059,1.7041116,3.4879735,4.0281534,4.106274,-0.5683403,13.563175
2.6608124,-12.904495,-3.5210419,3.2978177,2.0669787,3.194538,4.188243,-1.962378,11.796818
4.051056,-12.876968,-2.059021,2.743803,1.2261679,-1.0681896,2.6942751,-0.31384182,8.128749
4.278366,-12.381668,-1.9656982,2.6543581,2.0406353,0.15589046,3.3313105,-0.24840426,9.533202
1.4680023,-13.468002,-0.71784973,2.355167,2.7862728,-2.3610077,3.3897674,1.4741623,7.5217414
-1.036087,-12.502502,2.2612152,-0.21688771,3.1698895,-2.9163399,1.2749915,3.6163967,7.832733
-1.5553284,-11.070389,3.9936218,0.24159908,2.425117,-4.4805813,1.1441562,3.346999,6.131915
-0.5359955,-11.709274,5.6063843,0.7439816,-0.39080143,-5.3972416,0.013638973,1.2588633,4.4914336
-1.4129639,-11.7595215,4.130005,1.4262655,-1.1300628,-7.0278664,1.0162718,-0.7820665,2.66118
-2.0231323,-12.28714,2.4849396,2.5474997,-1.7693343,-7.275861,0.99941087,0.6708478,1.989388
-2.3090668,-12.230911,1.6869354,1.4134449,-2.971556,-6.321986,0.003845185,-0.40818995,2.691255
-0.9523468,-10.48056,-0.9260254,5.197397,-2.882566,-1.214345,5.044425,-1.789457,6.9521136
-0.31704712,-9.768692,-2.1260223,4.3793845,-2.151458,-2.4193983,4.2038736,-0.44861042,6.3733625
1.188034,-8.729019,-3.2913208,7.5908,-1.7668378,1.9614267,7.960861,-0.8402684,10.519245
1.6929169,-7.2143555,-2.651245,3.243838,-5.7748966,2.4557457,-6.4315042,2.9105484,10.065613
1.3830566,-6.661621,-3.1094666,0.7568623,-6.158887,5.4986515,5.3538556,-5.5236497,12.899452
0.43070984,-4.857437,-2.892929,0.99188924,-4.968834,4.2770157,5.298908,-3.0630863,12.357161
-0.21655273,-4.646866,-1.9621124,2.2892778,-3.4777417,1.9211359,4.3824234,-0.23602772,11.135148
-0.5168457,-4.5750732,-1.4177399,0.86504316,-1.5019112,0.17083073,1.6797985,0.4513259,9.894983
-0.7884369,-4.241272,-0.28115845,0.75871706,-1.735806,0.9267645,-1.68445,1.0780909,10.475915
-0.3098755,-5.4137573,-0.3361969,2.0702715,-1.8186705,2.1729965,2.499189,0.6545315,12.181761
0.23091125,-6.4115753,-1.5146637,2.0702715,-1.8186705,2.5761795,2.5832076,0.44964743,12.518688
2.0494537,-10.443481,-8.955139,4.7978187,-2.3275537,1.2652426,-4.2180977,-0.6346841,13.247906
0.77526855,-11.85643,-5.659027,5.407371,-1.1706547,0.22035837,-0.11393905,3.978507,13.655957
-1.3351898,-13.028915,-2.6033936,7.3351693,-1.9827372,-2.12999,-1.0581049,6.8917418,13.502204
-0.49890137,-12.658035,-4.197006,10.961189,-0.1557884,-2.996121,-5.1178465,7.9043093,16.1689
0.16270447,-10.688736,-6.352951,12.232466,2.1449883,-5.989764,-9.132627,8.725954,15.33515
0.64845276,-10.319046,-2.9814606,10.220531,5.5110836,-8.204739,-12.561533,6.0038905,12.689409
-0.36968994,-10.469803,4.6959076,10.293534,7.831563,-8.175974,9.389785,-11.738428,12.666376
-0.43190002,-10.60379,4.1683044,7.565941,5.1877117,-4.1532254,-9.514766,0.6368124,13.042208
0.22253418,-9.888336,3.887146,6.2554255,3.3567998,-2.5716715,5.8771057,-3.346502,13.164107
-0.22013855,-13.41655,0.82432556,4.775365,-0.018740416,-0.95754004,2.3561552,-2.1124792,13.508988
0.39840698,-14.744568,-1.4356995,3.3472948,-2.2479432,-1.3222938,-1.3843269,2.7370005,12.738981
-0.10887146,-13.720444,-0.32183838,1.638649,-3.8148823,-1.5017903,-0.7342917,-4.0068164,11.509622
0.72143555,-10.009171,0.2715912,-3.1476984,-13.917223,-3.7203505,5.9560375,13.39907,8.248232
0.44148254,-7.931015,-0.43788147,-5.5819063,-12.952023,-2.949641,7.0673623,11.869162,5.709292
0.1375885,-7.367508,-1.1365967,-3.7834396,-9.738323,-4.2504964,3.5940018,10.111349,6.333923
0.21894836,-6.151947,-1.4536438,-0.064600945,-5.9201703,-6.357299,-1.4498942,8.45472,8.43428
0.6149597,-5.7152557,-0.83987427,-3.305317,1.7118722,-6.5303664,4.2953014,-2.463212,4.151185
0.53359985,-4.837097,-1.5625153,-3.2526894,0.76055884,-5.726263,-3.3805766,2.5683577,4.7151117
1.5182495,-5.38385,-2.2037964,-3.9597712,0.37582064,-2.0049925,-0.3270194,0.52380097,5.395333
0.5359955,-6.4665985,-3.1046906,-3.8345594,-0.6061239,-0.4090116,-1.3409802,-0.28381896,6.1515527
0.8949127,-7.779068,-4.729416,-3.587757,-0.8264028,0.3112347,1.8558183,0.16302228,6.6158557
1.8556366,-8.773285,-3.686142,-1.4164181,-0.89627576,-0.19041085,0.818977,0.73092353,8.525701
2.548355,-11.332413,-0.6508484,-0.66597843,-1.5263972,-1.5633826,-0.08934721,2.1441338,9.024161
2.555542,-12.065811,-1.7204437,-0.6789694,0.5815642,-4.166979,-3.4076807,2.096782,8.33895
3.5557404,-11.95813,-3.2996979,-0.2884903,0.44798183,-1.602843,-1.4861361,0.6302353,9.309435
4.8071747,-11.812164,-3.777069,4.5948257,-0.62433344,3.1344347,2.3658152,-1.5659117,14.631351
2.7900238,-11.942581,0.2679901,4.9366655,-2.9299607,6.6219873,6.8036413,-2.0867805,14.921517
2.2959137,-12.592224,2.7302094,4.706197,-4.793581,8.735211,9.7240305,-1.8901367,14.633787
-1.4967041,-11.42334,5.0201416,4.4689407,-4.7850556,6.8474927,8.222356,-0.65453553,14.467207
-1.0779724,-10.074982,4.49971,4.162924,-5.111205,5.2114205,7.0190735,0.7714772,14.361944
-2.5746765,-10.941177,3.694519,3.078453,-6.7489705,2.2831502,-6.142945,-3.252771,13.25947
-2.9276123,-11.426926,2.3437653,1.9209156,-6.947837,1.8144629,-6.0687475,-3.61578,12.119886
-3.8105774,-12.442673,0.79322815,0.06567192,-5.703319,1.1946192,4.3123274,3.8924615,10.266921
-2.1092682,-12.851852,-0.7142639,-2.3457136,-3.9433825,2.1481657,4.3293133,1.8977115,7.9837413
-0.5694885,-11.44487,-2.6560364,-2.9746962,-2.5942342,0.33592832,2.1615465,1.908849,7.090821
0.9750824,-9.827316,-1.9513397,-3.5156088,-3.5727353,-0.8599616,1.7591579,3.4384794,6.498222
2.0518494,-8.020737,-1.5146637,-3.409752,-2.7854614,-1.3898509,0.8487616,3.113001,6.50427
1.5134583,-6.5682983,-1.5337982,-1.3537273,-1.504358,-1.1325511,0.050009787,1.8922225,8.466749
0.47138977,-4.9579315,-1.8412781,-0.8741665,-1.7522659,-1.0066401,0.18879074,2.039213,8.998011
0.25842285,-4.590637,-1.7575226,-0.07530117,-2.070903,-0.98481834,0.16403013,2.2883306,9.835223
-0.6879425,-4.249649,-0.97746277,-2.6018114,0.5883033,0.060477138,0.4210322,-0.45272768,7.211087
-0.59820557,-4.862213,-0.59820557,-2.7975597,0.14298224,1.6816039,2.1117992,-0.72205526,7.420541
-0.23808289,-5.6434784,-1.7264252,-2.1696033,-0.345294,1.4176123,1.9782428,-0.057768226,8.098067
0.830307,-7.2346954,-3.940979,0.042201996,-2.2476878,-0.47011042,0.34324598,2.197416,10.379743
1.6498566,-9.897903,-6.049057,2.4547367,-3.1907601,-1.6153288,-0.12909956,-3.1737635,12.760719
1.8245239,-10.64566,-5.004593,2.8477592,-2.9678726,-0.14755833,-0.073794484,2.0224557,13.390505
0.114852905,-12.202194,-2.445465,0.64573,-2.0352163,0.9523251,1.3144119,1.3340185,11.206193
-0.91166687,-12.096909,-5.059616,-0.36594105,-1.6595387,1.1059432,1.5791501,1.2291417,10.133126
-0.45224,-11.11586,-6.3385925,-0.5663481,-2.5358357,1.2291422,-2.5925057,-1.1631243,10.240306
0.51924133,-11.763123,0.34217834,0.4125824,-3.0077813,1.9059169,2.5345201,1.9969302,11.368052
-1.3459625,-11.58963,5.0943146,1.5500479,-1.9146011,2.5156846,2.6827228,0.46495658,12.039101
-1.799408,-11.210373,5.5166473,0.8581276,-1.5907047,3.9028943,4.071822,0.0066918135,11.192121
-2.892929,-13.070801,2.0650024,-3.3163338,-1.8024011,6.5104456,6.9967856,1.2710689,7.3445354
-0.12802124,-14.650055,-1.3555298,-4.34301,-2.1628804,5.5218005,6.16362,2.4433818,6.6333632
-0.107681274,-13.02652,1.3124695,-3.3591366,-2.062358,4.786575,-5.7756658,0.69626975,7.660651
0.5419769,-12.187836,2.8570251,-1.5351782,-0.8977771,3.4104645,3.5397027,1.0334721,8.712811
1.0253296,-9.929016,2.5459595,-2.7941341,-0.20426655,3.120975,2.9927063,1.4296892,7.239727
0.41516113,-8.700302,2.2492523,-3.9376302,0.1910305,2.5998962,2.2078185,2.071092,6.1821504
-0.275177,-7.527817,0.41635132,-4.8434567,0.9449916,1.8285663,1.0503072,2.4279375,5.257177
0.6305084,-5.4843445,-1.7024994,-5.1808834,1.78193,0.905704,-1.6780055,-1.9471052,4.884231
1.0420685,-5.063217,-1.8448639,-4.26422,3.3459249,-0.9860542,-1.9870503,0.8468898,4.7385635
1.3902283,-4.701889,-2.6285095,-2.7815228,5.277379,0.23004389,-0.60150874,-0.50373256,3.8884618
1.7180481,-5.42453,-3.797409,-2.5882006,4.72746,3.2961583,1.8614671,1.2094679,3.8918853
1.7515411,-5.9318085,-3.348755,-2.3364916,4.4615126,2.6581178,0.68699294,1.4718945,4.348496
2.0889282,-7.8891296,-3.2350922,0.11546767,1.3398056,-0.2542925,0.6921537,0.22348088,8.647316
2.3030853,-8.897705,-4.1108704,0.4925492,-14.914611,2.1590204,5.09996,5.1358113,23.034025
2.0937195,-10.444672,-4.278366,-4.992957,-13.559188,7.3328867,4.552681,11.633261,20.126183
2.2480621,-12.110077,-3.5485535,-4.831484,-4.38945,1.6238155,-1.3664792,5.1124024,13.959161
1.8604126,-12.324234,-2.1990051,-4.334653,2.537384,-2.430309,2.870514,-4.7278123,9.070524
2.4957123,-12.045471,-1.2693939,-4.2074943,5.033183,0.35705423,-4.7864323,2.1308649,5.8426986
2.9335938,-11.004593,-1.9896393,-1.8279471,1.9754171,2.4499846,-0.80694747,2.6480494,7.443864
2.1068878,-12.2560425,-1.2753754,-0.7725345,0.11507797,1.7542157,0.29254425,1.7942758,9.188333
-0.25004578,-11.702103,2.6799622,-0.06527436,-0.57897854,1.4608564,-1.5724132,-0.032227427,9.799061
-0.3409729,-11.181656,5.416153,0.069770455,-1.0038414,2.1318812,1.4950116,1.8197519,9.911188
-0.8674011,-12.684357,5.330017,-0.76572573,-1.3647709,3.7655337,-4.0236087,-0.661887,9.781101
-1.0923309,-12.538391,4.2711945,-2.2301123,-2.3852901,5.4864883,-6.002305,-2.119821,10.299864
-1.881958,-12.563522,0.550354,-2.2423656,2.2922258,6.92458,0.8317423,6.203835,5.441682
-0.99302673,-11.758331,-0.673584,-1.0660292,1.799839,6.1658654,1.6100123,4.9972177,5.9557524
-0.4139557,-11.330017,-1.7371826,-0.115557075,-0.25948906,5.2400794,-4.930929,-0.49669048,8.080857
1.4608154,-9.343979,-3.1070862,6.9059935,-3.4138231,6.020235,9.694667,1.2415462,9.557303
1.8783722,-8.17627,-2.6249237,2.2195942,-4.3710985,11.070295,8.901817,8.199556,9.475752
1.6462555,-6.9152527,-2.6392822,-1.1233373,-2.6432867,7.4427977,4.0319114,6.883872,9.815906
0.7417755,-5.4305115,-2.7266235,-0.3997121,0.22361565,3.4397578,1.4376986,2.8716073,8.491887
-0.35055542,-4.155136,-2.0913239,-1.2834945,2.2704306,-0.1557262,0.91798925,-1.7468084,8.09422
-0.58265686,-3.8428802,-1.5349884,0.28187394,0.24492931,1.2011561,-1.0407168,0.1445769,9.115113
-1.0660095,-4.6743774,-0.3026886,0.24081397,0.60604477,3.6246228,1.7948476,2.6693,8.013182
-1.1736755,-6.131607,-0.29312134,-1.2680471,-0.33753014,2.9087744,0.5601613,3.125309,9.488058
-0.5144501,-6.6149597,-3.2901306,-1.6909761,-0.107439995,1.960787,-0.3333611,2.5677328,9.700588
1.4225311,-8.775681,-5.047653,-1.3437893,1.2763472,1.3430102,-0.8591189,1.702901,8.541521
1.8544312,-11.17688,-7.3986053,-1.7412882,1.2544184,1.0692358,-1.3078327,1.702395,8.738783
1.2562256,-12.823135,-7.6115723,-0.672585,0.09889126,1.6107697,0.18388557,1.6890855,9.394454
0.37327576,-12.254837,-6.016754,-0.101803064,0.5816498,1.2513902,0.28409916,1.0051358,8.8991
0.19381714,-12.382858,-2.8307037,1.3364816,2.1368523,-1.7195599,-0.48634624,-2.5134044,8.14669
-0.5790558,-12.90329,2.2624207,1.0290732,1.7446346,-1.2963464,-0.39357758,-1.9521536,8.458524
-1.8915253,-11.248657,5.2163544,0.8064079,1.0788145,2.842907,-2.2663171,-0.057927698,7.625662
-1.1700897,-9.829712,4.515259,1.6597617,2.6290379,4.822526,2.4662151,2.609791,5.3311405
-0.97268677,-11.955734,1.1928253,1.9305034,4.435131,6.5115004,2.7847195,3.560744,3.0714214
-0.7956085,-12.595825,0.72024536,4.8681245,4.1809006,3.7144153,-2.8666267,3.3744206,3.859282
-0.73698425,-11.75235,2.3066864,4.6807384,4.5044155,4.2095394,4.511526,0.055633485,3.5167906
0.13519287,-10.327423,2.786438,3.8947186,4.9516726,3.3615072,3.4261038,-0.5416266,3.56517
0.37806702,-10.156342,1.8209381,2.2661564,4.5244627,1.5243795,1.3612211,-1.2849662,4.864394
0.53359985,-9.755539,-0.20100403,0.5113221,-1.6079426,1.3811073,1.5095758,1.3368874,10.636288
0.5156555,-7.5888367,-1.2538452,0.13490033,-4.878151,2.4948092,2.7097063,3.5499163,12.983787
0.69869995,-7.0420837,-0.5970154,0.34325433,-11.624096,4.7278066,6.310501,7.911866,17.234274
1.9872437,-6.233307,-0.36968994,-1.6645525,-8.091042,3.259241,-5.7192607,-4.34277,15.03051
1.696518,-5.638687,-1.9585266,-3.16414,-6.259133,2.2439432,0.6612817,5.8698063,14.203454
0.34695435,-6.023926,-2.190628,-6.27704,-2.9052057,-0.2863989,-4.1485505,4.1000147,13.535305
0.052642822,-6.546768,-3.4169464,-2.6783285,-0.3863697,1.7594476,0.0035290718,-3.2243223,9.657948
0.19621277,-7.5146637,-4.5403748,-0.027837992,0.7396951,2.2455482,-0.9903786,-1.057521,7.9381723
0.8566284,-8.825928,-4.1000977,0.1262734,3.1272879,1.8752084,-0.6686199,0.008857489,6.2198486
1.9776611,-9.686142,-3.661026,-0.72648716,1.2119756,2.0511937,-0.45107877,1.3554199,7.7662015
2.170288,-11.894714,-2.5627136,-0.3214394,0.2716961,1.2475753,0.044864416,0.96893716,8.916295
3.151352,-11.784653,-3.053238,1.3577428,-0.6687565,-0.7640786,1.1140904,-1.0020843,10.599838
5.0979156,-12.187836,-2.9814606,2.7555425,1.0866251,-0.761899,1.629544,-2.4427176,8.951095
5.09552,-11.796616,-1.4045868,1.8429836,2.688527,0.33253765,0.7731472,-1.7056904,7.118117
2.0231323,-12.770493,-0.53359985,1.3950245,3.5176773,1.5159922,0.64687157,-0.85037804,5.872595
0.16870117,-10.656433,3.3272247,0.9753107,4.71319,6.709408,-3.3105972,-1.229132,2.3426883
0.22372437,-10.298706,5.0488586,0.13169414,4.6368246,7.413328,1.7907937,3.6900802,2.083226
-0.46540833,-10.698303,4.864609,-1.0035884,2.7554235,7.385706,1.5733364,4.9023366,3.7535586
-2.9551392,-11.429321,-1.4919281,-3.9404726,-1.6842566,-1.0089972,-1.9371204,3.723919,11.134094
0.3409729,-9.620346,-4.4937134,-0.40704346,0.15237999,-4.170149,0.0,0.0,0.0
1.8340912,-8.792419,-3.4241333,1.1890199,0.9862232,-3.0602407,0.0,0.0,0.0
2.4059906,-7.225128,-2.8666077,1.8670166,2.547861,-2.259512,0.0,0.0,0.0
1.7120667,-5.264206,-3.4360962,1.2630656,4.496008,-2.5952542,0.0,0.0,0.0
0.89849854,-4.9459686,-3.5581207,0.58729374,4.788702,-2.4136903,0.0,0.0,0.0
-0.2536316,-5.1026917,-2.0518494,-0.49695772,4.609004,-0.712394,0.0,0.0,0.0
-0.8494568,-4.95195,0.32302856,-1.0014248,4.722574,1.9201709,0.0,0.0,0.0
-0.8231354,-4.832306,0.60658264,-0.9206755,4.833026,2.2625515,0.0,0.0,0.0
0.45224,-6.1375885,-1.6307068,0.39432934,3.536314,-0.02364862,0.0,0.0,0.0
1.9010925,-8.545959,-4.9292145,1.839686,1.1604395,-3.531919,0.0,0.0,0.0
2.1104736,-10.743774,-6.51326,2.0059521,-1.028574,-5.181212,0.0,0.0,0.0
-0.27876282,-11.974884,-4.7976074,-0.44994706,-2.255683,-3.5021482,0.0,0.0,0.0
-1.5876312,-12.51207,-3.2398834,-1.8148547,-2.797594,-1.9178717,0.0,0.0,0.0
-1.0588226,-11.95694,-3.6873322,-1.3166065,-2.2482967,-2.3285866,0.0,0.0,0.0
-0.22132874,-11.655441,-5.7798615,-0.47894317,-1.948822,-4.406706,0.0,0.0,0.0
-0.42712402,-11.820541,-0.70588684,-0.70015633,-2.130085,0.7742804,0.0,0.0,0.0
-1.8376923,-10.29631,5.038086,-2.1816406,-0.6707878,6.8823724,0.0,0.0,0.0
-2.1176453,-9.923035,5.71167,-2.4999428,-0.30928993,7.609075,0.0,0.0,0.0
-2.889328,-12.646072,2.979065,-3.2821531,-2.9945335,4.671364,0.0,0.0,0.0
-2.7924194,-14.371292,-1.409378,-3.1310568,-4.644479,-0.20737493,0.0,0.0,0.0
-3.0233307,-14.3437805,1.3507538,-3.4282603,-4.5879135,2.2615135,0.0,0.0,0.0
-0.30389404,-11.42453,2.7110748,-0.8420316,-1.6573038,3.4054053,0.0,0.0,0.0
0.76690674,-10.795212,2.7481537,0.019635737,-1.0242405,3.1224458,0.0,0.0,0.0
2.423935,-9.645462,1.6462555,1.5240667,0.11899662,1.7726585,0.0,0.0,0.0
3.2291107,-8.383255,-1.3866425,2.204042,1.3693361,-1.4677567,0.0,0.0,0.0
2.5052795,-6.7585297,-1.9381866,1.428348,2.9883556,-2.0321593,0.0,0.0,0.0
1.8448639,-5.4293213,-2.0374908,0.69117045,4.30923,-2.0353186,0.0,0.0,0.0
1.0061798,-4.9818573,-1.9346008,-0.18547475,4.7519865,-1.8831899,0.0,0.0,0.0
0.23808289,-5.2534485,-1.6199341,-1.054636,4.4665585,-1.4759475,0.0,0.0,0.0
0.22970581,-6.5659027,-1.7862396,-1.1118485,3.1478853,-1.6724896,0.0,0.0,0.0
0.8805542,-7.6654053,-3.0975037,-0.5016246,2.0433407,-3.1124797,0.0,0.0,0.0
1.2370911,-9.506683,-5.2091675,-0.19808483,0.1910038,-5.4651294,0.0,0.0,0.0
1.1856384,-10.161118,-5.4676056,-0.27736592,-0.46993828,-5.800853,0.0,0.0,0.0
1.8352966,-10.211365,-4.5523376,0.3335377,-0.5258608,-4.8781023,0.0,0.0,0.0
2.8283234,-11.523834,-2.100891,1.2803077,-1.8438454,-2.3689506,0.0,0.0,0.0
3.119049,-11.804993,-1.6857452,1.540982,-2.12788,-1.8690274,0.0,0.0,0.0
3.3116608,-11.023727,0.0035858154,1.6982234,-1.3508787,-0.053071637,0.0,0.0,0.0
0.77526855,-13.033707,1.1210327,-0.8805561,-3.3686771,1.2469133,0.0,0.0,0.0
0.035888672,-13.166504,2.0039825,-1.6165433,-3.5015526,2.173056,0.0,0.0,0.0
-0.9188385,-10.466202,4.0773773,-2.52988,-0.7943373,4.250513,0.0,0.0,0.0
-1.0947113,-11.740387,3.969696,-2.5559783,-2.0438013,4.076081,0.0,0.0,0.0
-1.8400879,-12.114868,3.1214447,-3.1858325,-2.4010305,3.148082,0.0,0.0,0.0
-4.207779,-12.595825,2.9192505,-5.3428993,-2.8555164,2.8282485,0.0,0.0,0.0
-5.3934174,-11.602798,2.0027924,-6.3821764,-1.8469753,1.8737303,0.0,0.0,0.0
-3.9972076,-10.613358,-0.122039795,-4.748459,-0.83758354,-0.32265696,0.0,0.0,0.0
-0.81355286,-10.09053,-3.998413,-1.4830284,-0.30950165,-4.2300634,0.0,0.0,0.0
1.7742767,-8.237289,-2.0913239,1.1384623,1.5486441,-2.1316566,0.0,0.0,0.0
2.1044922,-7.9334106,-2.2755737,1.4783242,1.8496408,-2.0105984,0.0,0.0,0.0
1.2071838,-5.145767,-2.7469635,0.624562,4.6246967,-2.139526,0.0,0.0,0.0
0.093322754,-3.7782593,-2.761322,-0.34439096,5.9492664,-1.5976917,0.0,0.0,0.0
-0.20578003,-4.022339,-1.475174,-0.5905237,5.686697,-0.14965987,0.0,0.0,0.0
-0.3517456,-4.084549,-0.6424713,-0.69560367,5.60902,0.80212545,0.0,0.0,0.0
-0.3517456,-4.084549,-0.6424713,-0.62253785,5.5744286,1.0312105,0.0,0.0,0.0
-0.3517456,-4.084549,-0.6424713,-0.62253785,5.5744286,1.0312105,0.0,0.0,0.0
-0.3517456,-4.084549,-0.6424713,-0.62253785,5.5744286,1.0312105,0.0,0.0,0.0
-0.3517456,-4.084549,-0.6424713,-0.62253785,5.5744286,1.0312105,0.0,0.0,0.0
-0.3517456,-4.084549,-0.6424713,-0.62253785,5.5744286,1.0312105,0.0,0.0,0.0
-0.3517456,-4.084549,-0.6424713,-0.62253785,5.5744286,1.0312105,0.0,0.0,0.0
-0.3517456,-4.084549,-0.6424713,-0.62253785,5.5744286,1.0312105,0.0,0.0,0.0
-0.3517456,-4.084549,-0.6424713,-0.62253785,5.5744286,1.0312105,0.0,0.0,0.0
-0.3517456,-4.084549,-0.6424713,-0.62253785,5.5744286,1.0312105,0.0,0.0,0.0
-0.3517456,-4.084549,-0.6424713,-0.62253785,5.5744286,1.0312105,0.0,0.0,0.0
-0.3517456,-4.084549,-0.6424713,-0.62253785,5.5744286,1.0312105,0.0,0.0,0.0
-0.3517456,-4.084549,-0.6424713,-0.62253785,5.5744286,1.0312105,0.0,0.0,0.0
-0.3517456,-4.084549,-0.6424713,-0.62253785,5.5744286,1.0312105,0.0,0.0,0.0
-0.3517456,-4.084549,-0.6424713,-0.62253785,5.5744286,1.0312105,0.0,0.0,0.0
-0.3517456,-4.084549,-0.6424713,-0.62253785,5.5744286,1.0312105,0.0,0.0,0.0
-0.3517456,-4.084549,-0.6424713,-0.62253785,5.5744286,1.0312105,0.0,0.0,0.0
-0.3517456,-4.084549,-0.6424713,-0.62253785,5.5744286,1.0312105,0.0,0.0,0.0
-0.3517456,-4.084549,-0.6424713,-0.62253785,5.5744286,1.0312105,0.0,0.0,0.0
-0.3517456,-4.084549,-0.6424713,-0.62253785,5.5744286,1.0312105,0.0,0.0,0.0
-0.3517456,-4.084549,-0.6424713,-0.62253785,5.5744286,1.0312105,0.0,0.0,0.0
-0.3517456,-4.084549,-0.6424713,-0.62253785,5.5744286,1.0312105,0.0,0.0,0.0
-0.3517456,-4.084549,-0.6424713,-0.62253785,5.5744286,1.0312105,0.0,0.0,0.0
-0.3517456,-4.084549,-0.6424713,-0.62253785,5.5744286,1.0312105,0.0,0.0,0.0
-0.3517456,-4.084549,-0.6424713,-0.62253785,5.5744286,1.0312105,0.0,0.0,0.0
-0.3517456,-4.084549,-0.6424713,-0.62253785,5.5744286,1.0312105,0.0,0.0,0.0
-0.3517456,-4.084549,-0.6424713,-0.62253785,5.5744286,1.0312105,0.0,0.0,0.0
-0.3517456,-4.084549,-0.6424713,-0.62253785,5.5744286,1.0312105,0.0,0.0,0.0
-0.3517456,-4.084549,-0.6424713,-0.62253785,5.5744286,1.0312105,0.0,0.0,0.0
-0.3517456,-4.084549,-0.6424713,-0.62253785,5.5744286,1.0312105,0.0,0.0,0.0
-0.3517456,-4.084549,-0.6424713,-0.62253785,5.5744286,1.0312105,0.0,0.0,0.0
-0.3517456,-4.084549,-0.6424713,-0.62253785,5.5744286,1.0312105,0.0,0.0,0.0
-0.3517456,-4.084549,-0.6424713,-0.62253785,5.5744286,1.0312105,0.0,0.0,0.0
-0.3517456,-4.084549,-0.6424713,-0.62253785,5.5744286,1.0312105,0.0,0.0,0.0
-0.3517456,-4.084549,-0.6424713,-0.62253785,5.5744286,1.0312105,0.0,0.0,0.0
-0.3517456,-4.084549,-0.6424713,-0.62253785,5.5744286,1.0312105,0.0,0.0,0.0
-0.3517456,-4.084549,-0.6424713,-0.62253785,5.5744286,1.0312105,0.0,0.0,0.0
-0.3517456,-4.084549,-0.6424713,-0.62253785,5.5744286,1.0312105,0.0,0.0,0.0
-0.3517456,-4.084549,-0.6424713,-0.62253785,5.5744286,1.0312105,0.0,0.0,0.0
-0.3517456,-4.084549,-0.6424713,-0.62253785,5.5744286,1.0312105,0.0,0.0,0.0
-0.3517456,-4.084549,-0.6424713,-0.62253785,5.5744286,1.0312105,0.0,0.0,0.0
-0.3517456,-4.084549,-0.6424713,-0.62253785,5.5744286,1.0312105,0.0,0.0,0.0
-0.3517456,-4.084549,-0.6424713,-0.62253785,5.5744286,1.0312105,0.0,0.0,0.0
-0.3517456,-4.084549,-0.6424713,-0.62253785,5.5744286,1.0312105,0.0,0.0,0.0
-0.3517456,-4.084549,-0.6424713,-0.62253785,5.5744286,1.0312105,0.0,0.0,0.0
-0.3517456,-4.084549,-0.6424713,-0.62253785,5.5744286,1.0312105,0.0,0.0,0.0
-0.3517456,-4.084549,-0.6424713,-0.62253785,5.5744286,1.0312105,0.0,0.0,0.0
-0.3517456,-4.084549,-0.6424713,-0.62253785,5.5744286,1.0312105,0.0,0.0,0.0
-0.3517456,-4.084549,-0.6424713,-0.62253785,5.5744286,1.0312105,0.0,0.0,0.0
-0.3517456,-4.084549,-0.6424713,-0.62253785,5.5744286,1.0312105,0.0,0.0,0.0
-0.3517456,-4.084549,-0.6424713,-0.62253785,5.5744286,1.0312105,0.0,0.0,0.0
-0.3517456,-4.084549,-0.6424713,-0.62253785,5.5744286,1.0312105,0.0,0.0,0.0
-0.3517456,-4.084549,-0.6424713,-0.62253785,5.5744286,1.0312105,0.0,0.0,0.0
-0.3517456,-4.084549,-0.6424713,-0.62253785,5.5744286,1.0312105,0.0,0.0,0.0
-0.3517456,-4.084549,-0.6424713,-0.62253785,5.5744286,1.0312105,0.0,0.0,0.0
-0.3517456,-4.084549,-0.6424713,-0.62253785,5.5744286,1.0312105,0.0,0.0,0.0
-0.3517456,-4.084549,-0.6424713,-0.62253785,5.5744286,1.0312105,0.0,0.0,0.0
-0.3517456,-4.084549,-0.6424713,-0.62253785,5.5744286,1.0312105,0.0,0.0,0.0
-0.3517456,-4.084549,-0.6424713,-0.62253785,5.5744286,1.0312105,0.0,0.0,0.0
-0.3517456,-4.084549,-0.6424713,-0.62253785,5.5744286,1.0312105,0.0,0.0,0.0
-0.3517456,-4.084549,-0.6424713,-0.62253785,5.5744286,1.0312105,0.0,0.0,0.0
-0.3517456,-4.084549,-0.6424713,-0.62253785,5.5744286,1.0312105,0.0,0.0,0.0
-0.3517456,-4.084549,-0.6424713,-0.62253785,5.5744286,1.0312105,0.0,0.0,0.0
-0.3517456,-4.084549,-0.6424713,-0.62253785,5.5744286,1.0312105,0.0,0.0,0.0
-0.3517456,-4.084549,-0.6424713,-0.62253785,5.5744286,1.0312105,0.0,0.0,0.0
-0.3517456,-4.084549,-0.6424713,-0.62253785,5.5744286,1.0312105,0.0,0.0,0.0
-0.3517456,-4.084549,-0.6424713,-0.62253785,5.5744286,1.0312105,0.0,0.0,0.0
-0.3517456,-4.084549,-0.6424713,-0.62253785,5.5744286,1.0312105,0.0,0.0,0.0
-0.3517456,-4.084549,-0.6424713,-0.62253785,5.5744286,1.0312105,0.0,0.0,0.0
-0.3517456,-4.084549,-0.6424713,-0.62253785,5.5744286,1.0312105,0.0,0.0,0.0
-0.3517456,-4.084549,-0.6424713,-0.62253785,5.5744286,1.0312105,0.0,0.0,0.0
-0.3517456,-4.084549,-0.6424713,-0.62253785,5.5744286,1.0312105,0.0,0.0,0.0
-0.3517456,-4.084549,-0.6424713,-0.62253785,5.5744286,1.0312105,0.0,0.0,0.0
-0.3517456,-4.084549,-0.6424713,-0.62253785,5.5744286,1.0312105,0.0,0.0,0.0
-0.3517456,-4.084549,-0.6424713,-0.62253785,5.5744286,1.0312105,0.0,0.0,0.0
-0.3517456,-4.084549,-0.6424713,-0.62253785,5.5744286,1.0312105,0.0,0.0,0.0
-0.3517456,-4.084549,-0.6424713,-0.62253785,5.5744286,1.0312105,0.0,0.0,0.0
-0.3517456,-4.084549,-0.6424713,-0.62253785,5.5744286,1.0312105,0.0,0.0,0.0
-0.3517456,-4.084549,-0.6424713,-0.62253785,5.5744286,1.0312105,0.0,0.0,0.0
-0.3517456,-4.084549,-0.6424713,-0.62253785,5.5744286,1.0312105,0.0,0.0,0.0
-0.3517456,-4.084549,-0.6424713,-0.62253785,5.5744286,1.0312105,0.0,0.0,0.0
-0.3517456,-4.084549,-0.6424713,-0.62253785,5.5744286,1.0312105,0.0,0.0,0.0
-0.3517456,-4.084549,-0.6424713,-0.62253785,5.5744286,1.0312105,0.0,0.0,0.0
-0.3517456,-4.084549,-0.6424713,-0.62253785,5.5744286,1.0312105,0.0,0.0,0.0
-0.3517456,-4.084549,-0.6424713,-0.62253785,5.5744286,1.0312105,0.0,0.0,0.0
-0.3517456,-4.084549,-0.6424713,-0.62253785,5.5744286,1.0312105,0.0,0.0,0.0
-0.3517456,-4.084549,-0.6424713,-0.62253785,5.5744286,1.0312105,0.0,0.0,0.0
-0.3517456,-4.084549,-0.6424713,-0.62253785,5.5744286,1.0312105,0.0,0.0,0.0
-0.3517456,-4.084549,-0.6424713,-0.62253785,5.5744286,1.0312105,0.0,0.0,0.0
-0.3517456,-4.084549,-0.6424713,-0.62253785,5.5744286,1.0312105,0.0,0.0,0.0
-0.3517456,-4.084549,-0.6424713,-0.62253785,5.5744286,1.0312105,0.0,0.0,0.0
-0.3517456,-4.084549,-0.6424713,-0.62253785,5.5744286,1.0312105,0.0,0.0,0.0
-0.3517456,-4.084549,-0.6424713,-0.62253785,5.5744286,1.0312105,0.0,0.0,0.0
-0.3517456,-4.084549,-0.6424713,-0.62253785,5.5744286,1.0312105,0.0,0.0,0.0
-0.3517456,-4.084549,-0.6424713,-0.62253785,5.5744286,1.0312105,0.0,0.0,0.0
-0.3517456,-4.084549,-0.6424713,-0.62253785,5.5744286,1.0312105,0.0,0.0,0.0
-0.3517456,-4.084549,-0.6424713,-0.62253785,5.5744286,1.0312105,0.0,0.0,0.0
-0.3517456,-4.084549,-0.6424713,-0.62253785,5.5744286,1.0312105,0.0,0.0,0.0
-0.3517456,-4.084549,-0.6424713,-0.62253785,5.5744286,1.0312105,0.0,0.0,0.0
-0.3517456,-4.084549,-0.6424713,-0.62253785,5.5744286,1.0312105,0.0,0.0,0.0
-0.3517456,-4.084549,-0.6424713,-0.62253785,5.5744286,1.0312105,0.0,0.0,0.0
-0.3517456,-4.084549,-0.6424713,-0.62253785,5.5744286,1.0312105,0.0,0.0,0.0
-0.3517456,-4.084549,-0.6424713,-0.62253785,5.5744286,1.0312105,0.0,0.0,0.0
-0.3517456,-4.084549,-0.6424713,-0.62253785,5.5744286,1.0312105,0.0,0.0,0.0
-0.3517456,-4.084549,-0.6424713,-0.62253785,5.5744286,1.0312105,0.0,0.0,0.0
-0.3517456,-4.084549,-0.6424713,-0.62253785,5.5744286,1.0312105,0.0,0.0,0.0
-0.3517456,-4.084549,-0.6424713,-0.62253785,5.5744286,1.0312105,0.0,0.0,0.0
-0.3517456,-4.084549,-0.6424713,-0.62253785,5.5744286,1.0312105,0.0,0.0,0.0
-0.3517456,-4.084549,-0.6424713,-0.62253785,5.5744286,1.0312105,0.0,0.0,0.0
-0.3517456,-4.084549,-0.6424713,-0.62253785,5.5744286,1.0312105,0.0,0.0,0.0
-0.3517456,-4.084549,-0.6424713,-0.62253785,5.5744286,1.0312105,0.0,0.0,0.0
-0.3517456,-4.084549,-0.6424713,-0.62253785,5.5744286,1.0312105,0.0,0.0,0.0
-0.3517456,-4.084549,-0.6424713,-0.62253785,5.5744286,1.0312105,0.0,0.0,0.0
-0.3517456,-4.084549,-0.6424713,-0.62253785,5.5744286,1.0312105,0.0,0.0,0.0
-0.3517456,-4.084549,-0.6424713,-0.62253785,5.5744286,1.0312105,0.0,0.0,0.0
-0.3517456,-4.084549,-0.6424713,-0.62253785,5.5744286,1.0312105,0.0,0.0,0.0
-0.3517456,-4.084549,-0.6424713,-0.62253785,5.5744286,1.0312105,0.0,0.0,0.0
-0.3517456,-4.084549,-0.6424713,-0.62253785,5.5744286,1.0312105,0.0,0.0,0.0
-0.3517456,-4.084549,-0.6424713,-0.62253785,5.5744286,1.0312105,0.0,0.0,0.0
-0.3517456,-4.084549,-0.6424713,-0.62253785,5.5744286,1.0312105,0.0,0.0,0.0
-0.3517456,-4.084549,-0.6424713,-0.62253785,5.5744286,1.0312105,0.0,0.0,0.0
-0.3517456,-4.084549,-0.6424713,-0.62253785,5.5744286,1.0312105,0.0,0.0,0.0
-0.3517456,-4.084549,-0.6424713,-0.62253785,5.5744286,1.0312105,0.0,0.0,0.0
-0.3517456,-4.084549,-0.6424713,-0.62253785,5.5744286,1.0312105,0.0,0.0,0.0
-0.3517456,-4.084549,-0.6424713,-0.62253785,5.5744286,1.0312105,0.0,0.0,0.0
-0.3517456,-4.084549,-0.6424713,-0.62253785,5.5744286,1.0312105,0.0,0.0,0.0
-0.3517456,-4.084549,-0.6424713,-0.62253785,5.5744286,1.0312105,0.0,0.0,0.0
-0.3517456,-4.084549,-0.6424713,-0.62253785,5.5744286,1.0312105,0.0,0.0,0.0
-0.3517456,-4.084549,-0.6424713,-0.62253785,5.5744286,1.0312105,0.0,0.0,0.0
-0.3517456,-4.084549,-0.6424713,-0.62253785,5.5744286,1.0312105,0.0,0.0,0.0
-0.3517456,-4.084549,-0.6424713,-0.62253785,5.5744286,1.0312105,0.0,0.0,0.0
-0.3517456,-4.084549,-0.6424713,-0.62253785,5.5744286,1.0312105,0.0,0.0,0.0
-0.3517456,-4.084549,-0.6424713,-0.62253785,5.5744286,1.0312105,0.0,0.0,0.0
-0.3517456,-4.084549,-0.6424713,-0.62253785,5.5744286,1.0312105,0.0,0.0,0.0
-0.3517456,-4.084549,-0.6424713,-0.62253785,5.5744286,1.0312105,0.0,0.0,0.0
-0.3517456,-4.084549,-0.6424713,-0.62253785,5.5744286,1.0312105,0.0,0.0,0.0
-0.3517456,-4.084549,-0.6424713,-0.62253785,5.5744286,1.0312105,0.0,0.0,0.0
-0.3517456,-4.084549,-0.6424713,-0.62253785,5.5744286,1.0312105,0.0,0.0,0.0
-0.3517456,-4.084549,-0.6424713,-0.62253785,5.5744286,1.0312105,0.0,0.0,0.0
-0.3517456,-4.084549,-0.6424713,-0.62253785,5.5744286,1.0312105,0.0,0.0,0.0
-0.3517456,-4.084549,-0.6424713,-0.62253785,5.5744286,1.0312105,0.0,0.0,0.0
-0.3517456,-4.084549,-0.6424713,-0.62253785,5.5744286,1.0312105,0.0,0.0,0.0
-0.3517456,-4.084549,-0.6424713,-0.62253785,5.5744286,1.0312105,0.0,0.0,0.0
-0.3517456,-4.084549,-0.6424713,-0.62253785,5.5744286,1.0312105,0.0,0.0,0.0
-0.3517456,-4.084549,-0.6424713,-0.62253785,5.5744286,1.0312105,0.0,0.0,0.0
-0.3517456,-4.084549,-0.6424713,-0.62253785,5.5744286,1.0312105,0.0,0.0,0.0
-0.3517456,-4.084549,-0.6424713,-0.62253785,5.5744286,1.0312105,0.0,0.0,0.0
-0.3517456,-4.084549,-0.6424713,-0.62253785,5.5744286,1.0312105,0.0,0.0,0.0
-0.3517456,-4.084549,-0.6424713,-0.62253785,5.5744286,1.0312105,0.0,0.0,0.0
-0.3517456,-4.084549,-0.6424713,-0.62253785,5.5744286,1.0312105,0.0,0.0,0.0
-0.3517456,-4.084549,-0.6424713,-0.62253785,5.5744286,1.0312105,0.0,0.0,0.0
-0.3517456,-4.084549,-0.6424713,-0.62253785,5.5744286,1.0312105,0.0,0.0,0.0
-0.3517456,-4.084549,-0.6424713,-0.62253785,5.5744286,1.0312105,0.0,0.0,0.0
-0.37327576,-4.0283203,-0.28355408,-0.644068,5.630657,1.3901278,0.0,0.0,0.0
3.5413818,-12.098114,-1.5684967,0.9680612,-2.971385,0.9317484,0.0,0.0,0.0
0.99302673,-13.257431,0.9571228,-1.7277355,-4.068925,3.0401995,0.0,0.0,0.0
0.086135864,-11.60878,4.0414734,-2.302019,-2.2980127,5.984851,0.0,0.0,0.0
1.3591309,-11.105087,4.750946,-0.76070166,-1.6561489,6.2982864,0.0,0.0,0.0
0.30389404,-11.905487,5.9617157,-1.639086,-2.3396683,6.9052863,0.0,0.0,0.0
-1.0995026,-12.275177,5.403,-2.9367504,-2.6518373,5.8345475,0.0,0.0,0.0
-1.5589294,-12.057434,4.8957214,-2.9657793,-2.3537855,4.7214575,0.0,0.0,0.0
-1.758728,-10.668396,3.0927277,-2.7889013,-0.92773056,2.6146202,0.0,0.0,0.0
-0.7800598,-9.291336,-0.15434265,-1.3646848,0.45904827,-1.0253202,0.0,0.0,0.0
0.028717041,-8.635696,-1.2681885,-0.40976593,1.1086969,-2.2805653,0.0,0.0,0.0
2.5926208,-6.7836456,-3.9996033,2.2177627,2.9588776,-5.054637,0.0,0.0,0.0
1.3483582,-5.7834473,-3.986435,0.96296,3.9830103,-4.7852945,0.0,0.0,0.0
0.29193115,-4.47937,-3.0628204,-0.087667584,5.3162746,-3.3304734,0.0,0.0,0.0
1.1509552,-3.9601288,-4.7677,0.8281658,5.8280573,-4.260158,0.0,0.0,0.0
-0.25483704,-3.8775635,-2.634491,-0.5254593,5.8771334,-1.663385,0.0,0.0,0.0
-0.8805542,-4.2592316,-0.6652069,-1.0709375,5.4323854,0.8202882,0.0,0.0,0.0
0.1986084,-5.5991974,0.91166687,0.076534465,4.0669374,2.5613108,0.0,0.0,0.0
0.9667053,-9.765106,-4.8765717,0.8458657,-0.10052776,-3.2177439,0.0,0.0,0.0
1.9034882,-11.312073,-8.627319,1.7105224,-1.6190472,-7.151378,0.0,0.0,0.0
1.7874451,-11.95813,-6.7166595,1.493671,-2.2643652,-5.2623496,0.0,0.0,0.0
-0.057434082,-13.445267,-2.7912292,-0.5144962,-3.806697,-1.042097,0.0,0.0,0.0
-1.1425781,-12.391235,-4.7078857,-1.6913973,-2.814722,-2.6683798,0.0,0.0,0.0
0.3254242,-12.20459,-4.7066803,-0.26473355,-2.6532269,-2.5634184,0.0,0.0,0.0
0.36968994,-11.60878,0.7130585,-0.37440157,-2.1217422,3.0821977,0.0,0.0,0.0
0.6053772,-10.348953,4.165909,-0.30816513,-0.92985344,6.738144,0.0,0.0,0.0
1.3734741,-11.919846,4.1982117,0.37265074,-2.5135145,6.7846527,0.0,0.0,0.0
2.3018951,-13.671387,3.171692,1.2096246,-4.258009,5.6947184,0.0,0.0,0.0
3.5641022,-13.773087,2.1834564,2.236435,-4.215541,3.9330316,0.0,0.0,0.0
3.0173492,-12.4127655,3.3200378,1.5810434,-2.8078127,4.6810265,0.0,0.0,0.0
2.3066864,-9.055634,4.2795563,0.6518798,0.5589886,5.275075,0.0,0.0,0.0
1.5182495,-7.6534424,3.4767761,-0.17659223,1.9653826,4.357741,0.0,0.0,0.0
0.8925171,-7.470398,3.3439636,-0.7797626,2.1750908,3.9256992,0.0,0.0,0.0
0.16630554,-6.374481,0.18424988,-1.4063822,3.30309,0.3883699,0.0,0.0,0.0
-0.20817566,-5.1302185,-3.1992035,-1.6891565,4.563958,-3.1952152,0.0,0.0,0.0
-0.6017914,-5.1840515,-4.392029,-2.0255475,4.5166845,-4.589576,0.0,0.0,0.0
-0.17228699,-6.300308,-7.5170593,-1.6218524,3.3904295,-7.9154973,0.0,0.0,0.0
2.396408,-6.6556396,-4.5679016,0.9071646,3.012083,-5.2662487,0.0,0.0,0.0
2.589035,-7.718048,-2.8211365,1.0574846,1.9405813,-3.5529995,0.0,0.0,0.0
1.6654053,-9.176468,-1.199997,0.12192881,0.48958874,-1.79616,0.0,0.0,0.0
2.3653107,-10.45903,-1.1892395,0.82814753,-0.7840862,-1.6397591,0.0,0.0,0.0
2.4873352,-11.160126,-1.5050812,0.98007095,-1.4785385,-1.9117901,0.0,0.0,0.0
3.0963135,-11.83371,-3.4648132,1.6230966,-2.1440144,-3.7962337,0.0,0.0,0.0
4.7844543,-11.828918,-3.9194489,3.324961,-2.1346035,-4.165469,0.0,0.0,0.0
5.000992,-11.309677,-1.9262238,3.5342941,-1.6141195,-2.0501325,0.0,0.0,0.0
3.2841492,-12.57309,0.3517456,1.7362436,-2.8897076,0.43229496,0.0,0.0,0.0
0.057434082,-9.929016,4.874176,-1.5079741,-0.25472546,5.2319126,0.0,0.0,0.0
0.48454285,-10.118057,4.960327,-1.0248815,-0.44694805,5.5617213,0.0,0.0,0.0
0.8685913,-11.645874,5.6147614,-0.5663401,-1.9752998,6.383754,0.0,0.0,0.0
-0.38763428,-12.056244,4.615753,-1.7260709,-2.3732347,5.402085,0.0,0.0,0.0
-1.2370911,-12.424728,3.9469604,-2.5201883,-2.727438,4.644536,0.0,0.0,0.0
