-1.7004639,4.6511283,10.3440895,-0.02103375,0.067506075,-0.13318348,0.070100814,-0.021807453,9.67494
-1.6621436,5.1660576,8.720266,0.029261662,0.08666623,-0.19305897,-0.08594335,0.041839752,9.615595
-1.9184108,5.757627,7.185059,0.07986382,0.14225116,-0.11882591,-0.13236177,0.09932403,9.691116
-1.9711012,6.332432,5.9707837,-0.036831632,0.094120815,-0.15235138,-0.10162925,-0.02240398,9.656332
-1.6022681,6.2869267,5.489385,-0.0025207642,0.09439081,-0.068532944,-0.095208555,0.01147768,9.740194
-1.0370435,5.6785917,5.831873,-0.031498596,0.11588366,-0.21702194,-0.123825826,-0.013475864,9.592162
-0.6490503,5.1540823,6.5623536,0.013962856,0.13312711,-0.12362671,-0.1323807,0.033414893,9.685986
-0.32572266,4.840335,7.0174074,0.076372325,0.07572615,-0.22661495,-0.068824254,0.087526985,9.581875
-0.244292,4.88105,7.101233,-0.016567314,0.14487009,-0.20026398,-0.14998545,0.005706335,9.609573
0.16525635,5.1468973,6.9000516,-0.013928869,0.1523049,-0.0829134,-0.15443671,0.0089434255,9.72706
0.84065187,5.733677,6.6821046,0.06964645,0.08059068,-0.20027256,-0.073863596,0.08158874,9.608302
1.1927198,6.2510014,7.0293827,0.058372475,0.21000935,-0.20506573,-0.20334645,0.089870974,9.606309
1.5423926,6.5551686,7.776629,0.096937366,0.08070566,-0.16674614,-0.06884386,0.108714215,9.641858
1.4705421,6.7539554,8.471185,0.04688734,0.085608765,-0.14758873,-0.080706246,0.05994029,9.6610365
1.3962965,7.1611085,8.907078,-0.0075924955,0.07813734,-0.28410053,-0.084420085,0.005871241,9.524311
1.3675562,7.391031,9.09868,0.06419898,0.06612335,-0.25296307,-0.060868658,0.07480894,9.555289
1.6741188,7.0581226,9.09868,0.04282676,0.06894985,-0.14519787,-0.06462503,0.053611025,9.6630535
2.059717,6.4976883,9.69504,0.040628683,0.17938583,0.015262604,-0.17060766,0.06772316,9.825872
2.3375392,5.5612354,9.833951,0.053239767,0.07251167,-0.23383904,-0.068272576,0.06499291,9.574514
3.2380664,6.1384354,10.174044,0.06338747,0.15623988,-0.05181694,-0.14528129,0.087585516,9.758318
2.668052,7.0988383,9.501043,-0.008366812,0.15387866,-0.17875385,-0.15700369,0.017047055,9.631263
-0.28979737,5.9468336,11.031461,0.061357718,0.06537111,-0.11169624,-0.057054594,0.07156021,9.696478
-0.17723145,4.1553593,13.627662,-0.03157365,0.022427455,-0.20510578,-0.031581584,-0.026547821,9.602038
1.463357,3.6763551,11.177557,-5.9260055E-6,0.061040282,-0.1787672,-0.063981816,0.010823184,9.629244
2.440525,4.30385,7.824529,0.062469296,0.12569277,-0.118891716,-0.11618155,0.08285878,9.690578
2.6249416,4.641548,6.143225,0.11041146,0.11405556,-0.26020527,-0.09982682,0.12887375,9.5491
2.078877,4.7804594,6.947952,0.13621627,0.11870718,-0.08775997,-0.09687759,0.154068,9.721645
1.5495777,4.687053,8.653206,0.050218266,0.14072207,-0.19794178,-0.13483654,0.07332884,9.611849
1.5040723,4.8571,8.5598,-0.055362035,0.08363272,-0.11172962,-0.093785584,-0.040656142,9.696677
1.4609619,5.134922,7.5155716,0.09074418,0.16555607,-0.19077587,-0.15283062,0.116995916,9.619585
1.3795313,5.264253,7.1275783,0.0088753905,0.14849097,-0.26740837,-0.15078102,0.033598162,9.542507
1.334026,4.998406,7.4892263,-0.043709546,0.09493831,-0.11171436,-0.103064515,-0.027358582,9.696955
0.98435307,4.3469605,8.044871,0.069039874,0.12182003,-0.11172676,-0.111455254,0.08825019,9.6976595
0.47900394,4.028423,8.490345,0.05515512,0.12698981,-0.06383419,-0.117650315,0.07535111,9.7456255
0.07903565,3.8080812,8.538245,0.050431952,0.16555917,-0.116529465,-0.15757012,0.0772021,9.693763
0.1341211,4.3182206,7.8029737,0.0011154432,0.10601713,-0.15006828,-0.107470214,0.019448273,9.65889
0.21076173,4.9217653,6.346802,0.049188178,0.14205267,-0.030319214,-0.13243107,0.07238067,9.779434
0.05508545,5.0822315,5.8127127,0.047610167,0.14020328,-0.21714401,-0.13455611,0.07177554,9.5926
0.60833496,4.7157936,6.2438164,-0.014844684,0.07081205,-0.12134457,-0.07482023,-0.0020793,9.6868305
1.6741188,4.3062453,6.8665214,-0.029399475,0.16751939,-0.20758438,-0.17435521,-3.3569442E-5,9.602645
1.8968556,4.485872,7.2928348,-0.024523642,0.083502114,-0.21237087,-0.0908347,-0.009179858,9.596079
1.2070899,4.7229786,7.580237,0.083208084,0.15814054,-0.19561386,-0.14602998,0.109363414,9.614527
0.014370117,5.5708156,9.041199,0.011945792,0.14369518,-0.2698574,-0.14514191,0.037446037,9.539919
-0.5843848,6.928792,10.585987,0.026586942,0.17019723,-0.14053059,-0.1660116,0.05596737,9.669791
0.0047900393,7.561077,9.560919,0.043296073,0.14679678,-0.2123928,-0.14165261,0.06860414,9.597456
0.77359134,7.527547,8.62207,0.05312694,0.11379178,-0.114209175,-0.1053937,0.0722719,9.694921
1.2597803,6.9551373,8.56938,0.067446575,0.0806181,-0.11900616,-0.07041951,0.08069802,9.689434
1.7531544,6.119275,8.509504,0.02748377,0.16741474,-0.0926733,-0.16202445,0.056383476,9.717543
2.0381618,5.5157304,8.454419,0.027603235,0.10570671,-0.13100624,-0.10202477,0.046001494,9.677914
2.4716604,4.82357,7.92033,0.11189483,0.120762855,-0.20766163,0.0,0.0,0.0
2.811753,4.485872,7.4964113,0.04014021,0.12774885,-0.17412663,-0.12231553,0.06258968,9.635266
2.668052,4.358936,7.2688847,0.07693799,0.1118779,-0.102295876,0.0,0.0,0.0
2.1171973,4.641548,7.1395535,-0.001706413,0.088055894,-0.20288944,0.0,0.0,0.0
1.9591261,4.91937,7.201824,-0.054747466,0.08999342,-0.20048428,0.0,0.0,0.0
1.8705103,5.465435,7.089258,0.044038385,0.15479942,-0.15258789,0.0,0.0,0.0
1.6166383,5.9204884,6.69408,0.027545549,0.15051964,-0.23642349,0.0,0.0,0.0
0.87897223,6.12646,6.3851223,-0.04425199,0.13583244,-0.21007156,0.0,0.0,0.0
0.57001466,6.198311,7.101233,0.010839686,0.11957443,-0.13104725,0.0,0.0,0.0
0.4263135,6.6844997,8.020921,-0.028326128,0.1843051,-0.1741581,0.0,0.0,0.0
0.1580713,7.8772197,8.904683,0.09953722,0.04566501,-0.13584423,0.0,0.0,0.0
-0.5628296,8.943004,8.732242,0.11181641,0.11242378,-0.06398678,0.0,0.0,0.0
-1.9687061,8.741821,10.284214,0.068949476,0.04155183,-0.20052433,0.0,0.0,0.0
-2.2752686,7.189849,12.645703,1.9403128E-4,0.091722965,-0.19573116,0.0,0.0,0.0
-0.44307864,5.7911572,11.251802,0.0979814,0.11080381,-0.17656994,0.0,0.0,0.0
1.9758912,4.84752,7.3814507,0.0429791,0.099156916,-0.068800926,0.0,0.0,0.0
2.926714,4.4667115,5.0630717,0.009863934,0.16120264,-0.11909199,0.0,0.0,0.0
2.9889846,4.030818,4.806804,0.029889159,0.08433083,-0.1693821,0.0,0.0,0.0
2.7518775,3.6260598,5.206773,0.084556825,0.06993471,-0.092741966,0.0,0.0,0.0
2.5459058,2.8380983,6.1599903,5.4126186E-4,0.18288732,-0.16460037,0.0,0.0,0.0
2.2537134,3.0536501,7.1611085,0.0032166834,0.09687626,-0.15981388,0.0,0.0,0.0
1.3148658,3.9206471,8.087981,0.027483024,0.13752684,-0.18376255,0.0,0.0,0.0
0.44786867,4.7948294,8.634046,0.066252075,0.1951233,-0.13826084,0.0,0.0,0.0
-0.7568262,6.2270513,9.010064,0.05730139,0.099341795,-0.18855667,0.0,0.0,0.0
-0.8861573,6.576724,8.830438,0.028378231,0.15718707,-0.114317894,0.0,0.0,0.0
-1.3651612,7.204219,8.164622,0.09293671,0.17357548,-0.15981579,0.0,0.0,0.0
-1.1711646,7.204219,7.510782,0.026433496,0.1182185,-0.14065075,0.0,0.0,0.0
-0.8262818,7.350315,6.8521514,0.038807023,0.09934121,-0.23645687,0.0,0.0,0.0
-0.6562354,7.2808595,6.478528,0.024773117,0.08272895,-0.16460991,0.0,0.0,0.0
-0.43349856,6.9719024,6.622229,-0.013815499,0.08800511,-0.107138634,0.0,0.0,0.0
-0.14130616,6.373147,7.062913,0.024599751,0.09524386,-0.10953522,0.0,0.0,0.0
0.033530276,6.0354495,7.668853,0.09409461,0.14729957,-0.15263271,0.0,0.0,0.0
0.32093263,6.1384354,7.7430983,0.087675415,0.18742111,-0.03047371,0.0,0.0,0.0
0.5388794,6.128855,7.8724294,0.0877868,0.10316101,-0.08555126,0.0,0.0,0.0
0.87418216,6.239026,8.1071415,0.05432027,0.18737757,-0.12627506,0.0,0.0,0.0
1.0083033,5.738467,8.346643,0.04074021,0.08226748,-0.13346481,0.0,0.0,0.0
1.0633887,5.3073635,8.959768,0.02849181,0.08682652,-0.20531082,0.0,0.0,0.0
1.7890797,5.625901,9.477093,0.023217406,0.08480182,-0.20771313,0.0,0.0,0.0
1.949546,6.212681,8.372989,0.0019288212,0.14441845,-0.12388229,0.0,0.0,0.0
0.4143384,5.640271,8.986114,0.033378378,0.101145715,-0.16459465,0.0,0.0,0.0
-0.2562671,5.1876125,10.890154,0.062348004,0.079790086,-0.14064789,0.0,0.0,0.0
0.9244776,4.064348,10.609937,0.062400978,0.17515962,-0.109503746,0.0,0.0,0.0
1.4705421,3.7410207,9.16574,0.079283625,0.08926824,-0.09274578,0.0,0.0,0.0
1.456172,3.6068995,8.801697,0.029162517,0.19920798,-0.15022182,0.0,0.0,0.0
0.84065187,3.8368216,8.382568,0.044041026,0.16086923,-0.2005167,0.0,0.0,0.0
0.6394702,4.6750784,7.683223,0.06604754,0.11511226,-0.09273529,0.0,0.0,0.0
0.22273682,5.6738014,6.847361,0.049569435,0.14155792,-0.19811821,0.0,0.0,0.0
-0.14130616,6.1767554,6.686895,0.08841886,0.1604838,-0.2555933,0.0,0.0,0.0
-0.5364844,6.452183,7.053333,-0.04998229,0.05759868,-0.20530033,0.0,0.0,0.0
-0.8214917,6.586304,7.6592727,0.021896087,0.124454364,-0.18613625,0.0,0.0,0.0
-0.9244776,6.586304,8.399334,0.029614462,0.16306905,-0.20051193,0.0,0.0,0.0
-1.223855,6.806646,9.129815,0.1807916,0.09380062,-0.1262703,0.0,0.0,0.0
-1.2693604,6.67971,9.510623,0.042048387,0.08685914,-0.11909008,0.0,0.0,0.0
-0.49337405,6.0306597,9.5633135,0.044987276,0.1441597,-0.1957264,0.0,0.0,0.0
0.038320314,5.728887,9.220825,0.088497855,0.17820598,-0.16939163,0.0,0.0,0.0
0.38559815,5.980364,8.612491,0.08088822,0.120856434,-0.22448063,0.0,0.0,0.0
1.0753639,6.6557593,6.957532,0.04703981,0.10170427,-0.11191559,0.0,0.0,0.0
0.75203615,5.863008,6.229446,0.068941094,0.03151223,-0.21967506,0.0,0.0,0.0
-0.33769777,4.8523097,8.533455,0.0619706,0.13001844,-0.21249676,0.0,0.0,0.0
-0.3161426,4.150569,9.448353,0.019045811,0.16333774,-0.14782715,0.0,0.0,0.0
0.12454102,4.4212065,8.169412,0.060218796,0.09631252,-0.23644257,0.0,0.0,0.0
0.016765138,4.9624805,7.1251836,-0.0022708997,0.09632228,-0.22446823,0.0,0.0,0.0
0.21794678,5.5588408,6.7611403,0.039983705,0.17287087,-0.1574049,0.0,0.0,0.0
0.8981324,6.222261,6.006709,0.013484559,0.16302375,-0.17895603,0.0,0.0,0.0
1.1112891,7.1371584,5.357659,0.057173807,0.0362204,-0.20290756,0.0,0.0,0.0
1.0490186,7.417376,5.3169436,0.019019473,0.11510365,-0.11907959,0.0,0.0,0.0
0.98914313,6.935977,6.382727,0.05505633,0.12906949,-0.14062595,0.0,0.0,0.0
0.6825806,6.10251,8.581355,0.05475906,0.20332251,-0.085541725,0.0,0.0,0.0
0.69695073,5.992339,9.15137,0.052764297,0.08137946,-0.14542103,0.0,0.0,0.0
0.8214917,5.863008,9.469908,0.10061922,0.19104667,-0.10229969,0.0,0.0,0.0
0.78556645,5.9013286,9.204061,-0.06439783,0.1620156,-0.24120426,0.0,0.0,0.0
0.5221143,6.0761647,8.657996,0.017123636,0.1134665,-0.13820553,0.0,0.0,0.0
0.30177248,6.8497562,7.893985,0.08405633,0.07219243,-0.18609428,0.0,0.0,0.0
-0.031135255,7.568262,7.573052,-0.035972103,0.13025147,-0.12144089,0.0,0.0,0.0
-1.1783496,8.442444,8.394544,0.011494249,0.10655001,-0.21724606,0.0,0.0,0.0
-1.1376343,8.51669,9.541759,0.037867438,0.14310831,-0.17893982,0.0,0.0,0.0
-0.24908204,8.50711,9.515413,0.059461277,0.11916977,-0.14780426,0.0,0.0,0.0
-0.30416748,8.523875,8.681946,0.018580478,0.15940027,-0.13821507,0.0,0.0,0.0
-0.3544629,8.449629,7.1611085,0.10763082,0.16197145,-0.15019226,0.0,0.0,0.0
-0.4023633,8.092772,5.975574,0.014145305,0.041707143,-0.15976238,0.0,0.0,0.0
-0.4239185,8.035291,5.9133034,0.07905676,0.14030331,-0.121450424,0.0,0.0,0.0
-1.0777588,7.4006104,5.640271,-0.0016172146,0.1284204,-0.19330311,0.0,0.0,0.0
0.059875492,6.342012,6.1312504,0.034588303,0.06863724,-0.12145424,0.0,0.0,0.0
0.728086,6.2677665,6.327642,0.008457998,0.08781439,-0.18612003,0.0,0.0,0.0
0.9029224,6.248606,6.2270513,0.016145073,0.15467179,-0.15977001,0.0,0.0,0.0
0.8334668,6.334827,5.721702,0.12176031,0.16412593,-0.22682762,0.0,0.0,0.0
0.3520679,6.5336137,5.3241286,0.1217263,0.08712043,-0.14538956,0.0,0.0,0.0
0.4047583,6.595884,5.137317,0.068742424,0.053300634,-0.15735817,0.0,0.0,0.0
0.78556645,6.6749196,5.024751,0.049833518,0.1783775,-0.23640442,0.0,0.0,0.0
0.8813672,6.8952613,4.7780643,0.04748752,0.19021346,-0.21245193,0.0,0.0,0.0
0.3520679,7.4269557,4.711004,-3.3281138E-4,0.07087663,-0.12863445,0.0,0.0,0.0
-0.57001466,7.8532696,4.519402,0.057420064,0.08765757,-0.2148552,0.0,0.0,0.0
-0.6179151,8.272398,4.605623,0.14379731,0.08528745,-0.09989548,0.0,0.0,0.0
-0.17723145,8.358619,4.799619,0.015468304,0.04433173,-0.16215992,0.0,0.0,0.0
0.29937744,8.389753,4.8427296,0.07551328,0.11883116,-0.166955,0.0,0.0,0.0
0.35925296,8.552615,4.703819,0.09189594,0.1953704,-0.025648117,0.0,0.0,0.0
0.05748047,8.976534,4.528982,0.055734236,0.119280845,-0.18373013,0.0,0.0,0.0
-0.22273682,9.7142,4.641548,0.0421859,0.109621584,-0.2172575,0.0,0.0,0.0
-0.26584718,9.972861,4.8523097,0.047849353,0.15276009,-0.16696262,0.0,0.0,0.0
0.045505375,9.941727,4.5553274,0.06238558,0.13597094,-0.19809723,0.0,0.0,0.0
0.38559815,9.821976,4.4523416,0.036706723,0.114233956,-0.16456223,0.0,0.0,0.0
0.366438,9.489068,4.4116263,0.010756677,0.16729183,-0.114274025,0.0,0.0,0.0
0.20357667,9.311836,4.9073954,0.056564786,0.17441829,-0.12864208,0.0,0.0,0.0
0.39996827,9.654325,5.010381,0.1285699,0.06880103,-0.16935253,0.0,0.0,0.0
0.4766089,9.707015,4.129014,0.06657742,0.10033159,-0.13104057,0.0,0.0,0.0
-0.2706372,9.074729,4.016448,0.1080194,0.09044017,-0.10708237,0.0,0.0,0.0
-0.35685793,8.334668,5.4462748,0.06730847,0.15059195,-0.08792877,0.0,0.0,0.0
0.7113208,7.767049,6.210286,0.058332767,0.1700101,-0.07595825,0.0,0.0,0.0
1.4226416,7.7383084,5.400769,0.01027326,0.10019931,-0.14061642,0.0,0.0,0.0
1.5519727,7.798184,4.164939,0.074758366,0.042649224,-0.111875534,0.0,0.0,0.0
1.5519727,7.9826,3.652405,0.13024704,0.1026395,-0.10469246,0.0,0.0,0.0
1.6645386,7.7215433,3.417693,0.027989112,0.10749328,-0.107087135,0.0,0.0,0.0
1.8082398,7.6209526,2.9027638,0.06371772,0.08808212,-0.15977287,0.0,0.0,0.0
1.7747096,7.3646855,2.9674294,0.042454027,0.08112596,-0.16935635,0.0,0.0,0.0
1.5615528,7.3455253,3.9326222,0.05941448,0.068963975,-0.12863731,0.0,0.0,0.0
1.4298267,7.448511,5.000801,0.076258264,0.10031037,6.8855286E-4,0.0,0.0,0.0
1.6118482,7.6017923,5.5396805,0.045560226,0.13601947,-0.08313084,0.0,0.0,0.0
1.705254,7.6449027,5.6642213,0.062870584,0.17154013,-0.17173767,0.0,0.0,0.0
1.6022681,7.903565,5.518125,0.015441386,0.09760712,-0.15976906,0.0,0.0,0.0
0.6394702,8.708291,5.604346,0.030424003,0.1358086,-0.11186504,0.0,0.0,0.0
-0.0071850587,8.911868,5.7145166,0.028036231,0.18208507,-0.2028904,0.0,0.0,0.0
0.17483643,8.808882,5.8677983,0.030731233,0.18974459,-0.047224045,0.0,0.0,0.0
0.77359134,8.641231,5.860613,0.07659836,0.14214215,-0.18374538,0.0,0.0,0.0
1.1352394,8.818462,5.7911572,0.052907705,0.0700994,-0.10470581,0.0,0.0,0.0
1.2885206,8.959768,5.5564456,0.06592253,0.16066563,-0.2076807,0.0,0.0,0.0
1.2406201,8.995694,5.7648125,0.073032446,0.16381319,-0.11668491,0.0,0.0,0.0
1.3507911,9.077125,7.3814507,0.046856962,0.12850682,-0.15980911,0.0,0.0,0.0
2.066902,8.892708,7.7862086,0.06614432,0.074025154,-0.25322628,0.0,0.0,0.0
2.3710694,8.717872,6.854546,0.044829205,0.09522155,-0.14304733,0.0,0.0,0.0
2.6464968,8.796907,6.0570045,0.08791001,0.1573928,-0.21250153,0.0,0.0,0.0
2.6105714,8.449629,5.870193,0.09235726,0.11441742,-0.23645401,0.0,0.0,0.0
1.6453785,7.790999,6.4210477,0.064357065,0.10967271,-0.1358633,0.0,0.0,0.0
0.42870852,7.103628,6.696475,0.088253394,0.124396145,-0.15742588,0.0,0.0,0.0
0.7065308,6.854546,5.8510327,0.07133811,0.071986705,-0.18856716,0.0,0.0,0.0
1.0442286,6.840176,5.087022,0.076243766,0.21322599,-0.18856621,0.0,0.0,0.0
1.477727,7.32876,4.5720925,0.08625822,0.064549595,-0.19095707,0.0,0.0,0.0
1.6070582,7.6592727,4.1050634,0.12728775,0.117186666,-0.21490479,0.0,0.0,0.0
1.3028907,7.903565,4.0020776,0.04608565,0.119110286,-0.13106918,0.0,0.0,0.0
1.0490186,8.1071415,4.4116263,0.056073822,0.027829483,-0.11190319,0.0,0.0,0.0
1.1927198,8.293953,4.4691067,0.055846013,0.027552351,-0.11189747,-0.005722296,-0.06286632,9.695232
2.1531227,8.57896,5.2019825,0.08703114,0.099509984,-0.22925472,0.0,0.0,0.0
1.8489552,9.005274,5.6354814,0.07790683,0.08051497,-0.12387657,0.0,0.0,0.0
1.2933106,9.568104,5.870193,0.049693905,0.089680895,-0.11907768,0.0,0.0,0.0
0.6442603,9.754915,6.08814,0.03540596,0.060973436,-0.123867035,0.0,0.0,0.0
0.76401126,9.683064,6.5719337,0.04542783,0.16162874,-0.03525257,0.0,0.0,0.0
1.6813037,9.486672,6.262976,0.023498058,0.16873471,-0.20050812,0.0,0.0,0.0
1.9327809,8.562195,6.047425,0.09346173,0.18782686,-0.18134499,0.0,0.0,0.0
2.3734643,8.078402,6.557564,0.021966282,0.1637373,-0.17655182,0.0,0.0,0.0
2.4644752,7.2425394,6.1504107,0.10440913,0.07739794,-0.1765461,0.0,0.0,0.0
1.9255958,7.048543,5.863008,0.08508413,0.090553865,-0.20531178,0.0,0.0,0.0
1.8082398,6.7611403,5.604346,0.039641872,0.14129095,-0.13107586,0.0,0.0,0.0
2.6488917,7.089258,4.8091993,0.030195044,0.079349294,-0.17898178,0.0,0.0,0.0
3.2859669,7.3551054,3.8583767,0.04206351,0.21233925,-0.13824368,0.0,0.0,0.0
3.5637891,7.798184,4.0499783,0.05411652,0.14505988,-0.17895508,0.0,0.0,0.0
3.4967287,7.6185575,4.4451566,0.08042157,0.20080313,-0.10472298,0.0,0.0,0.0
3.7003052,7.2401443,4.4834766,0.08721097,0.12816612,-0.056806564,0.0,0.0,0.0
3.8224514,6.974297,4.6678934,0.092244476,0.059112772,-0.29871178,0.0,0.0,0.0
3.8751419,7.0245924,5.1947975,0.07498678,0.11145845,-0.09033871,0.0,0.0,0.0
3.2452517,7.1874537,5.508545,0.060919426,0.06402585,-0.18614864,0.0,0.0,0.0
2.3327491,7.3479204,6.0306597,0.025587756,0.066201314,-0.1238718,0.0,0.0,0.0
1.3555812,7.438931,6.6102543,0.050545745,0.14290588,-0.19093132,0.0,0.0,0.0
0.61552006,7.89638,7.3527102,0.08682717,0.13547689,-0.095124245,0.0,0.0,0.0
0.366438,8.442444,7.3814507,0.120879926,0.17865133,-0.09033394,0.0,0.0,0.0
0.67539555,8.708291,6.8832865,0.040015317,0.16200095,-0.22206116,0.0,0.0,0.0
1.1352394,8.940608,6.236631,0.027969925,0.011283204,-0.16937447,0.0,0.0,0.0
2.1363575,8.775352,5.597161,0.10988538,0.16974926,-0.085556984,0.0,0.0,0.0
2.6441016,8.727451,5.4582496,0.13867977,0.2319389,-0.090343475,0.0,0.0,0.0
2.802173,7.9682302,5.9324636,0.104947336,0.052704275,-0.085562706,0.0,0.0,0.0
2.3998096,7.460486,6.7324004,0.059945155,0.16790237,-0.14783669,0.0,0.0,0.0
2.2273684,6.6557593,6.8018556,0.04832936,0.11024983,-0.20531273,0.0,0.0,0.0
2.1650977,7.278465,6.303692,0.022353582,0.1361792,-0.11908245,0.0,0.0,0.0
2.0980372,8.186177,5.479805,0.03985142,0.14851497,-0.12866783,0.0,0.0,0.0
1.6669337,8.650811,4.5936475,0.093054034,0.20869252,-0.13825321,0.0,0.0,0.0
1.331631,8.650811,4.4379716,0.1167018,0.11517386,-0.14783096,0.0,0.0,0.0
1.0681788,8.619676,4.6199927,0.12639615,0.0861208,-0.111899376,0.0,0.0,0.0
0.6706055,8.193362,5.9540186,0.035124596,0.114754885,-0.15979862,0.0,0.0,0.0
0.7807764,7.788604,6.593489,0.068616994,0.11895004,-0.17415619,0.0,0.0,0.0
1.0729688,7.3096,6.864126,0.105489224,0.123736694,-0.11427784,0.0,0.0,0.0
1.2454102,6.9000516,7.359895,0.093095526,0.200553,-0.14781284,0.0,0.0,0.0
1.1735597,6.6413894,7.7574687,0.06239242,0.10982366,-0.19571781,0.0,0.0,0.0
1.5495777,6.1743608,7.4197707,0.01279445,0.18614496,-0.14541435,0.0,0.0,0.0
1.8753004,6.0186844,6.809041,0.05909788,0.15974788,-0.13582993,0.0,0.0,0.0
2.308799,5.767207,6.5000834,0.04970312,0.2556687,-0.12146187,0.0,0.0,0.0
3.175796,5.872588,6.816226,0.06633645,0.10954085,-0.12146187,0.059852265,-0.11539994,9.6872635
3.781736,6.1623855,7.0150127,0.0691971,0.10240984,-0.066376686,0.052959356,-0.112784676,9.742177
3.551814,6.600674,7.2545147,0.09318827,0.09562197,-0.17655468,0.034328576,-0.13133645,9.631804
3.4608033,7.5203614,7.173084,0.11685737,0.13396509,-0.11189079,0.0,0.0,0.0
3.5087037,8.025711,6.2653713,0.040281493,0.13904464,-0.20530319,0.09746022,-0.11219034,9.604117
3.3721876,8.897498,5.8055277,0.023711655,0.19162774,-0.16458511,0.14955881,-0.12720615,9.645958
3.5542092,9.163345,5.513335,0.04542172,0.08612427,-0.1478157,0.04868632,-0.08716026,9.660491
3.391348,8.849598,6.10251,0.06287364,0.16743466,-0.2052927,0.0,0.0,0.0
2.8788135,7.999366,6.9000516,0.0754479,0.15594469,-0.19571972,0.0,0.0,0.0
2.0046315,7.223379,8.078402,0.08269462,0.06747344,-0.114292145,0.0,0.0,0.0
1.2717555,6.2821364,8.459209,0.035140734,0.11517924,-0.138237,0.0,0.0,0.0
0.24189699,5.721702,7.9921803,0.12397215,0.064918965,-0.14302635,0.0,0.0,0.0
-0.18441652,4.7780643,7.5970025,0.17651293,0.098421335,-0.16697693,0.0,0.0,0.0
0.0071850587,4.646338,7.4652762,0.04025323,0.11026041,-0.14062786,0.0,0.0,0.0
1.3268409,5.6282964,6.71324,0.06671274,0.07640523,-0.09751034,0.0,0.0,0.0
2.3590944,6.567144,5.6282964,0.13596337,0.08637984,-0.1693697,0.0,0.0,0.0
3.0153298,7.086863,5.1397123,0.12428863,0.14395061,-0.13823605,0.0,0.0,0.0
3.1398706,7.3742657,5.4534597,-0.014340006,0.10838576,-0.17656231,0.0,0.0,0.0
3.8751419,7.089258,6.7755103,0.019436426,0.2500674,-0.11429882,0.0,0.0,0.0
5.1636624,7.5874224,8.344249,0.11548152,0.075170755,-0.25320816,0.0,0.0,0.0
4.854705,7.7478886,9.022039,0.09647119,0.060750768,-0.09752941,0.0012251227,-0.114784494,9.710046
1.7842896,7.31439,8.801697,0.11121284,0.10360038,-0.07357311,0.028335823,-0.15017258,9.734819
0.3305127,6.4162574,8.176597,0.018559063,0.094049856,-0.22685242,0.0,0.0,0.0
0.60354495,5.4271145,7.6041875,0.085500926,0.09210296,-0.17417145,0.0,0.0,0.0
4.749324,6.0570045,4.996011,1.7103162,-0.6206932,-1.5111527,-1.6024867,1.4914405,8.911294
4.3493557,6.3084817,5.623506,1.2880642,-0.4006133,-0.840775,0.0,0.0,0.0
3.3578174,6.854546,6.6916847,0.26472497,0.19474077,0.19167185,0.0,0.0,0.0
1.9830762,7.2760696,6.943162,-1.0662209,0.6700692,0.36798668,0.0,0.0,0.0
0.6682105,7.7359133,7.5179667,-2.3357782,1.1910257,0.8613243,0.0,0.0,0.0
0.488584,7.668853,7.9826,-2.496162,1.1968722,1.2464929,0.0,0.0,0.0
0.8885523,7.434141,8.452024,-2.1109166,1.0389209,1.6494708,0.0,0.0,0.0
1.5040723,7.1874537,8.363408,-1.527542,0.8488107,1.5222597,0.0,0.0,0.0
2.304009,6.7491655,7.5970025,-0.76000524,0.42421007,0.75762033,0.0,0.0,0.0
2.6967921,6.7467704,7.1419487,-0.39690375,0.39814758,0.33794785,0.0,0.0,0.0
3.0776002,6.758745,6.69408,-0.043079853,0.3705392,-0.060369015,0.0,0.0,0.0
3.3482375,6.7324004,6.4833183,0.20017624,0.3043089,-0.22039318,0.0,0.0,0.0
3.68354,6.720425,6.3084817,0.5004208,0.26319838,-0.35052395,0.0,0.0,0.0
3.786526,6.799461,6.1935205,0.60340667,0.34223413,-0.4654851,0.0,0.0,0.0
3.7410207,6.615044,6.143225,0.48509002,0.122273445,-0.44564724,0.0,0.0,0.0
3.4679885,6.4928985,6.006709,0.19470859,-0.019492626,-0.5541434,0.0,0.0,0.0
3.0871804,6.471343,6.0570045,-0.19483185,-0.057594776,-0.48300743,0.0,0.0,0.0
2.9913795,6.6557593,5.985154,-0.3000989,0.11713123,-0.54040384,0.0,0.0,0.0
3.0201197,6.605464,6.0378447,-0.28546095,0.062992096,-0.4767232,0.0,0.0,0.0
3.1135256,6.837781,5.824688,-0.20014763,0.29062223,-0.68105364,0.0,0.0,0.0
3.1853762,7.2545147,5.589976,-0.13097835,0.70163393,-0.90863466,0.0,0.0,0.0
3.2811768,7.6281376,5.621111,-0.033390522,1.0674334,-0.87051344,0.0,0.0,0.0
3.2572267,7.671248,5.688172,-0.042409897,1.0805097,-0.78059626,0.0,0.0,0.0
3.2524366,7.6137676,5.9252787,-0.028451681,1.0186186,-0.5485282,0.0,0.0,0.0
2.9410841,7.311995,6.4138627,-0.32329464,0.74283123,-0.09461689,0.0,0.0,0.0
2.9410841,7.311995,6.4138627,-0.32329464,0.74283123,-0.09461689,0.0,0.0,0.0
2.9410841,7.311995,6.4138627,-0.32329464,0.74283123,-0.09461689,0.0,0.0,0.0
3.0153298,6.9144216,6.840176,-0.25865126,0.48680544,0.19659376,0.0,0.0,0.0
3.178191,6.449788,6.7467704,-0.100470304,0.055856705,0.07305956,0.0,0.0,0.0
3.6212697,6.12646,6.744375,0.33437204,-0.23968315,0.048188686,0.0,0.0,0.0
4.112249,6.236631,6.6437845,0.8067155,-0.09915733,-0.07199001,0.0,0.0,0.0
4.25595,6.215076,6.878496,0.93098545,-0.08944225,0.14291477,0.0,0.0,0.0
4.169729,6.11209,7.335945,0.83652115,-0.16499567,0.5788522,0.0,0.0,0.0
3.9182522,6.200706,7.455696,0.5925765,-0.05580616,0.67584896,0.0,0.0,0.0
3.551814,6.303692,7.589817,0.24341321,0.057440758,0.7920809,0.0,0.0,0.0
3.2189064,6.7395854,7.5251517,-0.06534219,0.48638344,0.72209644,0.0,0.0,0.0
3.0752053,6.847361,7.2593045,-0.17713046,0.56862974,0.46443605,0.0,0.0,0.0
3.1997461,7.077283,6.9862723,-0.024119854,0.76283216,0.21096563,0.0,0.0,0.0
3.04407,7.072493,6.821016,-0.1661675,0.71989346,0.07496071,0.0,0.0,0.0
3.0799952,7.1611085,6.622229,-0.12715864,0.76978827,-0.08862591,0.0,0.0,0.0
2.9482691,7.0221977,6.464158,-0.26370478,0.5894208,-0.20464993,0.0,0.0,0.0
2.8788135,7.1060233,6.219866,-0.33811617,0.62661695,-0.40123987,0.0,0.0,0.0
2.9003687,7.158714,5.977969,-0.31712747,0.6279311,-0.5921893,0.0,0.0,0.0
3.1374757,7.340735,5.7552323,-0.08018255,0.7568135,-0.7615957,0.0,0.0,0.0
3.1111305,7.2521195,5.407954,-0.1051774,0.6182976,-1.0587425,0.0,0.0,0.0
3.0728102,7.173084,5.1540823,-0.14088368,0.49136877,-1.2644262,0.0,0.0,0.0
3.1207106,7.216194,5.4103494,-0.09114528,0.49320507,-0.96583986,0.0,0.0,0.0
3.271597,7.038963,5.4989653,0.060343266,0.2900958,-0.85013247,0.0,0.0,0.0
3.4727786,7.053333,5.8031325,0.25144672,0.30767298,-0.54426813,0.0,0.0,0.0
3.5757644,7.1347637,6.006709,0.33588958,0.40832233,-0.35163832,0.0,0.0,0.0
3.671565,7.2808595,6.095325,0.41933084,0.5773568,-0.28091288,0.0,0.0,0.0
3.786526,7.0269876,6.70366,0.5296421,0.34669352,0.30547523,0.0,0.0,0.0
3.7482057,6.5455885,7.577842,0.49086785,-0.108605385,1.1527472,0.0,0.0,0.0
3.4344583,6.4162574,8.159832,0.18651724,-0.20254755,1.6935592,0.0,0.0,0.0
3.173401,6.3923073,7.9347,-0.06358957,-0.188447,1.4242506,0.0,0.0,0.0
2.9698243,6.464158,7.311995,-0.25894547,-0.10211992,0.78287363,0.0,0.0,0.0
3.06802,6.6030693,6.7635355,-0.15813541,0.014559269,0.25555182,0.0,0.0,0.0
3.5039136,6.878496,6.236631,0.26991296,0.24299908,-0.21951532,0.0,0.0,0.0
3.915857,7.2569094,5.465435,0.6019902,0.51185083,-0.83479357,0.0,0.0,0.0
3.923042,7.5059915,4.976851,0.6091752,0.7609329,-1.3233776,0.0,0.0,0.0
3.8727467,7.697593,4.6822634,0.5134444,0.888957,-1.524826,0.0,0.0,0.0
3.6907253,7.688013,4.756509,0.19343376,0.6031904,-1.052505,0.0,0.0,0.0
3.4703834,7.3527102,4.9217653,-0.020525694,0.21163368,-0.8218379,0.0,0.0,0.0
3.5566041,7.0581226,5.352869,0.06611562,-0.08778143,-0.38498068,0.0,0.0,0.0
3.417693,6.471343,5.752837,-0.08802414,-0.6511984,-0.0047450066,0.0,0.0,0.0
3.530259,5.877378,6.330037,0.004814148,-1.2097473,0.54088354,0.0,0.0,0.0
3.9398074,5.362449,6.6509695,0.38313103,-1.680644,0.8272853,0.0,0.0,0.0
3.9182522,4.533772,6.5192432,0.3098557,-2.4478283,0.65348434,0.0,0.0,0.0
4.023633,3.3602126,6.5144534,0.35940266,-3.578377,0.6322961,0.0,0.0,0.0
4.385281,3.3769777,6.6485744,0.6506176,-3.5089319,0.74883366,0.0,0.0,0.0
4.641548,4.0787187,6.844966,0.83067393,-2.7455215,0.92234945,0.0,0.0,0.0
5.1780324,5.295388,7.194639,1.3186996,-1.4801373,1.2475219,0.0,0.0,0.0
5.4223247,6.4426026,7.36708,1.5224133,-0.24847746,1.351224,0.0,0.0,0.0
4.7972245,9.11784,8.176597,0.96278334,2.407917,2.139678,0.0,0.0,0.0
4.3158255,9.877061,8.049661,0.6256852,3.097435,2.0006995,0.0,0.0,0.0
3.6739602,10.439891,7.822134,0.16092229,3.5640016,1.7763839,0.0,0.0,0.0
4.0356083,9.963282,8.734636,0.6864178,3.0003347,2.695539,0.0,0.0,0.0
5.398374,8.296348,9.541759,2.1841962,1.2716522,3.5008044,0.0,0.0,0.0
5.5612354,4.766089,9.865086,2.4747608,-2.3331327,3.8446941,0.0,0.0,0.0
4.0882983,3.0919704,9.484278,1.1916101,-4.153908,3.544847,0.0,0.0,0.0
2.8931837,2.4189699,7.537127,0.28722072,-5.0752945,1.7738504,0.0,0.0,0.0
2.6776319,2.0860622,6.1935205,0.38991356,-5.6769476,0.65525293,0.0,0.0,0.0
3.0991554,2.0525317,4.9552956,1.1459033,-6.0560985,-0.20273829,0.0,0.0,0.0
3.0129347,2.3950195,4.392466,1.3742559,-6.0313063,-0.34906912,0.0,0.0,0.0
2.7542725,3.4248781,4.754114,1.4354686,-5.2670527,0.40883017,0.0,0.0,0.0
1.3579761,5.254673,5.096602,0.39099914,-3.638976,1.0793447,0.0,0.0,0.0
0.6993457,7.726333,5.247488,0.1249156,-1.3012395,1.4602268,0.0,0.0,0.0
-0.08861572,10.818304,5.240303,-0.2611555,1.7222195,1.579447,0.0,0.0,0.0
0.51492923,10.842254,6.2725563,0.68091184,1.7480068,2.606833,0.0,0.0,0.0
0.364043,9.491463,10.027947,0.76379347,0.44943333,6.252725,0.0,0.0,0.0
-1.0130934,8.176597,13.656402,-0.45541096,-0.7579727,9.652297,0.0,0.0,0.0
-1.5591577,7.688013,14.427598,-0.8514031,-1.0798368,10.0923605,0.0,0.0,0.0
-0.50774413,7.1347637,11.975099,0.31023812,-1.4345827,7.2774816,0.0,0.0,0.0
0.5340894,6.7731156,9.524993,1.3580183,-1.6251178,4.5288725,0.0,0.0,0.0
0.69216067,6.4090724,8.487949,1.4392226,-1.88728,3.312735,0.0,0.0,0.0
0.73527104,5.989944,7.6664577,1.4064865,-2.275086,2.4310822,0.0,0.0,0.0
0.4981641,5.9468336,6.962322,1.1212872,-2.3267097,1.7344542,0.0,0.0,0.0
0.2083667,6.006709,6.0258694,0.68146646,-2.153987,0.6083417,0.0,0.0,0.0
0.0023950196,6.143225,4.991221,0.38648465,-2.0313315,-0.41243362,0.0,0.0,0.0
-0.083825685,6.1384354,4.4643164,0.18942004,-2.0296907,-0.9557791,0.0,0.0,0.0
0.17004639,6.0570045,4.761299,0.31382766,-2.0656047,-0.7316909,0.0,0.0,0.0
0.244292,6.013894,5.879773,0.2521772,-2.0207577,0.25707674,0.0,0.0,0.0
-0.07424561,5.9180937,6.622229,-0.19786541,-1.9873624,0.8206024,0.0,0.0,0.0
-0.56522465,6.4042826,7.7526784,-0.7939229,-1.3446984,1.7467322,0.0,0.0,0.0
-1.3004956,6.935977,7.8029737,-1.5986512,-0.65264416,1.5985942,0.0,0.0,0.0
-2.0070264,7.7550735,7.6353226,-2.300433,0.36263132,1.198235,0.0,0.0,0.0
-1.9351759,8.389753,6.6461797,-2.2429423,1.0843391,0.11115122,0.0,0.0,0.0
-1.3747413,8.308323,6.085745,-1.7022674,1.0477533,-0.49811792,0.0,0.0,0.0
-0.77359134,7.680828,6.9719024,-1.1552248,0.44690275,0.36167765,0.0,0.0,0.0
-0.2682422,8.303533,8.600515,-0.7240573,1.1124573,1.9483685,0.0,0.0,0.0
-1.0202783,9.872271,8.792117,-1.5336888,2.747635,2.0730124,0.0,0.0,0.0
-2.2177882,11.510465,7.32876,-2.7596416,4.441108,0.5537338,0.0,0.0,0.0
-4.3565407,11.088941,5.3289185,-4.8784585,4.01022,-1.4378915,0.0,0.0,0.0
-4.7253737,8.514295,5.319339,-5.213296,1.3794789,-1.3908572,0.0,0.0,0.0
-3.5853443,6.7395854,6.2989016,-4.059214,-0.4230442,-0.3826089,0.0,0.0,0.0
-2.2968237,6.109695,6.6102543,-2.79988,-0.99903345,-0.12645864,0.0,0.0,0.0
-1.7651294,6.375542,6.1504107,-2.1848989,-0.6288128,-0.70036936,0.0,0.0,0.0
-1.4465919,6.6437845,6.5000834,-1.7276031,-0.24065304,-0.47816467,0.0,0.0,0.0
-1.0705738,6.8976564,6.8976564,-1.36713,0.10366821,-0.1680479,0.0,0.0,0.0
-0.60833496,6.6821046,6.236631,-0.8804391,-0.041136265,-0.8973985,0.0,0.0,0.0
-0.22273682,6.7395854,5.2858086,-0.37865686,0.056627274,-1.8894367,0.0,0.0,0.0
0.1939966,6.9790874,5.137317,0.043062046,0.31442642,-2.0550342,0.0,0.0,0.0
0.8095166,7.2449346,5.369634,0.64857113,0.5604572,-1.8040857,0.0,0.0,0.0
1.219065,7.1299734,5.757627,1.0648012,0.40724564,-1.3804073,0.0,0.0,0.0
1.5926881,7.278465,6.133645,1.4542519,0.525548,-0.9761605,0.0,0.0,0.0
1.705254,7.7407036,6.488108,1.5727092,0.97667694,-0.6112423,0.0,0.0,0.0
1.3795313,8.461604,6.552774,1.2129672,1.6985035,-0.546741,0.0,0.0,0.0
0.847837,8.856783,6.8689165,0.5540117,2.0783362,-0.21181107,0.0,0.0,0.0
0.5125342,9.022039,7.824529,0.21431899,2.2907257,0.69916105,0.0,0.0,0.0
0.7065308,9.182506,9.110655,0.4249303,2.4999738,1.9388447,0.0,0.0,0.0
1.3939015,10.296189,9.383687,1.1695975,3.7062612,2.1246967,0.0,0.0,0.0
1.5543678,10.636282,7.9826,1.3470125,4.0454874,0.72389364,0.0,0.0,0.0
0.95561284,9.77647,6.974297,0.76967955,3.1207204,-0.22548151,0.0,0.0,0.0
1.2382251,7.975415,8.217313,1.11073,1.2226734,1.1071358,0.0,0.0,0.0
2.4093897,7.36708,9.192085,2.37484,0.52320385,2.1685147,0.0,0.0,0.0
3.8320315,6.6677346,6.9383717,3.8658872,-0.27240705,0.009903431,0.0,0.0,0.0
4.471502,6.5623536,5.2882032,4.5042524,-0.5207515,-1.4940486,0.0,0.0,0.0
4.4116263,6.782696,3.551814,4.2367077,-0.49369574,-3.0203943,0.0,0.0,0.0
3.410508,7.0916533,3.432063,3.1724303,-0.37451982,-2.9216743,0.0,0.0,0.0
1.7292042,7.1419487,3.6955154,1.4911265,-0.32422447,-2.658222,0.0,0.0,0.0
0.8286768,6.2869267,4.26074,0.44046256,-1.3032341,-1.9367728,0.0,0.0,0.0
1.1112891,5.6785917,4.9529004,0.57006127,-1.8180895,-1.346087,0.0,0.0,0.0
1.7842896,5.142107,5.4223247,1.0661709,-2.2436318,-0.9890375,0.0,0.0,0.0
2.0812721,5.134922,5.369634,1.1993054,-2.1666327,-1.1172624,0.0,0.0,0.0
2.2776637,5.345684,4.4547367,1.288131,-1.9227967,-2.053751,0.0,0.0,0.0
2.074087,5.5684204,4.4547367,1.0586298,-1.7063994,-2.0426655,0.0,0.0,0.0
1.343606,6.361172,4.893025,0.35378027,-0.92218447,-1.5987654,0.0,0.0,0.0
1.4609619,7.0102224,5.0415163,0.4901939,-0.2569852,-1.4712172,0.0,0.0,0.0
1.587898,7.7287283,5.005591,0.61111665,0.501987,-1.5511241,0.0,0.0,0.0
1.5663428,8.880733,5.5229154,0.5696022,1.6933088,-1.0738902,0.0,0.0,0.0
1.4585669,9.230406,6.2031007,0.43539727,2.056889,-0.4047861,0.0,0.0,0.0
1.2981006,9.048384,7.220984,0.27628124,1.9473357,0.53507423,0.0,0.0,0.0
0.89573735,8.751402,8.396939,-0.12269741,1.7277822,1.6292253,0.0,0.0,0.0
0.6849756,8.957374,8.847202,-0.33521175,2.0005183,2.011138,0.0,0.0,0.0
1.0226734,10.068663,8.696317,-0.0037250519,3.1489625,1.8235688,0.0,0.0,0.0
0.7831714,10.818304,8.052056,-0.2441994,3.8995357,1.1785159,0.0,0.0,0.0
-0.18920656,9.613608,7.8532696,-1.194316,2.6692433,1.0022893,0.0,0.0,0.0
-0.40715334,8.595725,8.176597,-1.3676299,1.6356139,1.3351994,0.0,0.0,0.0
-0.19878663,5.611531,8.727451,-1.1380788,-1.3244729,1.8586836,0.0,0.0,0.0
0.7448511,5.0439115,8.095166,-0.22425115,-1.8330812,1.1714234,0.0,0.0,0.0
1.2909156,5.0894165,6.7635355,0.30060005,-1.6399555,-0.30082655,0.0,0.0,0.0
1.0370435,5.934859,6.0091043,0.039584458,-0.7667575,-1.0805926,0.0,0.0,0.0
0.15088624,6.224656,5.654641,-0.7796107,-0.46523714,-1.455204,0.0,0.0,0.0
-0.7185059,6.488108,6.183941,-1.5319539,-0.17807865,-0.9624324,0.0,0.0,0.0
-1.0322535,6.2773466,6.6174393,-1.7274675,-0.33639574,-0.5898819,0.0,0.0,0.0
-0.49337405,6.430628,6.6270194,-1.1003971,-0.108846664,-0.65564394,0.0,0.0,0.0
-0.086220704,6.3803325,6.330037,-0.65232533,-0.08517456,-1.0216384,0.0,0.0,0.0
0.20597169,6.334827,5.9133034,-0.35745528,-0.07778263,-1.4847622,0.0,0.0,0.0
0.1580713,6.6030693,5.606741,-0.39533526,0.20842123,-1.8076115,0.0,0.0,0.0
0.028740235,6.947952,5.398374,-0.49336994,0.54084635,-2.0074878,0.0,0.0,0.0
-0.07424561,6.9144216,5.1636624,-0.5652343,0.48636866,-2.226159,0.0,0.0,0.0
0.43349856,6.847361,5.1756372,-0.049268097,0.41269636,-2.20897,0.0,0.0,0.0
0.81909674,6.976692,5.6594315,0.32160303,0.5650096,-1.744163,0.0,0.0,0.0
0.69216067,7.201824,6.3851223,0.18124163,0.8408489,-1.0611753,0.0,0.0,0.0
0.7424561,7.36708,7.1874537,0.22763705,1.040204,-0.28757143,0.0,0.0,0.0
1.1184741,8.116721,7.158714,0.6069608,1.8447266,-0.36264467,0.0,0.0,0.0
1.3579761,8.849598,7.1419487,0.8555452,2.6122184,-0.40874958,0.0,0.0,0.0
1.2286451,8.990904,8.370594,0.7632288,2.7637343,0.8091035,0.0,0.0,0.0
1.4130616,8.837623,9.522598,1.015952,2.6214848,1.9481459,0.0,0.0,0.0
1.9255958,8.614885,10.811119,1.613854,2.418541,3.2164812,0.0,0.0,0.0
2.5411158,9.13221,10.665023,2.3120525,2.9508839,3.0552187,0.0,0.0,0.0
2.0621119,8.897498,9.623189,1.9045241,2.6988115,2.0256991,0.0,0.0,0.0
0.35685793,7.5012016,9.0891,0.28753504,1.2376528,1.5436678,0.0,0.0,0.0
0.043110352,6.593489,9.12263,0.08746888,0.24711609,1.6465359,0.0,0.0,0.0
1.1711646,5.958809,8.020921,1.2901894,-0.46187544,0.6093731,0.0,0.0,0.0
2.193838,5.4127445,5.7648125,2.3029203,-1.0897207,-1.575244,0.0,0.0,0.0
2.1555176,5.345684,4.7086086,2.1565695,-1.238316,-2.5592198,0.0,0.0,0.0
1.4849122,5.3001785,5.0726514,1.4748757,-1.3878012,-2.0996017,0.0,0.0,0.0
0.97956306,4.7086086,5.846243,0.99442,-2.0264893,-1.281774,0.0,0.0,0.0
1.5136524,3.7290456,6.1767554,1.5219233,-2.9657028,-0.9891825,0.0,0.0,0.0
1.9782863,3.3673975,6.6916847,1.9002942,-3.200195,-0.5905566,0.0,0.0,0.0
2.6369166,3.537444,7.101233,2.411141,-2.830412,-0.35328484,0.0,0.0,0.0
3.0823903,3.9709425,7.1323686,2.6932893,-2.16398,-0.5084238,0.0,0.0,0.0
1.9591261,4.6966333,6.837781,1.4357946,-1.2296648,-0.9580836,0.0,0.0,0.0
-0.57959473,6.0258694,6.5312185,-1.1440738,0.23115063,-1.3601055,0.0,0.0,0.0
-1.7627344,6.952742,6.246211,-2.2586079,1.19948,-1.6799784,0.0,0.0,0.0
-0.92208254,7.0126176,6.080955,-1.2948203,1.238514,-1.836822,0.0,0.0,0.0
0.014370117,6.581514,6.222261,-0.18900889,0.7108636,-1.6304135,0.0,0.0,0.0
0.7496411,6.0617948,6.825806,0.6178119,0.14271402,-0.9919615,0.0,0.0,0.0
0.8765772,6.3084817,7.592212,0.78231984,0.36966372,-0.21111727,0.0,0.0,0.0
0.86220706,7.1203933,7.7335186,0.7892161,1.1783805,-0.06760645,0.0,0.0,0.0
1.1088941,8.183782,7.3838453,1.0312544,2.239047,-0.41516113,0.0,0.0,0.0
1.6525636,8.49274,7.0174074,1.5450846,2.5334873,-0.7701564,0.0,0.0,0.0
1.8034497,8.296348,7.7407036,1.6588633,2.3151407,-0.029408932,0.0,0.0,0.0
1.8824854,7.8532696,9.726174,1.7238784,1.8684316,1.9591317,0.0,0.0,0.0
2.1363575,8.313113,11.429033,2.0039065,2.3640952,3.6340327,0.0,0.0,0.0
1.6693287,8.861572,11.709251,1.5788591,2.976057,3.8655963,0.0,0.0,0.0
-1.0681788,8.562195,11.591895,-1.1154969,2.7291355,3.7087755,0.0,0.0,0.0
-3.2332766,7.585027,11.553575,-3.2081368,1.7593303,3.6649108,0.0,0.0,0.0
-2.663262,5.223538,11.0123005,-2.5348265,-0.6257405,3.1421142,0.0,0.0,0.0
-0.977168,3.6164796,10.111773,-0.78526264,-2.265044,2.2669497,0.0,0.0,0.0
0.19639161,3.2332766,8.634046,0.3611129,-2.716193,0.8400049,0.0,0.0,0.0
0.7089258,4.2152348,6.586304,0.8566903,-1.784749,-1.1692586,0.0,0.0,0.0
0.66342044,5.43909,4.9792457,0.83494174,-0.6643071,-2.6947045,0.0,0.0,0.0
0.119750984,5.822293,4.5553274,0.34631893,-0.34584045,-3.0652494,0.0,0.0,0.0
-0.45984375,5.807923,5.625901,-0.17076796,-0.34852266,-2.0020084,0.0,0.0,0.0
-0.3520679,5.625901,6.5072684,-0.04755953,-0.44668293,-1.1869755,0.0,0.0,0.0
0.31853762,5.3217335,6.5312185,0.56131905,-0.6350484,-1.2551923,0.0,0.0,0.0
1.2885206,5.118157,6.2893214,1.4128441,-0.7390127,-1.5750599,0.0,0.0,0.0
1.7866846,5.2115626,6.143225,1.7949281,-0.5901623,-1.7631216,0.0,0.0,0.0
1.9974464,5.364844,5.8893533,1.9255589,-0.4372592,-2.0163932,0.0,0.0,0.0
1.9255958,5.4127445,5.199588,1.8537083,-0.38935852,-2.7061586,0.0,0.0,0.0
1.829795,5.8845634,4.7301636,1.6788001,-0.02685213,-3.0930552,0.0,0.0,0.0
2.0357666,6.3132715,5.760022,1.8780729,0.3491807,-2.0229812,0.0,0.0,0.0
2.318379,6.5216384,6.7898808,2.1681983,0.5355282,-0.9763484,0.0,0.0,0.0
2.1028273,6.7731156,7.561077,1.8406552,0.7316842,-0.15920496,0.0,0.0,0.0
1.9255958,6.837781,8.042476,1.6398882,0.78484154,0.33204842,0.0,0.0,0.0
2.3303542,7.431746,8.066426,2.0360174,1.3737359,0.3603077,0.0,0.0,0.0
1.7579445,7.5059915,8.619676,1.4528549,1.4390211,0.92102766,0.0,0.0,0.0
1.3268409,7.453301,10.248289,1.0410184,1.3923011,2.5442004,0.0,0.0,0.0
1.7363893,8.042476,12.149935,1.4837861,2.0172043,4.416715,0.0,0.0,0.0
1.7675245,9.19927,11.924803,1.5157604,3.204164,4.168147,0.0,0.0,0.0
-0.79993653,8.52148,10.365645,-1.048578,2.504953,2.6254916,0.0,0.0,0.0
-1.0490186,6.725215,11.038646,-1.2433934,0.6530237,3.3405223,0.0,0.0,0.0
1.1543995,5.6282964,8.660391,1.0048354,-0.5064192,1.0109935,0.0,0.0,0.0
2.8931837,4.869075,6.095325,2.705348,-1.3696866,-1.4685998,0.0,0.0,0.0
3.5063088,4.854705,5.278623,3.239678,-1.5131879,-2.1745129,0.0,0.0,0.0
2.8404932,5.2762284,5.9468336,2.5877924,-1.2248931,-1.3908744,0.0,0.0,0.0
1.2310401,5.0726514,6.368357,1.0489459,-1.5022659,-0.90541077,0.0,0.0,0.0
0.31135255,4.392466,6.464158,0.17475986,-2.1670275,-0.8245168,0.0,0.0,0.0
0.6586304,3.4440382,7.31918,0.47082168,-2.9920967,-0.077527046,0.0,0.0,0.0
1.5974782,2.4836354,8.423284,1.2621291,-3.7306757,0.8443475,0.0,0.0,0.0
1.6932789,2.6369166,8.626861,1.1674848,-3.3068347,0.84446,0.0,0.0,0.0
0.117355965,3.8583767,7.350315,-0.5804265,-1.8433583,-0.59787416,0.0,0.0,0.0
-1.4154567,5.1947975,5.4822,-2.1988118,-0.38099003,-2.5469556,0.0,0.0,0.0
-1.5519727,6.090535,4.4427614,-2.3214593,0.5029669,-3.579543,0.0,0.0,0.0
-0.58677983,6.13604,4.112249,-1.2902373,0.45597744,-3.850943,0.0,0.0,0.0
0.18920656,5.999524,4.5840673,-0.43949705,0.21318245,-3.308548,0.0,0.0,0.0
0.22752686,5.997129,5.271438,-0.34261668,0.13424206,-2.5689626,0.0,0.0,0.0
-0.5125342,6.365962,6.2941117,-1.0354555,0.4693284,-1.5242429,0.0,0.0,0.0
-0.7113208,6.8425713,7.32397,-1.1903927,0.9524536,-0.5021014,0.0,0.0,0.0
-0.15328126,7.2401443,7.814949,-0.5225062,1.3597364,-0.024366379,0.0,0.0,0.0
0.14130616,7.9347,8.301138,-0.25883326,2.0984664,0.43039083,0.0,0.0,0.0
0.36164796,8.504715,8.787327,-0.04122016,2.7006721,0.892951,0.0,0.0,0.0
0.10777588,8.916658,9.948912,-0.25567645,3.1471672,2.0273423,0.0,0.0,0.0
-0.28979737,9.230406,11.273357,-0.5856227,3.5121222,3.3119435,0.0,0.0,0.0
