1.992,-11.116,2.693,-1.7419457,10.968742,3.875093,0.3433839,-5.8504977,-0.39226276
2.386,-11.337,3.969,-1.742657,11.12623,3.0666714,0.3121669,-5.229777,-0.62341845
-0.413,-9.85,0.611,-1.9442087,11.264939,2.6317987,0.43779433,-4.8594003,-0.86104614
0.324,-12.08,-3.949,-2.0978785,11.205598,2.9453073,0.7548105,-5.241999,-0.7096747
2.352,-13.788,-7.017,-2.1495314,11.006437,4.3474126,1.1476873,-6.551078,-0.21474427
2.446,-11.557,-5.009,-1.833934,10.995516,5.558633,1.1855798,-7.8317833,0.19308332
1.469,-10.461,-3.841,-1.4232448,11.371554,5.254444,0.70008326,-7.7494235,-0.11319814
2.357,-12.268,-3.28,-1.2756662,12.060766,3.9341307,0.25295627,-6.8771834,-0.9268117
6.321,-14.638,-3.204,-1.4359636,13.094639,4.074611,0.2960407,-7.3197746,-1.87527
7.871,-13.537,-3.531,-1.6734684,14.109265,6.0620074,0.7847991,-9.485824,-2.3598242
3.706,-15.265,-1.38,-1.1136528,14.879274,8.40562,0.6243752,-12.0188875,-2.3771098
3.151,-15.784,0.933,-0.91512775,15.299789,10.197634,0.69126505,-13.935672,-2.2030108
1.749,-15.099,1.489,-1.5243301,15.433146,10.06008,1.1803308,-13.78559,-2.452026
-1.615,-16.798,1.889,-0.9899906,14.985188,8.206506,0.21774039,-12.132967,-2.260925
-8.514,19.091,1.343,-0.37421393,14.523493,9.621067,-0.002363386,-13.399303,-1.3331687
-10.079,18.051,-4.73,-1.3330778,13.914868,12.168577,1.4128613,-15.273121,-0.59577656
-9.732,18.051,-7.73,-2.5927467,14.200364,10.914318,2.188843,-13.931143,-1.5347444
0.432,19.303,2.193,-2.8378916,14.877708,7.573748,1.4484601,-10.947736,-3.0312073
8.286,18.423,-0.563,-2.3665688,15.209519,6.4593067,0.6559152,-10.022594,-3.526398
4.62,-13.323,-0.188,-1.9063809,14.939217,7.018489,0.32321382,-10.348772,-3.1884315
-0.83,-4.976,2.629,-2.04774,14.323905,7.4149246,0.6328836,-10.46608,-2.619502
-2.645,-2.962,3.298,-2.9338129,13.738977,6.7876396,1.272566,-9.462725,-2.533376
-3.476,-1.573,3.341,-3.6177766,13.224888,4.9816284,1.5697,-7.493853,-2.610304
-3.79,-0.538,3.371,-4.3041153,12.675529,4.0214047,1.9704115,-6.3616185,-2.4821024
-3.541,0.164,3.014,-4.7591944,12.096041,4.1409116,2.5187557,-6.2705145,-2.0444183
-2.41,0.815,1.689,-4.939115,11.56289,4.3294554,2.7958279,-6.3104534,-1.5600123
-1.652,0.809,0.45,-4.4209566,11.204556,3.926711,2.3075094,-5.9185047,-1.1547709
1.221,-2.354,-5.111,-3.7113047,10.81384,3.8974738,1.7557055,-5.9228125,-0.5731867
3.099,-8.815,-11.587,-3.1599922,10.523024,3.8120022,1.2932694,-5.869472,-0.14963955
1.777,-12.803,-14.85,-3.07612,10.299347,3.6269925,1.2320677,-5.6954446,0.07330139
1.4,19.146,-9.89,-3.2917295,10.250598,3.7421355,1.4730606,-5.773501,0.09013708
-0.378,18.379,-8.14,-3.2570972,10.393837,3.5606823,1.3749446,-5.690411,-0.044630624
-4.94,-6.987,-9.197,-3.243231,10.606206,3.665851,1.333202,-5.8686028,-0.2048784
-7.911,-8.17,-9.153,-3.5964115,10.8765745,3.7287188,1.6099552,-6.0025992,-0.5139237
-3.745,18.051,1.527,-4.131757,11.1942005,3.7738552,2.0568898,-6.071663,-0.9417276
1.887,-15.523,2.027,-3.8344865,11.897029,3.47574,1.6219022,-6.088456,-1.5345814
4.155,-2.444,-0.192,-3.9083447,12.563936,4.0475426,1.7005086,-6.8253174,-2.0269272
3.049,-2.503,5.786,-4.1033487,13.246971,5.009774,2.1017325,-7.9751706,-2.4161546
-2.643,-9.968,7.193,-4.4543715,13.998362,5.7437067,2.506507,-8.876997,-2.9879582
1.012,-19.263,-1.59,-4.5993805,14.676418,5.6299915,2.7558808,-9.115344,-3.5186648
4.292,-18.229,-0.94,-4.212313,15.253256,5.495201,2.3549576,-9.272445,-3.9439352
-1.857,-8.831,-1.251,-3.5587063,15.694637,6.533814,2.228245,-10.517205,-3.8352
-2.9,-6.266,-2.077,-3.1017065,15.691637,6.9028134,1.880282,-10.939096,-3.620845
-0.873,-6.633,-0.443,-1.0673234,15.651422,6.8051977,0.14650893,-10.978895,-3.302863
0.829,-10.184,0.266,1.0573866,14.788502,10.831969,-0.7315077,-14.62457,-1.2719887
1.142,-10.971,1.226,0.22736669,13.612727,14.598944,1.1243453,-17.426157,0.1344148
0.203,-9.009,3.329,-0.15507603,13.212075,14.027405,10.019226,-13.240118,0.02577369
-0.584,-7.807,3.341,0.10374284,13.34414,11.558845,0.40384966,-14.168044,-0.7189002
-1.349,-10.127,-0.798,0.58834267,13.434265,10.007435,-0.48774037,-12.678556,-1.1473776
-0.633,-13.051,-4.17,0.92878795,13.3213215,8.759328,-1.1442896,-11.413199,-1.3053089
2.517,-13.141,-4.374,0.4569955,12.787506,8.188503,4.6083174,-9.549538,-1.0722498
6.165,-11.505,-4.618,-1.0085135,11.97381,6.97491,0.37326702,-8.9763155,-0.7917034
6.267,-11.681,-2.448,-1.6027787,11.644477,5.8322196,0.7252319,-7.734374,-0.7683684
3.872,-14.361,-3.97,-1.6027787,11.644477,5.8322196,0.7252319,-7.734374,-0.7683684
4.694,-14.923,-4.716,-1.6027787,11.644477,5.8322196,0.7252319,-7.734374,-0.7683684
4.852,-14.56,-4.39,-3.01316,11.024455,1.8603274,1.3737081,-3.6086333,-1.109816
2.211,-14.259,-4.046,-3.0050273,11.05376,1.7977146,2.8671215,-2.5781593,-1.1286266
2.886,-14.158,-0.004,-2.7462666,11.749111,1.3783106,1.0254376,-3.4854925,-1.7814116
-0.647,-13.612,-1.087,-2.7061505,11.9495125,1.8185635,1.1494331,-4.027937,-1.8499275
-1.739,-15.524,3.646,-2.117988,11.789394,3.9902096,1.1819297,-6.146915,-1.1576542
-2.335,18.673,0.651,-1.2354409,11.388824,7.555824,5.2437105,-8.088618,0.0393643
-3.713,18.051,-6.035,-1.0105827,11.216545,8.876757,1.4845182,-10.785575,0.47409943
-2.593,18.11,-2.972,-1.2045634,11.329294,7.571871,5.376347,-8.073061,0.16000834
3.259,18.075,-0.162,-1.4620671,11.736503,6.1393948,1.1704233,-8.360295,-0.50406766
7.153,19.479,-0.274,-1.9736407,13.604589,5.020863,1.1329556,-7.782217,-2.5360703
3.854,-12.021,1.798,-1.7562801,14.7644005,5.846635,0.97622603,-8.965586,-3.3812387
-0.867,-5.193,2.892,-1.2719355,15.20101,7.744569,0.8910543,-11.091911,-3.1872883
-2.427,-3.548,3.55,-1.5593741,15.260551,10.152092,1.7134016,-13.338081,-2.7448833
-3.499,-1.825,3.604,-1.762701,15.044752,8.766983,1.4388112,-12.061265,-2.7936435
-3.39,-0.469,3.224,-1.1729188,15.145356,7.369008,0.43868843,-10.915733,-3.0663517
-3.033,0.444,2.049,-1.8121216,14.310728,9.841216,1.4686348,-12.678992,-2.1104186
-2.987,0.613,0.81,-2.9844482,13.517811,12.256576,3.2111752,-14.412724,-1.320956
-1.584,-0.26,-1.448,-4.0842085,13.50694,12.059285,3.836199,-13.720064,-2.0924296
1.1,-3.634,-6.829,-4.1265483,13.717654,9.384633,3.087609,-11.123288,-2.8429706
0.584,-8.693,-10.395,-2.743966,13.869074,7.366637,1.2000152,-9.215013,-3.1467814
-2.356,-11.208,-10.026,-1.3790016,13.899923,6.6160426,-0.3028181,-8.665362,-2.987931
-0.75,-17.086,-8.387,-1.2923163,13.32209,6.346519,4.2235446,-6.8934283,-2.6057942
-5.272,-16.287,0.167,-2.8887749,12.138666,7.250661,1.4571166,-8.181985,-1.9914961
-5.272,-16.287,0.167,-2.9147828,12.137457,7.327099,1.433615,-8.170548,-2.0545115
-5.272,-16.287,0.167,-3.9837828,11.025457,8.225099,7.264307,-5.5304933,-1.2263471
5.934,18.684,2.606,-3.473835,10.94062,5.7978406,1.9495963,-6.4588575,-1.1414961
5.346,-18.336,-1.963,-3.141109,10.803344,4.906028,1.5338461,-5.7202215,-0.94389987
-0.205,-9.937,1.183,-2.752198,10.486088,4.88407,1.3497634,-5.813852,-0.47751567
-2.22,-3.426,3.313,-2.4442272,10.03585,5.3646975,4.575777,-4.6648707,0.17473711
-2.605,-1.587,3.147,-2.1419535,10.141306,4.316804,0.8894428,-5.645813,0.14215067
-2.259,-0.937,3.077,-1.9855943,10.511501,2.5679858,2.3319376,-3.6187568,-0.3173552
-2.679,-0.917,2.21,-1.9592894,10.777576,1.8814291,-0.075833574,-3.884367,-0.60683584
-2.898,-2.218,0.474,-2.0405362,11.073237,2.8255918,3.0381076,-3.8735926,-0.7066523
-2.898,-2.218,0.474,-2.7122302,11.247385,5.623955,1.3034139,-7.5101094,-0.55617404
-0.199,-4.609,-4.024,-3.956545,11.71266,6.2701917,6.7005773,-5.0424104,-1.2311187
1.686,-10.051,-12.513,-4.6195116,12.941585,5.1189823,2.0809488,-7.299968,-2.7396102
1.826,-14.715,-14.376,-4.8598566,13.9222145,4.461258,5.613844,-4.517995,-3.810308
-0.041,-16.406,-7.881,-5.076972,15.172482,5.900271,1.6659971,-8.655462,-4.791312
-3.144,-15.255,-4.388,-4.8566084,15.685787,7.8137255,1.5414473,-10.510888,-4.9524136
-4.331,-11.153,-10.179,-3.880168,15.641515,7.989358,0.49638182,-10.617194,-4.704426
-9.27,-16.355,-14.295,-3.3062725,15.371008,8.739481,-0.0030235818,-11.014632,-4.415016
-3.325,18.051,-8.102,-2.9043293,13.812548,13.185295,0.89471126,-14.67935,-2.7149243
1.692,-11.645,9.441,-4.0379877,13.190226,14.232391,2.121603,-15.087103,-2.871148
-2.668,-1.874,-1.434,-4.424926,13.149609,12.626302,2.0100152,-13.21595,-3.3544343
3.564,-4.492,5.555,-3.5187852,13.039367,11.561577,1.005366,-12.105175,-3.175298
-2.068,-9.152,7.07,-2.210752,12.688499,10.491425,-0.18970281,-11.062581,-2.5844266
1.22,-19.461,-0.586,-1.9227359,12.224238,9.152081,-0.47516176,-9.613586,-2.2034569
7.361,18.051,0.187,-2.7652752,11.21345,7.907145,0.42800045,-8.079014,-1.6151496
1.443,-12.802,-2.068,-3.5242517,10.56543,7.498244,1.3890064,-7.378499,-1.3244191
-3.472,-5.747,-2.127,-3.294259,10.428794,6.7869806,1.1487399,-6.733327,-1.102873
-3.339,-3.649,-0.853,-1.9670621,10.590509,4.7371974,-0.3880318,-5.1526756,-0.76541907
-1.161,-6.573,-0.571,-2.7051187,10.233138,5.0362797,0.5639583,-5.3278747,-0.61902136
-0.052,-10.404,-0.633,-3.8653588,9.599916,5.893305,2.1407058,-5.9575872,-0.28071594
-0.074,-11.248,-0.277,-4.040311,9.467443,5.183319,2.339485,-5.391191,-0.10724363
-0.927,-9.501,1.811,-3.6961572,9.883863,4.1796503,1.845643,-4.7487445,-0.33557948
-1.061,-7.723,1.456,-2.5824542,10.893673,3.4470985,0.5306073,-4.630945,-0.9402776
-0.826,-9.226,0.204,-1.3384103,11.784633,4.1849585,-0.55925184,-5.9064593,-1.2831552
0.225,-11.863,-1.953,-1.3559935,11.908845,7.307758,0.22143587,-8.977021,-0.98347026
3.735,-13.033,-3.339,-1.9194589,11.813209,10.462104,1.5510309,-11.937525,-0.57514393
5.166,-11.907,-2.988,-2.4865944,12.390282,9.997454,1.7373495,-11.683938,-1.1532108
1.498,-10.581,-2.81,-2.6129756,13.522268,7.4540386,0.8215307,-9.644029,-2.5043142
0.28,-13.071,-2.849,-2.354345,14.512359,7.18208,0.0855807,-9.6327505,-3.4197102
3.079,-15.106,-3.132,-1.4498122,14.532691,8.578989,-0.73390716,-10.948714,-3.0963407
6.34,-14.116,-2.473,-2.235313,13.28399,11.906996,0.6560436,-13.4151945,-2.1449096
5.121,-14.221,-1.844,-4.0930967,12.105708,14.385822,2.7576315,-14.993661,-1.9338391
8.721,-16.855,2.008,-5.3281956,11.994595,12.248297,2.9432847,-12.483703,-2.7542043
9.391,-16.414,3.128,-3.9236884,12.258846,10.312704,0.67247,-10.53681,-2.86418
3.571,-15.193,1.405,-4.232859,11.691531,12.203636,0.86111283,-11.942623,-2.849178
-6.486,-17.535,-1.684,-6.632303,10.282252,15.312106,3.5005043,-14.309152,-3.1226714
-9.555,-16.637,-2.64,-8.218152,9.438015,15.517275,5.172118,-14.12875,-3.2711
-6.897,19.451,1.738,-8.019156,9.363744,12.380639,4.729903,-10.965944,-2.9465044
-4.711,18.051,0.147,-6.1405635,9.625088,8.735651,2.7261841,-7.645644,-2.0581074
0.432,18.364,-1.408,-4.593837,9.759208,5.0070305,0.89102423,-4.2371554,-1.2689276
4.164,18.248,-0.672,-4.4247193,9.349848,5.8457937,1.1640149,-5.0435824,-0.8881381
4.85,-19.377,-1.426,-4.938757,8.556413,10.010888,2.8282359,-9.051215,-0.58074725
-0.676,-11.783,2.897,-4.784575,8.298014,8.4937935,2.7325308,-7.779805,0.013711201
-1.03,-8.032,4.061,-4.087673,8.844508,4.1162167,1.2479763,-3.8667653,0.04098024
-2.087,-5.739,3.97,-3.3252344,9.51422,2.7737036,0.17680225,-2.894999,-0.23619479
-3.301,-2.351,3.669,-3.2330077,9.494755,5.9150667,0.8223809,-6.0900946,-0.08400957
-2.92,-0.268,3.426,-3.564152,8.991818,9.608125,2.1420565,-9.71593,0.48547378
-2.011,0.108,1.763,-3.7641702,9.153174,9.737014,2.3943946,-10.0242195,0.50391126
-1.486,-1.493,-0.047,-2.970849,10.230724,6.341308,0.55837756,-7.1526265,-0.3044332
-1.216,-2.279,-0.835,-2.5585976,11.3642645,6.137954,-0.41224876,-7.2047386,-1.2064891
0.346,-3.349,-5.302,-3.7939236,11.453349,11.075507,1.4573722,-11.845863,-1.4090328
2.344,-7.701,-12.173,-5.077235,11.762829,12.878233,2.6673124,-13.5343895,-2.0127065
2.681,-12.058,-11.256,-4.2988377,12.789374,9.626987,0.7437467,-10.587449,-2.9244037
1.352,-13.113,-5.833,-3.5098553,13.316358,7.5645537,-0.8738047,-8.468981,-3.3986442
-5.622,-15.667,-5.325,-4.109459,12.107744,10.748794,0.30531797,-10.984837,-2.7735684
-7.533,-13.962,-9.262,-5.1516743,11.454261,13.839309,1.589173,-13.47055,-3.049679
-10.36,-10.525,-7.913,-6.4222035,11.160036,15.2917,2.7568214,-14.448299,-3.731216
-14.107,-13.066,-6.752,-5.985318,11.282099,13.265354,1.8641796,-12.266835,-3.7995625
4.113,18.051,0.147,-5.2478657,11.195787,10.579795,0.75995386,-9.475633,-3.4014032
13.521,-15.552,6.289,-5.474086,10.613416,8.824011,0.8852898,-7.481098,-2.9887714
-0.605,-0.4,4.034,-5.9618044,10.144646,8.908403,1.4763305,-7.3888845,-2.8835611
-2.111,-2.625,5.069,-6.6307774,9.30773,12.809115,2.7714982,-10.863633,-3.1923804
1.276,-13.454,3.211,-6.040481,9.146506,13.888323,2.6757085,-12.012347,-2.904588
8.06,18.051,-1.037,-4.875019,9.622866,8.1685505,1.2112049,-6.6054206,-1.9403483
2.351,-16.85,-0.831,-4.467108,9.784125,5.954876,0.8176981,-4.5797715,-1.5732361
-4.603,-9.145,-1.717,-3.9257536,9.726617,6.7999725,0.6896504,-5.593226,-1.3512392
-3.069,-6.75,-2.299,-3.8271668,9.694027,7.6577816,0.969241,-6.580056,-1.2850777
-0.564,-7.893,-1.92,-3.930028,9.72475,7.7062435,1.3371587,-6.8059635,-1.2066565
0.421,-11.056,-0.602,-3.7642293,10.070868,6.3091674,1.1699784,-5.696457,-1.2196336
0.664,-12.449,0.152,-3.2833169,10.73531,5.1656504,0.4910221,-4.7738647,-1.5810666
0.587,-11.041,0.14,-2.6758232,11.053861,5.51339,0.29865724,-5.5165854,-1.5609981
-0.97,-7.94,-0.002,-3.064983,11.150463,8.880111,1.4594523,-8.909307,-1.642262
-0.945,-8.575,0.969,-3.9946165,11.811719,8.846886,2.2660675,-8.876074,-2.433503
0.763,-10.794,-0.227,-4.7850466,13.260601,6.422397,2.4082487,-6.7329254,-3.9358208
2.516,-11.959,-2.731,-4.786662,14.372419,5.4971795,2.1269526,-6.0468154,-4.978805
1.805,-12.081,-3.256,-2.272053,14.37795,8.622947,0.36600867,-9.251483,-4.353824
-1.533,-12.936,-3.952,-0.94064355,12.132388,16.79904,1.3320761,-16.856028,-2.2094767
-0.237,-12.98,-3.933,-2.3783433,10.042493,-19.200798,-4.779549,18.929157,0.11016377
4.813,-13.495,-2.31,-3.3132684,10.18692,17.646027,4.205829,-16.82781,-1.3857187
5.894,-13.496,-2.854,-2.5690393,11.588588,10.896361,1.6318647,-10.4921255,-2.3126864
4.908,-12.8,-3.029,-2.018443,12.323766,9.154156,0.40099958,-8.805161,-2.9234812
5.058,-14.48,-1.332,-2.3945353,12.002449,10.485199,0.9761366,-9.815809,-2.9381142
3.222,-16.391,-0.365,-2.5232131,11.358894,11.826377,1.493798,-10.855884,-2.6501827
0.002,-14.164,0.195,-2.0249138,11.0039835,12.425359,1.2660671,-11.342383,-2.4132068
-0.637,-14.371,2.071,-1.769267,10.82852,11.395343,0.92918795,-10.292162,-2.1703672
-4.215,-14.625,4.456,-2.1462383,10.529015,9.027058,0.91907287,-7.8771133,-1.7718084
-6.353,-17.089,0.285,-2.2554853,10.348216,7.703279,0.8494932,-6.5199194,-1.5195278
-6.386,19.241,-5.814,-2.0514336,10.089344,5.7427626,0.32181755,-4.6593046,-1.0178545
-5.385,-19.033,-2.05,-2.018698,9.824572,5.167609,0.15603209,-4.0584183,-0.7198139
2.053,18.665,3.6,-2.4665275,9.3699465,5.2377963,0.6706364,-4.0211973,-0.42537767
4.73,-19.018,-2.336,-3.277859,8.882575,6.2127943,1.6479157,-4.783713,-0.32467702
1.447,-9.97,0.488,-4.2338767,8.439085,6.8307295,2.6358333,-5.2524614,-0.25648957
-0.396,-4.467,2.777,-4.2488036,8.386486,5.8475747,2.4705827,-4.415249,-0.04126468
-0.957,-3.315,2.028,-4.417802,8.575834,5.675031,2.5607924,-4.330993,-0.19098686
-1.575,-2.706,2.187,-5.277602,8.871002,6.9488325,3.5991733,-5.5584083,-0.7282489
-2.138,-2.537,2.692,-5.760385,9.702015,7.610953,4.0771136,-6.329012,-1.5317141
-3.171,-2.083,1.628,-4.9014225,11.51831,5.9332156,2.572256,-5.212469,-2.7676144
-3.145,-2.081,-0.152,-4.661731,13.479251,4.7703447,1.6406002,-4.4979553,-4.4501004
-1.912,-2.208,-1.646,-5.231991,14.301798,7.1918736,2.3962135,-6.9513745,-5.345074
-0.584,-3.43,-3.811,-5.3526964,13.908994,8.9906,2.8717852,-8.740654,-4.968199
0.357,-8.806,-8.162,-5.2574368,13.346579,10.473272,3.0841587,-10.116976,-4.4620547
0.114,-15.057,-12.338,-4.9156604,12.929533,12.511374,3.1045635,-12.084483,-4.0569
3.01,18.968,-8.897,-5.3294935,12.48353,14.558504,3.8476026,-13.980886,-3.8287027
-0.586,18.905,-7.774,-5.9913845,12.359214,14.991213,4.505404,-14.309219,-3.916723
-2.439,-12.49,-8.018,-7.0431085,12.677581,13.772629,5.295569,-13.009684,-4.4312167
-3.085,-7.802,-9.968,-5.1569395,13.675295,11.719129,3.15424,-11.357441,-4.753744
-5.861,-7.497,-11.509,-1.3459088,14.1578865,10.998199,-0.4302348,-11.153535,-4.2870054
-1.725,-14.316,-6.791,1.5165999,12.888792,13.326622,-2.2533693,-13.609262,-2.672541
2.654,18.556,5.0,-0.07312298,9.794176,17.837017,0.8970434,-17.301672,-0.8675215
-4.821,-14.84,1.266,-2.5386927,8.826154,18.045475,3.2724593,-16.814526,-0.98908854
-3.595,-4.516,-2.197,-3.8477616,9.361436,11.935345,2.9816756,-10.578256,-1.3335627
3.447,-4.073,5.704,-3.1611793,10.033113,7.781853,1.3468875,-6.707997,-1.3469284
0.661,-10.19,6.15,-1.2237458,10.980588,4.05536,-1.3998088,-3.391885,-1.3760358
2.194,-16.46,-0.032,-0.42965174,11.067678,4.1104126,-2.229727,-3.4561007,-1.268425
4.466,-16.588,0.315,-1.6749841,10.217184,7.85443,-0.32266104,-6.754589,-1.2910926
0.243,-11.083,-1.298,-3.2860441,9.169734,11.67139,2.0320148,-10.194475,-1.2860051
-3.544,-6.42,-0.829,-3.8387523,8.7224245,10.922225,2.5603416,-9.529486,-0.8115057
-1.389,-8.484,-0.178,-3.9814687,8.894919,7.292335,2.062438,-6.2012577,-0.46177575
0.357,-10.364,-0.379,-3.9692714,9.6154,5.248513,1.5022936,-4.4584293,-0.8527815
2.485,-10.979,0.697,-4.3408375,10.495693,6.988521,1.9092261,-6.3712296,-1.752078
2.493,-10.558,1.92,-4.4907885,11.494257,8.881326,2.164311,-8.56587,-2.5668993
-0.214,-8.679,2.39,-3.7576914,12.967536,7.1687737,0.7320843,-7.4889317,-3.4993076
0.502,-11.632,-2.331,-3.3677604,14.003855,7.9633417,0.0784118,-8.702166,-4.162271
0.715,-13.024,-3.972,-3.7586975,13.706245,10.759544,0.7937094,-11.549638,-3.7481549
1.846,-13.633,-3.821,-4.4200735,13.142417,9.892126,0.9928098,-10.6712265,-3.4316885
2.648,-13.575,-4.082,-5.5013866,12.397299,11.380498,2.0104344,-11.873083,-3.172643
2.058,-12.018,-2.957,-7.895321,11.752586,14.991199,4.58909,-15.087775,-3.4784832
1.015,-12.429,-2.644,-9.073074,11.814384,14.887042,5.4491053,-15.120253,-3.802526
2.332,-13.513,-2.609,-7.110756,12.218607,10.989137,9.695099,-7.6088653,-3.1829054
5.546,-13.421,-1.74,-5.247536,13.0828,9.170367,1.1345849,-10.796811,-3.035996
3.844,-14.165,-2.566,-4.458999,14.002998,10.29496,7.8255982,-9.788005,-3.0349946
4.017,-15.551,-1.233,-3.5324943,14.605591,7.1652694,-0.71637636,-10.178217,-3.3475735
4.521,-15.203,-0.116,-3.8293295,14.443666,2.7733955,2.8436098,-5.6579814,-4.0091424
2.066,-14.435,0.935,-6.5319643,13.094209,5.0889616,1.8994977,-7.8212047,-3.4312918
-2.082,-15.623,1.96,-8.84285,11.349139,11.222727,12.410143,-6.8226514,-1.699362
-7.648,-17.194,2.332,-9.342871,11.0506115,12.96594,6.2557826,-14.62839,-1.3466573
-8.348,18.308,-2.643,-9.253891,11.45715,12.218605,13.252688,-7.5097547,-1.7763087
-7.385,18.051,-5.19,-7.7211843,12.4218645,7.704624,3.6592562,-10.1023,-2.756553
-3.347,-18.249,-3.189,-6.0128655,12.681284,4.633023,5.7107315,-5.1387334,-2.8193302
5.406,19.33,1.763,-5.3442144,12.33916,4.412305,1.5099679,-7.290002,-2.229122
6.081,-18.211,-0.948,-5.283179,11.7778635,5.359466,6.382534,-5.3368893,-1.4243252
0.754,-9.577,1.729,-4.8523536,11.487456,5.029824,2.0134091,-7.725055,-1.0135075
-1.389,-5.405,3.277,-3.759838,11.546243,4.782221,5.0215874,-5.9658318,-0.6582558
-1.72,-4.704,2.896,-2.4269857,11.756754,4.831668,0.31843212,-8.065882,-0.307534
-2.809,-3.019,2.885,-2.6231627,11.419031,4.2048106,4.388924,-6.1680098,-0.07508552
-3.12,-2.153,2.287,-3.1236138,11.698279,1.9862802,0.94379807,-5.776961,-0.97704136
-3.211,-1.687,1.465,-2.4923463,12.928963,-0.09877801,1.9243573,-4.242595,-2.5090666
-3.207,-1.555,1.054,-0.46996188,13.1191845,0.7594762,-1.5658151,-5.97291,-1.8029685
-2.909,-1.68,0.588,0.43626642,12.215717,6.281263,4.913612,-9.494658,1.1708974
-2.339,-2.312,3.104,0.46886468,12.040512,7.939533,-0.10714712,-12.039506,1.8524808
-2.339,-2.312,3.104,-0.09893513,13.66088,5.5575,-0.36293036,-10.468814,-0.5754241
-2.882,0.042,1.789,-0.20198298,14.921062,3.5847065,-0.99740136,-9.158492,-2.467562
-2.307,-0.999,-0.215,-0.50490844,14.543715,4.9457183,-0.4995813,-9.959913,-1.8888725
1.273,-4.714,-7.178,-1.1955396,13.402731,6.4837723,0.45570326,-10.519735,-0.7871867
2.202,-7.519,-10.886,-1.9273163,12.424662,5.467143,0.75753176,-8.812854,-0.66885364
0.645,-15.127,-11.865,-2.386195,11.663964,4.875889,0.9253917,-7.6235576,-0.5152344
-0.437,-19.487,-6.717,-2.269181,11.169235,6.506882,1.0623481,-8.76581,0.09724717
-3.182,-11.041,-9.747,-1.7027699,11.333737,13.765717,1.8888152,-15.783845,1.5513089
-4.297,-5.235,-13.285,-3.23793,10.969494,6.8698015,1.4805156,-9.187658,0.24614623
-4.761,19.171,3.475,-5.3392334,11.754503,-1.6753757,1.0278503,-1.3753487,-3.0981781
-3.444,18.051,7.732,-4.687264,11.94043,-2.3514593,0.10077984,-1.0608778,-3.190967
2.089,-12.813,-2.795,-4.3307514,11.511017,-1.0042716,0.111950725,-2.198854,-2.3350143
3.384,-3.817,2.968,-4.4299335,11.672548,1.9376652,0.6116846,-4.8355417,-1.8497062
-1.703,-5.746,7.519,-4.2863126,12.199469,7.2924714,1.1547748,-9.983214,-1.119537
-1.238,-13.437,1.552,-4.6623263,11.997043,8.827683,1.6250397,-11.4556265,-0.6681861
4.928,-18.834,0.659,-5.3984933,11.8929,5.390933,1.5141047,-8.218261,-1.5869727
1.158,-14.833,-0.706,-6.3998766,12.5926895,4.378624,1.7976679,-7.4816766,-2.8226619
-2.887,-8.088,-1.714,-6.9522867,13.206957,4.1882715,1.9770335,-7.52394,-3.6016033
0.557,-9.496,5.108,5.620639,-16.642094,0.69627476,7.3414845,-6.2109942,-4.9093876
-0.579,-10.442,0.339,4.4558887,-17.793713,-3.7564404,0.0,0.0,0.0
0.235,-12.814,-3.702,5.2021537,-20.26468,-7.700137,0.0,0.0,0.0
3.697,-13.017,-4.743,8.610878,-20.828585,-8.060129,0.0,0.0,0.0
5.036,-11.673,-4.632,9.964622,-19.667896,-7.45347,0.0,0.0,0.0
4.037,-10.981,-2.957,8.9550295,-19.076023,-5.497471,0.0,0.0,0.0
3.434,-13.415,-2.874,8.33873,-21.551943,-5.3038454,0.0,0.0,0.0
4.408,-14.59,-3.179,9.24297,-22.8293,-5.3942566,0.0,0.0,0.0
6.361,-14.67,-2.332,11.17476,-22.930042,-4.5159836,0.0,0.0,0.0
3.223,-14.071,-3.008,8.010351,-22.35554,-5.156968,0.0,0.0,0.0
2.57,-14.936,-2.268,7.31695,-23.233604,-4.4558268,0.0,0.0,0.0
2.468,-14.639,-1.313,7.263058,-22.860302,-3.676892,0.0,0.0,0.0
-0.024,-12.98,-0.046,4.8688927,-21.02512,-2.7857091,0.0,0.0,0.0
-0.471,-13.87,2.135,4.4744415,-21.67305,-1.1551969,0.0,0.0,0.0
-2.85,-17.888,4.425,2.1213946,-25.382442,0.5148902,0.0,0.0,0.0
-6.981,18.051,-1.759,-2.0856242,10.87566,-6.310942,0.0,0.0,0.0
-7.04,18.073,-7.266,-2.1265483,11.269529,-12.339574,0.0,0.0,0.0
-1.613,-19.083,-0.964,3.5244503,-25.467052,-6.351099,0.0,0.0,0.0
4.259,18.756,1.02,9.496701,12.830616,-4.7788525,0.0,0.0,0.0
5.779,-17.759,-1.347,11.051224,-23.10305,-7.6569257,0.0,0.0,0.0
1.227,-9.188,1.216,6.541157,-13.920078,-5.5321517,0.0,0.0,0.0
-1.541,-4.376,2.989,3.5545368,-8.638278,-4.2247972,0.0,0.0,0.0
-1.266,-3.626,3.545,3.453418,-7.517208,-4.120244,0.0,0.0,0.0
-1.586,-2.622,3.594,2.7346668,-6.196658,-4.451125,0.0,0.0,0.0
-2.298,-1.266,3.158,1.608315,-4.625655,-5.1860867,0.0,0.0,0.0
-2.919,-0.281,2.143,0.5873673,-3.552327,-6.411192,0.0,0.0,0.0
-3.194,-0.558,0.929,-0.047267914,-3.8590066,-7.752694,0.0,0.0,0.0
-2.594,-1.321,-0.442,0.40005517,-4.679985,-9.155394,0.0,0.0,0.0
-0.767,-3.947,-4.456,1.9711127,-7.645646,-13.115858,0.0,0.0,0.0
1.09,-10.346,-13.419,3.8428864,-14.266613,-21.975914,0.0,0.0,0.0
-0.197,-15.81,-14.218,2.5412023,-19.731472,-22.77923,0.0,0.0,0.0
0.079,18.957,-6.751,2.8307061,15.018478,-15.300066,0.0,0.0,0.0
-2.628,-18.91,-8.134,0.009108067,-22.814098,-16.734818,0.0,0.0,0.0
-3.548,-9.352,-9.463,-1.1297207,-13.0940695,-18.199085,0.0,0.0,0.0
-5.269,-6.815,-9.548,-2.8530488,-10.458385,-18.326344,0.0,0.0,0.0
-2.324,-18.838,-8.475,0.14243746,-22.38988,-17.276773,0.0,0.0,0.0
2.961,19.244,6.663,5.5941615,15.785414,-2.1276217,0.0,0.0,0.0
-2.436,-9.214,-0.791,0.22523761,-12.654442,-9.580286,0.0,0.0,0.0
1.983,-4.554,1.602,4.6709266,-8.004966,-7.1750307,0.0,0.0,0.0
0.832,-7.154,7.443,3.9796724,-11.0711155,-0.97832584,0.0,0.0,0.0
0.8,-14.365,2.054,4.202024,-18.753347,-6.029255,0.0,0.0,0.0
5.899,-18.561,0.454,9.438192,-23.355232,-7.3344426,0.0,0.0,0.0
2.354,-13.518,-0.574,6.129624,-18.710682,-7.9869,0.0,0.0,0.0
-2.587,-7.073,-1.909,1.4059246,-12.681415,-8.892739,0.0,0.0,0.0
-2.717,-5.798,-0.882,1.4435472,-11.830099,-7.3992076,0.0,0.0,0.0
-1.415,-9.164,-0.195,2.9092193,-15.64838,-6.146832,0.0,0.0,0.0
-0.376,-11.034,1.595,4.1284943,-17.925406,-3.7330778,0.0,0.0,0.0
0.911,-11.113,3.487,5.592121,-18.259918,-1.3274622,0.0,0.0,0.0
0.62,-9.742,3.281,5.422244,-17.07328,-1.1191323,0.0,0.0,0.0
-0.496,-10.048,1.502,4.302845,-17.55169,-2.601183,0.0,0.0,0.0
0.718,-13.713,-5.077,5.437812,-21.410599,-8.903321,0.0,0.0,0.0
3.032,-13.096,-5.073,7.7814827,-20.995998,-8.420059,0.0,0.0,0.0
2.626,-9.511,-4.093,7.4271474,-17.540295,-7.034049,0.0,0.0,0.0
2.481,-9.764,-3.441,7.2491264,-17.883358,-6.1816874,0.0,0.0,0.0
3.249,-14.495,-3.119,7.962693,-22.707806,-5.668765,0.0,0.0,0.0
5.135,-14.542,-2.782,9.818337,-22.794361,-5.2589464,0.0,0.0,0.0
6.66,-14.483,-2.275,11.293564,-22.784067,-4.6818132,0.0,0.0,0.0
5.127,-14.642,-2.331,9.745384,-22.957413,-4.717377,0.0,0.0,0.0
2.855,-15.547,-1.838,7.507157,-23.805645,-4.3524814,0.0,0.0,0.0
2.787,-15.053,-0.576,7.557748,-23.154129,-3.365631,0.0,0.0,0.0
0.678,-14.081,0.739,5.5485163,-21.934072,-2.5439386,0.0,0.0,0.0
-2.433,-15.534,1.106,2.4524932,-23.07795,-2.8171525,0.0,0.0,0.0
-7.755,-19.384,2.245,-2.967929,-26.621008,-2.324469,0.0,0.0,0.0
-8.084,18.051,-5.35,-3.3342519,11.146958,-10.443573,0.0,0.0,0.0
-7.594,18.432,-6.879,-2.6365323,11.947629,-12.314699,0.0,0.0,0.0
-1.179,-18.831,-0.441,3.9397774,-24.895994,-6.201585,0.0,0.0,0.0
6.68,19.594,-1.206,11.801194,14.043085,-7.4614825,0.0,0.0,0.0
2.612,-11.33,0.017,7.835004,-16.231667,-6.6810794,0.0,0.0,0.0
-0.565,-4.145,2.913,4.5709424,-8.514699,-4.2072663,0.0,0.0,0.0
-0.896,-2.535,3.131,3.9220057,-6.53415,-4.416452,0.0,0.0,0.0
-1.316,-2.131,2.737,3.122735,-5.8389153,-5.182556,0.0,0.0,0.0
-2.345,-2.232,2.517,1.7323029,-5.7147913,-5.693734,0.0,0.0,0.0
-3.152,-2.047,1.86,0.5823698,-5.404427,-6.563334,0.0,0.0,0.0
-3.284,-1.843,0.56,0.14311671,-5.1773715,-8.001963,0.0,0.0,0.0
-2.61,-2.52,-0.833,0.5811405,-5.9340305,-9.454566,0.0,0.0,0.0
-1.351,-3.48,-2.818,1.7146419,-7.068178,-11.414348,0.0,0.0,0.0
-0.53,-7.288,-8.902,2.5376241,-11.10991,-17.396296,0.0,0.0,0.0
2.551,-13.816,-14.89,5.601382,-17.741104,-23.34335,0.0,0.0,0.0
5.917,-18.357,-10.066,8.940945,-22.266941,-18.535858,0.0,0.0,0.0
-2.614,19.518,-10.148,0.5700691,15.6817875,-18.592854,0.0,0.0,0.0
-6.652,-11.419,-8.307,-3.7819245,-15.132214,-16.917755,0.0,0.0,0.0
-5.868,-6.495,-8.897,-3.2579865,-10.111524,-17.630783,0.0,0.0,0.0
-5.514,-13.296,-9.52,-3.0682023,-16.813112,-18.341473,0.0,0.0,0.0
0.529,18.051,2.266,3.0304208,14.580344,-6.5582743,0.0,0.0,0.0
-1.425,-18.236,0.265,1.2612786,-21.738855,-8.491957,0.0,0.0,0.0
0.545,-6.607,-0.479,3.231487,-10.095961,-9.241439,0.0,0.0,0.0
2.622,-3.852,6.194,5.696678,-7.64003,-2.3129125,0.0,0.0,0.0
0.496,-10.489,5.499,4.0124726,-14.752806,-2.601911,0.0,0.0,0.0
4.371,-17.328,1.621,7.984648,-22.053387,-6.1753216,0.0,0.0,0.0
4.135,-15.744,-0.152,7.8759675,-20.848042,-7.6436167,0.0,0.0,0.0
-2.381,-8.778,-1.786,1.5341475,-14.274584,-8.901444,0.0,0.0,0.0
-4.071,-5.68,-2.1,0.021569252,-11.620588,-8.743093,0.0,0.0,0.0
-2.527,-6.85,-1.68,1.734189,-13.242804,-7.774647,0.0,0.0,0.0
-0.724,-9.873,-0.308,3.6386828,-16.458263,-6.119342,0.0,0.0,0.0
1.373,-11.084,2.185,5.9921393,-18.094486,-2.8832345,0.0,0.0,0.0
1.395,-8.36,4.274,6.1410394,-15.583364,-0.35941124,0.0,0.0,0.0
-0.575,-7.969,2.126,4.1748476,-15.295948,-2.33776,0.0,0.0,0.0
-0.396,-12.288,-2.921,4.258182,-19.816357,-7.143892,0.0,0.0,0.0
1.337,-14.657,-5.221,5.9416413,-22.519247,-8.847667,0.0,0.0,0.0
2.947,-13.071,-4.88,7.5726094,-21.01897,-8.286442,0.0,0.0,0.0
2.777,-11.219,-2.925,7.4320846,-19.27435,-6.025308,0.0,0.0,0.0
2.579,-12.157,-2.987,7.205813,-20.310104,-5.866213,0.0,0.0,0.0
3.741,-14.281,-3.664,8.289255,-22.525799,-6.403907,0.0,0.0,0.0
6.548,-14.83,-1.663,11.010468,-23.146679,-4.3256297,0.0,0.0,0.0
5.341,-14.753,-2.369,9.754032,-23.104298,-5.0055447,0.0,0.0,0.0
2.354,-15.33,-2.534,6.7465677,-23.682014,-5.202256,0.0,0.0,0.0
4.139,-15.775,-0.776,8.526954,-24.073166,-3.6144319,0.0,0.0,0.0
2.669,-13.777,0.24,7.145669,-21.900463,-2.944207,0.0,0.0,0.0
-0.25,-14.267,0.96,4.2849703,-21.939976,-3.1302152,0.0,0.0,0.0
-4.783,-16.273,3.197,-0.26553345,-23.770473,-1.2246265,0.0,0.0,0.0
-7.865,19.149,0.396,-3.5033994,12.18104,-4.9513674,0.0,0.0,0.0
-7.742,18.051,-5.85,-3.256425,11.515026,-11.623304,0.0,0.0,0.0
-3.979,19.36,-2.576,0.73708725,13.287106,-8.662777,0.0,0.0,0.0
4.15,18.841,2.728,8.783464,13.267742,-3.878071,0.0,0.0,0.0
7.039,19.546,-1.845,11.650652,14.631545,-8.968985,0.0,0.0,0.0
1.929,-10.997,0.627,6.488876,-15.327951,-6.8976765,0.0,0.0,0.0
-1.886,-4.343,3.598,2.3451705,-8.233861,-4.34736,0.0,0.0,0.0
-1.98,-2.636,3.989,1.8447433,-6.1429462,-4.332241,0.0,0.0,0.0
-1.713,-1.917,3.941,1.7102962,-5.1319027,-4.6680555,0.0,0.0,0.0
-2.175,-1.109,3.559,0.8328903,-4.171813,-5.258151,0.0,0.0,0.0
-2.706,-0.501,2.356,-0.09688425,-3.5219624,-6.601494,0.0,0.0,0.0
-3.025,-0.838,0.805,-0.7331526,-3.9202452,-8.218169,0.0,0.0,0.0
-1.476,-2.071,-3.714,0.6594702,-5.3210773,-12.7166195,0.0,0.0,0.0
-0.395,-4.06,-7.052,1.8218203,-7.5018473,-15.963216,0.0,0.0,0.0
0.994,-10.592,-14.724,3.2415342,-14.020344,-23.632729,0.0,0.0,0.0
2.418,-17.515,-8.299,4.52203,-20.913437,-17.254112,0.0,0.0,0.0
-0.506,19.455,-5.274,1.4719884,16.064608,-14.260834,0.0,0.0,0.0
-3.201,-13.955,-11.428,-1.7670447,-17.248621,-20.553032,0.0,0.0,0.0
-6.246,-15.862,-16.309,-5.066954,-19.040157,-25.511148,0.0,0.0,0.0
-0.03,18.051,-11.55,1.0955118,15.005644,-20.803616,0.0,0.0,0.0
0.028,-10.744,11.418,1.2658734,-13.623736,2.1257906,0.0,0.0,0.0
-10.375,-1.914,-2.007,-8.826131,-4.844349,-11.236541,0.0,0.0,0.0
4.54,-5.266,2.865,6.0252814,-8.16521,-6.3848057,0.0,0.0,0.0
1.504,-9.308,9.896,3.6060903,-12.676086,0.9289713,0.0,0.0,0.0
0.11,-18.034,-1.347,2.650216,-22.12682,-9.889046,0.0,0.0,0.0
6.696,-19.453,0.515,9.326182,-23.97965,-7.7772813,0.0,0.0,0.0
2.773,-10.998,-0.29,5.50294,-15.782671,-8.403244,0.0,0.0,0.0
-2.267,-4.547,-1.35,0.71235776,-9.850447,-9.042026,0.0,0.0,0.0
-2.798,-4.157,-0.614,0.355273,-10.213669,-7.6527495,0.0,0.0,0.0
-1.195,-7.532,-0.852,2.0123363,-14.079353,-7.4106216,0.0,0.0,0.0
-0.044,-10.865,-0.88,3.260641,-17.808975,-6.9653034,0.0,0.0,0.0
0.744,-12.319,0.9,4.101345,-19.415878,-4.97647,0.0,0.0,0.0
0.096,-9.438,2.601,3.5715075,-16.843853,-2.8068244,0.0,0.0,0.0
-1.786,-8.953,2.434,1.6682296,-16.455978,-2.8522086,0.0,0.0,0.0
-0.681,-12.511,-2.02,2.6923337,-20.22656,-7.046044,0.0,0.0,0.0
1.465,-14.675,-5.959,4.8460155,-22.608469,-10.62796,0.0,0.0,0.0
1.234,-11.635,-4.998,4.712763,-19.736258,-9.291975,0.0,0.0,0.0
0.037,-10.047,-2.685,3.548018,-18.20187,-6.8492813,0.0,0.0,0.0
2.171,-13.561,-2.53,5.683442,-21.76676,-6.5918493,0.0,0.0,0.0
4.015,-15.074,-3.083,7.4944086,-23.384295,-6.9563866,0.0,0.0,0.0
4.015,-15.074,-3.083,7.4944086,-23.384295,-6.9563866,0.0,0.0,0.0
-2.821,-0.459,1.626,0.65840864,-8.769294,-2.2473865,0.0,0.0,0.0
-2.07,-1.653,-1.224,1.4094088,-9.963294,-5.0973864,0.0,0.0,0.0
-2.07,-1.653,-1.224,1.4094088,-9.963294,-5.0973864,0.0,0.0,0.0
2.087,-10.047,-12.587,5.5664086,-18.357294,-16.460386,0.0,0.0,0.0
0.366,-14.722,-12.992,3.9735465,-22.96746,-16.886658,0.0,0.0,0.0
1.146,-19.473,-7.24,4.7264977,-27.691425,-11.21591,0.0,0.0,0.0
1.118,18.597,-5.947,4.646744,10.397031,-10.006414,0.0,0.0,0.0
-4.019,-6.583,-12.167,-0.61978745,-14.705446,-16.484594,0.0,0.0,0.0
-6.663,-10.245,-14.72,-3.2811282,-18.295103,-19.184208,0.0,0.0,0.0
-1.555,18.051,9.313,1.8490537,10.117588,4.660716,0.0,0.0,0.0
-2.512,-17.146,2.993,0.9232962,-25.11861,-1.5684237,0.0,0.0,0.0
0.313,-4.481,-2.685,3.7344391,-12.450237,-7.2627044,0.0,0.0,0.0
2.761,-2.824,9.093,6.421394,-10.914299,4.9313955,0.0,0.0,0.0
-3.236,-9.285,5.26,0.55566263,-17.646935,1.814466,0.0,0.0,0.0
2.53,-17.468,-0.844,6.1603937,-26.0598,-3.8724623,0.0,0.0,0.0
6.453,-18.458,0.035,10.096475,-27.210337,-2.4733973,0.0,0.0,0.0
3.627,-15.042,-0.627,7.338653,-23.856045,-2.7964664,0.0,0.0,0.0
-2.519,-6.015,-2.24,1.2290921,-14.891653,-4.064056,0.0,0.0,0.0
-2.24,-4.595,-1.362,1.504647,-13.535765,-2.848846,0.0,0.0,0.0
-0.162,-9.681,0.314,3.4271605,-18.793516,-0.18632448,0.0,0.0,0.0
0.953,-11.091,3.039,4.4928765,-20.233526,2.806922,0.0,0.0,0.0
0.426,-9.973,3.645,3.8831453,-19.147392,3.8663964,0.0,0.0,0.0
-1.434,-10.148,0.5,1.8719978,-19.365564,1.0265474,0.0,0.0,0.0
-0.803,-12.194,-2.643,2.3101082,-21.456299,-1.8130833,0.0,0.0,0.0
1.804,-13.074,-5.229,4.6880884,-22.35643,-3.9294124,0.0,0.0,0.0
2.864,-11.223,-4.65,5.504137,-20.509777,-2.9307523,0.0,0.0,0.0
2.826,-11.414,-4.109,5.2365565,-20.726707,-2.2029448,0.0,0.0,0.0
5.727,-14.653,-2.539,8.033942,-23.976162,-0.5573201,0.0,0.0,0.0
6.388,-14.661,-3.141,8.53732,-23.979973,-0.971303,0.0,0.0,0.0
5.715,-14.424,-3.688,7.819209,-23.745552,-1.4854186,0.0,0.0,0.0
5.386,-15.742,-0.551,7.4948273,-25.07627,1.5925177,0.0,0.0,0.0
5.444,-15.649,1.824,7.6804333,-24.995096,3.7782903,0.0,0.0,0.0
1.388,-14.863,1.719,3.8646545,-24.209625,3.3552032,0.0,0.0,0.0
-4.5,-16.156,-0.198,-1.7537704,-25.515343,0.8175358,0.0,0.0,0.0
-8.448,-19.261,2.453,-5.498288,-28.609358,2.7317944,0.0,0.0,0.0
-9.519,18.055,-1.197,-6.4392157,8.751423,-1.5558648,0.0,0.0,0.0
-6.733,18.253,-6.006,-3.534919,9.028411,-6.927744,0.0,0.0,0.0
-0.826,19.096,1.172,2.5141537,9.98934,-0.2710774,0.0,0.0,0.0
5.722,18.658,1.707,9.213662,9.717339,-0.30378175,0.0,0.0,0.0
5.642,-15.341,-1.048,9.422193,-23.981785,-3.7345152,0.0,0.0,0.0
0.645,-6.947,1.81,4.756176,-15.214478,-1.4941499,0.0,0.0,0.0
-1.507,-2.82,4.098,2.6672626,-10.818039,0.2538786,0.0,0.0,0.0
-1.592,-1.871,4.17,2.466948,-9.656003,-0.19910192,0.0,0.0,0.0
-1.951,-0.635,4.009,1.9031765,-8.2569685,-0.80984783,0.0,0.0,0.0
-2.76,0.337,3.148,0.8558576,-7.1694546,-2.0239518,0.0,0.0,0.0
-3.746,-0.263,2.139,-0.30831003,-7.7553754,-3.172964,0.0,0.0,0.0
-3.398,-2.258,-0.073,-0.09296799,-9.812147,-5.381672,0.0,0.0,0.0
-0.961,-4.273,-3.691,2.3034625,-11.925032,-8.883309,0.0,0.0,0.0
1.566,-8.15,-10.929,4.987626,-15.859528,-15.931603,0.0,0.0,0.0
1.728,-10.827,-14.199,5.3984456,-18.480923,-19.109772,0.0,0.0,0.0
-2.457,-15.971,-8.42,1.2192781,-23.571474,-13.408804,0.0,0.0,0.0
-0.453,-17.024,-7.668,3.1511688,-24.587826,-12.763968,0.0,0.0,0.0
-1.194,-10.21,-10.932,2.2781923,-17.73043,-16.181513,0.0,0.0,0.0
-0.535,-4.494,-13.0,2.9070346,-12.011231,-18.2739,0.0,0.0,0.0
-4.163,-7.38,-9.888,-0.762568,-14.877665,-15.21646,0.0,0.0,0.0
-6.451,-18.974,4.765,-3.009798,-26.379646,-0.6650009,0.0,0.0,0.0
-0.97,18.362,-1.783,2.5766187,10.902477,-7.069528,0.0,0.0,0.0
3.664,-10.436,-1.775,7.04478,-17.909786,-7.1493115,0.0,0.0,0.0
3.473,-1.059,5.716,6.9045987,-8.550184,0.39841843,0.0,0.0,0.0
-2.5,-6.677,9.616,1.2816908,-14.287779,4.7226133,0.0,0.0,0.0
-2.603,-13.492,0.089,1.3557088,-21.43515,-4.082974,0.0,0.0,0.0
7.665,18.235,-0.077,11.521514,10.037767,-3.8324037,0.0,0.0,0.0
0.562,-12.665,-1.216,4.5897985,-21.036232,-4.357607,0.0,0.0,0.0
-4.156,-4.96,-2.051,0.052021503,-13.475652,-4.4895687,0.0,0.0,0.0
-3.46,-3.783,-1.239,0.73353195,-12.470044,-3.0053382,0.0,0.0,0.0
-1.043,-6.492,-0.402,3.0421817,-15.344849,-1.4549682,0.0,0.0,0.0
-0.545,-9.76,1.362,3.3683383,-18.751648,1.4422164,0.0,0.0,0.0
0.028,-10.42,3.473,3.8569179,-19.439133,3.8791714,0.0,0.0,0.0
0.724,-10.973,2.67,4.2721424,-20.043015,3.8171306,0.0,0.0,0.0
0.714,-11.918,-0.625,4.150055,-21.010422,0.6756861,0.0,0.0,0.0
2.354,-12.737,-2.751,5.44524,-21.875542,-0.9898442,0.0,0.0,0.0
4.89,-12.21,-3.718,7.8680587,-21.339775,-1.7308533,0.0,0.0,0.0
4.594,-10.894,-5.093,7.3161306,-20.0024,-2.685209,0.0,0.0,0.0
2.682,-11.264,-4.522,5.320861,-20.378977,-2.0473316,0.0,0.0,0.0
2.461,-14.362,-2.751,4.8617234,-23.4997,-0.122434616,0.0,0.0,0.0
4.308,-14.979,-3.573,6.642111,-24.124577,-0.9120343,0.0,0.0,0.0
4.799,-14.873,-3.763,7.0316405,-24.050009,-1.1232631,0.0,0.0,0.0
2.445,-15.331,-3.216,4.6683836,-24.526386,-0.63300586,0.0,0.0,0.0
1.868,-15.271,-0.339,4.1810894,-24.51944,1.9602137,0.0,0.0,0.0
1.742,-13.864,-0.105,4.2190666,-23.17344,1.7304409,0.0,0.0,0.0
1.015,-14.525,3.776,3.7170548,-23.87823,4.9534407,0.0,0.0,0.0
-0.954,-17.671,5.347,1.9943769,-27.01192,5.820966,0.0,0.0,0.0
-4.015,18.051,-1.257,-0.8880942,8.7594595,-1.5021218,0.0,0.0,0.0
-6.261,18.051,-6.314,-3.053458,8.830535,-7.2440925,0.0,0.0,0.0
-3.888,18.122,-0.83,-0.60928226,9.014808,-2.404625,0.0,0.0,0.0
2.233,18.275,2.047,5.726975,9.395018,-0.2131865,0.0,0.0,0.0
4.333,-16.624,-0.493,8.19243,-25.166073,-3.375393,0.0,0.0,0.0
-1.432,-6.05,2.369,2.6844878,-14.252189,-1.0877342,0.0,0.0,0.0
-2.138,-4.028,3.179,1.9492183,-11.991039,-0.8278756,0.0,0.0,0.0
-1.318,-1.213,3.386,2.6573238,-8.9660225,-1.1148713,0.0,0.0,0.0
-2.081,-0.241,2.862,1.7175748,-7.870034,-1.9897041,0.0,0.0,0.0
-2.829,-0.353,2.039,0.7863338,-7.9161754,-3.0500202,0.0,0.0,0.0
-3.003,-0.777,1.655,0.432714,-8.321311,-3.5842402,0.0,0.0,0.0
-3.149,-0.264,0.498,0.15344405,-7.850944,-4.765318,0.0,0.0,0.0
-2.04,-0.747,-2.911,1.2719927,-8.437761,-8.015244,0.0,0.0,0.0
-0.788,-8.133,-9.616,2.6353364,-15.923603,-14.490184,0.0,0.0,0.0
0.013,-14.354,-11.56,3.5005126,-22.173845,-16.34097,0.0,0.0,0.0
4.567,18.051,-10.536,8.051155,10.2141485,-15.2915,0.0,0.0,0.0
1.432,-19.141,-11.298,4.8578286,-26.898956,-16.222248,0.0,0.0,0.0
-2.715,-7.048,-11.265,0.6344247,-14.700717,-16.401894,0.0,0.0,0.0
-6.352,-6.403,-9.471,-3.010547,-13.958913,-14.754299,0.0,0.0,0.0
-5.752,18.571,3.684,-2.3556983,11.099218,-1.6833091,0.0,0.0,0.0
-1.247,18.051,1.514,2.135681,10.503954,-3.755721,0.0,0.0,0.0
4.114,-6.433,-0.157,7.480449,-13.971781,-5.4488993,0.0,0.0,0.0
2.576,-2.213,5.288,6.2757936,-9.852787,0.37724066,0.0,0.0,0.0
