-3.920639,-12.827927,4.0330963,-1.9476085,-0.27916086,3.054204,0.10929012,0.80854475,13.3469305
-2.231308,-14.575882,0.75613403,-1.5291443,0.5267774,2.8274794,0.123107344,-0.15148449,13.058159
1.138977,-12.279968,1.7060852,-0.6864705,1.1307266,2.0895185,-0.54278183,-0.85346043,12.063387
0.74894714,-13.797012,3.5258179,0.04717064,1.3826618,0.8889084,1.3716624,-0.19443846,10.692579
1.426117,-10.91246,3.3535461,1.6246061,1.3758343,-0.5253825,1.7540909,-0.617085,8.64447
1.7192383,-9.293716,0.5120697,2.22467,1.1080196,-0.65147686,1.660692,-1.033323,8.140627
1.0097656,-7.939392,-1.3256226,2.7173486,0.7441596,-0.7760439,1.4413441,-1.4009352,7.6853514
0.86979675,-6.1830597,-2.428711,2.8034244,0.33973348,-0.25392866,1.066589,-1.8742132,7.965781
1.676178,-5.379059,-2.6572266,2.5896025,0.28602123,-0.23491001,0.9596879,-1.7256618,8.090807
2.2528381,-4.54158,-2.5232239,2.0016618,0.22922719,-0.7437091,0.7339961,-0.96917343,8.036269
1.8400879,-4.512863,-2.6309052,1.9850864,-0.0065569878,-1.3372726,0.51939267,-0.61076546,7.5514097
1.1641083,-4.9507446,-2.6823578,1.875536,-0.1753143,-1.6175127,0.3419658,-0.39055896,7.378639
0.98464966,-6.398407,-2.5866394,1.3265085,-0.6043527,-2.358067,-0.23230669,0.343755,7.0656266
1.6534424,-8.161911,-3.171692,1.2169285,-0.54689014,-2.7245317,-0.2090557,0.64985657,6.8507986
2.675171,-9.957733,-2.2624207,1.2418404,-0.21546268,-3.0513983,0.121363044,0.8967066,6.6316214
2.6285095,-10.7521515,-1.8424683,1.2099504,0.07951665,-3.385672,0.38490644,1.2035656,6.4397
2.7062836,-12.42952,-2.9407806,0.6567073,0.24251103,-2.6272244,0.37194815,1.186985,7.3889856
3.7304077,-12.332611,-2.551941,0.6185236,0.0062031746,-2.6357207,0.7176006,-0.87558913,7.3473763
4.7162476,-12.331406,-2.268402,0.8095317,-0.4765241,-2.6549435,-0.1468893,0.7944517,7.108797
1.9465637,-12.693924,-1.3770752,0.8902478,-0.7462084,-2.2379422,-0.30873773,0.38801408,7.3344283
0.3062744,-10.716263,1.1988068,-1.6790905,-1.1484003,-1.3431206,-1.8950706,1.4621296,9.345104
-0.28953552,-11.111069,2.8378906,-3.8379235,-0.90190387,0.96405697,-2.3506646,1.8093977,12.576658
-0.30747986,-11.776276,4.143173,-5.2941537,-0.6588448,2.8024764,-2.3760297,1.7508702,15.060691
-1.3914337,-12.130417,4.95195,-4.965117,-0.110333204,3.975194,-1.3962069,0.9351511,15.942024
-1.606781,-12.795624,4.6013947,-4.2029715,0.64146733,3.2992883,-0.2738437,1.0310631,15.081465
-2.120041,-12.683151,3.4360962,-2.933735,1.2463093,1.5620522,0.700608,1.3918409,12.996012
-1.7479553,-11.470001,0.69392395,-1.4105835,1.6242368,-0.032324314,1.3190155,1.364533,10.82015
0.027511597,-10.287933,-2.551941,0.2488761,1.5339158,-1.399118,1.4892684,0.96585584,8.701404
1.7982025,-9.390625,-4.4973145,2.1720805,1.4254112,-2.1364026,1.7356306,-0.049105883,6.92583
2.219345,-6.9272156,-2.835495,2.5845184,1.3125036,-2.6957684,1.7170547,-0.043299675,6.240221
1.6869354,-6.2153625,-2.8091736,2.5581918,1.2887722,-2.9386587,1.7034554,0.11419392,6.074868
-0.1531372,-4.2436676,-3.0376892,1.6650853,0.95488656,-2.9606667,1.1915704,0.73277473,6.5673504
-0.43429565,-3.4779663,-2.2301178,0.96092844,0.28533745,-2.5030427,0.40365827,0.82711935,7.2722955
-0.275177,-4.2137604,-1.5457611,1.1869717,-0.45637703,-2.3029995,-0.2285299,0.3350737,7.207326
-0.19023132,-5.6267242,-0.48335266,1.4312034,-0.76346886,-2.5129719,-0.42024,0.1269722,6.8480134
-0.24047852,-8.200211,-0.9140625,0.25279713,-0.7826153,-2.3902197,-0.77000254,0.9221444,7.582624
1.1521454,-9.336792,-3.497116,-0.07849121,-0.80610406,-2.4106722,-0.90250707,1.1168339,7.7077284
2.5830536,-11.01416,-6.891327,-0.63973,-0.9553206,-2.1163797,-1.2146466,1.3273354,8.205473
1.783844,-11.83371,-4.2424774,-1.9814868,-0.49949408,-0.7524357,-1.3073399,1.7109351,10.13147
1.4967041,-11.899506,-4.2592316,-2.9418268,-0.37232757,-0.03621006,-1.5619335,2.035143,11.294212
0.7573242,-11.950958,-4.3034973,-4.784683,0.42943954,0.9832263,-1.5474669,2.9962912,13.366417
-0.35414124,-12.912872,-1.2646027,-2.2403398,0.5983689,1.3432918,-0.2899143,0.98460627,12.28215
-1.7240295,-12.94397,1.552948,-1.1914659,0.9291891,1.6735368,0.4874255,0.17516232,12.001062
-3.0341034,-11.180466,2.6141663,0.00810957,2.1143267,2.5565152,2.122799,-0.836678,12.214949
-1.409378,-12.12323,0.044265747,0.9418464,2.2620025,1.7873812,2.5439985,-1.0524945,11.078967
0.057434082,-11.949753,0.06939697,1.6214056,1.8484415,0.894207,2.3290675,-1.1881382,9.901875
-0.04547119,-12.729813,3.500702,2.022695,1.1231409,0.25419664,1.8127639,-1.2504668,9.053273
0.7549286,-10.941177,4.10968,2.2786875,0.39625025,-0.0055327415,1.256727,-1.5104356,8.5865345
1.7455597,-10.23291,2.4095764,2.2203922,-0.1231159,-0.5488477,0.82761806,-1.2945657,8.107922
2.5962067,-7.9621124,-0.4008026,1.7149177,-0.45279884,-1.1592202,0.30370992,-0.7192302,7.83682
0.7920227,-6.3804626,-1.302887,1.7806363,-0.95520616,-1.2427158,0.023547828,-0.95366335,7.634692
0.24287415,-5.58844,-1.3399811,1.904841,-1.1169448,-1.578845,0.015877664,-0.94896054,7.263432
0.6652069,-4.4973145,-1.8496552,1.4754467,-0.7294731,-1.1128054,0.24149185,-0.73242736,7.9756284
1.6701965,-4.627716,-2.4358978,-0.068982124,-0.12834382,0.033003807,-0.13537776,-0.060534477,9.824771
2.116455,-5.600403,-2.3102722,-0.8620572,0.08098316,0.35363483,-0.5551466,0.32635498,10.484931
1.405777,-6.685547,-2.3102722,0.12034249,0.3440447,-2.2416868,0.051933646,1.3413849,7.9747114
0.94277954,-7.975281,-2.4011993,-0.11831212,-1.2018199,-1.304327,-0.88241816,-0.19646645,8.276168
1.6618195,-9.353546,-2.8546448,-1.2475061,-1.574692,1.3955564,0.33954144,2.147995,10.9266205
2.9036865,-10.631317,-2.872589,-1.8566301,-0.55715346,3.5153112,-1.5159242,-0.9105067,13.410517
2.835495,-13.082764,-3.4157562,-2.3044343,0.8201623,2.729762,-0.95892465,0.80725,13.250994
3.6813507,-13.115067,-3.5593262,-1.9038744,1.0927348,0.8583727,1.6461768,-0.2996236,11.466752
4.955536,-13.223938,-2.683548,-0.991719,0.69046545,-0.49900436,-0.28278077,1.2762218,9.830051
2.264801,-12.955933,-0.5922241,-0.07228851,0.13597107,-1.8621063,-0.07502657,0.8657484,8.152563
0.99780273,-13.015762,0.0382843,0.60365176,-0.41321135,-3.1142035,0.040202826,0.5267041,6.651596
-0.047851563,-10.3537445,2.8941193,0.9379673,-0.6785929,-3.9317255,0.20368403,0.38594556,5.7313232
0.8279114,-10.810776,3.661026,0.41053188,-0.9696832,-4.193039,-0.29977977,0.3348794,5.5068383
-0.0047912598,-11.676971,3.694519,-0.004672408,-1.2893727,-4.12527,-0.6997045,0.1012907,5.54279
-0.20936584,-12.546768,3.8105774,-0.075045824,-1.8287156,-3.4218311,-0.8197018,-0.6923045,6.0773654
-1.9010925,-13.027725,3.2326965,0.5131264,-1.3966441,-3.3314867,0.18510723,-0.5854956,6.2100334
-2.0949097,-12.417557,1.4428711,0.9233621,-1.0420737,-3.3687983,0.7423452,-0.26480436,6.2477007
-0.8111725,-10.864609,-1.2179413,1.1396176,0.22113061,-2.5498896,1.0594285,0.88231087,7.367655
-0.8111725,-10.864609,-1.2179413,0.17736642,0.5499072,-0.8550968,0.1529201,0.750129,9.114574
-0.8111725,-10.864609,-1.2179413,-0.606253,-0.5615883,-1.1882486,-0.64376605,-0.23461163,8.531746
-0.8111725,-10.864609,-1.2179413,-1.3421943,-1.3381612,0.8458128,-1.5017288,-1.3141072,10.377171
-0.8111725,-10.864609,-1.2179413,-0.24224102,-0.69017696,2.1193676,-0.31668165,-1.1045476,11.73186
-0.8111725,-10.864609,-1.2179413,0.70471126,0.47676682,3.4346504,0.8519841,-0.2849797,13.229173
-0.8111725,-10.864609,-1.2179413,1.1520021,2.2293215,4.711423,2.164826,0.8630245,14.609065
-0.8111725,-10.864609,-1.2179413,1.2971406,2.9177797,3.8220587,3.087613,0.5881268,13.669926
-0.8111725,-10.864609,-1.2179413,1.7863938,2.8345325,2.691618,3.356257,-0.80603546,12.367203
-0.8111725,-10.864609,-1.2179413,2.0840893,2.1469712,-0.34463978,2.8224607,-0.88805735,9.243835
-0.8111725,-10.864609,-1.2179413,2.2310622,1.5311368,-1.4486465,-0.52569497,-2.4616487,8.050368
-0.8111725,-10.864609,-1.2179413,2.1051865,1.3179678,-1.9506721,2.1579614,-0.52687395,7.5617495
-0.8111725,-10.864609,-1.2179413,1.5281281,0.5560204,-2.7427378,-0.038622856,-1.2081038,6.856067
-0.8111725,-10.864609,-1.2179413,2.1386337,-0.31554055,-2.757226,0.8824554,-0.9179208,6.542556
-0.8111725,-10.864609,-1.2179413,1.6963043,-0.88151586,-2.7075825,0.2025133,-0.8711952,6.6151733
-0.8111725,-10.864609,-1.2179413,0.88728,-0.43923116,-2.761858,0.048386574,-0.08114438,6.8742237
-0.8111725,-10.864609,-1.2179413,1.1714926,0.0680995,-3.625679,0.6057742,0.56011724,6.0861816
-0.8111725,-10.864609,-1.2179413,0.8335748,0.040939093,-3.3459797,0.3897105,0.7810273,6.4704514
-0.8111725,-10.864609,-1.2179413,-0.23151565,-0.19260192,-1.264226,-0.39630854,0.5138643,8.680662
-0.8111725,-10.864609,-1.2179413,-0.42193365,-0.25577712,-0.7009611,-0.5458775,0.35870218,9.251541
-0.8111725,-10.864609,-1.2179413,0.18759489,0.062126637,-0.94866943,0.09592199,0.37803984,8.919571
-0.8111725,-10.864609,-1.2179413,-0.79661655,-0.3673494,-0.48162842,-0.89305526,0.37445164,9.554169
-0.8111725,-10.864609,-1.2179413,-1.0479369,-0.7277498,1.8620539,-1.0882359,-0.8166914,11.607705
-0.8111725,-10.864609,-1.2179413,-1.2646742,-0.13310623,2.3222485,-0.7838066,-0.33689117,12.313065
-0.8111725,-10.864609,-1.2179413,-2.4321487,1.2363925,2.2667007,-0.47699744,1.3251157,13.062183
-0.8111725,-10.864609,-1.2179413,-1.9057596,1.3874443,1.2045412,0.010570109,1.5457568,11.955689
-0.8111725,-10.864609,-1.2179413,-1.0819745,1.2156079,0.853673,0.40929598,1.0279899,11.273907
-0.8111725,-10.864609,-1.2179413,-0.12840939,0.9775994,0.07196903,0.72319883,0.5914254,10.130021
-0.8111725,-10.864609,-1.2179413,0.1883645,1.0194764,-1.2683802,0.68031144,-1.1080719,8.810179
-0.8111725,-10.864609,-1.2179413,0.6880522,0.6184304,-1.8668203,0.7587411,0.6728928,7.9866457
-0.8111725,-10.864609,-1.2179413,0.93372345,0.34463048,-2.0891552,0.6691,0.43302178,7.634101
-0.8111725,-10.864609,-1.2179413,1.7549496,-0.38269997,-2.7103033,0.562873,-0.2928393,6.617689
-0.8111725,-10.864609,-1.2179413,2.3613858,-0.64265394,-3.3671503,0.73395544,-0.56254554,5.7481165
-0.8111725,-10.864609,-1.2179413,2.3231368,-0.7178271,-4.1527424,0.61885315,-0.22678208,5.0397744
-0.8111725,-10.864609,-1.2179413,2.3231368,-0.7178271,-4.1527424,0.61885315,-0.22678208,5.0397744
-0.8111725,-10.864609,-1.2179413,2.3231368,-0.7178271,-4.1527424,0.61885315,-0.22678208,5.0397744
-0.8111725,-10.864609,-1.2179413,2.3231368,-0.7178271,-4.1527424,0.61885315,-0.22678208,5.0397744
-0.8111725,-10.864609,-1.2179413,2.3231368,-0.7178271,-4.1527424,0.61885315,-0.22678208,5.0397744
-0.8111725,-10.864609,-1.2179413,-1.0345113,0.27517247,-3.931075,2.8996513,0.1952675,6.9512725
-0.8111725,-10.864609,-1.2179413,-1.0345113,0.27517247,-3.931075,2.8996513,0.1952675,6.9512725
-0.8111725,-10.864609,-1.2179413,-3.3064485,0.97376394,1.9923034,-2.1020617,0.6522436,13.124182
-0.8111725,-10.864609,-1.2179413,-2.490025,1.3008032,2.469788,-1.087366,0.3467145,13.3688965
-0.8111725,-10.864609,-1.2179413,-3.703549,4.105288,2.6409736,-0.40266693,2.5713844,15.353746
-0.8111725,-10.864609,-1.2179413,-2.6903887,3.9309525,3.6850195,0.66465616,1.4576049,15.612127
-0.8111725,-10.864609,-1.2179413,0.22590303,3.986277,4.299984,3.276517,0.22106647,14.669455
-0.8111725,-10.864609,-1.2179413,1.7041116,3.4879735,4.0281534,4.106274,-0.5683403,13.563175
-0.8111725,-10.864609,-1.2179413,3.2978177,2.0669787,3.194538,4.188243,-1.962378,11.796818
-0.8111725,-10.864609,-1.2179413,2.743803,1.2261679,-1.0681896,2.6942751,-0.31384182,8.128749
-1.2586212,-4.003189,-1.9477539,2.6543581,2.0406353,0.15589046,3.3313105,-0.24840426,9.533202
-1.3148499,-3.6311035,-1.5756683,2.355167,2.7862728,-2.3610077,3.3897674,1.4741623,7.5217414
-1.3148499,-3.6311035,-1.5756683,-0.21688771,3.1698895,-2.9163399,1.2749915,3.6163967,7.832733
-1.3148499,-3.6311035,-1.5756683,0.24159908,2.425117,-4.4805813,1.1441562,3.346999,6.131915
-1.3148499,-3.6311035,-1.5756683,0.7439816,-0.39080143,-5.3972416,0.013638973,1.2588633,4.4914336
-1.3148499,-3.6311035,-1.5756683,1.4262655,-1.1300628,-7.0278664,1.0162718,-0.7820665,2.66118
-1.3148499,-3.6311035,-1.5756683,2.5474997,-1.7693343,-7.275861,0.99941087,0.6708478,1.989388
-1.3148499,-3.6311035,-1.5756683,1.4134449,-2.971556,-6.321986,0.003845185,-0.40818995,2.691255
-1.3148499,-3.6311035,-1.5756683,5.197397,-2.882566,-1.214345,5.044425,-1.789457,6.9521136
-1.3148499,-3.6311035,-1.5756683,4.3793845,-2.151458,-2.4193983,4.2038736,-0.44861042,6.3733625
-1.3148499,-3.6311035,-1.5756683,7.5908,-1.7668378,1.9614267,7.960861,-0.8402684,10.519245
-1.3148499,-3.6311035,-1.5756683,3.243838,-5.7748966,2.4557457,-6.4315042,2.9105484,10.065613
-1.3148499,-3.6311035,-1.5756683,0.7568623,-6.158887,5.4986515,5.3538556,-5.5236497,12.899452
-1.3148499,-3.6311035,-1.5756683,0.99188924,-4.968834,4.2770157,5.298908,-3.0630863,12.357161
-1.3148499,-3.6311035,-1.5756683,2.2892778,-3.4777417,1.9211359,4.3824234,-0.23602772,11.135148
-1.3148499,-3.6311035,-1.5756683,0.86504316,-1.5019112,0.17083073,1.6797985,0.4513259,9.894983
-1.3148499,-3.6311035,-1.5756683,0.75871706,-1.735806,0.9267645,-1.68445,1.0780909,10.475915
-1.3148499,-3.6311035,-1.5756683,2.0702715,-1.8186705,2.1729965,2.499189,0.6545315,12.181761
-1.3148499,-3.6311035,-1.5756683,2.0702715,-1.8186705,2.5761795,2.5832076,0.44964743,12.518688
-1.3148499,-3.6311035,-1.5756683,4.7978187,-2.3275537,1.2652426,-4.2180977,-0.6346841,13.247906
-1.3148499,-3.6311035,-1.5756683,5.407371,-1.1706547,0.22035837,-0.11393905,3.978507,13.655957
-1.3148499,-3.6311035,-1.5756683,7.3351693,-1.9827372,-2.12999,-1.0581049,6.8917418,13.502204
-1.3148499,-3.6311035,-1.5756683,10.961189,-0.1557884,-2.996121,-5.1178465,7.9043093,16.1689
-1.3148499,-3.6311035,-1.5756683,12.232466,2.1449883,-5.989764,-9.132627,8.725954,15.33515
-1.3148499,-3.6311035,-1.5756683,10.220531,5.5110836,-8.204739,-12.561533,6.0038905,12.689409
-1.3148499,-3.6311035,-1.5756683,10.293534,7.831563,-8.175974,9.389785,-11.738428,12.666376
-1.3148499,-3.6311035,-1.5756683,7.565941,5.1877117,-4.1532254,-9.514766,0.6368124,13.042208
-1.3148499,-3.6311035,-1.5756683,6.2554255,3.3567998,-2.5716715,5.8771057,-3.346502,13.164107
-1.3148499,-3.6311035,-1.5756683,4.775365,-0.018740416,-0.95754004,2.3561552,-2.1124792,13.508988
-1.3148499,-3.6311035,-1.5756683,3.3472948,-2.2479432,-1.3222938,-1.3843269,2.7370005,12.738981
-1.3148499,-3.6311035,-1.5756683,1.638649,-3.8148823,-1.5017903,-0.7342917,-4.0068164,11.509622
-1.3148499,-3.6311035,-1.5756683,-3.1476984,-13.917223,-3.7203505,5.9560375,13.39907,8.248232
-1.3148499,-3.6311035,-1.5756683,-5.5819063,-12.952023,-2.949641,7.0673623,11.869162,5.709292
-1.3148499,-3.6311035,-1.5756683,-3.7834396,-9.738323,-4.2504964,3.5940018,10.111349,6.333923
-1.3148499,-3.6311035,-1.5756683,-0.064600945,-5.9201703,-6.357299,-1.4498942,8.45472,8.43428
-1.3148499,-3.6311035,-1.5756683,-3.305317,1.7118722,-6.5303664,4.2953014,-2.463212,4.151185
-1.3148499,-3.6311035,-1.5756683,-3.2526894,0.76055884,-5.726263,-3.3805766,2.5683577,4.7151117
-1.3148499,-3.6311035,-1.5756683,-3.9597712,0.37582064,-2.0049925,-0.3270194,0.52380097,5.395333
-1.3148499,-3.6311035,-1.5756683,-3.8345594,-0.6061239,-0.4090116,-1.3409802,-0.28381896,6.1515527
-1.3148499,-3.6311035,-1.5756683,-3.587757,-0.8264028,0.3112347,1.8558183,0.16302228,6.6158557
-1.3148499,-3.6311035,-1.5756683,-1.4164181,-0.89627576,-0.19041085,0.818977,0.73092353,8.525701
-1.3148499,-3.6311035,-1.5756683,-0.66597843,-1.5263972,-1.5633826,-0.08934721,2.1441338,9.024161
-1.3148499,-3.6311035,-1.5756683,-0.6789694,0.5815642,-4.166979,-3.4076807,2.096782,8.33895
-1.3148499,-3.6311035,-1.5756683,-0.2884903,0.44798183,-1.602843,-1.4861361,0.6302353,9.309435
-1.3148499,-3.6311035,-1.5756683,4.5948257,-0.62433344,3.1344347,2.3658152,-1.5659117,14.631351
-1.3148499,-3.6311035,-1.5756683,4.9366655,-2.9299607,6.6219873,6.8036413,-2.0867805,14.921517
-1.3148499,-3.6311035,-1.5756683,4.706197,-4.793581,8.735211,9.7240305,-1.8901367,14.633787
-1.3148499,-3.6311035,-1.5756683,4.4689407,-4.7850556,6.8474927,8.222356,-0.65453553,14.467207
-1.3148499,-3.6311035,-1.5756683,4.162924,-5.111205,5.2114205,7.0190735,0.7714772,14.361944
-1.3148499,-3.6311035,-1.5756683,3.078453,-6.7489705,2.2831502,-6.142945,-3.252771,13.25947
0.8386841,-11.9066925,-1.861618,1.9209156,-6.947837,1.8144629,-6.0687475,-3.61578,12.119886
0.42352295,-11.235504,-3.1800537,0.06567192,-5.703319,1.1946192,4.3123274,3.8924615,10.266921
1.832901,-11.442474,-1.0372925,-2.3457136,-3.9433825,2.1481657,4.3293133,1.8977115,7.9837413
0.11843872,-11.620743,2.169098,-2.9746962,-2.5942342,0.33592832,2.1615465,1.908849,7.090821
-2.671585,-13.599609,4.832306,-3.5156088,-3.5727353,-0.8599616,1.7591579,3.4384794,6.498222
-1.2538452,-12.618546,3.529419,-3.409752,-2.7854614,-1.3898509,0.8487616,3.113001,6.50427
-0.38404846,-13.447662,1.1114655,-1.3537273,-1.504358,-1.1325511,0.050009787,1.8922225,8.466749
0.39840698,-13.940582,0.30389404,-0.8741665,-1.7522659,-1.0066401,0.18879074,2.039213,8.998011
0.65563965,-11.760727,3.3834534,-0.07530117,-2.070903,-0.98481834,0.16403013,2.2883306,9.835223
1.2239227,-10.7677,3.628708,-2.6018114,0.5883033,0.060477138,0.4210322,-0.45272768,7.211087
2.070984,-9.025726,0.51805115,-2.7975597,0.14298224,1.6816039,2.1117992,-0.72205526,7.420541
1.6043854,-7.676178,-1.5266266,-2.1696033,-0.345294,1.4176123,1.9782428,-0.057768226,8.098067
1.4775696,-7.1533356,-2.3090668,0.042201996,-2.2476878,-0.47011042,0.34324598,2.197416,10.379743
1.9346008,-5.75354,-2.5662994,2.4547367,-3.1907601,-1.6153288,-0.12909956,-3.1737635,12.760719
2.2073822,-5.078766,-2.9228363,2.8477592,-2.9678726,-0.14755833,-0.073794484,2.0224557,13.390505
2.1020966,-4.975876,-2.5746765,0.64573,-2.0352163,0.9523251,1.3144119,1.3340185,11.206193
1.6235352,-5.950943,-1.5672913,-0.36594105,-1.6595387,1.1059432,1.5791501,1.2291417,10.133126
1.3244324,-7.032501,-1.385437,-0.5663481,-2.5358357,1.2291422,-2.5925057,-1.1631243,10.240306
0.98464966,-8.628525,-2.0781708,0.4125824,-3.0077813,1.9059169,2.5345201,1.9969302,11.368052
1.1006927,-8.843872,-3.851242,1.5500479,-1.9146011,2.5156846,2.6827228,0.46495658,12.039101
3.9469604,-9.6801605,-1.8592224,0.8581276,-1.5907047,3.9028943,4.071822,0.0066918135,11.192121
4.1407776,-10.998611,-1.0731812,-3.3163338,-1.8024011,6.5104456,6.9967856,1.2710689,7.3445354
3.7531433,-12.495316,0.2416687,-4.34301,-2.1628804,5.5218005,6.16362,2.4433818,6.6333632
2.6069794,-12.885345,-2.1343994,-3.3591366,-2.062358,4.786575,-5.7756658,0.69626975,7.660651
1.7252197,-13.682159,-1.807785,-1.5351782,-0.8977771,3.4104645,3.5397027,1.0334721,8.712811
0.38165283,-11.860031,2.9635162,-2.7941341,-0.20426655,3.120975,2.9927063,1.4296892,7.239727
0.84706116,-11.638687,3.5940247,-3.9376302,0.1910305,2.5998962,2.2078185,2.071092,6.1821504
0.13877869,-11.127823,3.6885376,-4.8434567,0.9449916,1.8285663,1.0503072,2.4279375,5.257177
-0.6412811,-11.832504,2.1846466,-5.1808834,1.78193,0.905704,-1.6780055,-1.9471052,4.884231
-1.0181427,-12.107681,2.6488495,-4.26422,3.3459249,-0.9860542,-1.9870503,0.8468898,4.7385635
-0.15553284,-12.251251,2.539978,-2.7815228,5.277379,0.23004389,-0.60150874,-0.50373256,3.8884618
0.6628113,-11.242676,1.9214325,-2.5882006,4.72746,3.2961583,1.8614671,1.2094679,3.8918853
0.78604126,-10.313065,0.3792572,-2.3364916,4.4615126,2.6581178,0.68699294,1.4718945,4.348496
1.4273224,-9.669403,-2.5328064,0.11546767,1.3398056,-0.2542925,0.6921537,0.22348088,8.647316
2.067398,-8.365311,-3.4576263,0.4925492,-14.914611,2.1590204,5.09996,5.1358113,23.034025
1.1856384,-6.9188538,-3.1130676,-4.992957,-13.559188,7.3328867,4.552681,11.633261,20.126183
1.3268127,-5.0931244,-2.7134552,-4.831484,-4.38945,1.6238155,-1.3664792,5.1124024,13.959161
1.6283112,-3.5126648,-1.3663025,-4.334653,2.537384,-2.430309,2.870514,-4.7278123,9.070524
0.727417,-2.6763763,-0.2596283,-4.2074943,5.033183,0.35705423,-4.7864323,2.1308649,5.8426986
-0.5240326,-3.233902,-0.2596283,-1.8279471,1.9754171,2.4499846,-0.80694747,2.6480494,7.443864
0.5922241,-4.7449646,-0.63409424,-0.7725345,0.11507797,1.7542157,0.29254425,1.7942758,9.188333
2.757721,-8.321045,-4.6301117,-0.06527436,-0.57897854,1.4608564,-1.5724132,-0.032227427,9.799061
3.427719,-9.832108,-5.493927,0.069770455,-1.0038414,2.1318812,1.4950116,1.8197519,9.911188
0.59580994,-11.9605255,-4.35614,-0.76572573,-1.3647709,3.7655337,-4.0236087,-0.661887,9.781101
-0.21655273,-13.0169525,-1.6223297,-2.2301123,-2.3852901,5.4864883,-6.002305,-2.119821,10.299864
-0.8721771,-13.02533,-3.3607178,-2.2423656,2.2922258,6.92458,0.8317423,6.203835,5.441682
0.6269226,-11.395813,-5.297714,-1.0660292,1.799839,6.1658654,1.6100123,4.9972177,5.9557524
-0.83509827,-10.939987,3.205185,-0.115557075,-0.25948906,5.2400794,-4.930929,-0.49669048,8.080857
-1.1820526,-11.801407,4.4685974,6.9059935,-3.4138231,6.020235,9.694667,1.2415462,9.557303
-2.2145538,-13.173691,5.8659973,2.2195942,-4.3710985,11.070295,8.901817,8.199556,9.475752
-0.06341553,-13.501495,1.8053894,-1.1233373,-2.6432867,7.4427977,4.0319114,6.883872,9.815906
0.27876282,-13.581665,1.1581268,-0.3997121,0.22361565,3.4397578,1.4376986,2.8716073,8.491887
1.409378,-12.366104,2.7708893,-1.2834945,2.2704306,-0.1557262,0.91798925,-1.7468084,8.09422
1.1401825,-10.414764,2.5028992,0.28187394,0.24492931,1.2011561,-1.0407168,0.1445769,9.115113
1.2514496,-9.529419,1.1413727,0.24081397,0.60604477,3.6246228,1.7948476,2.6693,8.013182
0.5120697,-8.476578,-0.38523865,-1.2680471,-0.33753014,2.9087744,0.5601613,3.125309,9.488058
0.5144501,-6.695114,-2.5579224,-1.6909761,-0.107439995,1.960787,-0.3333611,2.5677328,9.700588
1.7491608,-4.790436,-4.4614105,-1.3437893,1.2763472,1.3430102,-0.8591189,1.702901,8.541521
1.606781,-3.929016,-5.0895386,-1.7412882,1.2544184,1.0692358,-1.3078327,1.702395,8.738783
1.1425781,-5.2618103,-0.66400146,-0.672585,0.09889126,1.6107697,0.18388557,1.6890855,9.394454
1.277771,-6.8602295,0.44865417,-0.101803064,0.5816498,1.2513902,0.28409916,1.0051358,8.8991
1.1282196,-7.4117737,-0.0023956299,1.3364816,2.1368523,-1.7195599,-0.48634624,-2.5134044,8.14669
1.8317108,-9.065201,-4.4853516,1.0290732,1.7446346,-1.2963464,-0.39357758,-1.9521536,8.458524
3.3870392,-9.040085,-3.7005005,0.8064079,1.0788145,2.842907,-2.2663171,-0.057927698,7.625662
2.8737793,-10.967499,-0.74417114,1.6597617,2.6290379,4.822526,2.4662151,2.609791,5.3311405
3.866806,-12.571884,0.7908325,1.9305034,4.435131,6.5115004,2.7847195,3.560744,3.0714214
5.276169,-12.569504,-1.3686981,4.8681245,4.1809006,3.7144153,-2.8666267,3.3744206,3.859282
2.7553406,-12.929611,0.13877869,4.6807384,4.5044155,4.2095394,4.511526,0.055633485,3.5167906
0.7800598,-12.069397,2.7313995,3.8947186,4.9516726,3.3615072,3.4261038,-0.5416266,3.56517
-0.43190002,-11.852844,3.6681976,2.2661564,4.5244627,1.5243795,1.3612211,-1.2849662,4.864394
-0.64367676,-12.278763,3.6681976,0.5113221,-1.6079426,1.3811073,1.5095758,1.3368874,10.636288
-1.7132568,-12.198608,3.0568237,0.13490033,-4.878151,2.4948092,2.7097063,3.5499163,12.983787
-3.4073792,-12.576675,2.6237335,0.34325433,-11.624096,4.7278066,6.310501,7.911866,17.234274
-3.2326965,-12.325424,2.6045837,-1.6645525,-8.091042,3.259241,-5.7192607,-4.34277,15.03051
-0.69392395,-10.469803,0.33140564,-3.16414,-6.259133,2.2439432,0.6612817,5.8698063,14.203454
0.7920227,-9.698105,-1.298111,-6.27704,-2.9052057,-0.2863989,-4.1485505,4.1000147,13.535305
2.9228363,-9.3511505,-2.4849396,-2.6783285,-0.3863697,1.7594476,0.0035290718,-3.2243223,9.657948
3.6873322,-8.410767,-1.7886353,-0.027837992,0.7396951,2.2455482,-0.9903786,-1.057521,7.9381723
1.2322998,-5.69014,-2.2277222,0.1262734,3.1272879,1.8752084,-0.6686199,0.008857489,6.2198486
1.1006927,-4.6636047,-2.6488495,-0.72648716,1.2119756,2.0511937,-0.45107877,1.3554199,7.7662015
-0.30389404,-3.473175,-1.9262238,-0.3214394,0.2716961,1.2475753,0.044864416,0.96893716,8.916295
-1.4320984,-3.7830505,-1.7563324,1.3577428,-0.6687565,-0.7640786,1.1140904,-1.0020843,10.599838
-1.1976013,-4.619339,-1.6295166,2.7555425,1.0866251,-0.761899,1.629544,-2.4427176,8.951095
1.3280182,-8.110474,-2.8103638,1.8429836,2.688527,0.33253765,0.7731472,-1.7056904,7.118117
2.8091736,-8.797211,-5.2498474,1.3950245,3.5176773,1.5159922,0.64687157,-0.85037804,5.872595
3.0065765,-9.086746,-5.777466,0.9753107,4.71319,6.709408,-3.3105972,-1.229132,2.3426883
2.650055,-11.349152,-3.2686005,0.13169414,4.6368246,7.413328,1.7907937,3.6900802,2.083226
1.6007996,-11.40419,-3.994812,-1.0035884,2.7554235,7.385706,1.5733364,4.9023366,3.7535586
0.25723267,-15.102295,-0.58743286,0.059835523,-5.639888,1.9804978,3.1018143,1.3646381,14.731158
0.25723267,-15.102295,-0.58743286,0.059835523,-5.639888,1.9804978,0.0,0.0,0.0
0.25723267,-15.102295,-0.58743286,0.059835523,-5.639888,1.9804978,0.0,0.0,0.0
0.25723267,-15.102295,-0.58743286,0.059835523,-5.639888,1.9804978,0.0,0.0,0.0
0.25723267,-15.102295,-0.58743286,0.059835523,-5.639888,1.9804978,0.0,0.0,0.0
0.25723267,-15.102295,-0.58743286,0.059835523,-5.639888,1.9804978,0.0,0.0,0.0
0.25723267,-15.102295,-0.58743286,0.059835523,-5.639888,1.9804978,0.0,0.0,0.0
0.25723267,-15.102295,-0.58743286,0.059835523,-5.639888,1.9804978,0.0,0.0,0.0
0.25723267,-15.102295,-0.58743286,0.059835523,-5.639888,1.9804978,0.0,0.0,0.0
0.25723267,-15.102295,-0.58743286,0.059835523,-5.639888,1.9804978,0.0,0.0,0.0
0.25723267,-15.102295,-0.58743286,0.059835523,-5.639888,1.9804978,0.0,0.0,0.0
0.25723267,-15.102295,-0.58743286,0.059835523,-5.639888,1.9804978,0.0,0.0,0.0
0.25723267,-15.102295,-0.58743286,0.059835523,-5.639888,1.9804978,0.0,0.0,0.0
0.25723267,-15.102295,-0.58743286,0.059835523,-5.639888,1.9804978,0.0,0.0,0.0
0.25723267,-15.102295,-0.58743286,0.059835523,-5.639888,1.9804978,0.0,0.0,0.0
0.25723267,-15.102295,-0.58743286,0.059835523,-5.639888,1.9804978,0.0,0.0,0.0
0.25723267,-15.102295,-0.58743286,0.059835523,-5.639888,1.9804978,0.0,0.0,0.0
0.25723267,-15.102295,-0.58743286,0.059835523,-5.639888,1.9804978,0.0,0.0,0.0
0.25723267,-15.102295,-0.58743286,0.059835523,-5.639888,1.9804978,0.0,0.0,0.0
0.25723267,-15.102295,-0.58743286,0.059835523,-5.639888,1.9804978,0.0,0.0,0.0
0.25723267,-15.102295,-0.58743286,0.059835523,-5.639888,1.9804978,0.0,0.0,0.0
0.25723267,-15.102295,-0.58743286,0.059835523,-5.639888,1.9804978,0.0,0.0,0.0
0.25723267,-15.102295,-0.58743286,0.059835523,-5.639888,1.9804978,0.0,0.0,0.0
0.25723267,-15.102295,-0.58743286,0.059835523,-5.639888,1.9804978,0.0,0.0,0.0
0.25723267,-15.102295,-0.58743286,0.059835523,-5.639888,1.9804978,0.0,0.0,0.0
0.25723267,-15.102295,-0.58743286,0.059835523,-5.639888,1.9804978,0.0,0.0,0.0
0.25723267,-15.102295,-0.58743286,0.059835523,-5.639888,1.9804978,0.0,0.0,0.0
0.25723267,-15.102295,-0.58743286,0.059835523,-5.639888,1.9804978,0.0,0.0,0.0
0.25723267,-15.102295,-0.58743286,0.059835523,-5.639888,1.9804978,0.0,0.0,0.0
0.25723267,-15.102295,-0.58743286,0.059835523,-5.639888,1.9804978,0.0,0.0,0.0
0.25723267,-15.102295,-0.58743286,0.059835523,-5.639888,1.9804978,0.0,0.0,0.0
0.25723267,-15.102295,-0.58743286,0.059835523,-5.639888,1.9804978,0.0,0.0,0.0
0.25723267,-15.102295,-0.58743286,0.059835523,-5.639888,1.9804978,0.0,0.0,0.0
0.25723267,-15.102295,-0.58743286,0.059835523,-5.639888,1.9804978,0.0,0.0,0.0
0.25723267,-15.102295,-0.58743286,0.059835523,-5.639888,1.9804978,0.0,0.0,0.0
0.25723267,-15.102295,-0.58743286,0.059835523,-5.639888,1.9804978,0.0,0.0,0.0
0.25723267,-15.102295,-0.58743286,0.059835523,-5.639888,1.9804978,0.0,0.0,0.0
0.25723267,-15.102295,-0.58743286,0.059835523,-5.639888,1.9804978,0.0,0.0,0.0
0.25723267,-15.102295,-0.58743286,0.059835523,-5.639888,1.9804978,0.0,0.0,0.0
0.25723267,-15.102295,-0.58743286,0.059835523,-5.639888,1.9804978,0.0,0.0,0.0
0.25723267,-15.102295,-0.58743286,0.059835523,-5.639888,1.9804978,0.0,0.0,0.0
0.25723267,-15.102295,-0.58743286,0.059835523,-5.639888,1.9804978,0.0,0.0,0.0
0.25723267,-15.102295,-0.58743286,0.059835523,-5.639888,1.9804978,0.0,0.0,0.0
0.25723267,-15.102295,-0.58743286,0.059835523,-5.639888,1.9804978,0.0,0.0,0.0
0.25723267,-15.102295,-0.58743286,0.059835523,-5.639888,1.9804978,0.0,0.0,0.0
0.25723267,-15.102295,-0.58743286,0.059835523,-5.639888,1.9804978,0.0,0.0,0.0
0.25723267,-15.102295,-0.58743286,0.059835523,-5.639888,1.9804978,0.0,0.0,0.0
-0.33857727,-4.4470673,-2.100891,-0.5359744,5.01534,0.4670396,0.0,0.0,0.0
3.8404846,-9.840485,-4.015152,6.2409086,-1.6659985,-8.871707,0.0,0.0,0.0
3.838089,-10.41835,-3.5952148,6.083359,-1.8679295,-7.8401465,0.0,0.0,0.0
3.328415,-12.166306,-2.2660065,5.260951,-3.2332268,-5.820692,0.0,0.0,0.0
3.377472,-12.38884,-1.4895325,4.71923,-3.068965,-4.2299724,0.0,0.0,0.0
4.0917206,-11.727219,-2.1056824,5.067595,-2.3060446,-4.6472416,0.0,0.0,0.0
2.3270264,-12.216553,3.0675964,3.0001054,-2.7575102,0.5688219,0.0,0.0,0.0
1.2418823,-11.083557,4.924423,1.6861994,-1.5267239,2.7703774,0.0,0.0,0.0
0.071777344,-10.681564,4.022339,0.4518137,-1.0384016,2.280107,0.0,0.0,0.0
-0.66041565,-11.332413,2.7637177,-0.24898711,-1.6039686,1.5981723,0.0,0.0,0.0
-0.9523468,-11.810974,2.3102722,-0.57755023,-2.049346,1.4497303,0.0,0.0,0.0
-1.2610168,-12.489334,1.9226379,-1.0689998,-2.6936216,1.5012943,0.0,0.0,0.0
-0.36849976,-11.748764,0.92004395,-0.28902465,-1.9429655,0.8181546,0.0,0.0,0.0
0.92004395,-10.68515,-0.61016846,0.9625563,-0.879446,-0.48080692,0.0,0.0,0.0
2.0207367,-9.963715,-2.889328,2.098543,-0.16298008,-2.5577652,0.0,0.0,0.0
2.0578308,-7.680954,-2.6321106,2.1624298,2.1134634,-2.1537528,0.0,0.0,0.0
0.3026886,-6.155533,-2.909668,0.38467464,3.6248455,-2.1970253,0.0,0.0,0.0
-1.0636139,-4.3956146,-2.7876434,-0.9593308,5.371978,-1.919515,0.0,0.0,0.0
-1.4165497,-3.7244263,-1.7862396,-1.3361379,6.015877,-0.65027106,0.0,0.0,0.0
-0.9032898,-3.7507477,-0.9990082,-0.9016032,5.9673347,0.3160044,0.0,0.0,0.0
-0.26919556,-4.2017975,0.14117432,-0.35307696,5.500168,1.5677891,0.0,0.0,0.0
0.324234,-6.201004,0.63409424,0.2589914,3.5000916,2.0675802,0.0,0.0,0.0
2.2827454,-8.429916,-3.0341034,2.2072477,1.2990513,-1.8045151,0.0,0.0,0.0
3.0544434,-9.981659,-5.4520416,2.9269166,-0.21286869,-4.600647,0.0,0.0,0.0
3.5677032,-11.425735,-5.7152557,3.4319267,-1.6385145,-5.1133757,0.0,0.0,0.0
2.781662,-12.3589325,-2.9276123,2.6592946,-2.562089,-2.5065823,0.0,0.0,0.0
1.249054,-12.445068,-3.637085,1.181155,-2.6419325,-3.3835177,0.0,0.0,0.0
0.82432556,-12.037094,-5.0081787,0.7810291,-2.234253,-4.7383194,0.0,0.0,0.0
0.26560974,-11.69014,-1.5361938,0.12713003,-1.9012928,-0.9620174,0.0,0.0,0.0
-2.0889282,-10.852646,4.5068817,-2.329094,-1.0954351,5.4605865,0.0,0.0,0.0
-2.0865479,-11.54776,4.9902344,-2.3740513,-1.8203287,6.200527,0.0,0.0,0.0
-1.0253296,-14.175079,0.37327576,-1.3024806,-4.4628153,1.7019966,0.0,0.0,0.0
0.29910278,-13.338791,-0.19740295,0.024896592,-3.6198092,1.0818906,0.0,0.0,0.0
1.1760712,-11.95813,2.757721,0.7672399,-2.234249,3.9616232,0.0,0.0,0.0
2.145172,-10.203003,2.4251251,1.6753365,-0.47038937,3.5323179,0.0,0.0,0.0
2.0374908,-9.529419,1.1904297,1.5574312,0.23250103,1.9934525,0.0,0.0,0.0
1.1904297,-8.153549,-0.9571228,0.71086335,1.6262951,-0.41393304,0.0,0.0,0.0
1.0372925,-6.1172485,-3.0221405,0.483119,3.6721106,-2.8439865,0.0,0.0,0.0
1.1557312,-5.374283,-3.328415,0.53636086,4.4127884,-3.3305132,0.0,0.0,0.0
1.8340912,-4.64447,-3.3116608,1.14626,5.137041,-3.4506106,0.0,0.0,0.0
1.3651123,-5.4927216,-2.108078,0.5886954,4.2796955,-2.367735,0.0,0.0,0.0
0.8841553,-6.8841553,-0.66400146,0.0656333,2.8853436,-0.903363,0.0,0.0,0.0
0.9379883,-8.267197,-0.24765015,0.071956635,1.4996262,-0.41956794,0.0,0.0,0.0
0.96191406,-9.5354,-1.8352966,0.1274854,0.23164749,-2.116157,0.0,0.0,0.0
1.2610168,-10.261627,-4.9088745,0.48931676,-0.4990425,-5.425411,0.0,0.0,0.0
2.2755737,-10.543976,-4.688736,1.5327796,-0.7992115,-5.500035,0.0,0.0,0.0
2.3485565,-11.720047,-1.5206451,1.6054044,-1.9790659,-2.3758664,0.0,0.0,0.0
2.781662,-11.495117,-0.8147583,2.0420847,-1.7441969,-1.5516222,0.0,0.0,0.0
4.0821533,-12.222534,-0.38046265,3.3312328,-2.470048,-1.0843997,0.0,0.0,0.0
1.0301056,-11.5334015,3.6681976,0.25327402,-1.7749281,3.0858665,0.0,0.0,0.0
0.7513428,-11.448456,4.1395874,-0.03687817,-1.6788979,3.8158295,0.0,0.0,0.0
0.42352295,-12.117249,3.952942,-0.34653986,-2.3410091,3.9027023,0.0,0.0,0.0
-0.39601135,-12.339783,3.394226,-1.1438385,-2.5648365,3.6423678,0.0,0.0,0.0
-0.9607239,-12.818344,3.1549377,-1.7021539,-3.0476513,3.547656,0.0,0.0,0.0
-2.2073822,-12.946365,1.7647095,-2.9218802,-3.1786804,2.2669299,0.0,0.0,0.0
-0.8650055,-11.7391815,-1.3627167,-1.5226221,-1.9673862,-0.8627651,0.0,0.0,0.0
1.0408783,-9.981659,-2.5028992,0.45813483,-0.20512486,-2.002724,0.0,0.0,0.0
2.408371,-9.198013,-2.449051,1.941283,0.5796194,-1.8573468,0.0,0.0,0.0
2.4382935,-7.4201355,-1.7455597,2.0250487,2.3519602,-1.0343974,0.0,0.0,0.0
1.1006927,-5.85524,-1.6462555,0.75648713,3.9047813,-0.7552464,0.0,0.0,0.0
-0.275177,-4.4398804,-2.100891,-0.55016947,5.29284,-0.9308814,0.0,0.0,0.0
-1.2741852,-3.550949,-1.4584198,-1.4949753,6.157773,-0.09373963,0.0,0.0,0.0
-1.3076782,-3.5521393,-0.34336853,-1.4534216,6.1155386,1.2952727,0.0,0.0,0.0
-0.7262268,-4.2556305,-0.44148254,-0.8740618,5.396014,1.28892,0.0,0.0,0.0
1.4656067,-6.41037,-2.9730835,1.2579151,3.2425327,-1.2559,0.0,0.0,0.0
2.3377838,-7.3746796,-3.9673004,2.0774539,2.2833385,-2.2864351,0.0,0.0,0.0
3.394226,-10.64328,-5.1828613,3.0764294,-0.9796591,-3.5446262,0.0,0.0,0.0
2.297104,-12.421143,-3.172882,1.8941619,-2.7418947,-1.6496649,0.0,0.0,0.0
1.4644012,-12.472595,-3.0675964,1.0357654,-2.7815866,-1.628496,0.0,0.0,0.0
1.9453583,-10.802399,-5.3072815,1.5372653,-1.0863514,-4.0414724,0.0,0.0,0.0
1.7754669,-11.416153,-4.631302,1.3712077,-1.6944933,-3.4080744,0.0,0.0,0.0
-0.55274963,-13.124634,4.5834503,-1.000242,-3.4255772,5.9612885,0.0,0.0,0.0
-1.7730865,-12.75972,6.5814514,-2.3025918,-3.128148,8.348607,0.0,0.0,0.0
-1.8544312,-11.144577,4.8227386,-2.3964252,-1.5315905,6.6847596,0.0,0.0,0.0
-0.83151245,-14.086548,0.21894836,-1.4038405,-4.479967,2.1048012,0.0,0.0,0.0
0.55633545,-13.383057,0.15911865,-0.08350152,-3.7882452,2.0828085,0.0,0.0,0.0
1.3902283,-11.618347,2.1391907,0.6508878,-2.0399914,4.108674,0.0,0.0,0.0
1.7240295,-10.881363,1.138977,0.910682,-1.270711,2.9121723,0.0,0.0,0.0
1.9250183,-9.300903,-1.036087,1.0993991,0.360857,0.4264872,0.0,0.0,0.0
1.421341,-7.802994,-3.2315063,0.5744112,1.9174395,-2.2485178,0.0,0.0,0.0
1.5074768,-6.12323,-3.2171478,0.64608634,3.6209927,-2.525401,0.0,0.0,0.0
1.9812622,-5.264206,-1.9178467,1.0674953,4.485857,-1.3966086,0.0,0.0,0.0
1.9034882,-4.8263245,-1.4656067,0.95600486,4.9248924,-1.0338249,0.0,0.0,0.0
1.7443695,-5.247467,-1.1652985,0.7710065,4.5061283,-0.86474544,0.0,0.0,0.0
1.5122681,-6.2189484,-1.2394867,0.5215427,3.535468,-1.03897,0.0,0.0,0.0
1.6031952,-8.311462,-3.0783691,0.59891117,1.4429989,-2.9675314,0.0,0.0,0.0
1.7623138,-9.097519,-4.1443634,0.74092245,0.6557951,-4.1482215,0.0,0.0,0.0
2.7421722,-9.86441,-4.923233,1.714169,-0.113357544,-5.098091,0.0,0.0,0.0
2.7984009,-12.003601,-2.3330078,1.7887504,-2.255825,-2.696113,0.0,0.0,0.0
2.2492523,-12.437897,-1.0911255,1.2692236,-2.690071,-1.5268285,0.0,0.0,0.0
4.3501587,-12.175873,-2.0350952,3.3867517,-2.42305,-2.388199,0.0,0.0,0.0
2.6931152,-13.481155,0.2596283,1.7207379,-3.7256594,0.024735972,0.0,0.0,0.0
1.3136597,-11.523834,3.2817535,0.33403856,-1.7676783,3.113938,0.0,0.0,0.0
0.4630127,-11.314468,4.3250275,-0.49891478,-1.5556717,4.429792,0.0,0.0,0.0
-0.85783386,-11.374283,3.5162506,-1.7955976,-1.6187162,3.8625183,0.0,0.0,0.0
-1.2370911,-12.064606,2.6201477,-2.1294336,-2.3170443,3.2194512,0.0,0.0,0.0
-2.0554352,-12.500107,2.4849396,-2.932134,-2.7558432,3.1565955,0.0,0.0,0.0
-2.1260223,-12.90329,1.537384,-2.9701662,-3.1601753,2.265067,0.0,0.0,0.0
-0.69511414,-11.370697,-0.59580994,-1.4751049,-1.6227789,0.13910109,0.0,0.0,0.0
0.77526855,-9.8524475,-1.5302124,0.13637155,-0.09693909,-0.76063377,0.0,0.0,0.0
1.7395782,-8.624924,-2.4263153,1.2123408,1.1327896,-1.602032,0.0,0.0,0.0
1.9118652,-6.439087,-1.6079712,1.5712626,3.3131027,-0.6337201,0.0,0.0,0.0
0.8518524,-5.495117,-1.5062866,0.6166735,4.2459507,-0.39873767,0.0,0.0,0.0
-0.19740295,-4.4039917,-2.703888,-0.37194353,5.320861,-1.4520258,0.0,0.0,0.0
-0.7154541,-4.618149,-1.8604126,-0.825612,5.0651026,-0.3135159,0.0,0.0,0.0
-0.43310547,-5.11586,-1.2538452,-0.5110667,4.53601,0.47985494,0.0,0.0,0.0
-0.17706299,-5.5345917,-0.8889313,-0.24622661,4.087763,1.002072,0.0,0.0,0.0
1.298111,-7.064804,-2.087738,1.2239431,2.5577707,-0.19804215,0.0,0.0,0.0
2.190628,-8.069794,-3.4959106,2.0773351,1.5678244,-1.6865257,0.0,0.0,0.0
2.8043823,-10.29631,-5.971283,2.646202,-0.6377516,-4.280834,0.0,0.0,0.0
1.4380798,-12.017944,-2.9814606,1.2125866,-2.3466854,-1.373268,0.0,0.0,0.0
0.2536316,-12.806381,-2.4131622,-0.06513524,-3.1211615,-0.9080732,0.0,0.0,0.0
1.2646027,-13.569702,-4.833496,0.91858864,-3.8707638,-3.4259248,0.0,0.0,0.0
1.6725769,-14.5746765,-0.6412811,1.3263459,-4.8729897,0.7471658,0.0,0.0,0.0
-0.12083435,-13.448853,2.2959137,-0.48551998,-3.7830925,3.9116087,0.0,0.0,0.0
-1.4871368,-9.430115,3.0998993,-1.8254415,0.18999577,4.97324,0.0,0.0,0.0
-0.29431152,-10.156342,0.15672302,-0.62672067,-0.538784,2.0441732,0.0,0.0,0.0
0.5144501,-11.388641,1.454834,0.09811759,-1.7787771,3.364694,0.0,0.0,0.0
1.3866425,-12.160324,4.470993,0.73701763,-2.5663433,6.395548,0.0,0.0,0.0
1.1186371,-11.572891,4.3908234,0.3341477,-1.9625854,6.1788344,0.0,0.0,0.0
1.195221,-10.924438,0.9714813,0.352036,-1.2752323,2.5051825,0.0,0.0,0.0
1.454834,-9.342773,-2.6679993,0.5817571,0.36172676,-1.5585803,0.0,0.0,0.0
0.81715393,-7.4895325,-3.0448608,-0.07091051,2.240654,-2.2050924,0.0,0.0,0.0
1.2885284,-5.852844,-3.4145508,0.37069964,3.8993607,-2.9428704,0.0,0.0,0.0
2.2289124,-5.4101715,-2.9419708,1.2868922,4.3462696,-2.6339948,0.0,0.0,0.0
1.655838,-5.0105743,-1.3184509,0.67024195,4.743801,-1.092277,0.0,0.0,0.0
1.3005066,-5.0404816,-1.0947113,0.25556934,4.708949,-0.93008465,0.0,0.0,0.0
1.2203369,-6.669998,-0.7429657,0.16172278,3.0783901,-0.60643566,0.0,0.0,0.0
1.6474609,-8.014755,-1.5625153,0.592144,1.7347975,-1.5085446,0.0,0.0,0.0
2.0398865,-8.830719,-2.4933167,0.9882436,0.9192381,-2.5460527,0.0,0.0,0.0
2.8007965,-10.35733,-4.9950104,1.7492445,-0.61138725,-5.280018,0.0,0.0,0.0
2.6644135,-11.921036,-3.406189,1.6209558,-2.1772633,-3.7810059,0.0,0.0,0.0
2.0985107,-12.862625,-1.5254211,1.0655639,-3.1168995,-1.8778985,0.0,0.0,0.0
4.5607147,-12.325424,-1.6366882,3.5408335,-2.5742865,-1.8500891,0.0,0.0,0.0
3.6849518,-12.177078,-2.079361,2.6712968,-2.423872,-2.212987,0.0,0.0,0.0
1.1401825,-11.453247,1.4859467,0.1358198,-1.6981821,1.5048225,0.0,0.0,0.0
0.035888672,-10.795212,4.104889,-0.9522215,-1.0411711,4.3344855,0.0,0.0,0.0
-0.9750824,-11.312073,4.2149506,-1.9454188,-1.5648928,4.6853914,0.0,0.0,0.0
-1.4967041,-11.621933,4.0283203,-2.41785,-1.8901081,4.811562,0.0,0.0,0.0
-2.646469,-13.2430725,2.551941,-3.5323708,-3.5124779,3.3892593,0.0,0.0,0.0
-2.3365936,-13.696518,0.78364563,-3.1377778,-3.9558477,1.5885246,0.0,0.0,0.0
-0.4091797,-12.253647,-1.4799652,-1.1228046,-2.5030937,-0.7132591,0.0,0.0,0.0
1.0301056,-10.144379,-2.3294067,0.41542828,-0.3858719,-1.5783277,0.0,0.0,0.0
2.5052795,-8.9730835,-2.4669952,2.06288,0.7895689,-1.6513456,0.0,0.0,0.0
2.4921265,-7.2394867,-1.1617126,2.1774852,2.5211935,-0.26700473,0.0,0.0,0.0
1.1844482,-5.3934174,-1.4309082,1.0512404,4.3578434,-0.3986479,0.0,0.0,0.0
0.3361969,-4.4075775,-2.580658,0.26164544,5.332918,-1.4459497,0.0,0.0,0.0
-0.92481995,-3.6849518,-2.5076752,-0.93432784,6.025442,-1.1370733,0.0,0.0,0.0
-0.98106384,-3.8416748,-2.2097778,-0.94682324,5.8439684,-0.6743523,0.0,0.0,0.0
-0.80877686,-4.669586,-1.3387909,-0.7316763,4.9944496,0.3257972,0.0,0.0,0.0
0.15792847,-6.0311127,-1.3555298,0.24671295,3.6275787,0.3392241,0.0,0.0,0.0
1.6534424,-7.9692993,-3.282959,1.7345214,1.6929245,-1.6080754,0.0,0.0,0.0
1.6534424,-7.9692993,-3.282959,1.7245551,1.697629,-1.6349844,0.0,0.0,0.0
1.6534424,-7.9692993,-3.282959,1.7245551,1.697629,-1.6349844,0.0,0.0,0.0
1.6534424,-7.9692993,-3.282959,1.7245551,1.697629,-1.6349844,0.0,0.0,0.0
1.6534424,-7.9692993,-3.282959,1.7245551,1.697629,-1.6349844,0.0,0.0,0.0
1.6534424,-7.9692993,-3.282959,1.7245551,1.697629,-1.6349844,0.0,0.0,0.0
1.6534424,-7.9692993,-3.282959,1.7245551,1.697629,-1.6349844,0.0,0.0,0.0
1.6534424,-7.9692993,-3.282959,1.7245551,1.697629,-1.6349844,0.0,0.0,0.0
1.6534424,-7.9692993,-3.282959,1.7245551,1.697629,-1.6349844,0.0,0.0,0.0
1.6534424,-7.9692993,-3.282959,1.7245551,1.697629,-1.6349844,0.0,0.0,0.0
1.6534424,-7.9692993,-3.282959,1.7245551,1.697629,-1.6349844,0.0,0.0,0.0
1.6534424,-7.9692993,-3.282959,1.7245551,1.697629,-1.6349844,0.0,0.0,0.0
1.6534424,-7.9692993,-3.282959,1.7245551,1.697629,-1.6349844,0.0,0.0,0.0
1.6534424,-7.9692993,-3.282959,1.7245551,1.697629,-1.6349844,0.0,0.0,0.0
1.6534424,-7.9692993,-3.282959,1.7245551,1.697629,-1.6349844,0.0,0.0,0.0
1.6534424,-7.9692993,-3.282959,1.7245551,1.697629,-1.6349844,0.0,0.0,0.0
1.6534424,-7.9692993,-3.282959,1.7245551,1.697629,-1.6349844,0.0,0.0,0.0
1.6534424,-7.9692993,-3.282959,1.7245551,1.697629,-1.6349844,0.0,0.0,0.0
1.6534424,-7.9692993,-3.282959,1.7245551,1.697629,-1.6349844,0.0,0.0,0.0
1.6534424,-7.9692993,-3.282959,1.7245551,1.697629,-1.6349844,0.0,0.0,0.0
1.6534424,-7.9692993,-3.282959,1.7245551,1.697629,-1.6349844,0.0,0.0,0.0
1.6534424,-7.9692993,-3.282959,1.7245551,1.697629,-1.6349844,0.0,0.0,0.0
1.6534424,-7.9692993,-3.282959,1.7245551,1.697629,-1.6349844,0.0,0.0,0.0
1.6534424,-7.9692993,-3.282959,1.7245551,1.697629,-1.6349844,0.0,0.0,0.0
1.6534424,-7.9692993,-3.282959,1.7245551,1.697629,-1.6349844,0.0,0.0,0.0
1.6534424,-7.9692993,-3.282959,1.7245551,1.697629,-1.6349844,0.0,0.0,0.0
1.6534424,-7.9692993,-3.282959,1.7245551,1.697629,-1.6349844,0.0,0.0,0.0
1.6534424,-7.9692993,-3.282959,1.7245551,1.697629,-1.6349844,0.0,0.0,0.0
-1.7455597,-12.062225,4.347763,-2.1093998,-2.2623339,4.3358874,0.0,0.0,0.0
-2.5339966,-13.389038,1.7084808,-3.0809643,-3.6111479,2.2223635,0.0,0.0,0.0
-2.5339966,-13.389038,1.7084808,-3.3571286,-3.6886215,2.8894777,0.0,0.0,0.0
-2.5339966,-13.389038,1.7084808,-3.3571286,-3.6886215,2.8894777,0.0,0.0,0.0
-2.5339966,-13.389038,1.7084808,-3.3571286,-3.6886215,2.8894777,0.0,0.0,0.0
-2.5339966,-13.389038,1.7084808,-3.3571286,-3.6886215,2.8894777,0.0,0.0,0.0
-2.5339966,-13.389038,1.7084808,-3.3571286,-3.6886215,2.8894777,0.0,0.0,0.0
-2.5339966,-13.389038,1.7084808,-3.3571286,-3.6886215,2.8894777,0.0,0.0,0.0
-2.5339966,-13.389038,1.7084808,-3.3571286,-3.6886215,2.8894777,0.0,0.0,0.0
-2.5339966,-13.389038,1.7084808,-3.3571286,-3.6886215,2.8894777,0.0,0.0,0.0
-2.5339966,-13.389038,1.7084808,-3.3571286,-3.6886215,2.8894777,0.0,0.0,0.0
-2.5339966,-13.389038,1.7084808,-3.3571286,-3.6886215,2.8894777,0.0,0.0,0.0
-2.5339966,-13.389038,1.7084808,-3.3571286,-3.6886215,2.8894777,0.0,0.0,0.0
-2.5339966,-13.389038,1.7084808,-3.3571286,-3.6886215,2.8894777,0.0,0.0,0.0
-2.5339966,-13.389038,1.7084808,-3.3571286,-3.6886215,2.8894777,0.0,0.0,0.0
-2.5339966,-13.389038,1.7084808,-3.3571286,-3.6886215,2.8894777,0.0,0.0,0.0
-2.5339966,-13.389038,1.7084808,-3.3571286,-3.6886215,2.8894777,0.0,0.0,0.0
-2.5339966,-13.389038,1.7084808,-3.3571286,-3.6886215,2.8894777,0.0,0.0,0.0
-2.5339966,-13.389038,1.7084808,-3.3571286,-3.6886215,2.8894777,0.0,0.0,0.0
-2.5339966,-13.389038,1.7084808,-3.3571286,-3.6886215,2.8894777,0.0,0.0,0.0
-2.5339966,-13.389038,1.7084808,-3.3571286,-3.6886215,2.8894777,0.0,0.0,0.0
-2.5339966,-13.389038,1.7084808,-3.3571286,-3.6886215,2.8894777,0.0,0.0,0.0
-2.5339966,-13.389038,1.7084808,-3.3571286,-3.6886215,2.8894777,0.0,0.0,0.0
-2.5339966,-13.389038,1.7084808,-3.3571286,-3.6886215,2.8894777,0.0,0.0,0.0
-2.5339966,-13.389038,1.7084808,-3.3571286,-3.6886215,2.8894777,0.0,0.0,0.0
-2.5339966,-13.389038,1.7084808,-3.3571286,-3.6886215,2.8894777,0.0,0.0,0.0
-2.5339966,-13.389038,1.7084808,-3.3571286,-3.6886215,2.8894777,0.0,0.0,0.0
-2.5339966,-13.389038,1.7084808,-3.3571286,-3.6886215,2.8894777,0.0,0.0,0.0
-2.5339966,-13.389038,1.7084808,-3.3571286,-3.6886215,2.8894777,0.0,0.0,0.0
-2.5339966,-13.389038,1.7084808,-3.3571286,-3.6886215,2.8894777,0.0,0.0,0.0
