0.06703765,-0.39264908,10.25676,0.0,0.0,0.0,0.0,0.0,0.0
0.06703765,-0.39264908,10.25676,0.0,0.0,0.0,0.0,0.0,0.0
0.05746084,-0.39264908,10.228029,0.0,0.0,0.0,0.0,0.0,0.0
0.05746084,-0.39264908,10.228029,0.0,0.0,0.0,0.0,0.0,0.0
0.06703765,-0.38307226,10.25676,0.0,0.0,0.0,0.0,0.0,0.0
0.06703765,-0.38307226,10.25676,0.0,0.0,0.0,0.0,0.0,0.0
0.05746084,-0.38307226,10.275913,0.0,0.0,0.0,0.0,0.0,0.0
0.05746084,-0.38307226,10.275913,0.0,0.0,0.0,0.0,0.0,0.0
0.047884032,-0.38307226,10.25676,0.0,0.0,0.0,0.0,0.0,0.0
0.047884032,-0.38307226,10.25676,0.0,0.0,0.0,0.0,0.0,0.0
0.05746084,-0.38307226,10.25676,0.0,0.0,0.0,0.0,0.0,0.0
0.05746084,-0.38307226,10.25676,0.0,0.0,0.0,0.0,0.0,0.0
0.05746084,-0.38307226,10.247183,0.0,0.0,0.0,0.0,0.0,0.0
0.05746084,-0.38307226,10.247183,0.0,0.0,0.0,0.0,0.0,0.0
0.05746084,-0.40222588,10.25676,0.0,0.0,0.0,0.0,0.0,0.0
0.05746084,-0.40222588,10.25676,0.0,0.0,0.0,0.0,0.0,0.0
0.05746084,-0.37349546,10.247183,0.0,0.0,0.0,0.0,0.0,0.0
0.05746084,-0.37349546,10.247183,0.0,0.0,0.0,0.0,0.0,0.0
0.05746084,-0.38307226,10.247183,0.0,0.0,0.0,0.0,0.0,0.0
0.05746084,-0.38307226,10.247183,0.0,0.0,0.0,0.0,0.0,0.0
0.05746084,-0.39264908,10.25676,0.0,0.0,0.0,0.0,0.0,0.0
0.05746084,-0.39264908,10.25676,0.0,0.0,0.0,0.0,0.0,0.0
0.076614454,-0.38307226,10.247183,0.0,0.0,0.0,0.0,0.0,0.0
0.076614454,-0.38307226,10.247183,0.0,0.0,0.0,0.0,0.0,0.0
0.05746084,-0.39264908,10.25676,0.0,0.0,0.0,0.0,0.0,0.0
0.05746084,-0.39264908,10.25676,0.0,0.0,0.0,0.0,0.0,0.0
0.05746084,-0.39264908,10.275913,0.0,0.0,0.0,0.0,0.0,0.0
0.05746084,-0.39264908,10.275913,0.0,0.0,0.0,0.0,0.0,0.0
0.06703765,-0.38307226,10.275913,0.0,0.0,0.0,0.0,0.0,0.0
0.06703765,-0.38307226,10.275913,0.0,0.0,0.0,0.0,0.0,0.0
0.06703765,-0.38307226,10.247183,0.0,0.0,0.0,0.0,0.0,0.0
0.06703765,-0.38307226,10.247183,0.0,0.0,0.0,0.0,0.0,0.0
0.06703765,-0.38307226,10.237606,0.0,0.0,0.0,0.0,0.0,0.0
0.06703765,-0.39264908,10.237606,0.0,0.0,0.0,0.0,0.0,0.0
0.06703765,-0.39264908,10.237606,0.0,0.0,0.0,0.0,0.0,0.0
0.06703765,-0.39264908,10.237606,0.0,0.0,0.0,0.0,0.0,0.0
0.076614454,-0.39264908,10.266336,0.0,0.0,0.0,0.0,0.0,0.0
0.06703765,-0.39264908,10.247183,0.0,0.0,0.0,0.0,0.0,0.0
0.06703765,-0.39264908,10.247183,0.0,0.0,0.0,0.0,0.0,0.0
0.076614454,-0.38307226,10.247183,0.0,0.0,0.0,0.0,0.0,0.0
0.076614454,-0.38307226,10.247183,0.0,0.0,0.0,0.0,0.0,0.0
0.038307227,-0.39264908,10.247183,0.0,0.0,0.0,0.0,0.0,0.0
0.038307227,-0.39264908,10.247183,0.0,0.0,0.0,0.0,0.0,0.0
0.06703765,-0.39264908,10.237606,0.0,0.0,0.0,0.0,0.0,0.0
0.06703765,-0.39264908,10.237606,0.0,0.0,0.0,0.0,0.0,0.0
0.06703765,-0.39264908,10.247183,0.0,0.0,0.0,0.0,0.0,0.0
0.06703765,-0.39264908,10.247183,0.0,0.0,0.0,0.0,0.0,0.0
0.05746084,-0.38307226,10.266336,0.0,0.0,0.0,0.0,0.0,0.0
0.05746084,-0.38307226,10.266336,0.0,0.0,0.0,0.0,0.0,0.0
0.047884032,-0.38307226,10.25676,0.0,0.0,0.0,0.0,0.0,0.0
0.047884032,-0.38307226,10.25676,0.0,0.0,0.0,0.0,0.0,0.0
0.05746084,-0.38307226,10.237606,0.0,0.0,0.0,0.0,0.0,0.0
0.05746084,-0.38307226,10.237606,0.0,0.0,0.0,0.0,0.0,0.0
0.06703765,-0.39264908,10.25676,0.0,0.0,0.0,0.0,0.0,0.0
0.06703765,-0.39264908,10.25676,0.0,0.0,0.0,0.0,0.0,0.0
0.05746084,-0.38307226,10.25676,0.0,0.0,0.0,0.0,0.0,0.0
0.05746084,-0.38307226,10.25676,0.0,0.0,0.0,0.0,0.0,0.0
0.05746084,-0.38307226,10.237606,0.0,0.0,0.0,0.0,0.0,0.0
0.05746084,-0.38307226,10.237606,0.0,0.0,0.0,0.0,0.0,0.0
0.05746084,-0.40222588,10.25676,0.0,0.0,0.0,0.0,0.0,0.0
0.05746084,-0.40222588,10.25676,0.0,0.0,0.0,0.0,0.0,0.0
0.05746084,-0.38307226,10.266336,0.0,0.0,0.0,0.0,0.0,0.0
0.05746084,-0.38307226,10.266336,0.0,0.0,0.0,0.0,0.0,0.0
0.076614454,-0.37349546,10.237606,0.0,0.0,0.0,0.0,0.0,0.0
0.076614454,-0.37349546,10.237606,0.0,0.0,0.0,0.0,0.0,0.0
0.05746084,-0.37349546,10.25676,0.0,0.0,0.0,0.0,0.0,0.0
0.05746084,-0.37349546,10.25676,0.0,0.0,0.0,0.0,0.0,0.0
0.076614454,-0.39264908,10.247183,0.0,0.0,0.0,0.0,0.0,0.0
0.076614454,-0.39264908,10.247183,0.0,0.0,0.0,0.0,0.0,0.0
0.076614454,-0.39264908,10.247183,0.0,0.0,0.0,0.0,0.0,0.0
0.047884032,-0.37349546,10.266336,0.0,0.0,0.0,0.0,0.0,0.0
0.047884032,-0.37349546,10.266336,0.0,0.0,0.0,0.0,0.0,0.0
0.06703765,-0.38307226,10.247183,0.0,0.0,0.0,0.0,0.0,0.0
0.06703765,-0.38307226,10.247183,0.0,0.0,0.0,0.0,0.0,0.0
0.05746084,-0.38307226,10.25676,0.0,0.0,0.0,0.0,0.0,0.0
0.05746084,-0.38307226,10.25676,0.0,0.0,0.0,0.0,0.0,0.0
0.06703765,-0.38307226,10.266336,0.0,0.0,0.0,0.0,0.0,0.0
0.06703765,-0.38307226,10.266336,0.0,0.0,0.0,0.0,0.0,0.0
0.05746084,-0.38307226,10.237606,0.0,0.0,0.0,0.0,0.0,0.0
0.05746084,-0.38307226,10.237606,0.0,0.0,0.0,0.0,0.0,0.0
0.06703765,-0.39264908,10.247183,0.0,0.0,0.0,0.0,0.0,0.0
0.06703765,-0.39264908,10.247183,0.0,0.0,0.0,0.0,0.0,0.0
0.05746084,-0.38307226,10.237606,0.0,0.0,0.0,0.0,0.0,0.0
0.05746084,-0.38307226,10.237606,0.0,0.0,0.0,0.0,0.0,0.0
0.05746084,-0.38307226,10.25676,0.0,0.0,0.0,0.0,0.0,0.0
0.05746084,-0.38307226,10.25676,0.0,0.0,0.0,0.0,0.0,0.0
0.05746084,-0.39264908,10.247183,0.0,0.0,0.0,0.0,0.0,0.0
0.05746084,-0.39264908,10.247183,0.0,0.0,0.0,0.0,0.0,0.0
0.06703765,-0.38307226,10.266336,0.0,0.0,0.0,0.0,0.0,0.0
0.06703765,-0.38307226,10.266336,0.0,0.0,0.0,0.0,0.0,0.0
0.05746084,-0.38307226,10.25676,0.0,0.0,0.0,0.0,0.0,0.0
0.05746084,-0.38307226,10.25676,0.0,0.0,0.0,0.0,0.0,0.0
0.06703765,-0.38307226,10.237606,0.0,0.0,0.0,0.0,0.0,0.0
0.06703765,-0.38307226,10.237606,0.0,0.0,0.0,0.0,0.0,0.0
0.05746084,-0.39264908,10.25676,0.0,0.0,0.0,0.0,0.0,0.0
0.05746084,-0.39264908,10.25676,0.0,0.0,0.0,0.0,0.0,0.0
0.05746084,-0.38307226,10.25676,0.0,0.0,0.0,0.0,0.0,0.0
0.05746084,-0.38307226,10.25676,0.0,0.0,0.0,0.0,0.0,0.0
0.06703765,-0.37349546,10.237606,0.0,0.0,0.0,0.0,0.0,0.0
0.06703765,-0.37349546,10.237606,0.0,0.0,0.0,0.0,0.0,0.0
0.06703765,-0.39264908,10.228029,0.0,0.0,0.0,0.0,0.0,0.0
0.06703765,-0.39264908,10.228029,0.0,0.0,0.0,0.0,0.0,0.0
0.05746084,-0.38307226,10.247183,0.0,0.0,0.0,0.0,0.0,0.0
0.047884032,-0.39264908,10.218452,0.0,0.0,0.0,0.0,0.0,0.0
0.047884032,-0.39264908,10.218452,0.0,0.0,0.0,0.0,0.0,0.0
0.047884032,-0.39264908,10.218452,0.0,0.0,0.0,0.0,0.0,0.0
0.05746084,-0.39264908,10.25676,0.0,0.0,0.0,0.0,0.0,0.0
0.06703765,-0.38307226,10.266336,0.0,0.0,0.0,0.0,0.0,0.0
0.06703765,-0.38307226,10.266336,0.0,0.0,0.0,0.0,0.0,0.0
0.06703765,-0.39264908,10.247183,0.0,0.0,0.0,0.0,0.0,0.0
0.06703765,-0.39264908,10.247183,0.0,0.0,0.0,0.0,0.0,0.0
0.047884032,-0.38307226,10.237606,0.0,0.0,0.0,0.0,0.0,0.0
0.047884032,-0.38307226,10.237606,0.0,0.0,0.0,0.0,0.0,0.0
0.05746084,-0.37349546,10.237606,0.0,0.0,0.0,0.0,0.0,0.0
0.05746084,-0.37349546,10.237606,0.0,0.0,0.0,0.0,0.0,0.0
0.038307227,-0.38307226,10.247183,0.0,0.0,0.0,0.0,0.0,0.0
0.038307227,-0.38307226,10.247183,0.0,0.0,0.0,0.0,0.0,0.0
0.06703765,-0.38307226,10.228029,0.0,0.0,0.0,0.0,0.0,0.0
0.06703765,-0.38307226,10.228029,0.0,0.0,0.0,0.0,0.0,0.0
0.06703765,-0.38307226,10.237606,0.0,0.0,0.0,0.0,0.0,0.0
0.06703765,-0.38307226,10.237606,0.0,0.0,0.0,0.0,0.0,0.0
0.06703765,-0.37349546,10.247183,0.0,0.0,0.0,0.0,0.0,0.0
0.06703765,-0.37349546,10.247183,0.0,0.0,0.0,0.0,0.0,0.0
0.06703765,-0.39264908,10.25676,0.0,0.0,0.0,0.0,0.0,0.0
0.06703765,-0.39264908,10.25676,0.0,0.0,0.0,0.0,0.0,0.0
0.06703765,-0.37349546,10.237606,0.0,0.0,0.0,0.0,0.0,0.0
0.06703765,-0.37349546,10.237606,0.0,0.0,0.0,0.0,0.0,0.0
0.047884032,-0.38307226,10.266336,0.0,0.0,0.0,0.0,0.0,0.0
0.047884032,-0.38307226,10.266336,0.0,0.0,0.0,0.0,0.0,0.0
0.06703765,-0.39264908,10.275913,0.0,0.0,0.0,0.0,0.0,0.0
0.06703765,-0.39264908,10.275913,0.0,0.0,0.0,0.0,0.0,0.0
0.05746084,-0.39264908,10.218452,0.0,0.0,0.0,0.0,0.0,0.0
0.05746084,-0.39264908,10.218452,0.0,0.0,0.0,0.0,0.0,0.0
0.05746084,-0.40222588,10.237606,0.0,0.0,0.0,0.0,0.0,0.0
0.05746084,-0.40222588,10.237606,0.0,0.0,0.0,0.0,0.0,0.0
0.06703765,-0.39264908,10.247183,0.0,0.0,0.0,0.0,0.0,0.0
0.06703765,-0.39264908,10.247183,0.0,0.0,0.0,0.0,0.0,0.0
0.05746084,-0.39264908,10.237606,0.0,0.0,0.0,0.0,0.0,0.0
0.05746084,-0.39264908,10.237606,0.0,0.0,0.0,0.0,0.0,0.0
0.047884032,-0.37349546,10.247183,0.0,0.0,0.0,0.0,0.0,0.0
0.047884032,-0.37349546,10.247183,0.0,0.0,0.0,0.0,0.0,0.0
0.05746084,-0.37349546,10.25676,0.0,0.0,0.0,0.0,0.0,0.0
0.05746084,-0.37349546,10.25676,0.0,0.0,0.0,0.0,0.0,0.0
0.05746084,-0.39264908,10.266336,0.0,0.0,0.0,0.0,0.0,0.0
0.06703765,-0.38307226,10.25676,0.0,0.0,0.0,0.0,0.0,0.0
0.06703765,-0.38307226,10.25676,0.0,0.0,0.0,0.0,0.0,0.0
0.06703765,-0.38307226,10.25676,0.0,0.0,0.0,0.0,0.0,0.0
0.06703765,-0.38307226,10.237606,0.0,0.0,0.0,0.0,0.0,0.0
0.047884032,-0.39264908,10.247183,0.0,0.0,0.0,0.0,0.0,0.0
0.047884032,-0.39264908,10.247183,0.0,0.0,0.0,0.0,0.0,0.0
0.047884032,-0.39264908,10.247183,0.0,0.0,0.0,0.0,0.0,0.0
0.05746084,-0.38307226,10.247183,0.0,0.0,0.0,0.0,0.0,0.0
0.06703765,-0.39264908,10.237606,0.0,0.0,0.0,0.0,0.0,0.0
0.06703765,-0.39264908,10.237606,0.0,0.0,0.0,0.0,0.0,0.0
0.05746084,-0.39264908,10.247183,0.0,0.0,0.0,0.0,0.0,0.0
0.05746084,-0.39264908,10.247183,0.0,0.0,0.0,0.0,0.0,0.0
0.038307227,-0.39264908,10.25676,0.0,0.0,0.0,0.0,0.0,0.0
0.038307227,-0.39264908,10.25676,0.0,0.0,0.0,0.0,0.0,0.0
0.038307227,-0.39264908,10.218452,0.0,0.0,0.0,0.0,0.0,0.0
0.038307227,-0.39264908,10.218452,0.0,0.0,0.0,0.0,0.0,0.0
0.05746084,-0.39264908,10.247183,0.0,0.0,0.0,0.0,0.0,0.0
0.05746084,-0.39264908,10.247183,0.0,0.0,0.0,0.0,0.0,0.0
0.05746084,-0.38307226,10.266336,0.0,0.0,0.0,0.0,0.0,0.0
0.05746084,-0.38307226,10.266336,0.0,0.0,0.0,0.0,0.0,0.0
0.05746084,-0.38307226,10.25676,0.0,0.0,0.0,0.0,0.0,0.0
0.05746084,-0.38307226,10.25676,0.0,0.0,0.0,0.0,0.0,0.0
0.05746084,-0.38307226,10.237606,0.0,0.0,0.0,0.0,0.0,0.0
0.05746084,-0.38307226,10.237606,0.0,0.0,0.0,0.0,0.0,0.0
0.05746084,-0.37349546,10.266336,0.0,0.0,0.0,0.0,0.0,0.0
0.05746084,-0.37349546,10.266336,0.0,0.0,0.0,0.0,0.0,0.0
0.047884032,-0.39264908,10.247183,0.0,0.0,0.0,0.0,0.0,0.0
0.047884032,-0.39264908,10.247183,0.0,0.0,0.0,0.0,0.0,0.0
0.047884032,-0.39264908,10.247183,0.0,0.0,0.0,0.0,0.0,0.0
0.076614454,-0.39264908,10.247183,0.0,0.0,0.0,0.0,0.0,0.0
0.076614454,-0.39264908,10.247183,0.0,0.0,0.0,0.0,0.0,0.0
0.047884032,-0.41180268,10.25676,0.0,0.0,0.0,0.0,0.0,0.0
0.047884032,-0.41180268,10.25676,0.0,0.0,0.0,0.0,0.0,0.0
0.076614454,-0.38307226,10.266336,0.0,0.0,0.0,0.0,0.0,0.0
0.076614454,-0.38307226,10.266336,0.0,0.0,0.0,0.0,0.0,0.0
0.06703765,-0.39264908,10.247183,0.0,0.0,0.0,0.0,0.0,0.0
0.06703765,-0.39264908,10.247183,0.0,0.0,0.0,0.0,0.0,0.0
0.05746084,-0.39264908,10.266336,0.0,0.0,0.0,0.0,0.0,0.0
0.05746084,-0.39264908,10.266336,0.0,0.0,0.0,0.0,0.0,0.0
0.05746084,-0.39264908,10.266336,0.0,0.0,0.0,0.0,0.0,0.0
0.047884032,-0.38307226,10.247183,0.0,0.0,0.0,0.0,0.0,0.0
0.047884032,-0.38307226,10.247183,0.0,0.0,0.0,0.0,0.0,0.0
0.06703765,-0.39264908,10.25676,0.0,0.0,0.0,0.0,0.0,0.0
0.06703765,-0.39264908,10.25676,0.0,0.0,0.0,0.0,0.0,0.0
0.047884032,-0.39264908,10.28549,0.0,0.0,0.0,0.0,0.0,0.0
0.047884032,-0.39264908,10.28549,0.0,0.0,0.0,0.0,0.0,0.0
0.047884032,-0.38307226,10.275913,0.0,0.0,0.0,0.0,0.0,0.0
0.047884032,-0.38307226,10.275913,0.0,0.0,0.0,0.0,0.0,0.0
0.05746084,-0.38307226,10.247183,0.0,0.0,0.0,0.0,0.0,0.0
0.05746084,-0.38307226,10.247183,0.0,0.0,0.0,0.0,0.0,0.0
0.047884032,-0.40222588,10.266336,0.0,0.0,0.0,0.0,0.0,0.0
0.047884032,-0.40222588,10.266336,0.0,0.0,0.0,0.0,0.0,0.0
0.05746084,-0.39264908,10.266336,0.0,0.0,0.0,0.0,0.0,0.0
0.05746084,-0.39264908,10.266336,0.0,0.0,0.0,0.0,0.0,0.0
0.047884032,-0.38307226,10.266336,0.0,0.0,0.0,0.0,0.0,0.0
0.047884032,-0.38307226,10.266336,0.0,0.0,0.0,0.0,0.0,0.0
0.047884032,-0.38307226,10.266336,0.0,0.0,0.0,0.0,0.0,0.0
0.047884032,-0.38307226,10.266336,0.0,0.0,0.0,0.0,0.0,0.0
0.047884032,-0.39264908,10.266336,0.0,0.0,0.0,0.0,0.0,0.0
0.047884032,-0.39264908,10.266336,0.0,0.0,0.0,0.0,0.0,0.0
0.05746084,-0.37349546,10.247183,0.0,0.0,0.0,0.0,0.0,0.0
0.05746084,-0.37349546,10.247183,0.0,0.0,0.0,0.0,0.0,0.0
0.076614454,-0.39264908,10.247183,0.0,0.0,0.0,0.0,0.0,0.0
0.076614454,-0.39264908,10.247183,0.0,0.0,0.0,0.0,0.0,0.0
0.047884032,-0.38307226,10.25676,0.0,0.0,0.0,0.0,0.0,0.0
0.047884032,-0.38307226,10.25676,0.0,0.0,0.0,0.0,0.0,0.0
0.076614454,-0.38307226,10.28549,0.0,0.0,0.0,0.0,0.0,0.0
0.076614454,-0.38307226,10.28549,0.0,0.0,0.0,0.0,0.0,0.0
0.06703765,-0.39264908,10.25676,0.0,0.0,0.0,0.0,0.0,0.0
0.06703765,-0.39264908,10.25676,0.0,0.0,0.0,0.0,0.0,0.0
0.05746084,-0.38307226,10.237606,0.0,0.0,0.0,0.0,0.0,0.0
0.05746084,-0.38307226,10.237606,0.0,0.0,0.0,0.0,0.0,0.0
0.05746084,-0.38307226,10.28549,0.0,0.0,0.0,0.0,0.0,0.0
0.05746084,-0.38307226,10.28549,0.0,0.0,0.0,0.0,0.0,0.0
0.06703765,-0.38307226,10.25676,0.0,0.0,0.0,0.0,0.0,0.0
0.06703765,-0.38307226,10.25676,0.0,0.0,0.0,0.0,0.0,0.0
0.05746084,-0.38307226,10.237606,0.0,0.0,0.0,0.0,0.0,0.0
0.05746084,-0.38307226,10.237606,0.0,0.0,0.0,0.0,0.0,0.0
0.05746084,-0.39264908,10.28549,0.0,0.0,0.0,0.0,0.0,0.0
0.05746084,-0.39264908,10.28549,0.0,0.0,0.0,0.0,0.0,0.0
0.047884032,-0.39264908,10.266336,0.0,0.0,0.0,0.0,0.0,0.0
0.047884032,-0.39264908,10.266336,0.0,0.0,0.0,0.0,0.0,0.0
0.05746084,-0.37349546,10.237606,0.0,0.0,0.0,0.0,0.0,0.0
0.05746084,-0.37349546,10.237606,0.0,0.0,0.0,0.0,0.0,0.0
0.06703765,-0.38307226,10.237606,0.0,0.0,0.0,0.0,0.0,0.0
0.06703765,-0.38307226,10.237606,0.0,0.0,0.0,0.0,0.0,0.0
0.05746084,-0.38307226,10.275913,0.0,0.0,0.0,0.0,0.0,0.0
0.05746084,-0.38307226,10.275913,0.0,0.0,0.0,0.0,0.0,0.0
0.06703765,-0.38307226,10.275913,0.0,0.0,0.0,0.0,0.0,0.0
0.06703765,-0.38307226,10.218452,0.0,0.0,0.0,0.0,0.0,0.0
0.06703765,-0.38307226,10.218452,0.0,0.0,0.0,0.0,0.0,0.0
0.047884032,-0.38307226,10.228029,0.0,0.0,0.0,0.0,0.0,0.0
0.047884032,-0.38307226,10.228029,0.0,0.0,0.0,0.0,0.0,0.0
0.047884032,-0.38307226,10.25676,0.0,0.0,0.0,0.0,0.0,0.0
0.047884032,-0.38307226,10.25676,0.0,0.0,0.0,0.0,0.0,0.0
0.05746084,-0.38307226,10.237606,0.0,0.0,0.0,0.0,0.0,0.0
0.05746084,-0.38307226,10.237606,0.0,0.0,0.0,0.0,0.0,0.0
0.047884032,-0.40222588,10.25676,0.0,0.0,0.0,0.0,0.0,0.0
0.047884032,-0.40222588,10.25676,0.0,0.0,0.0,0.0,0.0,0.0
0.06703765,-0.39264908,10.275913,0.0,0.0,0.0,0.0,0.0,0.0
0.06703765,-0.39264908,10.275913,0.0,0.0,0.0,0.0,0.0,0.0
0.076614454,-0.40222588,10.25676,0.0,0.0,0.0,0.0,0.0,0.0
0.076614454,-0.40222588,10.25676,0.0,0.0,0.0,0.0,0.0,0.0
0.06703765,-0.39264908,10.247183,0.0,0.0,0.0,0.0,0.0,0.0
0.06703765,-0.39264908,10.247183,0.0,0.0,0.0,0.0,0.0,0.0
0.06703765,-0.38307226,10.25676,0.0,0.0,0.0,0.0,0.0,0.0
0.06703765,-0.38307226,10.25676,0.0,0.0,0.0,0.0,0.0,0.0
0.05746084,-0.38307226,10.237606,0.0,0.0,0.0,0.0,0.0,0.0
0.05746084,-0.38307226,10.237606,0.0,0.0,0.0,0.0,0.0,0.0
0.076614454,-0.38307226,10.247183,0.0,0.0,0.0,0.0,0.0,0.0
0.076614454,-0.38307226,10.247183,0.0,0.0,0.0,0.0,0.0,0.0
0.047884032,-0.39264908,10.247183,0.0,0.0,0.0,0.0,0.0,0.0
0.047884032,-0.39264908,10.247183,0.0,0.0,0.0,0.0,0.0,0.0
0.06703765,-0.38307226,10.247183,0.0,0.0,0.0,0.0,0.0,0.0
0.06703765,-0.38307226,10.247183,0.0,0.0,0.0,0.0,0.0,0.0
0.047884032,-0.38307226,10.25676,0.0,0.0,0.0,0.0,0.0,0.0
0.047884032,-0.38307226,10.25676,0.0,0.0,0.0,0.0,0.0,0.0
0.047884032,-0.38307226,10.247183,0.0,0.0,0.0,0.0,0.0,0.0
0.047884032,-0.38307226,10.247183,0.0,0.0,0.0,0.0,0.0,0.0
0.06703765,-0.39264908,10.275913,0.0,0.0,0.0,0.0,0.0,0.0
0.06703765,-0.39264908,10.275913,0.0,0.0,0.0,0.0,0.0,0.0
0.047884032,-0.37349546,10.228029,0.0,0.0,0.0,0.0,0.0,0.0
0.047884032,-0.37349546,10.228029,0.0,0.0,0.0,0.0,0.0,0.0
0.05746084,-0.38307226,10.237606,0.0,0.0,0.0,0.0,0.0,0.0
0.05746084,-0.38307226,10.237606,0.0,0.0,0.0,0.0,0.0,0.0
0.05746084,-0.39264908,10.275913,0.0,0.0,0.0,0.0,0.0,0.0
0.05746084,-0.39264908,10.275913,0.0,0.0,0.0,0.0,0.0,0.0
0.05746084,-0.37349546,10.25676,0.0,0.0,0.0,0.0,0.0,0.0
0.05746084,-0.37349546,10.25676,0.0,0.0,0.0,0.0,0.0,0.0
0.05746084,-0.37349546,10.228029,0.0,0.0,0.0,0.0,0.0,0.0
0.05746084,-0.37349546,10.228029,0.0,0.0,0.0,0.0,0.0,0.0
0.047884032,-0.38307226,10.25676,0.0,0.0,0.0,0.0,0.0,0.0
0.047884032,-0.38307226,10.25676,0.0,0.0,0.0,0.0,0.0,0.0
0.05746084,-0.38307226,10.266336,0.0,0.0,0.0,0.0,0.0,0.0
0.05746084,-0.38307226,10.266336,0.0,0.0,0.0,0.0,0.0,0.0
0.05746084,-0.38307226,10.247183,0.0,0.0,0.0,0.0,0.0,0.0
0.05746084,-0.38307226,10.247183,0.0,0.0,0.0,0.0,0.0,0.0
0.038307227,-0.39264908,10.237606,0.0,0.0,0.0,0.0,0.0,0.0
0.038307227,-0.39264908,10.237606,0.0,0.0,0.0,0.0,0.0,0.0
0.06703765,-0.39264908,10.247183,0.0,0.0,0.0,0.0,0.0,0.0
0.06703765,-0.39264908,10.247183,0.0,0.0,0.0,0.0,0.0,0.0
0.06703765,-0.38307226,10.25676,0.0,0.0,0.0,0.0,0.0,0.0
0.06703765,-0.38307226,10.25676,0.0,0.0,0.0,0.0,0.0,0.0
0.06703765,-0.38307226,10.25676,0.0,0.0,0.0,0.0,0.0,0.0
0.06703765,-0.38307226,10.25676,0.0,0.0,0.0,0.0,0.0,0.0
0.05746084,-0.39264908,10.247183,0.0,0.0,0.0,0.0,0.0,0.0
0.05746084,-0.39264908,10.247183,0.0,0.0,0.0,0.0,0.0,0.0
0.06703765,-0.38307226,10.25676,0.0,0.0,0.0,0.0,0.0,0.0
0.06703765,-0.38307226,10.25676,0.0,0.0,0.0,0.0,0.0,0.0
0.05746084,-0.37349546,10.237606,0.0,0.0,0.0,0.0,0.0,0.0
0.05746084,-0.37349546,10.237606,0.0,0.0,0.0,0.0,0.0,0.0
0.05746084,-0.38307226,10.247183,0.0,0.0,0.0,0.0,0.0,0.0
0.05746084,-0.38307226,10.247183,0.0,0.0,0.0,0.0,0.0,0.0
0.05746084,-0.39264908,10.247183,0.0,0.0,0.0,0.0,0.0,0.0
0.05746084,-0.39264908,10.247183,0.0,0.0,0.0,0.0,0.0,0.0
0.05746084,-0.37349546,10.247183,0.0,0.0,0.0,0.0,0.0,0.0
0.05746084,-0.37349546,10.247183,0.0,0.0,0.0,0.0,0.0,0.0
0.06703765,-0.39264908,10.228029,0.0,0.0,0.0,0.0,0.0,0.0
0.06703765,-0.39264908,10.228029,0.0,0.0,0.0,0.0,0.0,0.0
0.05746084,-0.38307226,10.25676,0.0,0.0,0.0,0.0,0.0,0.0
0.05746084,-0.38307226,10.25676,0.0,0.0,0.0,0.0,0.0,0.0
0.06703765,-0.39264908,10.228029,0.0,0.0,0.0,0.0,0.0,0.0
0.06703765,-0.39264908,10.228029,0.0,0.0,0.0,0.0,0.0,0.0
0.05746084,-0.37349546,10.247183,0.0,0.0,0.0,0.0,0.0,0.0
0.05746084,-0.37349546,10.247183,0.0,0.0,0.0,0.0,0.0,0.0
0.06703765,-0.40222588,10.237606,0.0,0.0,0.0,0.0,0.0,0.0
0.06703765,-0.40222588,10.237606,0.0,0.0,0.0,0.0,0.0,0.0
0.06703765,-0.39264908,10.237606,0.0,0.0,0.0,0.0,0.0,0.0
0.06703765,-0.39264908,10.237606,0.0,0.0,0.0,0.0,0.0,0.0
0.05746084,-0.38307226,10.237606,0.0,0.0,0.0,0.0,0.0,0.0
0.05746084,-0.38307226,10.237606,0.0,0.0,0.0,0.0,0.0,0.0
0.06703765,-0.38307226,10.228029,0.0,0.0,0.0,0.0,0.0,0.0
0.06703765,-0.38307226,10.228029,0.0,0.0,0.0,0.0,0.0,0.0
0.05746084,-0.38307226,10.228029,0.0,0.0,0.0,0.0,0.0,0.0
0.05746084,-0.38307226,10.228029,0.0,0.0,0.0,0.0,0.0,0.0
0.05746084,-0.39264908,10.247183,0.0,0.0,0.0,0.0,0.0,0.0
0.05746084,-0.39264908,10.237606,0.0,0.0,0.0,0.0,0.0,0.0
0.05746084,-0.39264908,10.237606,0.0,0.0,0.0,0.0,0.0,0.0
0.047884032,-0.38307226,10.228029,0.0,0.0,0.0,0.0,0.0,0.0
0.047884032,-0.38307226,10.228029,0.0,0.0,0.0,0.0,0.0,0.0
0.06703765,-0.38307226,10.228029,0.0,0.0,0.0,0.0,0.0,0.0
0.06703765,-0.38307226,10.228029,0.0,0.0,0.0,0.0,0.0,0.0
0.05746084,-0.40222588,10.25676,0.0,0.0,0.0,0.0,0.0,0.0
0.05746084,-0.40222588,10.25676,0.0,0.0,0.0,0.0,0.0,0.0
0.06703765,-0.38307226,10.228029,0.0,0.0,0.0,0.0,0.0,0.0
0.06703765,-0.38307226,10.228029,0.0,0.0,0.0,0.0,0.0,0.0
0.038307227,-0.38307226,10.247183,0.0,0.0,0.0,0.0,0.0,0.0
0.038307227,-0.38307226,10.247183,0.0,0.0,0.0,0.0,0.0,0.0
0.05746084,-0.39264908,10.247183,0.0,0.0,0.0,0.0,0.0,0.0
0.05746084,-0.39264908,10.247183,0.0,0.0,0.0,0.0,0.0,0.0
0.06703765,-0.39264908,10.228029,0.0,0.0,0.0,0.0,0.0,0.0
0.06703765,-0.39264908,10.228029,0.0,0.0,0.0,0.0,0.0,0.0
0.047884032,-0.40222588,10.228029,0.0,0.0,0.0,0.0,0.0,0.0
0.047884032,-0.40222588,10.228029,0.0,0.0,0.0,0.0,0.0,0.0
0.076614454,-0.39264908,10.228029,0.0,0.0,0.0,0.0,0.0,0.0
0.076614454,-0.39264908,10.228029,0.0,0.0,0.0,0.0,0.0,0.0
0.047884032,-0.38307226,10.247183,0.0,0.0,0.0,0.0,0.0,0.0
0.047884032,-0.38307226,10.247183,0.0,0.0,0.0,0.0,0.0,0.0
0.06703765,-0.38307226,10.228029,0.0,0.0,0.0,0.0,0.0,0.0
0.06703765,-0.38307226,10.228029,0.0,0.0,0.0,0.0,0.0,0.0
0.06703765,-0.39264908,10.237606,0.0,0.0,0.0,0.0,0.0,0.0
0.06703765,-0.39264908,10.237606,0.0,0.0,0.0,0.0,0.0,0.0
0.06703765,-0.38307226,10.25676,0.0,0.0,0.0,0.0,0.0,0.0
0.06703765,-0.38307226,10.25676,0.0,0.0,0.0,0.0,0.0,0.0
0.047884032,-0.38307226,10.247183,0.0,0.0,0.0,0.0,0.0,0.0
0.047884032,-0.38307226,10.247183,0.0,0.0,0.0,0.0,0.0,0.0
0.05746084,-0.39264908,10.237606,0.0,0.0,0.0,0.0,0.0,0.0
0.05746084,-0.39264908,10.237606,0.0,0.0,0.0,0.0,0.0,0.0
0.047884032,-0.39264908,10.208876,0.0,0.0,0.0,0.0,0.0,0.0
0.047884032,-0.39264908,10.208876,0.0,0.0,0.0,0.0,0.0,0.0
0.047884032,-0.39264908,10.25676,0.0,0.0,0.0,0.0,0.0,0.0
0.047884032,-0.39264908,10.25676,0.0,0.0,0.0,0.0,0.0,0.0
0.047884032,-0.37349546,10.247183,0.0,0.0,0.0,0.0,0.0,0.0
0.047884032,-0.37349546,10.247183,0.0,0.0,0.0,0.0,0.0,0.0
0.06703765,-0.38307226,10.237606,0.0,0.0,0.0,0.0,0.0,0.0
0.06703765,-0.38307226,10.237606,0.0,0.0,0.0,0.0,0.0,0.0
0.05746084,-0.37349546,10.218452,0.0,0.0,0.0,0.0,0.0,0.0
0.05746084,-0.37349546,10.218452,0.0,0.0,0.0,0.0,0.0,0.0
0.05746084,-0.38307226,10.228029,0.0,0.0,0.0,0.0,0.0,0.0
0.05746084,-0.38307226,10.228029,0.0,0.0,0.0,0.0,0.0,0.0
0.06703765,-0.40222588,10.228029,0.0,0.0,0.0,0.0,0.0,0.0
0.06703765,-0.40222588,10.228029,0.0,0.0,0.0,0.0,0.0,0.0
0.047884032,-0.39264908,10.247183,0.0,0.0,0.0,0.0,0.0,0.0
0.047884032,-0.39264908,10.247183,0.0,0.0,0.0,0.0,0.0,0.0
0.06703765,-0.39264908,10.237606,0.0,0.0,0.0,0.0,0.0,0.0
0.06703765,-0.39264908,10.237606,0.0,0.0,0.0,0.0,0.0,0.0
0.076614454,-0.39264908,10.228029,0.0,0.0,0.0,0.0,0.0,0.0
0.076614454,-0.39264908,10.228029,0.0,0.0,0.0,0.0,0.0,0.0
0.076614454,-0.37349546,10.237606,0.0,0.0,0.0,0.0,0.0,0.0
0.076614454,-0.37349546,10.237606,0.0,0.0,0.0,0.0,0.0,0.0
0.06703765,-0.39264908,10.247183,0.0,0.0,0.0,0.0,0.0,0.0
0.06703765,-0.38307226,10.247183,0.0,0.0,0.0,0.0,0.0,0.0
0.06703765,-0.38307226,10.247183,0.0,0.0,0.0,0.0,0.0,0.0
0.06703765,-0.38307226,10.208876,0.0,0.0,0.0,0.0,0.0,0.0
0.06703765,-0.38307226,10.208876,0.0,0.0,0.0,0.0,0.0,0.0
0.05746084,-0.39264908,10.218452,0.0,0.0,0.0,0.0,0.0,0.0
0.05746084,-0.39264908,10.218452,0.0,0.0,0.0,0.0,0.0,0.0
0.06703765,-0.38307226,10.228029,0.0,0.0,0.0,0.0,0.0,0.0
0.06703765,-0.38307226,10.228029,0.0,0.0,0.0,0.0,0.0,0.0
0.05746084,-0.39264908,10.237606,0.0,0.0,0.0,0.0,0.0,0.0
0.05746084,-0.39264908,10.237606,0.0,0.0,0.0,0.0,0.0,0.0
0.06703765,-0.39264908,10.237606,0.0,0.0,0.0,0.0,0.0,0.0
0.06703765,-0.39264908,10.237606,0.0,0.0,0.0,0.0,0.0,0.0
0.06703765,-0.38307226,10.237606,0.0,0.0,0.0,0.0,0.0,0.0
0.06703765,-0.38307226,10.237606,0.0,0.0,0.0,0.0,0.0,0.0
0.06703765,-0.39264908,10.247183,0.0,0.0,0.0,0.0,0.0,0.0
0.06703765,-0.39264908,10.247183,0.0,0.0,0.0,0.0,0.0,0.0
0.076614454,-0.39264908,10.237606,0.0,0.0,0.0,0.0,0.0,0.0
0.076614454,-0.39264908,10.237606,0.0,0.0,0.0,0.0,0.0,0.0
0.05746084,-0.39264908,10.228029,0.0,0.0,0.0,0.0,0.0,0.0
0.05746084,-0.39264908,10.228029,0.0,0.0,0.0,0.0,0.0,0.0
0.038307227,-0.39264908,10.237606,0.0,0.0,0.0,0.0,0.0,0.0
0.038307227,-0.39264908,10.237606,0.0,0.0,0.0,0.0,0.0,0.0
0.06703765,-0.38307226,10.228029,0.0,0.0,0.0,0.0,0.0,0.0
0.06703765,-0.38307226,10.228029,0.0,0.0,0.0,0.0,0.0,0.0
0.05746084,-0.38307226,10.218452,0.0,0.0,0.0,0.0,0.0,0.0
0.05746084,-0.38307226,10.218452,0.0,0.0,0.0,0.0,0.0,0.0
0.05746084,-0.38307226,10.237606,0.0,0.0,0.0,0.0,0.0,0.0
0.05746084,-0.38307226,10.237606,0.0,0.0,0.0,0.0,0.0,0.0
0.076614454,-0.38307226,10.237606,0.0,0.0,0.0,0.0,0.0,0.0
0.076614454,-0.38307226,10.237606,0.0,0.0,0.0,0.0,0.0,0.0
0.05746084,-0.39264908,10.228029,0.0,0.0,0.0,0.0,0.0,0.0
0.05746084,-0.39264908,10.228029,0.0,0.0,0.0,0.0,0.0,0.0
0.06703765,-0.38307226,10.218452,0.0,0.0,0.0,0.0,0.0,0.0
0.06703765,-0.38307226,10.218452,0.0,0.0,0.0,0.0,0.0,0.0
0.05746084,-0.39264908,10.228029,0.0,0.0,0.0,0.0,0.0,0.0
0.05746084,-0.39264908,10.228029,0.0,0.0,0.0,0.0,0.0,0.0
0.06703765,-0.39264908,10.247183,0.0,0.0,0.0,0.0,0.0,0.0
0.06703765,-0.39264908,10.247183,0.0,0.0,0.0,0.0,0.0,0.0
0.05746084,-0.38307226,10.228029,0.0,0.0,0.0,0.0,0.0,0.0
0.05746084,-0.38307226,10.228029,0.0,0.0,0.0,0.0,0.0,0.0
0.06703765,-0.40222588,10.237606,0.0,0.0,0.0,0.0,0.0,0.0
0.06703765,-0.40222588,10.237606,0.0,0.0,0.0,0.0,0.0,0.0
0.06703765,-0.37349546,10.247183,0.0,0.0,0.0,0.0,0.0,0.0
0.06703765,-0.37349546,10.247183,0.0,0.0,0.0,0.0,0.0,0.0
0.06703765,-0.38307226,10.237606,0.0,0.0,0.0,0.0,0.0,0.0
0.06703765,-0.38307226,10.237606,0.0,0.0,0.0,0.0,0.0,0.0
0.06703765,-0.39264908,10.228029,0.0,0.0,0.0,0.0,0.0,0.0
0.06703765,-0.39264908,10.228029,0.0,0.0,0.0,0.0,0.0,0.0
0.05746084,-0.37349546,10.228029,0.0,0.0,0.0,0.0,0.0,0.0
0.05746084,-0.37349546,10.228029,0.0,0.0,0.0,0.0,0.0,0.0
0.047884032,-0.39264908,10.228029,0.0,0.0,0.0,0.0,0.0,0.0
0.05746084,-0.38307226,10.228029,0.0,0.0,0.0,0.0,0.0,0.0
0.05746084,-0.38307226,10.228029,0.0,0.0,0.0,0.0,0.0,0.0
0.05746084,-0.38307226,10.228029,0.0,0.0,0.0,0.0,0.0,0.0
0.06703765,-0.39264908,10.247183,0.0,0.0,0.0,0.0,0.0,0.0
0.06703765,-0.39264908,10.247183,0.0,0.0,0.0,0.0,0.0,0.0
0.05746084,-0.38307226,10.247183,0.0,0.0,0.0,0.0,0.0,0.0
0.05746084,-0.38307226,10.247183,0.0,0.0,0.0,0.0,0.0,0.0
0.05746084,-0.40222588,10.228029,0.0,0.0,0.0,0.0,0.0,0.0
0.05746084,-0.38307226,10.218452,0.0,0.0,0.0,0.0,0.0,0.0
0.05746084,-0.38307226,10.218452,0.0,0.0,0.0,0.0,0.0,0.0
0.05746084,-0.39264908,10.218452,0.0,0.0,0.0,0.0,0.0,0.0
0.05746084,-0.39264908,10.218452,0.0,0.0,0.0,0.0,0.0,0.0
0.05746084,-0.39264908,10.237606,0.0,0.0,0.0,0.0,0.0,0.0
0.05746084,-0.39264908,10.237606,0.0,0.0,0.0,0.0,0.0,0.0
0.06703765,-0.39264908,10.228029,0.0,0.0,0.0,0.0,0.0,0.0
0.06703765,-0.39264908,10.228029,0.0,0.0,0.0,0.0,0.0,0.0
0.076614454,-0.39264908,10.228029,0.0,0.0,0.0,0.0,0.0,0.0
0.076614454,-0.39264908,10.228029,0.0,0.0,0.0,0.0,0.0,0.0
0.06703765,-0.37349546,10.247183,0.0,0.0,0.0,0.0,0.0,0.0
0.06703765,-0.37349546,10.247183,0.0,0.0,0.0,0.0,0.0,0.0
0.076614454,-0.39264908,10.237606,0.0,0.0,0.0,0.0,0.0,0.0
0.076614454,-0.39264908,10.237606,0.0,0.0,0.0,0.0,0.0,0.0
0.076614454,-0.39264908,10.237606,0.0,0.0,0.0,0.0,0.0,0.0
0.06703765,-0.38307226,10.228029,0.0,0.0,0.0,0.0,0.0,0.0
0.05746084,-0.39264908,10.228029,0.0,0.0,0.0,0.0,0.0,0.0
0.05746084,-0.39264908,10.228029,0.0,0.0,0.0,0.0,0.0,0.0
0.05746084,-0.39264908,10.228029,0.0,0.0,0.0,0.0,0.0,0.0
0.06703765,-0.38307226,10.237606,0.0,0.0,0.0,0.0,0.0,0.0
0.047884032,-0.38307226,10.228029,0.0,0.0,0.0,0.0,0.0,0.0
0.047884032,-0.38307226,10.228029,0.0,0.0,0.0,0.0,0.0,0.0
0.047884032,-0.38307226,10.218452,0.0,0.0,0.0,0.0,0.0,0.0
0.047884032,-0.38307226,10.218452,0.0,0.0,0.0,0.0,0.0,0.0
0.076614454,-0.38307226,10.237606,0.0,0.0,0.0,0.0,0.0,0.0
0.076614454,-0.38307226,10.237606,0.0,0.0,0.0,0.0,0.0,0.0
0.076614454,-0.38307226,10.237606,0.0,0.0,0.0,0.0,0.0,0.0
0.076614454,-0.38307226,10.237606,0.0,0.0,0.0,0.0,0.0,0.0
0.047884032,-0.38307226,10.228029,0.0,0.0,0.0,0.0,0.0,0.0
0.047884032,-0.38307226,10.228029,0.0,0.0,0.0,0.0,0.0,0.0
0.06703765,-0.38307226,10.237606,0.0,0.0,0.0,0.0,0.0,0.0
0.06703765,-0.38307226,10.237606,0.0,0.0,0.0,0.0,0.0,0.0
0.05746084,-0.38307226,10.25676,0.0,0.0,0.0,0.0,0.0,0.0
0.05746084,-0.38307226,10.25676,0.0,0.0,0.0,0.0,0.0,0.0
0.076614454,-0.38307226,10.189722,0.0,0.0,0.0,0.0,0.0,0.0
0.076614454,-0.38307226,10.189722,0.0,0.0,0.0,0.0,0.0,0.0
0.06703765,-0.38307226,10.228029,0.0,0.0,0.0,0.0,0.0,0.0
0.06703765,-0.38307226,10.228029,0.0,0.0,0.0,0.0,0.0,0.0
0.06703765,-0.38307226,10.237606,0.0,0.0,0.0,0.0,0.0,0.0
0.06703765,-0.38307226,10.237606,0.0,0.0,0.0,0.0,0.0,0.0
0.06703765,-0.38307226,10.237606,0.0,0.0,0.0,0.0,0.0,0.0
0.06703765,-0.38307226,10.237606,0.0,0.0,0.0,0.0,0.0,0.0
0.06703765,-0.39264908,10.218452,0.0,0.0,0.0,0.0,0.0,0.0
0.06703765,-0.39264908,10.218452,0.0,0.0,0.0,0.0,0.0,0.0
0.06703765,-0.37349546,10.208876,0.0,0.0,0.0,0.0,0.0,0.0
0.06703765,-0.37349546,10.208876,0.0,0.0,0.0,0.0,0.0,0.0
0.05746084,-0.39264908,10.218452,0.0,0.0,0.0,0.0,0.0,0.0
0.05746084,-0.39264908,10.218452,0.0,0.0,0.0,0.0,0.0,0.0
0.06703765,-0.40222588,10.237606,0.0,0.0,0.0,0.0,0.0,0.0
0.076614454,-0.39264908,10.237606,0.0,0.0,0.0,0.0,0.0,0.0
0.076614454,-0.39264908,10.237606,0.0,0.0,0.0,0.0,0.0,0.0
0.076614454,-0.37349546,10.247183,0.0,0.0,0.0,0.0,0.0,0.0
0.076614454,-0.37349546,10.247183,0.0,0.0,0.0,0.0,0.0,0.0
0.047884032,-0.37349546,10.247183,0.0,0.0,0.0,0.0,0.0,0.0
0.047884032,-0.37349546,10.247183,0.0,0.0,0.0,0.0,0.0,0.0
0.06703765,-0.39264908,10.218452,0.0,0.0,0.0,0.0,0.0,0.0
0.06703765,-0.39264908,10.218452,0.0,0.0,0.0,0.0,0.0,0.0
0.05746084,-0.38307226,10.237606,0.0,0.0,0.0,0.0,0.0,0.0
0.05746084,-0.38307226,10.237606,0.0,0.0,0.0,0.0,0.0,0.0
0.038307227,-0.40222588,10.228029,0.0,0.0,0.0,0.0,0.0,0.0
0.038307227,-0.40222588,10.228029,0.0,0.0,0.0,0.0,0.0,0.0
0.05746084,-0.39264908,10.228029,0.0,0.0,0.0,0.0,0.0,0.0
0.05746084,-0.39264908,10.228029,0.0,0.0,0.0,0.0,0.0,0.0
0.06703765,-0.39264908,10.228029,0.0,0.0,0.0,0.0,0.0,0.0
0.06703765,-0.39264908,10.228029,0.0,0.0,0.0,0.0,0.0,0.0
0.05746084,-0.38307226,10.237606,0.0,0.0,0.0,0.0,0.0,0.0
0.05746084,-0.38307226,10.237606,0.0,0.0,0.0,0.0,0.0,0.0
0.06703765,-0.38307226,10.228029,0.0,0.0,0.0,0.0,0.0,0.0
0.06703765,-0.38307226,10.228029,0.0,0.0,0.0,0.0,0.0,0.0
0.076614454,-0.38307226,10.208876,0.0,0.0,0.0,0.0,0.0,0.0
0.076614454,-0.38307226,10.208876,0.0,0.0,0.0,0.0,0.0,0.0
0.05746084,-0.39264908,10.247183,0.0,0.0,0.0,0.0,0.0,0.0
0.05746084,-0.39264908,10.247183,0.0,0.0,0.0,0.0,0.0,0.0
0.06703765,-0.39264908,10.218452,0.0,0.0,0.0,0.0,0.0,0.0
0.06703765,-0.39264908,10.218452,0.0,0.0,0.0,0.0,0.0,0.0
0.076614454,-0.39264908,10.208876,0.0,0.0,0.0,0.0,0.0,0.0
0.076614454,-0.39264908,10.208876,0.0,0.0,0.0,0.0,0.0,0.0
0.076614454,-0.39264908,10.247183,0.0,0.0,0.0,0.0,0.0,0.0
0.076614454,-0.39264908,10.247183,0.0,0.0,0.0,0.0,0.0,0.0
0.05746084,-0.39264908,10.228029,0.0,0.0,0.0,0.0,0.0,0.0
0.05746084,-0.39264908,10.228029,0.0,0.0,0.0,0.0,0.0,0.0
0.06703765,-0.38307226,10.199299,0.0,0.0,0.0,0.0,0.0,0.0
0.06703765,-0.38307226,10.199299,0.0,0.0,0.0,0.0,0.0,0.0
0.076614454,-0.38307226,10.237606,0.0,0.0,0.0,0.0,0.0,0.0
0.076614454,-0.38307226,10.237606,0.0,0.0,0.0,0.0,0.0,0.0
0.047884032,-0.38307226,10.218452,0.0,0.0,0.0,0.0,0.0,0.0
0.047884032,-0.38307226,10.218452,0.0,0.0,0.0,0.0,0.0,0.0
0.06703765,-0.38307226,10.237606,0.0,0.0,0.0,0.0,0.0,0.0
0.06703765,-0.38307226,10.237606,0.0,0.0,0.0,0.0,0.0,0.0
0.076614454,-0.38307226,10.208876,0.0,0.0,0.0,0.0,0.0,0.0
0.076614454,-0.38307226,10.237606,0.0,0.0,0.0,0.0,0.0,0.0
0.076614454,-0.38307226,10.237606,0.0,0.0,0.0,0.0,0.0,0.0
0.06703765,-0.37349546,10.228029,0.0,0.0,0.0,0.0,0.0,0.0
0.06703765,-0.37349546,10.228029,0.0,0.0,0.0,0.0,0.0,0.0
0.05746084,-0.39264908,10.199299,0.0,0.0,0.0,0.0,0.0,0.0
0.05746084,-0.39264908,10.199299,0.0,0.0,0.0,0.0,0.0,0.0
0.076614454,-0.38307226,10.237606,0.0,0.0,0.0,0.0,0.0,0.0
0.076614454,-0.38307226,10.237606,0.0,0.0,0.0,0.0,0.0,0.0
0.076614454,-0.40222588,10.247183,0.0,0.0,0.0,0.0,0.0,0.0
0.076614454,-0.40222588,10.247183,0.0,0.0,0.0,0.0,0.0,0.0
0.06703765,-0.39264908,10.218452,0.0,0.0,0.0,0.0,0.0,0.0
0.06703765,-0.39264908,10.218452,0.0,0.0,0.0,0.0,0.0,0.0
0.076614454,-0.39264908,10.208876,0.0,0.0,0.0,0.0,0.0,0.0
0.076614454,-0.39264908,10.208876,0.0,0.0,0.0,0.0,0.0,0.0
0.05746084,-0.38307226,10.228029,0.0,0.0,0.0,0.0,0.0,0.0
0.05746084,-0.38307226,10.228029,0.0,0.0,0.0,0.0,0.0,0.0
0.06703765,-0.38307226,10.228029,0.0,0.0,0.0,0.0,0.0,0.0
0.06703765,-0.38307226,10.228029,0.0,0.0,0.0,0.0,0.0,0.0
0.05746084,-0.38307226,10.208876,0.0,0.0,0.0,0.0,0.0,0.0
0.05746084,-0.38307226,10.208876,0.0,0.0,0.0,0.0,0.0,0.0
0.06703765,-0.36391866,10.237606,0.0,0.0,0.0,0.0,0.0,0.0
0.06703765,-0.36391866,10.237606,0.0,0.0,0.0,0.0,0.0,0.0
0.06703765,-0.38307226,10.218452,0.0,0.0,0.0,0.0,0.0,0.0
0.06703765,-0.38307226,10.218452,0.0,0.0,0.0,0.0,0.0,0.0
0.06703765,-0.38307226,10.228029,0.0,0.0,0.0,0.0,0.0,0.0
0.06703765,-0.38307226,10.228029,0.0,0.0,0.0,0.0,0.0,0.0
0.08619126,-0.39264908,10.228029,0.0,0.0,0.0,0.0,0.0,0.0
0.08619126,-0.39264908,10.228029,0.0,0.0,0.0,0.0,0.0,0.0
0.06703765,-0.38307226,10.208876,0.0,0.0,0.0,0.0,0.0,0.0
0.06703765,-0.38307226,10.208876,0.0,0.0,0.0,0.0,0.0,0.0
0.06703765,-0.40222588,10.247183,0.0,0.0,0.0,0.0,0.0,0.0
0.06703765,-0.40222588,10.247183,0.0,0.0,0.0,0.0,0.0,0.0
0.076614454,-0.38307226,10.199299,0.0,0.0,0.0,0.0,0.0,0.0
0.076614454,-0.38307226,10.199299,0.0,0.0,0.0,0.0,0.0,0.0
0.076614454,-0.39264908,10.218452,0.0,0.0,0.0,0.0,0.0,0.0
0.076614454,-0.39264908,10.218452,0.0,0.0,0.0,0.0,0.0,0.0
0.06703765,-0.39264908,10.228029,0.0,0.0,0.0,0.0,0.0,0.0
0.06703765,-0.39264908,10.228029,0.0,0.0,0.0,0.0,0.0,0.0
0.06703765,-0.39264908,10.228029,0.0,0.0,0.0,0.0,0.0,0.0
0.06703765,-0.39264908,10.228029,0.0,0.0,0.0,0.0,0.0,0.0
0.05746084,-0.39264908,10.208876,0.0,0.0,0.0,0.0,0.0,0.0
0.05746084,-0.39264908,10.208876,0.0,0.0,0.0,0.0,0.0,0.0
0.076614454,-0.38307226,10.218452,0.0,0.0,0.0,0.0,0.0,0.0
0.076614454,-0.38307226,10.218452,0.0,0.0,0.0,0.0,0.0,0.0
0.06703765,-0.39264908,10.228029,0.0,0.0,0.0,0.0,0.0,0.0
0.06703765,-0.39264908,10.228029,0.0,0.0,0.0,0.0,0.0,0.0
0.05746084,-0.39264908,10.208876,0.0,0.0,0.0,0.0,0.0,0.0
0.05746084,-0.39264908,10.208876,0.0,0.0,0.0,0.0,0.0,0.0
0.06703765,-0.39264908,10.208876,0.0,0.0,0.0,0.0,0.0,0.0
0.06703765,-0.39264908,10.208876,0.0,0.0,0.0,0.0,0.0,0.0
0.06703765,-0.39264908,10.237606,0.0,0.0,0.0,0.0,0.0,0.0
0.06703765,-0.39264908,10.237606,0.0,0.0,0.0,0.0,0.0,0.0
0.076614454,-0.37349546,10.228029,0.0,0.0,0.0,0.0,0.0,0.0
0.076614454,-0.37349546,10.228029,0.0,0.0,0.0,0.0,0.0,0.0
0.047884032,-0.39264908,10.228029,0.0,0.0,0.0,0.0,0.0,0.0
0.047884032,-0.39264908,10.228029,0.0,0.0,0.0,0.0,0.0,0.0
0.06703765,-0.39264908,10.218452,0.0,0.0,0.0,0.0,0.0,0.0
0.06703765,-0.39264908,10.218452,0.0,0.0,0.0,0.0,0.0,0.0
0.08619126,-0.38307226,10.237606,0.0,0.0,0.0,0.0,0.0,0.0
0.08619126,-0.38307226,10.237606,0.0,0.0,0.0,0.0,0.0,0.0
0.076614454,-0.40222588,10.228029,0.0,0.0,0.0,0.0,0.0,0.0
0.076614454,-0.40222588,10.228029,0.0,0.0,0.0,0.0,0.0,0.0
0.05746084,-0.37349546,10.228029,0.0,0.0,0.0,0.0,0.0,0.0
0.05746084,-0.37349546,10.228029,0.0,0.0,0.0,0.0,0.0,0.0
0.076614454,-0.38307226,10.237606,0.0,0.0,0.0,0.0,0.0,0.0
0.076614454,-0.38307226,10.237606,0.0,0.0,0.0,0.0,0.0,0.0
0.076614454,-0.39264908,10.247183,0.0,0.0,0.0,0.0,0.0,0.0
0.076614454,-0.39264908,10.247183,0.0,0.0,0.0,0.0,0.0,0.0
0.06703765,-0.39264908,10.199299,0.0,0.0,0.0,0.0,0.0,0.0
0.06703765,-0.39264908,10.199299,0.0,0.0,0.0,0.0,0.0,0.0
0.06703765,-0.38307226,10.228029,0.0,0.0,0.0,0.0,0.0,0.0
0.06703765,-0.38307226,10.228029,0.0,0.0,0.0,0.0,0.0,0.0
0.08619126,-0.38307226,10.237606,0.0,0.0,0.0,0.0,0.0,0.0
0.08619126,-0.38307226,10.237606,0.0,0.0,0.0,0.0,0.0,0.0
0.076614454,-0.40222588,10.228029,0.0,0.0,0.0,0.0,0.0,0.0
0.076614454,-0.40222588,10.228029,0.0,0.0,0.0,0.0,0.0,0.0
0.06703765,-0.38307226,10.199299,0.0,0.0,0.0,0.0,0.0,0.0
0.08619126,-0.38307226,10.208876,0.0,0.0,0.0,0.0,0.0,0.0
0.08619126,-0.38307226,10.208876,0.0,0.0,0.0,0.0,0.0,0.0
0.076614454,-0.39264908,10.218452,0.0,0.0,0.0,0.0,0.0,0.0
0.076614454,-0.39264908,10.218452,0.0,0.0,0.0,0.0,0.0,0.0
0.06703765,-0.39264908,10.208876,0.0,0.0,0.0,0.0,0.0,0.0
0.06703765,-0.39264908,10.208876,0.0,0.0,0.0,0.0,0.0,0.0
0.06703765,-0.40222588,10.228029,0.0,0.0,0.0,0.0,0.0,0.0
0.06703765,-0.40222588,10.228029,0.0,0.0,0.0,0.0,0.0,0.0
0.076614454,-0.39264908,10.237606,0.0,0.0,0.0,0.0,0.0,0.0
0.076614454,-0.39264908,10.237606,0.0,0.0,0.0,0.0,0.0,0.0
0.06703765,-0.39264908,10.208876,0.0,0.0,0.0,0.0,0.0,0.0
0.06703765,-0.39264908,10.208876,0.0,0.0,0.0,0.0,0.0,0.0
0.076614454,-0.38307226,10.208876,0.0,0.0,0.0,0.0,0.0,0.0
0.076614454,-0.38307226,10.208876,0.0,0.0,0.0,0.0,0.0,0.0
0.05746084,-0.39264908,10.218452,0.0,0.0,0.0,0.0,0.0,0.0
0.05746084,-0.39264908,10.218452,0.0,0.0,0.0,0.0,0.0,0.0
0.076614454,-0.41180268,10.228029,0.0,0.0,0.0,0.0,0.0,0.0
0.076614454,-0.41180268,10.228029,0.0,0.0,0.0,0.0,0.0,0.0
0.06703765,-0.38307226,10.199299,0.0,0.0,0.0,0.0,0.0,0.0
0.06703765,-0.38307226,10.199299,0.0,0.0,0.0,0.0,0.0,0.0
0.076614454,-0.39264908,10.218452,0.0,0.0,0.0,0.0,0.0,0.0
0.076614454,-0.39264908,10.218452,0.0,0.0,0.0,0.0,0.0,0.0
0.076614454,-0.38307226,10.208876,0.0,0.0,0.0,0.0,0.0,0.0
0.076614454,-0.38307226,10.208876,0.0,0.0,0.0,0.0,0.0,0.0
0.06703765,-0.39264908,10.237606,0.0,0.0,0.0,0.0,0.0,0.0
0.06703765,-0.39264908,10.237606,0.0,0.0,0.0,0.0,0.0,0.0
0.06703765,-0.38307226,10.237606,0.0,0.0,0.0,0.0,0.0,0.0
0.06703765,-0.38307226,10.237606,0.0,0.0,0.0,0.0,0.0,0.0
0.06703765,-0.39264908,10.228029,0.0,0.0,0.0,0.0,0.0,0.0
0.06703765,-0.39264908,10.228029,0.0,0.0,0.0,0.0,0.0,0.0
0.08619126,-0.39264908,10.228029,0.0,0.0,0.0,0.0,0.0,0.0
0.08619126,-0.39264908,10.228029,0.0,0.0,0.0,0.0,0.0,0.0
0.076614454,-0.38307226,10.189722,0.0,0.0,0.0,0.0,0.0,0.0
0.076614454,-0.38307226,10.189722,0.0,0.0,0.0,0.0,0.0,0.0
0.06703765,-0.38307226,10.228029,0.0,0.0,0.0,0.0,0.0,0.0
0.06703765,-0.38307226,10.228029,0.0,0.0,0.0,0.0,0.0,0.0
0.06703765,-0.39264908,10.237606,0.0,0.0,0.0,0.0,0.0,0.0
0.06703765,-0.39264908,10.237606,0.0,0.0,0.0,0.0,0.0,0.0
0.06703765,-0.39264908,10.218452,0.0,0.0,0.0,0.0,0.0,0.0
0.06703765,-0.39264908,10.218452,0.0,0.0,0.0,0.0,0.0,0.0
0.076614454,-0.38307226,10.218452,0.0,0.0,0.0,0.0,0.0,0.0
0.076614454,-0.38307226,10.218452,0.0,0.0,0.0,0.0,0.0,0.0
0.05746084,-0.39264908,10.218452,0.0,0.0,0.0,0.0,0.0,0.0
0.05746084,-0.39264908,10.218452,0.0,0.0,0.0,0.0,0.0,0.0
0.076614454,-0.39264908,10.228029,0.0,0.0,0.0,0.0,0.0,0.0
0.076614454,-0.39264908,10.228029,0.0,0.0,0.0,0.0,0.0,0.0
0.076614454,-0.38307226,10.199299,0.0,0.0,0.0,0.0,0.0,0.0
0.076614454,-0.38307226,10.199299,0.0,0.0,0.0,0.0,0.0,0.0
0.05746084,-0.38307226,10.218452,0.0,0.0,0.0,0.0,0.0,0.0
0.05746084,-0.38307226,10.218452,0.0,0.0,0.0,0.0,0.0,0.0
0.076614454,-0.39264908,10.218452,0.0,0.0,0.0,0.0,0.0,0.0
0.076614454,-0.39264908,10.218452,0.0,0.0,0.0,0.0,0.0,0.0
0.06703765,-0.37349546,10.237606,0.0,0.0,0.0,0.0,0.0,0.0
0.06703765,-0.39264908,10.208876,0.0,0.0,0.0,0.0,0.0,0.0
0.06703765,-0.39264908,10.208876,0.0,0.0,0.0,0.0,0.0,0.0
0.076614454,-0.39264908,10.208876,0.0,0.0,0.0,0.0,0.0,0.0
0.076614454,-0.39264908,10.208876,0.0,0.0,0.0,0.0,0.0,0.0
0.06703765,-0.38307226,10.228029,0.0,0.0,0.0,0.0,0.0,0.0
0.06703765,-0.38307226,10.228029,0.0,0.0,0.0,0.0,0.0,0.0
0.05746084,-0.40222588,10.218452,0.0,0.0,0.0,0.0,0.0,0.0
0.05746084,-0.40222588,10.218452,0.0,0.0,0.0,0.0,0.0,0.0
0.095768064,-0.39264908,10.208876,0.0,0.0,0.0,0.0,0.0,0.0
0.095768064,-0.39264908,10.208876,0.0,0.0,0.0,0.0,0.0,0.0
0.076614454,-0.39264908,10.237606,0.0,0.0,0.0,0.0,0.0,0.0
0.076614454,-0.39264908,10.237606,0.0,0.0,0.0,0.0,0.0,0.0
0.06703765,-0.37349546,10.208876,0.0,0.0,0.0,0.0,0.0,0.0
0.06703765,-0.37349546,10.208876,0.0,0.0,0.0,0.0,0.0,0.0
0.06703765,-0.39264908,10.208876,0.0,0.0,0.0,0.0,0.0,0.0
0.06703765,-0.39264908,10.208876,0.0,0.0,0.0,0.0,0.0,0.0
0.06703765,-0.39264908,10.218452,0.0,0.0,0.0,0.0,0.0,0.0
0.06703765,-0.39264908,10.218452,0.0,0.0,0.0,0.0,0.0,0.0
0.076614454,-0.38307226,10.228029,0.0,0.0,0.0,0.0,0.0,0.0
0.076614454,-0.38307226,10.228029,0.0,0.0,0.0,0.0,0.0,0.0
0.076614454,-0.38307226,10.218452,0.0,0.0,0.0,0.0,0.0,0.0
0.076614454,-0.38307226,10.218452,0.0,0.0,0.0,0.0,0.0,0.0
0.06703765,-0.38307226,10.218452,0.0,0.0,0.0,0.0,0.0,0.0
0.06703765,-0.38307226,10.218452,0.0,0.0,0.0,0.0,0.0,0.0
0.076614454,-0.39264908,10.237606,0.0,0.0,0.0,0.0,0.0,0.0
0.076614454,-0.39264908,10.237606,0.0,0.0,0.0,0.0,0.0,0.0
0.076614454,-0.37349546,10.237606,0.0,0.0,0.0,0.0,0.0,0.0
0.076614454,-0.37349546,10.237606,0.0,0.0,0.0,0.0,0.0,0.0
0.076614454,-0.38307226,10.218452,0.0,0.0,0.0,0.0,0.0,0.0
0.076614454,-0.38307226,10.218452,0.0,0.0,0.0,0.0,0.0,0.0
0.076614454,-0.38307226,10.208876,0.0,0.0,0.0,0.0,0.0,0.0
0.076614454,-0.38307226,10.208876,0.0,0.0,0.0,0.0,0.0,0.0
0.076614454,-0.37349546,10.228029,0.0,0.0,0.0,0.0,0.0,0.0
0.076614454,-0.37349546,10.228029,0.0,0.0,0.0,0.0,0.0,0.0
0.05746084,-0.38307226,10.218452,0.0,0.0,0.0,0.0,0.0,0.0
0.05746084,-0.38307226,10.218452,0.0,0.0,0.0,0.0,0.0,0.0
0.076614454,-0.37349546,10.208876,0.0,0.0,0.0,0.0,0.0,0.0
0.076614454,-0.39264908,10.218452,0.0,0.0,0.0,0.0,0.0,0.0
0.076614454,-0.39264908,10.218452,0.0,0.0,0.0,0.0,0.0,0.0
0.05746084,-0.38307226,10.228029,0.0,0.0,0.0,0.0,0.0,0.0
0.05746084,-0.38307226,10.228029,0.0,0.0,0.0,0.0,0.0,0.0
0.06703765,-0.40222588,10.189722,0.0,0.0,0.0,0.0,0.0,0.0
0.06703765,-0.40222588,10.189722,0.0,0.0,0.0,0.0,0.0,0.0
0.08619126,-0.38307226,10.237606,0.0,0.0,0.0,0.0,0.0,0.0
0.08619126,-0.38307226,10.237606,0.0,0.0,0.0,0.0,0.0,0.0
0.076614454,-0.38307226,10.237606,0.0,0.0,0.0,0.0,0.0,0.0
0.076614454,-0.38307226,10.237606,0.0,0.0,0.0,0.0,0.0,0.0
0.06703765,-0.38307226,10.208876,0.0,0.0,0.0,0.0,0.0,0.0
0.06703765,-0.38307226,10.208876,0.0,0.0,0.0,0.0,0.0,0.0
0.06703765,-0.38307226,10.208876,0.0,0.0,0.0,0.0,0.0,0.0
0.06703765,-0.38307226,10.208876,0.0,0.0,0.0,0.0,0.0,0.0
0.06703765,-0.38307226,10.208876,0.0,0.0,0.0,0.0,0.0,0.0
0.06703765,-0.38307226,10.208876,0.0,0.0,0.0,0.0,0.0,0.0
0.06703765,-0.38307226,10.237606,0.0,0.0,0.0,0.0,0.0,0.0
0.06703765,-0.38307226,10.237606,0.0,0.0,0.0,0.0,0.0,0.0
0.06703765,-0.40222588,10.218452,0.0,0.0,0.0,0.0,0.0,0.0
0.06703765,-0.40222588,10.218452,0.0,0.0,0.0,0.0,0.0,0.0
0.08619126,-0.39264908,10.218452,0.0,0.0,0.0,0.0,0.0,0.0
0.08619126,-0.39264908,10.218452,0.0,0.0,0.0,0.0,0.0,0.0
0.05746084,-0.37349546,10.237606,0.0,0.0,0.0,0.0,0.0,0.0
0.05746084,-0.37349546,10.237606,0.0,0.0,0.0,0.0,0.0,0.0
0.076614454,-0.39264908,10.208876,0.0,0.0,0.0,0.0,0.0,0.0
0.076614454,-0.39264908,10.208876,0.0,0.0,0.0,0.0,0.0,0.0
0.06703765,-0.38307226,10.208876,0.0,0.0,0.0,0.0,0.0,0.0
0.06703765,-0.38307226,10.208876,0.0,0.0,0.0,0.0,0.0,0.0
0.06703765,-0.39264908,10.218452,0.0,0.0,0.0,0.0,0.0,0.0
0.06703765,-0.39264908,10.218452,0.0,0.0,0.0,0.0,0.0,0.0
0.076614454,-0.37349546,10.208876,0.0,0.0,0.0,0.0,0.0,0.0
0.076614454,-0.37349546,10.208876,0.0,0.0,0.0,0.0,0.0,0.0
0.06703765,-0.39264908,10.199299,0.0,0.0,0.0,0.0,0.0,0.0
0.06703765,-0.39264908,10.199299,0.0,0.0,0.0,0.0,0.0,0.0
0.076614454,-0.37349546,10.218452,0.0,0.0,0.0,0.0,0.0,0.0
0.076614454,-0.37349546,10.218452,0.0,0.0,0.0,0.0,0.0,0.0
0.08619126,-0.37349546,10.218452,0.0,0.0,0.0,0.0,0.0,0.0
0.08619126,-0.37349546,10.218452,0.0,0.0,0.0,0.0,0.0,0.0
0.095768064,-0.37349546,10.218452,0.0,0.0,0.0,0.0,0.0,0.0
0.095768064,-0.37349546,10.218452,0.0,0.0,0.0,0.0,0.0,0.0
0.076614454,-0.39264908,10.218452,0.0,0.0,0.0,0.0,0.0,0.0
0.076614454,-0.39264908,10.218452,0.0,0.0,0.0,0.0,0.0,0.0
0.06703765,-0.38307226,10.208876,0.0,0.0,0.0,0.0,0.0,0.0
0.06703765,-0.38307226,10.208876,0.0,0.0,0.0,0.0,0.0,0.0
0.05746084,-0.38307226,10.199299,0.0,0.0,0.0,0.0,0.0,0.0
0.06703765,-0.39264908,10.218452,0.0,0.0,0.0,0.0,0.0,0.0
0.06703765,-0.39264908,10.218452,0.0,0.0,0.0,0.0,0.0,0.0
0.06703765,-0.39264908,10.189722,0.0,0.0,0.0,0.0,0.0,0.0
0.06703765,-0.39264908,10.189722,0.0,0.0,0.0,0.0,0.0,0.0
0.076614454,-0.38307226,10.237606,0.0,0.0,0.0,0.0,0.0,0.0
0.076614454,-0.38307226,10.237606,0.0,0.0,0.0,0.0,0.0,0.0
0.06703765,-0.39264908,10.218452,0.0,0.0,0.0,0.0,0.0,0.0
0.06703765,-0.39264908,10.218452,0.0,0.0,0.0,0.0,0.0,0.0
0.06703765,-0.38307226,10.218452,0.0,0.0,0.0,0.0,0.0,0.0
0.06703765,-0.38307226,10.218452,0.0,0.0,0.0,0.0,0.0,0.0
0.05746084,-0.40222588,10.228029,0.0,0.0,0.0,0.0,0.0,0.0
0.05746084,-0.40222588,10.228029,0.0,0.0,0.0,0.0,0.0,0.0
0.05746084,-0.40222588,10.237606,0.0,0.0,0.0,0.0,0.0,0.0
0.05746084,-0.40222588,10.237606,0.0,0.0,0.0,0.0,0.0,0.0
0.095768064,-0.38307226,10.199299,0.0,0.0,0.0,0.0,0.0,0.0
0.095768064,-0.38307226,10.199299,0.0,0.0,0.0,0.0,0.0,0.0
0.06703765,-0.37349546,10.218452,0.0,0.0,0.0,0.0,0.0,0.0
0.06703765,-0.37349546,10.218452,0.0,0.0,0.0,0.0,0.0,0.0
0.06703765,-0.39264908,10.199299,0.0,0.0,0.0,0.0,0.0,0.0
0.06703765,-0.39264908,10.199299,0.0,0.0,0.0,0.0,0.0,0.0
0.076614454,-0.39264908,10.228029,0.0,0.0,0.0,0.0,0.0,0.0
0.076614454,-0.39264908,10.228029,0.0,0.0,0.0,0.0,0.0,0.0
0.076614454,-0.39264908,10.218452,0.0,0.0,0.0,0.0,0.0,0.0
0.076614454,-0.39264908,10.218452,0.0,0.0,0.0,0.0,0.0,0.0
0.06703765,-0.39264908,10.228029,0.0,0.0,0.0,0.0,0.0,0.0
0.06703765,-0.39264908,10.228029,0.0,0.0,0.0,0.0,0.0,0.0
0.076614454,-0.38307226,10.218452,0.0,0.0,0.0,0.0,0.0,0.0
0.076614454,-0.38307226,10.218452,0.0,0.0,0.0,0.0,0.0,0.0
0.076614454,-0.38307226,10.228029,0.0,0.0,0.0,0.0,0.0,0.0
0.076614454,-0.38307226,10.228029,0.0,0.0,0.0,0.0,0.0,0.0
0.076614454,-0.38307226,10.218452,0.0,0.0,0.0,0.0,0.0,0.0
0.076614454,-0.38307226,10.218452,0.0,0.0,0.0,0.0,0.0,0.0
0.076614454,-0.40222588,10.218452,0.0,0.0,0.0,0.0,0.0,0.0
0.076614454,-0.40222588,10.218452,0.0,0.0,0.0,0.0,0.0,0.0
0.076614454,-0.39264908,10.237606,0.0,0.0,0.0,0.0,0.0,0.0
0.076614454,-0.39264908,10.237606,0.0,0.0,0.0,0.0,0.0,0.0
0.076614454,-0.39264908,10.228029,0.0,0.0,0.0,0.0,0.0,0.0
0.076614454,-0.39264908,10.228029,0.0,0.0,0.0,0.0,0.0,0.0
0.05746084,-0.37349546,10.218452,0.0,0.0,0.0,0.0,0.0,0.0
0.05746084,-0.37349546,10.218452,0.0,0.0,0.0,0.0,0.0,0.0
0.076614454,-0.38307226,10.218452,0.0,0.0,0.0,0.0,0.0,0.0
0.06703765,-0.38307226,10.208876,0.0,0.0,0.0,0.0,0.0,0.0
0.06703765,-0.38307226,10.208876,0.0,0.0,0.0,0.0,0.0,0.0
0.08619126,-0.38307226,10.208876,0.0,0.0,0.0,0.0,0.0,0.0
0.08619126,-0.38307226,10.208876,0.0,0.0,0.0,0.0,0.0,0.0
0.08619126,-0.38307226,10.218452,0.0,0.0,0.0,0.0,0.0,0.0
0.08619126,-0.38307226,10.218452,0.0,0.0,0.0,0.0,0.0,0.0
0.095768064,-0.39264908,10.218452,0.0,0.0,0.0,0.0,0.0,0.0
0.095768064,-0.39264908,10.218452,0.0,0.0,0.0,0.0,0.0,0.0
0.08619126,-0.39264908,10.208876,0.0,0.0,0.0,0.0,0.0,0.0
0.08619126,-0.39264908,10.208876,0.0,0.0,0.0,0.0,0.0,0.0
0.076614454,-0.37349546,10.199299,0.0,0.0,0.0,0.0,0.0,0.0
0.076614454,-0.37349546,10.199299,0.0,0.0,0.0,0.0,0.0,0.0
0.08619126,-0.39264908,10.218452,0.0,0.0,0.0,0.0,0.0,0.0
0.08619126,-0.39264908,10.218452,0.0,0.0,0.0,0.0,0.0,0.0
0.06703765,-0.40222588,10.228029,0.0,0.0,0.0,0.0,0.0,0.0
0.06703765,-0.40222588,10.228029,0.0,0.0,0.0,0.0,0.0,0.0
0.06703765,-0.39264908,10.189722,0.0,0.0,0.0,0.0,0.0,0.0
0.06703765,-0.39264908,10.189722,0.0,0.0,0.0,0.0,0.0,0.0
0.076614454,-0.39264908,10.208876,0.0,0.0,0.0,0.0,0.0,0.0
0.076614454,-0.39264908,10.208876,0.0,0.0,0.0,0.0,0.0,0.0
0.076614454,-0.39264908,10.228029,0.0,0.0,0.0,0.0,0.0,0.0
0.076614454,-0.39264908,10.228029,0.0,0.0,0.0,0.0,0.0,0.0
0.076614454,-0.38307226,10.189722,0.0,0.0,0.0,0.0,0.0,0.0
0.076614454,-0.38307226,10.189722,0.0,0.0,0.0,0.0,0.0,0.0
0.076614454,-0.38307226,10.218452,0.0,0.0,0.0,0.0,0.0,0.0
0.076614454,-0.38307226,10.218452,0.0,0.0,0.0,0.0,0.0,0.0
0.076614454,-0.38307226,10.218452,0.0,0.0,0.0,0.0,0.0,0.0
0.076614454,-0.38307226,10.218452,0.0,0.0,0.0,0.0,0.0,0.0
0.06703765,-0.38307226,10.228029,0.0,0.0,0.0,0.0,0.0,0.0
0.06703765,-0.38307226,10.228029,0.0,0.0,0.0,0.0,0.0,0.0
0.095768064,-0.39264908,10.199299,0.0,0.0,0.0,0.0,0.0,0.0
0.095768064,-0.39264908,10.199299,0.0,0.0,0.0,0.0,0.0,0.0
0.06703765,-0.37349546,10.208876,0.0,0.0,0.0,0.0,0.0,0.0
0.06703765,-0.37349546,10.208876,0.0,0.0,0.0,0.0,0.0,0.0
0.06703765,-0.38307226,10.218452,0.0,0.0,0.0,0.0,0.0,0.0
0.06703765,-0.38307226,10.218452,0.0,0.0,0.0,0.0,0.0,0.0
0.076614454,-0.37349546,10.218452,0.0,0.0,0.0,0.0,0.0,0.0
0.076614454,-0.37349546,10.218452,0.0,0.0,0.0,0.0,0.0,0.0
0.076614454,-0.39264908,10.189722,0.0,0.0,0.0,0.0,0.0,0.0
0.076614454,-0.39264908,10.189722,0.0,0.0,0.0,0.0,0.0,0.0
0.076614454,-0.39264908,10.218452,0.0,0.0,0.0,0.0,0.0,0.0
0.076614454,-0.39264908,10.218452,0.0,0.0,0.0,0.0,0.0,0.0
0.06703765,-0.39264908,10.218452,0.0,0.0,0.0,0.0,0.0,0.0
0.06703765,-0.39264908,10.218452,0.0,0.0,0.0,0.0,0.0,0.0
0.08619126,-0.39264908,10.237606,0.0,0.0,0.0,0.0,0.0,0.0
0.08619126,-0.39264908,10.237606,0.0,0.0,0.0,0.0,0.0,0.0
0.076614454,-0.38307226,10.237606,0.0,0.0,0.0,0.0,0.0,0.0
0.076614454,-0.38307226,10.237606,0.0,0.0,0.0,0.0,0.0,0.0
0.076614454,-0.38307226,10.218452,0.0,0.0,0.0,0.0,0.0,0.0
0.076614454,-0.38307226,10.218452,0.0,0.0,0.0,0.0,0.0,0.0
0.06703765,-0.38307226,10.208876,0.0,0.0,0.0,0.0,0.0,0.0
0.076614454,-0.38307226,10.218452,0.0,0.0,0.0,0.0,0.0,0.0
0.076614454,-0.38307226,10.218452,0.0,0.0,0.0,0.0,0.0,0.0
0.06703765,-0.38307226,10.218452,0.0,0.0,0.0,0.0,0.0,0.0
0.06703765,-0.38307226,10.218452,0.0,0.0,0.0,0.0,0.0,0.0
0.076614454,-0.38307226,10.199299,0.0,0.0,0.0,0.0,0.0,0.0
0.076614454,-0.38307226,10.199299,0.0,0.0,0.0,0.0,0.0,0.0
0.08619126,-0.39264908,10.199299,0.0,0.0,0.0,0.0,0.0,0.0
0.08619126,-0.39264908,10.199299,0.0,0.0,0.0,0.0,0.0,0.0
0.06703765,-0.39264908,10.208876,0.0,0.0,0.0,0.0,0.0,0.0
0.06703765,-0.39264908,10.208876,0.0,0.0,0.0,0.0,0.0,0.0
0.076614454,-0.37349546,10.208876,0.0,0.0,0.0,0.0,0.0,0.0
0.076614454,-0.37349546,10.208876,0.0,0.0,0.0,0.0,0.0,0.0
0.076614454,-0.40222588,10.208876,0.0,0.0,0.0,0.0,0.0,0.0
0.076614454,-0.40222588,10.208876,0.0,0.0,0.0,0.0,0.0,0.0
0.095768064,-0.38307226,10.208876,0.0,0.0,0.0,0.0,0.0,0.0
0.095768064,-0.38307226,10.208876,0.0,0.0,0.0,0.0,0.0,0.0
0.05746084,-0.39264908,10.208876,0.0,0.0,0.0,0.0,0.0,0.0
0.05746084,-0.39264908,10.208876,0.0,0.0,0.0,0.0,0.0,0.0
0.08619126,-0.38307226,10.208876,0.0,0.0,0.0,0.0,0.0,0.0
0.08619126,-0.38307226,10.208876,0.0,0.0,0.0,0.0,0.0,0.0
0.06703765,-0.40222588,10.228029,0.0,0.0,0.0,0.0,0.0,0.0
0.06703765,-0.40222588,10.228029,0.0,0.0,0.0,0.0,0.0,0.0
0.076614454,-0.39264908,10.189722,0.0,0.0,0.0,0.0,0.0,0.0
0.076614454,-0.39264908,10.189722,0.0,0.0,0.0,0.0,0.0,0.0
0.06703765,-0.38307226,10.208876,0.0,0.0,0.0,0.0,0.0,0.0
0.06703765,-0.38307226,10.208876,0.0,0.0,0.0,0.0,0.0,0.0
0.076614454,-0.38307226,10.189722,0.0,0.0,0.0,0.0,0.0,0.0
0.076614454,-0.38307226,10.189722,0.0,0.0,0.0,0.0,0.0,0.0
0.076614454,-0.38307226,10.208876,0.0,0.0,0.0,0.0,0.0,0.0
0.076614454,-0.38307226,10.208876,0.0,0.0,0.0,0.0,0.0,0.0
0.06703765,-0.39264908,10.189722,0.0,0.0,0.0,0.0,0.0,0.0
0.06703765,-0.39264908,10.189722,0.0,0.0,0.0,0.0,0.0,0.0
0.06703765,-0.39264908,10.199299,0.0,0.0,0.0,0.0,0.0,0.0
0.06703765,-0.39264908,10.228029,0.0,0.0,0.0,0.0,0.0,0.0
0.06703765,-0.39264908,10.228029,0.0,0.0,0.0,0.0,0.0,0.0
0.076614454,-0.37349546,10.208876,0.0,0.0,0.0,0.0,0.0,0.0
0.076614454,-0.37349546,10.208876,0.0,0.0,0.0,0.0,0.0,0.0
0.076614454,-0.38307226,10.208876,0.0,0.0,0.0,0.0,0.0,0.0
0.076614454,-0.38307226,10.208876,0.0,0.0,0.0,0.0,0.0,0.0
0.08619126,-0.39264908,10.199299,0.0,0.0,0.0,0.0,0.0,0.0
0.08619126,-0.39264908,10.199299,0.0,0.0,0.0,0.0,0.0,0.0
0.08619126,-0.39264908,10.208876,0.0,0.0,0.0,0.0,0.0,0.0
0.08619126,-0.39264908,10.208876,0.0,0.0,0.0,0.0,0.0,0.0
0.076614454,-0.39264908,10.180145,0.0,0.0,0.0,0.0,0.0,0.0
0.076614454,-0.39264908,10.180145,0.0,0.0,0.0,0.0,0.0,0.0
0.06703765,-0.38307226,10.208876,0.0,0.0,0.0,0.0,0.0,0.0
0.06703765,-0.38307226,10.208876,0.0,0.0,0.0,0.0,0.0,0.0
0.06703765,-0.40222588,10.218452,0.0,0.0,0.0,0.0,0.0,0.0
0.06703765,-0.40222588,10.218452,0.0,0.0,0.0,0.0,0.0,0.0
0.06703765,-0.38307226,10.218452,0.0,0.0,0.0,0.0,0.0,0.0
0.06703765,-0.38307226,10.218452,0.0,0.0,0.0,0.0,0.0,0.0
0.076614454,-0.39264908,10.199299,0.0,0.0,0.0,0.0,0.0,0.0
0.076614454,-0.39264908,10.199299,0.0,0.0,0.0,0.0,0.0,0.0
0.06703765,-0.38307226,10.189722,0.0,0.0,0.0,0.0,0.0,0.0
0.06703765,-0.38307226,10.189722,0.0,0.0,0.0,0.0,0.0,0.0
0.08619126,-0.38307226,10.218452,0.0,0.0,0.0,0.0,0.0,0.0
0.08619126,-0.38307226,10.218452,0.0,0.0,0.0,0.0,0.0,0.0
0.08619126,-0.38307226,10.218452,0.0,0.0,0.0,0.0,0.0,0.0
0.08619126,-0.38307226,10.218452,0.0,0.0,0.0,0.0,0.0,0.0
0.06703765,-0.39264908,10.199299,0.0,0.0,0.0,0.0,0.0,0.0
0.06703765,-0.39264908,10.199299,0.0,0.0,0.0,0.0,0.0,0.0
0.076614454,-0.37349546,10.208876,0.0,0.0,0.0,0.0,0.0,0.0
0.076614454,-0.37349546,10.208876,0.0,0.0,0.0,0.0,0.0,0.0
0.076614454,-0.38307226,10.208876,0.0,0.0,0.0,0.0,0.0,0.0
0.076614454,-0.38307226,10.208876,0.0,0.0,0.0,0.0,0.0,0.0
0.095768064,-0.37349546,10.208876,0.0,0.0,0.0,0.0,0.0,0.0
0.095768064,-0.37349546,10.208876,0.0,0.0,0.0,0.0,0.0,0.0
0.076614454,-0.39264908,10.208876,0.0,0.0,0.0,0.0,0.0,0.0
0.076614454,-0.39264908,10.208876,0.0,0.0,0.0,0.0,0.0,0.0
0.076614454,-0.38307226,10.208876,0.0,0.0,0.0,0.0,0.0,0.0
0.076614454,-0.38307226,10.208876,0.0,0.0,0.0,0.0,0.0,0.0
0.06703765,-0.40222588,10.189722,0.0,0.0,0.0,0.0,0.0,0.0
0.06703765,-0.40222588,10.189722,0.0,0.0,0.0,0.0,0.0,0.0
0.076614454,-0.38307226,10.189722,0.0,0.0,0.0,0.0,0.0,0.0
0.076614454,-0.38307226,10.189722,0.0,0.0,0.0,0.0,0.0,0.0
0.08619126,-0.38307226,10.208876,0.0,0.0,0.0,0.0,0.0,0.0
0.05746084,-0.39264908,10.218452,0.0,0.0,0.0,0.0,0.0,0.0
0.05746084,-0.39264908,10.218452,0.0,0.0,0.0,0.0,0.0,0.0
0.05746084,-0.39264908,10.218452,0.0,0.0,0.0,0.0,0.0,0.0
0.076614454,-0.38307226,10.199299,0.0,0.0,0.0,0.0,0.0,0.0
0.06703765,-0.38307226,10.228029,0.0,0.0,0.0,0.0,0.0,0.0
0.06703765,-0.38307226,10.228029,0.0,0.0,0.0,0.0,0.0,0.0
0.06703765,-0.38307226,10.228029,0.0,0.0,0.0,0.0,0.0,0.0
0.076614454,-0.39264908,10.208876,0.0,0.0,0.0,0.0,0.0,0.0
0.076614454,-0.39264908,10.208876,0.0,0.0,0.0,0.0,0.0,0.0
0.06703765,-0.39264908,10.199299,0.0,0.0,0.0,0.0,0.0,0.0
0.06703765,-0.39264908,10.199299,0.0,0.0,0.0,0.0,0.0,0.0
0.076614454,-0.39264908,10.218452,0.0,0.0,0.0,0.0,0.0,0.0
0.076614454,-0.39264908,10.218452,0.0,0.0,0.0,0.0,0.0,0.0
0.06703765,-0.38307226,10.218452,0.0,0.0,0.0,0.0,0.0,0.0
0.06703765,-0.41180268,10.218452,0.0,0.0,0.0,0.0,0.0,0.0
0.06703765,-0.41180268,10.218452,0.0,0.0,0.0,0.0,0.0,0.0
0.06703765,-0.41180268,10.218452,0.0,0.0,0.0,0.0,0.0,0.0
0.076614454,-0.39264908,10.199299,0.0,0.0,0.0,0.0,0.0,0.0
0.076614454,-0.39264908,10.199299,0.0,0.0,0.0,0.0,0.0,0.0
0.076614454,-0.38307226,10.180145,0.0,0.0,0.0,0.0,0.0,0.0
0.076614454,-0.38307226,10.180145,0.0,0.0,0.0,0.0,0.0,0.0
0.08619126,-0.38307226,10.228029,0.0,0.0,0.0,0.0,0.0,0.0
0.076614454,-0.37349546,10.199299,0.0,0.0,0.0,0.0,0.0,0.0
0.076614454,-0.37349546,10.199299,0.0,0.0,0.0,0.0,0.0,0.0
0.076614454,-0.40222588,10.228029,0.0,0.0,0.0,0.0,0.0,0.0
0.076614454,-0.40222588,10.228029,0.0,0.0,0.0,0.0,0.0,0.0
0.076614454,-0.40222588,10.208876,0.0,0.0,0.0,0.0,0.0,0.0
0.076614454,-0.40222588,10.208876,0.0,0.0,0.0,0.0,0.0,0.0
0.076614454,-0.40222588,10.208876,0.0,0.0,0.0,0.0,0.0,0.0
0.076614454,-0.40222588,10.218452,0.0,0.0,0.0,0.0,0.0,0.0
0.06703765,-0.38307226,10.189722,0.0,0.0,0.0,0.0,0.0,0.0
0.06703765,-0.38307226,10.189722,0.0,0.0,0.0,0.0,0.0,0.0
0.076614454,-0.39264908,10.208876,0.0,0.0,0.0,0.0,0.0,0.0
0.076614454,-0.39264908,10.208876,0.0,0.0,0.0,0.0,0.0,0.0
0.076614454,-0.39264908,10.208876,0.0,0.0,0.0,0.0,0.0,0.0
0.076614454,-0.39264908,10.208876,0.0,0.0,0.0,0.0,0.0,0.0
0.06703765,-0.39264908,10.199299,0.0,0.0,0.0,0.0,0.0,0.0
0.06703765,-0.39264908,10.199299,0.0,0.0,0.0,0.0,0.0,0.0
0.06703765,-0.38307226,10.189722,0.0,0.0,0.0,0.0,0.0,0.0
0.06703765,-0.38307226,10.189722,0.0,0.0,0.0,0.0,0.0,0.0
0.076614454,-0.38307226,10.218452,0.0,0.0,0.0,0.0,0.0,0.0
0.076614454,-0.38307226,10.218452,0.0,0.0,0.0,0.0,0.0,0.0
0.08619126,-0.39264908,10.218452,0.0,0.0,0.0,0.0,0.0,0.0
0.08619126,-0.39264908,10.218452,0.0,0.0,0.0,0.0,0.0,0.0
0.076614454,-0.39264908,10.208876,0.0,0.0,0.0,0.0,0.0,0.0
0.076614454,-0.39264908,10.208876,0.0,0.0,0.0,0.0,0.0,0.0
0.08619126,-0.39264908,10.208876,0.0,0.0,0.0,0.0,0.0,0.0
0.08619126,-0.39264908,10.208876,0.0,0.0,0.0,0.0,0.0,0.0
0.08619126,-0.38307226,10.208876,0.0,0.0,0.0,0.0,0.0,0.0
0.08619126,-0.38307226,10.208876,0.0,0.0,0.0,0.0,0.0,0.0
0.08619126,-0.38307226,10.199299,0.0,0.0,0.0,0.0,0.0,0.0
0.08619126,-0.38307226,10.199299,0.0,0.0,0.0,0.0,0.0,0.0
0.076614454,-0.39264908,10.199299,0.0,0.0,0.0,0.0,0.0,0.0
0.076614454,-0.39264908,10.199299,0.0,0.0,0.0,0.0,0.0,0.0
0.06703765,-0.39264908,10.218452,0.0,0.0,0.0,0.0,0.0,0.0
0.06703765,-0.39264908,10.218452,0.0,0.0,0.0,0.0,0.0,0.0
0.06703765,-0.38307226,10.208876,0.0,0.0,0.0,0.0,0.0,0.0
0.06703765,-0.38307226,10.208876,0.0,0.0,0.0,0.0,0.0,0.0
0.076614454,-0.40222588,10.208876,0.0,0.0,0.0,0.0,0.0,0.0
0.08619126,-0.38307226,10.199299,0.0,0.0,0.0,0.0,0.0,0.0
0.08619126,-0.38307226,10.199299,0.0,0.0,0.0,0.0,0.0,0.0
0.076614454,-0.38307226,10.218452,0.0,0.0,0.0,0.0,0.0,0.0
0.076614454,-0.38307226,10.218452,0.0,0.0,0.0,0.0,0.0,0.0
0.076614454,-0.39264908,10.218452,0.0,0.0,0.0,0.0,0.0,0.0
0.076614454,-0.39264908,10.218452,0.0,0.0,0.0,0.0,0.0,0.0
0.05746084,-0.38307226,10.189722,0.0,0.0,0.0,0.0,0.0,0.0
0.05746084,-0.38307226,10.189722,0.0,0.0,0.0,0.0,0.0,0.0
0.076614454,-0.39264908,10.208876,0.0,0.0,0.0,0.0,0.0,0.0
0.076614454,-0.39264908,10.208876,0.0,0.0,0.0,0.0,0.0,0.0
0.06703765,-0.38307226,10.208876,0.0,0.0,0.0,0.0,0.0,0.0
0.06703765,-0.38307226,10.208876,0.0,0.0,0.0,0.0,0.0,0.0
0.08619126,-0.38307226,10.218452,0.0,0.0,0.0,0.0,0.0,0.0
0.08619126,-0.38307226,10.218452,0.0,0.0,0.0,0.0,0.0,0.0
0.08619126,-0.37349546,10.199299,0.0,0.0,0.0,0.0,0.0,0.0
0.08619126,-0.37349546,10.199299,0.0,0.0,0.0,0.0,0.0,0.0
0.076614454,-0.39264908,10.218452,0.0,0.0,0.0,0.0,0.0,0.0
0.076614454,-0.39264908,10.218452,0.0,0.0,0.0,0.0,0.0,0.0
0.08619126,-0.39264908,10.199299,0.0,0.0,0.0,0.0,0.0,0.0
0.08619126,-0.39264908,10.199299,0.0,0.0,0.0,0.0,0.0,0.0
0.08619126,-0.38307226,10.189722,0.0,0.0,0.0,0.0,0.0,0.0
0.08619126,-0.38307226,10.189722,0.0,0.0,0.0,0.0,0.0,0.0
0.06703765,-0.37349546,10.208876,0.0,0.0,0.0,0.0,0.0,0.0
0.06703765,-0.37349546,10.208876,0.0,0.0,0.0,0.0,0.0,0.0
0.076614454,-0.37349546,10.228029,0.0,0.0,0.0,0.0,0.0,0.0
0.076614454,-0.37349546,10.228029,0.0,0.0,0.0,0.0,0.0,0.0
0.06703765,-0.37349546,10.199299,0.0,0.0,0.0,0.0,0.0,0.0
0.06703765,-0.37349546,10.199299,0.0,0.0,0.0,0.0,0.0,0.0
0.076614454,-0.39264908,10.218452,0.0,0.0,0.0,0.0,0.0,0.0
0.076614454,-0.39264908,10.218452,0.0,0.0,0.0,0.0,0.0,0.0
0.08619126,-0.39264908,10.228029,0.0,0.0,0.0,0.0,0.0,0.0
0.08619126,-0.39264908,10.228029,0.0,0.0,0.0,0.0,0.0,0.0
0.076614454,-0.38307226,10.218452,0.0,0.0,0.0,0.0,0.0,0.0
0.076614454,-0.38307226,10.218452,0.0,0.0,0.0,0.0,0.0,0.0
0.076614454,-0.38307226,10.189722,0.0,0.0,0.0,0.0,0.0,0.0
0.076614454,-0.38307226,10.189722,0.0,0.0,0.0,0.0,0.0,0.0
0.076614454,-0.37349546,10.218452,0.0,0.0,0.0,0.0,0.0,0.0
0.076614454,-0.37349546,10.218452,0.0,0.0,0.0,0.0,0.0,0.0
0.06703765,-0.38307226,10.199299,0.0,0.0,0.0,0.0,0.0,0.0
0.06703765,-0.38307226,10.199299,0.0,0.0,0.0,0.0,0.0,0.0
0.076614454,-0.38307226,10.218452,0.0,0.0,0.0,0.0,0.0,0.0
0.076614454,-0.38307226,10.218452,0.0,0.0,0.0,0.0,0.0,0.0
0.076614454,-0.38307226,10.199299,0.0,0.0,0.0,0.0,0.0,0.0
0.076614454,-0.38307226,10.199299,0.0,0.0,0.0,0.0,0.0,0.0
0.076614454,-0.38307226,10.218452,0.0,0.0,0.0,0.0,0.0,0.0
0.076614454,-0.38307226,10.218452,0.0,0.0,0.0,0.0,0.0,0.0
0.06703765,-0.39264908,10.208876,0.0,0.0,0.0,0.0,0.0,0.0
0.06703765,-0.39264908,10.208876,0.0,0.0,0.0,0.0,0.0,0.0
0.06703765,-0.40222588,10.208876,0.0,0.0,0.0,0.0,0.0,0.0
0.06703765,-0.40222588,10.208876,0.0,0.0,0.0,0.0,0.0,0.0
0.06703765,-0.37349546,10.228029,0.0,0.0,0.0,0.0,0.0,0.0
0.06703765,-0.37349546,10.228029,0.0,0.0,0.0,0.0,0.0,0.0
0.06703765,-0.39264908,10.218452,0.0,0.0,0.0,0.0,0.0,0.0
0.06703765,-0.39264908,10.218452,0.0,0.0,0.0,0.0,0.0,0.0
0.05746084,-0.38307226,10.208876,0.0,0.0,0.0,0.0,0.0,0.0
0.076614454,-0.38307226,10.218452,0.0,0.0,0.0,0.0,0.0,0.0
0.076614454,-0.38307226,10.218452,0.0,0.0,0.0,0.0,0.0,0.0
0.08619126,-0.38307226,10.218452,0.0,0.0,0.0,0.0,0.0,0.0
0.08619126,-0.38307226,10.218452,0.0,0.0,0.0,0.0,0.0,0.0
0.05746084,-0.39264908,10.218452,0.0,0.0,0.0,0.0,0.0,0.0
0.05746084,-0.39264908,10.218452,0.0,0.0,0.0,0.0,0.0,0.0
