-4.711789,-11.81778,-3.3518825,0.0,0.0,0.0,0.0,0.0,0.0
-4.711789,-11.81778,-3.3518825,0.0,0.0,0.0,0.0,0.0,0.0
-4.548983,-11.463438,-3.5913026,0.0,0.0,0.0,0.0,0.0,0.0
-4.548983,-11.463438,-3.5913026,0.0,0.0,0.0,0.0,0.0,0.0
-2.7389667,-10.0269165,-0.8810662,0.0,0.0,0.0,0.0,0.0,0.0
-2.7389667,-10.0269165,-0.8810662,0.0,0.0,0.0,0.0,0.0,0.0
-1.7908629,-8.552089,0.009576807,0.0,0.0,0.0,0.0,0.0,0.0
-1.2449849,-7.393295,0.51714754,0.0,0.0,0.0,0.0,0.0,0.0
-1.2449849,-7.393295,0.51714754,0.0,0.0,0.0,0.0,0.0,0.0
-0.842759,-6.493075,1.2545617,0.0,0.0,0.0,0.0,0.0,0.0
-0.842759,-6.493075,1.2545617,0.0,0.0,0.0,0.0,0.0,0.0
-0.23942018,-5.401319,-1.0630256,0.0,0.0,0.0,0.0,0.0,0.0
-0.23942018,-5.401319,-1.0630256,0.0,0.0,0.0,0.0,0.0,0.0
0.20111294,-5.0278234,-1.6663644,0.0,0.0,0.0,0.0,0.0,0.0
0.20111294,-5.0278234,-1.6663644,0.0,0.0,0.0,0.0,0.0,0.0
0.5363012,-4.673482,-2.528277,0.0,0.0,0.0,0.0,0.0,0.0
0.5363012,-4.673482,-2.528277,0.0,0.0,0.0,0.0,0.0,0.0
0.35434186,-4.759673,-1.3503298,0.0,0.0,0.0,0.0,0.0,0.0
0.35434186,-4.759673,-1.3503298,0.0,0.0,0.0,0.0,0.0,0.0
-1.2545617,-6.9048777,0.5746084,0.0,0.0,0.0,0.0,0.0,0.0
-1.2545617,-6.9048777,0.5746084,0.0,0.0,0.0,0.0,0.0,0.0
-2.0398598,-8.149862,0.6512229,0.0,0.0,0.0,0.0,0.0,0.0
-2.0398598,-8.149862,0.6512229,0.0,0.0,0.0,0.0,0.0,0.0
-2.7581203,-9.337387,0.18195933,0.0,0.0,0.0,0.0,0.0,0.0
-2.7581203,-9.337387,0.18195933,0.0,0.0,0.0,0.0,0.0,0.0
-4.261679,-11.300632,-1.1683705,0.0,0.0,0.0,0.0,0.0,0.0
-4.261679,-11.300632,-1.1683705,0.0,0.0,0.0,0.0,0.0,0.0
-5.391742,-12.220005,-2.2026656,0.0,0.0,0.0,0.0,0.0,0.0
-6.83784,-12.0093155,-2.0590134,0.0,0.0,0.0,0.0,0.0,0.0
-6.83784,-12.0093155,-2.0590134,0.0,0.0,0.0,0.0,0.0,0.0
-7.6231384,-11.099519,-1.4077905,0.0,0.0,0.0,0.0,0.0,0.0
-7.6231384,-11.099519,-1.4077905,0.0,0.0,0.0,0.0,0.0,0.0
-8.101978,-13.043611,-1.2258313,0.0,0.0,0.0,0.0,0.0,0.0
-8.101978,-13.043611,-1.2258313,0.0,0.0,0.0,0.0,0.0,0.0
-7.8529816,-13.101071,-1.8100165,0.0,0.0,0.0,0.0,0.0,0.0
-7.8529816,-13.101071,-1.8100165,0.0,0.0,0.0,0.0,0.0,0.0
-6.167464,-11.980585,-1.7525556,0.0,0.0,0.0,0.0,0.0,0.0
-6.167464,-11.980585,-1.7525556,0.0,0.0,0.0,0.0,0.0,0.0
-6.167464,-11.980585,-1.7525556,0.0,0.0,0.0,0.0,0.0,0.0
-3.514688,-12.11466,-0.641646,0.0,0.0,0.0,0.0,0.0,0.0
-2.9975405,-12.191275,0.58418524,0.0,0.0,0.0,0.0,0.0,0.0
-2.9975405,-12.191275,0.58418524,0.0,0.0,0.0,0.0,0.0,0.0
-2.8634653,-12.095507,1.484405,0.0,0.0,0.0,0.0,0.0,0.0
-2.8634653,-12.095507,1.484405,0.0,0.0,0.0,0.0,0.0,0.0
-2.777274,-12.641385,1.934515,0.0,0.0,0.0,0.0,0.0,0.0
-2.777274,-12.641385,1.934515,0.0,0.0,0.0,0.0,0.0,0.0
-2.0015526,-11.884817,1.2354081,0.0,0.0,0.0,0.0,0.0,0.0
-2.0015526,-11.884817,1.2354081,0.0,0.0,0.0,0.0,0.0,0.0
-1.4748282,-9.998186,1.13964,0.0,0.0,0.0,0.0,0.0,0.0
-1.4748282,-9.998186,1.13964,0.0,0.0,0.0,0.0,0.0,0.0
-1.5993267,-7.747637,0.58418524,0.0,0.0,0.0,0.0,0.0,0.0
-1.5993267,-7.747637,0.58418524,0.0,0.0,0.0,0.0,0.0,0.0
-1.8866309,-5.439626,0.1436521,0.0,0.0,0.0,0.0,0.0,0.0
-1.8866309,-5.439626,0.1436521,0.0,0.0,0.0,0.0,0.0,0.0
-1.8866309,-5.439626,0.1436521,0.0,0.0,0.0,0.0,0.0,0.0
-1.9536686,-5.133168,-0.095768064,0.0,0.0,0.0,0.0,0.0,0.0
-1.8579005,-5.1140146,-0.21068975,0.0,0.0,0.0,0.0,0.0,0.0
-1.8579005,-5.1140146,-0.21068975,0.0,0.0,0.0,0.0,0.0,0.0
-1.685518,-5.439626,-0.34476504,0.0,0.0,0.0,0.0,0.0,0.0
-1.685518,-5.439626,-0.34476504,0.0,0.0,0.0,0.0,0.0,0.0
-1.3599066,-6.5026517,-0.39264908,0.0,0.0,0.0,0.0,0.0,0.0
-1.3599066,-6.5026517,-0.39264908,0.0,0.0,0.0,0.0,0.0,0.0
-1.2449849,-7.153875,-0.30645782,0.0,0.0,0.0,0.0,0.0,0.0
-1.2449849,-7.153875,-0.30645782,0.0,0.0,0.0,0.0,0.0,0.0
-1.2258313,-8.015787,-0.15322891,0.0,0.0,0.0,0.0,0.0,0.0
-1.2258313,-8.015787,-0.15322891,0.0,0.0,0.0,0.0,0.0,0.0
-1.0630256,-9.452309,0.1340753,0.0,0.0,0.0,0.0,0.0,0.0
-1.0630256,-9.452309,0.1340753,0.0,0.0,0.0,0.0,0.0,0.0
-1.091756,-10.275913,0.24899697,0.0,0.0,0.0,0.0,0.0,0.0
-1.091756,-10.275913,0.24899697,0.0,0.0,0.0,0.0,0.0,0.0
-1.4269443,-11.252748,0.2681506,0.0,0.0,0.0,0.0,0.0,0.0
-1.4269443,-11.252748,0.2681506,0.0,0.0,0.0,0.0,0.0,0.0
-2.087744,-11.999739,0.11492168,0.0,0.0,0.0,0.0,0.0,0.0
-3.3039982,-11.865664,-0.21068975,0.0,0.0,0.0,0.0,0.0,0.0
-3.3039982,-11.865664,-0.21068975,0.0,0.0,0.0,0.0,0.0,0.0
-3.3039982,-11.865664,-0.21068975,0.0,0.0,0.0,0.0,0.0,0.0
-3.763685,-11.664551,-0.33518824,0.0,0.0,0.0,0.0,0.0,0.0
-4.7022123,-13.637373,-0.5746084,0.0,0.0,0.0,0.0,0.0,0.0
-4.7022123,-13.637373,-0.5746084,0.0,0.0,0.0,0.0,0.0,0.0
-6.129156,-14.355634,-1.6089035,0.0,0.0,0.0,0.0,0.0,0.0
-6.129156,-14.355634,-1.6089035,0.0,0.0,0.0,0.0,0.0,0.0
-5.267244,-10.381259,-1.9919758,0.0,0.0,0.0,0.0,0.0,0.0
-5.267244,-10.381259,-1.9919758,0.0,0.0,0.0,0.0,0.0,0.0
-4.7405195,-8.820239,-2.0207062,0.0,0.0,0.0,0.0,0.0,0.0
-4.7405195,-8.820239,-2.0207062,0.0,0.0,0.0,0.0,0.0,0.0
-3.9935284,-9.576807,-2.0590134,0.0,0.0,0.0,0.0,0.0,0.0
-3.9935284,-9.576807,-2.0590134,0.0,0.0,0.0,0.0,0.0,0.0
-2.5091233,-13.024457,-1.0726024,0.0,0.0,0.0,0.0,0.0,0.0
-2.5091233,-13.024457,-1.0726024,0.0,0.0,0.0,0.0,0.0,0.0
-2.0207062,-13.417107,-0.21068975,0.0,0.0,0.0,0.0,0.0,0.0
-2.0207062,-13.417107,-0.21068975,0.0,0.0,0.0,0.0,0.0,0.0
-1.4748282,-13.397953,0.19153613,0.0,0.0,0.0,0.0,0.0,0.0
-1.4748282,-13.397953,0.19153613,0.0,0.0,0.0,0.0,0.0,0.0
-0.9768343,-9.988609,-0.9864111,0.0,0.0,0.0,0.0,0.0,0.0
-0.9768343,-9.988609,-0.9864111,0.0,0.0,0.0,0.0,0.0,0.0
-0.7757214,-7.240066,-1.0821792,0.0,0.0,0.0,0.0,0.0,0.0
-0.7757214,-7.240066,-1.0821792,0.0,0.0,0.0,0.0,0.0,0.0
-0.48841715,-5.5258174,-1.2545617,0.0,0.0,0.0,0.0,0.0,0.0
-0.48841715,-5.5258174,-1.2545617,0.0,0.0,0.0,0.0,0.0,0.0
-0.20111294,-4.673482,-1.6663644,0.0,0.0,0.0,0.0,0.0,0.0
-0.20111294,-4.673482,-1.6663644,0.0,0.0,0.0,0.0,0.0,0.0
-0.009576807,-4.3957543,-0.82360536,0.0,0.0,0.0,0.0,0.0,0.0
0.10534488,-4.8362875,-0.21068975,0.0,0.0,0.0,0.0,0.0,0.0
0.10534488,-4.8362875,-0.21068975,0.0,0.0,0.0,0.0,0.0,0.0
0.1436521,-5.2289367,0.31603462,0.0,0.0,0.0,0.0,0.0,0.0
0.1436521,-5.2289367,0.31603462,0.0,0.0,0.0,0.0,0.0,0.0
0.08619126,-5.439626,0.7374141,0.0,0.0,0.0,0.0,0.0,0.0
0.08619126,-5.439626,0.7374141,0.0,0.0,0.0,0.0,0.0,0.0
-0.50757074,-6.8091097,0.40222588,0.0,0.0,0.0,0.0,0.0,0.0
-0.50757074,-6.8091097,0.40222588,0.0,0.0,0.0,0.0,0.0,0.0
-1.0630256,-7.881712,-0.17238252,0.0,0.0,0.0,0.0,0.0,0.0
-1.0630256,-7.881712,-0.17238252,0.0,0.0,0.0,0.0,0.0,0.0
-1.7429788,-9.212888,-0.7374141,0.0,0.0,0.0,0.0,0.0,0.0
-1.7429788,-9.212888,-0.7374141,0.0,0.0,0.0,0.0,0.0,0.0
-3.5051112,-12.852075,-1.5993267,0.0,0.0,0.0,0.0,0.0,0.0
-3.5051112,-12.852075,-1.5993267,0.0,0.0,0.0,0.0,0.0,0.0
-4.6255975,-13.8959465,-1.7142484,0.0,0.0,0.0,0.0,0.0,0.0
-4.6255975,-13.8959465,-1.7142484,0.0,0.0,0.0,0.0,0.0,0.0
-5.497087,-13.790602,-1.685518,0.0,0.0,0.0,0.0,0.0,0.0
-5.497087,-13.790602,-1.685518,0.0,0.0,0.0,0.0,0.0,0.0
-6.435614,-13.139379,-1.4652514,0.0,0.0,0.0,0.0,0.0,0.0
-6.435614,-13.139379,-1.4652514,0.0,0.0,0.0,0.0,0.0,0.0
-8.054094,-13.005303,-1.2162545,0.0,0.0,0.0,0.0,0.0,0.0
-8.054094,-13.005303,-1.2162545,0.0,0.0,0.0,0.0,0.0,0.0
-8.149862,-12.583924,-1.6472107,0.0,0.0,0.0,0.0,0.0,0.0
-8.149862,-12.583924,-1.6472107,0.0,0.0,0.0,0.0,0.0,0.0
-7.3166804,-11.645397,-2.078167,0.0,0.0,0.0,0.0,0.0,0.0
-7.3166804,-11.645397,-2.078167,0.0,0.0,0.0,0.0,0.0,0.0
-4.9799395,-10.611102,-2.4899697,0.0,0.0,0.0,0.0,0.0,0.0
-4.9799395,-10.611102,-2.4899697,0.0,0.0,0.0,0.0,0.0,0.0
-3.9264908,-10.295067,-2.1452048,0.0,0.0,0.0,0.0,0.0,0.0
-3.9264908,-10.295067,-2.1452048,0.0,0.0,0.0,0.0,0.0,0.0
-3.9073372,-10.812215,-1.6663644,0.0,0.0,0.0,0.0,0.0,0.0
-3.9073372,-10.812215,-1.6663644,0.0,0.0,0.0,0.0,0.0,0.0
-4.146757,-11.540052,-1.0247183,0.0,0.0,0.0,0.0,0.0,0.0
-4.146757,-11.540052,-1.0247183,0.0,0.0,0.0,0.0,0.0,0.0
-3.8594532,-12.928689,-0.21068975,0.0,0.0,0.0,0.0,0.0,0.0
-3.8594532,-12.928689,-0.21068975,0.0,0.0,0.0,0.0,0.0,0.0
-3.122039,-11.923124,0.16280572,0.0,0.0,0.0,0.0,0.0,0.0
-3.122039,-11.923124,0.16280572,0.0,0.0,0.0,0.0,0.0,0.0
-2.3080103,-10.247183,0.7661445,0.0,0.0,0.0,0.0,0.0,0.0
-1.3311762,-6.5026517,0.60333884,0.0,0.0,0.0,0.0,0.0,0.0
-1.3311762,-6.5026517,0.60333884,0.0,0.0,0.0,0.0,0.0,0.0
-1.292869,-5.449203,0.2777274,0.0,0.0,0.0,0.0,0.0,0.0
-1.292869,-5.449203,0.2777274,0.0,0.0,0.0,0.0,0.0,0.0
-1.292869,-4.8841715,0.20111294,0.0,0.0,0.0,0.0,0.0,0.0
-1.292869,-4.8841715,0.20111294,0.0,0.0,0.0,0.0,0.0,0.0
-1.3503298,-4.7309427,0.2777274,0.0,0.0,0.0,0.0,0.0,0.0
-1.3503298,-4.7309427,0.2777274,0.0,0.0,0.0,0.0,0.0,0.0
-1.292869,-5.094861,0.29688102,0.0,0.0,0.0,0.0,0.0,0.0
-1.3215994,-5.9663506,0.37349546,0.0,0.0,0.0,0.0,0.0,0.0
-1.3215994,-5.9663506,0.37349546,0.0,0.0,0.0,0.0,0.0,0.0
-1.3215994,-5.9663506,0.37349546,0.0,0.0,0.0,0.0,0.0,0.0
-1.4269443,-7.192182,0.48841715,0.0,0.0,0.0,0.0,0.0,0.0
-1.7621324,-9.442732,0.60333884,0.0,0.0,0.0,0.0,0.0,0.0
-1.7621324,-9.442732,0.60333884,0.0,0.0,0.0,0.0,0.0,0.0
-1.9536686,-9.710882,0.5363012,0.0,0.0,0.0,0.0,0.0,0.0
-1.9536686,-9.710882,0.5363012,0.0,0.0,0.0,0.0,0.0,0.0
-2.135628,-10.170568,0.34476504,0.0,0.0,0.0,0.0,0.0,0.0
-2.135628,-10.170568,0.34476504,0.0,0.0,0.0,0.0,0.0,0.0
-2.480393,-11.022904,0.02873042,0.0,0.0,0.0,0.0,0.0,0.0
-2.480393,-11.022904,0.02873042,0.0,0.0,0.0,0.0,0.0,0.0
-3.323152,-12.583924,-0.47884035,0.0,0.0,0.0,0.0,0.0,0.0
-3.323152,-12.583924,-0.47884035,0.0,0.0,0.0,0.0,0.0,0.0
-3.5625722,-12.583924,-0.7661445,0.0,0.0,0.0,0.0,0.0,0.0
-3.5625722,-12.583924,-0.7661445,0.0,0.0,0.0,0.0,0.0,0.0
-3.8881836,-12.172121,-1.0630256,0.0,0.0,0.0,0.0,0.0,0.0
-3.8881836,-12.172121,-1.0630256,0.0,0.0,0.0,0.0,0.0,0.0
-5.1140146,-14.978126,-2.873042,0.0,0.0,0.0,0.0,0.0,0.0
-5.1140146,-14.978126,-2.873042,0.0,0.0,0.0,0.0,0.0,0.0
-4.903325,-15.035586,-4.1659107,0.0,0.0,0.0,0.0,0.0,0.0
-4.903325,-15.035586,-4.1659107,0.0,0.0,0.0,0.0,0.0,0.0
-4.5777135,-12.670115,-6.943185,0.0,0.0,0.0,0.0,0.0,0.0
-4.5777135,-12.670115,-6.943185,0.0,0.0,0.0,0.0,0.0,0.0
-4.271256,-10.658986,-15.064317,0.0,0.0,0.0,0.0,0.0,0.0
-4.271256,-10.658986,-15.064317,0.0,0.0,0.0,0.0,0.0,0.0
-2.384625,-14.537593,-1.1875241,0.0,0.0,0.0,0.0,0.0,0.0
-2.384625,-14.537593,-1.1875241,0.0,0.0,0.0,0.0,0.0,0.0
-1.9632454,-14.384364,0.92895025,0.0,0.0,0.0,0.0,0.0,0.0
-1.9632454,-14.384364,0.92895025,0.0,0.0,0.0,0.0,0.0,0.0
-1.1492168,-13.541605,2.719813,0.0,0.0,0.0,0.0,0.0,0.0
-0.11492168,-10.563218,1.6280571,0.0,0.0,0.0,0.0,0.0,0.0
-0.11492168,-10.563218,1.6280571,0.0,0.0,0.0,0.0,0.0,0.0
-0.11492168,-10.563218,1.6280571,0.0,0.0,0.0,0.0,0.0,0.0
0.34476504,-9.404425,0.90021986,0.0,0.0,0.0,0.0,0.0,0.0
0.5363012,-7.872135,0.4213795,0.0,0.0,0.0,0.0,0.0,0.0
0.5363012,-7.872135,0.4213795,0.0,0.0,0.0,0.0,0.0,0.0
0.51714754,-6.2632318,-0.16280572,0.0,0.0,0.0,0.0,0.0,0.0
0.51714754,-6.2632318,-0.16280572,0.0,0.0,0.0,0.0,0.0,0.0
0.38307226,-4.271256,-0.6512229,0.0,0.0,0.0,0.0,0.0,0.0
0.38307226,-4.271256,-0.6512229,0.0,0.0,0.0,0.0,0.0,0.0
0.19153613,-4.2425256,-0.7661445,0.0,0.0,0.0,0.0,0.0,0.0
0.19153613,-4.2425256,-0.7661445,0.0,0.0,0.0,0.0,0.0,0.0
0.02873042,-4.271256,-0.5746084,0.0,0.0,0.0,0.0,0.0,0.0
0.02873042,-4.271256,-0.5746084,0.0,0.0,0.0,0.0,0.0,0.0
-0.4405331,-5.8322754,-0.34476504,0.0,0.0,0.0,0.0,0.0,0.0
-0.4405331,-5.8322754,-0.34476504,0.0,0.0,0.0,0.0,0.0,0.0
-0.7565677,-6.9719152,-0.39264908,0.0,0.0,0.0,0.0,0.0,0.0
-0.7565677,-6.9719152,-0.39264908,0.0,0.0,0.0,0.0,0.0,0.0
-1.2737153,-7.929596,-0.4213795,0.0,0.0,0.0,0.0,0.0,0.0
-1.982399,-8.686164,-0.25857377,0.0,0.0,0.0,0.0,0.0,0.0
-1.982399,-8.686164,-0.25857377,0.0,0.0,0.0,0.0,0.0,0.0
-3.6104562,-10.630256,-0.8523358,0.0,0.0,0.0,0.0,0.0,0.0
-3.6104562,-10.630256,-0.8523358,0.0,0.0,0.0,0.0,0.0,0.0
-4.6160207,-12.11466,-1.4077905,0.0,0.0,0.0,0.0,0.0,0.0
-4.6160207,-12.11466,-1.4077905,0.0,0.0,0.0,0.0,0.0,0.0
-5.985504,-12.765883,-2.135628,0.0,0.0,0.0,0.0,0.0,0.0
-5.985504,-12.765883,-2.135628,0.0,0.0,0.0,0.0,0.0,0.0
-7.632715,-11.722012,-2.9496565,0.0,0.0,0.0,0.0,0.0,0.0
-7.632715,-11.722012,-2.9496565,0.0,0.0,0.0,0.0,0.0,0.0
-8.896853,-9.548077,-3.4093432,0.0,0.0,0.0,0.0,0.0,0.0
-8.676587,-11.042058,-4.4819455,0.0,0.0,0.0,0.0,0.0,0.0
-8.676587,-11.042058,-4.4819455,0.0,0.0,0.0,0.0,0.0,0.0
-8.034941,-12.191275,-3.7349546,0.0,0.0,0.0,0.0,0.0,0.0
-8.034941,-12.191275,-3.7349546,0.0,0.0,0.0,0.0,0.0,0.0
-4.807557,-11.789049,-2.432509,0.0,0.0,0.0,0.0,0.0,0.0
-4.807557,-11.789049,-2.432509,0.0,0.0,0.0,0.0,0.0,0.0
-3.9552212,-11.722012,-1.5993267,0.0,0.0,0.0,0.0,0.0,0.0
-3.9552212,-11.722012,-1.5993267,0.0,0.0,0.0,0.0,0.0,0.0
-3.4284968,-11.492168,-0.8714894,0.0,0.0,0.0,0.0,0.0,0.0
-3.0358477,-11.425131,-0.16280572,0.0,0.0,0.0,0.0,0.0,0.0
-3.0358477,-11.425131,-0.16280572,0.0,0.0,0.0,0.0,0.0,0.0
-2.7868507,-13.206416,1.0726024,0.0,0.0,0.0,0.0,0.0,0.0
-2.7868507,-13.206416,1.0726024,0.0,0.0,0.0,0.0,0.0,0.0
-2.4229321,-13.215993,1.532289,0.0,0.0,0.0,0.0,0.0,0.0
-2.4229321,-13.215993,1.532289,0.0,0.0,0.0,0.0,0.0,0.0
-2.030283,-11.60709,1.8195933,0.0,0.0,0.0,0.0,0.0,0.0
-2.030283,-11.60709,1.8195933,0.0,0.0,0.0,0.0,0.0,0.0
-2.4037786,-8.130709,1.1587936,0.0,0.0,0.0,0.0,0.0,0.0
-2.4037786,-8.130709,1.1587936,0.0,0.0,0.0,0.0,0.0,0.0
-2.5187001,-6.6654577,0.7182605,0.0,0.0,0.0,0.0,0.0,0.0
-2.5187001,-6.6654577,0.7182605,0.0,0.0,0.0,0.0,0.0,0.0
-2.528277,-5.4683566,0.29688102,0.0,0.0,0.0,0.0,0.0,0.0
-2.3750482,-4.7500963,0.11492168,0.0,0.0,0.0,0.0,0.0,0.0
-2.3750482,-4.7500963,0.11492168,0.0,0.0,0.0,0.0,0.0,0.0
-2.0111294,-4.462792,-0.02873042,0.0,0.0,0.0,0.0,0.0,0.0
-2.0111294,-4.462792,-0.02873042,0.0,0.0,0.0,0.0,0.0,0.0
-1.8579005,-5.0661306,0.05746084,0.0,0.0,0.0,0.0,0.0,0.0
-1.8579005,-5.0661306,0.05746084,0.0,0.0,0.0,0.0,0.0,0.0
-1.8291701,-6.0238113,0.20111294,0.0,0.0,0.0,0.0,0.0,0.0
-1.8291701,-6.0238113,0.20111294,0.0,0.0,0.0,0.0,0.0,0.0
-1.8674773,-8.504205,0.47884035,0.0,0.0,0.0,0.0,0.0,0.0
-1.8674773,-8.504205,0.47884035,0.0,0.0,0.0,0.0,0.0,0.0
-1.7812861,-9.069236,0.5650316,0.0,0.0,0.0,0.0,0.0,0.0
-1.7812861,-9.069236,0.5650316,0.0,0.0,0.0,0.0,0.0,0.0
-1.7621324,-9.385271,0.48841715,0.0,0.0,0.0,0.0,0.0,0.0
-1.7621324,-9.385271,0.48841715,0.0,0.0,0.0,0.0,0.0,0.0
-1.9728222,-9.998186,0.38307226,0.0,0.0,0.0,0.0,0.0,0.0
-1.9728222,-9.998186,0.38307226,0.0,0.0,0.0,0.0,0.0,0.0
-1.9728222,-9.998186,0.38307226,0.0,0.0,0.0,0.0,0.0,0.0
-2.8634653,-11.434708,0.12449849,0.0,0.0,0.0,0.0,0.0,0.0
-3.3901896,-12.287044,0.0,0.0,0.0,0.0,0.0,0.0,0.0
-3.3901896,-12.287044,0.0,0.0,0.0,0.0,0.0,0.0,0.0
-3.821146,-12.440272,-0.15322891,0.0,0.0,0.0,0.0,0.0,0.0
-3.821146,-12.440272,-0.15322891,0.0,0.0,0.0,0.0,0.0,0.0
-4.2999864,-11.894394,-0.4213795,0.0,0.0,0.0,0.0,0.0,0.0
-4.2999864,-11.894394,-0.4213795,0.0,0.0,0.0,0.0,0.0,0.0
-5.0374002,-14.719552,-0.59376204,0.0,0.0,0.0,0.0,0.0,0.0
-5.0374002,-14.719552,-0.59376204,0.0,0.0,0.0,0.0,0.0,0.0
-5.449203,-16.347609,-1.0247183,0.0,0.0,0.0,0.0,0.0,0.0
-5.449203,-16.347609,-1.0247183,0.0,0.0,0.0,0.0,0.0,0.0
-4.673482,-14.030022,-1.5897499,0.0,0.0,0.0,0.0,0.0,0.0
-4.673482,-14.030022,-1.5897499,0.0,0.0,0.0,0.0,0.0,0.0
-2.9783869,-10.036493,-2.5378537,0.0,0.0,0.0,0.0,0.0,0.0
-2.9783869,-10.036493,-2.5378537,0.0,0.0,0.0,0.0,0.0,0.0
-2.3942018,-10.888829,-2.566584,0.0,0.0,0.0,0.0,0.0,0.0
-2.3942018,-10.888829,-2.566584,0.0,0.0,0.0,0.0,0.0,0.0
-2.1739352,-12.880805,-2.2505496,0.0,0.0,0.0,0.0,0.0,0.0
-2.1739352,-12.880805,-2.2505496,0.0,0.0,0.0,0.0,0.0,0.0
-1.3311762,-14.499286,-5.5737014,0.0,0.0,0.0,0.0,0.0,0.0
-1.3311762,-14.499286,-5.5737014,0.0,0.0,0.0,0.0,0.0,0.0
-1.0726024,-12.564771,-4.405331,0.0,0.0,0.0,0.0,0.0,0.0
-1.0726024,-12.564771,-4.405331,0.0,0.0,0.0,0.0,0.0,0.0
-0.6607997,-9.835381,-1.6759412,0.0,0.0,0.0,0.0,0.0,0.0
-0.6607997,-9.835381,-1.6759412,0.0,0.0,0.0,0.0,0.0,0.0
-0.2777274,-8.274361,0.89064306,0.0,0.0,0.0,0.0,0.0,0.0
-0.2777274,-8.274361,0.89064306,0.0,0.0,0.0,0.0,0.0,0.0
-0.35434186,-6.349423,1.292869,0.0,0.0,0.0,0.0,0.0,0.0
-0.35434186,-6.349423,1.292869,0.0,0.0,0.0,0.0,0.0,0.0
-0.46926352,-5.841852,0.35434186,0.0,0.0,0.0,0.0,0.0,0.0
-0.46926352,-5.841852,0.35434186,0.0,0.0,0.0,0.0,0.0,0.0
-0.17238252,-5.544971,-0.095768064,0.0,0.0,0.0,0.0,0.0,0.0
-0.17238252,-5.544971,-0.095768064,0.0,0.0,0.0,0.0,0.0,0.0
0.32561144,-5.257667,-0.5650316,0.0,0.0,0.0,0.0,0.0,0.0
0.32561144,-5.257667,-0.5650316,0.0,0.0,0.0,0.0,0.0,0.0
0.50757074,-5.449203,-0.641646,0.0,0.0,0.0,0.0,0.0,0.0
0.50757074,-5.449203,-0.641646,0.0,0.0,0.0,0.0,0.0,0.0
0.45968673,-5.8226986,-0.7086837,0.0,0.0,0.0,0.0,0.0,0.0
0.45968673,-5.8226986,-0.7086837,0.0,0.0,0.0,0.0,0.0,0.0
-0.047884032,-6.5984197,-0.51714754,0.0,0.0,0.0,0.0,0.0,0.0
-0.047884032,-6.5984197,-0.51714754,0.0,0.0,0.0,0.0,0.0,0.0
-0.047884032,-6.5984197,-0.51714754,0.0,0.0,0.0,0.0,0.0,0.0
-1.0821792,-7.603985,-0.22984336,0.0,0.0,0.0,0.0,0.0,0.0
-1.0821792,-7.603985,-0.22984336,0.0,0.0,0.0,0.0,0.0,0.0
-1.0821792,-7.603985,-0.22984336,0.0,0.0,0.0,0.0,0.0,0.0
-2.5570073,-9.385271,-0.50757074,0.0,0.0,0.0,0.0,0.0,0.0
-3.572149,-10.91756,-1.1300632,0.0,0.0,0.0,0.0,0.0,0.0
-3.572149,-10.91756,-1.1300632,0.0,0.0,0.0,0.0,0.0,0.0
-6.6846113,-13.148955,-2.633622,0.0,0.0,0.0,0.0,0.0,0.0
-6.6846113,-13.148955,-2.633622,0.0,0.0,0.0,0.0,0.0,0.0
-8.734048,-12.50731,-4.146757,0.0,0.0,0.0,0.0,0.0,0.0
-8.734048,-12.50731,-4.146757,0.0,0.0,0.0,0.0,0.0,0.0
-10.141838,-11.128249,-4.644751,0.0,0.0,0.0,0.0,0.0,0.0
-10.141838,-11.128249,-4.644751,0.0,0.0,0.0,0.0,0.0,0.0
-8.475474,-13.426683,-3.3423057,0.0,0.0,0.0,0.0,0.0,0.0
-8.475474,-13.426683,-3.3423057,0.0,0.0,0.0,0.0,0.0,0.0
-6.981492,-12.995727,-2.0207062,0.0,0.0,0.0,0.0,0.0,0.0
-6.981492,-12.995727,-2.0207062,0.0,0.0,0.0,0.0,0.0,0.0
-5.90889,-12.239159,-1.4460979,0.0,0.0,0.0,0.0,0.0,0.0
-5.90889,-12.239159,-1.4460979,0.0,0.0,0.0,0.0,0.0,0.0
-4.8267107,-11.195287,-0.94810385,0.0,0.0,0.0,0.0,0.0,0.0
-3.4572272,-10.860099,-0.18195933,0.0,0.0,0.0,0.0,0.0,0.0
-3.4572272,-10.860099,-0.18195933,0.0,0.0,0.0,0.0,0.0,0.0
-3.572149,-11.21444,0.12449849,0.0,0.0,0.0,0.0,0.0,0.0
-3.572149,-11.21444,0.12449849,0.0,0.0,0.0,0.0,0.0,0.0
-3.572149,-11.21444,0.12449849,0.0,0.0,0.0,0.0,0.0,0.0
-3.715801,-11.386824,0.45010993,0.0,0.0,0.0,0.0,0.0,0.0
-3.3901896,-11.9614315,0.61291564,0.0,0.0,0.0,0.0,0.0,0.0
-3.3901896,-11.9614315,0.61291564,0.0,0.0,0.0,0.0,0.0,0.0
-3.1028855,-11.980585,0.6991069,0.0,0.0,0.0,0.0,0.0,0.0
-3.1028855,-11.980585,0.6991069,0.0,0.0,0.0,0.0,0.0,0.0
-2.7581203,-11.176133,0.8810662,0.0,0.0,0.0,0.0,0.0,0.0
-2.7581203,-11.176133,0.8810662,0.0,0.0,0.0,0.0,0.0,0.0
-2.4229321,-9.414001,0.90979666,0.0,0.0,0.0,0.0,0.0,0.0
-2.4229321,-9.414001,0.90979666,0.0,0.0,0.0,0.0,0.0,0.0
-1.9919758,-6.8569937,0.61291564,0.0,0.0,0.0,0.0,0.0,0.0
-2.030283,-6.5122285,0.40222588,0.0,0.0,0.0,0.0,0.0,0.0
-2.030283,-6.5122285,0.40222588,0.0,0.0,0.0,0.0,0.0,0.0
-1.8962077,-6.042965,0.2777274,0.0,0.0,0.0,0.0,0.0,0.0
-1.8962077,-6.042965,0.2777274,0.0,0.0,0.0,0.0,0.0,0.0
-1.6376339,-6.8665705,0.22026655,0.0,0.0,0.0,0.0,0.0,0.0
-1.6376339,-6.8665705,0.22026655,0.0,0.0,0.0,0.0,0.0,0.0
-1.5227122,-7.4603324,0.30645782,0.0,0.0,0.0,0.0,0.0,0.0
-1.5227122,-7.4603324,0.30645782,0.0,0.0,0.0,0.0,0.0,0.0
-1.3790601,-7.6231384,0.39264908,0.0,0.0,0.0,0.0,0.0,0.0
-1.3790601,-7.6231384,0.39264908,0.0,0.0,0.0,0.0,0.0,0.0
-1.2162545,-7.680599,0.49799395,0.0,0.0,0.0,0.0,0.0,0.0
-1.2162545,-7.680599,0.49799395,0.0,0.0,0.0,0.0,0.0,0.0
-0.9576807,-7.843405,0.47884035,0.0,0.0,0.0,0.0,0.0,0.0
-0.9576807,-7.843405,0.47884035,0.0,0.0,0.0,0.0,0.0,0.0
-1.0534488,-7.8529816,0.31603462,0.0,0.0,0.0,0.0,0.0,0.0
-1.0534488,-7.8529816,0.31603462,0.0,0.0,0.0,0.0,0.0,0.0
-1.4556746,-8.226477,0.06703765,0.0,0.0,0.0,0.0,0.0,0.0
-1.4556746,-8.226477,0.06703765,0.0,0.0,0.0,0.0,0.0,0.0
-2.5378537,-10.28549,-0.45968673,0.0,0.0,0.0,0.0,0.0,0.0
-3.0358477,-11.061212,-0.641646,0.0,0.0,0.0,0.0,0.0,0.0
-3.0358477,-11.061212,-0.641646,0.0,0.0,0.0,0.0,0.0,0.0
-3.2369606,-10.821792,-0.7086837,0.0,0.0,0.0,0.0,0.0,0.0
-3.2369606,-10.821792,-0.7086837,0.0,0.0,0.0,0.0,0.0,0.0
-3.514688,-10.505757,-0.7661445,0.0,0.0,0.0,0.0,0.0,0.0
-3.514688,-10.505757,-0.7661445,0.0,0.0,0.0,0.0,0.0,0.0
-4.8267107,-12.421119,-0.9864111,0.0,0.0,0.0,0.0,0.0,0.0
-4.8267107,-12.421119,-0.9864111,0.0,0.0,0.0,0.0,0.0,0.0
-5.142745,-13.733141,-1.2545617,0.0,0.0,0.0,0.0,0.0,0.0
-5.142745,-13.733141,-1.2545617,0.0,0.0,0.0,0.0,0.0,0.0
-4.7500963,-13.129802,-1.3503298,0.0,0.0,0.0,0.0,0.0,0.0
-4.7500963,-13.129802,-1.3503298,0.0,0.0,0.0,0.0,0.0,0.0
-3.7445314,-10.97502,-0.6991069,0.0,0.0,0.0,0.0,0.0,0.0
-3.7445314,-10.97502,-0.6991069,0.0,0.0,0.0,0.0,0.0,0.0
-3.4955344,-10.831368,-0.641646,0.0,0.0,0.0,0.0,0.0,0.0
-3.4955344,-10.831368,-0.641646,0.0,0.0,0.0,0.0,0.0,0.0
-3.2465374,-11.204864,-0.79487497,0.0,0.0,0.0,0.0,0.0,0.0
-3.2465374,-11.204864,-0.79487497,0.0,0.0,0.0,0.0,0.0,0.0
-2.873042,-11.9614315,-1.1971009,0.0,0.0,0.0,0.0,0.0,0.0
-2.873042,-11.9614315,-1.1971009,0.0,0.0,0.0,0.0,0.0,0.0
-2.0685902,-11.587936,-0.81402856,0.0,0.0,0.0,0.0,0.0,0.0
-2.0685902,-11.587936,-0.81402856,0.0,0.0,0.0,0.0,0.0,0.0
-2.0398598,-10.879252,-1.733402,0.0,0.0,0.0,0.0,0.0,0.0
-2.0398598,-10.879252,-1.733402,0.0,0.0,0.0,0.0,0.0,0.0
-2.7964275,-10.314221,-3.86903,0.0,0.0,0.0,0.0,0.0,0.0
-2.7964275,-10.314221,-3.86903,0.0,0.0,0.0,0.0,0.0,0.0
-3.3518825,-8.762778,-3.1890767,0.0,0.0,0.0,0.0,0.0,0.0
-2.8443117,-7.249643,-1.7621324,0.0,0.0,0.0,0.0,0.0,0.0
-2.8443117,-7.249643,-1.7621324,0.0,0.0,0.0,0.0,0.0,0.0
-2.8443117,-7.249643,-1.7621324,0.0,0.0,0.0,0.0,0.0,0.0
-2.5570073,-6.157887,-1.4077905,0.0,0.0,0.0,0.0,0.0,0.0
-2.5570073,-6.157887,-1.4077905,0.0,0.0,0.0,0.0,0.0,0.0
-2.231396,-5.2959743,-1.3982137,0.0,0.0,0.0,0.0,0.0,0.0
-2.231396,-5.2959743,-1.3982137,0.0,0.0,0.0,0.0,0.0,0.0
-2.231396,-5.2959743,-1.3982137,0.0,0.0,0.0,0.0,0.0,0.0
-2.231396,-5.2959743,-1.3982137,0.0,0.0,0.0,0.0,0.0,0.0
-2.231396,-5.2959743,-1.3982137,0.0,0.0,0.0,0.0,0.0,0.0
-1.0630256,-5.267244,-0.5554548,0.0,0.0,0.0,0.0,0.0,0.0
-0.79487497,-6.943185,-0.81402856,0.0,0.0,0.0,0.0,0.0,0.0
-1.13964,-8.073248,-1.0055647,0.0,0.0,0.0,0.0,0.0,0.0
-1.13964,-8.073248,-1.0055647,0.0,0.0,0.0,0.0,0.0,0.0
-1.5514427,-8.034941,-1.2354081,0.0,0.0,0.0,0.0,0.0,0.0
-1.5514427,-8.034941,-1.2354081,0.0,0.0,0.0,0.0,0.0,0.0
-1.982399,-7.8625584,-1.3503298,0.0,0.0,0.0,0.0,0.0,0.0
-1.982399,-7.8625584,-1.3503298,0.0,0.0,0.0,0.0,0.0,0.0
-2.4995465,-8.073248,-1.484405,0.0,0.0,0.0,0.0,0.0,0.0
-2.4995465,-8.073248,-1.484405,0.0,0.0,0.0,0.0,0.0,0.0
-3.4572272,-9.481039,-1.8770541,0.0,0.0,0.0,0.0,0.0,0.0
-3.4572272,-9.481039,-1.8770541,0.0,0.0,0.0,0.0,0.0,0.0
-3.9264908,-10.04607,-2.1260512,0.0,0.0,0.0,0.0,0.0,0.0
-3.9264908,-10.04607,-2.1260512,0.0,0.0,0.0,0.0,0.0,0.0
-4.462792,-10.802638,-2.2409728,0.0,0.0,0.0,0.0,0.0,0.0
-4.462792,-10.802638,-2.2409728,0.0,0.0,0.0,0.0,0.0,0.0
-5.7843914,-12.325351,-2.5570073,0.0,0.0,0.0,0.0,0.0,0.0
-5.9759274,-11.942278,-2.4133554,0.0,0.0,0.0,0.0,0.0,0.0
-5.9759274,-11.942278,-2.4133554,0.0,0.0,0.0,0.0,0.0,0.0
-6.042965,-11.271901,-1.8387469,0.0,0.0,0.0,0.0,0.0,0.0
-6.042965,-11.271901,-1.8387469,0.0,0.0,0.0,0.0,0.0,0.0
-6.042965,-11.176133,-1.5227122,0.0,0.0,0.0,0.0,0.0,0.0
-5.267244,-10.534488,-2.4037786,0.0,0.0,0.0,0.0,0.0,0.0
-5.267244,-10.534488,-2.4037786,0.0,0.0,0.0,0.0,0.0,0.0
-5.2289367,-10.6877165,-2.5091233,0.0,0.0,0.0,0.0,0.0,0.0
-5.2289367,-10.6877165,-2.5091233,0.0,0.0,0.0,0.0,0.0,0.0
-4.9895163,-10.457873,-2.27928,0.0,0.0,0.0,0.0,0.0,0.0
-4.9895163,-10.457873,-2.27928,0.0,0.0,0.0,0.0,0.0,0.0
-4.5202527,-9.77792,-2.0015526,0.0,0.0,0.0,0.0,0.0,0.0
-4.5202527,-9.77792,-2.0015526,0.0,0.0,0.0,0.0,0.0,0.0
-3.9456444,-8.916007,-1.3599066,0.0,0.0,0.0,0.0,0.0,0.0
-3.9456444,-8.916007,-1.3599066,0.0,0.0,0.0,0.0,0.0,0.0
-3.8019924,-9.232041,-1.1109096,0.0,0.0,0.0,0.0,0.0,0.0
-3.6391866,-9.854534,-0.9768343,0.0,0.0,0.0,0.0,0.0,0.0
-3.4476504,-10.94629,-0.5363012,0.0,0.0,0.0,0.0,0.0,0.0
-3.4476504,-10.94629,-0.5363012,0.0,0.0,0.0,0.0,0.0,0.0
-3.1986535,-10.668563,-0.35434186,0.0,0.0,0.0,0.0,0.0,0.0
-3.1986535,-10.668563,-0.35434186,0.0,0.0,0.0,0.0,0.0,0.0
-2.882619,-9.77792,-0.2681506,0.0,0.0,0.0,0.0,0.0,0.0
-2.882619,-9.77792,-0.2681506,0.0,0.0,0.0,0.0,0.0,0.0
-2.566584,-8.66701,-0.24899697,0.0,0.0,0.0,0.0,0.0,0.0
-2.566584,-8.66701,-0.24899697,0.0,0.0,0.0,0.0,0.0,0.0
-2.183512,-7.575254,-0.22984336,0.0,0.0,0.0,0.0,0.0,0.0
-2.183512,-7.575254,-0.22984336,0.0,0.0,0.0,0.0,0.0,0.0
-2.1260512,-7.4986396,-0.24899697,0.0,0.0,0.0,0.0,0.0,0.0
-2.1260512,-7.4986396,-0.24899697,0.0,0.0,0.0,0.0,0.0,0.0
-2.078167,-7.4028716,-0.2873042,0.0,0.0,0.0,0.0,0.0,0.0
-2.078167,-7.4028716,-0.2873042,0.0,0.0,0.0,0.0,0.0,0.0
-1.9153614,-6.9527617,-0.50757074,0.0,0.0,0.0,0.0,0.0,0.0
-1.9153614,-6.9527617,-0.50757074,0.0,0.0,0.0,0.0,0.0,0.0
-1.8579005,-7.2592196,-0.5746084,0.0,0.0,0.0,0.0,0.0,0.0
-1.8962077,-7.8912888,-0.5746084,0.0,0.0,0.0,0.0,0.0,0.0
-1.8962077,-7.8912888,-0.5746084,0.0,0.0,0.0,0.0,0.0,0.0
-2.0207062,-8.695741,-0.5363012,0.0,0.0,0.0,0.0,0.0,0.0
-2.0207062,-8.695741,-0.5363012,0.0,0.0,0.0,0.0,0.0,0.0
-1.9632454,-9.375694,-0.35434186,0.0,0.0,0.0,0.0,0.0,0.0
-1.9632454,-9.375694,-0.35434186,0.0,0.0,0.0,0.0,0.0,0.0
-2.0015526,-9.605537,-0.24899697,0.0,0.0,0.0,0.0,0.0,0.0
-2.0015526,-9.605537,-0.24899697,0.0,0.0,0.0,0.0,0.0,0.0
-2.0973208,-10.055647,-0.21068975,0.0,0.0,0.0,0.0,0.0,0.0
-2.0973208,-10.055647,-0.21068975,0.0,0.0,0.0,0.0,0.0,0.0
-2.6240451,-11.233594,-0.51714754,0.0,0.0,0.0,0.0,0.0,0.0
-2.6240451,-11.233594,-0.51714754,0.0,0.0,0.0,0.0,0.0,0.0
-2.930503,-11.57836,-0.7182605,0.0,0.0,0.0,0.0,0.0,0.0
-2.930503,-11.57836,-0.7182605,0.0,0.0,0.0,0.0,0.0,0.0
-3.122039,-11.750742,-0.9576807,0.0,0.0,0.0,0.0,0.0,0.0
-3.122039,-11.750742,-0.9576807,0.0,0.0,0.0,0.0,0.0,0.0
-3.1603463,-11.731588,-1.1683705,0.0,0.0,0.0,0.0,0.0,0.0
-3.5051112,-13.043611,-1.292869,0.0,0.0,0.0,0.0,0.0,0.0
-3.5051112,-13.043611,-1.292869,0.0,0.0,0.0,0.0,0.0,0.0
-3.667917,-14.087482,-1.6567876,0.0,0.0,0.0,0.0,0.0,0.0
-3.667917,-14.087482,-1.6567876,0.0,0.0,0.0,0.0,0.0,0.0
-3.3327289,-13.321339,-1.8866309,0.0,0.0,0.0,0.0,0.0,0.0
-3.3327289,-13.321339,-1.8866309,0.0,0.0,0.0,0.0,0.0,0.0
-2.6527755,-11.21444,-2.815581,0.0,0.0,0.0,0.0,0.0,0.0
-2.6527755,-11.21444,-2.815581,0.0,0.0,0.0,0.0,0.0,0.0
-2.1068976,-9.835381,-3.6774938,0.0,0.0,0.0,0.0,0.0,0.0
-2.1068976,-9.835381,-3.6774938,0.0,0.0,0.0,0.0,0.0,0.0
-1.6089035,-9.002198,-4.663905,0.0,0.0,0.0,0.0,0.0,0.0
-1.6089035,-9.002198,-4.663905,0.0,0.0,0.0,0.0,0.0,0.0
-1.2354081,-9.605537,-4.8362875,0.0,0.0,0.0,0.0,0.0,0.0
-1.13964,-10.793061,-1.8674773,0.0,0.0,0.0,0.0,0.0,0.0
-1.13964,-10.793061,-1.8674773,0.0,0.0,0.0,0.0,0.0,0.0
-0.89064306,-11.271901,-1.3790601,0.0,0.0,0.0,0.0,0.0,0.0
-0.89064306,-11.271901,-1.3790601,0.0,0.0,0.0,0.0,0.0,0.0
-0.48841715,-11.702858,-1.7717092,0.0,0.0,0.0,0.0,0.0,0.0
-0.48841715,-11.702858,-1.7717092,0.0,0.0,0.0,0.0,0.0,0.0
0.2681506,-10.802638,-1.532289,0.0,0.0,0.0,0.0,0.0,0.0
0.2681506,-10.802638,-1.532289,0.0,0.0,0.0,0.0,0.0,0.0
0.25857377,-9.097966,-0.45010993,0.0,0.0,0.0,0.0,0.0,0.0
0.25857377,-9.097966,-0.45010993,0.0,0.0,0.0,0.0,0.0,0.0
0.25857377,-7.728483,0.16280572,0.0,0.0,0.0,0.0,0.0,0.0
0.25857377,-7.728483,0.16280572,0.0,0.0,0.0,0.0,0.0,0.0
0.25857377,-7.728483,0.16280572,0.0,0.0,0.0,0.0,0.0,0.0
0.16280572,-6.5696893,0.49799395,0.0,0.0,0.0,0.0,0.0,0.0
0.16280572,-6.5696893,0.49799395,0.0,0.0,0.0,0.0,0.0,0.0
-0.019153614,-6.8569937,0.51714754,0.0,0.0,0.0,0.0,0.0,0.0
-0.019153614,-6.8569937,0.51714754,0.0,0.0,0.0,0.0,0.0,0.0
-0.34476504,-7.785944,-0.31603462,0.0,0.0,0.0,0.0,0.0,0.0
-0.34476504,-7.785944,-0.31603462,0.0,0.0,0.0,0.0,0.0,0.0
-0.47884035,-8.2169,-0.7661445,0.0,0.0,0.0,0.0,0.0,0.0
-0.47884035,-8.2169,-0.7661445,0.0,0.0,0.0,0.0,0.0,0.0
-0.6991069,-8.408437,-0.90979666,0.0,0.0,0.0,0.0,0.0,0.0
-0.6991069,-8.408437,-0.90979666,0.0,0.0,0.0,0.0,0.0,0.0
-0.9959879,-8.504205,-1.1013328,0.0,0.0,0.0,0.0,0.0,0.0
-1.6089035,-8.341399,-1.5801731,0.0,0.0,0.0,0.0,0.0,0.0
-1.6089035,-8.341399,-1.5801731,0.0,0.0,0.0,0.0,0.0,0.0
-2.1068976,-8.485051,-1.7717092,0.0,0.0,0.0,0.0,0.0,0.0
-2.1068976,-8.485051,-1.7717092,0.0,0.0,0.0,0.0,0.0,0.0
-2.6527755,-8.781932,-2.078167,0.0,0.0,0.0,0.0,0.0,0.0
-2.6527755,-8.781932,-2.078167,0.0,0.0,0.0,0.0,0.0,0.0
-4.232949,-9.308656,-3.1028855,0.0,0.0,0.0,0.0,0.0,0.0
-5.2863975,-9.394848,-3.7445314,0.0,0.0,0.0,0.0,0.0,0.0
-5.2863975,-9.394848,-3.7445314,0.0,0.0,0.0,0.0,0.0,0.0
-5.2863975,-9.394848,-3.7445314,0.0,0.0,0.0,0.0,0.0,0.0
-6.0525417,-9.624691,-3.1986535,0.0,0.0,0.0,0.0,0.0,0.0
-6.0525417,-9.624691,-3.1986535,0.0,0.0,0.0,0.0,0.0,0.0
-6.0525417,-9.624691,-3.1986535,0.0,0.0,0.0,0.0,0.0,0.0
-6.0525417,-9.624691,-3.1986535,0.0,0.0,0.0,0.0,0.0,0.0
-6.0525417,-9.624691,-3.1986535,0.0,0.0,0.0,0.0,0.0,0.0
-4.012682,-12.105083,-2.0015526,0.0,0.0,0.0,0.0,0.0,0.0
-4.012682,-12.105083,-2.0015526,0.0,0.0,0.0,0.0,0.0,0.0
-4.012682,-12.105083,-2.0015526,0.0,0.0,0.0,0.0,0.0,0.0
-2.719813,-13.330915,-0.90979666,0.0,0.0,0.0,0.0,0.0,0.0
-1.3599066,-11.836933,-0.15322891,0.0,0.0,0.0,0.0,0.0,0.0
-1.3215994,-11.587936,-0.019153614,0.0,0.0,0.0,0.0,0.0,0.0
-1.7717092,-12.5743475,0.019153614,0.0,0.0,0.0,0.0,0.0,0.0
-1.7717092,-12.5743475,0.019153614,0.0,0.0,0.0,0.0,0.0,0.0
-1.7717092,-12.5743475,0.019153614,0.0,0.0,0.0,0.0,0.0,0.0
-1.8674773,-13.302185,-0.16280572,0.0,0.0,0.0,0.0,0.0,0.0
-1.4077905,-10.477027,-0.40222588,0.0,0.0,0.0,0.0,0.0,0.0
-1.4077905,-10.477027,-0.40222588,0.0,0.0,0.0,0.0,0.0,0.0
-1.4077905,-10.477027,-0.40222588,0.0,0.0,0.0,0.0,0.0,0.0
-1.4077905,-7.690176,-0.59376204,0.0,0.0,0.0,0.0,0.0,0.0
-1.3599066,-7.0581064,-0.7086837,0.0,0.0,0.0,0.0,0.0,0.0
-1.3599066,-7.0581064,-0.7086837,0.0,0.0,0.0,0.0,0.0,0.0
-1.340753,-6.6846113,-0.61291564,0.0,0.0,0.0,0.0,0.0,0.0
-1.340753,-6.6846113,-0.61291564,0.0,0.0,0.0,0.0,0.0,0.0
-1.3503298,-6.703765,-0.45968673,0.0,0.0,0.0,0.0,0.0,0.0
-1.3503298,-6.703765,-0.45968673,0.0,0.0,0.0,0.0,0.0,0.0
-1.2162545,-7.73806,-0.36391866,0.0,0.0,0.0,0.0,0.0,0.0
-1.2162545,-7.73806,-0.36391866,0.0,0.0,0.0,0.0,0.0,0.0
-1.2162545,-7.73806,-0.36391866,0.0,0.0,0.0,0.0,0.0,0.0
-1.2162545,-7.73806,-0.36391866,0.0,0.0,0.0,0.0,0.0,0.0
-1.2162545,-7.73806,-0.36391866,0.0,0.0,0.0,0.0,0.0,0.0
-0.92895025,-8.63828,-0.12449849,0.0,0.0,0.0,0.0,0.0,0.0
-0.92895025,-8.63828,-0.12449849,0.0,0.0,0.0,0.0,0.0,0.0
-1.1971009,-8.312668,-0.076614454,0.0,0.0,0.0,0.0,0.0,0.0
-1.7429788,-8.264784,-0.12449849,0.0,0.0,0.0,0.0,0.0,0.0
-1.7429788,-8.264784,-0.12449849,0.0,0.0,0.0,0.0,0.0,0.0
-2.432509,-8.743625,-0.37349546,0.0,0.0,0.0,0.0,0.0,0.0
-2.432509,-8.743625,-0.37349546,0.0,0.0,0.0,0.0,0.0,0.0
-3.5051112,-9.931149,-0.8714894,0.0,0.0,0.0,0.0,0.0,0.0
-3.5051112,-9.931149,-0.8714894,0.0,0.0,0.0,0.0,0.0,0.0
-3.8307228,-10.036493,-1.3120226,0.0,0.0,0.0,0.0,0.0,0.0
-3.8307228,-10.036493,-1.3120226,0.0,0.0,0.0,0.0,0.0,0.0
-3.8307228,-10.036493,-1.3120226,0.0,0.0,0.0,0.0,0.0,0.0
-3.821146,-11.377247,-1.340753,0.0,0.0,0.0,0.0,0.0,0.0
-3.821146,-11.377247,-1.340753,0.0,0.0,0.0,0.0,0.0,0.0
-3.8498764,-14.499286,-1.283292,0.0,0.0,0.0,0.0,0.0,0.0
-3.3423057,-16.22311,-0.9864111,0.0,0.0,0.0,0.0,0.0,0.0
-3.3423057,-16.22311,-0.9864111,0.0,0.0,0.0,0.0,0.0,0.0
-0.9959879,-12.373235,-0.48841715,0.0,0.0,0.0,0.0,0.0,0.0
-0.9959879,-12.373235,-0.48841715,0.0,0.0,0.0,0.0,0.0,0.0
-0.009576807,-9.548077,-0.6895301,0.0,0.0,0.0,0.0,0.0,0.0
-0.009576807,-9.548077,-0.6895301,0.0,0.0,0.0,0.0,0.0,0.0
0.80445176,-8.734048,-1.0342951,0.0,0.0,0.0,0.0,0.0,0.0
0.80445176,-8.734048,-1.0342951,0.0,0.0,0.0,0.0,0.0,0.0
1.3503298,-10.630256,-1.4173675,0.0,0.0,0.0,0.0,0.0,0.0
1.3503298,-10.630256,-1.4173675,0.0,0.0,0.0,0.0,0.0,0.0
0.7757214,-11.377247,-1.3982137,0.0,0.0,0.0,0.0,0.0,0.0
0.7757214,-11.377247,-1.3982137,0.0,0.0,0.0,0.0,0.0,0.0
-1.043872,-11.33894,-1.1109096,0.0,0.0,0.0,0.0,0.0,0.0
-1.043872,-11.33894,-1.1109096,0.0,0.0,0.0,0.0,0.0,0.0
-3.0550013,-10.783484,-1.3215994,0.0,0.0,0.0,0.0,0.0,0.0
-3.0550013,-10.783484,-1.3215994,0.0,0.0,0.0,0.0,0.0,0.0
-3.4476504,-8.63828,-2.6144683,0.0,0.0,0.0,0.0,0.0,0.0
-3.4476504,-8.63828,-2.6144683,0.0,0.0,0.0,0.0,0.0,0.0
-3.3901896,-7.967903,-2.5187001,0.0,0.0,0.0,0.0,0.0,0.0
-3.083732,-7.5082164,-2.1164744,0.0,0.0,0.0,0.0,0.0,0.0
-3.083732,-7.5082164,-2.1164744,0.0,0.0,0.0,0.0,0.0,0.0
-2.1930888,-6.8282633,0.9959879,0.0,0.0,0.0,0.0,0.0,0.0
-2.1930888,-6.8282633,0.9959879,0.0,0.0,0.0,0.0,0.0,0.0
-2.1930888,-6.8282633,0.9959879,0.0,0.0,0.0,0.0,0.0,0.0
-2.1930888,-6.8282633,0.9959879,0.0,0.0,0.0,0.0,0.0,0.0
-2.1930888,-6.8282633,0.9959879,0.0,0.0,0.0,0.0,0.0,0.0
-2.1930888,-6.8282633,0.9959879,0.0,0.0,0.0,0.0,0.0,0.0
-3.466804,-7.5848308,-0.047884032,0.0,0.0,0.0,0.0,0.0,0.0
-3.466804,-7.5848308,-0.047884032,0.0,0.0,0.0,0.0,0.0,0.0
-4.1276035,-8.082825,-0.7661445,0.0,0.0,0.0,0.0,0.0,0.0
-4.1276035,-8.082825,-0.7661445,0.0,0.0,0.0,0.0,0.0,0.0
-4.501099,-8.293514,-0.8810662,0.0,0.0,0.0,0.0,0.0,0.0
-4.501099,-8.293514,-0.8810662,0.0,0.0,0.0,0.0,0.0,0.0
-4.501099,-8.293514,-0.8810662,0.0,0.0,0.0,0.0,0.0,0.0
-4.501099,-8.293514,-0.8810662,0.0,0.0,0.0,0.0,0.0,0.0
-7.5082164,-9.461885,-1.1971009,0.0,0.0,0.0,0.0,0.0,0.0
-7.5082164,-9.461885,-1.1971009,0.0,0.0,0.0,0.0,0.0,0.0
-8.274361,-9.864111,-1.5897499,0.0,0.0,0.0,0.0,0.0,0.0
-9.030929,-10.247183,-2.0590134,0.0,0.0,0.0,0.0,0.0,0.0
-9.662998,-9.9790325,-2.5953147,0.0,0.0,0.0,0.0,0.0,0.0
-9.662998,-9.9790325,-2.5953147,0.0,0.0,0.0,0.0,0.0,0.0
-8.101978,-10.524911,-2.815581,0.0,0.0,0.0,0.0,0.0,0.0
-8.101978,-10.524911,-2.815581,0.0,0.0,0.0,0.0,0.0,0.0
-6.1770406,-11.032481,-2.566584,0.0,0.0,0.0,0.0,0.0,0.0
-6.1770406,-11.032481,-2.566584,0.0,0.0,0.0,0.0,0.0,0.0
-4.0797195,-11.520899,-1.8195933,0.0,0.0,0.0,0.0,0.0,0.0
-4.0797195,-11.520899,-1.8195933,0.0,0.0,0.0,0.0,0.0,0.0
-3.3518825,-11.3964,-1.5131354,0.0,0.0,0.0,0.0,0.0,0.0
-3.3518825,-11.3964,-1.5131354,0.0,0.0,0.0,0.0,0.0,0.0
-2.8921957,-10.496181,-1.292869,0.0,0.0,0.0,0.0,0.0,0.0
-2.8921957,-10.496181,-1.292869,0.0,0.0,0.0,0.0,0.0,0.0
-2.7102363,-9.576807,-0.91937345,0.0,0.0,0.0,0.0,0.0,0.0
-2.7102363,-9.576807,-0.91937345,0.0,0.0,0.0,0.0,0.0,0.0
-3.1794999,-10.457873,0.37349546,0.0,0.0,0.0,0.0,0.0,0.0
-3.1794999,-10.457873,0.37349546,0.0,0.0,0.0,0.0,0.0,0.0
-3.2369606,-11.089942,1.4269443,0.0,0.0,0.0,0.0,0.0,0.0
-3.2369606,-11.089942,1.4269443,0.0,0.0,0.0,0.0,0.0,0.0
-3.2369606,-11.089942,1.4269443,0.0,0.0,0.0,0.0,0.0,0.0
-3.2369606,-11.089942,1.4269443,0.0,0.0,0.0,0.0,0.0,0.0
-3.2369606,-11.089942,1.4269443,0.0,0.0,0.0,0.0,0.0,0.0
-3.2369606,-11.089942,1.4269443,0.0,0.0,0.0,0.0,0.0,0.0
-3.2369606,-11.089942,1.4269443,0.0,0.0,0.0,0.0,0.0,0.0
-1.9057846,-7.7093296,0.019153614,0.0,0.0,0.0,0.0,0.0,0.0
-1.9057846,-7.7093296,0.019153614,0.0,0.0,0.0,0.0,0.0,0.0
-1.8195933,-7.067683,0.1436521,0.0,0.0,0.0,0.0,0.0,0.0
-1.8195933,-7.067683,0.1436521,0.0,0.0,0.0,0.0,0.0,0.0
-1.7812861,-7.0006456,0.4309563,0.0,0.0,0.0,0.0,0.0,0.0
-1.7812861,-7.0006456,0.4309563,0.0,0.0,0.0,0.0,0.0,0.0
-1.7717092,-7.5465236,0.6512229,0.0,0.0,0.0,0.0,0.0,0.0
-1.7717092,-7.5465236,0.6512229,0.0,0.0,0.0,0.0,0.0,0.0
-1.7717092,-8.054094,0.7469909,0.0,0.0,0.0,0.0,0.0,0.0
-1.7717092,-8.054094,0.7469909,0.0,0.0,0.0,0.0,0.0,0.0
-1.5514427,-8.695741,0.59376204,0.0,0.0,0.0,0.0,0.0,0.0
-1.5514427,-8.695741,0.59376204,0.0,0.0,0.0,0.0,0.0,0.0
-1.5514427,-8.695741,0.59376204,0.0,0.0,0.0,0.0,0.0,0.0
-1.5514427,-8.695741,0.59376204,0.0,0.0,0.0,0.0,0.0,0.0
-1.5035586,-9.442732,0.22026655,0.0,0.0,0.0,0.0,0.0,0.0
-1.5035586,-9.442732,0.22026655,0.0,0.0,0.0,0.0,0.0,0.0
-1.733402,-9.931149,0.16280572,0.0,0.0,0.0,0.0,0.0,0.0
-1.733402,-9.931149,0.16280572,0.0,0.0,0.0,0.0,0.0,0.0
-2.0398598,-10.486604,0.0,0.0,0.0,0.0,0.0,0.0,0.0
-2.0398598,-10.486604,0.0,0.0,0.0,0.0,0.0,0.0,0.0
-2.7868507,-11.645397,-0.34476504,0.0,0.0,0.0,0.0,0.0,0.0
-2.7868507,-11.645397,-0.34476504,0.0,0.0,0.0,0.0,0.0,0.0
-2.7868507,-11.645397,-0.34476504,0.0,0.0,0.0,0.0,0.0,0.0
-3.1603463,-12.373235,-0.45968673,0.0,0.0,0.0,0.0,0.0,0.0
-3.4380736,-13.005303,-0.5267244,0.0,0.0,0.0,0.0,0.0,0.0
-3.5529952,-12.785037,-0.6607997,0.0,0.0,0.0,0.0,0.0,0.0
-3.5529952,-12.785037,-0.6607997,0.0,0.0,0.0,0.0,0.0,0.0
-3.7541082,-12.11466,-0.7469909,0.0,0.0,0.0,0.0,0.0,0.0
-4.1371803,-13.455414,-0.80445176,0.0,0.0,0.0,0.0,0.0,0.0
-4.1371803,-13.455414,-0.80445176,0.0,0.0,0.0,0.0,0.0,0.0
-4.1371803,-13.455414,-0.80445176,0.0,0.0,0.0,0.0,0.0,0.0
-4.1371803,-13.455414,-0.80445176,0.0,0.0,0.0,0.0,0.0,0.0
-4.1371803,-13.455414,-0.80445176,0.0,0.0,0.0,0.0,0.0,0.0
-4.1371803,-13.455414,-0.80445176,0.0,0.0,0.0,0.0,0.0,0.0
-3.083732,-9.911995,-0.94810385,0.0,0.0,0.0,0.0,0.0,0.0
-3.083732,-9.911995,-0.94810385,0.0,0.0,0.0,0.0,0.0,0.0
-2.72939,-9.165004,-1.043872,0.0,0.0,0.0,0.0,0.0,0.0
-2.72939,-9.165004,-1.043872,0.0,0.0,0.0,0.0,0.0,0.0
-2.432509,-8.810662,-1.091756,0.0,0.0,0.0,0.0,0.0,0.0
-2.432509,-8.810662,-1.091756,0.0,0.0,0.0,0.0,0.0,0.0
-1.9153614,-9.519346,-0.842759,0.0,0.0,0.0,0.0,0.0,0.0
-1.9153614,-9.519346,-0.842759,0.0,0.0,0.0,0.0,0.0,0.0
-1.9153614,-9.519346,-0.842759,0.0,0.0,0.0,0.0,0.0,0.0
-1.7142484,-10.189722,-0.6512229,0.0,0.0,0.0,0.0,0.0,0.0
-1.7142484,-10.189722,-0.6512229,0.0,0.0,0.0,0.0,0.0,0.0
-0.7374141,-10.457873,-0.10534488,0.0,0.0,0.0,0.0,0.0,0.0
-0.7374141,-10.457873,-0.10534488,0.0,0.0,0.0,0.0,0.0,0.0
-0.2873042,-9.758766,0.15322891,0.0,0.0,0.0,0.0,0.0,0.0
-0.2873042,-9.758766,0.15322891,0.0,0.0,0.0,0.0,0.0,0.0
0.23942018,-8.39886,0.38307226,0.0,0.0,0.0,0.0,0.0,0.0
0.23942018,-8.39886,0.38307226,0.0,0.0,0.0,0.0,0.0,0.0
0.60333884,-6.4164605,0.12449849,0.0,0.0,0.0,0.0,0.0,0.0
0.60333884,-6.4164605,0.12449849,0.0,0.0,0.0,0.0,0.0,0.0
0.36391866,-6.2728086,-0.59376204,0.0,0.0,0.0,0.0,0.0,0.0
0.36391866,-6.2728086,-0.59376204,0.0,0.0,0.0,0.0,0.0,0.0
-0.7278373,-7.335834,-1.5131354,0.0,0.0,0.0,0.0,0.0,0.0
-0.7278373,-7.335834,-1.5131354,0.0,0.0,0.0,0.0,0.0,0.0
-1.1204864,-7.2209125,-2.2888567,0.0,0.0,0.0,0.0,0.0,0.0
-1.1204864,-7.2209125,-2.2888567,0.0,0.0,0.0,0.0,0.0,0.0
-1.1204864,-7.2209125,-2.2888567,0.0,0.0,0.0,0.0,0.0,0.0
-1.1204864,-7.2209125,-2.2888567,0.0,0.0,0.0,0.0,0.0,0.0
-2.0398598,-7.7093296,-2.5187001,0.0,0.0,0.0,0.0,0.0,0.0
-2.0398598,-7.7093296,-2.5187001,0.0,0.0,0.0,0.0,0.0,0.0
-2.0398598,-7.7093296,-2.5187001,0.0,0.0,0.0,0.0,0.0,0.0
-2.8634653,-9.11712,-2.4229321,0.0,0.0,0.0,0.0,0.0,0.0
-3.2465374,-10.170568,-2.8538885,0.0,0.0,0.0,0.0,0.0,0.0
-3.2465374,-10.170568,-2.8538885,0.0,0.0,0.0,0.0,0.0,0.0
-3.9839516,-11.032481,-3.8498764,0.0,0.0,0.0,0.0,0.0,0.0
-3.9839516,-11.032481,-3.8498764,0.0,0.0,0.0,0.0,0.0,0.0
-4.903325,-10.333375,-2.4420857,0.0,0.0,0.0,0.0,0.0,0.0
-4.903325,-10.333375,-2.4420857,0.0,0.0,0.0,0.0,0.0,0.0
-4.0797195,-10.400413,-1.1109096,0.0,0.0,0.0,0.0,0.0,0.0
-4.0797195,-10.400413,-1.1109096,0.0,0.0,0.0,0.0,0.0,0.0
-3.7828386,-10.955867,-0.36391866,0.0,0.0,0.0,0.0,0.0,0.0
-3.7828386,-10.955867,-0.36391866,0.0,0.0,0.0,0.0,0.0,0.0
-3.9935284,-11.60709,-0.10534488,0.0,0.0,0.0,0.0,0.0,0.0
-3.9935284,-11.60709,-0.10534488,0.0,0.0,0.0,0.0,0.0,0.0
-4.6830587,-12.765883,-0.41180268,0.0,0.0,0.0,0.0,0.0,0.0
-4.6830587,-12.765883,-0.41180268,0.0,0.0,0.0,0.0,0.0,0.0
-4.903325,-12.469003,-0.7278373,0.0,0.0,0.0,0.0,0.0,0.0
-4.903325,-12.469003,-0.7278373,0.0,0.0,0.0,0.0,0.0,0.0
-4.8841715,-11.932701,-0.93852705,0.0,0.0,0.0,0.0,0.0,0.0
-4.8841715,-11.932701,-0.93852705,0.0,0.0,0.0,0.0,0.0,0.0
-4.414908,-11.18571,-0.8619126,0.0,0.0,0.0,0.0,0.0,0.0
-4.261679,-11.166556,-0.5554548,0.0,0.0,0.0,0.0,0.0,0.0
-4.261679,-11.166556,-0.5554548,0.0,0.0,0.0,0.0,0.0,0.0
-4.003105,-11.348516,-0.31603462,0.0,0.0,0.0,0.0,0.0,0.0
-4.003105,-11.348516,-0.31603462,0.0,0.0,0.0,0.0,0.0,0.0
-3.7924154,-11.654974,-0.1436521,0.0,0.0,0.0,0.0,0.0,0.0
-3.7924154,-11.654974,-0.1436521,0.0,0.0,0.0,0.0,0.0,0.0
-3.1411927,-11.022904,0.34476504,0.0,0.0,0.0,0.0,0.0,0.0
-3.1411927,-11.022904,0.34476504,0.0,0.0,0.0,0.0,0.0,0.0
-2.7581203,-9.835381,0.15322891,0.0,0.0,0.0,0.0,0.0,0.0
-2.5378537,-8.331821,0.0,0.0,0.0,0.0,0.0,0.0,0.0
-2.5378537,-8.331821,0.0,0.0,0.0,0.0,0.0,0.0,0.0
-2.1547816,-5.841852,-0.23942018,0.0,0.0,0.0,0.0,0.0,0.0
-2.1547816,-5.841852,-0.23942018,0.0,0.0,0.0,0.0,0.0,0.0
-2.0685902,-5.45878,-0.36391866,0.0,0.0,0.0,0.0,0.0,0.0
-2.0685902,-5.45878,-0.36391866,0.0,0.0,0.0,0.0,0.0,0.0
-2.0398598,-5.4779334,-0.33518824,0.0,0.0,0.0,0.0,0.0,0.0
-2.0398598,-5.4779334,-0.33518824,0.0,0.0,0.0,0.0,0.0,0.0
-2.030283,-5.9280434,-0.15322891,0.0,0.0,0.0,0.0,0.0,0.0
-2.030283,-5.9280434,-0.15322891,0.0,0.0,0.0,0.0,0.0,0.0
-1.8674773,-7.8050976,0.095768064,0.0,0.0,0.0,0.0,0.0,0.0
-1.8674773,-7.8050976,0.095768064,0.0,0.0,0.0,0.0,0.0,0.0
-1.8674773,-7.8050976,0.095768064,0.0,0.0,0.0,0.0,0.0,0.0
-1.7046716,-8.734048,0.20111294,0.0,0.0,0.0,0.0,0.0,0.0
-1.7046716,-8.734048,0.20111294,0.0,0.0,0.0,0.0,0.0,0.0
-1.1492168,-9.337387,0.51714754,0.0,0.0,0.0,0.0,0.0,0.0
-1.1492168,-9.337387,0.51714754,0.0,0.0,0.0,0.0,0.0,0.0
-0.8810662,-9.481039,0.7757214,0.0,0.0,0.0,0.0,0.0,0.0
-0.8810662,-9.481039,0.7757214,0.0,0.0,0.0,0.0,0.0,0.0
-0.8810662,-9.481039,0.7757214,0.0,0.0,0.0,0.0,0.0,0.0
-0.79487497,-9.998186,0.90979666,0.0,0.0,0.0,0.0,0.0,0.0
-1.5227122,-12.162544,0.48841715,0.0,0.0,0.0,0.0,0.0,0.0
-1.5227122,-12.162544,0.48841715,0.0,0.0,0.0,0.0,0.0,0.0
-2.1930888,-13.120225,0.06703765,0.0,0.0,0.0,0.0,0.0,0.0
-2.1930888,-13.120225,0.06703765,0.0,0.0,0.0,0.0,0.0,0.0
-2.815581,-13.474567,-0.30645782,0.0,0.0,0.0,0.0,0.0,0.0
-2.815581,-13.474567,-0.30645782,0.0,0.0,0.0,0.0,0.0,0.0
-3.6296098,-12.354081,-0.6991069,0.0,0.0,0.0,0.0,0.0,0.0
-3.6296098,-12.354081,-0.6991069,0.0,0.0,0.0,0.0,0.0,0.0
-3.6296098,-12.354081,-0.6991069,0.0,0.0,0.0,0.0,0.0,0.0
-3.6296098,-12.354081,-0.6991069,0.0,0.0,0.0,0.0,0.0,0.0
-3.6296098,-12.354081,-0.6991069,0.0,0.0,0.0,0.0,0.0,0.0
-3.6296098,-12.354081,-0.6991069,0.0,0.0,0.0,0.0,0.0,0.0
-3.6296098,-12.354081,-0.6991069,0.0,0.0,0.0,0.0,0.0,0.0
-3.6008794,-9.337387,-1.2545617,0.0,0.0,0.0,0.0,0.0,0.0
-2.930503,-8.66701,-1.8770541,0.0,0.0,0.0,0.0,0.0,0.0
-2.930503,-8.66701,-1.8770541,0.0,0.0,0.0,0.0,0.0,0.0
-1.7717092,-10.515334,-2.3463178,0.0,0.0,0.0,0.0,0.0,0.0
-1.7717092,-10.515334,-2.3463178,0.0,0.0,0.0,0.0,0.0,0.0
-1.7717092,-10.515334,-2.3463178,0.0,0.0,0.0,0.0,0.0,0.0
-1.7717092,-10.515334,-2.3463178,0.0,0.0,0.0,0.0,0.0,0.0
-1.7717092,-10.515334,-2.3463178,0.0,0.0,0.0,0.0,0.0,0.0
-1.7717092,-10.515334,-2.3463178,0.0,0.0,0.0,0.0,0.0,0.0
-1.7717092,-10.515334,-2.3463178,0.0,0.0,0.0,0.0,0.0,0.0
-1.7717092,-10.515334,-2.3463178,0.0,0.0,0.0,0.0,0.0,0.0
-1.7717092,-10.515334,-2.3463178,0.0,0.0,0.0,0.0,0.0,0.0
-1.7717092,-10.515334,-2.3463178,0.0,0.0,0.0,0.0,0.0,0.0
-0.37349546,-8.580819,-1.2162545,0.0,0.0,0.0,0.0,0.0,0.0
-0.37349546,-8.580819,-1.2162545,0.0,0.0,0.0,0.0,0.0,0.0
0.45010993,-6.703765,1.3694834,0.0,0.0,0.0,0.0,0.0,0.0
0.45010993,-6.703765,1.3694834,0.0,0.0,0.0,0.0,0.0,0.0
0.009576807,-5.046977,0.24899697,0.0,0.0,0.0,0.0,0.0,0.0
0.009576807,-5.046977,0.24899697,0.0,0.0,0.0,0.0,0.0,0.0
-0.21068975,-5.2289367,-0.37349546,0.0,0.0,0.0,0.0,0.0,0.0
-0.05746084,-5.506664,-0.78529817,0.0,0.0,0.0,0.0,0.0,0.0
-0.05746084,-5.506664,-0.78529817,0.0,0.0,0.0,0.0,0.0,0.0
0.16280572,-5.813122,-0.641646,0.0,0.0,0.0,0.0,0.0,0.0
0.16280572,-5.813122,-0.641646,0.0,0.0,0.0,0.0,0.0,0.0
0.34476504,-6.38773,-0.19153613,0.0,0.0,0.0,0.0,0.0,0.0
0.34476504,-6.38773,-0.19153613,0.0,0.0,0.0,0.0,0.0,0.0
0.2873042,-6.8091097,-0.15322891,0.0,0.0,0.0,0.0,0.0,0.0
0.2873042,-6.8091097,-0.15322891,0.0,0.0,0.0,0.0,0.0,0.0
-0.20111294,-7.3549876,-0.15322891,0.0,0.0,0.0,0.0,0.0,0.0
-0.20111294,-7.3549876,-0.15322891,0.0,0.0,0.0,0.0,0.0,0.0
-1.7238252,-9.442732,-0.62249243,0.0,0.0,0.0,0.0,0.0,0.0
-1.7238252,-9.442732,-0.62249243,0.0,0.0,0.0,0.0,0.0,0.0
-1.7238252,-9.442732,-0.62249243,0.0,0.0,0.0,0.0,0.0,0.0
-2.6910827,-11.022904,-1.340753,0.0,0.0,0.0,0.0,0.0,0.0
-3.8977604,-12.277467,-2.4133554,0.0,0.0,0.0,0.0,0.0,0.0
-3.8977604,-12.277467,-2.4133554,0.0,0.0,0.0,0.0,0.0,0.0
-5.497087,-12.133814,-3.016694,0.0,0.0,0.0,0.0,0.0,0.0
-5.497087,-12.133814,-3.016694,0.0,0.0,0.0,0.0,0.0,0.0
-5.497087,-12.133814,-3.016694,0.0,0.0,0.0,0.0,0.0,0.0
-5.497087,-12.133814,-3.016694,0.0,0.0,0.0,0.0,0.0,0.0
-5.497087,-12.133814,-3.016694,0.0,0.0,0.0,0.0,0.0,0.0
-5.497087,-12.133814,-3.016694,0.0,0.0,0.0,0.0,0.0,0.0
-5.497087,-12.133814,-3.016694,0.0,0.0,0.0,0.0,0.0,0.0
-5.497087,-12.133814,-3.016694,0.0,0.0,0.0,0.0,0.0,0.0
-5.592855,-13.819332,-1.1875241,0.0,0.0,0.0,0.0,0.0,0.0
-5.592855,-13.819332,-1.1875241,0.0,0.0,0.0,0.0,0.0,0.0
-4.2521024,-12.133814,-0.29688102,0.0,0.0,0.0,0.0,0.0,0.0
-4.2521024,-12.133814,-0.29688102,0.0,0.0,0.0,0.0,0.0,0.0
-3.5817258,-10.611102,-0.05746084,0.0,0.0,0.0,0.0,0.0,0.0
-3.5817258,-10.611102,-0.05746084,0.0,0.0,0.0,0.0,0.0,0.0
-3.41892,-10.362105,0.076614454,0.0,0.0,0.0,0.0,0.0,0.0
-3.41892,-10.362105,0.076614454,0.0,0.0,0.0,0.0,0.0,0.0
-3.6391866,-11.741165,0.12449849,0.0,0.0,0.0,0.0,0.0,0.0
-3.6391866,-11.741165,0.12449849,0.0,0.0,0.0,0.0,0.0,0.0
-3.6391866,-11.741165,0.12449849,0.0,0.0,0.0,0.0,0.0,0.0
-3.2465374,-12.258312,0.038307227,0.0,0.0,0.0,0.0,0.0,0.0
-3.2465374,-12.258312,0.038307227,0.0,0.0,0.0,0.0,0.0,0.0
-2.5570073,-8.63828,0.08619126,0.0,0.0,0.0,0.0,0.0,0.0
-2.5570073,-8.63828,0.08619126,0.0,0.0,0.0,0.0,0.0,0.0
-2.480393,-7.249643,-0.05746084,0.0,0.0,0.0,0.0,0.0,0.0
-2.480393,-7.249643,-0.05746084,0.0,0.0,0.0,0.0,0.0,0.0
-2.3463178,-6.1100025,-0.16280572,0.0,0.0,0.0,0.0,0.0,0.0
-2.1068976,-5.1906295,-0.31603462,0.0,0.0,0.0,0.0,0.0,0.0
-2.1068976,-5.1906295,-0.31603462,0.0,0.0,0.0,0.0,0.0,0.0
-1.8291701,-4.817134,-0.41180268,0.0,0.0,0.0,0.0,0.0,0.0
-1.685518,-5.2385135,-0.34476504,0.0,0.0,0.0,0.0,0.0,0.0
-1.685518,-5.2385135,-0.34476504,0.0,0.0,0.0,0.0,0.0,0.0
-1.4748282,-5.947197,-0.29688102,0.0,0.0,0.0,0.0,0.0,0.0
-1.4748282,-5.947197,-0.29688102,0.0,0.0,0.0,0.0,0.0,0.0
-1.4748282,-5.947197,-0.29688102,0.0,0.0,0.0,0.0,0.0,0.0
-1.1875241,-8.0924015,-0.4309563,0.0,0.0,0.0,0.0,0.0,0.0
-1.0342951,-9.069236,-0.29688102,0.0,0.0,0.0,0.0,0.0,0.0
-1.0342951,-9.069236,-0.29688102,0.0,0.0,0.0,0.0,0.0,0.0
-0.8810662,-9.80665,-0.06703765,0.0,0.0,0.0,0.0,0.0,0.0
-0.8810662,-9.80665,-0.06703765,0.0,0.0,0.0,0.0,0.0,0.0
-0.7374141,-10.180145,0.10534488,0.0,0.0,0.0,0.0,0.0,0.0
-0.7374141,-10.180145,0.10534488,0.0,0.0,0.0,0.0,0.0,0.0
-0.7374141,-10.180145,0.10534488,0.0,0.0,0.0,0.0,0.0,0.0
-1.436521,-11.693281,-0.12449849,0.0,0.0,0.0,0.0,0.0,0.0
-3.1890767,-13.187263,-0.60333884,0.0,0.0,0.0,0.0,0.0,0.0
-3.1890767,-13.187263,-0.60333884,0.0,0.0,0.0,0.0,0.0,0.0
-3.4859576,-12.038046,-0.5746084,0.0,0.0,0.0,0.0,0.0,0.0
-3.4859576,-12.038046,-0.5746084,0.0,0.0,0.0,0.0,0.0,0.0
-3.6870706,-10.955867,-0.7661445,0.0,0.0,0.0,0.0,0.0,0.0
-3.6870706,-10.955867,-0.7661445,0.0,0.0,0.0,0.0,0.0,0.0
-4.357447,-12.4785795,-1.0726024,0.0,0.0,0.0,0.0,0.0,0.0
-4.357447,-12.4785795,-1.0726024,0.0,0.0,0.0,0.0,0.0,0.0
-5.305551,-14.240712,-1.2449849,0.0,0.0,0.0,0.0,0.0,0.0
-5.305551,-14.240712,-1.2449849,0.0,0.0,0.0,0.0,0.0,0.0
-5.305551,-14.240712,-1.2449849,0.0,0.0,0.0,0.0,0.0,0.0
-5.305551,-14.240712,-1.2449849,0.0,0.0,0.0,0.0,0.0,0.0
-5.305551,-14.240712,-1.2449849,0.0,0.0,0.0,0.0,0.0,0.0
-5.305551,-14.240712,-1.2449849,0.0,0.0,0.0,0.0,0.0,0.0
-2.5187001,-10.630256,-2.2888567,0.0,0.0,0.0,0.0,0.0,0.0
-2.5187001,-10.630256,-2.2888567,0.0,0.0,0.0,0.0,0.0,0.0
-1.4556746,-12.172121,-1.7525556,0.0,0.0,0.0,0.0,0.0,0.0
-1.4556746,-12.172121,-1.7525556,0.0,0.0,0.0,0.0,0.0,0.0
-0.81402856,-11.980585,-1.934515,0.0,0.0,0.0,0.0,0.0,0.0
-0.81402856,-11.980585,-1.934515,0.0,0.0,0.0,0.0,0.0,0.0
-0.81402856,-12.181698,-4.261679,0.0,0.0,0.0,0.0,0.0,0.0
-0.81402856,-12.181698,-4.261679,0.0,0.0,0.0,0.0,0.0,0.0
-1.0534488,-10.524911,-5.257667,0.0,0.0,0.0,0.0,0.0,0.0
-1.0534488,-10.524911,-5.257667,0.0,0.0,0.0,0.0,0.0,0.0
0.038307227,-6.0621185,-1.2258313,0.0,0.0,0.0,0.0,0.0,0.0
0.038307227,-6.0621185,-1.2258313,0.0,0.0,0.0,0.0,0.0,0.0
0.30645782,-5.6886234,-0.5746084,0.0,0.0,0.0,0.0,0.0,0.0
0.30645782,-5.6886234,-0.5746084,0.0,0.0,0.0,0.0,0.0,0.0
0.2777274,-5.717354,-0.2681506,0.0,0.0,0.0,0.0,0.0,0.0
0.11492168,-5.93762,0.6991069,0.0,0.0,0.0,0.0,0.0,0.0
0.11492168,-5.93762,0.6991069,0.0,0.0,0.0,0.0,0.0,0.0
0.16280572,-6.129156,0.45968673,0.0,0.0,0.0,0.0,0.0,0.0
0.16280572,-6.129156,0.45968673,0.0,0.0,0.0,0.0,0.0,0.0
0.33518824,-6.349423,0.076614454,0.0,0.0,0.0,0.0,0.0,0.0
0.33518824,-6.349423,0.076614454,0.0,0.0,0.0,0.0,0.0,0.0
0.24899697,-6.339846,-0.30645782,0.0,0.0,0.0,0.0,0.0,0.0
0.24899697,-6.339846,-0.30645782,0.0,0.0,0.0,0.0,0.0,0.0
-0.7757214,-7.9487495,-0.32561144,0.0,0.0,0.0,0.0,0.0,0.0
-0.7757214,-7.9487495,-0.32561144,0.0,0.0,0.0,0.0,0.0,0.0
-1.5801731,-8.935161,-0.40222588,0.0,0.0,0.0,0.0,0.0,0.0
-1.5801731,-8.935161,-0.40222588,0.0,0.0,0.0,0.0,0.0,0.0
-2.5091233,-9.749189,-0.7086837,0.0,0.0,0.0,0.0,0.0,0.0
-2.5091233,-9.749189,-0.7086837,0.0,0.0,0.0,0.0,0.0,0.0
-3.41892,-10.515334,-1.1492168,0.0,0.0,0.0,0.0,0.0,0.0
-3.41892,-10.515334,-1.1492168,0.0,0.0,0.0,0.0,0.0,0.0
-5.4683566,-12.191275,-1.5993267,0.0,0.0,0.0,0.0,0.0,0.0
-5.4683566,-12.191275,-1.5993267,0.0,0.0,0.0,0.0,0.0,0.0
-5.8705826,-12.306197,-1.8866309,0.0,0.0,0.0,0.0,0.0,0.0
-5.8705826,-12.306197,-1.8866309,0.0,0.0,0.0,0.0,0.0,0.0
-5.8322754,-11.60709,-1.733402,0.0,0.0,0.0,0.0,0.0,0.0
-5.8322754,-11.60709,-1.733402,0.0,0.0,0.0,0.0,0.0,0.0
-6.694188,-11.463438,-1.4460979,0.0,0.0,0.0,0.0,0.0,0.0
-6.694188,-11.463438,-1.4460979,0.0,0.0,0.0,0.0,0.0,0.0
-7.019799,-12.53604,-1.283292,0.0,0.0,0.0,0.0,0.0,0.0
-7.019799,-12.53604,-1.283292,0.0,0.0,0.0,0.0,0.0,0.0
-6.6367273,-12.899959,-1.0247183,0.0,0.0,0.0,0.0,0.0,0.0
-6.6367273,-12.899959,-1.0247183,0.0,0.0,0.0,0.0,0.0,0.0
-5.449203,-12.832921,-0.78529817,0.0,0.0,0.0,0.0,0.0,0.0
-5.449203,-12.832921,-0.78529817,0.0,0.0,0.0,0.0,0.0,0.0
-3.5913026,-11.233594,-0.6703765,0.0,0.0,0.0,0.0,0.0,0.0
-3.5913026,-11.233594,-0.6703765,0.0,0.0,0.0,0.0,0.0,0.0
-3.4093432,-11.003751,-0.45968673,0.0,0.0,0.0,0.0,0.0,0.0
-3.4093432,-11.003751,-0.45968673,0.0,0.0,0.0,0.0,0.0,0.0
-3.4763808,-11.358093,-0.19153613,0.0,0.0,0.0,0.0,0.0,0.0
-3.4763808,-11.358093,-0.19153613,0.0,0.0,0.0,0.0,0.0,0.0
-3.4476504,-12.650962,-0.21068975,0.0,0.0,0.0,0.0,0.0,0.0
-3.4476504,-12.650962,-0.21068975,0.0,0.0,0.0,0.0,0.0,0.0
-3.1411927,-12.018892,0.019153614,0.0,0.0,0.0,0.0,0.0,0.0
-3.1411927,-12.018892,0.019153614,0.0,0.0,0.0,0.0,0.0,0.0
-2.7581203,-10.160992,0.2777274,0.0,0.0,0.0,0.0,0.0,0.0
-2.7581203,-10.160992,0.2777274,0.0,0.0,0.0,0.0,0.0,0.0
-2.3175871,-8.322245,0.36391866,0.0,0.0,0.0,0.0,0.0,0.0
-2.3175871,-8.322245,0.36391866,0.0,0.0,0.0,0.0,0.0,0.0
-1.9632454,-5.746084,0.15322891,0.0,0.0,0.0,0.0,0.0,0.0
-1.9632454,-5.746084,0.15322891,0.0,0.0,0.0,0.0,0.0,0.0
-1.6472107,-5.2768207,0.16280572,0.0,0.0,0.0,0.0,0.0,0.0
-1.3599066,-5.2002063,0.02873042,0.0,0.0,0.0,0.0,0.0,0.0
-1.3599066,-5.2002063,0.02873042,0.0,0.0,0.0,0.0,0.0,0.0
-1.3599066,-5.2002063,0.02873042,0.0,0.0,0.0,0.0,0.0,0.0
-0.9672575,-6.042965,-0.23942018,0.0,0.0,0.0,0.0,0.0,0.0
-0.7374141,-6.9623384,-0.19153613,0.0,0.0,0.0,0.0,0.0,0.0
-0.7374141,-6.9623384,-0.19153613,0.0,0.0,0.0,0.0,0.0,0.0
-0.7374141,-6.9623384,-0.19153613,0.0,0.0,0.0,0.0,0.0,0.0
-0.5650316,-7.7667904,-0.10534488,0.0,0.0,0.0,0.0,0.0,0.0
-0.39264908,-8.571242,0.0,0.0,0.0,0.0,0.0,0.0,0.0
-0.39264908,-8.571242,0.0,0.0,0.0,0.0,0.0,0.0,0.0
-0.39264908,-8.571242,0.0,0.0,0.0,0.0,0.0,0.0,0.0
-0.02873042,-9.356541,0.095768064,0.0,0.0,0.0,0.0,0.0,0.0
-0.30645782,-9.605537,0.05746084,0.0,0.0,0.0,0.0,0.0,0.0
-0.30645782,-9.605537,0.05746084,0.0,0.0,0.0,0.0,0.0,0.0
-1.2449849,-10.43872,-0.22026655,0.0,0.0,0.0,0.0,0.0,0.0
-1.2449849,-10.43872,-0.22026655,0.0,0.0,0.0,0.0,0.0,0.0
-3.2561142,-12.890382,-0.842759,0.0,0.0,0.0,0.0,0.0,0.0
-3.2561142,-12.890382,-0.842759,0.0,0.0,0.0,0.0,0.0,0.0
-4.0222588,-13.273455,-1.0055647,0.0,0.0,0.0,0.0,0.0,0.0
-4.0222588,-13.273455,-1.0055647,0.0,0.0,0.0,0.0,0.0,0.0
-4.357447,-12.4785795,-1.0821792,0.0,0.0,0.0,0.0,0.0,0.0
-4.357447,-12.4785795,-1.0821792,0.0,0.0,0.0,0.0,0.0,0.0
-4.4340615,-10.91756,-0.9672575,0.0,0.0,0.0,0.0,0.0,0.0
-4.4340615,-10.91756,-0.9672575,0.0,0.0,0.0,0.0,0.0,0.0
-5.7365074,-11.942278,-1.5801731,0.0,0.0,0.0,0.0,0.0,0.0
-5.7365074,-11.942278,-1.5801731,0.0,0.0,0.0,0.0,0.0,0.0
-6.2632318,-12.5264635,-2.0015526,0.0,0.0,0.0,0.0,0.0,0.0
-6.2632318,-12.5264635,-2.0015526,0.0,0.0,0.0,0.0,0.0,0.0
-6.1195793,-11.36767,-2.566584,0.0,0.0,0.0,0.0,0.0,0.0
-6.1195793,-11.36767,-2.566584,0.0,0.0,0.0,0.0,0.0,0.0
-4.2904096,-10.43872,-3.2465374,0.0,0.0,0.0,0.0,0.0,0.0
-4.2904096,-10.43872,-3.2465374,0.0,0.0,0.0,0.0,0.0,0.0
-3.217807,-11.358093,-2.2122424,0.0,0.0,0.0,0.0,0.0,0.0
-3.217807,-11.358093,-2.2122424,0.0,0.0,0.0,0.0,0.0,0.0
-2.7581203,-12.488156,-1.5705963,0.0,0.0,0.0,0.0,0.0,0.0
-2.7581203,-12.488156,-1.5705963,0.0,0.0,0.0,0.0,0.0,0.0
-2.3463178,-13.330915,-0.89064306,0.0,0.0,0.0,0.0,0.0,0.0
-2.3463178,-13.330915,-0.89064306,0.0,0.0,0.0,0.0,0.0,0.0
-0.90021986,-12.0571995,0.545878,0.0,0.0,0.0,0.0,0.0,0.0
-0.90021986,-12.0571995,0.545878,0.0,0.0,0.0,0.0,0.0,0.0
-0.18195933,-11.137826,1.0055647,0.0,0.0,0.0,0.0,0.0,0.0
-0.18195933,-11.137826,1.0055647,0.0,0.0,0.0,0.0,0.0,0.0
0.2873042,-7.383718,0.33518824,0.0,0.0,0.0,0.0,0.0,0.0
0.2873042,-7.383718,0.33518824,0.0,0.0,0.0,0.0,0.0,0.0
0.10534488,-5.8322754,-0.93852705,0.0,0.0,0.0,0.0,0.0,0.0
0.10534488,-5.8322754,-0.93852705,0.0,0.0,0.0,0.0,0.0,0.0
0.22984336,-5.094861,-2.5378537,0.0,0.0,0.0,0.0,0.0,0.0
0.22984336,-5.094861,-2.5378537,0.0,0.0,0.0,0.0,0.0,0.0
-0.2777274,-4.10845,-3.016694,0.0,0.0,0.0,0.0,0.0,0.0
-0.2777274,-4.10845,-3.016694,0.0,0.0,0.0,0.0,0.0,0.0
-0.019153614,-4.3478703,-0.80445176,0.0,0.0,0.0,0.0,0.0,0.0
-0.019153614,-4.3478703,-0.80445176,0.0,0.0,0.0,0.0,0.0,0.0
0.2873042,-5.7748146,0.6895301,0.0,0.0,0.0,0.0,0.0,0.0
0.2873042,-5.7748146,0.6895301,0.0,0.0,0.0,0.0,0.0,0.0
-0.08619126,-7.8625584,0.7182605,0.0,0.0,0.0,0.0,0.0,0.0
-0.08619126,-7.8625584,0.7182605,0.0,0.0,0.0,0.0,0.0,0.0
-0.63206923,-8.532935,-0.05746084,0.0,0.0,0.0,0.0,0.0,0.0
-0.63206923,-8.532935,-0.05746084,0.0,0.0,0.0,0.0,0.0,0.0
-1.2449849,-9.184157,-0.5363012,0.0,0.0,0.0,0.0,0.0,0.0
-1.2449849,-9.184157,-0.5363012,0.0,0.0,0.0,0.0,0.0,0.0
-2.0590134,-9.864111,-1.0821792,0.0,0.0,0.0,0.0,0.0,0.0
-2.0590134,-9.864111,-1.0821792,0.0,0.0,0.0,0.0,0.0,0.0
-4.003105,-11.559206,-1.7717092,0.0,0.0,0.0,0.0,0.0,0.0
-4.003105,-11.559206,-1.7717092,0.0,0.0,0.0,0.0,0.0,0.0
-4.865018,-12.593501,-1.6376339,0.0,0.0,0.0,0.0,0.0,0.0
-4.865018,-12.593501,-1.6376339,0.0,0.0,0.0,0.0,0.0,0.0
-5.1810527,-12.689269,-1.7046716,0.0,0.0,0.0,0.0,0.0,0.0
-5.1810527,-12.689269,-1.7046716,0.0,0.0,0.0,0.0,0.0,0.0
-5.535394,-12.53604,-1.5610195,0.0,0.0,0.0,0.0,0.0,0.0
-5.535394,-12.53604,-1.5610195,0.0,0.0,0.0,0.0,0.0,0.0
-6.0142345,-13.771448,-1.043872,0.0,0.0,0.0,0.0,0.0,0.0
-6.0142345,-13.771448,-1.043872,0.0,0.0,0.0,0.0,0.0,0.0
-6.445191,-14.709975,-0.6991069,0.0,0.0,0.0,0.0,0.0,0.0
-6.445191,-14.709975,-0.6991069,0.0,0.0,0.0,0.0,0.0,0.0
-6.2728086,-14.259866,-0.5746084,0.0,0.0,0.0,0.0,0.0,0.0
-6.2728086,-14.259866,-0.5746084,0.0,0.0,0.0,0.0,0.0,0.0
-4.548983,-9.605537,-0.49799395,0.0,0.0,0.0,0.0,0.0,0.0
-4.548983,-9.605537,-0.49799395,0.0,0.0,0.0,0.0,0.0,0.0
-4.3766007,-8.916007,-0.24899697,0.0,0.0,0.0,0.0,0.0,0.0
-4.3766007,-8.916007,-0.24899697,0.0,0.0,0.0,0.0,0.0,0.0
-4.462792,-9.911995,0.038307227,0.0,0.0,0.0,0.0,0.0,0.0
-4.2521024,-12.08593,-0.1340753,0.0,0.0,0.0,0.0,0.0,0.0
-4.2521024,-12.08593,-0.1340753,0.0,0.0,0.0,0.0,0.0,0.0
-3.7828386,-11.21444,-0.15322891,0.0,0.0,0.0,0.0,0.0,0.0
-3.7828386,-11.21444,-0.15322891,0.0,0.0,0.0,0.0,0.0,0.0
-3.7828386,-11.21444,-0.15322891,0.0,0.0,0.0,0.0,0.0,0.0
-3.2848446,-9.854534,-0.16280572,0.0,0.0,0.0,0.0,0.0,0.0
-2.930503,-8.2169,-0.009576807,0.0,0.0,0.0,0.0,0.0,0.0
-2.930503,-8.2169,-0.009576807,0.0,0.0,0.0,0.0,0.0,0.0
-2.5570073,-6.1387334,0.40222588,0.0,0.0,0.0,0.0,0.0,0.0
-2.5570073,-6.1387334,0.40222588,0.0,0.0,0.0,0.0,0.0,0.0
-2.3175871,-5.544971,0.45010993,0.0,0.0,0.0,0.0,0.0,0.0
-2.3175871,-5.544971,0.45010993,0.0,0.0,0.0,0.0,0.0,0.0
-1.8962077,-5.2385135,0.37349546,0.0,0.0,0.0,0.0,0.0,0.0
-1.8962077,-5.2385135,0.37349546,0.0,0.0,0.0,0.0,0.0,0.0
-1.0821792,-6.0142345,0.0,0.0,0.0,0.0,0.0,0.0,0.0
-1.0821792,-6.0142345,0.0,0.0,0.0,0.0,0.0,0.0,0.0
-0.7757214,-6.933608,-0.29688102,0.0,0.0,0.0,0.0,0.0,0.0
-0.7757214,-6.933608,-0.29688102,0.0,0.0,0.0,0.0,0.0,0.0
-0.45968673,-7.97748,-0.50757074,0.0,0.0,0.0,0.0,0.0,0.0
-0.45968673,-7.97748,-0.50757074,0.0,0.0,0.0,0.0,0.0,0.0
-0.10534488,-8.628703,-0.7565677,0.0,0.0,0.0,0.0,0.0,0.0
-0.10534488,-8.628703,-0.7565677,0.0,0.0,0.0,0.0,0.0,0.0
0.038307227,-9.56723,-0.4309563,0.0,0.0,0.0,0.0,0.0,0.0
0.038307227,-9.56723,-0.4309563,0.0,0.0,0.0,0.0,0.0,0.0
-0.15322891,-10.314221,-0.45010993,0.0,0.0,0.0,0.0,0.0,0.0
-0.15322891,-10.314221,-0.45010993,0.0,0.0,0.0,0.0,0.0,0.0
-0.8331822,-11.405977,-0.5267244,0.0,0.0,0.0,0.0,0.0,0.0
-0.8331822,-11.405977,-0.5267244,0.0,0.0,0.0,0.0,0.0,0.0
-2.633622,-12.804191,-0.8810662,0.0,0.0,0.0,0.0,0.0,0.0
-2.633622,-12.804191,-0.8810662,0.0,0.0,0.0,0.0,0.0,0.0
-3.2944214,-12.430696,-0.9576807,0.0,0.0,0.0,0.0,0.0,0.0
-3.2944214,-12.430696,-0.9576807,0.0,0.0,0.0,0.0,0.0,0.0
-3.5625722,-11.166556,-0.9576807,0.0,0.0,0.0,0.0,0.0,0.0
-3.5625722,-11.166556,-0.9576807,0.0,0.0,0.0,0.0,0.0,0.0
-3.7924154,-10.43872,-0.93852705,0.0,0.0,0.0,0.0,0.0,0.0
-3.7924154,-10.43872,-0.93852705,0.0,0.0,0.0,0.0,0.0,0.0
-5.104438,-13.9917145,-0.82360536,0.0,0.0,0.0,0.0,0.0,0.0
-5.104438,-13.9917145,-0.82360536,0.0,0.0,0.0,0.0,0.0,0.0
-4.721366,-11.9135475,-0.78529817,0.0,0.0,0.0,0.0,0.0,0.0
-3.7732618,-9.864111,-1.0342951,0.0,0.0,0.0,0.0,0.0,0.0
-3.7732618,-9.864111,-1.0342951,0.0,0.0,0.0,0.0,0.0,0.0
-3.2465374,-9.605537,-1.4748282,0.0,0.0,0.0,0.0,0.0,0.0
-3.2465374,-9.605537,-1.4748282,0.0,0.0,0.0,0.0,0.0,0.0
-2.8921957,-10.563218,-1.8770541,0.0,0.0,0.0,0.0,0.0,0.0
-2.8921957,-10.563218,-1.8770541,0.0,0.0,0.0,0.0,0.0,0.0
-1.6184803,-12.0571995,-1.6567876,0.0,0.0,0.0,0.0,0.0,0.0
-1.6184803,-12.0571995,-1.6567876,0.0,0.0,0.0,0.0,0.0,0.0
-1.0726024,-11.587936,-1.8195933,0.0,0.0,0.0,0.0,0.0,0.0
-1.0726024,-11.587936,-1.8195933,0.0,0.0,0.0,0.0,0.0,0.0
-1.982399,-11.070788,-4.865018,0.0,0.0,0.0,0.0,0.0,0.0
-1.982399,-11.070788,-4.865018,0.0,0.0,0.0,0.0,0.0,0.0
-2.087744,-7.7189064,-2.681506,0.0,0.0,0.0,0.0,0.0,0.0
-2.087744,-7.7189064,-2.681506,0.0,0.0,0.0,0.0,0.0,0.0
-0.61291564,-6.2728086,-1.3503298,0.0,0.0,0.0,0.0,0.0,0.0
-0.61291564,-6.2728086,-1.3503298,0.0,0.0,0.0,0.0,0.0,0.0
-0.02873042,-5.4779334,-0.91937345,0.0,0.0,0.0,0.0,0.0,0.0
-0.02873042,-5.4779334,-0.91937345,0.0,0.0,0.0,0.0,0.0,0.0
