0.12449849,4.357447,9.768343,0.0,0.0,0.0,0.0,0.0,0.0
0.12449849,4.3287168,9.797073,0.0,0.0,0.0,0.0,0.0,0.0
0.12449849,4.3287168,9.797073,0.0,0.0,0.0,0.0,0.0,0.0
0.18195933,4.2521024,9.787497,0.0,0.0,0.0,0.0,0.0,0.0
0.18195933,4.2521024,9.787497,0.0,0.0,0.0,0.0,0.0,0.0
0.2777274,4.261679,9.844957,0.0,0.0,0.0,0.0,0.0,0.0
0.2777274,4.261679,9.844957,0.0,0.0,0.0,0.0,0.0,0.0
0.29688102,4.280833,9.864111,0.0,0.0,0.0,0.0,0.0,0.0
0.29688102,4.280833,9.864111,0.0,0.0,0.0,0.0,0.0,0.0
0.29688102,4.232949,9.873688,0.0,0.0,0.0,0.0,0.0,0.0
0.29688102,4.232949,9.873688,0.0,0.0,0.0,0.0,0.0,0.0
0.33518824,4.146757,9.758766,0.0,0.0,0.0,0.0,0.0,0.0
0.33518824,4.146757,9.758766,0.0,0.0,0.0,0.0,0.0,0.0
0.33518824,4.1659107,9.624691,0.0,0.0,0.0,0.0,0.0,0.0
0.33518824,4.1659107,9.624691,0.0,0.0,0.0,0.0,0.0,0.0
0.31603462,4.2425256,9.5385,0.0,0.0,0.0,0.0,0.0,0.0
0.31603462,4.2425256,9.5385,0.0,0.0,0.0,0.0,0.0,0.0
0.32561144,4.2521024,9.5385,0.0,0.0,0.0,0.0,0.0,0.0
0.32561144,4.2521024,9.5385,0.0,0.0,0.0,0.0,0.0,0.0
0.30645782,4.1659107,9.80665,0.0,0.0,0.0,0.0,0.0,0.0
0.30645782,4.1659107,9.80665,0.0,0.0,0.0,0.0,0.0,0.0
0.29688102,4.10845,9.816227,0.0,0.0,0.0,0.0,0.0,0.0
0.29688102,4.10845,9.816227,0.0,0.0,0.0,0.0,0.0,0.0
0.2777274,4.185065,9.80665,0.0,0.0,0.0,0.0,0.0,0.0
0.2777274,4.185065,9.80665,0.0,0.0,0.0,0.0,0.0,0.0
0.24899697,4.280833,9.682152,0.0,0.0,0.0,0.0,0.0,0.0
0.24899697,4.280833,9.682152,0.0,0.0,0.0,0.0,0.0,0.0
0.23942018,4.3287168,9.701305,0.0,0.0,0.0,0.0,0.0,0.0
0.23942018,4.3287168,9.701305,0.0,0.0,0.0,0.0,0.0,0.0
0.20111294,4.3478703,9.672575,0.0,0.0,0.0,0.0,0.0,0.0
0.20111294,4.3478703,9.672575,0.0,0.0,0.0,0.0,0.0,0.0
0.15322891,4.31914,9.662998,0.0,0.0,0.0,0.0,0.0,0.0
0.15322891,4.31914,9.662998,0.0,0.0,0.0,0.0,0.0,0.0
0.11492168,4.4819455,9.835381,0.0,0.0,0.0,0.0,0.0,0.0
0.11492168,4.4819455,9.835381,0.0,0.0,0.0,0.0,0.0,0.0
0.12449849,4.4340615,9.883265,0.0,0.0,0.0,0.0,0.0,0.0
0.1436521,4.2425256,9.911995,0.0,0.0,0.0,0.0,0.0,0.0
0.1436521,4.2425256,9.911995,0.0,0.0,0.0,0.0,0.0,0.0
0.22026655,4.232949,9.672575,0.0,0.0,0.0,0.0,0.0,0.0
0.22026655,4.232949,9.672575,0.0,0.0,0.0,0.0,0.0,0.0
0.23942018,4.3957543,9.557653,0.0,0.0,0.0,0.0,0.0,0.0
0.23942018,4.3957543,9.557653,0.0,0.0,0.0,0.0,0.0,0.0
0.19153613,4.3861775,9.5385,0.0,0.0,0.0,0.0,0.0,0.0
0.19153613,4.3861775,9.5385,0.0,0.0,0.0,0.0,0.0,0.0
0.15322891,4.2425256,9.710882,0.0,0.0,0.0,0.0,0.0,0.0
0.15322891,4.2425256,9.710882,0.0,0.0,0.0,0.0,0.0,0.0
0.2681506,4.0318356,9.739613,0.0,0.0,0.0,0.0,0.0,0.0
0.2681506,4.0318356,9.739613,0.0,0.0,0.0,0.0,0.0,0.0
0.29688102,4.060566,9.548077,0.0,0.0,0.0,0.0,0.0,0.0
0.29688102,4.060566,9.548077,0.0,0.0,0.0,0.0,0.0,0.0
0.2873042,4.2042184,9.481039,0.0,0.0,0.0,0.0,0.0,0.0
0.2873042,4.2042184,9.481039,0.0,0.0,0.0,0.0,0.0,0.0
0.17238252,4.2521024,9.797073,0.0,0.0,0.0,0.0,0.0,0.0
0.17238252,4.2521024,9.797073,0.0,0.0,0.0,0.0,0.0,0.0
0.19153613,4.223372,9.921572,0.0,0.0,0.0,0.0,0.0,0.0
0.19153613,4.223372,9.921572,0.0,0.0,0.0,0.0,0.0,0.0
0.20111294,4.185065,9.940725,0.0,0.0,0.0,0.0,0.0,0.0
0.20111294,4.185065,9.940725,0.0,0.0,0.0,0.0,0.0,0.0
0.24899697,4.175488,9.864111,0.0,0.0,0.0,0.0,0.0,0.0
0.24899697,4.175488,9.864111,0.0,0.0,0.0,0.0,0.0,0.0
0.2681506,4.309563,9.691729,0.0,0.0,0.0,0.0,0.0,0.0
0.2681506,4.309563,9.691729,0.0,0.0,0.0,0.0,0.0,0.0
0.21068975,4.3287168,9.730036,0.0,0.0,0.0,0.0,0.0,0.0
0.21068975,4.3287168,9.730036,0.0,0.0,0.0,0.0,0.0,0.0
0.18195933,4.309563,9.816227,0.0,0.0,0.0,0.0,0.0,0.0
0.18195933,4.309563,9.816227,0.0,0.0,0.0,0.0,0.0,0.0
0.2681506,4.10845,9.701305,0.0,0.0,0.0,0.0,0.0,0.0
0.2681506,4.10845,9.701305,0.0,0.0,0.0,0.0,0.0,0.0
0.2873042,4.1276035,9.730036,0.0,0.0,0.0,0.0,0.0,0.0
0.2873042,4.1276035,9.730036,0.0,0.0,0.0,0.0,0.0,0.0
0.29688102,4.175488,9.768343,0.0,0.0,0.0,0.0,0.0,0.0
0.29688102,4.175488,9.768343,0.0,0.0,0.0,0.0,0.0,0.0
0.21068975,4.1946416,9.80665,0.0,0.0,0.0,0.0,0.0,0.0
0.21068975,4.1946416,9.80665,0.0,0.0,0.0,0.0,0.0,0.0
0.2681506,4.261679,9.605537,0.0,0.0,0.0,0.0,0.0,0.0
0.2681506,4.261679,9.605537,0.0,0.0,0.0,0.0,0.0,0.0
0.22026655,4.309563,9.701305,0.0,0.0,0.0,0.0,0.0,0.0
0.22026655,4.309563,9.701305,0.0,0.0,0.0,0.0,0.0,0.0
0.23942018,4.2521024,9.749189,0.0,0.0,0.0,0.0,0.0,0.0
0.23942018,4.232949,9.768343,0.0,0.0,0.0,0.0,0.0,0.0
0.23942018,4.232949,9.768343,0.0,0.0,0.0,0.0,0.0,0.0
0.17238252,4.3766007,9.77792,0.0,0.0,0.0,0.0,0.0,0.0
0.17238252,4.3766007,9.77792,0.0,0.0,0.0,0.0,0.0,0.0
0.10534488,4.501099,9.77792,0.0,0.0,0.0,0.0,0.0,0.0
0.10534488,4.501099,9.77792,0.0,0.0,0.0,0.0,0.0,0.0
0.1436521,4.4340615,9.739613,0.0,0.0,0.0,0.0,0.0,0.0
0.1436521,4.4340615,9.739613,0.0,0.0,0.0,0.0,0.0,0.0
0.34476504,4.050989,9.720459,0.0,0.0,0.0,0.0,0.0,0.0
0.34476504,4.050989,9.720459,0.0,0.0,0.0,0.0,0.0,0.0
0.49799395,4.1276035,9.730036,0.0,0.0,0.0,0.0,0.0,0.0
0.49799395,4.1276035,9.730036,0.0,0.0,0.0,0.0,0.0,0.0
0.5363012,4.0797195,9.80665,0.0,0.0,0.0,0.0,0.0,0.0
0.5363012,4.0797195,9.80665,0.0,0.0,0.0,0.0,0.0,0.0
0.4405331,3.916914,9.969456,0.0,0.0,0.0,0.0,0.0,0.0
0.4405331,3.916914,9.969456,0.0,0.0,0.0,0.0,0.0,0.0
0.37349546,4.156334,9.883265,0.0,0.0,0.0,0.0,0.0,0.0
0.37349546,4.156334,9.883265,0.0,0.0,0.0,0.0,0.0,0.0
0.35434186,4.261679,9.605537,0.0,0.0,0.0,0.0,0.0,0.0
0.35434186,4.261679,9.605537,0.0,0.0,0.0,0.0,0.0,0.0
0.36391866,4.3957543,9.576807,0.0,0.0,0.0,0.0,0.0,0.0
0.36391866,4.3957543,9.576807,0.0,0.0,0.0,0.0,0.0,0.0
0.16280572,4.2521024,9.988609,0.0,0.0,0.0,0.0,0.0,0.0
0.16280572,4.2521024,9.988609,0.0,0.0,0.0,0.0,0.0,0.0
0.30645782,4.2999864,9.758766,0.0,0.0,0.0,0.0,0.0,0.0
0.30645782,4.2999864,9.758766,0.0,0.0,0.0,0.0,0.0,0.0
0.23942018,4.31914,9.481039,0.0,0.0,0.0,0.0,0.0,0.0
0.23942018,4.31914,9.481039,0.0,0.0,0.0,0.0,0.0,0.0
0.32561144,4.31914,9.490616,0.0,0.0,0.0,0.0,0.0,0.0
0.32561144,4.31914,9.490616,0.0,0.0,0.0,0.0,0.0,0.0
0.08619126,4.5777135,9.80665,0.0,0.0,0.0,0.0,0.0,0.0
0.08619126,4.5777135,9.80665,0.0,0.0,0.0,0.0,0.0,0.0
0.06703765,4.8937483,9.892841,0.0,0.0,0.0,0.0,0.0,0.0
0.06703765,4.8937483,9.892841,0.0,0.0,0.0,0.0,0.0,0.0
0.21068975,4.5777135,9.864111,0.0,0.0,0.0,0.0,0.0,0.0
0.21068975,4.5777135,9.864111,0.0,0.0,0.0,0.0,0.0,0.0
0.25857377,3.821146,9.940725,0.0,0.0,0.0,0.0,0.0,0.0
0.25857377,3.821146,9.940725,0.0,0.0,0.0,0.0,0.0,0.0
0.40222588,3.821146,9.892841,0.0,0.0,0.0,0.0,0.0,0.0
0.40222588,3.821146,9.892841,0.0,0.0,0.0,0.0,0.0,0.0
0.4309563,3.7349546,9.605537,0.0,0.0,0.0,0.0,0.0,0.0
0.4309563,3.7349546,9.605537,0.0,0.0,0.0,0.0,0.0,0.0
0.23942018,3.9264908,9.519346,0.0,0.0,0.0,0.0,0.0,0.0
0.23942018,3.9264908,9.519346,0.0,0.0,0.0,0.0,0.0,0.0
0.7278373,4.4340615,9.32781,0.0,0.0,0.0,0.0,0.0,0.0
0.7278373,4.4340615,9.32781,0.0,0.0,0.0,0.0,0.0,0.0
0.7757214,3.8498764,9.222465,0.0,0.0,0.0,0.0,0.0,0.0
0.4309563,2.8060043,9.3182335,0.0,0.0,0.0,0.0,0.0,0.0
0.4309563,2.8060043,9.3182335,0.0,0.0,0.0,0.0,0.0,0.0
0.15322891,3.514688,9.519346,0.0,0.0,0.0,0.0,0.0,0.0
0.15322891,3.514688,9.519346,0.0,0.0,0.0,0.0,0.0,0.0
-0.05746084,4.271256,9.825804,0.0,0.0,0.0,0.0,0.0,0.0
-0.05746084,4.271256,9.825804,0.0,0.0,0.0,0.0,0.0,0.0
-0.2681506,3.6870706,9.998186,0.0,0.0,0.0,0.0,0.0,0.0
-0.2681506,3.6870706,9.998186,0.0,0.0,0.0,0.0,0.0,0.0
-0.24899697,2.030283,9.835381,0.0,0.0,0.0,0.0,0.0,0.0
-0.24899697,2.030283,9.835381,0.0,0.0,0.0,0.0,0.0,0.0
-0.22026655,3.1507695,10.716447,0.0,0.0,0.0,0.0,0.0,0.0
-0.22026655,3.1507695,10.716447,0.0,0.0,0.0,0.0,0.0,0.0
-0.4213795,3.1316159,10.955867,0.0,0.0,0.0,0.0,0.0,0.0
-0.4213795,3.1316159,10.955867,0.0,0.0,0.0,0.0,0.0,0.0
-0.4213795,3.1316159,10.955867,0.0,0.0,0.0,0.0,0.0,0.0
-0.46926352,3.0933087,10.955867,0.0,0.0,0.0,0.0,0.0,0.0
-0.41180268,3.122039,10.304645,0.0,0.0,0.0,0.0,0.0,0.0
-0.41180268,3.122039,10.304645,0.0,0.0,0.0,0.0,0.0,0.0
-0.22026655,2.9017725,10.362105,0.0,0.0,0.0,0.0,0.0,0.0
-0.22026655,2.9017725,10.362105,0.0,0.0,0.0,0.0,0.0,0.0
-0.35434186,2.6719291,10.70687,0.0,0.0,0.0,0.0,0.0,0.0
-0.35434186,2.6719291,10.70687,0.0,0.0,0.0,0.0,0.0,0.0
-0.38307226,2.4612393,10.70687,0.0,0.0,0.0,0.0,0.0,0.0
-0.38307226,2.4612393,10.70687,0.0,0.0,0.0,0.0,0.0,0.0
-0.23942018,2.336741,10.496181,0.0,0.0,0.0,0.0,0.0,0.0
-0.23942018,2.336741,10.496181,0.0,0.0,0.0,0.0,0.0,0.0
-0.6607997,2.336741,10.496181,0.0,0.0,0.0,0.0,0.0,0.0
-0.6607997,2.336741,10.496181,0.0,0.0,0.0,0.0,0.0,0.0
-0.89064306,2.4229321,10.247183,0.0,0.0,0.0,0.0,0.0,0.0
-0.89064306,2.4229321,10.247183,0.0,0.0,0.0,0.0,0.0,0.0
-0.842759,2.8921957,10.457873,0.0,0.0,0.0,0.0,0.0,0.0
-0.842759,2.8921957,10.457873,0.0,0.0,0.0,0.0,0.0,0.0
-0.94810385,3.1124623,10.572795,0.0,0.0,0.0,0.0,0.0,0.0
-0.94810385,3.1124623,10.572795,0.0,0.0,0.0,0.0,0.0,0.0
-0.8331822,3.323152,10.25676,0.0,0.0,0.0,0.0,0.0,0.0
-0.8331822,3.323152,10.25676,0.0,0.0,0.0,0.0,0.0,0.0
-0.7661445,3.9264908,9.80665,0.0,0.0,0.0,0.0,0.0,0.0
-0.7661445,3.9264908,9.80665,0.0,0.0,0.0,0.0,0.0,0.0
-0.91937345,4.7979803,9.528923,0.0,0.0,0.0,0.0,0.0,0.0
-0.91937345,4.7979803,9.528923,0.0,0.0,0.0,0.0,0.0,0.0
-0.89064306,4.7500963,9.471462,0.0,0.0,0.0,0.0,0.0,0.0
-0.89064306,4.7500963,9.471462,0.0,0.0,0.0,0.0,0.0,0.0
-0.641646,4.5202527,9.346964,0.0,0.0,0.0,0.0,0.0,0.0
-0.641646,4.5202527,9.346964,0.0,0.0,0.0,0.0,0.0,0.0
-0.7086837,4.2042184,9.308656,0.0,0.0,0.0,0.0,0.0,0.0
-0.7086837,4.2042184,9.308656,0.0,0.0,0.0,0.0,0.0,0.0
-1.8483237,3.9839516,9.864111,0.0,0.0,0.0,0.0,0.0,0.0
-1.8483237,3.9839516,9.864111,0.0,0.0,0.0,0.0,0.0,0.0
-1.8770541,4.2999864,10.199299,0.0,0.0,0.0,0.0,0.0,0.0
-1.8770541,4.2999864,10.199299,0.0,0.0,0.0,0.0,0.0,0.0
-1.8100165,4.2999864,10.342952,0.0,0.0,0.0,0.0,0.0,0.0
-1.8100165,4.2999864,10.342952,0.0,0.0,0.0,0.0,0.0,0.0
-1.0151415,3.8786068,10.218452,0.0,0.0,0.0,0.0,0.0,0.0
-1.0151415,3.8786068,10.218452,0.0,0.0,0.0,0.0,0.0,0.0
-1.0151415,3.8786068,10.218452,0.0,0.0,0.0,0.0,0.0,0.0
-0.6607997,3.8019924,9.452309,0.0,0.0,0.0,0.0,0.0,0.0
-0.6607997,3.8019924,9.452309,0.0,0.0,0.0,0.0,0.0,0.0
-0.8619126,3.6870706,9.212888,0.0,0.0,0.0,0.0,0.0,0.0
-0.8619126,3.6870706,9.212888,0.0,0.0,0.0,0.0,0.0,0.0
-0.4309563,3.8786068,9.490616,0.0,0.0,0.0,0.0,0.0,0.0
0.30645782,4.309563,9.988609,0.0,0.0,0.0,0.0,0.0,0.0
0.30645782,4.309563,9.988609,0.0,0.0,0.0,0.0,0.0,0.0
-0.076614454,4.6255975,9.682152,0.0,0.0,0.0,0.0,0.0,0.0
-0.076614454,4.6255975,9.682152,0.0,0.0,0.0,0.0,0.0,0.0
-0.076614454,4.6255975,9.682152,0.0,0.0,0.0,0.0,0.0,0.0
-0.33518824,3.7828386,9.519346,0.0,0.0,0.0,0.0,0.0,0.0
-0.33518824,3.7828386,9.519346,0.0,0.0,0.0,0.0,0.0,0.0
-0.34476504,3.8115692,9.481039,0.0,0.0,0.0,0.0,0.0,0.0
-0.34476504,3.8115692,9.481039,0.0,0.0,0.0,0.0,0.0,0.0
-0.34476504,4.2042184,9.80665,0.0,0.0,0.0,0.0,0.0,0.0
-0.34476504,4.2042184,9.80665,0.0,0.0,0.0,0.0,0.0,0.0
-0.6799533,3.4093432,8.925584,0.0,0.0,0.0,0.0,0.0,0.0
-0.6799533,3.4093432,8.925584,0.0,0.0,0.0,0.0,0.0,0.0
-0.7469909,4.223372,9.174581,0.0,0.0,0.0,0.0,0.0,0.0
-0.7469909,4.223372,9.174581,0.0,0.0,0.0,0.0,0.0,0.0
-0.59376204,4.7405195,10.036493,0.0,0.0,0.0,0.0,0.0,0.0
-0.59376204,4.7405195,10.036493,0.0,0.0,0.0,0.0,0.0,0.0
-0.81402856,4.7405195,9.356541,0.0,0.0,0.0,0.0,0.0,0.0
-0.81402856,4.7405195,9.356541,0.0,0.0,0.0,0.0,0.0,0.0
-1.9536686,5.6120086,8.264784,0.0,0.0,0.0,0.0,0.0,0.0
-1.9536686,5.6120086,8.264784,0.0,0.0,0.0,0.0,0.0,0.0
-1.4556746,6.7612257,9.576807,0.0,0.0,0.0,0.0,0.0,0.0
-0.9672575,6.4260373,9.452309,0.0,0.0,0.0,0.0,0.0,0.0
-0.9672575,6.4260373,9.452309,0.0,0.0,0.0,0.0,0.0,0.0
-0.9672575,6.4260373,9.452309,0.0,0.0,0.0,0.0,0.0,0.0
-1.5131354,5.3342814,8.1881695,0.0,0.0,0.0,0.0,0.0,0.0
-1.8579005,5.7269306,10.515334,0.0,0.0,0.0,0.0,0.0,0.0
-1.8579005,5.7269306,10.515334,0.0,0.0,0.0,0.0,0.0,0.0
-1.13964,5.535394,8.791509,0.0,0.0,0.0,0.0,0.0,0.0
-1.13964,5.535394,8.791509,0.0,0.0,0.0,0.0,0.0,0.0
-0.59376204,5.899313,8.169016,0.0,0.0,0.0,0.0,0.0,0.0
-0.59376204,5.899313,8.169016,0.0,0.0,0.0,0.0,0.0,0.0
0.5650316,5.8705826,9.050082,0.0,0.0,0.0,0.0,0.0,0.0
0.5650316,5.8705826,9.050082,0.0,0.0,0.0,0.0,0.0,0.0
0.5650316,5.8705826,9.050082,0.0,0.0,0.0,0.0,0.0,0.0
-0.2777274,4.76925,8.360553,0.0,0.0,0.0,0.0,0.0,0.0
-0.2777274,4.76925,8.360553,0.0,0.0,0.0,0.0,0.0,0.0
-0.2777274,4.76925,8.360553,0.0,0.0,0.0,0.0,0.0,0.0
-0.22984336,4.596867,7.9870567,0.0,0.0,0.0,0.0,0.0,0.0
-0.22984336,4.596867,7.9870567,0.0,0.0,0.0,0.0,0.0,0.0
-0.80445176,5.841852,8.2169,0.0,0.0,0.0,0.0,0.0,0.0
-0.80445176,5.841852,8.2169,0.0,0.0,0.0,0.0,0.0,0.0
-0.80445176,5.841852,8.2169,0.0,0.0,0.0,0.0,0.0,0.0
-0.78529817,5.93762,8.360553,0.0,0.0,0.0,0.0,0.0,0.0
-0.78529817,5.93762,8.360553,0.0,0.0,0.0,0.0,0.0,0.0
-1.0151415,5.6215854,8.169016,0.0,0.0,0.0,0.0,0.0,0.0
-1.1971009,5.6982,7.6614456,0.0,0.0,0.0,0.0,0.0,0.0
-1.1971009,5.6982,7.6614456,0.0,0.0,0.0,0.0,0.0,0.0
-1.2162545,5.861006,7.4507556,0.0,0.0,0.0,0.0,0.0,0.0
-1.2162545,5.861006,7.4507556,0.0,0.0,0.0,0.0,0.0,0.0
-0.94810385,5.592855,5.947197,0.0,0.0,0.0,0.0,0.0,0.0
-0.94810385,5.592855,5.947197,0.0,0.0,0.0,0.0,0.0,0.0
-0.90979666,5.4779334,4.673482,0.0,0.0,0.0,0.0,0.0,0.0
-0.90979666,5.4779334,4.673482,0.0,0.0,0.0,0.0,0.0,0.0
-1.3503298,5.2385135,3.466804,0.0,0.0,0.0,0.0,0.0,0.0
-1.3503298,5.2385135,3.466804,0.0,0.0,0.0,0.0,0.0,0.0
-0.7565677,4.9799395,1.2545617,0.0,0.0,0.0,0.0,0.0,0.0
-0.7565677,4.9799395,1.2545617,0.0,0.0,0.0,0.0,0.0,0.0
-1.1971009,4.5202527,0.2681506,0.0,0.0,0.0,0.0,0.0,0.0
-1.1971009,4.5202527,0.2681506,0.0,0.0,0.0,0.0,0.0,0.0
-2.719813,4.8841715,-0.35434186,0.0,0.0,0.0,0.0,0.0,0.0
-2.719813,4.8841715,-0.35434186,0.0,0.0,0.0,0.0,0.0,0.0
-2.5187001,2.4995465,-2.1547816,0.0,0.0,0.0,0.0,0.0,0.0
-2.5187001,2.4995465,-2.1547816,0.0,0.0,0.0,0.0,0.0,0.0
-3.3423057,1.2449849,-3.169923,0.0,0.0,0.0,0.0,0.0,0.0
-3.3423057,1.2449849,-3.169923,0.0,0.0,0.0,0.0,0.0,0.0
-4.9320555,-1.8866309,-2.6144683,0.0,0.0,0.0,0.0,0.0,0.0
-4.9320555,-1.8866309,-2.6144683,0.0,0.0,0.0,0.0,0.0,0.0
-6.129156,-3.2273839,-2.8538885,0.0,0.0,0.0,0.0,0.0,0.0
-6.129156,-3.2273839,-2.8538885,0.0,0.0,0.0,0.0,0.0,0.0
-6.129156,-3.2273839,-2.8538885,0.0,0.0,0.0,0.0,0.0,0.0
-9.394848,-5.535394,-0.29688102,0.0,0.0,0.0,0.0,0.0,0.0
-9.394848,-5.535394,-0.29688102,0.0,0.0,0.0,0.0,0.0,0.0
-12.315774,-6.167464,-0.4309563,0.0,0.0,0.0,0.0,0.0,0.0
-12.315774,-6.167464,-0.4309563,0.0,0.0,0.0,0.0,0.0,0.0
-16.510414,-6.933608,-0.90021986,0.0,0.0,0.0,0.0,0.0,0.0
-16.510414,-6.933608,-0.90021986,0.0,0.0,0.0,0.0,0.0,0.0
-19.603724,-9.069236,6.6750345,0.0,0.0,0.0,0.0,0.0,0.0
-19.603724,-9.069236,6.6750345,0.0,0.0,0.0,0.0,0.0,0.0
-19.603724,-7.8625584,9.787497,0.0,0.0,0.0,0.0,0.0,0.0
-19.603724,-7.8625584,9.787497,0.0,0.0,0.0,0.0,0.0,0.0
-19.603724,-3.6870706,11.597513,0.0,0.0,0.0,0.0,0.0,0.0
-19.603724,-3.6870706,11.597513,0.0,0.0,0.0,0.0,0.0,0.0
-19.603724,1.6950948,15.217546,0.0,0.0,0.0,0.0,0.0,0.0
-19.603724,6.1004257,18.224663,0.0,0.0,0.0,0.0,0.0,0.0
-19.603724,6.1004257,18.224663,0.0,0.0,0.0,0.0,0.0,0.0
-19.603724,6.1004257,18.224663,0.0,0.0,0.0,0.0,0.0,0.0
-19.603724,5.8705826,18.981232,0.0,0.0,0.0,0.0,0.0,0.0
-19.04827,3.2752678,16.883911,0.0,0.0,0.0,0.0,0.0,0.0
-19.04827,3.2752678,16.883911,0.0,0.0,0.0,0.0,0.0,0.0
-12.29662,1.2354081,11.21444,0.0,0.0,0.0,0.0,0.0,0.0
-12.29662,1.2354081,11.21444,0.0,0.0,0.0,0.0,0.0,0.0
-11.84651,1.6184803,10.103531,0.0,0.0,0.0,0.0,0.0,0.0
-11.84651,1.6184803,10.103531,0.0,0.0,0.0,0.0,0.0,0.0
-12.08593,1.7525556,9.787497,0.0,0.0,0.0,0.0,0.0,0.0
-12.08593,1.7525556,9.787497,0.0,0.0,0.0,0.0,0.0,0.0
-12.50731,1.685518,9.643845,0.0,0.0,0.0,0.0,0.0,0.0
-12.50731,1.685518,9.643845,0.0,0.0,0.0,0.0,0.0,0.0
-12.650962,-0.60333884,11.061212,0.0,0.0,0.0,0.0,0.0,0.0
-12.650962,-0.60333884,11.061212,0.0,0.0,0.0,0.0,0.0,0.0
-12.373235,-1.5610195,11.731588,0.0,0.0,0.0,0.0,0.0,0.0
-12.373235,-1.5610195,11.731588,0.0,0.0,0.0,0.0,0.0,0.0
-12.133814,-1.4173675,11.722012,0.0,0.0,0.0,0.0,0.0,0.0
-12.133814,-1.4173675,11.722012,0.0,0.0,0.0,0.0,0.0,0.0
-12.133814,-1.4173675,11.722012,0.0,0.0,0.0,0.0,0.0,0.0
-11.405977,-1.8291701,11.15698,0.0,0.0,0.0,0.0,0.0,0.0
-11.405977,-1.8291701,11.15698,0.0,0.0,0.0,0.0,0.0,0.0
-8.973468,-2.528277,10.160992,0.0,0.0,0.0,0.0,0.0,0.0
-8.973468,-2.528277,10.160992,0.0,0.0,0.0,0.0,0.0,0.0
-7.6614456,-3.0454245,9.768343,0.0,0.0,0.0,0.0,0.0,0.0
-7.6614456,-3.0454245,9.768343,0.0,0.0,0.0,0.0,0.0,0.0
-6.6271505,-2.7964275,9.011775,0.0,0.0,0.0,0.0,0.0,0.0
-6.6271505,-2.7964275,9.011775,0.0,0.0,0.0,0.0,0.0,0.0
-6.6271505,-2.7964275,9.011775,0.0,0.0,0.0,0.0,0.0,0.0
-5.899313,-1.1204864,6.0046577,0.0,0.0,0.0,0.0,0.0,0.0
-5.497087,-0.23942018,5.171476,0.0,0.0,0.0,0.0,0.0,0.0
-5.497087,-0.23942018,5.171476,0.0,0.0,0.0,0.0,0.0,0.0
-4.405331,-0.39264908,4.9320555,0.0,0.0,0.0,0.0,0.0,0.0
-4.405331,-0.39264908,4.9320555,0.0,0.0,0.0,0.0,0.0,0.0
-3.2752678,0.5650316,5.2480903,0.0,0.0,0.0,0.0,0.0,0.0
-3.2752678,0.5650316,5.2480903,0.0,0.0,0.0,0.0,0.0,0.0
-3.763685,0.35434186,3.265691,0.0,0.0,0.0,0.0,0.0,0.0
-3.763685,0.35434186,3.265691,0.0,0.0,0.0,0.0,0.0,0.0
-4.0797195,2.5187001,1.7238252,0.0,0.0,0.0,0.0,0.0,0.0
-4.0797195,2.5187001,1.7238252,0.0,0.0,0.0,0.0,0.0,0.0
-3.4572272,3.5529952,2.5953147,0.0,0.0,0.0,0.0,0.0,0.0
-3.4572272,3.5529952,2.5953147,0.0,0.0,0.0,0.0,0.0,0.0
-3.0933087,3.5817258,3.4476504,0.0,0.0,0.0,0.0,0.0,0.0
-3.0933087,3.5817258,3.4476504,0.0,0.0,0.0,0.0,0.0,0.0
-2.9592333,3.4859576,3.7445314,0.0,0.0,0.0,0.0,0.0,0.0
-2.9592333,3.4859576,3.7445314,0.0,0.0,0.0,0.0,0.0,0.0
-2.767697,4.098873,4.175488,0.0,0.0,0.0,0.0,0.0,0.0
-2.767697,4.098873,4.175488,0.0,0.0,0.0,0.0,0.0,0.0
-2.3942018,4.654328,4.7309427,0.0,0.0,0.0,0.0,0.0,0.0
-2.3942018,4.654328,4.7309427,0.0,0.0,0.0,0.0,0.0,0.0
-2.2026656,5.0661306,5.650316,0.0,0.0,0.0,0.0,0.0,0.0
-2.0494366,5.3438582,6.349423,0.0,0.0,0.0,0.0,0.0,0.0
-2.0494366,5.3438582,6.349423,0.0,0.0,0.0,0.0,0.0,0.0
-2.0494366,5.3438582,6.349423,0.0,0.0,0.0,0.0,0.0,0.0
-1.7525556,5.4779334,6.4164605,0.0,0.0,0.0,0.0,0.0,0.0
-1.7525556,5.4779334,6.4164605,0.0,0.0,0.0,0.0,0.0,0.0
-1.7525556,5.4779334,6.4164605,0.0,0.0,0.0,0.0,0.0,0.0
-1.5705963,5.90889,6.215348,0.0,0.0,0.0,0.0,0.0,0.0
-1.5705963,5.90889,6.215348,0.0,0.0,0.0,0.0,0.0,0.0
-1.6950948,5.765238,7.9104424,0.0,0.0,0.0,0.0,0.0,0.0
-1.6950948,5.765238,7.9104424,0.0,0.0,0.0,0.0,0.0,0.0
-1.484405,5.861006,8.42759,0.0,0.0,0.0,0.0,0.0,0.0
-1.484405,5.861006,8.42759,0.0,0.0,0.0,0.0,0.0,0.0
-1.3120226,5.995081,8.341399,0.0,0.0,0.0,0.0,0.0,0.0
-1.3120226,5.995081,8.341399,0.0,0.0,0.0,0.0,0.0,0.0
-1.3311762,5.995081,7.8529816,0.0,0.0,0.0,0.0,0.0,0.0
-1.3311762,5.995081,7.8529816,0.0,0.0,0.0,0.0,0.0,0.0
-0.9672575,5.841852,7.326257,0.0,0.0,0.0,0.0,0.0,0.0
-1.0247183,5.861006,7.680599,0.0,0.0,0.0,0.0,0.0,0.0
-1.0247183,5.861006,7.680599,0.0,0.0,0.0,0.0,0.0,0.0
-1.2066777,5.8801594,8.054094,0.0,0.0,0.0,0.0,0.0,0.0
-1.2066777,5.8801594,8.054094,0.0,0.0,0.0,0.0,0.0,0.0
-1.4556746,6.0525417,8.331821,0.0,0.0,0.0,0.0,0.0,0.0
-1.4556746,6.0525417,8.331821,0.0,0.0,0.0,0.0,0.0,0.0
-1.541866,5.93762,8.322245,0.0,0.0,0.0,0.0,0.0,0.0
-1.541866,5.93762,8.322245,0.0,0.0,0.0,0.0,0.0,0.0
-1.283292,5.93762,7.929596,0.0,0.0,0.0,0.0,0.0,0.0
-1.283292,5.93762,7.929596,0.0,0.0,0.0,0.0,0.0,0.0
-1.2545617,5.9663506,7.6710224,0.0,0.0,0.0,0.0,0.0,0.0
-1.2545617,5.9663506,7.6710224,0.0,0.0,0.0,0.0,0.0,0.0
-1.541866,6.090849,7.824251,0.0,0.0,0.0,0.0,0.0,0.0
-1.541866,6.090849,7.824251,0.0,0.0,0.0,0.0,0.0,0.0
-1.5897499,6.244078,7.776367,0.0,0.0,0.0,0.0,0.0,0.0
-1.5897499,6.244078,7.776367,0.0,0.0,0.0,0.0,0.0,0.0
-1.6567876,6.1195793,7.881712,0.0,0.0,0.0,0.0,0.0,0.0
-1.6567876,6.1195793,7.881712,0.0,0.0,0.0,0.0,0.0,0.0
-1.5514427,6.1004257,7.6710224,0.0,0.0,0.0,0.0,0.0,0.0
-1.4652514,5.93762,7.632715,0.0,0.0,0.0,0.0,0.0,0.0
-1.4652514,5.93762,7.632715,0.0,0.0,0.0,0.0,0.0,0.0
-1.4556746,5.8801594,7.747637,0.0,0.0,0.0,0.0,0.0,0.0
-1.4556746,5.8801594,7.747637,0.0,0.0,0.0,0.0,0.0,0.0
-1.5705963,6.0142345,7.9391727,0.0,0.0,0.0,0.0,0.0,0.0
-1.5705963,6.0142345,7.9391727,0.0,0.0,0.0,0.0,0.0,0.0
-1.7717092,6.3111157,7.824251,0.0,0.0,0.0,0.0,0.0,0.0
-1.7717092,6.3111157,7.824251,0.0,0.0,0.0,0.0,0.0,0.0
-1.7046716,6.4739213,7.785944,0.0,0.0,0.0,0.0,0.0,0.0
-1.7046716,6.4739213,7.785944,0.0,0.0,0.0,0.0,0.0,0.0
-1.6759412,6.3781533,7.642292,0.0,0.0,0.0,0.0,0.0,0.0
-1.6759412,6.3781533,7.642292,0.0,0.0,0.0,0.0,0.0,0.0
-1.6184803,6.2728086,7.52737,0.0,0.0,0.0,0.0,0.0,0.0
-1.6184803,6.2728086,7.52737,0.0,0.0,0.0,0.0,0.0,0.0
-1.4173675,6.0716953,7.5848308,0.0,0.0,0.0,0.0,0.0,0.0
-1.3120226,6.0142345,7.6614456,0.0,0.0,0.0,0.0,0.0,0.0
-1.3120226,6.0142345,7.6614456,0.0,0.0,0.0,0.0,0.0,0.0
-1.1971009,5.9663506,7.73806,0.0,0.0,0.0,0.0,0.0,0.0
-1.1971009,5.9663506,7.73806,0.0,0.0,0.0,0.0,0.0,0.0
-1.13964,6.0142345,7.73806,0.0,0.0,0.0,0.0,0.0,0.0
-1.13964,6.0142345,7.73806,0.0,0.0,0.0,0.0,0.0,0.0
-1.091756,5.889736,7.699753,0.0,0.0,0.0,0.0,0.0,0.0
-1.091756,5.889736,7.699753,0.0,0.0,0.0,0.0,0.0,0.0
-1.091756,5.7748146,7.872135,0.0,0.0,0.0,0.0,0.0,0.0
-1.091756,5.7748146,7.872135,0.0,0.0,0.0,0.0,0.0,0.0
-1.091756,5.7748146,7.872135,0.0,0.0,0.0,0.0,0.0,0.0
-1.2162545,5.6790466,7.97748,0.0,0.0,0.0,0.0,0.0,0.0
-1.2162545,5.6790466,7.97748,0.0,0.0,0.0,0.0,0.0,0.0
-1.3120226,5.6120086,7.795521,0.0,0.0,0.0,0.0,0.0,0.0
-1.3120226,5.6120086,7.795521,0.0,0.0,0.0,0.0,0.0,0.0
-1.6663644,5.602432,7.2592196,0.0,0.0,0.0,0.0,0.0,0.0
-1.6663644,5.602432,7.2592196,0.0,0.0,0.0,0.0,0.0,0.0
-1.9057846,5.3821654,6.694188,0.0,0.0,0.0,0.0,0.0,0.0
-1.9057846,5.3821654,6.694188,0.0,0.0,0.0,0.0,0.0,0.0
-2.3175871,4.8841715,6.0525417,0.0,0.0,0.0,0.0,0.0,0.0
-2.3175871,4.8841715,6.0525417,0.0,0.0,0.0,0.0,0.0,0.0
-2.6910827,4.960786,4.7979803,0.0,0.0,0.0,0.0,0.0,0.0
-2.6910827,4.960786,4.7979803,0.0,0.0,0.0,0.0,0.0,0.0
-2.6910827,4.960786,4.7979803,0.0,0.0,0.0,0.0,0.0,0.0
-2.873042,4.5777135,4.1276035,0.0,0.0,0.0,0.0,0.0,0.0
-2.873042,4.5777135,4.1276035,0.0,0.0,0.0,0.0,0.0,0.0
-3.5242648,2.1930888,2.5761611,0.0,0.0,0.0,0.0,0.0,0.0
-3.5242648,2.1930888,2.5761611,0.0,0.0,0.0,0.0,0.0,0.0
-3.5434184,1.4748282,2.183512,0.0,0.0,0.0,0.0,0.0,0.0
-3.5434184,1.4748282,2.183512,0.0,0.0,0.0,0.0,0.0,0.0
-3.4955344,1.8004397,2.3654714,0.0,0.0,0.0,0.0,0.0,0.0
-3.4955344,1.8004397,2.3654714,0.0,0.0,0.0,0.0,0.0,0.0
-5.9280434,0.11492168,2.9017725,0.0,0.0,0.0,0.0,0.0,0.0
-5.9280434,0.11492168,2.9017725,0.0,0.0,0.0,0.0,0.0,0.0
-6.14831,-0.9959879,2.882619,0.0,0.0,0.0,0.0,0.0,0.0
-6.14831,-0.9959879,2.882619,0.0,0.0,0.0,0.0,0.0,0.0
-6.14831,-0.9959879,2.882619,0.0,0.0,0.0,0.0,0.0,0.0
-5.66947,-0.641646,1.436521,0.0,0.0,0.0,0.0,0.0,0.0
-5.66947,-0.641646,1.436521,0.0,0.0,0.0,0.0,0.0,0.0
-6.943185,-1.541866,1.6950948,0.0,0.0,0.0,0.0,0.0,0.0
-6.943185,-1.541866,1.6950948,0.0,0.0,0.0,0.0,0.0,0.0
-8.025364,-3.1794999,2.135628,0.0,0.0,0.0,0.0,0.0,0.0
-8.025364,-3.1794999,2.135628,0.0,0.0,0.0,0.0,0.0,0.0
-10.055647,-4.7500963,2.1452048,0.0,0.0,0.0,0.0,0.0,0.0
-10.055647,-4.7500963,2.1452048,0.0,0.0,0.0,0.0,0.0,0.0
-11.664551,-5.4779334,2.6431987,0.0,0.0,0.0,0.0,0.0,0.0
-11.664551,-5.4779334,2.6431987,0.0,0.0,0.0,0.0,0.0,0.0
-14.317327,-7.038953,3.916914,0.0,0.0,0.0,0.0,0.0,0.0
-14.317327,-7.038953,3.916914,0.0,0.0,0.0,0.0,0.0,0.0
-16.701952,-6.8569937,6.7612257,0.0,0.0,0.0,0.0,0.0,0.0
-16.701952,-6.8569937,6.7612257,0.0,0.0,0.0,0.0,0.0,0.0
-17.27656,-3.6966474,7.0964136,0.0,0.0,0.0,0.0,0.0,0.0
-17.27656,-3.6966474,7.0964136,0.0,0.0,0.0,0.0,0.0,0.0
-16.577452,-5.267244,3.8594532,0.0,0.0,0.0,0.0,0.0,0.0
-16.577452,-5.267244,3.8594532,0.0,0.0,0.0,0.0,0.0,0.0
-15.160085,-5.755661,3.7732618,0.0,0.0,0.0,0.0,0.0,0.0
-15.160085,-5.755661,3.7732618,0.0,0.0,0.0,0.0,0.0,0.0
-13.493721,-5.353435,3.8786068,0.0,0.0,0.0,0.0,0.0,0.0
-13.493721,-5.353435,3.8786068,0.0,0.0,0.0,0.0,0.0,0.0
-12.152967,-6.3111157,3.3327289,0.0,0.0,0.0,0.0,0.0,0.0
-12.152967,-6.3111157,3.3327289,0.0,0.0,0.0,0.0,0.0,0.0
-11.808203,-7.393295,3.4572272,0.0,0.0,0.0,0.0,0.0,0.0
-11.808203,-7.393295,3.4572272,0.0,0.0,0.0,0.0,0.0,0.0
-11.291056,-7.2113357,3.6104562,0.0,0.0,0.0,0.0,0.0,0.0
-11.291056,-7.2113357,3.6104562,0.0,0.0,0.0,0.0,0.0,0.0
-10.793061,-6.9144545,3.821146,0.0,0.0,0.0,0.0,0.0,0.0
-10.793061,-6.9144545,3.821146,0.0,0.0,0.0,0.0,0.0,0.0
-10.831368,-7.393295,3.514688,0.0,0.0,0.0,0.0,0.0,0.0
-10.314221,-8.063671,2.2888567,0.0,0.0,0.0,0.0,0.0,0.0
-10.314221,-8.063671,2.2888567,0.0,0.0,0.0,0.0,0.0,0.0
-9.739613,-8.542512,1.436521,0.0,0.0,0.0,0.0,0.0,0.0
-9.739613,-8.542512,1.436521,0.0,0.0,0.0,0.0,0.0,0.0
-8.274361,-8.580819,0.7182605,0.0,0.0,0.0,0.0,0.0,0.0
-8.274361,-8.580819,0.7182605,0.0,0.0,0.0,0.0,0.0,0.0
-7.7189064,-8.42759,0.7086837,0.0,0.0,0.0,0.0,0.0,0.0
-7.7189064,-8.42759,0.7086837,0.0,0.0,0.0,0.0,0.0,0.0
-6.789956,-9.165004,0.5267244,0.0,0.0,0.0,0.0,0.0,0.0
-6.789956,-9.165004,0.5267244,0.0,0.0,0.0,0.0,0.0,0.0
-5.765238,-8.916007,0.62249243,0.0,0.0,0.0,0.0,0.0,0.0
-5.765238,-8.916007,0.62249243,0.0,0.0,0.0,0.0,0.0,0.0
-4.9799395,-7.7667904,1.4460979,0.0,0.0,0.0,0.0,0.0,0.0
-4.9799395,-7.7667904,1.4460979,0.0,0.0,0.0,0.0,0.0,0.0
-5.3247046,-7.5848308,1.5514427,0.0,0.0,0.0,0.0,0.0,0.0
-5.3247046,-7.5848308,1.5514427,0.0,0.0,0.0,0.0,0.0,0.0
-4.999093,-8.331821,2.4133554,0.0,0.0,0.0,0.0,0.0,0.0
-4.999093,-8.331821,2.4133554,0.0,0.0,0.0,0.0,0.0,0.0
-4.462792,-8.781932,4.0414124,0.0,0.0,0.0,0.0,0.0,0.0
-4.462792,-8.781932,4.0414124,0.0,0.0,0.0,0.0,0.0,0.0
-3.5338416,-7.7667904,5.363012,0.0,0.0,0.0,0.0,0.0,0.0
-3.5338416,-7.7667904,5.363012,0.0,0.0,0.0,0.0,0.0,0.0
-2.72939,-7.1155677,6.4164605,0.0,0.0,0.0,0.0,0.0,0.0
-2.72939,-7.1155677,6.4164605,0.0,0.0,0.0,0.0,0.0,0.0
-2.5761611,-7.1634517,6.943185,0.0,0.0,0.0,0.0,0.0,0.0
-2.3750482,-8.437167,6.9240313,0.0,0.0,0.0,0.0,0.0,0.0
-2.3750482,-8.437167,6.9240313,0.0,0.0,0.0,0.0,0.0,0.0
-2.3750482,-8.437167,6.9240313,0.0,0.0,0.0,0.0,0.0,0.0
-3.2944214,-9.011775,5.554548,0.0,0.0,0.0,0.0,0.0,0.0
-3.2944214,-9.011775,5.554548,0.0,0.0,0.0,0.0,0.0,0.0
-3.7924154,-10.036493,4.367024,0.0,0.0,0.0,0.0,0.0,0.0
-3.7924154,-10.036493,4.367024,0.0,0.0,0.0,0.0,0.0,0.0
-3.2273839,-9.682152,2.27928,0.0,0.0,0.0,0.0,0.0,0.0
-3.2273839,-9.682152,2.27928,0.0,0.0,0.0,0.0,0.0,0.0
-3.5625722,-7.0006456,0.45968673,0.0,0.0,0.0,0.0,0.0,0.0
-3.2561142,-8.015787,1.0630256,0.0,0.0,0.0,0.0,0.0,0.0
-3.2561142,-8.015787,1.0630256,0.0,0.0,0.0,0.0,0.0,0.0
-2.9592333,-9.232041,1.9536686,0.0,0.0,0.0,0.0,0.0,0.0
-2.9592333,-9.232041,1.9536686,0.0,0.0,0.0,0.0,0.0,0.0
-4.4915223,-8.896853,4.8362875,0.0,0.0,0.0,0.0,0.0,0.0
-4.4915223,-8.896853,4.8362875,0.0,0.0,0.0,0.0,0.0,0.0
-4.2904096,-8.810662,4.606444,0.0,0.0,0.0,0.0,0.0,0.0
-4.2904096,-8.810662,4.606444,0.0,0.0,0.0,0.0,0.0,0.0
-3.8115692,-8.925584,4.156334,0.0,0.0,0.0,0.0,0.0,0.0
-4.012682,-8.820239,4.280833,0.0,0.0,0.0,0.0,0.0,0.0
-4.012682,-8.820239,4.280833,0.0,0.0,0.0,0.0,0.0,0.0
-5.142745,-7.6710224,5.995081,0.0,0.0,0.0,0.0,0.0,0.0
-5.142745,-7.6710224,5.995081,0.0,0.0,0.0,0.0,0.0,0.0
-5.4683566,-6.291962,6.6846113,0.0,0.0,0.0,0.0,0.0,0.0
-5.4683566,-6.291962,6.6846113,0.0,0.0,0.0,0.0,0.0,0.0
-5.861006,-5.602432,7.0006456,0.0,0.0,0.0,0.0,0.0,0.0
-5.861006,-5.602432,7.0006456,0.0,0.0,0.0,0.0,0.0,0.0
-2.480393,-6.5984197,3.7445314,0.0,0.0,0.0,0.0,0.0,0.0
-2.480393,-6.5984197,3.7445314,0.0,0.0,0.0,0.0,0.0,0.0
-2.0685902,-8.025364,4.0318356,0.0,0.0,0.0,0.0,0.0,0.0
-2.0685902,-8.025364,4.0318356,0.0,0.0,0.0,0.0,0.0,0.0
-1.8100165,-8.90643,3.763685,0.0,0.0,0.0,0.0,0.0,0.0
-1.8100165,-8.90643,3.763685,0.0,0.0,0.0,0.0,0.0,0.0
-1.8100165,-8.90643,3.763685,0.0,0.0,0.0,0.0,0.0,0.0
-3.8977604,-7.1347213,3.9073372,0.0,0.0,0.0,0.0,0.0,0.0
-3.8977604,-7.1347213,3.9073372,0.0,0.0,0.0,0.0,0.0,0.0
-5.0374002,-6.742072,4.261679,0.0,0.0,0.0,0.0,0.0,0.0
-4.4915223,-7.4603324,5.9567738,0.0,0.0,0.0,0.0,0.0,0.0
-4.4915223,-7.4603324,5.9567738,0.0,0.0,0.0,0.0,0.0,0.0
-2.9783869,-9.375694,3.2273839,0.0,0.0,0.0,0.0,0.0,0.0
-2.9783869,-9.375694,3.2273839,0.0,0.0,0.0,0.0,0.0,0.0
-2.9783869,-8.925584,4.1276035,0.0,0.0,0.0,0.0,0.0,0.0
-2.9783869,-8.925584,4.1276035,0.0,0.0,0.0,0.0,0.0,0.0
-2.4995465,-8.944737,4.3287168,0.0,0.0,0.0,0.0,0.0,0.0
-2.4995465,-8.944737,4.3287168,0.0,0.0,0.0,0.0,0.0,0.0
-3.169923,-6.5122285,4.280833,0.0,0.0,0.0,0.0,0.0,0.0
-3.169923,-6.5122285,4.280833,0.0,0.0,0.0,0.0,0.0,0.0
-3.4380736,-5.9567738,4.5394063,0.0,0.0,0.0,0.0,0.0,0.0
-3.4380736,-5.9567738,4.5394063,0.0,0.0,0.0,0.0,0.0,0.0
-3.2848446,-5.391742,4.548983,0.0,0.0,0.0,0.0,0.0,0.0
-3.2848446,-5.391742,4.548983,0.0,0.0,0.0,0.0,0.0,0.0
-3.2848446,-5.391742,4.548983,0.0,0.0,0.0,0.0,0.0,0.0
-1.9728222,-4.855441,5.0278234,0.0,0.0,0.0,0.0,0.0,0.0
-1.9728222,-4.855441,5.0278234,0.0,0.0,0.0,0.0,0.0,0.0
-2.834735,-5.353435,4.261679,0.0,0.0,0.0,0.0,0.0,0.0
-2.834735,-5.353435,4.261679,0.0,0.0,0.0,0.0,0.0,0.0
-3.7445314,-6.1100025,4.4723687,0.0,0.0,0.0,0.0,0.0,0.0
-4.2999864,-6.5984197,5.2289367,0.0,0.0,0.0,0.0,0.0,0.0
-4.2999864,-6.5984197,5.2289367,0.0,0.0,0.0,0.0,0.0,0.0
-5.0757074,-7.699753,6.081272,0.0,0.0,0.0,0.0,0.0,0.0
-5.0757074,-7.699753,6.081272,0.0,0.0,0.0,0.0,0.0,0.0
-6.655881,-9.155427,4.7788267,0.0,0.0,0.0,0.0,0.0,0.0
-6.655881,-9.155427,4.7788267,0.0,0.0,0.0,0.0,0.0,0.0
-5.5258174,-5.305551,6.196194,0.0,0.0,0.0,0.0,0.0,0.0
-5.5258174,-5.305551,6.196194,0.0,0.0,0.0,0.0,0.0,0.0
-6.1100025,-4.654328,6.991069,0.0,0.0,0.0,0.0,0.0,0.0
-6.1100025,-4.654328,6.991069,0.0,0.0,0.0,0.0,0.0,0.0
-7.0964136,-5.6215854,6.933608,0.0,0.0,0.0,0.0,0.0,0.0
-7.0964136,-5.6215854,6.933608,0.0,0.0,0.0,0.0,0.0,0.0
-8.1402855,-6.83784,6.4547677,0.0,0.0,0.0,0.0,0.0,0.0
-8.1402855,-6.83784,6.4547677,0.0,0.0,0.0,0.0,0.0,0.0
-7.843405,-6.991069,5.707777,0.0,0.0,0.0,0.0,0.0,0.0
-7.843405,-6.991069,5.707777,0.0,0.0,0.0,0.0,0.0,0.0
-7.5944076,-6.435614,5.056554,0.0,0.0,0.0,0.0,0.0,0.0
-7.5944076,-6.435614,5.056554,0.0,0.0,0.0,0.0,0.0,0.0
-6.081272,-6.8761473,3.8594532,0.0,0.0,0.0,0.0,0.0,0.0
-6.081272,-6.8761473,3.8594532,0.0,0.0,0.0,0.0,0.0,0.0
-6.5218053,-5.841852,3.86903,0.0,0.0,0.0,0.0,0.0,0.0
-6.5218053,-5.841852,3.86903,0.0,0.0,0.0,0.0,0.0,0.0
-7.642292,-5.257667,4.4436383,0.0,0.0,0.0,0.0,0.0,0.0
-7.642292,-5.257667,4.4436383,0.0,0.0,0.0,0.0,0.0,0.0
-9.155427,-4.7884035,5.5641246,0.0,0.0,0.0,0.0,0.0,0.0
-9.155427,-4.7884035,5.5641246,0.0,0.0,0.0,0.0,0.0,0.0
-9.260772,-2.4133554,6.196194,0.0,0.0,0.0,0.0,0.0,0.0
-8.868123,-2.327164,5.602432,0.0,0.0,0.0,0.0,0.0,0.0
-8.868123,-2.327164,5.602432,0.0,0.0,0.0,0.0,0.0,0.0
-7.642292,-3.6583402,5.2002063,0.0,0.0,0.0,0.0,0.0,0.0
-7.642292,-3.6583402,5.2002063,0.0,0.0,0.0,0.0,0.0,0.0
-6.7229185,-4.501099,5.21936,0.0,0.0,0.0,0.0,0.0,0.0
-6.7229185,-4.501099,5.21936,0.0,0.0,0.0,0.0,0.0,0.0
-7.3166804,-4.453215,6.3589997,0.0,0.0,0.0,0.0,0.0,0.0
-7.3166804,-4.453215,6.3589997,0.0,0.0,0.0,0.0,0.0,0.0
-7.1347213,-5.2480903,5.631162,0.0,0.0,0.0,0.0,0.0,0.0
-7.1347213,-5.2480903,5.631162,0.0,0.0,0.0,0.0,0.0,0.0
-7.374141,-5.085284,4.999093,0.0,0.0,0.0,0.0,0.0,0.0
-7.374141,-5.085284,4.999093,0.0,0.0,0.0,0.0,0.0,0.0
-6.9240313,-4.7309427,4.4819455,0.0,0.0,0.0,0.0,0.0,0.0
-6.9240313,-4.7309427,4.4819455,0.0,0.0,0.0,0.0,0.0,0.0
-7.393295,-5.21936,5.161899,0.0,0.0,0.0,0.0,0.0,0.0
-7.393295,-5.21936,5.161899,0.0,0.0,0.0,0.0,0.0,0.0
-7.5848308,-5.717354,5.707777,0.0,0.0,0.0,0.0,0.0,0.0
-7.5848308,-5.717354,5.707777,0.0,0.0,0.0,0.0,0.0,0.0
-7.9583263,-3.763685,5.717354,0.0,0.0,0.0,0.0,0.0,0.0
-7.9583263,-3.763685,5.717354,0.0,0.0,0.0,0.0,0.0,0.0
-7.776367,-3.572149,5.4300494,0.0,0.0,0.0,0.0,0.0,0.0
-7.240066,-3.964798,4.7979803,0.0,0.0,0.0,0.0,0.0,0.0
-7.240066,-3.964798,4.7979803,0.0,0.0,0.0,0.0,0.0,0.0
-7.240066,-3.964798,4.7979803,0.0,0.0,0.0,0.0,0.0,0.0
-7.3549876,-3.86903,4.7884035,0.0,0.0,0.0,0.0,0.0,0.0
-8.121132,-3.0550013,3.821146,0.0,0.0,0.0,0.0,0.0,0.0
-8.121132,-3.0550013,3.821146,0.0,0.0,0.0,0.0,0.0,0.0
-8.571242,-3.6966474,3.7349546,0.0,0.0,0.0,0.0,0.0,0.0
-8.571242,-3.6966474,3.7349546,0.0,0.0,0.0,0.0,0.0,0.0
-7.2592196,-4.175488,4.185065,0.0,0.0,0.0,0.0,0.0,0.0
-7.2592196,-4.175488,4.185065,0.0,0.0,0.0,0.0,0.0,0.0
-6.244078,-6.445191,3.122039,0.0,0.0,0.0,0.0,0.0,0.0
-6.244078,-6.445191,3.122039,0.0,0.0,0.0,0.0,0.0,0.0
-6.483498,-7.479486,2.5474305,0.0,0.0,0.0,0.0,0.0,0.0
-6.483498,-7.479486,2.5474305,0.0,0.0,0.0,0.0,0.0,0.0
-7.3549876,-6.8091097,2.3175871,0.0,0.0,0.0,0.0,0.0,0.0
-7.3549876,-6.8091097,2.3175871,0.0,0.0,0.0,0.0,0.0,0.0
-8.025364,-6.445191,2.1930888,0.0,0.0,0.0,0.0,0.0,0.0
-8.025364,-6.445191,2.1930888,0.0,0.0,0.0,0.0,0.0,0.0
-9.030929,-5.1810527,2.2122424,0.0,0.0,0.0,0.0,0.0,0.0
-9.030929,-5.1810527,2.2122424,0.0,0.0,0.0,0.0,0.0,0.0
-9.222465,-6.205771,2.9017725,0.0,0.0,0.0,0.0,0.0,0.0
-9.222465,-6.205771,2.9017725,0.0,0.0,0.0,0.0,0.0,0.0
-8.293514,-7.0485296,2.882619,0.0,0.0,0.0,0.0,0.0,0.0
-8.293514,-7.0485296,2.882619,0.0,0.0,0.0,0.0,0.0,0.0
-6.8569937,-5.535394,3.1028855,0.0,0.0,0.0,0.0,0.0,0.0
-6.8569937,-5.535394,3.1028855,0.0,0.0,0.0,0.0,0.0,0.0
-3.9743748,-4.7884035,2.8443117,0.0,0.0,0.0,0.0,0.0,0.0
-3.9743748,-4.7884035,2.8443117,0.0,0.0,0.0,0.0,0.0,0.0
-5.7748146,-8.197746,0.2873042,0.0,0.0,0.0,0.0,0.0,0.0
-5.7748146,-8.197746,0.2873042,0.0,0.0,0.0,0.0,0.0,0.0
-7.0485296,-6.6175733,1.340753,0.0,0.0,0.0,0.0,0.0,0.0
-6.2249246,-7.2687964,0.78529817,0.0,0.0,0.0,0.0,0.0,0.0
-6.2249246,-7.2687964,0.78529817,0.0,0.0,0.0,0.0,0.0,0.0
-7.8050976,-7.067683,0.8523358,0.0,0.0,0.0,0.0,0.0,0.0
-7.8050976,-7.067683,0.8523358,0.0,0.0,0.0,0.0,0.0,0.0
-8.724471,-6.789956,1.1683705,0.0,0.0,0.0,0.0,0.0,0.0
-8.724471,-6.789956,1.1683705,0.0,0.0,0.0,0.0,0.0,0.0
-9.615114,-6.4643445,1.2737153,0.0,0.0,0.0,0.0,0.0,0.0
-9.615114,-6.4643445,1.2737153,0.0,0.0,0.0,0.0,0.0,0.0
-8.418014,-6.5026517,1.1683705,0.0,0.0,0.0,0.0,0.0,0.0
-8.418014,-6.5026517,1.1683705,0.0,0.0,0.0,0.0,0.0,0.0
-7.240066,-6.6654577,0.7469909,0.0,0.0,0.0,0.0,0.0,0.0
-7.240066,-6.6654577,0.7469909,0.0,0.0,0.0,0.0,0.0,0.0
-6.2728086,-6.5218053,1.1971009,0.0,0.0,0.0,0.0,0.0,0.0
-6.2728086,-6.5218053,1.1971009,0.0,0.0,0.0,0.0,0.0,0.0
-5.995081,-6.1195793,-0.21068975,0.0,0.0,0.0,0.0,0.0,0.0
-5.995081,-6.1195793,-0.21068975,0.0,0.0,0.0,0.0,0.0,0.0
-5.985504,-5.2959743,-1.0342951,0.0,0.0,0.0,0.0,0.0,0.0
-5.985504,-5.2959743,-1.0342951,0.0,0.0,0.0,0.0,0.0,0.0
-5.45878,-4.31914,-1.6472107,0.0,0.0,0.0,0.0,0.0,0.0
-5.45878,-4.31914,-1.6472107,0.0,0.0,0.0,0.0,0.0,0.0
-3.8977604,-2.9879637,-0.12449849,0.0,0.0,0.0,0.0,0.0,0.0
-3.169923,-3.0550013,0.6991069,0.0,0.0,0.0,0.0,0.0,0.0
-3.169923,-3.0550013,0.6991069,0.0,0.0,0.0,0.0,0.0,0.0
-2.0685902,-2.8538885,1.3503298,0.0,0.0,0.0,0.0,0.0,0.0
-2.0685902,-2.8538885,1.3503298,0.0,0.0,0.0,0.0,0.0,0.0
-1.4077905,-4.6830587,-0.08619126,0.0,0.0,0.0,0.0,0.0,0.0
-1.4077905,-4.6830587,-0.08619126,0.0,0.0,0.0,0.0,0.0,0.0
0.93852705,-6.042965,-1.1109096,0.0,0.0,0.0,0.0,0.0,0.0
0.93852705,-6.042965,-1.1109096,0.0,0.0,0.0,0.0,0.0,0.0
-1.9153614,-7.603985,2.1260512,0.0,0.0,0.0,0.0,0.0,0.0
-1.9153614,-7.603985,2.1260512,0.0,0.0,0.0,0.0,0.0,0.0
-2.9975405,-4.673482,-6.339846,0.0,0.0,0.0,0.0,0.0,0.0
-2.9975405,-4.673482,-6.339846,0.0,0.0,0.0,0.0,0.0,0.0
-0.8714894,-7.2113357,-3.5051112,0.0,0.0,0.0,0.0,0.0,0.0
-0.8714894,-7.2113357,-3.5051112,0.0,0.0,0.0,0.0,0.0,0.0
1.3790601,-19.603724,4.8745947,0.0,0.0,0.0,0.0,0.0,0.0
1.3790601,-19.603724,4.8745947,0.0,0.0,0.0,0.0,0.0,0.0
1.436521,-8.303091,0.62249243,0.0,0.0,0.0,0.0,0.0,0.0
1.436521,-8.303091,0.62249243,0.0,0.0,0.0,0.0,0.0,0.0
1.3311762,-5.544971,0.38307226,0.0,0.0,0.0,0.0,0.0,0.0
1.3311762,-5.544971,0.38307226,0.0,0.0,0.0,0.0,0.0,0.0
1.436521,-6.1387334,0.7469909,0.0,0.0,0.0,0.0,0.0,0.0
1.436521,-6.1387334,0.7469909,0.0,0.0,0.0,0.0,0.0,0.0
2.336741,-10.70687,-0.35434186,0.0,0.0,0.0,0.0,0.0,0.0
2.336741,-10.70687,-0.35434186,0.0,0.0,0.0,0.0,0.0,0.0
2.336741,-10.70687,-0.35434186,0.0,0.0,0.0,0.0,0.0,0.0
2.078167,-10.860099,-0.91937345,0.0,0.0,0.0,0.0,0.0,0.0
2.078167,-10.860099,-0.91937345,0.0,0.0,0.0,0.0,0.0,0.0
1.1492168,-9.299079,-2.1164744,0.0,0.0,0.0,0.0,0.0,0.0
1.1492168,-9.299079,-2.1164744,0.0,0.0,0.0,0.0,0.0,0.0
0.94810385,-9.155427,-2.5570073,0.0,0.0,0.0,0.0,0.0,0.0
0.94810385,-9.155427,-2.5570073,0.0,0.0,0.0,0.0,0.0,0.0
0.8523358,-9.241618,-2.9400797,0.0,0.0,0.0,0.0,0.0,0.0
0.8523358,-9.241618,-2.9400797,0.0,0.0,0.0,0.0,0.0,0.0
0.46926352,-9.854534,-3.8786068,0.0,0.0,0.0,0.0,0.0,0.0
0.40222588,-10.093954,-4.0222588,0.0,0.0,0.0,0.0,0.0,0.0
0.40222588,-10.093954,-4.0222588,0.0,0.0,0.0,0.0,0.0,0.0
0.29688102,-9.969456,-3.6487634,0.0,0.0,0.0,0.0,0.0,0.0
0.29688102,-9.969456,-3.6487634,0.0,0.0,0.0,0.0,0.0,0.0
0.17238252,-9.730036,-3.016694,0.0,0.0,0.0,0.0,0.0,0.0
0.17238252,-9.730036,-3.016694,0.0,0.0,0.0,0.0,0.0,0.0
0.076614454,-9.375694,-2.1930888,0.0,0.0,0.0,0.0,0.0,0.0
0.076614454,-9.375694,-2.1930888,0.0,0.0,0.0,0.0,0.0,0.0
0.047884032,-9.107543,-1.7621324,0.0,0.0,0.0,0.0,0.0,0.0
0.047884032,-9.107543,-1.7621324,0.0,0.0,0.0,0.0,0.0,0.0
0.095768064,-9.519346,-1.5035586,0.0,0.0,0.0,0.0,0.0,0.0
0.095768064,-9.519346,-1.5035586,0.0,0.0,0.0,0.0,0.0,0.0
0.0,-9.672575,-0.9768343,0.0,0.0,0.0,0.0,0.0,0.0
0.0,-9.672575,-0.9768343,0.0,0.0,0.0,0.0,0.0,0.0
0.0,-8.628703,-0.545878,0.0,0.0,0.0,0.0,0.0,0.0
0.0,-8.628703,-0.545878,0.0,0.0,0.0,0.0,0.0,0.0
0.36391866,-9.069236,-0.16280572,0.0,0.0,0.0,0.0,0.0,0.0
0.36391866,-9.069236,-0.16280572,0.0,0.0,0.0,0.0,0.0,0.0
0.51714754,-10.036493,-0.009576807,0.0,0.0,0.0,0.0,0.0,0.0
0.51714754,-10.036493,-0.009576807,0.0,0.0,0.0,0.0,0.0,0.0
1.532289,-10.208876,-0.49799395,0.0,0.0,0.0,0.0,0.0,0.0
1.532289,-10.208876,-0.49799395,0.0,0.0,0.0,0.0,0.0,0.0
1.7238252,-9.873688,-1.043872,0.0,0.0,0.0,0.0,0.0,0.0
1.7238252,-9.873688,-1.043872,0.0,0.0,0.0,0.0,0.0,0.0
1.3599066,-9.605537,-1.9728222,0.0,0.0,0.0,0.0,0.0,0.0
1.3599066,-9.605537,-1.9728222,0.0,0.0,0.0,0.0,0.0,0.0
1.091756,-9.385271,-2.4229321,0.0,0.0,0.0,0.0,0.0,0.0
1.091756,-9.385271,-2.4229321,0.0,0.0,0.0,0.0,0.0,0.0
0.47884035,-9.576807,-2.5378537,0.0,0.0,0.0,0.0,0.0,0.0
0.47884035,-9.576807,-2.5378537,0.0,0.0,0.0,0.0,0.0,0.0
0.24899697,-9.653421,-2.384625,0.0,0.0,0.0,0.0,0.0,0.0
0.24899697,-9.653421,-2.384625,0.0,0.0,0.0,0.0,0.0,0.0
0.02873042,-9.787497,-2.2218192,0.0,0.0,0.0,0.0,0.0,0.0
0.02873042,-9.787497,-2.2218192,0.0,0.0,0.0,0.0,0.0,0.0
-0.23942018,-9.270349,-1.8483237,0.0,0.0,0.0,0.0,0.0,0.0
-0.23942018,-9.270349,-1.8483237,0.0,0.0,0.0,0.0,0.0,0.0
-0.24899697,-9.050082,-1.484405,0.0,0.0,0.0,0.0,0.0,0.0
-0.36391866,-9.528923,-1.2449849,0.0,0.0,0.0,0.0,0.0,0.0
-0.36391866,-9.528923,-1.2449849,0.0,0.0,0.0,0.0,0.0,0.0
-1.1492168,-10.218452,-1.091756,0.0,0.0,0.0,0.0,0.0,0.0
-1.1492168,-10.218452,-1.091756,0.0,0.0,0.0,0.0,0.0,0.0
-1.6089035,-10.189722,-1.0247183,0.0,0.0,0.0,0.0,0.0,0.0
-1.6089035,-10.189722,-1.0247183,0.0,0.0,0.0,0.0,0.0,0.0
-1.9153614,-10.352529,-0.9768343,0.0,0.0,0.0,0.0,0.0,0.0
-1.9153614,-10.352529,-0.9768343,0.0,0.0,0.0,0.0,0.0,0.0
-2.2888567,-10.342952,-1.1013328,0.0,0.0,0.0,0.0,0.0,0.0
-2.2888567,-10.342952,-1.1013328,0.0,0.0,0.0,0.0,0.0,0.0
-2.7868507,-10.055647,-1.3120226,0.0,0.0,0.0,0.0,0.0,0.0
-2.7868507,-10.055647,-1.3120226,0.0,0.0,0.0,0.0,0.0,0.0
-3.074155,-10.429143,-1.4652514,0.0,0.0,0.0,0.0,0.0,0.0
-3.074155,-10.429143,-1.4652514,0.0,0.0,0.0,0.0,0.0,0.0
-3.2465374,-10.67814,-1.4748282,0.0,0.0,0.0,0.0,0.0,0.0
-3.2465374,-10.67814,-1.4748282,0.0,0.0,0.0,0.0,0.0,0.0
-3.371036,-10.869676,-1.436521,0.0,0.0,0.0,0.0,0.0,0.0
-3.371036,-10.869676,-1.436521,0.0,0.0,0.0,0.0,0.0,0.0
-3.074155,-11.128249,-1.4652514,0.0,0.0,0.0,0.0,0.0,0.0
-3.074155,-11.128249,-1.4652514,0.0,0.0,0.0,0.0,0.0,0.0
-2.8538885,-11.520899,-1.484405,0.0,0.0,0.0,0.0,0.0,0.0
-2.8538885,-11.520899,-1.484405,0.0,0.0,0.0,0.0,0.0,0.0
-2.920926,-11.252748,-1.5610195,0.0,0.0,0.0,0.0,0.0,0.0
-2.920926,-11.252748,-1.5610195,0.0,0.0,0.0,0.0,0.0,0.0
-2.585738,-9.892841,-1.6184803,0.0,0.0,0.0,0.0,0.0,0.0
-2.585738,-9.892841,-1.6184803,0.0,0.0,0.0,0.0,0.0,0.0
-2.432509,-9.730036,-1.5993267,0.0,0.0,0.0,0.0,0.0,0.0
-2.432509,-9.730036,-1.5993267,0.0,0.0,0.0,0.0,0.0,0.0
-2.5091233,-10.151415,-1.5801731,0.0,0.0,0.0,0.0,0.0,0.0
-2.5091233,-10.151415,-1.5801731,0.0,0.0,0.0,0.0,0.0,0.0
-2.5953147,-10.228029,-1.532289,0.0,0.0,0.0,0.0,0.0,0.0
-2.5953147,-10.228029,-1.532289,0.0,0.0,0.0,0.0,0.0,0.0
-2.3463178,-9.471462,-1.3790601,0.0,0.0,0.0,0.0,0.0,0.0
-2.3463178,-9.471462,-1.3790601,0.0,0.0,0.0,0.0,0.0,0.0
-2.3558946,-9.557653,-1.3120226,0.0,0.0,0.0,0.0,0.0,0.0
-2.3558946,-9.557653,-1.3120226,0.0,0.0,0.0,0.0,0.0,0.0
-2.327164,-9.356541,-1.1013328,0.0,0.0,0.0,0.0,0.0,0.0
-2.1164744,-8.360553,-0.61291564,0.0,0.0,0.0,0.0,0.0,0.0
-2.1164744,-8.360553,-0.61291564,0.0,0.0,0.0,0.0,0.0,0.0
-2.0494366,-8.331821,-0.45010993,0.0,0.0,0.0,0.0,0.0,0.0
-2.0494366,-8.331821,-0.45010993,0.0,0.0,0.0,0.0,0.0,0.0
-2.0494366,-8.331821,-0.45010993,0.0,0.0,0.0,0.0,0.0,0.0
-2.0494366,-8.513782,-0.32561144,0.0,0.0,0.0,0.0,0.0,0.0
-1.9728222,-8.552089,-0.1340753,0.0,0.0,0.0,0.0,0.0,0.0
-1.9728222,-8.552089,-0.1340753,0.0,0.0,0.0,0.0,0.0,0.0
-1.8291701,-8.552089,0.1340753,0.0,0.0,0.0,0.0,0.0,0.0
-1.8291701,-8.552089,0.1340753,0.0,0.0,0.0,0.0,0.0,0.0
-1.7908629,-8.734048,0.22984336,0.0,0.0,0.0,0.0,0.0,0.0
-1.7908629,-8.734048,0.22984336,0.0,0.0,0.0,0.0,0.0,0.0
-1.6472107,-8.90643,0.2681506,0.0,0.0,0.0,0.0,0.0,0.0
-1.6472107,-8.90643,0.2681506,0.0,0.0,0.0,0.0,0.0,0.0
-1.4077905,-9.078813,0.36391866,0.0,0.0,0.0,0.0,0.0,0.0
-1.4077905,-9.078813,0.36391866,0.0,0.0,0.0,0.0,0.0,0.0
-1.3694834,-9.107543,0.4309563,0.0,0.0,0.0,0.0,0.0,0.0
-1.3694834,-9.107543,0.4309563,0.0,0.0,0.0,0.0,0.0,0.0
-1.3215994,-9.308656,0.4405331,0.0,0.0,0.0,0.0,0.0,0.0
-1.3215994,-9.308656,0.4405331,0.0,0.0,0.0,0.0,0.0,0.0
-1.283292,-9.461885,0.4213795,0.0,0.0,0.0,0.0,0.0,0.0
-1.283292,-9.461885,0.4213795,0.0,0.0,0.0,0.0,0.0,0.0
-1.2258313,-9.691729,0.10534488,0.0,0.0,0.0,0.0,0.0,0.0
-1.2258313,-9.691729,0.10534488,0.0,0.0,0.0,0.0,0.0,0.0
-1.2258313,-9.691729,0.10534488,0.0,0.0,0.0,0.0,0.0,0.0
-0.93852705,-9.548077,-0.33518824,0.0,0.0,0.0,0.0,0.0,0.0
-0.79487497,-9.481039,-0.6703765,0.0,0.0,0.0,0.0,0.0,0.0
-0.79487497,-9.481039,-0.6703765,0.0,0.0,0.0,0.0,0.0,0.0
-0.6703765,-9.557653,-1.1109096,0.0,0.0,0.0,0.0,0.0,0.0
-0.6703765,-9.557653,-1.1109096,0.0,0.0,0.0,0.0,0.0,0.0
-0.61291564,-9.605537,-1.436521,0.0,0.0,0.0,0.0,0.0,0.0
-0.61291564,-9.605537,-1.436521,0.0,0.0,0.0,0.0,0.0,0.0
-0.62249243,-9.500193,-2.4133554,0.0,0.0,0.0,0.0,0.0,0.0
-0.62249243,-9.500193,-2.4133554,0.0,0.0,0.0,0.0,0.0,0.0
-0.5554548,-9.481039,-2.8538885,0.0,0.0,0.0,0.0,0.0,0.0
-0.5554548,-9.481039,-2.8538885,0.0,0.0,0.0,0.0,0.0,0.0
-0.6799533,-9.212888,-2.9017725,0.0,0.0,0.0,0.0,0.0,0.0
-0.6799533,-9.212888,-2.9017725,0.0,0.0,0.0,0.0,0.0,0.0
-1.6472107,-9.184157,-1.9632454,0.0,0.0,0.0,0.0,0.0,0.0
-1.6472107,-9.184157,-1.9632454,0.0,0.0,0.0,0.0,0.0,0.0
-1.9249382,-9.279925,-1.8004397,0.0,0.0,0.0,0.0,0.0,0.0
-1.9249382,-9.279925,-1.8004397,0.0,0.0,0.0,0.0,0.0,0.0
-2.1164744,-9.308656,-1.7525556,0.0,0.0,0.0,0.0,0.0,0.0
-2.1164744,-9.308656,-1.7525556,0.0,0.0,0.0,0.0,0.0,0.0
-2.2026656,-9.481039,-1.7717092,0.0,0.0,0.0,0.0,0.0,0.0
-2.2026656,-9.481039,-1.7717092,0.0,0.0,0.0,0.0,0.0,0.0
-2.2984335,-9.548077,-1.4939818,0.0,0.0,0.0,0.0,0.0,0.0
-2.2984335,-9.548077,-1.4939818,0.0,0.0,0.0,0.0,0.0,0.0
-2.2505496,-9.414001,-1.3215994,0.0,0.0,0.0,0.0,0.0,0.0
-2.2505496,-9.414001,-1.3215994,0.0,0.0,0.0,0.0,0.0,0.0
-2.2409728,-9.270349,-1.1109096,0.0,0.0,0.0,0.0,0.0,0.0
-2.2409728,-9.270349,-1.1109096,0.0,0.0,0.0,0.0,0.0,0.0
-2.231396,-9.021352,-0.7182605,0.0,0.0,0.0,0.0,0.0,0.0
-2.2697031,-9.097966,-0.63206923,0.0,0.0,0.0,0.0,0.0,0.0
-2.2697031,-9.097966,-0.63206923,0.0,0.0,0.0,0.0,0.0,0.0
-2.336741,-9.251195,-0.641646,0.0,0.0,0.0,0.0,0.0,0.0
-2.336741,-9.251195,-0.641646,0.0,0.0,0.0,0.0,0.0,0.0
-2.4612393,-9.3182335,-0.82360536,0.0,0.0,0.0,0.0,0.0,0.0
-2.4612393,-9.3182335,-0.82360536,0.0,0.0,0.0,0.0,0.0,0.0
-2.5570073,-9.040505,-1.3215994,0.0,0.0,0.0,0.0,0.0,0.0
-2.5570073,-9.040505,-1.3215994,0.0,0.0,0.0,0.0,0.0,0.0
-2.5953147,-8.8777,-1.4939818,0.0,0.0,0.0,0.0,0.0,0.0
-2.5953147,-8.8777,-1.4939818,0.0,0.0,0.0,0.0,0.0,0.0
-2.5378537,-8.858546,-1.541866,0.0,0.0,0.0,0.0,0.0,0.0
-2.5378537,-8.858546,-1.541866,0.0,0.0,0.0,0.0,0.0,0.0
-2.327164,-8.944737,-1.4269443,0.0,0.0,0.0,0.0,0.0,0.0
-2.327164,-8.944737,-1.4269443,0.0,0.0,0.0,0.0,0.0,0.0
-2.327164,-8.944737,-1.4269443,0.0,0.0,0.0,0.0,0.0,0.0
-2.1930888,-8.992621,-1.2066777,0.0,0.0,0.0,0.0,0.0,0.0
-2.1930888,-8.992621,-1.2066777,0.0,0.0,0.0,0.0,0.0,0.0
-1.9632454,-9.021352,-1.0247183,0.0,0.0,0.0,0.0,0.0,0.0
-1.9632454,-9.021352,-1.0247183,0.0,0.0,0.0,0.0,0.0,0.0
-1.8674773,-8.954314,-1.0151415,0.0,0.0,0.0,0.0,0.0,0.0
-1.8674773,-8.954314,-1.0151415,0.0,0.0,0.0,0.0,0.0,0.0
-1.8004397,-8.848969,-1.0247183,0.0,0.0,0.0,0.0,0.0,0.0
-1.8004397,-8.848969,-1.0247183,0.0,0.0,0.0,0.0,0.0,0.0
-1.7525556,-8.90643,-1.1587936,0.0,0.0,0.0,0.0,0.0,0.0
-1.7525556,-8.90643,-1.1587936,0.0,0.0,0.0,0.0,0.0,0.0
-1.7812861,-9.011775,-1.2545617,0.0,0.0,0.0,0.0,0.0,0.0
-1.7812861,-9.078813,-1.4077905,0.0,0.0,0.0,0.0,0.0,0.0
-1.7812861,-9.078813,-1.4077905,0.0,0.0,0.0,0.0,0.0,0.0
-1.7908629,-9.203311,-1.5131354,0.0,0.0,0.0,0.0,0.0,0.0
-1.7908629,-9.203311,-1.5131354,0.0,0.0,0.0,0.0,0.0,0.0
-1.9057846,-9.5385,-1.7046716,0.0,0.0,0.0,0.0,0.0,0.0
-1.9057846,-9.5385,-1.7046716,0.0,0.0,0.0,0.0,0.0,0.0
-1.9249382,-9.548077,-1.7525556,0.0,0.0,0.0,0.0,0.0,0.0
-1.9249382,-9.548077,-1.7525556,0.0,0.0,0.0,0.0,0.0,0.0
-1.9632454,-9.471462,-1.7046716,0.0,0.0,0.0,0.0,0.0,0.0
-1.9632454,-9.471462,-1.7046716,0.0,0.0,0.0,0.0,0.0,0.0
-1.9632454,-9.471462,-1.7046716,0.0,0.0,0.0,0.0,0.0,0.0
-1.9249382,-9.289502,-1.6663644,0.0,0.0,0.0,0.0,0.0,0.0
-1.9249382,-9.289502,-1.6663644,0.0,0.0,0.0,0.0,0.0,0.0
-1.9153614,-9.404425,-1.6759412,0.0,0.0,0.0,0.0,0.0,0.0
-1.9153614,-9.404425,-1.6759412,0.0,0.0,0.0,0.0,0.0,0.0
-1.9536686,-9.758766,-1.6472107,0.0,0.0,0.0,0.0,0.0,0.0
-1.9536686,-9.758766,-1.6472107,0.0,0.0,0.0,0.0,0.0,0.0
-1.9536686,-9.758766,-1.6472107,0.0,0.0,0.0,0.0,0.0,0.0
-2.030283,-9.672575,-1.8004397,0.0,0.0,0.0,0.0,0.0,0.0
-2.030283,-9.672575,-1.8004397,0.0,0.0,0.0,0.0,0.0,0.0
-1.9919758,-9.509769,-1.8674773,0.0,0.0,0.0,0.0,0.0,0.0
-1.9919758,-9.414001,-1.9153614,0.0,0.0,0.0,0.0,0.0,0.0
-1.9919758,-9.414001,-1.9153614,0.0,0.0,0.0,0.0,0.0,0.0
-2.0685902,-9.500193,-2.0973208,0.0,0.0,0.0,0.0,0.0,0.0
-2.0685902,-9.500193,-2.0973208,0.0,0.0,0.0,0.0,0.0,0.0
-2.1739352,-9.461885,-2.078167,0.0,0.0,0.0,0.0,0.0,0.0
-2.1739352,-9.461885,-2.078167,0.0,0.0,0.0,0.0,0.0,0.0
-2.2601264,-9.548077,-2.0494366,0.0,0.0,0.0,0.0,0.0,0.0
-2.2601264,-9.548077,-2.0494366,0.0,0.0,0.0,0.0,0.0,0.0
-2.2697031,-9.548077,-2.087744,0.0,0.0,0.0,0.0,0.0,0.0
-2.2697031,-9.548077,-2.087744,0.0,0.0,0.0,0.0,0.0,0.0
-2.1643584,-9.356541,-2.1260512,0.0,0.0,0.0,0.0,0.0,0.0
-2.1643584,-9.356541,-2.1260512,0.0,0.0,0.0,0.0,0.0,0.0
-2.087744,-9.088389,-2.1164744,0.0,0.0,0.0,0.0,0.0,0.0
-2.0590134,-9.050082,-2.0685902,0.0,0.0,0.0,0.0,0.0,0.0
-2.0590134,-9.050082,-2.0685902,0.0,0.0,0.0,0.0,0.0,0.0
-2.0590134,-9.050082,-2.0685902,0.0,0.0,0.0,0.0,0.0,0.0
-2.0207062,-9.260772,-1.982399,0.0,0.0,0.0,0.0,0.0,0.0
-2.0207062,-9.260772,-1.982399,0.0,0.0,0.0,0.0,0.0,0.0
-2.1547816,-9.911995,-1.8962077,0.0,0.0,0.0,0.0,0.0,0.0
-2.1547816,-9.911995,-1.8962077,0.0,0.0,0.0,0.0,0.0,0.0
-2.1547816,-9.701305,-1.8579005,0.0,0.0,0.0,0.0,0.0,0.0
-2.1547816,-9.701305,-1.8579005,0.0,0.0,0.0,0.0,0.0,0.0
-2.0207062,-9.193734,-1.8483237,0.0,0.0,0.0,0.0,0.0,0.0
-1.7046716,-8.6574335,-1.9249382,0.0,0.0,0.0,0.0,0.0,0.0
-1.7046716,-8.6574335,-1.9249382,0.0,0.0,0.0,0.0,0.0,0.0
-1.685518,-9.097966,-1.8387469,0.0,0.0,0.0,0.0,0.0,0.0
-1.685518,-9.097966,-1.8387469,0.0,0.0,0.0,0.0,0.0,0.0
-1.7621324,-9.615114,-1.733402,0.0,0.0,0.0,0.0,0.0,0.0
-1.7621324,-9.615114,-1.733402,0.0,0.0,0.0,0.0,0.0,0.0
-1.7621324,-9.902418,-1.7717092,0.0,0.0,0.0,0.0,0.0,0.0
-1.7621324,-9.902418,-1.7717092,0.0,0.0,0.0,0.0,0.0,0.0
-1.5131354,-9.184157,-1.8291701,0.0,0.0,0.0,0.0,0.0,0.0
-1.5131354,-9.184157,-1.8291701,0.0,0.0,0.0,0.0,0.0,0.0
-1.3503298,-8.896853,-1.7142484,0.0,0.0,0.0,0.0,0.0,0.0
-1.3503298,-8.896853,-1.7142484,0.0,0.0,0.0,0.0,0.0,0.0
-1.3694834,-9.069236,-1.5035586,0.0,0.0,0.0,0.0,0.0,0.0
-1.3694834,-9.069236,-1.5035586,0.0,0.0,0.0,0.0,0.0,0.0
-1.5610195,-9.720459,-1.5801731,0.0,0.0,0.0,0.0,0.0,0.0
-1.733402,-9.959879,-1.5514427,0.0,0.0,0.0,0.0,0.0,0.0
-1.733402,-9.959879,-1.5514427,0.0,0.0,0.0,0.0,0.0,0.0
-1.8674773,-9.854534,-1.5993267,0.0,0.0,0.0,0.0,0.0,0.0
-1.8674773,-9.854534,-1.5993267,0.0,0.0,0.0,0.0,0.0,0.0
-1.9536686,-9.634268,-1.9440918,0.0,0.0,0.0,0.0,0.0,0.0
-1.9536686,-9.634268,-1.9440918,0.0,0.0,0.0,0.0,0.0,0.0
-2.0015526,-9.346964,-2.3463178,0.0,0.0,0.0,0.0,0.0,0.0
-2.0015526,-9.346964,-2.3463178,0.0,0.0,0.0,0.0,0.0,0.0
-2.0973208,-9.260772,-2.1547816,0.0,0.0,0.0,0.0,0.0,0.0
-2.0973208,-9.260772,-2.1547816,0.0,0.0,0.0,0.0,0.0,0.0
-1.9249382,-9.097966,-1.8195933,0.0,0.0,0.0,0.0,0.0,0.0
-1.9249382,-9.097966,-1.8195933,0.0,0.0,0.0,0.0,0.0,0.0
-1.8100165,-9.308656,-1.6089035,0.0,0.0,0.0,0.0,0.0,0.0
-1.8100165,-9.308656,-1.6089035,0.0,0.0,0.0,0.0,0.0,0.0
-1.5610195,-9.404425,-1.484405,0.0,0.0,0.0,0.0,0.0,0.0
-1.5610195,-9.404425,-1.484405,0.0,0.0,0.0,0.0,0.0,0.0
-1.3694834,-9.691729,-1.3120226,0.0,0.0,0.0,0.0,0.0,0.0
-1.4748282,-9.461885,-1.340753,0.0,0.0,0.0,0.0,0.0,0.0
-1.4748282,-9.461885,-1.340753,0.0,0.0,0.0,0.0,0.0,0.0
-1.4748282,-9.461885,-1.340753,0.0,0.0,0.0,0.0,0.0,0.0
-1.436521,-9.481039,-0.35434186,0.0,0.0,0.0,0.0,0.0,0.0
-1.8579005,-9.423578,-2.6623523,0.0,0.0,0.0,0.0,0.0,0.0
-1.8579005,-9.423578,-2.6623523,0.0,0.0,0.0,0.0,0.0,0.0
-2.327164,-9.787497,-2.9496565,0.0,0.0,0.0,0.0,0.0,0.0
-2.327164,-9.787497,-2.9496565,0.0,0.0,0.0,0.0,0.0,0.0
-2.327164,-9.423578,-1.5705963,0.0,0.0,0.0,0.0,0.0,0.0
-2.327164,-9.423578,-1.5705963,0.0,0.0,0.0,0.0,0.0,0.0
-2.72939,-9.3182335,-1.1971009,0.0,0.0,0.0,0.0,0.0,0.0
-2.72939,-9.3182335,-1.1971009,0.0,0.0,0.0,0.0,0.0,0.0
-2.873042,-9.3661175,-1.0151415,0.0,0.0,0.0,0.0,0.0,0.0
-2.873042,-9.3661175,-1.0151415,0.0,0.0,0.0,0.0,0.0,0.0
-2.7964275,-9.32781,-1.3790601,0.0,0.0,0.0,0.0,0.0,0.0
-2.7964275,-9.32781,-1.3790601,0.0,0.0,0.0,0.0,0.0,0.0
-2.0015526,-9.155427,-1.982399,0.0,0.0,0.0,0.0,0.0,0.0
-2.0015526,-9.155427,-1.982399,0.0,0.0,0.0,0.0,0.0,0.0
-2.0111294,-9.212888,-1.8195933,0.0,0.0,0.0,0.0,0.0,0.0
-2.0111294,-9.212888,-1.8195933,0.0,0.0,0.0,0.0,0.0,0.0
-1.9440918,-9.270349,-1.7812861,0.0,0.0,0.0,0.0,0.0,0.0
-1.9440918,-9.270349,-1.7812861,0.0,0.0,0.0,0.0,0.0,0.0
-1.7812861,-9.414001,-1.8483237,0.0,0.0,0.0,0.0,0.0,0.0
-1.6472107,-9.509769,-1.8291701,0.0,0.0,0.0,0.0,0.0,0.0
-1.6472107,-9.509769,-1.8291701,0.0,0.0,0.0,0.0,0.0,0.0
-1.6089035,-9.56723,-1.7621324,0.0,0.0,0.0,0.0,0.0,0.0
-1.6089035,-9.56723,-1.7621324,0.0,0.0,0.0,0.0,0.0,0.0
-1.5801731,-9.595961,-1.6759412,0.0,0.0,0.0,0.0,0.0,0.0
-1.5801731,-9.595961,-1.6759412,0.0,0.0,0.0,0.0,0.0,0.0
-1.5897499,-9.557653,-1.7908629,0.0,0.0,0.0,0.0,0.0,0.0
-1.5897499,-9.557653,-1.7908629,0.0,0.0,0.0,0.0,0.0,0.0
-1.6376339,-9.576807,-1.8674773,0.0,0.0,0.0,0.0,0.0,0.0
-1.6376339,-9.576807,-1.8674773,0.0,0.0,0.0,0.0,0.0,0.0
-1.733402,-9.528923,-2.0111294,0.0,0.0,0.0,0.0,0.0,0.0
-1.733402,-9.528923,-2.0111294,0.0,0.0,0.0,0.0,0.0,0.0
-1.8962077,-9.356541,-1.9536686,0.0,0.0,0.0,0.0,0.0,0.0
-1.8962077,-9.356541,-1.9536686,0.0,0.0,0.0,0.0,0.0,0.0
-1.8962077,-9.337387,-1.9536686,0.0,0.0,0.0,0.0,0.0,0.0
-1.7908629,-9.299079,-1.7717092,0.0,0.0,0.0,0.0,0.0,0.0
-1.7908629,-9.299079,-1.7717092,0.0,0.0,0.0,0.0,0.0,0.0
-1.685518,-9.299079,-1.8100165,0.0,0.0,0.0,0.0,0.0,0.0
-1.685518,-9.299079,-1.8100165,0.0,0.0,0.0,0.0,0.0,0.0
-1.685518,-9.299079,-1.8100165,0.0,0.0,0.0,0.0,0.0,0.0
-1.3311762,-9.32781,-1.8962077,0.0,0.0,0.0,0.0,0.0,0.0
-1.2641385,-9.32781,-1.9249382,0.0,0.0,0.0,0.0,0.0,0.0
-1.2641385,-9.32781,-1.9249382,0.0,0.0,0.0,0.0,0.0,0.0
-1.3215994,-9.241618,-1.9728222,0.0,0.0,0.0,0.0,0.0,0.0
-1.3215994,-9.241618,-1.9728222,0.0,0.0,0.0,0.0,0.0,0.0
-1.532289,-9.212888,-2.0015526,0.0,0.0,0.0,0.0,0.0,0.0
-1.532289,-9.212888,-2.0015526,0.0,0.0,0.0,0.0,0.0,0.0
-1.6472107,-9.251195,-2.1260512,0.0,0.0,0.0,0.0,0.0,0.0
-1.6472107,-9.251195,-2.1260512,0.0,0.0,0.0,0.0,0.0,0.0
-1.7621324,-9.32781,-2.231396,0.0,0.0,0.0,0.0,0.0,0.0
-1.7621324,-9.32781,-2.231396,0.0,0.0,0.0,0.0,0.0,0.0
-1.8004397,-9.394848,-2.1547816,0.0,0.0,0.0,0.0,0.0,0.0
-1.8004397,-9.394848,-2.1547816,0.0,0.0,0.0,0.0,0.0,0.0
-1.7429788,-9.3661175,-1.9536686,0.0,0.0,0.0,0.0,0.0,0.0
-1.7429788,-9.3661175,-1.9536686,0.0,0.0,0.0,0.0,0.0,0.0
-1.7238252,-9.3182335,-1.8866309,0.0,0.0,0.0,0.0,0.0,0.0
-1.7238252,-9.3182335,-1.8866309,0.0,0.0,0.0,0.0,0.0,0.0
-1.7429788,-9.232041,-1.9440918,0.0,0.0,0.0,0.0,0.0,0.0
-1.7429788,-9.232041,-1.9440918,0.0,0.0,0.0,0.0,0.0,0.0
-1.7812861,-9.174581,-2.030283,0.0,0.0,0.0,0.0,0.0,0.0
-1.7812861,-9.174581,-2.030283,0.0,0.0,0.0,0.0,0.0,0.0
-1.9632454,-9.174581,-2.1164744,0.0,0.0,0.0,0.0,0.0,0.0
-1.9632454,-9.174581,-2.1164744,0.0,0.0,0.0,0.0,0.0,0.0
-2.030283,-9.11712,-2.1452048,0.0,0.0,0.0,0.0,0.0,0.0
-2.030283,-9.11712,-2.1452048,0.0,0.0,0.0,0.0,0.0,0.0
-1.9919758,-9.11712,-2.087744,0.0,0.0,0.0,0.0,0.0,0.0
-1.9919758,-9.11712,-2.087744,0.0,0.0,0.0,0.0,0.0,0.0
-1.7717092,-9.260772,-1.8962077,0.0,0.0,0.0,0.0,0.0,0.0
-1.7717092,-9.260772,-1.8962077,0.0,0.0,0.0,0.0,0.0,0.0
-1.5897499,-9.3182335,-1.934515,0.0,0.0,0.0,0.0,0.0,0.0
-1.4556746,-9.260772,-2.0111294,0.0,0.0,0.0,0.0,0.0,0.0
-1.4556746,-9.260772,-2.0111294,0.0,0.0,0.0,0.0,0.0,0.0
-1.3599066,-9.260772,-1.982399,0.0,0.0,0.0,0.0,0.0,0.0
-1.3599066,-9.260772,-1.982399,0.0,0.0,0.0,0.0,0.0,0.0
-1.3599066,-9.260772,-1.9153614,0.0,0.0,0.0,0.0,0.0,0.0
-1.3599066,-9.260772,-1.9153614,0.0,0.0,0.0,0.0,0.0,0.0
-1.340753,-9.289502,-1.9057846,0.0,0.0,0.0,0.0,0.0,0.0
-1.340753,-9.289502,-1.9057846,0.0,0.0,0.0,0.0,0.0,0.0
-1.1013328,-9.232041,-1.6759412,0.0,0.0,0.0,0.0,0.0,0.0
-1.1013328,-9.232041,-1.6759412,0.0,0.0,0.0,0.0,0.0,0.0
-1.292869,-9.289502,-1.8004397,0.0,0.0,0.0,0.0,0.0,0.0
-1.292869,-9.289502,-1.8004397,0.0,0.0,0.0,0.0,0.0,0.0
-1.283292,-9.270349,-1.8674773,0.0,0.0,0.0,0.0,0.0,0.0
-1.283292,-9.270349,-1.8674773,0.0,0.0,0.0,0.0,0.0,0.0
-1.292869,-9.308656,-1.9919758,0.0,0.0,0.0,0.0,0.0,0.0
-1.292869,-9.308656,-1.9919758,0.0,0.0,0.0,0.0,0.0,0.0
-1.13964,-9.615114,-2.135628,0.0,0.0,0.0,0.0,0.0,0.0
-0.7182605,-10.429143,-2.3463178,0.0,0.0,0.0,0.0,0.0,0.0
-0.7182605,-10.429143,-2.3463178,0.0,0.0,0.0,0.0,0.0,0.0
-0.6512229,-10.199299,-2.1164744,0.0,0.0,0.0,0.0,0.0,0.0
-0.6512229,-10.199299,-2.1164744,0.0,0.0,0.0,0.0,0.0,0.0
-0.7565677,-9.672575,-1.9249382,0.0,0.0,0.0,0.0,0.0,0.0
-0.7565677,-9.672575,-1.9249382,0.0,0.0,0.0,0.0,0.0,0.0
-1.3982137,-8.781932,-1.1013328,0.0,0.0,0.0,0.0,0.0,0.0
-1.3982137,-8.781932,-1.1013328,0.0,0.0,0.0,0.0,0.0,0.0
-1.283292,-8.925584,-1.1204864,0.0,0.0,0.0,0.0,0.0,0.0
-1.283292,-8.925584,-1.1204864,0.0,0.0,0.0,0.0,0.0,0.0
-0.9672575,-9.155427,-1.4939818,0.0,0.0,0.0,0.0,0.0,0.0
-0.9672575,-9.155427,-1.4939818,0.0,0.0,0.0,0.0,0.0,0.0
-0.82360536,-9.414001,-1.8674773,0.0,0.0,0.0,0.0,0.0,0.0
-0.82360536,-9.414001,-1.8674773,0.0,0.0,0.0,0.0,0.0,0.0
-1.436521,-9.595961,-1.6567876,0.0,0.0,0.0,0.0,0.0,0.0
-1.436521,-9.595961,-1.6567876,0.0,0.0,0.0,0.0,0.0,0.0
-1.6759412,-9.509769,-1.340753,0.0,0.0,0.0,0.0,0.0,0.0
-1.6759412,-9.509769,-1.340753,0.0,0.0,0.0,0.0,0.0,0.0
-1.5993267,-9.471462,-1.2066777,0.0,0.0,0.0,0.0,0.0,0.0
-1.2258313,-9.385271,-0.9768343,0.0,0.0,0.0,0.0,0.0,0.0
-1.2258313,-9.385271,-0.9768343,0.0,0.0,0.0,0.0,0.0,0.0
-1.1683705,-9.414001,-1.0247183,0.0,0.0,0.0,0.0,0.0,0.0
-1.1683705,-9.414001,-1.0247183,0.0,0.0,0.0,0.0,0.0,0.0
-1.1683705,-9.433155,-1.0726024,0.0,0.0,0.0,0.0,0.0,0.0
-1.1683705,-9.433155,-1.0726024,0.0,0.0,0.0,0.0,0.0,0.0
-1.2449849,-9.337387,-1.1875241,0.0,0.0,0.0,0.0,0.0,0.0
-1.2449849,-9.337387,-1.1875241,0.0,0.0,0.0,0.0,0.0,0.0
-1.3982137,-9.279925,-1.388637,0.0,0.0,0.0,0.0,0.0,0.0
-1.3982137,-9.279925,-1.388637,0.0,0.0,0.0,0.0,0.0,0.0
-1.541866,-9.3661175,-1.2545617,0.0,0.0,0.0,0.0,0.0,0.0
-1.541866,-9.3661175,-1.2545617,0.0,0.0,0.0,0.0,0.0,0.0
-1.6472107,-9.337387,-0.9864111,0.0,0.0,0.0,0.0,0.0,0.0
-1.6472107,-9.337387,-0.9864111,0.0,0.0,0.0,0.0,0.0,0.0
-1.7812861,-9.375694,-0.7182605,0.0,0.0,0.0,0.0,0.0,0.0
-1.7812861,-9.375694,-0.7182605,0.0,0.0,0.0,0.0,0.0,0.0
-1.8291701,-9.519346,-0.8331822,0.0,0.0,0.0,0.0,0.0,0.0
-1.8291701,-9.519346,-0.8331822,0.0,0.0,0.0,0.0,0.0,0.0
-1.9057846,-9.519346,-0.9576807,0.0,0.0,0.0,0.0,0.0,0.0
-1.9057846,-9.519346,-0.9576807,0.0,0.0,0.0,0.0,0.0,0.0
-1.9249382,-9.471462,-0.9672575,0.0,0.0,0.0,0.0,0.0,0.0
-1.9249382,-9.471462,-0.9672575,0.0,0.0,0.0,0.0,0.0,0.0
-1.9249382,-9.471462,-0.9672575,0.0,0.0,0.0,0.0,0.0,0.0
-1.9249382,-9.3661175,-0.79487497,0.0,0.0,0.0,0.0,0.0,0.0
-1.9249382,-9.3661175,-0.79487497,0.0,0.0,0.0,0.0,0.0,0.0
-1.8291701,-9.375694,-0.78529817,0.0,0.0,0.0,0.0,0.0,0.0
-1.8291701,-9.375694,-0.78529817,0.0,0.0,0.0,0.0,0.0,0.0
-1.8291701,-9.375694,-0.78529817,0.0,0.0,0.0,0.0,0.0,0.0
-1.733402,-9.346964,-0.78529817,0.0,0.0,0.0,0.0,0.0,0.0
