-2.6356964,4.9531403,7.628311,1.7710117,-1.4371042,-0.84301186,2.137372,0.14776039,8.656769
-2.642868,4.9531403,7.491928,1.7655045,-1.714582,-2.297742,2.1282146,0.72466636,7.300263
-2.6165466,4.9172516,7.590027,1.1460767,-1.6600771,-3.347849,1.503772,0.8290942,6.295423
-2.642868,4.926819,7.647461,0.57623243,-1.5574021,-3.8121147,0.94017816,0.72894144,5.8223724
-2.6309052,4.9483643,7.613968,-0.30865848,-1.1203029,-3.3682604,0.019318819,0.32154655,6.258163
-2.642868,4.9543457,7.47876,-0.8356813,-0.88163686,-1.9773235,-0.41526157,-0.36835027,7.553357
-2.6691895,4.9328003,7.441681,-0.5839287,-0.34086347,-0.56392574,-0.35305178,-0.3870728,9.099048
-2.6165466,4.9100647,7.5517426,-0.390895,-0.008690357,0.13263226,-0.32146728,-0.24589992,9.888246
-2.6117706,4.913666,7.5385895,-0.27826762,-0.3235097,1.64499,0.020071208,-0.83866906,11.284594
-2.6249237,4.9328003,7.410568,-0.2510599,-0.50115204,1.7878351,0.09886873,-0.9759989,11.402956
-2.634491,4.9495544,7.417755,-0.39844763,-0.40477157,1.444252,-0.1188308,-0.85623884,11.095523
-2.629715,4.956726,7.5134583,-0.88154805,-0.05134988,1.1089897,-0.78256345,-0.57975197,10.83675
-2.654831,4.913666,7.5708923,-1.550446,-0.26368284,0.5015516,-1.4158996,-0.75305116,10.197939
-2.651245,4.9998016,7.594818,-1.2682054,-0.3688786,-0.07184887,-1.2178966,-0.49148393,9.649328
-2.6273193,4.9543457,7.5792694,-0.6825653,-0.2327478,-0.36110687,-0.6705841,-0.20389998,9.407642
-2.621338,4.943573,7.5086823,-0.453269,-0.07157135,-0.25448227,-0.4564264,-0.034660578,9.550116
-2.5962067,4.9172516,7.520645,-0.6742328,-0.06357503,-0.028657913,-0.6732515,-0.07341695,9.77845
-2.621338,4.9387817,7.490738,-0.754169,0.05243659,0.34281445,-0.74717647,-0.038087606,10.16626
-2.6416779,4.947159,7.466797,-0.48136264,0.022381067,0.48629665,-0.47239116,-0.09648967,10.292689
-2.6799622,4.9124603,7.524231,-0.3801922,0.08995497,0.51041794,-0.37619758,-0.0479517,10.32563
-2.6823578,4.923233,7.623535,-0.5121941,0.16786575,0.019534111,-0.52310663,0.120501995,9.859015
-2.6811523,4.956726,7.6713867,-0.37076828,0.112133265,-0.42485428,-0.38379425,0.16861749,9.413185
-2.6524506,4.9794617,7.544571,-0.19029859,0.10289407,-0.6426363,-0.20451099,0.222484,9.199643
-2.622528,4.9615173,7.414154,0.22256166,0.08277631,-1.1458797,0.20096454,0.34552884,8.70681
-2.6153564,4.922043,7.4680023,0.047287147,-0.059457302,-1.2550993,0.036977425,0.22721505,8.570506
-2.6536407,4.9040833,7.593628,-0.124261305,-0.14929938,-1.0940781,-0.12528603,0.09636176,8.706761
-2.663208,4.9531403,7.4859467,0.0121656135,-0.25023413,-0.95403004,0.020342,-0.024127483,8.820779
-2.642868,4.99263,7.409378,0.34523636,-0.2196815,-0.850646,0.35387594,0.002139926,8.931542
-2.602188,4.9746857,7.3938293,0.26537615,-0.19239926,-0.72618103,0.14340985,0.23443758,9.058817
-2.6644135,4.9304047,7.623535,0.17152965,-0.21515203,-0.7146282,0.18215443,-0.038734555,9.0638685
-2.6990967,4.9459686,7.613968,0.058116987,-0.21382022,-0.6236515,0.067722335,-0.06593478,9.15159
-2.6536407,4.9627075,7.475174,0.17303556,-0.25547767,-0.67561245,-0.18204144,0.09332037,9.092638
-2.629715,4.9124603,7.3902283,0.22405925,-0.23829317,-0.7355337,-0.23071544,0.06482506,9.038169
-2.6105652,4.89093,7.4153595,0.06926648,-0.25337029,-0.6446581,0.12654388,0.012882829,9.122253
-2.6033936,4.9172516,7.603195,0.0444591,-0.23468399,-0.5974436,-0.043039612,0.09882319,9.172321
-2.6309052,4.97348,7.4967194,0.11772999,-0.20505476,-0.59503937,-0.11500771,0.07503736,9.1812525
-2.6608124,4.9579315,7.4656067,0.010857735,-0.19160843,-0.54857826,-0.0060561523,0.06857872,9.229563
-2.6620178,4.9375916,7.5218353,-0.12374094,-0.21058822,-0.48239613,0.13367125,0.08953369,9.290432
-2.6691895,4.9423676,7.5625153,-0.1190152,-0.18274379,-0.38129234,0.018185139,-0.1539551,9.395662
-2.6536407,4.9423676,7.5684967,-0.10897299,-0.14696932,-0.31335735,0.11953975,0.06252813,9.469801
-2.6404724,4.9866486,7.466797,-0.060446084,-0.14286351,-0.3638811,0.070671365,0.053761125,9.421179
-2.6452637,4.926819,7.5684967,-0.027484994,-0.13325787,-0.42949772,0.03629446,0.034719706,9.358924
-2.6333008,4.9304047,7.625931,0.011587776,-0.124418736,-0.5649433,-0.007938743,0.0051157475,9.22813
-2.6524506,4.9411774,7.5625153,-0.0018583275,-0.08783126,-0.5518522,-0.0019447505,-0.030156136,9.248668
-2.629715,4.9579315,7.4392853,-0.07567716,-0.08889198,-0.73237324,0.061615646,-0.08382511,9.072364
-2.6141663,4.9304047,7.3746796,-0.051475294,-0.11368275,-0.75570965,0.041718304,-0.06118524,9.044294
-2.6309052,4.8921204,7.5924225,0.03065509,-0.15471649,-0.68169594,-0.023793489,0.0137296915,9.107486
-2.658432,4.919647,7.6534424,0.07555017,-0.13252616,-0.54286957,-0.064276636,0.035966635,9.247585
-2.6129608,5.01416,7.557724,-0.066281825,-0.15728784,-0.6522665,0.07248041,-0.007802129,9.1363735
-2.6237335,4.977066,7.4990997,0.00950738,-0.19008446,-0.7412939,0.007130444,0.028550029,9.041881
-2.642868,4.88974,7.525421,0.09292394,-0.21012664,-0.662323,-0.056573868,0.092725396,9.114075
-2.6452637,4.9340057,7.631912,0.18662205,-0.31097555,-0.56519794,-0.09479648,0.24074566,9.186943
-2.622528,4.980667,7.6534424,0.14075214,-0.26021242,-0.55148125,-0.062204957,0.18409121,9.211761
-2.6045837,4.9998016,7.471588,0.071295835,-0.29635596,-0.54239464,0.021941602,0.18831861,9.214066
-2.5854492,4.923233,7.4285126,0.08412889,-0.29484904,-0.47997856,0.20263863,-0.036436915,9.275612
-2.6069794,4.894516,7.6091766,0.16360977,-0.2778281,-0.4216032,-0.044355452,0.2398777,9.335272
-2.6273193,4.935196,7.643875,0.13363232,-0.27991927,-0.4542513,-0.012129605,0.22159219,9.303355
-2.646469,4.947159,7.515854,0.103795156,-0.25459123,-0.5560541,-0.0018965006,0.16655469,9.209122
-2.6560364,4.9543457,7.4691925,0.1311529,-0.1743592,-0.66259956,-0.076149166,0.098504305,9.120255
-2.6416779,4.913666,7.6091766,0.12651171,-0.15021265,-0.67786884,0.064961195,0.09294003,9.110074
-2.6129608,4.922043,7.631912,0.022508651,-0.12083781,-0.7171993,-0.022450984,-0.017092586,9.079541
-2.600998,4.9698944,7.442871,-0.16552328,-0.12128985,-0.61741066,-0.09578884,-0.15212983,9.181362
-2.572281,4.9627075,7.409378,-0.16558364,-0.09715307,-0.5258064,0.1268977,-0.12645745,9.276335
-2.6081696,4.914856,7.536194,-0.1410746,-0.09057915,-0.4556265,0.110695004,-0.10564458,9.3459015
-2.642868,4.9340057,7.5840454,-0.14261448,-0.097079754,-0.43059826,0.117675245,-0.100541115,9.36936
-2.634491,4.977066,7.5110626,-0.13509735,-0.1251725,-0.42240524,0.13143885,-0.076857686,9.371722
-2.5818481,4.977066,7.450058,-0.08821589,-0.088259935,-0.44677544,0.0685575,-0.0745399,9.353964
-2.5746765,4.943573,7.471588,-0.060002536,-0.15502214,-0.48960018,0.0907172,-0.018751502,9.297966
-2.6033936,4.914856,7.627121,-0.006659746,-0.16627741,-0.4991541,0.062169433,0.026034355,9.2848215
-2.642868,4.9495544,7.6199493,-0.033028662,-0.13967633,-0.5407009,0.054115057,-0.017709613,9.250128
-2.6189423,4.919647,7.4811554,0.045488417,-0.15997767,-0.6642189,0.0011663437,0.035871148,9.122868
-2.6285095,4.93161,7.483551,0.06056881,-0.17204547,-0.643425,0.0038244724,0.057792306,9.140386
-2.6392822,4.9256287,7.532608,0.0985817,-0.19625902,-0.60223675,0.0058916807,0.10806,9.174817
-2.617752,4.9507446,7.5960083,0.16008374,-0.17667568,-0.78230953,-0.07176137,0.11899924,9.000712
-2.600998,4.9698944,7.581665,0.14228922,-0.20490122,-0.85056114,0.10131323,0.06772697,8.9286785
-2.6249237,4.924423,7.5218353,0.10245341,-0.21936464,-0.85186386,-0.011263609,0.08851731,8.925557
-2.634491,4.9280243,7.5481567,0.09247559,-0.18810499,-0.88040257,-0.031811357,0.058963895,8.904122
-2.6392822,4.9328003,7.6163483,0.06791031,-0.080705404,-0.9140215,-0.10747743,-0.023822665,8.893173
-2.6261292,4.955536,7.576874,0.0097332,-0.023734212,-1.0392838,-0.13893151,-0.116340876,8.782965
-2.5950165,4.963913,7.5014954,-0.08781308,-0.0054848194,-1.154911,-0.24744105,0.042944968,8.675947
-2.5794678,4.919647,7.4608154,-0.12657976,0.008547902,-1.1943331,-0.11773729,-0.2643938,8.64099
-2.597412,4.926819,7.5469666,-0.227757,-0.058049202,-1.0536232,0.0055994987,-0.30449677,8.770979
-2.634491,4.965103,7.602005,-0.2130307,-0.015045643,-0.764596,-0.007797122,-0.27751994,9.062918
-2.6189423,4.944763,7.5553436,-0.15802467,-0.11001158,-0.53074265,0.08615613,-0.16978955,9.275133
-2.5926208,4.956726,7.500305,-0.014925599,-0.0942322,-0.48474407,-0.013716221,-0.05027315,9.315361
-2.638092,4.9328003,7.523041,-0.08182007,-0.123274565,-0.43453407,0.08178103,-0.0997836,9.366122
-2.6285095,4.936386,7.6127625,-0.02912116,-0.19979239,-0.5037861,0.13686419,-0.053964376,9.284233
-2.5495453,4.9579315,7.5517426,0.038244486,-0.19531631,-0.45613194,0.13211286,0.010697126,9.326964
-2.6452637,4.967499,7.4560394,0.0356766,-0.27216768,-0.26720333,0.23656476,0.018524647,9.50592
-2.6871338,4.89093,7.582855,0.06200236,-0.27283692,-0.26900387,0.23861974,0.039982617,9.503155
-2.663208,4.919647,7.6007996,0.002239406,-0.25791597,-0.31603146,0.22093815,-0.03150785,9.46519
-2.6069794,5.0033875,7.5302124,0.11281121,-0.2084235,-0.27503395,0.18295854,0.07418704,9.501966
-2.580658,4.997406,7.402191,0.1215229,-0.16477346,-0.28010178,0.1418742,0.082756996,9.50104
-2.6105652,4.9411774,7.4273224,0.052640975,-0.14495623,-0.43148422,0.10250664,-4.4989586E-4,9.360047
-2.622528,4.9076843,7.525421,0.0051909685,-0.14882153,-0.6021204,0.08406377,-0.06363088,9.195415
-2.6392822,4.9340057,7.5924225,0.011330783,-0.11104733,-0.6316786,0.044505417,-0.056429148,9.169224
-2.6536407,4.9782715,7.585251,0.015631616,-0.12741017,-0.6082201,0.06410658,-0.05329722,9.190648
-2.6608124,5.0081787,7.5218353,0.056415975,-0.09701198,-0.6522236,0.03505051,-0.013010204,9.1459
-2.651245,4.9411774,7.532608,0.035399616,-0.106900334,-0.77325535,0.030917823,-0.045853972,9.027197
-2.6488495,4.9698944,7.4931183,0.038739383,-0.08942336,-0.78035545,0.012670457,-0.041883588,9.021451
-2.5866394,4.963913,7.4847565,0.0991652,-0.13067436,-0.68035984,0.07268238,0.019405723,9.110848
-2.5758667,4.9878387,7.5146637,0.11478078,-0.078484476,-0.69236755,0.023572266,0.041363418,9.102064
-2.6261292,4.9423676,7.502701,0.09921038,-0.11171311,-0.67889786,0.056651533,0.02072388,9.114129
-2.6679993,4.9208374,7.5086823,0.06221515,-0.12161869,-0.6372328,0.0653137,-0.015271902,9.158401
-2.621338,4.9818573,7.549362,0.15063441,-0.11198348,-0.6422596,0.071519494,0.07181293,9.1452465
-2.609375,5.01416,7.556534,0.07565272,-0.052770376,-0.63804626,0.0010493398,0.008955002,9.162034
-2.5962067,5.0021973,7.483551,0.015448928,-0.06460959,-0.67063236,-0.0020988584,-0.055788398,9.135052
-2.6189423,4.97348,7.4883423,-0.022412062,-0.0011167526,-0.6339178,-0.06809574,-0.07699919,9.180719
-2.6261292,4.9483643,7.5637054,-0.062805414,0.010789633,-0.6304722,-0.08786607,-0.1140002,9.189528
-2.6261292,4.919647,7.569687,-0.096488476,0.027919948,-0.6271572,-0.11224234,-0.14258617,9.197973
-2.6057892,4.939987,7.4847565,-0.13523567,0.037976503,-0.63069344,-0.13128269,-0.1786446,9.199727
-2.6069794,4.9710846,7.3782654,-0.10905123,0.040295064,-0.66098595,-0.13194007,-0.15522897,9.167187
-2.6189423,4.968689,7.483551,-0.09056592,-0.017255664,-0.61493874,-0.06783551,-0.1466195,9.206192
-2.6404724,4.9782715,7.578064,-0.015101671,-0.0028045774,-0.6443901,-0.04692185,-0.08818221,9.169865
-2.642868,4.9423676,7.716858,-0.04448843,-0.01752758,-0.6442251,-0.060759604,-0.10506153,9.172156
-2.6356964,4.9459686,7.659424,0.011383176,-0.07016945,-0.6448889,0.0028982162,-0.064238966,9.16105
-2.609375,4.943573,7.5146637,0.043479323,-0.080542624,-0.59120846,0.026286125,-0.03117901,9.209791
-2.6189423,4.943573,7.549362,0.129982,-0.11555135,-0.57634544,0.08246368,0.045025885,9.212013
-2.5962067,4.926819,7.6091766,0.061990857,-0.10868901,-0.6248007,0.05501306,-0.023199022,9.172248
-2.6129608,4.9375916,7.5302124,0.079803824,-0.09340024,-0.6973705,0.036869705,-0.009027541,9.09956
-2.6081696,4.926819,7.527817,0.083602786,-0.074658036,-0.6469326,0.024842381,0.0037540793,9.15056
-2.6392822,4.922043,7.512268,0.09351218,-0.07158935,-0.64704037,0.024310231,0.014033496,9.149579
-2.6165466,4.9304047,7.5601196,0.040085435,-0.047344923,-0.6924906,-0.01635307,-0.035773456,9.1125
-2.572281,4.9375916,7.5170593,0.04995835,-0.0452857,-0.7505493,-0.010160565,-0.03699112,9.054056
-2.5866394,4.960327,7.524231,0.059132457,-0.05269283,-0.7191887,-0.009693801,-0.02151364,9.083498
-2.6165466,4.97229,7.5469666,0.025102139,-0.06262481,-0.6675968,-0.0026488304,-0.052420735,9.137709
-2.567505,4.9459686,7.505081,0.027137399,-0.005437076,-0.67462444,-0.05811727,-0.037136436,9.134991
-2.5698853,4.9746857,7.4990997,-0.026804566,-0.019536078,-0.67575455,-0.057599664,-0.09342587,9.139045
-2.6644135,4.902893,7.5397797,-0.009275198,-0.025315285,-0.6726332,-0.04803282,-0.07779807,9.139714
-2.691925,4.947159,7.6331024,0.044641495,-0.026889265,-0.60287,-0.018569708,-0.027306676,9.202435
-2.6273193,4.97229,7.635498,0.006627202,-0.04163891,-0.5859289,-0.019429445,-0.05893451,9.222493
-2.5734863,4.9710846,7.586441,-0.060494304,-0.0667935,-0.6508894,-0.018721223,-0.13639963,9.164138
-2.6201477,4.9483643,7.4392853,0.038788676,-0.051352978,-0.61376095,-0.0055907965,-0.03399396,9.190488
-2.6404724,4.918442,7.470398,0.093131065,-0.0595932,-0.57274437,0.009972692,0.026346326,9.224012
-2.5507507,4.9591217,7.5385895,0.054918647,-0.04537213,-0.64891243,-0.011275828,-0.020620584,9.1542635
-2.6153564,5.000992,7.545761,-0.018934965,-0.04164183,-0.68879986,-0.037246764,-0.09490675,9.123903
-2.5710907,4.97229,7.5469666,-0.008541465,-0.041459084,-0.68460083,-0.034593523,-0.084735274,9.126876
-2.6057892,4.9818573,7.529022,0.047379017,-0.06885487,-0.6105051,0.02383411,-0.023635626,9.191365
-2.602188,5.009369,7.576874,0.10268605,-0.04894632,-0.5952234,-0.0014620423,0.030438304,9.201423
-2.6273193,4.997406,7.5840454,0.063721776,-0.0062434673,-0.63777924,-0.046034276,-0.002026856,9.167324
-2.568695,4.9746857,7.4572296,0.047150135,-0.0074246526,-0.7386751,-0.059925675,-0.028302312,9.069408
-2.5710907,4.939987,7.4883423,0.086405754,0.01457876,-0.791626,-0.078193784,0.009472132,9.014093
-2.5986023,4.9160614,7.529022,0.10475552,-0.014367163,-0.80015373,-0.047678232,0.019046485,9.001174
-2.638092,4.9292145,7.5314026,0.10241377,-0.030373871,-0.8195715,-0.0352695,0.01059711,8.980967
-2.5866394,4.9579315,7.4931183,0.006009221,-0.038681388,-0.7490883,-0.010129452,-0.08797777,9.061786
-2.602188,4.947159,7.458435,0.011959553,-0.048805356,-0.7196779,-0.027703702,-0.07249367,9.089406
-2.6488495,4.97348,7.647461,0.1581099,-0.09758228,-0.5599909,0.07200098,0.07178491,9.225468
-2.621338,4.9818573,7.648651,0.04581034,-0.087195694,-0.5484648,0.047271132,-0.015207291,9.251629
-2.6356964,4.9782715,7.569687,0.031155467,-0.0976941,-0.62067795,0.056609303,-0.03796935,9.181263
-2.5866394,4.9483643,7.5110626,0.061570883,-0.050520778,-0.5805931,0.0019750595,-0.013069391,9.220768
-2.5758667,4.9698944,7.429718,0.09203744,-0.05450827,-0.59970856,0.011829853,0.012857437,9.197727
-2.5878448,4.9914246,7.429718,0.06756413,-0.04472494,-0.6127348,-0.0052496195,-0.009389222,9.188674
-2.6081696,4.9375916,7.523041,-0.047750592,-0.044407606,-0.73697376,-0.04911357,-0.13299346,9.080508
-2.6667938,4.936386,7.6295166,0.022769451,-0.04539156,-0.6980362,-0.02604264,-0.06205851,9.110013
-2.6476593,4.935196,7.6378937,0.14018929,-0.05024606,-0.6214075,0.01840198,0.056361437,9.170404
-2.646469,4.947159,7.6295166,0.07958126,-0.027500808,-0.6457386,-0.021875203,0.0023014545,9.155816
-2.6153564,4.9124603,7.6115723,0.018201947,-0.05348164,-0.6919422,-0.01887083,-0.068579614,9.116057
-2.634491,4.9375916,7.5302124,-0.012130499,-0.046661437,-0.7241516,-0.03756225,-0.09950274,9.088731
-2.5818481,4.9328003,7.529022,0.14803576,-0.065618336,-0.65147305,0.03316194,0.054867387,9.138423
-2.6249237,4.9579315,7.4943237,0.09574461,-0.07243985,-0.6127434,0.029681206,0.0070368648,9.1830015
-2.6476593,4.9483643,7.561325,0.054876924,-0.069173336,-0.6166401,0.014874816,-0.031588614,9.184699
-2.6620178,4.923233,7.582855,0.02183497,-0.072265446,-0.6712036,0.0022231936,-0.06985396,9.13484
-2.642868,4.9040833,7.540985,0.071238875,-0.061371744,-0.62868595,0.010853291,-0.015865386,9.171262
-2.6261292,4.956726,7.4811554,0.068467975,-0.04344046,-0.62156487,-0.006106019,-0.012366772,9.179971
-2.6165466,4.9914246,7.4572296,0.056308508,-0.026435852,-0.6288843,-0.026559532,-0.019399226,9.175553
-2.646469,4.9076843,7.574478,0.0065705776,-0.048075557,-0.64269066,-0.022370636,-0.07478207,9.166876
-2.6333008,4.9208374,7.625931,0.110506415,-0.050127983,-0.6684065,0.0074293613,0.020057917,9.127654
-2.5902252,4.9208374,7.5218353,0.10087383,-0.064261675,-0.6913109,0.0109680295,0.011218786,9.105245
-2.6117706,4.9160614,7.466797,0.10054636,-0.058454454,-0.6970892,0.009033203,0.0044466853,9.0999975
-2.6667938,4.963913,7.527817,0.033174872,-0.050138116,-0.74723816,-0.024607658,-0.06194508,9.059968
-2.7313995,4.960327,7.578064,0.045013785,-0.046109557,-0.7186699,-0.02156955,-0.0466519,9.086929
-2.6368866,4.935196,7.6199493,0.039637327,-0.02297908,-0.6053877,-0.032406688,-0.032701552,9.20128
-2.6775665,4.8969116,7.549362,0.0785197,-0.018359363,-0.59439945,-0.023363352,0.006275177,9.207294
-2.6871338,4.9423676,7.471588,0.07125902,-0.025779009,-0.6140871,-0.014649093,-0.015799403,9.18828
-2.6452637,4.9495544,7.523041,0.03784561,-0.021744192,-0.7159262,-0.046764195,-0.04625362,9.092418
-2.600998,4.9531403,7.4440765,0.05661857,-0.057452142,-0.6869869,-0.0043594837,-0.03775704,9.115989
-2.6201477,4.935196,7.4572296,0.096627474,-0.06433934,-0.6506405,0.018727541,0.0010653138,9.146
-2.6799622,4.95195,7.5840454,0.08065987,-0.04512137,-0.6551714,0.0013328344,-0.00955987,9.145062
-2.6667938,4.939987,7.585251,0.035303354,-0.051451802,-0.63916016,-0.011723995,-0.051502347,9.166628
-2.6895294,4.9411774,7.4979095,0.046234608,-0.008670509,-0.5924616,-0.04317522,-0.02216494,9.214309
-2.6811523,4.8921204,7.556534,0.034849524,-0.026403606,-0.60325813,-0.03128946,-0.039996326,9.203945
-2.7182465,4.874176,7.6654053,7.150173E-4,-0.0039722323,-0.6612854,-0.07012737,-0.070702314,9.152893
-2.720642,4.893326,7.7204437,-0.024965167,0.007041514,-0.71507835,-0.09528744,-0.097091615,9.104152
-2.6416779,4.9304047,7.441681,0.06467366,-0.0198977,-0.71250916,-0.014815867,-0.044396996,9.092467
-2.6261292,4.939987,7.4033966,0.09751356,-0.010794103,-0.63352203,-0.029981256,0.019785047,9.166584
-2.5794678,4.9340057,7.540985,0.11745906,-0.051101923,-0.62821865,0.015491843,0.025330901,9.166193
-2.6679993,4.924423,7.6115723,0.069661856,-0.06645656,-0.65590763,0.011179447,-0.027557671,9.1443815
-2.675171,4.9172516,7.5469666,0.09118247,-0.08569485,-0.6988964,0.031474173,-0.018736541,9.097586
-2.654831,4.8837585,7.4656067,0.12654996,-0.102910876,-0.66074085,0.029420003,0.058148146,9.129201
-2.6045837,4.8837585,7.4943237,0.16926968,-0.10004163,-0.5839691,0.0038824975,0.104343176,9.19938
-2.6452637,4.87059,7.5469666,0.06658161,-0.079729736,-0.5480108,0.03588897,-0.024210453,9.250565
-2.6739807,4.914856,7.5684967,0.048137784,-0.07943344,-0.5840845,0.025344908,-0.045095205,9.217494
-2.6763763,4.9292145,7.554138,0.0924449,-0.065915644,-0.61726665,0.024036527,-0.002641499,9.179494
-2.678772,4.923233,7.569687,0.11882889,-0.034705043,-0.6613655,-0.001213789,0.028262317,9.134395
-2.678772,4.913666,7.610367,0.07181704,-0.0069387555,-0.71511745,-0.049368024,-0.011353195,9.08969
-2.6440735,4.901703,7.5110626,0.04122758,-0.031177223,-0.7507458,-0.041156173,-0.05206877,9.05706
-2.6321106,4.944763,7.490738,0.080253005,-0.03678429,-0.69537926,-0.016704202,-0.0118890405,9.10599
-2.629715,4.924423,7.5146637,0.09808028,-4.172325E-4,-0.64970493,-0.042373158,-0.015921593,9.151145
-2.6201477,4.9160614,7.5996094,0.08768809,-0.014176905,-0.59714985,-0.024139047,0.013170958,9.203557
-2.6321106,4.8969116,7.6247253,0.04772222,-0.0543046,-0.66271496,-0.007555604,-0.04517901,9.14158
-2.654831,4.89093,7.564911,0.039516926,-0.05595112,-0.6609659,-0.008817673,-0.053418636,9.144354
-2.6201477,4.923233,7.5996094,0.07967651,-0.042182982,-0.64621925,-0.006489396,-0.009740055,9.154278
-2.646469,4.906479,7.545761,0.0758158,-0.003512323,-0.6292763,-0.04207468,0.0020284057,9.174215
-2.629715,4.8634186,7.532608,0.017775059,-0.01292783,-0.65809155,-0.056221724,-0.058315635,9.153193
-2.6799622,4.877762,7.5481567,0.025397778,-0.04630488,-0.6758137,-0.024522781,-0.06494063,9.1323395
-2.6273193,4.984253,7.564911,0.109130144,-0.041178048,-0.6590843,0.0010678768,0.016518652,9.137528
-2.6572266,4.99263,7.4990997,0.13838601,-0.06976175,-0.6246557,0.0418275,0.037265778,9.1655
-2.6847534,4.9387817,7.453644,0.075305104,-0.07349777,-0.6414337,0.021909773,-0.02452308,9.1574745
-2.6811523,4.935196,7.490738,0.12327564,-0.097575784,-0.6084175,0.06469995,0.015123963,9.181771
-2.6141663,4.9782715,7.438095,0.13388562,-0.073331475,-0.5494671,0.05282581,0.03980738,9.24022
-2.600998,4.968689,7.426132,0.1270194,-0.09972751,-0.56565,0.07341647,0.022497714,9.223433
-2.6333008,4.9663086,7.4680023,0.14313114,-0.07238299,-0.5662298,0.053430796,0.047439396,9.222495
-2.642868,4.9698944,7.458435,0.05619335,-0.010834575,-0.7226076,-0.051553965,-0.028089106,9.084162
-2.6572266,4.9507446,7.4560394,0.063488126,-0.019864023,-0.7577696,-0.045117855,-0.028176188,9.047829
-2.6452637,4.9387817,7.5804596,0.10548222,-0.021445394,-0.72604275,-0.026663303,0.013847649,9.073288
-2.6404724,4.9591217,7.6414795,0.09958589,-0.017069697,-0.72608376,-0.03281212,0.009931147,9.074372
-2.654831,4.997406,7.536194,0.066257834,-0.0037574768,-0.748538,-0.058932304,-0.019105017,9.0577345
-2.6261292,5.000992,7.4452667,0.027902007,-0.019790113,-0.6885338,0.008831747,-0.07303977,9.121204
-2.6249237,4.965103,7.4943237,0.09030938,-0.046469092,-0.5931015,0.006886363,0.0049957633,9.204975
-2.6452637,4.9986115,7.5517426,0.10973227,-0.04736972,-0.5765104,0.016432643,0.024312556,9.218611
-2.6404724,4.9256287,7.505081,0.07459855,-0.04264003,-0.6358757,-0.006525278,-0.01336199,9.16517
-2.658432,4.9543457,7.473984,0.0965929,-0.07017034,-0.6344509,0.026777089,-0.002552271,9.161624
-2.6763763,4.965103,7.4656067,0.13288629,-0.05123961,-0.6322365,0.021809876,0.038117766,9.16006
-2.678772,5.0416718,7.4560394,0.10992396,-0.08436507,-0.6350231,0.044796884,0.004753053,9.158248
-2.7337952,5.0237274,7.532608,0.1706549,-0.04425645,-0.72978973,0.017569005,0.065396965,9.058928
-2.7433777,5.0237274,7.556534,0.10364926,-0.040170312,-0.7343483,-0.00976181,0.0040212274,9.064011
-2.7385864,4.97229,7.5960083,0.14362252,-0.047582448,-0.6997471,0.014920831,0.04211682,9.09213
-2.745758,4.960327,7.475174,0.14158285,-0.05729425,-0.6147003,-0.013010703,0.055264592,9.175809
-2.7158508,5.000992,7.414154,0.15677607,-0.047365963,-0.63337994,0.02791661,0.061509967,9.155936
-2.7182465,4.9950104,7.4189453,0.06946838,-0.044022977,-0.7109518,-0.014085293,-0.026762366,9.091597
-2.7014923,4.985443,7.442871,0.045130134,-0.03788787,-0.6806879,-0.025039792,-0.0440678,9.125299
-2.7062836,4.9866486,7.429718,0.0729841,-0.03448522,-0.63156223,-0.0128057,-0.011977017,9.170192
-2.6895294,4.9543457,7.426132,0.06971145,-0.03562838,-0.59251976,-0.008277416,-0.011314571,9.209145
-2.7421722,4.9710846,7.410568,0.056197643,0.0039622188,-0.59896755,-0.050201535,-0.0098826885,9.20722
-2.7708893,4.9698944,7.422531,-0.014288306,0.002812326,-0.6463022,-0.07992697,-0.08048189,9.170213
-2.7541351,4.9914246,7.5014954,0.047100306,0.008196712,-0.6434765,-0.06258023,-0.02169162,9.164807
-2.761322,5.01297,7.564911,0.10948932,0.00911665,-0.5804348,-0.033765912,0.042957246,9.218441
-2.7110748,4.997406,7.5397797,0.08912814,-0.011821389,-0.68133545,-0.033028603,0.005936563,9.120228
-2.7337952,4.9818573,7.5098724,0.086595416,-0.028052807,-0.8007803,-0.032423258,-0.014980495,9.001506
-2.7361908,4.9782715,7.438095,0.13081777,-0.02286607,-0.7586174,-0.0169276,0.032187104,9.037355
-2.725418,4.99382,7.454834,0.1581279,-0.052146554,-0.7063732,0.026122212,0.05215472,9.083266
-2.7350006,4.9543457,7.463211,0.15376496,-0.03469467,-0.685647,0.01126498,0.056802332,9.105504
-2.6859436,4.9507446,7.5062866,0.16033912,-0.074026525,-0.66149235,0.053628087,0.050537467,9.125968
-2.703888,4.9495544,7.4931183,0.09655762,-0.055827558,-0.66273594,0.013680816,-0.0017816424,9.134736
-2.6775665,5.021332,7.4691925,0.10853171,-0.08427489,-0.6793833,0.04268658,-0.003637731,9.114835
-2.7170563,5.0033875,7.3938293,0.13126457,-0.053371787,-0.65309143,0.025910795,0.031357706,9.139604
-2.7589264,4.955536,7.4476624,0.042917848,-0.067430675,-0.6564045,0.005504906,-0.05577886,9.147775
-2.7385864,4.9375916,7.5086823,0.02381742,-0.04183364,-0.6819773,-0.028282404,-0.06642151,9.126799
-2.6955109,4.9627075,7.5146637,0.1549449,-0.04415393,-0.6239147,-0.03332749,0.05650413,9.165616
-2.6907349,4.9818573,7.3950195,0.12154949,-0.042725027,-0.649024,0.013417602,0.025515556,9.145591
-2.7003021,4.97348,7.4249268,0.07431936,0.0042657256,-0.65116596,-0.048015833,5.2165985E-4,9.153006
-2.6943207,4.919647,7.401001,-0.006438136,0.025516152,-0.729022,-0.10750973,-0.07336062,9.08886
-2.7146606,4.9304047,7.422531,0.07067764,0.02066195,-0.74895763,-0.028017968,-0.071293116,9.05799
-2.6990967,4.9375916,7.3734894,0.07203591,0.0027148724,-0.7229357,-0.056526184,-0.010966241,9.082415
-2.7445679,4.9495544,7.343567,0.05811739,-4.9102306E-4,-0.59355927,-0.044195175,-0.011147976,9.211998
-2.7337952,4.918442,7.4524536,0.026871204,-0.051665723,-0.61712074,0.050928056,-0.03896177,9.190114
-2.761322,4.9423676,7.5146637,-0.037008762,-0.13131237,-0.42298555,-0.10335408,0.16378546,9.406624
-2.7565308,4.9076843,7.4273224,-0.029404402,-0.1631589,-0.5111737,0.0,0.0,0.0
-2.7984009,4.9172516,7.397415,-0.065885544,-0.15013742,-0.5414338,0.0,0.0,0.0
-2.752945,4.943573,7.4476624,-0.021516562,-0.117557526,-0.4955516,0.0,0.0,0.0
-2.703888,4.9052887,7.380661,0.030348301,-0.14865255,-0.56616306,0.0,0.0,0.0
-2.7194366,4.758133,7.4596252,0.02053976,-0.28236485,-0.49375772,0.0,0.0,0.0
-2.8713837,4.7557373,7.466797,-0.12779117,-0.2735052,-0.49246216,0.0,0.0,0.0
-2.7720795,4.872986,7.574478,-0.021996021,-0.14054632,-0.3924489,0.0,0.0,0.0
-2.8462677,4.7318115,7.647461,-0.09146786,-0.26785564,-0.32654667,0.0,0.0,0.0
-2.8737793,4.8023987,7.6426697,-0.112032175,-0.18312502,-0.33778715,0.0,0.0,0.0
-2.8330994,4.7330017,7.5397797,-0.06666136,-0.24652147,-0.4427986,0.0,0.0,0.0
-2.9072723,4.7198486,7.7144623,-0.1350503,-0.2522602,-0.27073097,0.0,0.0,0.0
-2.8630066,4.6791687,7.7455597,-0.0801394,-0.2773471,-0.24562216,0.0,0.0,0.0
-2.8402863,4.7330017,7.6582336,-0.044904232,-0.2160554,-0.33320284,0.0,0.0,0.0
-2.9108734,4.636093,7.47876,-0.0936141,-0.30326462,-0.5109949,0.0,0.0,0.0
-2.8701935,4.6013947,7.5924225,-0.03920436,-0.33180094,-0.3962865,0.0,0.0,0.0
-2.9060822,4.577469,7.426132,-0.047112703,-0.34668064,-0.55819225,0.0,0.0,0.0
-2.8941193,4.676773,7.502701,-0.0018794537,-0.23305893,-0.47845745,0.0,0.0,0.0
-2.872589,4.5846405,7.520645,0.046712637,-0.31179333,-0.45889091,0.0,0.0,0.0
-2.9539337,4.6492615,7.434494,-0.006556034,-0.23023224,-0.5450983,0.0,0.0,0.0
-3.1381836,4.698303,8.201401,-0.14737248,-0.15883684,0.22433186,0.0,0.0,0.0
-3.2817535,4.408783,8.098511,-0.26890635,-0.4512515,0.13150358,0.0,0.0,0.0
-3.4133606,4.443466,7.829315,-0.33656764,-0.45061874,-0.09227991,0.0,0.0,0.0
-3.728012,4.737793,7.713257,-0.59458375,-0.1842413,-0.16872215,0.0,0.0,0.0
-4.1718903,4.7330017,7.3423767,-0.9790566,-0.2224989,-0.49466467,0.0,0.0,0.0
-4.3381805,4.7330017,7.4811554,-1.0571408,-0.29435635,-0.2732525,0.0,0.0,0.0
-3.9481506,4.82872,7.713257,-0.62290263,-0.24623632,0.008847237,0.0,0.0,0.0
-3.7926178,4.877762,7.146164,-0.39714527,-0.2888646,-0.46613693,0.0,0.0,0.0
-3.8141632,4.9507446,6.8243256,-0.40060997,-0.26639652,-0.7453165,0.0,0.0,0.0
-3.6502533,4.902893,6.8327026,-0.24409413,-0.34087896,-0.72185373,0.0,0.0,0.0
-3.7339935,4.99382,7.286148,-0.3583846,-0.25003195,-0.282053,0.0,0.0,0.0
-3.5748749,4.93161,7.380661,-0.21621108,-0.30676937,-0.19886017,0.0,0.0,0.0
-3.4073792,4.9495544,7.133011,-0.06271243,-0.3054328,-0.44120216,0.0,0.0,0.0
-3.4947205,4.975876,6.8745728,-0.15956688,-0.29816246,-0.6905885,0.0,0.0,0.0
-3.5976105,4.9902344,6.8685913,-0.27206898,-0.30320787,-0.687243,0.0,0.0,0.0
-3.760315,5.0739746,7.024124,-0.4453938,-0.23009634,-0.52892303,0.0,0.0,0.0
-3.9026947,5.1469574,7.075577,-0.6036022,-0.17070341,-0.47484398,0.0,0.0,0.0
-4.217346,5.4137573,7.1653137,-0.93997955,0.034058094,-0.35054207,0.0,0.0,0.0
-4.3980103,5.248657,7.1569366,-1.1191497,-0.16117334,-0.33660698,0.0,0.0,0.0
-4.1623077,5.3683014,7.2263184,-0.87055063,-0.08737135,-0.22823429,0.0,0.0,0.0
-3.9242249,5.3599243,6.9104767,-0.58303595,-0.20183706,-0.4430027,0.0,0.0,0.0
-3.7878418,5.3156586,6.34935,-0.41049314,-0.3343153,-0.91987944,0.0,0.0,0.0
-3.838089,5.345566,6.1674957,-0.42855978,-0.4166608,-0.99785423,0.0,0.0,0.0
-3.8165588,5.46521,6.1172485,-0.40561128,-0.3463378,-1.0074792,0.0,0.0,0.0
-4.0175476,5.3898315,6.025131,-0.6151967,-0.46801233,-1.065712,0.0,0.0,0.0
-3.9684906,5.3886414,6.2165527,-0.6224742,-0.48420238,-0.8886757,0.0,0.0,0.0
-3.974472,5.4640045,6.666397,-0.68059516,-0.3953309,-0.47425795,0.0,0.0,0.0
-3.7005005,5.684143,6.7118683,-0.45615077,-0.16272545,-0.4616046,0.0,0.0,0.0
-3.8105774,5.379059,6.32782,-0.6327665,-0.46056032,-0.8812542,0.0,0.0,0.0
-3.632309,5.4843445,6.550354,-0.51053095,-0.3501029,-0.68733263,0.0,0.0,0.0
-3.5808563,5.596817,6.47258,-0.48335028,-0.23553085,-0.7772174,0.0,0.0,0.0
-3.5880432,5.5453644,6.3098755,-0.5073023,-0.28919458,-0.94528437,0.0,0.0,0.0
-3.6442719,5.64946,6.172287,-0.5843408,-0.18666458,-1.090416,0.0,0.0,0.0
-3.858429,5.7475586,6.24527,-0.8120012,-0.08301878,-1.0275588,0.0,0.0,0.0
-3.961319,5.781067,6.222534,-0.9281049,-0.039741516,-1.0636301,0.0,0.0,0.0
-3.9158478,5.9078827,6.1651,-0.90406966,0.105140686,-1.14433,0.0,0.0,0.0
-4.030716,5.8097687,6.138794,-1.03403,0.017956734,-1.185493,0.0,0.0,0.0
-3.9577332,5.8325043,6.0562286,-0.9870198,0.058766842,-1.2928672,0.0,0.0,0.0
-3.9086761,5.7966156,6.04187,-0.95711446,0.035305023,-1.3246741,0.0,0.0,0.0
-3.6598206,5.7786713,6.029907,-0.7365627,0.040507793,-1.3659315,0.0,0.0,0.0
-3.583252,5.8707886,6.1280212,-0.67585444,0.15617275,-1.2922611,0.0,0.0,0.0
-3.686142,5.831314,6.4043884,-0.7902987,0.14745045,-1.0439792,0.0,0.0,0.0
-3.7507477,5.839691,6.5766754,-0.8673148,0.20662546,-0.9149709,0.0,0.0,0.0
-3.7256317,5.863617,6.611374,-0.84595394,0.25776196,-0.90209675,0.0,0.0,0.0
-3.7746735,5.888733,6.5491486,-0.89576364,0.30729198,-0.982769,0.0,0.0,0.0
-3.9158478,5.9126587,6.620941,-1.0375903,0.35920525,-0.93188477,0.0,0.0,0.0
-3.9254303,5.5417786,6.7633057,-1.0521481,0.0067653656,-0.804935,0.0,0.0,0.0
-3.8536377,5.802597,6.7369995,-0.99164104,0.28688478,-0.8495865,0.0,0.0,0.0
-3.760315,5.7104645,6.5850525,-0.90940666,0.20134974,-1.0104966,0.0,0.0,0.0
-3.748352,5.62912,6.599411,-0.91471076,0.12590933,-1.0068722,0.0,0.0,0.0
-3.7651062,5.5920258,6.6556396,-0.9514756,0.090093136,-0.9589915,0.0,0.0,0.0
-3.2638092,5.3850403,6.7453613,-0.4901731,-0.11576128,-0.88474417,0.0,0.0,0.0
-3.1896362,5.4723816,6.866211,-0.44863248,-0.021453857,-0.78068733,0.0,0.0,0.0
-3.399002,5.48555,6.8195496,-0.6991224,0.011454582,-0.85608196,0.0,0.0,0.0
-3.5066833,5.52742,6.6089783,-0.8324292,0.06393719,-1.0831676,0.0,0.0,0.0
-3.5844421,5.633896,6.5527496,-0.9298427,0.17682219,-1.1507459,0.0,0.0,0.0
-3.8596191,5.803787,6.5036926,-1.218427,0.35335827,-1.2091098,0.0,0.0,0.0
-4.043869,5.925827,6.2105713,-1.4108646,0.47798634,-1.5068579,0.0,0.0,0.0
-4.1024933,5.976074,6.106476,-1.4762106,0.5292702,-1.6139746,0.0,0.0,0.0
-4.146759,5.9904327,6.0969086,-1.5284133,0.5476613,-1.6290798,0.0,0.0,0.0
-4.2843475,6.04187,6.201004,-1.6614196,0.60391855,-1.5268235,0.0,0.0,0.0
-4.2101746,5.996414,6.1088715,-1.5785296,0.5622206,-1.6186357,0.0,0.0,0.0
-4.199402,5.9892426,6.074173,-1.565726,0.55619097,-1.6534457,0.0,0.0,0.0
-4.1898346,5.9808655,6.2727814,-1.5619857,0.559011,-1.4646792,0.0,0.0,0.0
-4.2101746,5.8181458,6.2727814,-1.5978901,0.42191458,-1.4878273,0.0,0.0,0.0
-4.076172,5.8336945,6.3026886,-1.4769838,0.45841503,-1.4768338,0.0,0.0,0.0
-3.9314117,5.6650085,6.7214355,-1.3479304,0.32305956,-1.0862269,0.0,0.0,0.0
-3.714859,5.5250244,6.5850525,-1.1382158,0.19711304,-1.2344527,0.0,0.0,0.0
-3.739975,5.5549316,6.666397,-1.1689179,0.23864412,-1.1628518,0.0,0.0,0.0
-3.6646118,5.495117,6.7489624,-1.0956714,0.19824934,-1.094132,0.0,0.0,0.0
-3.4767761,5.495117,6.6137543,-0.90806985,0.20784569,-1.235889,0.0,0.0,0.0
-3.5617218,5.5082703,6.551544,-0.9934468,0.23273706,-1.3061337,0.0,0.0,0.0
-3.632309,5.5130615,6.6269226,-1.0689692,0.24710703,-1.2387881,0.0,0.0,0.0
-3.382248,5.453247,6.784851,-0.8236017,0.1981616,-1.0896516,0.0,0.0,0.0
-3.4983063,5.4317017,6.7094727,-0.94430685,0.19400072,-1.1781101,0.0,0.0,0.0
-3.5724792,5.498703,6.6436768,-1.0156207,0.2670455,-1.2469897,0.0,0.0,0.0
-3.5724792,5.5214386,6.7178497,-1.0139713,0.29429626,-1.1752739,0.0,0.0,0.0
-3.5581207,5.5334015,6.7489624,-0.9956639,0.31405163,-1.1480365,0.0,0.0,0.0
-3.7830505,5.4999084,6.7788696,-1.2179682,0.2847805,-1.1200657,0.0,0.0,0.0
-3.7387848,5.5345917,6.7609253,-1.1671095,0.31993437,-1.1361766,0.0,0.0,0.0
-3.7746735,5.556137,6.5682983,-1.1995316,0.33813858,-1.3254666,0.0,0.0,0.0
-3.7746735,5.5657043,6.5348053,-1.1976173,0.34386635,-1.3557954,0.0,0.0,0.0
-3.7734833,5.515457,6.51326,-1.1995473,0.29202938,-1.3773069,0.0,0.0,0.0
-3.7088776,5.5214386,6.5240326,-1.1424689,0.30064154,-1.3707261,0.0,0.0,0.0
-3.603592,5.48674,6.583847,-1.0437925,0.26732063,-1.3139677,0.0,0.0,0.0
-3.797409,5.478363,6.415161,-1.2482178,0.26244497,-1.4883962,0.0,0.0,0.0
-3.5940247,5.5381927,6.4139557,-1.0651681,0.34479475,-1.5109348,0.0,0.0,0.0
-3.6681976,5.449646,6.5192413,-1.1580484,0.2811408,-1.4278398,0.0,0.0,0.0
-3.7615204,5.34317,6.6915283,-1.2657492,0.20156527,-1.2775002,0.0,0.0,0.0
-3.6179504,5.4017944,6.8362885,-1.134337,0.29534435,-1.1590991,0.0,0.0,0.0
-3.6502533,5.420944,6.891327,-1.168333,0.3303914,-1.1147165,0.0,0.0,0.0
-3.529419,5.419739,6.870987,-1.0483925,0.34334564,-1.1443186,0.0,0.0,0.0
-3.3834534,5.3778687,6.818344,-0.90650773,0.3094592,-1.2032738,0.0,0.0,0.0
-3.2326965,5.314453,6.7609253,-0.7644758,0.25257826,-1.2675047,0.0,0.0,0.0
-3.2937164,5.1338043,6.5682983,-0.8493526,0.087497234,-1.4772129,0.0,0.0,0.0
-3.3690948,5.2008057,6.735794,-0.9432061,0.17314005,-1.3269625,0.0,0.0,0.0
-3.3679047,5.1302185,7.060028,-0.97518516,0.13774347,-1.0344439,0.0,0.0,0.0
-3.296112,5.0309143,7.155731,-0.92117524,0.057658672,-0.9557905,0.0,0.0,0.0
-3.151352,5.09552,6.9846497,-0.8082516,0.13569784,-1.1443377,0.0,0.0,0.0
-2.9611206,5.0727844,6.818344,-0.639282,0.116529465,-1.3189154,0.0,0.0,0.0
-4.737793,5.934204,6.8889313,-2.4330404,0.98756266,-1.2590275,0.0,0.0,0.0
-4.327423,6.242874,6.735794,-2.0346484,1.2890983,-1.4112101,0.0,0.0,0.0
-2.766098,5.4999084,6.9655,-0.47982955,0.5250206,-1.1704607,0.0,0.0,0.0
-2.5495453,5.3443756,6.857834,-0.2619424,0.35829782,-1.2708988,0.0,0.0,0.0
-2.4837494,4.9627075,7.8771667,-0.1920824,-0.0014123917,-0.2638502,0.0,0.0,0.0
-2.9551392,5.173279,8.0195465,-0.649776,0.23135662,-0.13110352,0.0,0.0,0.0
-3.0998993,5.297714,7.7695007,-0.75685406,0.34977198,-0.36673832,0.0,0.0,0.0
-3.4468536,5.60878,6.9463654,-1.0768108,0.6407914,-1.1698151,0.0,0.0,0.0
-3.2518463,5.5202484,6.866211,-0.85644484,0.5228138,-1.2244062,0.0,0.0,0.0
-2.987442,5.432907,6.928421,-0.5864539,0.42492723,-1.1540155,0.0,0.0,0.0
-3.0927277,5.292923,6.9882355,-0.68930054,0.27651787,-1.0882492,0.0,0.0,0.0
-3.0783691,5.268997,7.0361023,-0.6740587,0.24882078,-1.037776,0.0,0.0,0.0
-2.9335938,5.230713,7.0504456,-0.52488804,0.21008348,-1.021841,0.0,0.0,0.0
-3.0341034,5.1756744,6.953537,-0.6210675,0.15674114,-1.1185112,0.0,0.0,0.0
-3.3356018,5.26062,6.9176483,-0.91493845,0.2472372,-1.1555643,0.0,0.0,0.0
-3.2889404,5.334793,6.88295,-0.8572154,0.32704926,-1.1904383,0.0,0.0,0.0
-3.3320007,5.374283,7.022934,-0.8963561,0.37299013,-1.0532722,0.0,0.0,0.0
-3.3272247,5.2773743,7.426132,-0.8921194,0.29396915,-0.6612854,0.0,0.0,0.0
-3.2434692,5.2582245,7.529022,-0.8060498,0.2858281,-0.5644722,0.0,0.0,0.0
-3.0376892,5.264206,7.475174,-0.5902171,0.3019886,-0.6215334,0.0,0.0,0.0
-2.9359894,5.1553345,7.3363953,-0.48249555,0.19191074,-0.75774956,0.0,0.0,0.0
-3.0018005,5.152939,7.2323,-0.5438447,0.18542957,-0.85798454,0.0,0.0,0.0
-2.8749695,5.21994,7.1150513,-0.40162134,0.24253893,-0.96445465,0.0,0.0,0.0
-2.7625122,5.148163,6.813568,-0.27861333,0.16155815,-1.257021,0.0,0.0,0.0
-2.609375,5.0404816,6.8075867,-0.11139059,0.05440283,-1.2589788,0.0,0.0,0.0
-2.1654968,4.9256287,6.673584,0.34065223,-0.044308662,-1.4004068,0.0,0.0,0.0
-2.621338,4.9615173,6.936798,-0.098288536,0.021857738,-1.1504993,0.0,0.0,0.0
-3.3870392,5.2055817,7.2969055,-0.8336129,0.3444085,-0.8283262,0.0,0.0,0.0
-3.932602,5.514267,7.5182495,-1.3678751,0.70185995,-0.6324129,0.0,0.0,0.0
-3.2458649,5.2833557,7.335205,-0.65621376,0.5291867,-0.841712,0.0,0.0,0.0
-3.2602234,5.1362,7.605591,-0.6522031,0.42000437,-0.5874624,0.0,0.0,0.0
-3.3068848,4.64447,8.048264,-0.68964696,-0.025472641,-0.16831017,0.0,0.0,0.0
-3.5473633,4.4697876,8.123627,-0.92563653,-0.18900013,-0.097846985,0.0,0.0,0.0
-3.3056793,4.5547333,7.8018036,-0.6806512,-0.11793661,-0.41073418,0.0,0.0,0.0
-3.151352,4.7401886,7.442871,-0.51702714,0.02318573,-0.74129677,0.0,0.0,0.0
-3.213562,4.852646,7.178467,-0.57048917,0.10442829,-0.98480415,0.0,0.0,0.0
-3.1692963,4.8957214,7.0408783,-0.51817083,0.12041187,-1.1039572,0.0,0.0,0.0
-3.2865448,4.894516,7.097107,-0.6230786,0.08608818,-1.0241833,0.0,0.0,0.0
-3.3044891,4.7641144,7.3005066,-0.6345675,-0.058297634,-0.8103657,0.0,0.0,0.0
-3.2015991,4.783249,7.573288,-0.5269735,-0.049804688,-0.52969646,0.0,0.0,0.0
-3.1453705,4.8251343,7.5876465,-0.46802688,-0.016331673,-0.5094156,0.0,0.0,0.0
-3.1549377,4.9411774,7.3663025,-0.47233176,0.08596277,-0.7207804,0.0,0.0,0.0
-3.226715,4.975876,7.410568,-0.53146434,0.091202736,-0.65454006,0.0,0.0,0.0
-3.1704865,4.919647,7.4069824,-0.46857548,0.017279625,-0.64515114,0.0,0.0,0.0
-3.152542,4.922043,7.4476624,-0.44576406,-0.005250454,-0.5876045,0.0,0.0,0.0
-3.131012,4.9040833,7.389038,-0.420429,-0.041578293,-0.63365173,0.0,0.0,0.0
-3.156128,4.9627075,7.361511,-0.43892503,-0.0016312599,-0.6473923,0.0,0.0,0.0
-3.159729,4.906479,7.3292084,-0.43499422,-0.08447695,-0.6605706,0.0,0.0,0.0
-3.1621094,4.88974,7.270584,-0.43436575,-0.116829395,-0.70839214,0.0,0.0,0.0
-3.0939178,4.955536,7.176071,-0.35659027,-0.07976532,-0.78151417,0.0,0.0,0.0
-3.2434692,4.8921204,7.104294,-0.50112486,-0.16005945,-0.840857,0.0,0.0,0.0
-3.2147522,4.960327,7.3339996,-0.46663523,-0.1075716,-0.59913635,0.0,0.0,0.0
-3.1920319,5.004593,7.402191,-0.44084787,-0.07135391,-0.524734,0.0,0.0,0.0
-3.2243347,5.0440674,7.3040924,-0.46421218,-0.043388844,-0.61234,0.0,0.0,0.0
-3.345169,5.107483,6.878174,-0.57419825,0.008305073,-1.0269189,0.0,0.0,0.0
-3.279358,5.191223,7.1449738,-0.4950087,0.07949114,-0.7472997,0.0,0.0,0.0
-3.2147522,5.0895386,7.235901,-0.42675304,-0.025924683,-0.6526656,0.0,0.0,0.0
-3.1274261,5.022537,7.3124695,-0.3354659,-0.09344435,-0.5743599,0.0,0.0,0.0
-3.1908264,5.045273,7.1928253,-0.39020777,-0.0727272,-0.6896229,0.0,0.0,0.0
-3.213562,5.07518,7.2502594,-0.40999675,-0.041519165,-0.6319866,0.0,0.0,0.0
-3.2362976,5.1098785,7.2598267,-0.43048763,-0.005604744,-0.62240934,0.0,0.0,0.0
-3.193222,5.0691986,7.220337,-0.3834324,-0.04896927,-0.6587386,0.0,0.0,0.0
-3.1609192,5.0823517,7.134201,-0.3486514,-0.03541422,-0.7442517,0.0,0.0,0.0
-3.1274261,5.0620117,7.1724854,-0.31398606,-0.05295229,-0.7073674,0.0,0.0,0.0
-3.1800537,5.0608215,7.174881,-0.36005807,-0.04390812,-0.70926476,0.0,0.0,0.0
-3.2063751,5.0931244,7.174881,-0.38323426,-0.008693695,-0.7100229,0.0,0.0,0.0
-3.1908264,5.0859375,7.158127,-0.35696292,-0.01019001,-0.72661066,0.0,0.0,0.0
-3.1944122,5.0727844,7.2430725,-0.35092783,-0.010860443,-0.6462579,0.0,0.0,0.0
-3.1956177,5.09671,7.3040924,-0.34275913,0.03264761,-0.59444237,0.0,0.0,0.0
-3.2207336,5.0153503,7.223938,-0.35280132,-0.03256893,-0.67947054,0.0,0.0,0.0
-3.2649994,5.01416,7.1282196,-0.3706088,-0.018502712,-0.7752733,0.0,0.0,0.0
-3.2207336,5.0416718,7.125824,-0.29207087,0.012369156,-0.7671747,0.0,0.0,0.0
-3.2350922,5.0524445,7.2394867,-0.255435,0.03723526,-0.6433878,0.0,0.0,0.0
-3.1968079,5.0608215,7.1808624,-0.1954174,0.052108288,-0.697896,0.0,0.0,0.0
-3.2171478,5.071594,7.2012024,-0.19345951,0.06291294,-0.6690459,0.0,0.0,0.0
-3.2231293,5.09671,7.2466583,-0.16438699,0.07777071,-0.6034837,0.0,0.0,0.0
-3.270996,5.091919,7.2825623,-0.19340801,0.0644536,-0.5547476,0.0,0.0,0.0
-3.2686005,5.119446,7.377075,-0.17493105,0.08922577,-0.45213175,0.0,0.0,0.0
-3.1621094,5.11705,7.326828,-0.051811934,0.086453915,-0.49554634,0.0,0.0,0.0
-3.1214447,5.13739,7.080368,-0.0040016174,0.09993029,-0.7347417,0.0,0.0,0.0
-3.1369934,5.1517487,7.1389923,-0.011532545,0.104643345,-0.66668606,0.0,0.0,0.0
-3.1680908,5.1792603,7.410568,-0.028770447,0.120428085,-0.3819461,0.0,0.0,0.0
-3.1298065,5.145767,7.523041,0.026668787,0.07669115,-0.25587463,0.0,0.0,0.0
-3.1250305,5.1433716,7.450058,0.045053482,0.060530663,-0.31432724,0.0,0.0,0.0
-3.061615,5.15654,7.2143555,0.12665486,0.053300858,-0.52917576,0.0,0.0,0.0
-3.0568237,5.168503,6.928421,0.1588304,0.027954102,-0.7790241,0.0,0.0,0.0
-3.0879364,5.191223,6.9918213,0.14748693,0.034465313,-0.6964989,0.0,0.0,0.0
-2.9324036,5.17807,6.990631,0.32399344,0.006246567,-0.6786914,0.0,0.0,0.0
-3.0652008,5.15773,7.1102753,0.23109221,-0.024778843,-0.5347519,0.0,0.0,0.0
-3.0592194,5.132599,7.2502594,0.25572777,-0.060218334,-0.37969255,0.0,0.0,0.0
-3.1274261,5.1840515,7.323227,0.21336865,-0.02885437,-0.28171158,0.0,0.0,0.0
-3.073578,5.2043915,7.240677,0.28535938,-0.026484966,-0.34390306,0.0,0.0,0.0
-3.069992,5.1792603,7.2634125,0.31477237,-0.08590317,-0.2858796,0.0,0.0,0.0
-3.0269165,5.21875,7.215561,0.37907743,-0.06944752,-0.30803967,0.0,0.0,0.0
-3.0245209,5.1852417,7.133011,0.41303158,-0.13115168,-0.35628653,0.0,0.0,0.0
-3.007782,5.2008057,7.1365967,0.44635296,-0.12859821,-0.33580542,0.0,0.0,0.0
-3.0855408,5.2055817,7.174881,0.37571406,-0.13913012,-0.28327942,0.0,0.0,0.0
-3.0580292,5.2055817,7.2143555,0.41975546,-0.16131783,-0.22014523,0.0,0.0,0.0
-2.9970093,5.251053,7.2095795,0.48887992,-0.12857914,-0.2119112,0.0,0.0,0.0
-2.9419708,5.231903,7.1772766,0.5553117,-0.1718049,-0.2213273,0.0,0.0,0.0
-3.0927277,5.206787,7.1844482,0.4129145,-0.21331549,-0.19819021,0.0,0.0,0.0
-3.103485,5.1756744,7.331604,0.41032553,-0.26210165,-0.03413534,0.0,0.0,0.0
-3.1011047,5.201996,7.331604,0.43305326,-0.26247597,-0.0045843124,0.0,0.0,0.0
-3.0664063,5.2283173,7.2622223,0.48323703,-0.25546694,-0.052046776,0.0,0.0,0.0
-3.0400848,5.1924286,7.1688995,0.5344312,-0.32282448,-0.10950661,0.0,0.0,0.0
-3.0472565,5.1924286,7.125824,0.54602623,-0.34518623,-0.1263156,0.0,0.0,0.0
-3.0341034,5.17807,7.1210327,0.58256245,-0.3922515,-0.09434128,0.0,0.0,0.0
-3.0352936,5.2175446,7.125824,0.59476185,-0.37267923,-0.06740093,0.0,0.0,0.0
-3.0472565,5.227127,7.12941,0.59372973,-0.38243055,-0.04321003,0.0,0.0,0.0
-3.0376892,5.231903,7.1485596,0.6083002,-0.40399408,-8.330345E-4,0.0,0.0,0.0
-3.048462,5.242676,7.2095795,0.6024051,-0.40514183,0.07209301,0.0,0.0,0.0
-3.0604248,5.255829,7.277771,0.59656,-0.40669012,0.15507984,0.0,0.0,0.0
-2.995819,5.271393,7.2382813,0.6646204,-0.40225935,0.12623215,0.0,0.0,0.0
-3.081955,5.21875,7.124634,0.5877919,-0.47395992,0.03263855,0.0,0.0,0.0
-3.073578,5.21875,7.1437683,0.60252786,-0.48111486,0.06081915,0.0,0.0,0.0
-3.0388794,5.2079773,7.216751,0.6444328,-0.49306297,0.13849306,0.0,0.0,0.0
-3.049652,5.2462616,7.155731,0.6381178,-0.4606185,0.08450365,0.0,0.0,0.0
-3.0556335,5.23909,7.0863495,0.636749,-0.47478533,0.023182392,0.0,0.0,0.0
-3.0604248,5.2175446,7.100708,0.6388581,-0.50091505,0.04486561,0.0,0.0,0.0
-3.0388794,5.222336,7.1401825,0.66244817,-0.4952612,0.08471298,0.0,0.0,0.0
-3.0556335,5.24028,7.1641083,0.6329863,-0.47193956,0.0976367,0.0,0.0,0.0
-3.0341034,5.235489,7.1940155,0.64274454,-0.4738121,0.11905575,0.0,0.0,0.0
-2.9946136,5.223526,7.2131653,0.6753166,-0.48258066,0.1320386,0.0,0.0,0.0
-3.0305023,5.2079773,7.1940155,0.63822484,-0.4980831,0.11222887,0.0,0.0,0.0
-3.0185394,5.2283173,7.207184,0.6488054,-0.4832425,0.12911558,0.0,0.0,0.0
-3.0233307,5.2378845,7.306488,0.65363,-0.4791336,0.2378211,0.0,0.0,0.0
-3.007782,5.210373,7.299301,0.68040085,-0.51671076,0.24464273,0.0,0.0,0.0
-3.0269165,5.201996,7.134201,0.6825588,-0.5479574,0.109372616,0.0,0.0,0.0
-3.0508423,5.193619,7.0911255,0.6744611,-0.5703807,0.08621216,0.0,0.0,0.0
-3.0688019,5.1768646,7.1904297,0.68025374,-0.60139227,0.20997763,0.0,0.0,0.0
-3.0771637,5.190033,7.281357,0.68611145,-0.59582806,0.31486797,0.0,0.0,0.0
-3.012558,5.2163544,7.204788,0.7727599,-0.5841241,0.26243925,0.0,0.0,0.0
-3.0029907,5.222336,7.183258,0.7942407,-0.5872679,0.2550602,0.0,0.0,0.0
-3.069992,5.17807,7.2825623,0.7441907,-0.6389494,0.3699155,0.0,0.0,0.0
-3.053238,5.191223,7.3220367,0.77077556,-0.62328815,0.4127121,0.0,0.0,0.0
-3.0233307,5.193619,7.2801666,0.8050802,-0.6205654,0.37300205,0.0,0.0,0.0
