2.9496565,-9.433155,0.40222588,0.0,0.0,0.0,0.0,0.0,0.0
2.9496565,-9.433155,0.40222588,0.0,0.0,0.0,0.0,0.0,0.0
2.920926,-9.423578,0.4213795,0.0,0.0,0.0,0.0,0.0,0.0
2.882619,-9.404425,0.4309563,0.0,0.0,0.0,0.0,0.0,0.0
2.882619,-9.404425,0.4309563,0.0,0.0,0.0,0.0,0.0,0.0
2.882619,-9.404425,0.45010993,0.0,0.0,0.0,0.0,0.0,0.0
2.882619,-9.404425,0.45010993,0.0,0.0,0.0,0.0,0.0,0.0
2.8634653,-9.433155,0.46926352,0.0,0.0,0.0,0.0,0.0,0.0
2.8634653,-9.433155,0.46926352,0.0,0.0,0.0,0.0,0.0,0.0
2.8443117,-9.442732,0.48841715,0.0,0.0,0.0,0.0,0.0,0.0
2.8443117,-9.442732,0.48841715,0.0,0.0,0.0,0.0,0.0,0.0
2.825158,-9.423578,0.49799395,0.0,0.0,0.0,0.0,0.0,0.0
2.825158,-9.423578,0.49799395,0.0,0.0,0.0,0.0,0.0,0.0
2.96881,-9.404425,0.37349546,0.0,0.0,0.0,0.0,0.0,0.0
2.96881,-9.404425,0.37349546,0.0,0.0,0.0,0.0,0.0,0.0
3.016694,-9.433155,0.39264908,0.0,0.0,0.0,0.0,0.0,0.0
3.016694,-9.433155,0.39264908,0.0,0.0,0.0,0.0,0.0,0.0
2.9783869,-9.385271,0.4213795,0.0,0.0,0.0,0.0,0.0,0.0
2.9783869,-9.385271,0.4213795,0.0,0.0,0.0,0.0,0.0,0.0
2.96881,-9.3661175,0.38307226,0.0,0.0,0.0,0.0,0.0,0.0
2.96881,-9.3661175,0.38307226,0.0,0.0,0.0,0.0,0.0,0.0
2.920926,-9.471462,0.37349546,0.0,0.0,0.0,0.0,0.0,0.0
2.920926,-9.471462,0.37349546,0.0,0.0,0.0,0.0,0.0,0.0
2.8921957,-9.490616,0.4405331,0.0,0.0,0.0,0.0,0.0,0.0
2.8921957,-9.490616,0.4405331,0.0,0.0,0.0,0.0,0.0,0.0
2.8921957,-9.452309,0.48841715,0.0,0.0,0.0,0.0,0.0,0.0
2.8921957,-9.452309,0.48841715,0.0,0.0,0.0,0.0,0.0,0.0
2.8921957,-9.452309,0.48841715,0.0,0.0,0.0,0.0,0.0,0.0
2.834735,-9.394848,0.5650316,0.0,0.0,0.0,0.0,0.0,0.0
2.8060043,-9.433155,0.5267244,0.0,0.0,0.0,0.0,0.0,0.0
2.8060043,-9.433155,0.5267244,0.0,0.0,0.0,0.0,0.0,0.0
2.7964275,-9.442732,0.46926352,0.0,0.0,0.0,0.0,0.0,0.0
2.7964275,-9.442732,0.46926352,0.0,0.0,0.0,0.0,0.0,0.0
2.8060043,-9.481039,0.45968673,0.0,0.0,0.0,0.0,0.0,0.0
2.8060043,-9.481039,0.45968673,0.0,0.0,0.0,0.0,0.0,0.0
2.767697,-9.490616,0.45010993,0.0,0.0,0.0,0.0,0.0,0.0
2.767697,-9.490616,0.45010993,0.0,0.0,0.0,0.0,0.0,0.0
2.7485435,-9.461885,0.48841715,0.0,0.0,0.0,0.0,0.0,0.0
2.7485435,-9.461885,0.48841715,0.0,0.0,0.0,0.0,0.0,0.0
2.7006595,-9.452309,0.47884035,0.0,0.0,0.0,0.0,0.0,0.0
2.7006595,-9.452309,0.47884035,0.0,0.0,0.0,0.0,0.0,0.0
2.7006595,-9.471462,0.45010993,0.0,0.0,0.0,0.0,0.0,0.0
2.7006595,-9.471462,0.45010993,0.0,0.0,0.0,0.0,0.0,0.0
2.6910827,-9.490616,0.46926352,0.0,0.0,0.0,0.0,0.0,0.0
2.6910827,-9.490616,0.46926352,0.0,0.0,0.0,0.0,0.0,0.0
2.681506,-9.471462,0.49799395,0.0,0.0,0.0,0.0,0.0,0.0
2.681506,-9.471462,0.49799395,0.0,0.0,0.0,0.0,0.0,0.0
2.7006595,-9.500193,0.47884035,0.0,0.0,0.0,0.0,0.0,0.0
2.7006595,-9.500193,0.47884035,0.0,0.0,0.0,0.0,0.0,0.0
2.7389667,-9.481039,0.4405331,0.0,0.0,0.0,0.0,0.0,0.0
2.7389667,-9.481039,0.4405331,0.0,0.0,0.0,0.0,0.0,0.0
2.8634653,-9.452309,0.41180268,0.0,0.0,0.0,0.0,0.0,0.0
2.8634653,-9.452309,0.41180268,0.0,0.0,0.0,0.0,0.0,0.0
2.9113493,-9.423578,0.4405331,0.0,0.0,0.0,0.0,0.0,0.0
2.9113493,-9.423578,0.4405331,0.0,0.0,0.0,0.0,0.0,0.0
2.9113493,-9.394848,0.45010993,0.0,0.0,0.0,0.0,0.0,0.0
2.9113493,-9.394848,0.45010993,0.0,0.0,0.0,0.0,0.0,0.0
2.873042,-9.423578,0.39264908,0.0,0.0,0.0,0.0,0.0,0.0
2.873042,-9.433155,0.41180268,0.0,0.0,0.0,0.0,0.0,0.0
2.873042,-9.433155,0.41180268,0.0,0.0,0.0,0.0,0.0,0.0
2.873042,-9.433155,0.41180268,0.0,0.0,0.0,0.0,0.0,0.0
2.882619,-9.433155,0.4309563,0.0,0.0,0.0,0.0,0.0,0.0
2.930503,-9.414001,0.47884035,0.0,0.0,0.0,0.0,0.0,0.0
2.930503,-9.414001,0.47884035,0.0,0.0,0.0,0.0,0.0,0.0
2.9496565,-9.404425,0.46926352,0.0,0.0,0.0,0.0,0.0,0.0
2.9496565,-9.404425,0.46926352,0.0,0.0,0.0,0.0,0.0,0.0
2.930503,-9.404425,0.45010993,0.0,0.0,0.0,0.0,0.0,0.0
2.930503,-9.404425,0.45010993,0.0,0.0,0.0,0.0,0.0,0.0
2.930503,-9.404425,0.37349546,0.0,0.0,0.0,0.0,0.0,0.0
2.930503,-9.404425,0.37349546,0.0,0.0,0.0,0.0,0.0,0.0
2.9879637,-9.423578,0.35434186,0.0,0.0,0.0,0.0,0.0,0.0
2.9879637,-9.423578,0.35434186,0.0,0.0,0.0,0.0,0.0,0.0
2.9975405,-9.375694,0.38307226,0.0,0.0,0.0,0.0,0.0,0.0
2.9975405,-9.375694,0.38307226,0.0,0.0,0.0,0.0,0.0,0.0
2.9783869,-9.375694,0.4309563,0.0,0.0,0.0,0.0,0.0,0.0
2.9783869,-9.375694,0.4309563,0.0,0.0,0.0,0.0,0.0,0.0
3.0071173,-9.346964,0.33518824,0.0,0.0,0.0,0.0,0.0,0.0
3.0071173,-9.346964,0.33518824,0.0,0.0,0.0,0.0,0.0,0.0
3.0358477,-9.337387,0.32561144,0.0,0.0,0.0,0.0,0.0,0.0
3.0358477,-9.337387,0.32561144,0.0,0.0,0.0,0.0,0.0,0.0
3.0550013,-9.346964,0.24899697,0.0,0.0,0.0,0.0,0.0,0.0
3.0550013,-9.346964,0.24899697,0.0,0.0,0.0,0.0,0.0,0.0
3.0933087,-9.337387,0.25857377,0.0,0.0,0.0,0.0,0.0,0.0
3.0933087,-9.337387,0.25857377,0.0,0.0,0.0,0.0,0.0,0.0
3.1603463,-9.3661175,0.2681506,0.0,0.0,0.0,0.0,0.0,0.0
3.1603463,-9.3661175,0.2681506,0.0,0.0,0.0,0.0,0.0,0.0
3.1507695,-9.299079,0.2681506,0.0,0.0,0.0,0.0,0.0,0.0
3.1507695,-9.299079,0.2681506,0.0,0.0,0.0,0.0,0.0,0.0
3.1507695,-9.251195,0.24899697,0.0,0.0,0.0,0.0,0.0,0.0
3.1507695,-9.251195,0.24899697,0.0,0.0,0.0,0.0,0.0,0.0
3.2369606,-9.356541,0.20111294,0.0,0.0,0.0,0.0,0.0,0.0
3.2369606,-9.356541,0.20111294,0.0,0.0,0.0,0.0,0.0,0.0
3.2944214,-9.404425,0.21068975,0.0,0.0,0.0,0.0,0.0,0.0
3.2944214,-9.404425,0.21068975,0.0,0.0,0.0,0.0,0.0,0.0
3.2848446,-9.337387,0.31603462,0.0,0.0,0.0,0.0,0.0,0.0
3.2848446,-9.337387,0.31603462,0.0,0.0,0.0,0.0,0.0,0.0
3.265691,-9.270349,0.35434186,0.0,0.0,0.0,0.0,0.0,0.0
3.265691,-9.270349,0.35434186,0.0,0.0,0.0,0.0,0.0,0.0
3.2944214,-9.270349,0.2777274,0.0,0.0,0.0,0.0,0.0,0.0
3.2944214,-9.270349,0.2777274,0.0,0.0,0.0,0.0,0.0,0.0
3.2944214,-9.270349,0.22984336,0.0,0.0,0.0,0.0,0.0,0.0
3.2944214,-9.270349,0.22984336,0.0,0.0,0.0,0.0,0.0,0.0
3.2848446,-9.270349,0.21068975,0.0,0.0,0.0,0.0,0.0,0.0
3.3327289,-9.299079,0.23942018,0.0,0.0,0.0,0.0,0.0,0.0
3.3327289,-9.299079,0.23942018,0.0,0.0,0.0,0.0,0.0,0.0
3.2848446,-9.270349,0.29688102,0.0,0.0,0.0,0.0,0.0,0.0
3.2848446,-9.270349,0.29688102,0.0,0.0,0.0,0.0,0.0,0.0
3.2848446,-9.270349,0.29688102,0.0,0.0,0.0,0.0,0.0,0.0
2.9975405,-9.337387,0.30645782,0.0,0.0,0.0,0.0,0.0,0.0
2.9975405,-9.337387,0.30645782,0.0,0.0,0.0,0.0,0.0,0.0
3.074155,-9.32781,0.24899697,0.0,0.0,0.0,0.0,0.0,0.0
3.074155,-9.32781,0.24899697,0.0,0.0,0.0,0.0,0.0,0.0
3.2082303,-9.337387,0.18195933,0.0,0.0,0.0,0.0,0.0,0.0
3.2082303,-9.337387,0.18195933,0.0,0.0,0.0,0.0,0.0,0.0
3.2369606,-9.385271,0.19153613,0.0,0.0,0.0,0.0,0.0,0.0
3.2369606,-9.385271,0.19153613,0.0,0.0,0.0,0.0,0.0,0.0
3.1507695,-9.346964,0.2681506,0.0,0.0,0.0,0.0,0.0,0.0
3.1507695,-9.346964,0.2681506,0.0,0.0,0.0,0.0,0.0,0.0
3.0550013,-9.346964,0.34476504,0.0,0.0,0.0,0.0,0.0,0.0
3.0550013,-9.346964,0.34476504,0.0,0.0,0.0,0.0,0.0,0.0
2.9879637,-9.414001,0.37349546,0.0,0.0,0.0,0.0,0.0,0.0
2.9879637,-9.414001,0.37349546,0.0,0.0,0.0,0.0,0.0,0.0
2.9975405,-9.385271,0.36391866,0.0,0.0,0.0,0.0,0.0,0.0
2.9975405,-9.385271,0.36391866,0.0,0.0,0.0,0.0,0.0,0.0
2.9975405,-9.385271,0.36391866,0.0,0.0,0.0,0.0,0.0,0.0
3.0358477,-9.385271,0.4405331,0.0,0.0,0.0,0.0,0.0,0.0
3.0358477,-9.385271,0.4405331,0.0,0.0,0.0,0.0,0.0,0.0
3.0550013,-9.433155,0.40222588,0.0,0.0,0.0,0.0,0.0,0.0
3.0550013,-9.433155,0.40222588,0.0,0.0,0.0,0.0,0.0,0.0
2.9783869,-9.394848,0.4309563,0.0,0.0,0.0,0.0,0.0,0.0
2.9783869,-9.394848,0.4309563,0.0,0.0,0.0,0.0,0.0,0.0
2.882619,-9.404425,0.40222588,0.0,0.0,0.0,0.0,0.0,0.0
2.882619,-9.404425,0.40222588,0.0,0.0,0.0,0.0,0.0,0.0
2.873042,-9.509769,0.37349546,0.0,0.0,0.0,0.0,0.0,0.0
2.873042,-9.509769,0.37349546,0.0,0.0,0.0,0.0,0.0,0.0
2.8921957,-9.5385,0.31603462,0.0,0.0,0.0,0.0,0.0,0.0
2.8921957,-9.5385,0.31603462,0.0,0.0,0.0,0.0,0.0,0.0
2.882619,-9.490616,0.37349546,0.0,0.0,0.0,0.0,0.0,0.0
2.882619,-9.490616,0.37349546,0.0,0.0,0.0,0.0,0.0,0.0
2.825158,-9.3661175,0.4405331,0.0,0.0,0.0,0.0,0.0,0.0
2.825158,-9.3661175,0.4405331,0.0,0.0,0.0,0.0,0.0,0.0
2.7964275,-9.3661175,0.39264908,0.0,0.0,0.0,0.0,0.0,0.0
2.7964275,-9.3661175,0.39264908,0.0,0.0,0.0,0.0,0.0,0.0
2.7964275,-9.404425,0.34476504,0.0,0.0,0.0,0.0,0.0,0.0
2.7964275,-9.404425,0.34476504,0.0,0.0,0.0,0.0,0.0,0.0
2.7964275,-9.404425,0.34476504,0.0,0.0,0.0,0.0,0.0,0.0
2.8060043,-9.404425,0.36391866,0.0,0.0,0.0,0.0,0.0,0.0
2.8060043,-9.404425,0.36391866,0.0,0.0,0.0,0.0,0.0,0.0
2.8538885,-9.404425,0.37349546,0.0,0.0,0.0,0.0,0.0,0.0
2.8538885,-9.404425,0.37349546,0.0,0.0,0.0,0.0,0.0,0.0
2.9592333,-9.404425,0.34476504,0.0,0.0,0.0,0.0,0.0,0.0
2.9592333,-9.404425,0.34476504,0.0,0.0,0.0,0.0,0.0,0.0
2.9783869,-9.433155,0.37349546,0.0,0.0,0.0,0.0,0.0,0.0
2.9783869,-9.433155,0.37349546,0.0,0.0,0.0,0.0,0.0,0.0
2.930503,-9.404425,0.41180268,0.0,0.0,0.0,0.0,0.0,0.0
2.930503,-9.404425,0.41180268,0.0,0.0,0.0,0.0,0.0,0.0
2.9975405,-9.481039,0.4213795,0.0,0.0,0.0,0.0,0.0,0.0
2.9975405,-9.481039,0.4213795,0.0,0.0,0.0,0.0,0.0,0.0
3.0262709,-9.481039,0.45968673,0.0,0.0,0.0,0.0,0.0,0.0
3.0262709,-9.481039,0.45968673,0.0,0.0,0.0,0.0,0.0,0.0
3.0358477,-9.414001,0.46926352,0.0,0.0,0.0,0.0,0.0,0.0
3.0358477,-9.414001,0.46926352,0.0,0.0,0.0,0.0,0.0,0.0
3.016694,-9.414001,0.46926352,0.0,0.0,0.0,0.0,0.0,0.0
3.016694,-9.414001,0.46926352,0.0,0.0,0.0,0.0,0.0,0.0
2.920926,-9.346964,0.50757074,0.0,0.0,0.0,0.0,0.0,0.0
2.920926,-9.346964,0.50757074,0.0,0.0,0.0,0.0,0.0,0.0
2.8921957,-9.3661175,0.47884035,0.0,0.0,0.0,0.0,0.0,0.0
2.8921957,-9.3661175,0.47884035,0.0,0.0,0.0,0.0,0.0,0.0
2.8921957,-9.3661175,0.47884035,0.0,0.0,0.0,0.0,0.0,0.0
2.9113493,-9.375694,0.40222588,0.0,0.0,0.0,0.0,0.0,0.0
2.9113493,-9.375694,0.40222588,0.0,0.0,0.0,0.0,0.0,0.0
2.920926,-9.3661175,0.41180268,0.0,0.0,0.0,0.0,0.0,0.0
2.920926,-9.3661175,0.41180268,0.0,0.0,0.0,0.0,0.0,0.0
2.9400797,-9.423578,0.40222588,0.0,0.0,0.0,0.0,0.0,0.0
2.9400797,-9.423578,0.40222588,0.0,0.0,0.0,0.0,0.0,0.0
2.9113493,-9.404425,0.37349546,0.0,0.0,0.0,0.0,0.0,0.0
2.9113493,-9.404425,0.37349546,0.0,0.0,0.0,0.0,0.0,0.0
2.930503,-9.394848,0.35434186,0.0,0.0,0.0,0.0,0.0,0.0
2.930503,-9.394848,0.35434186,0.0,0.0,0.0,0.0,0.0,0.0
2.9400797,-9.404425,0.40222588,0.0,0.0,0.0,0.0,0.0,0.0
2.9400797,-9.404425,0.40222588,0.0,0.0,0.0,0.0,0.0,0.0
2.9879637,-9.452309,0.46926352,0.0,0.0,0.0,0.0,0.0,0.0
2.9879637,-9.452309,0.46926352,0.0,0.0,0.0,0.0,0.0,0.0
2.9975405,-9.442732,0.46926352,0.0,0.0,0.0,0.0,0.0,0.0
2.9975405,-9.442732,0.46926352,0.0,0.0,0.0,0.0,0.0,0.0
3.0071173,-9.423578,0.49799395,0.0,0.0,0.0,0.0,0.0,0.0
3.0071173,-9.423578,0.49799395,0.0,0.0,0.0,0.0,0.0,0.0
2.9879637,-9.385271,0.49799395,0.0,0.0,0.0,0.0,0.0,0.0
2.96881,-9.3661175,0.48841715,0.0,0.0,0.0,0.0,0.0,0.0
2.96881,-9.3661175,0.48841715,0.0,0.0,0.0,0.0,0.0,0.0
2.9592333,-9.385271,0.45968673,0.0,0.0,0.0,0.0,0.0,0.0
2.9592333,-9.385271,0.45968673,0.0,0.0,0.0,0.0,0.0,0.0
2.9496565,-9.385271,0.4405331,0.0,0.0,0.0,0.0,0.0,0.0
2.9496565,-9.385271,0.4405331,0.0,0.0,0.0,0.0,0.0,0.0
2.930503,-9.385271,0.38307226,0.0,0.0,0.0,0.0,0.0,0.0
2.930503,-9.385271,0.38307226,0.0,0.0,0.0,0.0,0.0,0.0
2.9113493,-9.385271,0.39264908,0.0,0.0,0.0,0.0,0.0,0.0
2.9113493,-9.385271,0.39264908,0.0,0.0,0.0,0.0,0.0,0.0
2.920926,-9.394848,0.40222588,0.0,0.0,0.0,0.0,0.0,0.0
2.920926,-9.394848,0.40222588,0.0,0.0,0.0,0.0,0.0,0.0
2.930503,-9.3661175,0.41180268,0.0,0.0,0.0,0.0,0.0,0.0
2.930503,-9.3661175,0.41180268,0.0,0.0,0.0,0.0,0.0,0.0
2.930503,-9.385271,0.4213795,0.0,0.0,0.0,0.0,0.0,0.0
2.930503,-9.385271,0.4213795,0.0,0.0,0.0,0.0,0.0,0.0
2.930503,-9.423578,0.40222588,0.0,0.0,0.0,0.0,0.0,0.0
2.930503,-9.423578,0.40222588,0.0,0.0,0.0,0.0,0.0,0.0
2.9113493,-9.385271,0.4309563,0.0,0.0,0.0,0.0,0.0,0.0
2.9113493,-9.385271,0.4309563,0.0,0.0,0.0,0.0,0.0,0.0
2.930503,-9.375694,0.4309563,0.0,0.0,0.0,0.0,0.0,0.0
2.930503,-9.375694,0.4309563,0.0,0.0,0.0,0.0,0.0,0.0
2.9592333,-9.442732,0.41180268,0.0,0.0,0.0,0.0,0.0,0.0
2.9592333,-9.442732,0.41180268,0.0,0.0,0.0,0.0,0.0,0.0
2.9496565,-9.452309,0.47884035,0.0,0.0,0.0,0.0,0.0,0.0
2.9496565,-9.452309,0.47884035,0.0,0.0,0.0,0.0,0.0,0.0
2.96881,-9.375694,0.51714754,0.0,0.0,0.0,0.0,0.0,0.0
2.96881,-9.375694,0.51714754,0.0,0.0,0.0,0.0,0.0,0.0
3.0071173,-9.394848,0.5267244,0.0,0.0,0.0,0.0,0.0,0.0
3.0071173,-9.394848,0.5267244,0.0,0.0,0.0,0.0,0.0,0.0
3.0071173,-9.423578,0.5267244,0.0,0.0,0.0,0.0,0.0,0.0
2.9879637,-9.385271,0.5267244,0.0,0.0,0.0,0.0,0.0,0.0
2.9879637,-9.385271,0.5267244,0.0,0.0,0.0,0.0,0.0,0.0
2.9879637,-9.423578,0.50757074,0.0,0.0,0.0,0.0,0.0,0.0
2.9879637,-9.423578,0.50757074,0.0,0.0,0.0,0.0,0.0,0.0
2.9879637,-9.433155,0.51714754,0.0,0.0,0.0,0.0,0.0,0.0
2.9879637,-9.433155,0.51714754,0.0,0.0,0.0,0.0,0.0,0.0
2.9879637,-9.423578,0.5554548,0.0,0.0,0.0,0.0,0.0,0.0
2.9879637,-9.423578,0.5554548,0.0,0.0,0.0,0.0,0.0,0.0
2.9592333,-9.404425,0.5554548,0.0,0.0,0.0,0.0,0.0,0.0
2.9592333,-9.404425,0.5554548,0.0,0.0,0.0,0.0,0.0,0.0
2.96881,-9.394848,0.49799395,0.0,0.0,0.0,0.0,0.0,0.0
2.96881,-9.394848,0.49799395,0.0,0.0,0.0,0.0,0.0,0.0
2.9496565,-9.433155,0.49799395,0.0,0.0,0.0,0.0,0.0,0.0
2.9496565,-9.433155,0.49799395,0.0,0.0,0.0,0.0,0.0,0.0
2.9496565,-9.442732,0.47884035,0.0,0.0,0.0,0.0,0.0,0.0
2.9496565,-9.442732,0.47884035,0.0,0.0,0.0,0.0,0.0,0.0
2.9496565,-9.394848,0.5267244,0.0,0.0,0.0,0.0,0.0,0.0
2.9496565,-9.394848,0.5267244,0.0,0.0,0.0,0.0,0.0,0.0
2.9496565,-9.414001,0.5267244,0.0,0.0,0.0,0.0,0.0,0.0
2.9496565,-9.414001,0.5267244,0.0,0.0,0.0,0.0,0.0,0.0
2.930503,-9.414001,0.51714754,0.0,0.0,0.0,0.0,0.0,0.0
2.930503,-9.414001,0.51714754,0.0,0.0,0.0,0.0,0.0,0.0
2.9113493,-9.385271,0.51714754,0.0,0.0,0.0,0.0,0.0,0.0
2.9113493,-9.385271,0.51714754,0.0,0.0,0.0,0.0,0.0,0.0
2.920926,-9.394848,0.47884035,0.0,0.0,0.0,0.0,0.0,0.0
2.920926,-9.394848,0.47884035,0.0,0.0,0.0,0.0,0.0,0.0
2.9496565,-9.423578,0.48841715,0.0,0.0,0.0,0.0,0.0,0.0
2.9496565,-9.423578,0.48841715,0.0,0.0,0.0,0.0,0.0,0.0
2.9783869,-9.394848,0.51714754,0.0,0.0,0.0,0.0,0.0,0.0
2.9783869,-9.394848,0.51714754,0.0,0.0,0.0,0.0,0.0,0.0
2.9783869,-9.3661175,0.5267244,0.0,0.0,0.0,0.0,0.0,0.0
2.9783869,-9.3661175,0.5267244,0.0,0.0,0.0,0.0,0.0,0.0
2.9496565,-9.375694,0.49799395,0.0,0.0,0.0,0.0,0.0,0.0
2.9496565,-9.375694,0.49799395,0.0,0.0,0.0,0.0,0.0,0.0
2.920926,-9.394848,0.46926352,0.0,0.0,0.0,0.0,0.0,0.0
2.920926,-9.394848,0.46926352,0.0,0.0,0.0,0.0,0.0,0.0
2.96881,-9.385271,0.45010993,0.0,0.0,0.0,0.0,0.0,0.0
2.9592333,-9.404425,0.50757074,0.0,0.0,0.0,0.0,0.0,0.0
2.9592333,-9.404425,0.50757074,0.0,0.0,0.0,0.0,0.0,0.0
2.9496565,-9.394848,0.5267244,0.0,0.0,0.0,0.0,0.0,0.0
2.9496565,-9.394848,0.5267244,0.0,0.0,0.0,0.0,0.0,0.0
2.96881,-9.394848,0.5363012,0.0,0.0,0.0,0.0,0.0,0.0
2.96881,-9.394848,0.5363012,0.0,0.0,0.0,0.0,0.0,0.0
2.9879637,-9.394848,0.51714754,0.0,0.0,0.0,0.0,0.0,0.0
2.9879637,-9.394848,0.51714754,0.0,0.0,0.0,0.0,0.0,0.0
2.9975405,-9.337387,0.47884035,0.0,0.0,0.0,0.0,0.0,0.0
2.9975405,-9.337387,0.47884035,0.0,0.0,0.0,0.0,0.0,0.0
2.9783869,-9.385271,0.46926352,0.0,0.0,0.0,0.0,0.0,0.0
2.9783869,-9.385271,0.46926352,0.0,0.0,0.0,0.0,0.0,0.0
2.9496565,-9.471462,0.45010993,0.0,0.0,0.0,0.0,0.0,0.0
2.9496565,-9.471462,0.45010993,0.0,0.0,0.0,0.0,0.0,0.0
2.9592333,-9.375694,0.5554548,0.0,0.0,0.0,0.0,0.0,0.0
2.9592333,-9.375694,0.5554548,0.0,0.0,0.0,0.0,0.0,0.0
2.9592333,-9.414001,0.61291564,0.0,0.0,0.0,0.0,0.0,0.0
2.9592333,-9.414001,0.61291564,0.0,0.0,0.0,0.0,0.0,0.0
2.9975405,-9.442732,0.5746084,0.0,0.0,0.0,0.0,0.0,0.0
2.9975405,-9.442732,0.5746084,0.0,0.0,0.0,0.0,0.0,0.0
2.96881,-9.414001,0.48841715,0.0,0.0,0.0,0.0,0.0,0.0
2.96881,-9.414001,0.48841715,0.0,0.0,0.0,0.0,0.0,0.0
2.9783869,-9.423578,0.48841715,0.0,0.0,0.0,0.0,0.0,0.0
2.9783869,-9.423578,0.48841715,0.0,0.0,0.0,0.0,0.0,0.0
2.9879637,-9.394848,0.545878,0.0,0.0,0.0,0.0,0.0,0.0
2.9879637,-9.394848,0.545878,0.0,0.0,0.0,0.0,0.0,0.0
2.9975405,-9.385271,0.5746084,0.0,0.0,0.0,0.0,0.0,0.0
2.9975405,-9.385271,0.5746084,0.0,0.0,0.0,0.0,0.0,0.0
2.9592333,-9.385271,0.46926352,0.0,0.0,0.0,0.0,0.0,0.0
2.9592333,-9.385271,0.46926352,0.0,0.0,0.0,0.0,0.0,0.0
2.9400797,-9.414001,0.45968673,0.0,0.0,0.0,0.0,0.0,0.0
2.9400797,-9.414001,0.45968673,0.0,0.0,0.0,0.0,0.0,0.0
2.9496565,-9.404425,0.4309563,0.0,0.0,0.0,0.0,0.0,0.0
2.9496565,-9.404425,0.4309563,0.0,0.0,0.0,0.0,0.0,0.0
2.9783869,-9.3661175,0.45968673,0.0,0.0,0.0,0.0,0.0,0.0
2.9783869,-9.3661175,0.45968673,0.0,0.0,0.0,0.0,0.0,0.0
2.9783869,-9.356541,0.49799395,0.0,0.0,0.0,0.0,0.0,0.0
2.9783869,-9.356541,0.49799395,0.0,0.0,0.0,0.0,0.0,0.0
2.9879637,-9.385271,0.46926352,0.0,0.0,0.0,0.0,0.0,0.0
2.9879637,-9.385271,0.46926352,0.0,0.0,0.0,0.0,0.0,0.0
2.9879637,-9.414001,0.4309563,0.0,0.0,0.0,0.0,0.0,0.0
2.9879637,-9.414001,0.4309563,0.0,0.0,0.0,0.0,0.0,0.0
3.016694,-9.346964,0.4309563,0.0,0.0,0.0,0.0,0.0,0.0
3.016694,-9.346964,0.4309563,0.0,0.0,0.0,0.0,0.0,0.0
3.0262709,-9.3661175,0.48841715,0.0,0.0,0.0,0.0,0.0,0.0
3.0262709,-9.3661175,0.48841715,0.0,0.0,0.0,0.0,0.0,0.0
2.9592333,-9.394848,0.51714754,0.0,0.0,0.0,0.0,0.0,0.0
2.9592333,-9.394848,0.51714754,0.0,0.0,0.0,0.0,0.0,0.0
2.9113493,-9.423578,0.4405331,0.0,0.0,0.0,0.0,0.0,0.0
2.9113493,-9.423578,0.4405331,0.0,0.0,0.0,0.0,0.0,0.0
2.9496565,-9.433155,0.46926352,0.0,0.0,0.0,0.0,0.0,0.0
2.9496565,-9.433155,0.46926352,0.0,0.0,0.0,0.0,0.0,0.0
2.9879637,-9.394848,0.48841715,0.0,0.0,0.0,0.0,0.0,0.0
2.9879637,-9.394848,0.48841715,0.0,0.0,0.0,0.0,0.0,0.0
2.9879637,-9.394848,0.48841715,0.0,0.0,0.0,0.0,0.0,0.0
2.9975405,-9.385271,0.5267244,0.0,0.0,0.0,0.0,0.0,0.0
2.9975405,-9.385271,0.5267244,0.0,0.0,0.0,0.0,0.0,0.0
2.9496565,-9.385271,0.49799395,0.0,0.0,0.0,0.0,0.0,0.0
2.9496565,-9.385271,0.49799395,0.0,0.0,0.0,0.0,0.0,0.0
2.9400797,-9.394848,0.45010993,0.0,0.0,0.0,0.0,0.0,0.0
2.9400797,-9.394848,0.45010993,0.0,0.0,0.0,0.0,0.0,0.0
2.9496565,-9.452309,0.4405331,0.0,0.0,0.0,0.0,0.0,0.0
2.9496565,-9.452309,0.4405331,0.0,0.0,0.0,0.0,0.0,0.0
2.9879637,-9.423578,0.45010993,0.0,0.0,0.0,0.0,0.0,0.0
2.9879637,-9.423578,0.45010993,0.0,0.0,0.0,0.0,0.0,0.0
3.0550013,-9.3661175,0.5363012,0.0,0.0,0.0,0.0,0.0,0.0
3.0550013,-9.3661175,0.5363012,0.0,0.0,0.0,0.0,0.0,0.0
2.9496565,-9.385271,0.5650316,0.0,0.0,0.0,0.0,0.0,0.0
2.9496565,-9.385271,0.5650316,0.0,0.0,0.0,0.0,0.0,0.0
2.9113493,-9.452309,0.49799395,0.0,0.0,0.0,0.0,0.0,0.0
2.96881,-9.452309,0.4405331,0.0,0.0,0.0,0.0,0.0,0.0
2.96881,-9.452309,0.4405331,0.0,0.0,0.0,0.0,0.0,0.0
2.96881,-9.452309,0.4405331,0.0,0.0,0.0,0.0,0.0,0.0
3.0358477,-9.423578,0.51714754,0.0,0.0,0.0,0.0,0.0,0.0
3.0358477,-9.423578,0.51714754,0.0,0.0,0.0,0.0,0.0,0.0
3.016694,-9.3661175,0.5267244,0.0,0.0,0.0,0.0,0.0,0.0
2.9879637,-9.375694,0.51714754,0.0,0.0,0.0,0.0,0.0,0.0
2.9879637,-9.375694,0.51714754,0.0,0.0,0.0,0.0,0.0,0.0
2.9496565,-9.385271,0.4213795,0.0,0.0,0.0,0.0,0.0,0.0
2.9496565,-9.385271,0.4213795,0.0,0.0,0.0,0.0,0.0,0.0
2.9879637,-9.433155,0.41180268,0.0,0.0,0.0,0.0,0.0,0.0
2.9879637,-9.433155,0.41180268,0.0,0.0,0.0,0.0,0.0,0.0
3.0358477,-9.404425,0.45010993,0.0,0.0,0.0,0.0,0.0,0.0
3.0358477,-9.404425,0.45010993,0.0,0.0,0.0,0.0,0.0,0.0
3.016694,-9.270349,0.45968673,0.0,0.0,0.0,0.0,0.0,0.0
3.016694,-9.270349,0.45968673,0.0,0.0,0.0,0.0,0.0,0.0
2.8921957,-9.433155,0.4213795,0.0,0.0,0.0,0.0,0.0,0.0
2.8921957,-9.433155,0.4213795,0.0,0.0,0.0,0.0,0.0,0.0
2.9017725,-9.423578,0.35434186,0.0,0.0,0.0,0.0,0.0,0.0
2.9017725,-9.423578,0.35434186,0.0,0.0,0.0,0.0,0.0,0.0
2.9592333,-9.375694,0.36391866,0.0,0.0,0.0,0.0,0.0,0.0
2.9592333,-9.375694,0.36391866,0.0,0.0,0.0,0.0,0.0,0.0
3.0262709,-9.337387,0.40222588,0.0,0.0,0.0,0.0,0.0,0.0
3.0262709,-9.337387,0.40222588,0.0,0.0,0.0,0.0,0.0,0.0
2.9592333,-9.433155,0.45968673,0.0,0.0,0.0,0.0,0.0,0.0
2.9592333,-9.433155,0.45968673,0.0,0.0,0.0,0.0,0.0,0.0
2.9400797,-9.423578,0.4213795,0.0,0.0,0.0,0.0,0.0,0.0
2.9400797,-9.423578,0.4213795,0.0,0.0,0.0,0.0,0.0,0.0
2.930503,-9.346964,0.38307226,0.0,0.0,0.0,0.0,0.0,0.0
2.930503,-9.346964,0.38307226,0.0,0.0,0.0,0.0,0.0,0.0
2.9400797,-9.414001,0.30645782,0.0,0.0,0.0,0.0,0.0,0.0
2.9400797,-9.414001,0.30645782,0.0,0.0,0.0,0.0,0.0,0.0
2.9975405,-9.375694,0.4213795,0.0,0.0,0.0,0.0,0.0,0.0
2.9975405,-9.375694,0.4213795,0.0,0.0,0.0,0.0,0.0,0.0
2.9975405,-9.404425,0.45010993,0.0,0.0,0.0,0.0,0.0,0.0
2.9975405,-9.404425,0.45010993,0.0,0.0,0.0,0.0,0.0,0.0
2.96881,-9.394848,0.50757074,0.0,0.0,0.0,0.0,0.0,0.0
2.96881,-9.394848,0.50757074,0.0,0.0,0.0,0.0,0.0,0.0
2.9879637,-9.414001,0.47884035,0.0,0.0,0.0,0.0,0.0,0.0
2.9879637,-9.414001,0.47884035,0.0,0.0,0.0,0.0,0.0,0.0
2.9592333,-9.404425,0.4405331,0.0,0.0,0.0,0.0,0.0,0.0
2.9592333,-9.404425,0.4405331,0.0,0.0,0.0,0.0,0.0,0.0
2.9592333,-9.404425,0.41180268,0.0,0.0,0.0,0.0,0.0,0.0
2.9592333,-9.404425,0.41180268,0.0,0.0,0.0,0.0,0.0,0.0
2.920926,-9.394848,0.45010993,0.0,0.0,0.0,0.0,0.0,0.0
2.920926,-9.394848,0.45010993,0.0,0.0,0.0,0.0,0.0,0.0
2.930503,-9.433155,0.45968673,0.0,0.0,0.0,0.0,0.0,0.0
2.930503,-9.433155,0.45968673,0.0,0.0,0.0,0.0,0.0,0.0
2.9400797,-9.433155,0.47884035,0.0,0.0,0.0,0.0,0.0,0.0
2.9400797,-9.433155,0.47884035,0.0,0.0,0.0,0.0,0.0,0.0
2.9496565,-9.414001,0.51714754,0.0,0.0,0.0,0.0,0.0,0.0
2.9496565,-9.414001,0.51714754,0.0,0.0,0.0,0.0,0.0,0.0
2.9400797,-9.452309,0.45010993,0.0,0.0,0.0,0.0,0.0,0.0
2.920926,-9.442732,0.45968673,0.0,0.0,0.0,0.0,0.0,0.0
2.920926,-9.442732,0.45968673,0.0,0.0,0.0,0.0,0.0,0.0
2.920926,-9.452309,0.47884035,0.0,0.0,0.0,0.0,0.0,0.0
2.920926,-9.452309,0.47884035,0.0,0.0,0.0,0.0,0.0,0.0
2.930503,-9.414001,0.47884035,0.0,0.0,0.0,0.0,0.0,0.0
2.930503,-9.414001,0.47884035,0.0,0.0,0.0,0.0,0.0,0.0
2.9496565,-9.423578,0.4405331,0.0,0.0,0.0,0.0,0.0,0.0
2.9496565,-9.423578,0.4405331,0.0,0.0,0.0,0.0,0.0,0.0
2.96881,-9.433155,0.4213795,0.0,0.0,0.0,0.0,0.0,0.0
2.96881,-9.433155,0.4213795,0.0,0.0,0.0,0.0,0.0,0.0
2.920926,-9.414001,0.4213795,0.0,0.0,0.0,0.0,0.0,0.0
2.920926,-9.414001,0.4213795,0.0,0.0,0.0,0.0,0.0,0.0
2.8634653,-9.375694,0.39264908,0.0,0.0,0.0,0.0,0.0,0.0
2.8634653,-9.375694,0.39264908,0.0,0.0,0.0,0.0,0.0,0.0
2.8538885,-9.385271,0.35434186,0.0,0.0,0.0,0.0,0.0,0.0
2.8538885,-9.385271,0.35434186,0.0,0.0,0.0,0.0,0.0,0.0
2.8634653,-9.423578,0.35434186,0.0,0.0,0.0,0.0,0.0,0.0
2.8634653,-9.423578,0.35434186,0.0,0.0,0.0,0.0,0.0,0.0
2.873042,-9.404425,0.33518824,0.0,0.0,0.0,0.0,0.0,0.0
2.873042,-9.404425,0.33518824,0.0,0.0,0.0,0.0,0.0,0.0
2.8921957,-9.385271,0.30645782,0.0,0.0,0.0,0.0,0.0,0.0
2.8921957,-9.385271,0.30645782,0.0,0.0,0.0,0.0,0.0,0.0
2.930503,-9.375694,0.33518824,0.0,0.0,0.0,0.0,0.0,0.0
2.930503,-9.375694,0.33518824,0.0,0.0,0.0,0.0,0.0,0.0
2.9592333,-9.3661175,0.30645782,0.0,0.0,0.0,0.0,0.0,0.0
2.9592333,-9.3661175,0.30645782,0.0,0.0,0.0,0.0,0.0,0.0
3.0071173,-9.356541,0.2777274,0.0,0.0,0.0,0.0,0.0,0.0
3.0071173,-9.356541,0.2777274,0.0,0.0,0.0,0.0,0.0,0.0
3.0071173,-9.3661175,0.29688102,0.0,0.0,0.0,0.0,0.0,0.0
3.0071173,-9.3661175,0.29688102,0.0,0.0,0.0,0.0,0.0,0.0
3.016694,-9.385271,0.33518824,0.0,0.0,0.0,0.0,0.0,0.0
3.016694,-9.385271,0.33518824,0.0,0.0,0.0,0.0,0.0,0.0
3.0071173,-9.32781,0.36391866,0.0,0.0,0.0,0.0,0.0,0.0
3.0071173,-9.32781,0.36391866,0.0,0.0,0.0,0.0,0.0,0.0
3.0071173,-9.3661175,0.32561144,0.0,0.0,0.0,0.0,0.0,0.0
3.0071173,-9.3661175,0.32561144,0.0,0.0,0.0,0.0,0.0,0.0
2.9592333,-9.375694,0.35434186,0.0,0.0,0.0,0.0,0.0,0.0
2.9592333,-9.375694,0.35434186,0.0,0.0,0.0,0.0,0.0,0.0
2.9592333,-9.375694,0.35434186,0.0,0.0,0.0,0.0,0.0,0.0
2.9592333,-9.375694,0.35434186,0.0,0.0,0.0,0.0,0.0,0.0
3.016694,-9.3661175,0.33518824,0.0,0.0,0.0,0.0,0.0,0.0
3.016694,-9.3661175,0.33518824,0.0,0.0,0.0,0.0,0.0,0.0
3.0454245,-9.3661175,0.32561144,0.0,0.0,0.0,0.0,0.0,0.0
3.0454245,-9.3661175,0.32561144,0.0,0.0,0.0,0.0,0.0,0.0
3.0262709,-9.3661175,0.31603462,0.0,0.0,0.0,0.0,0.0,0.0
3.0262709,-9.3661175,0.31603462,0.0,0.0,0.0,0.0,0.0,0.0
3.064578,-9.32781,0.29688102,0.0,0.0,0.0,0.0,0.0,0.0
3.064578,-9.32781,0.29688102,0.0,0.0,0.0,0.0,0.0,0.0
3.0454245,-9.356541,0.2681506,0.0,0.0,0.0,0.0,0.0,0.0
3.0454245,-9.356541,0.2681506,0.0,0.0,0.0,0.0,0.0,0.0
3.074155,-9.3661175,0.32561144,0.0,0.0,0.0,0.0,0.0,0.0
3.074155,-9.3661175,0.32561144,0.0,0.0,0.0,0.0,0.0,0.0
3.074155,-9.3661175,0.32561144,0.0,0.0,0.0,0.0,0.0,0.0
3.083732,-9.375694,0.38307226,0.0,0.0,0.0,0.0,0.0,0.0
3.083732,-9.375694,0.38307226,0.0,0.0,0.0,0.0,0.0,0.0
3.0933087,-9.356541,0.41180268,0.0,0.0,0.0,0.0,0.0,0.0
3.0933087,-9.356541,0.41180268,0.0,0.0,0.0,0.0,0.0,0.0
3.074155,-9.356541,0.41180268,0.0,0.0,0.0,0.0,0.0,0.0
3.074155,-9.356541,0.41180268,0.0,0.0,0.0,0.0,0.0,0.0
3.1028855,-9.337387,0.38307226,0.0,0.0,0.0,0.0,0.0,0.0
3.1028855,-9.356541,0.37349546,0.0,0.0,0.0,0.0,0.0,0.0
3.1028855,-9.356541,0.37349546,0.0,0.0,0.0,0.0,0.0,0.0
3.0550013,-9.356541,0.37349546,0.0,0.0,0.0,0.0,0.0,0.0
3.0550013,-9.356541,0.37349546,0.0,0.0,0.0,0.0,0.0,0.0
3.0550013,-9.356541,0.37349546,0.0,0.0,0.0,0.0,0.0,0.0
2.9783869,-9.375694,0.41180268,0.0,0.0,0.0,0.0,0.0,0.0
2.9879637,-9.404425,0.38307226,0.0,0.0,0.0,0.0,0.0,0.0
2.9879637,-9.404425,0.38307226,0.0,0.0,0.0,0.0,0.0,0.0
2.9879637,-9.404425,0.38307226,0.0,0.0,0.0,0.0,0.0,0.0
2.96881,-9.423578,0.38307226,0.0,0.0,0.0,0.0,0.0,0.0
2.9592333,-9.423578,0.4405331,0.0,0.0,0.0,0.0,0.0,0.0
2.9592333,-9.423578,0.4405331,0.0,0.0,0.0,0.0,0.0,0.0
2.9975405,-9.442732,0.46926352,0.0,0.0,0.0,0.0,0.0,0.0
2.9975405,-9.442732,0.46926352,0.0,0.0,0.0,0.0,0.0,0.0
2.9975405,-9.433155,0.48841715,0.0,0.0,0.0,0.0,0.0,0.0
2.9975405,-9.433155,0.48841715,0.0,0.0,0.0,0.0,0.0,0.0
2.9879637,-9.423578,0.49799395,0.0,0.0,0.0,0.0,0.0,0.0
2.9879637,-9.423578,0.49799395,0.0,0.0,0.0,0.0,0.0,0.0
3.016694,-9.385271,0.48841715,0.0,0.0,0.0,0.0,0.0,0.0
3.016694,-9.385271,0.48841715,0.0,0.0,0.0,0.0,0.0,0.0
2.9592333,-9.404425,0.49799395,0.0,0.0,0.0,0.0,0.0,0.0
2.9592333,-9.404425,0.49799395,0.0,0.0,0.0,0.0,0.0,0.0
2.920926,-9.385271,0.47884035,0.0,0.0,0.0,0.0,0.0,0.0
2.920926,-9.385271,0.47884035,0.0,0.0,0.0,0.0,0.0,0.0
2.9400797,-9.394848,0.4405331,0.0,0.0,0.0,0.0,0.0,0.0
2.9400797,-9.394848,0.4405331,0.0,0.0,0.0,0.0,0.0,0.0
2.920926,-9.385271,0.4405331,0.0,0.0,0.0,0.0,0.0,0.0
2.920926,-9.385271,0.4405331,0.0,0.0,0.0,0.0,0.0,0.0
2.920926,-9.394848,0.41180268,0.0,0.0,0.0,0.0,0.0,0.0
2.920926,-9.394848,0.41180268,0.0,0.0,0.0,0.0,0.0,0.0
2.9400797,-9.414001,0.38307226,0.0,0.0,0.0,0.0,0.0,0.0
2.9400797,-9.414001,0.38307226,0.0,0.0,0.0,0.0,0.0,0.0
2.96881,-9.385271,0.41180268,0.0,0.0,0.0,0.0,0.0,0.0
2.96881,-9.385271,0.41180268,0.0,0.0,0.0,0.0,0.0,0.0
3.0071173,-9.394848,0.40222588,0.0,0.0,0.0,0.0,0.0,0.0
3.0071173,-9.394848,0.40222588,0.0,0.0,0.0,0.0,0.0,0.0
3.016694,-9.404425,0.40222588,0.0,0.0,0.0,0.0,0.0,0.0
3.016694,-9.404425,0.40222588,0.0,0.0,0.0,0.0,0.0,0.0
2.9783869,-9.452309,0.49799395,0.0,0.0,0.0,0.0,0.0,0.0
2.9783869,-9.452309,0.49799395,0.0,0.0,0.0,0.0,0.0,0.0
2.9879637,-9.356541,0.50757074,0.0,0.0,0.0,0.0,0.0,0.0
2.9879637,-9.356541,0.50757074,0.0,0.0,0.0,0.0,0.0,0.0
3.0071173,-9.375694,0.545878,0.0,0.0,0.0,0.0,0.0,0.0
3.0071173,-9.375694,0.545878,0.0,0.0,0.0,0.0,0.0,0.0
3.0358477,-9.423578,0.50757074,0.0,0.0,0.0,0.0,0.0,0.0
3.0454245,-9.346964,0.45968673,0.0,0.0,0.0,0.0,0.0,0.0
3.0454245,-9.346964,0.45968673,0.0,0.0,0.0,0.0,0.0,0.0
2.96881,-9.394848,0.48841715,0.0,0.0,0.0,0.0,0.0,0.0
2.96881,-9.394848,0.48841715,0.0,0.0,0.0,0.0,0.0,0.0
2.9496565,-9.404425,0.45968673,0.0,0.0,0.0,0.0,0.0,0.0
2.9496565,-9.404425,0.45968673,0.0,0.0,0.0,0.0,0.0,0.0
2.930503,-9.433155,0.45010993,0.0,0.0,0.0,0.0,0.0,0.0
2.930503,-9.433155,0.45010993,0.0,0.0,0.0,0.0,0.0,0.0
2.9592333,-9.394848,0.4309563,0.0,0.0,0.0,0.0,0.0,0.0
2.9592333,-9.394848,0.4309563,0.0,0.0,0.0,0.0,0.0,0.0
2.9879637,-9.404425,0.39264908,0.0,0.0,0.0,0.0,0.0,0.0
2.9879637,-9.404425,0.39264908,0.0,0.0,0.0,0.0,0.0,0.0
3.0071173,-9.385271,0.39264908,0.0,0.0,0.0,0.0,0.0,0.0
3.0071173,-9.385271,0.39264908,0.0,0.0,0.0,0.0,0.0,0.0
2.9592333,-9.481039,0.49799395,0.0,0.0,0.0,0.0,0.0,0.0
2.9592333,-9.481039,0.49799395,0.0,0.0,0.0,0.0,0.0,0.0
2.9400797,-9.356541,0.47884035,0.0,0.0,0.0,0.0,0.0,0.0
2.9400797,-9.356541,0.47884035,0.0,0.0,0.0,0.0,0.0,0.0
2.930503,-9.3182335,0.49799395,0.0,0.0,0.0,0.0,0.0,0.0
2.930503,-9.3182335,0.49799395,0.0,0.0,0.0,0.0,0.0,0.0
3.0454245,-9.385271,0.36391866,0.0,0.0,0.0,0.0,0.0,0.0
3.0454245,-9.385271,0.36391866,0.0,0.0,0.0,0.0,0.0,0.0
3.0358477,-9.356541,0.38307226,0.0,0.0,0.0,0.0,0.0,0.0
3.0358477,-9.356541,0.38307226,0.0,0.0,0.0,0.0,0.0,0.0
2.96881,-9.3182335,0.39264908,0.0,0.0,0.0,0.0,0.0,0.0
2.96881,-9.3182335,0.39264908,0.0,0.0,0.0,0.0,0.0,0.0
2.9017725,-9.299079,0.41180268,0.0,0.0,0.0,0.0,0.0,0.0
2.9017725,-9.299079,0.41180268,0.0,0.0,0.0,0.0,0.0,0.0
2.8921957,-9.423578,0.38307226,0.0,0.0,0.0,0.0,0.0,0.0
2.8921957,-9.423578,0.38307226,0.0,0.0,0.0,0.0,0.0,0.0
2.882619,-9.423578,0.33518824,0.0,0.0,0.0,0.0,0.0,0.0
2.882619,-9.423578,0.33518824,0.0,0.0,0.0,0.0,0.0,0.0
2.8921957,-9.346964,0.32561144,0.0,0.0,0.0,0.0,0.0,0.0
2.8921957,-9.346964,0.32561144,0.0,0.0,0.0,0.0,0.0,0.0
2.8921957,-9.346964,0.32561144,0.0,0.0,0.0,0.0,0.0,0.0
2.882619,-9.414001,0.37349546,0.0,0.0,0.0,0.0,0.0,0.0
2.920926,-9.404425,0.39264908,0.0,0.0,0.0,0.0,0.0,0.0
2.920926,-9.404425,0.39264908,0.0,0.0,0.0,0.0,0.0,0.0
2.9400797,-9.442732,0.34476504,0.0,0.0,0.0,0.0,0.0,0.0
2.9400797,-9.442732,0.34476504,0.0,0.0,0.0,0.0,0.0,0.0
2.9592333,-9.414001,0.4213795,0.0,0.0,0.0,0.0,0.0,0.0
2.9592333,-9.414001,0.4213795,0.0,0.0,0.0,0.0,0.0,0.0
2.9879637,-9.423578,0.49799395,0.0,0.0,0.0,0.0,0.0,0.0
2.9879637,-9.423578,0.49799395,0.0,0.0,0.0,0.0,0.0,0.0
2.9592333,-9.452309,0.51714754,0.0,0.0,0.0,0.0,0.0,0.0
2.9592333,-9.452309,0.51714754,0.0,0.0,0.0,0.0,0.0,0.0
2.9496565,-9.442732,0.545878,0.0,0.0,0.0,0.0,0.0,0.0
2.96881,-9.452309,0.5554548,0.0,0.0,0.0,0.0,0.0,0.0
2.96881,-9.452309,0.5554548,0.0,0.0,0.0,0.0,0.0,0.0
2.9496565,-9.394848,0.61291564,0.0,0.0,0.0,0.0,0.0,0.0
2.9496565,-9.394848,0.61291564,0.0,0.0,0.0,0.0,0.0,0.0
2.9017725,-9.346964,0.61291564,0.0,0.0,0.0,0.0,0.0,0.0
2.9017725,-9.346964,0.61291564,0.0,0.0,0.0,0.0,0.0,0.0
2.9017725,-9.452309,0.5746084,0.0,0.0,0.0,0.0,0.0,0.0
2.9017725,-9.452309,0.5746084,0.0,0.0,0.0,0.0,0.0,0.0
2.8443117,-9.404425,0.45968673,0.0,0.0,0.0,0.0,0.0,0.0
2.8443117,-9.404425,0.45968673,0.0,0.0,0.0,0.0,0.0,0.0
2.815581,-9.394848,0.45010993,0.0,0.0,0.0,0.0,0.0,0.0
2.815581,-9.394848,0.45010993,0.0,0.0,0.0,0.0,0.0,0.0
2.815581,-9.461885,0.4309563,0.0,0.0,0.0,0.0,0.0,0.0
2.815581,-9.461885,0.4309563,0.0,0.0,0.0,0.0,0.0,0.0
2.777274,-9.433155,0.49799395,0.0,0.0,0.0,0.0,0.0,0.0
2.777274,-9.433155,0.49799395,0.0,0.0,0.0,0.0,0.0,0.0
2.777274,-9.442732,0.48841715,0.0,0.0,0.0,0.0,0.0,0.0
2.777274,-9.442732,0.48841715,0.0,0.0,0.0,0.0,0.0,0.0
2.7868507,-9.442732,0.48841715,0.0,0.0,0.0,0.0,0.0,0.0
2.7868507,-9.442732,0.48841715,0.0,0.0,0.0,0.0,0.0,0.0
2.767697,-9.452309,0.50757074,0.0,0.0,0.0,0.0,0.0,0.0
2.767697,-9.452309,0.50757074,0.0,0.0,0.0,0.0,0.0,0.0
2.7389667,-9.461885,0.545878,0.0,0.0,0.0,0.0,0.0,0.0
2.7389667,-9.461885,0.545878,0.0,0.0,0.0,0.0,0.0,0.0
2.7868507,-9.481039,0.5267244,0.0,0.0,0.0,0.0,0.0,0.0
2.7868507,-9.481039,0.5267244,0.0,0.0,0.0,0.0,0.0,0.0
2.777274,-9.500193,0.5746084,0.0,0.0,0.0,0.0,0.0,0.0
2.777274,-9.500193,0.5746084,0.0,0.0,0.0,0.0,0.0,0.0
2.767697,-9.461885,0.50757074,0.0,0.0,0.0,0.0,0.0,0.0
2.767697,-9.461885,0.50757074,0.0,0.0,0.0,0.0,0.0,0.0
2.8060043,-9.481039,0.50757074,0.0,0.0,0.0,0.0,0.0,0.0
2.8060043,-9.481039,0.50757074,0.0,0.0,0.0,0.0,0.0,0.0
2.8443117,-9.442732,0.5267244,0.0,0.0,0.0,0.0,0.0,0.0
2.8443117,-9.442732,0.5267244,0.0,0.0,0.0,0.0,0.0,0.0
2.815581,-9.414001,0.5267244,0.0,0.0,0.0,0.0,0.0,0.0
2.815581,-9.414001,0.5267244,0.0,0.0,0.0,0.0,0.0,0.0
2.8443117,-9.394848,0.48841715,0.0,0.0,0.0,0.0,0.0,0.0
2.8443117,-9.394848,0.48841715,0.0,0.0,0.0,0.0,0.0,0.0
2.882619,-9.433155,0.49799395,0.0,0.0,0.0,0.0,0.0,0.0
2.9113493,-9.404425,0.50757074,0.0,0.0,0.0,0.0,0.0,0.0
2.9113493,-9.404425,0.50757074,0.0,0.0,0.0,0.0,0.0,0.0
2.9113493,-9.404425,0.50757074,0.0,0.0,0.0,0.0,0.0,0.0
2.8921957,-9.452309,0.50757074,0.0,0.0,0.0,0.0,0.0,0.0
2.8921957,-9.452309,0.50757074,0.0,0.0,0.0,0.0,0.0,0.0
2.8538885,-9.452309,0.5554548,0.0,0.0,0.0,0.0,0.0,0.0
2.8538885,-9.452309,0.5554548,0.0,0.0,0.0,0.0,0.0,0.0
2.834735,-9.433155,0.5554548,0.0,0.0,0.0,0.0,0.0,0.0
2.825158,-9.452309,0.5650316,0.0,0.0,0.0,0.0,0.0,0.0
2.825158,-9.452309,0.5650316,0.0,0.0,0.0,0.0,0.0,0.0
2.8538885,-9.423578,0.5554548,0.0,0.0,0.0,0.0,0.0,0.0
2.8538885,-9.423578,0.5554548,0.0,0.0,0.0,0.0,0.0,0.0
2.8634653,-9.423578,0.60333884,0.0,0.0,0.0,0.0,0.0,0.0
2.8634653,-9.423578,0.60333884,0.0,0.0,0.0,0.0,0.0,0.0
2.8634653,-9.423578,0.60333884,0.0,0.0,0.0,0.0,0.0,0.0
2.9113493,-9.461885,0.61291564,0.0,0.0,0.0,0.0,0.0,0.0
2.9113493,-9.461885,0.61291564,0.0,0.0,0.0,0.0,0.0,0.0
2.9113493,-9.414001,0.59376204,0.0,0.0,0.0,0.0,0.0,0.0
2.9113493,-9.414001,0.59376204,0.0,0.0,0.0,0.0,0.0,0.0
2.930503,-9.423578,0.60333884,0.0,0.0,0.0,0.0,0.0,0.0
2.930503,-9.423578,0.60333884,0.0,0.0,0.0,0.0,0.0,0.0
2.930503,-9.414001,0.5746084,0.0,0.0,0.0,0.0,0.0,0.0
2.930503,-9.414001,0.5746084,0.0,0.0,0.0,0.0,0.0,0.0
2.9400797,-9.385271,0.545878,0.0,0.0,0.0,0.0,0.0,0.0
2.9400797,-9.385271,0.545878,0.0,0.0,0.0,0.0,0.0,0.0
2.9496565,-9.414001,0.48841715,0.0,0.0,0.0,0.0,0.0,0.0
2.9496565,-9.414001,0.48841715,0.0,0.0,0.0,0.0,0.0,0.0
2.9783869,-9.3661175,0.5363012,0.0,0.0,0.0,0.0,0.0,0.0
2.9783869,-9.3661175,0.5363012,0.0,0.0,0.0,0.0,0.0,0.0
2.9975405,-9.385271,0.545878,0.0,0.0,0.0,0.0,0.0,0.0
2.9975405,-9.385271,0.545878,0.0,0.0,0.0,0.0,0.0,0.0
3.016694,-9.404425,0.5363012,0.0,0.0,0.0,0.0,0.0,0.0
3.016694,-9.404425,0.5363012,0.0,0.0,0.0,0.0,0.0,0.0
3.016694,-9.375694,0.5650316,0.0,0.0,0.0,0.0,0.0,0.0
3.016694,-9.375694,0.5650316,0.0,0.0,0.0,0.0,0.0,0.0
3.016694,-9.375694,0.5650316,0.0,0.0,0.0,0.0,0.0,0.0
2.9975405,-9.385271,0.5267244,0.0,0.0,0.0,0.0,0.0,0.0
2.9975405,-9.385271,0.5267244,0.0,0.0,0.0,0.0,0.0,0.0
2.96881,-9.385271,0.51714754,0.0,0.0,0.0,0.0,0.0,0.0
2.96881,-9.385271,0.51714754,0.0,0.0,0.0,0.0,0.0,0.0
2.9879637,-9.385271,0.5554548,0.0,0.0,0.0,0.0,0.0,0.0
2.9879637,-9.385271,0.5554548,0.0,0.0,0.0,0.0,0.0,0.0
3.016694,-9.375694,0.5746084,0.0,0.0,0.0,0.0,0.0,0.0
3.016694,-9.375694,0.5746084,0.0,0.0,0.0,0.0,0.0,0.0
3.0071173,-9.346964,0.5363012,0.0,0.0,0.0,0.0,0.0,0.0
3.0071173,-9.346964,0.5363012,0.0,0.0,0.0,0.0,0.0,0.0
2.9975405,-9.375694,0.5267244,0.0,0.0,0.0,0.0,0.0,0.0
2.9975405,-9.375694,0.5267244,0.0,0.0,0.0,0.0,0.0,0.0
3.0071173,-9.3661175,0.50757074,0.0,0.0,0.0,0.0,0.0,0.0
3.0071173,-9.3661175,0.50757074,0.0,0.0,0.0,0.0,0.0,0.0
3.016694,-9.346964,0.45968673,0.0,0.0,0.0,0.0,0.0,0.0
3.016694,-9.346964,0.45968673,0.0,0.0,0.0,0.0,0.0,0.0
3.0358477,-9.414001,0.49799395,0.0,0.0,0.0,0.0,0.0,0.0
3.0358477,-9.414001,0.49799395,0.0,0.0,0.0,0.0,0.0,0.0
3.1028855,-9.452309,0.5267244,0.0,0.0,0.0,0.0,0.0,0.0
3.1028855,-9.452309,0.5267244,0.0,0.0,0.0,0.0,0.0,0.0
3.0933087,-9.423578,0.5650316,0.0,0.0,0.0,0.0,0.0,0.0
3.0933087,-9.423578,0.5650316,0.0,0.0,0.0,0.0,0.0,0.0
3.074155,-9.270349,0.5746084,0.0,0.0,0.0,0.0,0.0,0.0
3.074155,-9.270349,0.5746084,0.0,0.0,0.0,0.0,0.0,0.0
3.1124623,-9.356541,0.5554548,0.0,0.0,0.0,0.0,0.0,0.0
3.1124623,-9.356541,0.5554548,0.0,0.0,0.0,0.0,0.0,0.0
3.1507695,-9.461885,0.51714754,0.0,0.0,0.0,0.0,0.0,0.0
3.1507695,-9.461885,0.51714754,0.0,0.0,0.0,0.0,0.0,0.0
3.1794999,-9.423578,0.47884035,0.0,0.0,0.0,0.0,0.0,0.0
3.1794999,-9.423578,0.47884035,0.0,0.0,0.0,0.0,0.0,0.0
3.1794999,-9.232041,0.4309563,0.0,0.0,0.0,0.0,0.0,0.0
3.1794999,-9.232041,0.4309563,0.0,0.0,0.0,0.0,0.0,0.0
3.0262709,-8.963891,0.4309563,0.0,0.0,0.0,0.0,0.0,0.0
3.0262709,-8.963891,0.4309563,0.0,0.0,0.0,0.0,0.0,0.0
3.1603463,-9.251195,0.24899697,0.0,0.0,0.0,0.0,0.0,0.0
3.1603463,-9.251195,0.24899697,0.0,0.0,0.0,0.0,0.0,0.0
3.323152,-9.385271,0.12449849,0.0,0.0,0.0,0.0,0.0,0.0
3.323152,-9.385271,0.12449849,0.0,0.0,0.0,0.0,0.0,0.0
3.265691,-9.222465,0.29688102,0.0,0.0,0.0,0.0,0.0,0.0
3.2369606,-9.193734,0.34476504,0.0,0.0,0.0,0.0,0.0,0.0
3.2369606,-9.193734,0.34476504,0.0,0.0,0.0,0.0,0.0,0.0
3.2369606,-9.193734,0.34476504,0.0,0.0,0.0,0.0,0.0,0.0
3.2465374,-9.260772,0.34476504,0.0,0.0,0.0,0.0,0.0,0.0
3.0071173,-9.404425,0.45968673,0.0,0.0,0.0,0.0,0.0,0.0
3.0071173,-9.404425,0.45968673,0.0,0.0,0.0,0.0,0.0,0.0
3.0071173,-9.385271,0.45968673,0.0,0.0,0.0,0.0,0.0,0.0
3.0071173,-9.385271,0.45968673,0.0,0.0,0.0,0.0,0.0,0.0
3.0262709,-9.394848,0.4213795,0.0,0.0,0.0,0.0,0.0,0.0
3.0262709,-9.394848,0.4213795,0.0,0.0,0.0,0.0,0.0,0.0
2.9879637,-9.385271,0.40222588,0.0,0.0,0.0,0.0,0.0,0.0
2.9879637,-9.385271,0.40222588,0.0,0.0,0.0,0.0,0.0,0.0
3.0262709,-9.433155,0.4309563,0.0,0.0,0.0,0.0,0.0,0.0
3.0262709,-9.433155,0.4309563,0.0,0.0,0.0,0.0,0.0,0.0
3.0071173,-9.414001,0.47884035,0.0,0.0,0.0,0.0,0.0,0.0
3.0071173,-9.414001,0.47884035,0.0,0.0,0.0,0.0,0.0,0.0
2.9496565,-9.394848,0.48841715,0.0,0.0,0.0,0.0,0.0,0.0
2.9496565,-9.394848,0.48841715,0.0,0.0,0.0,0.0,0.0,0.0
2.8921957,-9.375694,0.4309563,0.0,0.0,0.0,0.0,0.0,0.0
2.8921957,-9.375694,0.4309563,0.0,0.0,0.0,0.0,0.0,0.0
2.873042,-9.404425,0.39264908,0.0,0.0,0.0,0.0,0.0,0.0
2.873042,-9.404425,0.39264908,0.0,0.0,0.0,0.0,0.0,0.0
2.8538885,-9.481039,0.33518824,0.0,0.0,0.0,0.0,0.0,0.0
2.8538885,-9.481039,0.33518824,0.0,0.0,0.0,0.0,0.0,0.0
2.882619,-9.519346,0.32561144,0.0,0.0,0.0,0.0,0.0,0.0
2.882619,-9.519346,0.32561144,0.0,0.0,0.0,0.0,0.0,0.0
3.0262709,-9.414001,0.33518824,0.0,0.0,0.0,0.0,0.0,0.0
3.0262709,-9.414001,0.33518824,0.0,0.0,0.0,0.0,0.0,0.0
3.0454245,-9.308656,0.33518824,0.0,0.0,0.0,0.0,0.0,0.0
3.0454245,-9.308656,0.33518824,0.0,0.0,0.0,0.0,0.0,0.0
3.016694,-9.346964,0.34476504,0.0,0.0,0.0,0.0,0.0,0.0
3.016694,-9.346964,0.34476504,0.0,0.0,0.0,0.0,0.0,0.0
3.083732,-9.32781,0.40222588,0.0,0.0,0.0,0.0,0.0,0.0
3.083732,-9.32781,0.40222588,0.0,0.0,0.0,0.0,0.0,0.0
3.0454245,-9.414001,0.4213795,0.0,0.0,0.0,0.0,0.0,0.0
3.0454245,-9.414001,0.4213795,0.0,0.0,0.0,0.0,0.0,0.0
3.0454245,-9.461885,0.48841715,0.0,0.0,0.0,0.0,0.0,0.0
3.0454245,-9.461885,0.48841715,0.0,0.0,0.0,0.0,0.0,0.0
2.9879637,-9.251195,0.4405331,0.0,0.0,0.0,0.0,0.0,0.0
2.9879637,-9.251195,0.4405331,0.0,0.0,0.0,0.0,0.0,0.0
2.8921957,-9.241618,0.49799395,0.0,0.0,0.0,0.0,0.0,0.0
2.8921957,-9.241618,0.49799395,0.0,0.0,0.0,0.0,0.0,0.0
2.9592333,-9.404425,0.41180268,0.0,0.0,0.0,0.0,0.0,0.0
2.9592333,-9.404425,0.41180268,0.0,0.0,0.0,0.0,0.0,0.0
3.016694,-9.241618,0.23942018,0.0,0.0,0.0,0.0,0.0,0.0
3.016694,-9.241618,0.23942018,0.0,0.0,0.0,0.0,0.0,0.0
3.122039,-9.394848,0.24899697,0.0,0.0,0.0,0.0,0.0,0.0
3.122039,-9.394848,0.24899697,0.0,0.0,0.0,0.0,0.0,0.0
3.1316159,-9.557653,0.2873042,0.0,0.0,0.0,0.0,0.0,0.0
3.1316159,-9.557653,0.2873042,0.0,0.0,0.0,0.0,0.0,0.0
3.1986535,-9.576807,0.41180268,0.0,0.0,0.0,0.0,0.0,0.0
3.1986535,-9.576807,0.41180268,0.0,0.0,0.0,0.0,0.0,0.0
3.169923,-9.442732,0.5746084,0.0,0.0,0.0,0.0,0.0,0.0
3.169923,-9.442732,0.5746084,0.0,0.0,0.0,0.0,0.0,0.0
2.9400797,-9.232041,0.51714754,0.0,0.0,0.0,0.0,0.0,0.0
2.9400797,-9.232041,0.51714754,0.0,0.0,0.0,0.0,0.0,0.0
2.9592333,-9.433155,0.36391866,0.0,0.0,0.0,0.0,0.0,0.0
2.9592333,-9.433155,0.36391866,0.0,0.0,0.0,0.0,0.0,0.0
3.064578,-9.576807,0.34476504,0.0,0.0,0.0,0.0,0.0,0.0
3.064578,-9.576807,0.34476504,0.0,0.0,0.0,0.0,0.0,0.0
2.9783869,-9.232041,0.545878,0.0,0.0,0.0,0.0,0.0,0.0
2.9783869,-9.232041,0.545878,0.0,0.0,0.0,0.0,0.0,0.0
2.8634653,-9.11712,0.47884035,0.0,0.0,0.0,0.0,0.0,0.0
2.8634653,-9.11712,0.47884035,0.0,0.0,0.0,0.0,0.0,0.0
2.9113493,-9.289502,0.21068975,0.0,0.0,0.0,0.0,0.0,0.0
2.9113493,-9.289502,0.21068975,0.0,0.0,0.0,0.0,0.0,0.0
3.0358477,-9.404425,0.095768064,0.0,0.0,0.0,0.0,0.0,0.0
3.0358477,-9.404425,0.095768064,0.0,0.0,0.0,0.0,0.0,0.0
3.122039,-9.414001,0.1436521,0.0,0.0,0.0,0.0,0.0,0.0
3.122039,-9.414001,0.1436521,0.0,0.0,0.0,0.0,0.0,0.0
3.016694,-9.346964,0.2777274,0.0,0.0,0.0,0.0,0.0,0.0
3.016694,-9.346964,0.2777274,0.0,0.0,0.0,0.0,0.0,0.0
2.882619,-9.394848,0.38307226,0.0,0.0,0.0,0.0,0.0,0.0
2.8443117,-9.423578,0.4405331,0.0,0.0,0.0,0.0,0.0,0.0
2.8443117,-9.423578,0.4405331,0.0,0.0,0.0,0.0,0.0,0.0
2.8443117,-9.423578,0.4405331,0.0,0.0,0.0,0.0,0.0,0.0
2.9400797,-9.423578,0.39264908,0.0,0.0,0.0,0.0,0.0,0.0
3.016694,-9.404425,0.36391866,0.0,0.0,0.0,0.0,0.0,0.0
3.016694,-9.404425,0.36391866,0.0,0.0,0.0,0.0,0.0,0.0
3.0071173,-9.452309,0.40222588,0.0,0.0,0.0,0.0,0.0,0.0
3.0071173,-9.452309,0.40222588,0.0,0.0,0.0,0.0,0.0,0.0
2.9113493,-9.423578,0.49799395,0.0,0.0,0.0,0.0,0.0,0.0
2.9113493,-9.423578,0.49799395,0.0,0.0,0.0,0.0,0.0,0.0
2.8634653,-9.337387,0.46926352,0.0,0.0,0.0,0.0,0.0,0.0
2.8634653,-9.337387,0.46926352,0.0,0.0,0.0,0.0,0.0,0.0
2.9783869,-9.308656,0.38307226,0.0,0.0,0.0,0.0,0.0,0.0
2.9783869,-9.308656,0.38307226,0.0,0.0,0.0,0.0,0.0,0.0
3.1986535,-9.423578,0.1340753,0.0,0.0,0.0,0.0,0.0,0.0
3.1986535,-9.423578,0.1340753,0.0,0.0,0.0,0.0,0.0,0.0
3.2752678,-9.500193,0.047884032,0.0,0.0,0.0,0.0,0.0,0.0
3.2752678,-9.500193,0.047884032,0.0,0.0,0.0,0.0,0.0,0.0
3.3327289,-9.385271,0.047884032,0.0,0.0,0.0,0.0,0.0,0.0
3.3327289,-9.385271,0.047884032,0.0,0.0,0.0,0.0,0.0,0.0
3.2465374,-9.193734,0.15322891,0.0,0.0,0.0,0.0,0.0,0.0
3.2465374,-9.193734,0.15322891,0.0,0.0,0.0,0.0,0.0,0.0
3.2561142,-9.165004,0.009576807,0.0,0.0,0.0,0.0,0.0,0.0
3.2561142,-9.165004,0.009576807,0.0,0.0,0.0,0.0,0.0,0.0
3.3518825,-9.203311,-0.076614454,0.0,0.0,0.0,0.0,0.0,0.0
3.3518825,-9.203311,-0.076614454,0.0,0.0,0.0,0.0,0.0,0.0
3.3806129,-9.212888,-0.05746084,0.0,0.0,0.0,0.0,0.0,0.0
3.3806129,-9.212888,-0.05746084,0.0,0.0,0.0,0.0,0.0,0.0
3.3997664,-9.193734,0.0,0.0,0.0,0.0,0.0,0.0,0.0
3.3997664,-9.193734,0.0,0.0,0.0,0.0,0.0,0.0,0.0
3.3997664,-9.193734,0.0,0.0,0.0,0.0,0.0,0.0,0.0
3.4476504,-9.251195,0.05746084,0.0,0.0,0.0,0.0,0.0,0.0
3.5051112,-9.32781,0.15322891,0.0,0.0,0.0,0.0,0.0,0.0
3.5051112,-9.32781,0.15322891,0.0,0.0,0.0,0.0,0.0,0.0
3.5625722,-9.452309,0.2777274,0.0,0.0,0.0,0.0,0.0,0.0
3.5625722,-9.452309,0.2777274,0.0,0.0,0.0,0.0,0.0,0.0
3.4476504,-9.107543,0.45968673,0.0,0.0,0.0,0.0,0.0,0.0
3.4476504,-9.107543,0.45968673,0.0,0.0,0.0,0.0,0.0,0.0
3.4093432,-9.088389,0.35434186,0.0,0.0,0.0,0.0,0.0,0.0
3.4093432,-9.088389,0.35434186,0.0,0.0,0.0,0.0,0.0,0.0
3.4955344,-9.32781,0.19153613,0.0,0.0,0.0,0.0,0.0,0.0
3.4955344,-9.32781,0.19153613,0.0,0.0,0.0,0.0,0.0,0.0
3.0933087,-9.346964,0.17238252,0.0,0.0,0.0,0.0,0.0,0.0
3.0933087,-9.346964,0.17238252,0.0,0.0,0.0,0.0,0.0,0.0
3.074155,-9.394848,0.047884032,0.0,0.0,0.0,0.0,0.0,0.0
3.074155,-9.394848,0.047884032,0.0,0.0,0.0,0.0,0.0,0.0
3.2465374,-9.3661175,0.095768064,0.0,0.0,0.0,0.0,0.0,0.0
3.2465374,-9.3661175,0.095768064,0.0,0.0,0.0,0.0,0.0,0.0
3.1316159,-9.11712,0.25857377,0.0,0.0,0.0,0.0,0.0,0.0
3.1316159,-9.11712,0.25857377,0.0,0.0,0.0,0.0,0.0,0.0
2.7389667,-8.973468,0.0,0.0,0.0,0.0,0.0,0.0,0.0
2.7389667,-8.973468,0.0,0.0,0.0,0.0,0.0,0.0,0.0
2.7964275,-9.433155,-0.2777274,0.0,0.0,0.0,0.0,0.0,0.0
2.7964275,-9.433155,-0.2777274,0.0,0.0,0.0,0.0,0.0,0.0
2.9113493,-9.701305,-0.32561144,0.0,0.0,0.0,0.0,0.0,0.0
2.9113493,-9.701305,-0.32561144,0.0,0.0,0.0,0.0,0.0,0.0
3.169923,-10.055647,0.18195933,0.0,0.0,0.0,0.0,0.0,0.0
3.169923,-10.055647,0.18195933,0.0,0.0,0.0,0.0,0.0,0.0
3.3039982,-10.697293,0.41180268,0.0,0.0,0.0,0.0,0.0,0.0
3.3039982,-10.697293,0.41180268,0.0,0.0,0.0,0.0,0.0,0.0
3.4955344,-11.492168,0.5363012,0.0,0.0,0.0,0.0,0.0,0.0
3.5529952,-11.21444,0.80445176,0.0,0.0,0.0,0.0,0.0,0.0
3.5529952,-11.21444,0.80445176,0.0,0.0,0.0,0.0,0.0,0.0
2.231396,-7.479486,0.90021986,0.0,0.0,0.0,0.0,0.0,0.0
2.231396,-7.479486,0.90021986,0.0,0.0,0.0,0.0,0.0,0.0
1.9919758,-7.5465236,0.4309563,0.0,0.0,0.0,0.0,0.0,0.0
1.9919758,-7.5465236,0.4309563,0.0,0.0,0.0,0.0,0.0,0.0
2.2505496,-8.791509,0.009576807,0.0,0.0,0.0,0.0,0.0,0.0
2.2505496,-8.791509,0.009576807,0.0,0.0,0.0,0.0,0.0,0.0
2.6431987,-9.816227,-0.009576807,0.0,0.0,0.0,0.0,0.0,0.0
2.6431987,-9.816227,-0.009576807,0.0,0.0,0.0,0.0,0.0,0.0
2.480393,-9.940725,-0.05746084,0.0,0.0,0.0,0.0,0.0,0.0
2.480393,-9.940725,-0.05746084,0.0,0.0,0.0,0.0,0.0,0.0
2.432509,-9.615114,0.22026655,0.0,0.0,0.0,0.0,0.0,0.0
2.432509,-9.615114,0.22026655,0.0,0.0,0.0,0.0,0.0,0.0
2.480393,-9.375694,0.4405331,0.0,0.0,0.0,0.0,0.0,0.0
2.480393,-9.375694,0.4405331,0.0,0.0,0.0,0.0,0.0,0.0
2.528277,-9.184157,0.62249243,0.0,0.0,0.0,0.0,0.0,0.0
2.528277,-9.184157,0.62249243,0.0,0.0,0.0,0.0,0.0,0.0
2.5570073,-9.14585,0.6799533,0.0,0.0,0.0,0.0,0.0,0.0
2.5570073,-9.14585,0.6799533,0.0,0.0,0.0,0.0,0.0,0.0
2.585738,-8.743625,0.6512229,0.0,0.0,0.0,0.0,0.0,0.0
2.585738,-8.743625,0.6512229,0.0,0.0,0.0,0.0,0.0,0.0
3.1411927,-10.0269165,0.21068975,0.0,0.0,0.0,0.0,0.0,0.0
3.1411927,-10.0269165,0.21068975,0.0,0.0,0.0,0.0,0.0,0.0
3.3039982,-9.864111,0.21068975,0.0,0.0,0.0,0.0,0.0,0.0
3.3039982,-9.864111,0.21068975,0.0,0.0,0.0,0.0,0.0,0.0
3.2369606,-9.634268,0.40222588,0.0,0.0,0.0,0.0,0.0,0.0
3.2369606,-9.634268,0.40222588,0.0,0.0,0.0,0.0,0.0,0.0
3.1124623,-9.442732,0.7469909,0.0,0.0,0.0,0.0,0.0,0.0
3.1124623,-9.442732,0.7469909,0.0,0.0,0.0,0.0,0.0,0.0
3.1124623,-9.289502,0.8810662,0.0,0.0,0.0,0.0,0.0,0.0
3.1124623,-9.289502,0.8810662,0.0,0.0,0.0,0.0,0.0,0.0
3.064578,-9.11712,0.6895301,0.0,0.0,0.0,0.0,0.0,0.0
3.064578,-9.11712,0.6895301,0.0,0.0,0.0,0.0,0.0,0.0
3.083732,-9.078813,0.49799395,0.0,0.0,0.0,0.0,0.0,0.0
3.083732,-9.078813,0.49799395,0.0,0.0,0.0,0.0,0.0,0.0
3.3135753,-9.509769,0.06703765,0.0,0.0,0.0,0.0,0.0,0.0
3.3135753,-9.509769,0.06703765,0.0,0.0,0.0,0.0,0.0,0.0
3.323152,-9.346964,0.02873042,0.0,0.0,0.0,0.0,0.0,0.0
3.323152,-9.346964,0.02873042,0.0,0.0,0.0,0.0,0.0,0.0
3.2944214,-9.136273,0.12449849,0.0,0.0,0.0,0.0,0.0,0.0
3.2944214,-9.136273,0.12449849,0.0,0.0,0.0,0.0,0.0,0.0
3.265691,-9.232041,0.24899697,0.0,0.0,0.0,0.0,0.0,0.0
3.265691,-9.232041,0.24899697,0.0,0.0,0.0,0.0,0.0,0.0
3.1411927,-9.346964,0.5650316,0.0,0.0,0.0,0.0,0.0,0.0
3.1411927,-9.346964,0.5650316,0.0,0.0,0.0,0.0,0.0,0.0
3.064578,-9.385271,0.6512229,0.0,0.0,0.0,0.0,0.0,0.0
3.064578,-9.385271,0.6512229,0.0,0.0,0.0,0.0,0.0,0.0
3.074155,-9.356541,0.5650316,0.0,0.0,0.0,0.0,0.0,0.0
3.074155,-9.356541,0.5650316,0.0,0.0,0.0,0.0,0.0,0.0
3.0358477,-9.414001,0.20111294,0.0,0.0,0.0,0.0,0.0,0.0
3.0358477,-9.414001,0.20111294,0.0,0.0,0.0,0.0,0.0,0.0
3.0358477,-9.404425,0.16280572,0.0,0.0,0.0,0.0,0.0,0.0
3.0358477,-9.404425,0.16280572,0.0,0.0,0.0,0.0,0.0,0.0
3.016694,-9.3661175,0.24899697,0.0,0.0,0.0,0.0,0.0,0.0
3.0071173,-9.375694,0.34476504,0.0,0.0,0.0,0.0,0.0,0.0
3.0071173,-9.375694,0.34476504,0.0,0.0,0.0,0.0,0.0,0.0
3.0262709,-9.3661175,0.47884035,0.0,0.0,0.0,0.0,0.0,0.0
3.0262709,-9.3661175,0.47884035,0.0,0.0,0.0,0.0,0.0,0.0
3.0071173,-9.375694,0.48841715,0.0,0.0,0.0,0.0,0.0,0.0
2.9783869,-9.414001,0.4405331,0.0,0.0,0.0,0.0,0.0,0.0
2.9783869,-9.414001,0.4405331,0.0,0.0,0.0,0.0,0.0,0.0
2.930503,-9.433155,0.12449849,0.0,0.0,0.0,0.0,0.0,0.0
2.930503,-9.433155,0.12449849,0.0,0.0,0.0,0.0,0.0,0.0
2.9496565,-9.385271,0.05746084,0.0,0.0,0.0,0.0,0.0,0.0
2.9496565,-9.385271,0.05746084,0.0,0.0,0.0,0.0,0.0,0.0
2.9879637,-9.356541,0.076614454,0.0,0.0,0.0,0.0,0.0,0.0
2.9879637,-9.356541,0.076614454,0.0,0.0,0.0,0.0,0.0,0.0
3.0262709,-9.3661175,0.2873042,0.0,0.0,0.0,0.0,0.0,0.0
3.0262709,-9.3661175,0.2873042,0.0,0.0,0.0,0.0,0.0,0.0
3.0358477,-9.385271,0.076614454,0.0,0.0,0.0,0.0,0.0,0.0
3.0358477,-9.385271,0.076614454,0.0,0.0,0.0,0.0,0.0,0.0
3.0358477,-9.385271,0.076614454,0.0,0.0,0.0,0.0,0.0,0.0
3.074155,-9.375694,-0.02873042,0.0,0.0,0.0,0.0,0.0,0.0
3.074155,-9.375694,-0.02873042,0.0,0.0,0.0,0.0,0.0,0.0
3.083732,-9.3661175,0.0,0.0,0.0,0.0,0.0,0.0,0.0
3.083732,-9.3661175,0.0,0.0,0.0,0.0,0.0,0.0,0.0
3.0550013,-9.375694,0.047884032,0.0,0.0,0.0,0.0,0.0,0.0
3.0550013,-9.375694,0.047884032,0.0,0.0,0.0,0.0,0.0,0.0
3.016694,-9.3661175,0.05746084,0.0,0.0,0.0,0.0,0.0,0.0
3.016694,-9.3661175,0.05746084,0.0,0.0,0.0,0.0,0.0,0.0
3.0262709,-9.394848,0.047884032,0.0,0.0,0.0,0.0,0.0,0.0
3.0262709,-9.394848,0.047884032,0.0,0.0,0.0,0.0,0.0,0.0
3.0454245,-9.3661175,0.019153614,0.0,0.0,0.0,0.0,0.0,0.0
3.0454245,-9.3661175,0.019153614,0.0,0.0,0.0,0.0,0.0,0.0
3.0358477,-9.385271,0.02873042,0.0,0.0,0.0,0.0,0.0,0.0
3.0358477,-9.385271,0.02873042,0.0,0.0,0.0,0.0,0.0,0.0
3.0550013,-9.385271,0.10534488,0.0,0.0,0.0,0.0,0.0,0.0
3.0550013,-9.385271,0.10534488,0.0,0.0,0.0,0.0,0.0,0.0
3.016694,-9.375694,0.11492168,0.0,0.0,0.0,0.0,0.0,0.0
3.016694,-9.375694,0.11492168,0.0,0.0,0.0,0.0,0.0,0.0
2.9975405,-9.385271,0.10534488,0.0,0.0,0.0,0.0,0.0,0.0
2.9975405,-9.385271,0.10534488,0.0,0.0,0.0,0.0,0.0,0.0
2.9975405,-9.3661175,0.2681506,0.0,0.0,0.0,0.0,0.0,0.0
2.9975405,-9.3661175,0.2681506,0.0,0.0,0.0,0.0,0.0,0.0
3.0550013,-9.375694,0.34476504,0.0,0.0,0.0,0.0,0.0,0.0
3.0550013,-9.375694,0.34476504,0.0,0.0,0.0,0.0,0.0,0.0
3.0550013,-9.375694,0.35434186,0.0,0.0,0.0,0.0,0.0,0.0
3.0550013,-9.375694,0.35434186,0.0,0.0,0.0,0.0,0.0,0.0
3.064578,-9.3661175,0.20111294,0.0,0.0,0.0,0.0,0.0,0.0
3.064578,-9.3661175,0.20111294,0.0,0.0,0.0,0.0,0.0,0.0
3.064578,-9.3661175,0.20111294,0.0,0.0,0.0,0.0,0.0,0.0
3.016694,-9.385271,0.1436521,0.0,0.0,0.0,0.0,0.0,0.0
3.016694,-9.385271,0.1436521,0.0,0.0,0.0,0.0,0.0,0.0
3.0262709,-9.3661175,0.12449849,0.0,0.0,0.0,0.0,0.0,0.0
3.0262709,-9.3661175,0.12449849,0.0,0.0,0.0,0.0,0.0,0.0
3.0550013,-9.3661175,0.095768064,0.0,0.0,0.0,0.0,0.0,0.0
3.0454245,-9.375694,0.08619126,0.0,0.0,0.0,0.0,0.0,0.0
3.0454245,-9.375694,0.08619126,0.0,0.0,0.0,0.0,0.0,0.0
3.0454245,-9.375694,0.08619126,0.0,0.0,0.0,0.0,0.0,0.0
3.0454245,-9.375694,0.17238252,0.0,0.0,0.0,0.0,0.0,0.0
3.016694,-9.385271,0.4213795,0.0,0.0,0.0,0.0,0.0,0.0
3.016694,-9.385271,0.4213795,0.0,0.0,0.0,0.0,0.0,0.0
3.016694,-9.385271,0.4213795,0.0,0.0,0.0,0.0,0.0,0.0
3.016694,-9.385271,0.4213795,0.0,0.0,0.0,0.0,0.0,0.0
3.0071173,-9.3661175,0.4213795,0.0,0.0,0.0,0.0,0.0,0.0
3.0071173,-9.3661175,0.4213795,0.0,0.0,0.0,0.0,0.0,0.0
3.0262709,-9.385271,0.4309563,0.0,0.0,0.0,0.0,0.0,0.0
3.0262709,-9.385271,0.4309563,0.0,0.0,0.0,0.0,0.0,0.0
3.0262709,-9.375694,0.46926352,0.0,0.0,0.0,0.0,0.0,0.0
3.0262709,-9.375694,0.46926352,0.0,0.0,0.0,0.0,0.0,0.0
3.0262709,-9.385271,0.45968673,0.0,0.0,0.0,0.0,0.0,0.0
3.0262709,-9.385271,0.45968673,0.0,0.0,0.0,0.0,0.0,0.0
3.0262709,-9.375694,0.47884035,0.0,0.0,0.0,0.0,0.0,0.0
3.0262709,-9.375694,0.47884035,0.0,0.0,0.0,0.0,0.0,0.0
2.9975405,-9.3661175,0.50757074,0.0,0.0,0.0,0.0,0.0,0.0
2.9975405,-9.3661175,0.50757074,0.0,0.0,0.0,0.0,0.0,0.0
2.9975405,-9.394848,0.45968673,0.0,0.0,0.0,0.0,0.0,0.0
2.9975405,-9.394848,0.45968673,0.0,0.0,0.0,0.0,0.0,0.0
2.9975405,-9.385271,0.45968673,0.0,0.0,0.0,0.0,0.0,0.0
2.9975405,-9.385271,0.45968673,0.0,0.0,0.0,0.0,0.0,0.0
2.9975405,-9.385271,0.4405331,0.0,0.0,0.0,0.0,0.0,0.0
2.9975405,-9.385271,0.4405331,0.0,0.0,0.0,0.0,0.0,0.0
2.9879637,-9.385271,0.48841715,0.0,0.0,0.0,0.0,0.0,0.0
2.9879637,-9.385271,0.48841715,0.0,0.0,0.0,0.0,0.0,0.0
2.9879637,-9.394848,0.48841715,0.0,0.0,0.0,0.0,0.0,0.0
2.9879637,-9.394848,0.48841715,0.0,0.0,0.0,0.0,0.0,0.0
2.9783869,-9.385271,0.48841715,0.0,0.0,0.0,0.0,0.0,0.0
2.9783869,-9.385271,0.48841715,0.0,0.0,0.0,0.0,0.0,0.0
2.96881,-9.385271,0.49799395,0.0,0.0,0.0,0.0,0.0,0.0
2.96881,-9.385271,0.49799395,0.0,0.0,0.0,0.0,0.0,0.0
2.9592333,-9.394848,0.46926352,0.0,0.0,0.0,0.0,0.0,0.0
2.9592333,-9.394848,0.46926352,0.0,0.0,0.0,0.0,0.0,0.0
2.9975405,-9.3661175,0.4405331,0.0,0.0,0.0,0.0,0.0,0.0
2.9975405,-9.3661175,0.4405331,0.0,0.0,0.0,0.0,0.0,0.0
2.96881,-9.404425,0.45968673,0.0,0.0,0.0,0.0,0.0,0.0
2.96881,-9.404425,0.45968673,0.0,0.0,0.0,0.0,0.0,0.0
2.9975405,-9.385271,0.49799395,0.0,0.0,0.0,0.0,0.0,0.0
2.9975405,-9.385271,0.49799395,0.0,0.0,0.0,0.0,0.0,0.0
2.9879637,-9.404425,0.45968673,0.0,0.0,0.0,0.0,0.0,0.0
2.9879637,-9.404425,0.45968673,0.0,0.0,0.0,0.0,0.0,0.0
2.9879637,-9.385271,0.4405331,0.0,0.0,0.0,0.0,0.0,0.0
2.9879637,-9.385271,0.4405331,0.0,0.0,0.0,0.0,0.0,0.0
2.9783869,-9.385271,0.4405331,0.0,0.0,0.0,0.0,0.0,0.0
2.9783869,-9.385271,0.4405331,0.0,0.0,0.0,0.0,0.0,0.0
2.96881,-9.394848,0.45010993,0.0,0.0,0.0,0.0,0.0,0.0
2.96881,-9.394848,0.45010993,0.0,0.0,0.0,0.0,0.0,0.0
2.9783869,-9.394848,0.4405331,0.0,0.0,0.0,0.0,0.0,0.0
2.9783869,-9.394848,0.4405331,0.0,0.0,0.0,0.0,0.0,0.0
2.9783869,-9.394848,0.45968673,0.0,0.0,0.0,0.0,0.0,0.0
2.9783869,-9.394848,0.45968673,0.0,0.0,0.0,0.0,0.0,0.0
2.9879637,-9.394848,0.46926352,0.0,0.0,0.0,0.0,0.0,0.0
2.9879637,-9.394848,0.46926352,0.0,0.0,0.0,0.0,0.0,0.0
2.96881,-9.385271,0.45968673,0.0,0.0,0.0,0.0,0.0,0.0
2.96881,-9.385271,0.45968673,0.0,0.0,0.0,0.0,0.0,0.0
2.9783869,-9.404425,0.45968673,0.0,0.0,0.0,0.0,0.0,0.0
2.9783869,-9.404425,0.45968673,0.0,0.0,0.0,0.0,0.0,0.0
2.9783869,-9.385271,0.45968673,0.0,0.0,0.0,0.0,0.0,0.0
2.9783869,-9.385271,0.45968673,0.0,0.0,0.0,0.0,0.0,0.0
2.96881,-9.404425,0.45010993,0.0,0.0,0.0,0.0,0.0,0.0
2.96881,-9.404425,0.45010993,0.0,0.0,0.0,0.0,0.0,0.0
2.9879637,-9.385271,0.4405331,0.0,0.0,0.0,0.0,0.0,0.0
2.9879637,-9.385271,0.4405331,0.0,0.0,0.0,0.0,0.0,0.0
2.96881,-9.404425,0.4213795,0.0,0.0,0.0,0.0,0.0,0.0
2.96881,-9.404425,0.4213795,0.0,0.0,0.0,0.0,0.0,0.0
2.9783869,-9.385271,0.4405331,0.0,0.0,0.0,0.0,0.0,0.0
2.9783869,-9.385271,0.4405331,0.0,0.0,0.0,0.0,0.0,0.0
2.9879637,-9.394848,0.4309563,0.0,0.0,0.0,0.0,0.0,0.0
2.9879637,-9.394848,0.4309563,0.0,0.0,0.0,0.0,0.0,0.0
2.9879637,-9.394848,0.40222588,0.0,0.0,0.0,0.0,0.0,0.0
2.9879637,-9.394848,0.40222588,0.0,0.0,0.0,0.0,0.0,0.0
2.96881,-9.394848,0.4405331,0.0,0.0,0.0,0.0,0.0,0.0
2.9783869,-9.385271,0.4309563,0.0,0.0,0.0,0.0,0.0,0.0
2.9783869,-9.385271,0.4309563,0.0,0.0,0.0,0.0,0.0,0.0
2.9783869,-9.385271,0.4309563,0.0,0.0,0.0,0.0,0.0,0.0
2.9783869,-9.414001,0.45010993,0.0,0.0,0.0,0.0,0.0,0.0
2.9879637,-9.385271,0.4309563,0.0,0.0,0.0,0.0,0.0,0.0
2.9879637,-9.385271,0.4309563,0.0,0.0,0.0,0.0,0.0,0.0
2.9879637,-9.404425,0.45010993,0.0,0.0,0.0,0.0,0.0,0.0
2.9879637,-9.404425,0.45010993,0.0,0.0,0.0,0.0,0.0,0.0
2.9879637,-9.3661175,0.40222588,0.0,0.0,0.0,0.0,0.0,0.0
2.9879637,-9.3661175,0.40222588,0.0,0.0,0.0,0.0,0.0,0.0
2.96881,-9.394848,0.41180268,0.0,0.0,0.0,0.0,0.0,0.0
2.96881,-9.394848,0.41180268,0.0,0.0,0.0,0.0,0.0,0.0
2.9783869,-9.375694,0.45010993,0.0,0.0,0.0,0.0,0.0,0.0
2.9783869,-9.375694,0.45010993,0.0,0.0,0.0,0.0,0.0,0.0
2.9975405,-9.404425,0.41180268,0.0,0.0,0.0,0.0,0.0,0.0
2.9975405,-9.404425,0.41180268,0.0,0.0,0.0,0.0,0.0,0.0
2.9879637,-9.394848,0.41180268,0.0,0.0,0.0,0.0,0.0,0.0
2.9879637,-9.394848,0.41180268,0.0,0.0,0.0,0.0,0.0,0.0
2.9879637,-9.385271,0.4213795,0.0,0.0,0.0,0.0,0.0,0.0
2.9879637,-9.385271,0.4213795,0.0,0.0,0.0,0.0,0.0,0.0
2.9783869,-9.394848,0.4309563,0.0,0.0,0.0,0.0,0.0,0.0
2.9783869,-9.394848,0.4309563,0.0,0.0,0.0,0.0,0.0,0.0
2.9879637,-9.394848,0.4213795,0.0,0.0,0.0,0.0,0.0,0.0
2.9879637,-9.394848,0.4213795,0.0,0.0,0.0,0.0,0.0,0.0
2.9975405,-9.394848,0.4213795,0.0,0.0,0.0,0.0,0.0,0.0
2.9975405,-9.394848,0.4213795,0.0,0.0,0.0,0.0,0.0,0.0
2.9783869,-9.394848,0.40222588,0.0,0.0,0.0,0.0,0.0,0.0
2.9783869,-9.394848,0.40222588,0.0,0.0,0.0,0.0,0.0,0.0
2.9879637,-9.394848,0.40222588,0.0,0.0,0.0,0.0,0.0,0.0
2.9879637,-9.394848,0.40222588,0.0,0.0,0.0,0.0,0.0,0.0
2.9975405,-9.375694,0.4213795,0.0,0.0,0.0,0.0,0.0,0.0
2.9975405,-9.375694,0.4213795,0.0,0.0,0.0,0.0,0.0,0.0
2.9783869,-9.394848,0.40222588,0.0,0.0,0.0,0.0,0.0,0.0
2.9783869,-9.394848,0.40222588,0.0,0.0,0.0,0.0,0.0,0.0
2.9783869,-9.385271,0.39264908,0.0,0.0,0.0,0.0,0.0,0.0
2.9783869,-9.385271,0.39264908,0.0,0.0,0.0,0.0,0.0,0.0
2.9783869,-9.385271,0.40222588,0.0,0.0,0.0,0.0,0.0,0.0
2.9783869,-9.385271,0.40222588,0.0,0.0,0.0,0.0,0.0,0.0
2.9783869,-9.385271,0.40222588,0.0,0.0,0.0,0.0,0.0,0.0
2.9783869,-9.385271,0.40222588,0.0,0.0,0.0,0.0,0.0,0.0
2.9879637,-9.394848,0.4213795,0.0,0.0,0.0,0.0,0.0,0.0
2.9879637,-9.394848,0.4213795,0.0,0.0,0.0,0.0,0.0,0.0
2.9879637,-9.385271,0.40222588,0.0,0.0,0.0,0.0,0.0,0.0
2.9879637,-9.385271,0.40222588,0.0,0.0,0.0,0.0,0.0,0.0
2.9879637,-9.394848,0.40222588,0.0,0.0,0.0,0.0,0.0,0.0
2.9879637,-9.394848,0.40222588,0.0,0.0,0.0,0.0,0.0,0.0
2.9879637,-9.394848,0.41180268,0.0,0.0,0.0,0.0,0.0,0.0
2.9879637,-9.394848,0.41180268,0.0,0.0,0.0,0.0,0.0,0.0
2.9783869,-9.375694,0.40222588,0.0,0.0,0.0,0.0,0.0,0.0
2.9783869,-9.375694,0.40222588,0.0,0.0,0.0,0.0,0.0,0.0
2.9783869,-9.394848,0.40222588,0.0,0.0,0.0,0.0,0.0,0.0
2.9783869,-9.394848,0.40222588,0.0,0.0,0.0,0.0,0.0,0.0
2.96881,-9.385271,0.39264908,0.0,0.0,0.0,0.0,0.0,0.0
2.9879637,-9.394848,0.40222588,0.0,0.0,0.0,0.0,0.0,0.0
2.9879637,-9.394848,0.40222588,0.0,0.0,0.0,0.0,0.0,0.0
2.9879637,-9.394848,0.41180268,0.0,0.0,0.0,0.0,0.0,0.0
2.9879637,-9.394848,0.41180268,0.0,0.0,0.0,0.0,0.0,0.0
3.0071173,-9.385271,0.40222588,0.0,0.0,0.0,0.0,0.0,0.0
3.0071173,-9.385271,0.40222588,0.0,0.0,0.0,0.0,0.0,0.0
2.9879637,-9.394848,0.4213795,0.0,0.0,0.0,0.0,0.0,0.0
2.9879637,-9.394848,0.4213795,0.0,0.0,0.0,0.0,0.0,0.0
2.9879637,-9.375694,0.40222588,0.0,0.0,0.0,0.0,0.0,0.0
2.9879637,-9.375694,0.40222588,0.0,0.0,0.0,0.0,0.0,0.0
